          atime         tdf_uu         tdf_vv         tdf_ww         pm1avg           tavg
  2.0139100E+02 -1.4931855E-04  8.7047963E-07 -4.4161351E-06  2.0670824E-03  0.0000000E+00
  2.0139100E+02 -1.1725279E-04  7.0261966E-07 -3.9535382E-06  2.0670472E-03  0.0000000E+00
  2.0139100E+02 -4.0823502E-05  2.8122409E-07 -2.5752789E-06  2.0669440E-03  0.0000000E+00
  2.0139100E+02  3.9130332E-05 -1.7812099E-07 -8.2045504E-07  2.0667770E-03  0.0000000E+00
  2.0139100E+02  1.0780848E-04 -4.1480395E-07 -9.1789885E-07  2.0665406E-03  0.0000000E+00
  2.0139100E+02  2.2974733E-04 -2.5321629E-07 -7.6938392E-06  2.0661908E-03  0.0000000E+00
  2.0139100E+02  5.7792648E-04  2.5935914E-07 -2.8329985E-05  2.0655932E-03  0.0000000E+00
  2.0139100E+02  1.4107330E-03  7.6291378E-07 -7.0696184E-05  2.0644483E-03  0.0000000E+00
  2.0139100E+02  2.9828902E-03  6.2110489E-07 -1.4096322E-04  2.0622097E-03  0.0000000E+00
  2.0139100E+02  5.4015429E-03 -8.3423803E-07 -2.4189128E-04  2.0580195E-03  0.0000000E+00
  2.0139100E+02  8.4697317E-03 -3.7921765E-06 -3.7292119E-04  2.0506942E-03  0.0000000E+00
  2.0139100E+02  1.1592569E-02 -7.2011448E-06 -5.3165207E-04  2.0387831E-03  0.0000000E+00
  2.0139100E+02  1.3838926E-02 -7.9070382E-06 -7.1389761E-04  2.0206817E-03  0.0000000E+00
  2.0139100E+02  1.4219296E-02  2.3875297E-08 -9.0849096E-04  1.9947349E-03  0.0000000E+00
  2.0139100E+02  1.2153914E-02  2.5307302E-05 -1.0878612E-03  1.9594330E-03  0.0000000E+00
  2.0139100E+02  7.8944483E-03  7.8499505E-05 -1.2221810E-03  1.9133342E-03  0.0000000E+00
  2.0139100E+02  2.2869516E-03  1.6969569E-04 -1.3946196E-03  1.8556722E-03  0.0000000E+00
  2.0139100E+02 -4.6624676E-03  2.7663058E-04 -1.3529031E-03  1.7853033E-03  0.0000000E+00
  2.0139100E+02 -1.0426484E-02  4.1402615E-04 -1.2734684E-03  1.7028636E-03  0.0000000E+00
  2.0139100E+02 -1.4812035E-02  5.4646742E-04 -1.1413220E-03  1.6085659E-03  0.0000000E+00
  2.0139100E+02 -1.7728778E-02  6.4145589E-04 -9.5968674E-04  1.5030213E-03  0.0000000E+00
  2.0139100E+02 -1.9211874E-02  6.7323945E-04 -7.4762666E-04  1.3869483E-03  0.0000000E+00
  2.0139100E+02 -1.9406170E-02  6.2552616E-04 -5.3521635E-04  1.2615491E-03  0.0000000E+00
  2.0139100E+02 -1.8549337E-02  4.9345974E-04 -3.5445768E-04  1.1280569E-03  0.0000000E+00
  2.0139100E+02 -1.6933488E-02  2.8404225E-04 -2.3025694E-04  9.8811002E-04  0.0000000E+00
  2.0139100E+02 -1.4862504E-02  1.4672993E-05 -1.7110167E-04  8.4348597E-04  0.0000000E+00
  2.0139100E+02 -1.2608770E-02 -2.9001207E-04 -1.6369201E-04  6.9611931E-04  0.0000000E+00
  2.0139100E+02 -1.0379795E-02 -6.0276729E-04 -1.7379969E-04  5.4808123E-04  0.0000000E+00
  2.0139100E+02 -8.2980489E-03 -8.9997760E-04 -1.5635912E-04  4.0122239E-04  0.0000000E+00
  2.0139100E+02 -6.4160785E-03 -1.1662906E-03 -7.6570885E-05  2.5739823E-04  0.0000000E+00
  2.0139100E+02 -4.7513256E-03 -1.3982654E-03  5.8505180E-05  1.1792286E-04  0.0000000E+00
  2.0139100E+02 -3.3594368E-03 -1.6005795E-03  1.6161855E-04 -1.6139191E-05  0.0000000E+00
  2.0139100E+02 -2.4154497E-03 -1.7720294E-03  3.0099511E-05 -1.4369802E-04  0.0000000E+00
  2.0139100E+02 -1.1659143E-03 -1.8288525E-03  1.7513467E-04 -2.6353396E-04  0.0000000E+00
  2.0139100E+02 -2.1951285E-04 -1.8391147E-03  2.4712828E-04 -3.7499437E-04  0.0000000E+00
  2.0139100E+02  4.8523652E-04 -1.7781589E-03  2.8928042E-04 -4.7748410E-04  0.0000000E+00
  2.0139100E+02  1.0201548E-03 -1.6477753E-03  3.2340105E-04 -5.7094264E-04  0.0000000E+00
  2.0139100E+02  1.4500017E-03 -1.4685349E-03  3.5545754E-04 -6.5587257E-04  0.0000000E+00
  2.0139100E+02  1.8163784E-03 -1.2722112E-03  3.8164950E-04 -7.3276917E-04  0.0000000E+00
  2.0139100E+02  2.1330799E-03 -1.0920443E-03  3.9487424E-04 -8.0247625E-04  0.0000000E+00
  2.0139100E+02  2.3865205E-03 -9.5487337E-04  3.9008434E-04 -8.6593522E-04  0.0000000E+00
  2.0139100E+02  2.5444809E-03 -8.7573915E-04  3.6812409E-04 -9.2375734E-04  0.0000000E+00
  2.0139100E+02  2.5756176E-03 -8.5328517E-04  3.3722289E-04 -9.7653623E-04  0.0000000E+00
  2.0139100E+02  2.4702125E-03 -8.7006503E-04  3.1127428E-04 -1.0247785E-03  0.0000000E+00
  2.0139100E+02  2.2594594E-03 -8.9635150E-04  3.0483141E-04 -1.0686125E-03  0.0000000E+00
  2.0139100E+02  2.0178162E-03 -8.9874521E-04  3.2402245E-04 -1.1082695E-03  0.0000000E+00
  2.0139100E+02  1.8347015E-03 -8.5245463E-04  3.5475911E-04 -1.1437621E-03  0.0000000E+00
  2.0139100E+02  1.7302773E-03 -7.5736574E-04  3.4817662E-04 -1.1745659E-03  0.0000000E+00
  2.0139100E+02  1.4794125E-03 -6.5471534E-04  2.0685655E-04 -1.1994619E-03  0.0000000E+00
  2.0139100E+02  1.3661851E-03 -4.4741103E-04  3.2419413E-04 -1.2190715E-03  0.0000000E+00
  2.0139100E+02  1.3023169E-03 -2.6963411E-04  3.1715251E-04 -1.2328724E-03  0.0000000E+00
  2.0139100E+02  1.2433063E-03 -1.3866028E-04  2.5293344E-04 -1.2416259E-03  0.0000000E+00
  2.0139100E+02  1.1795594E-03 -5.5484500E-05  1.7083628E-04 -1.2463744E-03  0.0000000E+00
  2.0139100E+02  1.1170431E-03 -1.2765305E-05  8.9076808E-05 -1.2481172E-03  0.0000000E+00
  2.0139100E+02  1.0626188E-03  6.9749440E-07  1.1182546E-05 -1.2476920E-03  0.0000000E+00
  2.0139100E+02  1.0165994E-03 -4.0780527E-06 -6.6640088E-05 -1.2456581E-03  0.0000000E+00
  2.0139100E+02  9.7079702E-04 -1.8368411E-05 -1.5018256E-04 -1.2422396E-03  0.0000000E+00
  2.0139100E+02  9.1317891E-04 -3.6458969E-05 -2.4169969E-04 -1.2373386E-03  0.0000000E+00
  2.0139100E+02  8.3637196E-04 -5.4625433E-05 -3.3592705E-04 -1.2306721E-03  0.0000000E+00
  2.0139100E+02  7.4554885E-04 -6.9865229E-05 -4.2067182E-04 -1.2218487E-03  0.0000000E+00
  2.0139100E+02  6.6194657E-04 -7.8485051E-05 -4.7955717E-04 -1.2104634E-03  0.0000000E+00
  2.0139100E+02  6.1665191E-04 -7.6101992E-05 -4.9823888E-04 -1.1964066E-03  0.0000000E+00
  2.0139100E+02  6.2033184E-04 -6.1374597E-05 -4.7844839E-04 -1.1796132E-03  0.0000000E+00
  2.0139100E+02  6.0370562E-04 -4.5180554E-05 -4.5615927E-04 -1.1600705E-03  0.0000000E+00
  2.0139100E+02  3.1013813E-04 -6.9084901E-05 -5.2887367E-04 -1.1376681E-03  0.0000000E+00
  2.0139100E+02  4.0598415E-04 -6.1556428E-05 -3.5231862E-04 -1.1142833E-03  0.0000000E+00
  2.0139100E+02  3.9805904E-04  7.5504503E-06 -3.1307812E-04 -1.0878968E-03  0.0000000E+00
  2.0139100E+02  3.4975359E-04  7.4633473E-05 -2.9646543E-04 -1.0592280E-03  0.0000000E+00
  2.0139100E+02  3.0072964E-04  1.1245282E-04 -2.4877207E-04 -1.0290425E-03  0.0000000E+00
  2.0139100E+02  2.6891743E-04  1.1605756E-04 -1.5940924E-04 -9.9802162E-04  0.0000000E+00
  2.0139100E+02  2.5541413E-04  9.1821590E-05 -4.3460457E-05 -9.6661729E-04  0.0000000E+00
  2.0139100E+02  2.5070667E-04  5.0174573E-05  7.2114363E-05 -9.3535843E-04  0.0000000E+00
  2.0139100E+02  2.4128682E-04  3.5293056E-07  1.6337510E-04 -9.0418818E-04  0.0000000E+00
  2.0139100E+02  2.1634446E-04 -5.0552460E-05  2.1560674E-04 -8.7318836E-04  0.0000000E+00
  2.0139100E+02  1.7292641E-04 -9.7480407E-05  2.2915353E-04 -8.4231637E-04  0.0000000E+00
  2.0139100E+02  1.1861006E-04 -1.3552034E-04  2.1870105E-04 -8.1161964E-04  0.0000000E+00
  2.0139100E+02  6.9344152E-05 -1.5848536E-04  2.0685254E-04 -7.8117906E-04  0.0000000E+00
  2.0139100E+02  4.1175082E-05 -1.5893415E-04  2.1123323E-04 -7.5114503E-04  0.0000000E+00
  2.0139100E+02  3.3676868E-05 -1.3214295E-04  2.2483645E-04 -7.2182122E-04  0.0000000E+00
  2.0139100E+02  1.6447213E-06 -8.7197727E-05  1.8855612E-04 -6.9355483E-04  0.0000000E+00
  2.0139100E+02 -1.8728502E-04 -6.6880465E-05 -4.4177194E-05 -6.6607807E-04  0.0000000E+00
  2.0139100E+02 -5.3100022E-05 -5.0156650E-05  6.3136037E-05 -6.3928981E-04  0.0000000E+00
  2.0139100E+02 -5.4526443E-05 -2.7541691E-05  9.3183498E-05 -6.1190508E-04  0.0000000E+00
  2.0139100E+02 -1.0226823E-04 -8.4482053E-06  8.3824484E-05 -5.8382417E-04  0.0000000E+00
  2.0139100E+02 -1.5309562E-04  3.0939683E-06  6.4173963E-05 -5.5447743E-04  0.0000000E+00
  2.0139100E+02 -1.9253763E-04  6.8544016E-06  5.1364603E-05 -5.2340524E-04  0.0000000E+00
  2.0139100E+02 -2.2179889E-04  5.1096794E-06  5.0282405E-05 -4.9018918E-04  0.0000000E+00
  2.0139100E+02 -2.4705877E-04  1.2396635E-06  5.6363138E-05 -4.5480433E-04  0.0000000E+00
  2.0139100E+02 -2.7268954E-04 -1.3600582E-06  6.0022686E-05 -4.1764976E-04  0.0000000E+00
  2.0139100E+02 -2.9789513E-04 -1.8513066E-07  5.2060678E-05 -3.7926148E-04  0.0000000E+00
  2.0139100E+02 -3.1618455E-04  5.8306140E-06  2.8599921E-05 -3.4037018E-04  0.0000000E+00
  2.0139100E+02 -3.1779764E-04  1.6051167E-05 -5.5241204E-06 -3.0180660E-04  0.0000000E+00
  2.0139100E+02 -2.9441859E-04  2.8488974E-05 -3.7456180E-05 -2.6392697E-04  0.0000000E+00
  2.0139100E+02 -2.4512537E-04  4.0474081E-05 -5.1672064E-05 -2.2697120E-04  0.0000000E+00
  2.0139100E+02 -1.8373816E-04  4.9989714E-05 -4.3465072E-05 -1.9111352E-04  0.0000000E+00
  2.0139100E+02 -1.4483554E-04  5.7820517E-05 -4.2330095E-05 -1.5635674E-04  0.0000000E+00
  2.0139100E+02 -1.8952432E-04  7.0156744E-05 -1.4758297E-04 -1.2361770E-04  0.0000000E+00
  2.0139100E+02 -8.3343961E-05  6.4680349E-05 -3.8520651E-05 -9.1174455E-05  0.0000000E+00
  2.0139100E+02 -5.1081440E-05  8.7415476E-05 -1.2839586E-06 -6.0246216E-05  0.0000000E+00
  2.0139100E+02 -3.6660270E-05  1.1082334E-04  4.6348815E-06 -2.9942916E-05  0.0000000E+00
  2.0139100E+02 -1.8930800E-05  1.2390596E-04  3.4600141E-06  2.7205645E-07  0.0000000E+00
  2.0139100E+02  4.4050315E-06  1.2596164E-04  6.4431258E-06  3.0918163E-05  0.0000000E+00
  2.0139100E+02  2.7993896E-05  1.2142680E-04  1.5569207E-05  6.2163003E-05  0.0000000E+00
  2.0139100E+02  4.6553602E-05  1.1612600E-04  2.7449053E-05  9.4346530E-05  0.0000000E+00
  2.0139100E+02  5.8415795E-05  1.1465964E-04  3.6985083E-05  1.2785273E-04  0.0000000E+00
  2.0139100E+02  6.6154682E-05  1.1904657E-04  4.0289036E-05  1.6275151E-04  0.0000000E+00
  2.0139100E+02  7.5302476E-05  1.2833397E-04  3.6956039E-05  1.9927159E-04  0.0000000E+00
  2.0139100E+02  9.1401186E-05  1.3923855E-04  3.0689348E-05  2.3746836E-04  0.0000000E+00
  2.0139100E+02  1.1693135E-04  1.4753869E-04  2.8258859E-05  2.7728598E-04  0.0000000E+00
  2.0139100E+02  1.4873201E-04  1.5002588E-04  3.6198119E-05  3.1822260E-04  0.0000000E+00
  2.0139100E+02  1.7784020E-04  1.4702234E-04  5.4703300E-05  3.5967479E-04  0.0000000E+00
  2.0139100E+02  1.9216957E-04  1.4494225E-04  6.8346072E-05  4.0056261E-04  0.0000000E+00
  2.0139100E+02  1.8421690E-04  1.5885215E-04  3.3156872E-05  4.3965300E-04  0.0000000E+00
  2.0139100E+02  2.4854603E-04  1.5700872E-04  7.2302939E-05  4.7709875E-04  0.0000000E+00
  2.0139100E+02  2.7650182E-04  1.7692757E-04  8.5141938E-05  5.1211935E-04  0.0000000E+00
  2.0139100E+02  2.8809993E-04  2.0128371E-04  8.6065775E-05  5.4499261E-04  0.0000000E+00
  2.0139100E+02  2.9574778E-04  2.2210554E-04  8.3703578E-05  5.7593356E-04  0.0000000E+00
  2.0139100E+02  3.0549533E-04  2.3696388E-04  8.2397211E-05  6.0511015E-04  0.0000000E+00
  2.0139100E+02  3.1863094E-04  2.4613176E-04  8.3635369E-05  6.3248405E-04  0.0000000E+00
  2.0139100E+02  3.3358756E-04  2.5093537E-04  8.7284476E-05  6.5816422E-04  0.0000000E+00
  2.0139100E+02  3.4752164E-04  2.5261345E-04  9.2576202E-05  6.8206700E-04  0.0000000E+00
  2.0139100E+02  3.5798570E-04  2.5199947E-04  9.8854061E-05  7.0423354E-04  0.0000000E+00
  2.0139100E+02  3.6391261E-04  2.4952712E-04  1.0592418E-04  7.2466827E-04  0.0000000E+00
  2.0139100E+02  3.6610768E-04  2.4553015E-04  1.1402378E-04  7.4335753E-04  0.0000000E+00
  2.0139100E+02  3.6690509E-04  2.4054138E-04  1.2338977E-04  7.6036044E-04  0.0000000E+00
  2.0139100E+02  3.6876499E-04  2.3546881E-04  1.3322393E-04  7.7565465E-04  0.0000000E+00
  2.0139100E+02  3.7171339E-04  2.3128935E-04  1.4030744E-04  7.8932960E-04  0.0000000E+00
  2.0139100E+02  3.6932290E-04  2.2828638E-04  1.3675943E-04  8.0129669E-04  0.0000000E+00
  2.0139100E+02  3.4314696E-04  2.2430507E-04  1.0741224E-04  8.1151239E-04  0.0000000E+00
