          atime          uplus          yplus           Wshr          trash          trash
  2.0139100E+02  0.0000000E+00  0.0000000E+00  3.2250394E-03  0.0000000E+00  0.0000000E+00
  2.0139100E+02  2.9183196E-02  2.9184591E-02  3.2250394E-03  3.7649000E-05  3.7649000E-05
  2.0139100E+02  1.1671177E-01  1.1673371E-01  3.2250394E-03  1.5059000E-04  1.5059000E-04
  2.0139100E+02  2.6252832E-01  2.6263729E-01  3.2250394E-03  3.3881000E-04  3.3881000E-04
  2.0139100E+02  4.6650787E-01  4.6684958E-01  3.2250394E-03  6.0225000E-04  6.0225000E-04
  2.0139100E+02  7.2854836E-01  7.2940160E-01  3.2250394E-03  9.4095000E-04  9.4095000E-04
  2.0139100E+02  1.0483087E+00  1.0502081E+00  3.2250394E-03  1.3548000E-03  1.3548000E-03
  2.0139100E+02  1.4251870E+00  1.4291915E+00  3.2250394E-03  1.8437000E-03  1.8437000E-03
  2.0139100E+02  1.8581052E+00  1.8663131E+00  3.2250394E-03  2.4076000E-03  2.4076000E-03
  2.0139100E+02  2.3451569E+00  2.3615729E+00  3.2250394E-03  3.0465000E-03  3.0465000E-03
  2.0139100E+02  2.8830615E+00  2.9148933E+00  3.2250394E-03  3.7603000E-03  3.7603000E-03
  2.0139100E+02  3.4666578E+00  3.5260418E+00  3.2250394E-03  4.5487000E-03  4.5487000E-03
  2.0139100E+02  4.0888155E+00  4.1948635E+00  3.2250394E-03  5.4115000E-03  5.4115000E-03
  2.0139100E+02  4.7409951E+00  4.9219783E+00  3.2250394E-03  6.3495000E-03  6.3495000E-03
  2.0139100E+02  5.4111830E+00  5.7060685E+00  3.2250394E-03  7.3610000E-03  7.3610000E-03
  2.0139100E+02  6.0885964E+00  6.5482970E+00  3.2250394E-03  8.4475000E-03  8.4475000E-03
  2.0139100E+02  6.7605264E+00  7.4475008E+00  3.2250394E-03  9.6075000E-03  9.6075000E-03
  2.0139100E+02  7.4168544E+00  8.4044553E+00  3.2250394E-03  1.0842000E-02  1.0842000E-02
  2.0139100E+02  8.0465484E+00  9.4176099E+00  3.2250394E-03  1.2149000E-02  1.2149000E-02
  2.0139100E+02  8.6443939E+00  1.0488128E+01  3.2250394E-03  1.3530000E-02  1.3530000E-02
  2.0139100E+02  9.2056729E+00  1.1615233E+01  3.2250394E-03  1.4984000E-02  1.4984000E-02
  2.0139100E+02  9.7282675E+00  1.2799702E+01  3.2250394E-03  1.6512000E-02  1.6512000E-02
  2.0139100E+02  1.0210770E+01  1.4039983E+01  3.2250394E-03  1.8112000E-02  1.8112000E-02
  2.0139100E+02  1.0654325E+01  1.5336852E+01  3.2250394E-03  1.9785000E-02  1.9785000E-02
  2.0139100E+02  1.1060683E+01  1.6689533E+01  3.2250394E-03  2.1530000E-02  2.1530000E-02
  2.0139100E+02  1.1432669E+01  1.8098028E+01  3.2250394E-03  2.3347000E-02  2.3347000E-02
  2.0139100E+02  1.1773442E+01  1.9562335E+01  3.2250394E-03  2.5236000E-02  2.5236000E-02
  2.0139100E+02  1.2085968E+01  2.1081679E+01  3.2250394E-03  2.7196000E-02  2.7196000E-02
  2.0139100E+02  1.2373247E+01  2.2656836E+01  3.2250394E-03  2.9228000E-02  2.9228000E-02
  2.0139100E+02  1.2637455E+01  2.4286256E+01  3.2250394E-03  3.1330000E-02  3.1330000E-02
  2.0139100E+02  1.2880843E+01  2.5970712E+01  3.2250394E-03  3.3503000E-02  3.3503000E-02
  2.0139100E+02  1.3105262E+01  2.7710207E+01  3.2250394E-03  3.5747000E-02  3.5747000E-02
  2.0139100E+02  1.3312040E+01  2.9503188E+01  3.2250394E-03  3.8060000E-02  3.8060000E-02
  2.0139100E+02  1.3503197E+01  3.1350432E+01  3.2250394E-03  4.0443000E-02  4.0443000E-02
  2.0139100E+02  1.3679485E+01  3.3251163E+01  3.2250394E-03  4.2895000E-02  4.2895000E-02
  2.0139100E+02  1.3842330E+01  3.5205381E+01  3.2250394E-03  4.5416000E-02  4.5416000E-02
  2.0139100E+02  1.3993013E+01  3.7212311E+01  3.2250394E-03  4.8005000E-02  4.8005000E-02
  2.0139100E+02  1.4132974E+01  3.9274278E+01  3.2250394E-03  5.0665000E-02  5.0665000E-02
  2.0139100E+02  1.4263149E+01  4.1386632E+01  3.2250394E-03  5.3390000E-02  5.3390000E-02
  2.0139100E+02  1.4384807E+01  4.3549372E+01  3.2250394E-03  5.6180000E-02  5.6180000E-02
  2.0139100E+02  1.4499387E+01  4.5766375E+01  3.2250394E-03  5.9040000E-02  5.9040000E-02
  2.0139100E+02  1.4607878E+01  4.8033764E+01  3.2250394E-03  6.1965000E-02  6.1965000E-02
  2.0139100E+02  1.4711430E+01  5.0351539E+01  3.2250394E-03  6.4955000E-02  6.4955000E-02
  2.0139100E+02  1.4811238E+01  5.2723577E+01  3.2250394E-03  6.8015000E-02  6.8015000E-02
  2.0139100E+02  1.4907843E+01  5.5142125E+01  3.2250394E-03  7.1135000E-02  7.1135000E-02
  2.0139100E+02  1.5002068E+01  5.7611060E+01  3.2250394E-03  7.4320000E-02  7.4320000E-02
  2.0139100E+02  1.5094502E+01  6.0134257E+01  3.2250394E-03  7.7575000E-02  7.7575000E-02
  2.0139100E+02  1.5185193E+01  6.2703965E+01  3.2250394E-03  8.0890000E-02  8.0890000E-02
  2.0139100E+02  1.5274623E+01  6.5320183E+01  3.2250394E-03  8.4265000E-02  8.4265000E-02
  2.0139100E+02  1.5363642E+01  6.7986787E+01  3.2250394E-03  8.7705000E-02  8.7705000E-02
  2.0139100E+02  1.5451240E+01  7.0703778E+01  3.2250394E-03  9.1210000E-02  9.1210000E-02
  2.0139100E+02  1.5537308E+01  7.3463404E+01  3.2250394E-03  9.4770000E-02  9.4770000E-02
  2.0139100E+02  1.5622204E+01  7.6273416E+01  3.2250394E-03  9.8395000E-02  9.8395000E-02
  2.0139100E+02  1.5705896E+01  7.9129938E+01  3.2250394E-03  1.0208000E-01  1.0208000E-01
  2.0139100E+02  1.5788569E+01  8.2036847E+01  3.2250394E-03  1.0583000E-01  1.0583000E-01
  2.0139100E+02  1.5869961E+01  8.4982515E+01  3.2250394E-03  1.0963000E-01  1.0963000E-01
  2.0139100E+02  1.5950359E+01  8.7974693E+01  3.2250394E-03  1.1349000E-01  1.1349000E-01
  2.0139100E+02  1.6030032E+01  9.1021134E+01  3.2250394E-03  1.1742000E-01  1.1742000E-01
  2.0139100E+02  1.6108658E+01  9.4106334E+01  3.2250394E-03  1.2140000E-01  1.2140000E-01
  2.0139100E+02  1.6186357E+01  9.7230292E+01  3.2250394E-03  1.2543000E-01  1.2543000E-01
  2.0139100E+02  1.6263637E+01  1.0040851E+02  3.2250394E-03  1.2953000E-01  1.2953000E-01
  2.0139100E+02  1.6340084E+01  1.0361774E+02  3.2250394E-03  1.3367000E-01  1.3367000E-01
  2.0139100E+02  1.6416228E+01  1.0687348E+02  3.2250394E-03  1.3787000E-01  1.3787000E-01
  2.0139100E+02  1.6492384E+01  1.1018348E+02  3.2250394E-03  1.4214000E-01  1.4214000E-01
  2.0139100E+02  1.6567934E+01  1.1351673E+02  3.2250394E-03  1.4644000E-01  1.4644000E-01
  2.0139100E+02  1.6643668E+01  1.1690425E+02  3.2250394E-03  1.5081000E-01  1.5081000E-01
  2.0139100E+02  1.6719068E+01  1.2033053E+02  3.2250394E-03  1.5523000E-01  1.5523000E-01
  2.0139100E+02  1.6793912E+01  1.2379556E+02  3.2250394E-03  1.5970000E-01  1.5970000E-01
  2.0139100E+02  1.6868069E+01  1.2729936E+02  3.2250394E-03  1.6422000E-01  1.6422000E-01
  2.0139100E+02  1.6941499E+01  1.3084191E+02  3.2250394E-03  1.6879000E-01  1.6879000E-01
  2.0139100E+02  1.7014385E+01  1.3443097E+02  3.2250394E-03  1.7342000E-01  1.7342000E-01
  2.0139100E+02  1.7086343E+01  1.3804329E+02  3.2250394E-03  1.7808000E-01  1.7808000E-01
  2.0139100E+02  1.7157952E+01  1.4170212E+02  3.2250394E-03  1.8280000E-01  1.8280000E-01
  2.0139100E+02  1.7229176E+01  1.4539971E+02  3.2250394E-03  1.8757000E-01  1.8757000E-01
  2.0139100E+02  1.7300122E+01  1.4913606E+02  3.2250394E-03  1.9239000E-01  1.9239000E-01
  2.0139100E+02  1.7370722E+01  1.5290341E+02  3.2250394E-03  1.9725000E-01  1.9725000E-01
  2.0139100E+02  1.7441025E+01  1.5670177E+02  3.2250394E-03  2.0215000E-01  2.0215000E-01
  2.0139100E+02  1.7511191E+01  1.6053889E+02  3.2250394E-03  2.0710000E-01  2.0710000E-01
  2.0139100E+02  1.7581236E+01  1.6441477E+02  3.2250394E-03  2.1210000E-01  2.1210000E-01
  2.0139100E+02  1.7650957E+01  1.6831391E+02  3.2250394E-03  2.1713000E-01  2.1713000E-01
  2.0139100E+02  1.7720856E+01  1.7225180E+02  3.2250394E-03  2.2221000E-01  2.2221000E-01
  2.0139100E+02  1.7790865E+01  1.7622845E+02  3.2250394E-03  2.2734000E-01  2.2734000E-01
  2.0139100E+02  1.7860500E+01  1.8022836E+02  3.2250394E-03  2.3250000E-01  2.3250000E-01
  2.0139100E+02  1.7930161E+01  1.8425927E+02  3.2250394E-03  2.3770000E-01  2.3770000E-01
  2.0139100E+02  1.8000197E+01  1.8832894E+02  3.2250394E-03  2.4295000E-01  2.4295000E-01
  2.0139100E+02  1.8070512E+01  1.9242187E+02  3.2250394E-03  2.4823000E-01  2.4823000E-01
  2.0139100E+02  1.8141346E+01  1.9654581E+02  3.2250394E-03  2.5355000E-01  2.5355000E-01
  2.0139100E+02  1.8212738E+01  2.0070075E+02  3.2250394E-03  2.5891000E-01  2.5891000E-01
  2.0139100E+02  1.8284502E+01  2.0487895E+02  3.2250394E-03  2.6430000E-01  2.6430000E-01
  2.0139100E+02  1.8356626E+01  2.0908815E+02  3.2250394E-03  2.6973000E-01  2.6973000E-01
  2.0139100E+02  1.8428862E+01  2.1332836E+02  3.2250394E-03  2.7520000E-01  2.7520000E-01
  2.0139100E+02  1.8500611E+01  2.1758408E+02  3.2250394E-03  2.8069000E-01  2.8069000E-01
  2.0139100E+02  1.8571737E+01  2.2187080E+02  3.2250394E-03  2.8622000E-01  2.8622000E-01
  2.0139100E+02  1.8641826E+01  2.2618853E+02  3.2250394E-03  2.9179000E-01  2.9179000E-01
  2.0139100E+02  1.8710292E+01  2.3052176E+02  3.2250394E-03  2.9738000E-01  2.9738000E-01
  2.0139100E+02  1.8777237E+01  2.3488600E+02  3.2250394E-03  3.0301000E-01  3.0301000E-01
  2.0139100E+02  1.8842644E+01  2.3926574E+02  3.2250394E-03  3.0866000E-01  3.0866000E-01
  2.0139100E+02  1.8906856E+01  2.4366874E+02  3.2250394E-03  3.1434000E-01  3.1434000E-01
  2.0139100E+02  1.8970011E+01  2.4809499E+02  3.2250394E-03  3.2005000E-01  3.2005000E-01
  2.0139100E+02  1.9032167E+01  2.5254450E+02  3.2250394E-03  3.2579000E-01  3.2579000E-01
  2.0139100E+02  1.9093256E+01  2.5700951E+02  3.2250394E-03  3.3155000E-01  3.3155000E-01
  2.0139100E+02  1.9153495E+01  2.6150553E+02  3.2250394E-03  3.3735000E-01  3.3735000E-01
  2.0139100E+02  1.9212557E+01  2.6600930E+02  3.2250394E-03  3.4316000E-01  3.4316000E-01
  2.0139100E+02  1.9270507E+01  2.7052858E+02  3.2250394E-03  3.4899000E-01  3.4899000E-01
  2.0139100E+02  1.9327474E+01  2.7507886E+02  3.2250394E-03  3.5486000E-01  3.5486000E-01
  2.0139100E+02  1.9383084E+01  2.7963689E+02  3.2250394E-03  3.6074000E-01  3.6074000E-01
  2.0139100E+02  1.9437344E+01  2.8421043E+02  3.2250394E-03  3.6664000E-01  3.6664000E-01
  2.0139100E+02  1.9490159E+01  2.8879947E+02  3.2250394E-03  3.7256000E-01  3.7256000E-01
  2.0139100E+02  1.9541525E+01  2.9341177E+02  3.2250394E-03  3.7851000E-01  3.7851000E-01
  2.0139100E+02  1.9591200E+01  2.9803181E+02  3.2250394E-03  3.8447000E-01  3.8447000E-01
  2.0139100E+02  1.9639232E+01  3.0266736E+02  3.2250394E-03  3.9045000E-01  3.9045000E-01
  2.0139100E+02  1.9685553E+01  3.0731067E+02  3.2250394E-03  3.9644000E-01  3.9644000E-01
  2.0139100E+02  1.9730389E+01  3.1197722E+02  3.2250394E-03  4.0246000E-01  4.0246000E-01
  2.0139100E+02  1.9773058E+01  3.1664378E+02  3.2250394E-03  4.0848000E-01  4.0848000E-01
  2.0139100E+02  1.9813698E+01  3.2132584E+02  3.2250394E-03  4.1452000E-01  4.1452000E-01
  2.0139100E+02  1.9852280E+01  3.2601566E+02  3.2250394E-03  4.2057000E-01  4.2057000E-01
  2.0139100E+02  1.9888840E+01  3.3071322E+02  3.2250394E-03  4.2663000E-01  4.2663000E-01
  2.0139100E+02  1.9923474E+01  3.3542629E+02  3.2250394E-03  4.3271000E-01  4.3271000E-01
  2.0139100E+02  1.9956115E+01  3.4013936E+02  3.2250394E-03  4.3879000E-01  4.3879000E-01
  2.0139100E+02  1.9986916E+01  3.4486793E+02  3.2250394E-03  4.4489000E-01  4.4489000E-01
  2.0139100E+02  2.0015813E+01  3.4959650E+02  3.2250394E-03  4.5099000E-01  4.5099000E-01
  2.0139100E+02  2.0042878E+01  3.5433283E+02  3.2250394E-03  4.5710000E-01  4.5710000E-01
  2.0139100E+02  2.0068100E+01  3.5907690E+02  3.2250394E-03  4.6322000E-01  4.6322000E-01
  2.0139100E+02  2.0091395E+01  3.6382098E+02  3.2250394E-03  4.6934000E-01  4.6934000E-01
  2.0139100E+02  2.0112717E+01  3.6857280E+02  3.2250394E-03  4.7547000E-01  4.7547000E-01
  2.0139100E+02  2.0131880E+01  3.7331688E+02  3.2250394E-03  4.8159000E-01  4.8159000E-01
  2.0139100E+02  2.0148824E+01  3.7807646E+02  3.2250394E-03  4.8773000E-01  4.8773000E-01
  2.0139100E+02  2.0163306E+01  3.8282829E+02  3.2250394E-03  4.9386000E-01  4.9386000E-01
  2.0139100E+02  2.0175241E+01  3.8758786E+02  3.2250394E-03  5.0000000E-01  5.0000000E-01
