          atime          uvcov          vwcov          wucov         pm1avg           tavg
  7.8507600E+01  0.0000000E+00  0.0000000E+00  0.0000000E+00  4.8925311E-02  0.0000000E+00
  7.8507600E+01  6.0293071E-12 -3.8038475E-12  1.3599321E-08  4.8925749E-02  0.0000000E+00
  7.8507600E+01  3.5670201E-10 -2.8067360E-10  2.1554266E-07  4.8927057E-02  0.0000000E+00
  7.8507600E+01  3.8083759E-09 -3.2326535E-09  1.0741744E-06  4.8929164E-02  0.0000000E+00
  7.8507600E+01  1.9388533E-08 -1.7974276E-08  3.3204272E-06  4.8931768E-02  0.0000000E+00
  7.8507600E+01  6.4050972E-08 -6.7170801E-08  7.8784080E-06  4.8934060E-02  0.0000000E+00
  7.8507600E+01  1.5507603E-07 -1.9481523E-07  1.5768115E-05  4.8934343E-02  0.0000000E+00
  7.8507600E+01  2.8444094E-07 -4.7290413E-07  2.7987562E-05  4.8929592E-02  0.0000000E+00
  7.8507600E+01  3.6715033E-07 -1.0039198E-06  4.5369826E-05  4.8914952E-02  0.0000000E+00
  7.8507600E+01  1.6011858E-07 -1.9150694E-06  6.8407401E-05  4.8883300E-02  0.0000000E+00
  7.8507600E+01 -8.4052388E-07 -3.3397541E-06  9.7034478E-05  4.8824957E-02  0.0000000E+00
  7.8507600E+01 -3.5057638E-06 -5.3858122E-06  1.3039571E-04  4.8727747E-02  0.0000000E+00
  7.8507600E+01 -9.1510579E-06 -8.0940581E-06  1.6666750E-04  4.8577445E-02  0.0000000E+00
  7.8507600E+01 -1.9579118E-05 -1.1400477E-05  2.0309102E-04  4.8358510E-02  0.0000000E+00
  7.8507600E+01 -3.7023783E-05 -1.5092551E-05  2.3606251E-04  4.8056359E-02  0.0000000E+00
  7.8507600E+01 -6.4182027E-05 -1.8822868E-05  2.6182197E-04  4.7657660E-02  0.0000000E+00
  7.8507600E+01 -1.0407455E-04 -2.2120618E-05  2.7691374E-04  4.7153894E-02  0.0000000E+00
  7.8507600E+01 -1.6018437E-04 -2.4489105E-05  2.7892061E-04  4.6540837E-02  0.0000000E+00
  7.8507600E+01 -2.3631424E-04 -2.5487480E-05  2.6678754E-04  4.5821842E-02  0.0000000E+00
  7.8507600E+01 -3.3698793E-04 -2.4813410E-05  2.4087537E-04  4.5004613E-02  0.0000000E+00
  7.8507600E+01 -4.6724913E-04 -2.2313313E-05  2.0266999E-04  4.4103824E-02  0.0000000E+00
  7.8507600E+01 -6.3281229E-04 -1.7997678E-05  1.5437923E-04  4.3137400E-02  0.0000000E+00
  7.8507600E+01 -8.3915635E-04 -1.2085938E-05  9.8850162E-05  4.2128023E-02  0.0000000E+00
  7.8507600E+01 -1.0915545E-03 -5.0393659E-06  3.9383440E-05  4.1097641E-02  0.0000000E+00
  7.8507600E+01 -1.3937627E-03  2.3925597E-06 -1.9939894E-05  4.0068958E-02  0.0000000E+00
  7.8507600E+01 -1.7478970E-03  9.2635295E-06 -7.4433508E-05  3.9062010E-02  0.0000000E+00
  7.8507600E+01 -2.1540929E-03  1.4523763E-05 -1.1903880E-04  3.8093758E-02  0.0000000E+00
  7.8507600E+01 -2.6102809E-03  1.7211407E-05 -1.4898206E-04  3.7177695E-02  0.0000000E+00
  7.8507600E+01 -3.1130858E-03  1.6549518E-05 -1.6042816E-04  3.6322106E-02  0.0000000E+00
  7.8507600E+01 -3.6569777E-03  1.2302213E-05 -1.5173581E-04  3.5532263E-02  0.0000000E+00
  7.8507600E+01 -4.2363160E-03  4.9584063E-06 -1.2453745E-04  3.4808192E-02  0.0000000E+00
  7.8507600E+01 -4.8450945E-03 -4.4150400E-06 -8.3954604E-05  3.4146943E-02  0.0000000E+00
  7.8507600E+01 -5.4774051E-03 -1.4618729E-05 -3.7693325E-05  3.3543356E-02  0.0000000E+00
  7.8507600E+01 -6.1294191E-03 -2.4904620E-05  6.4984943E-06  3.2989523E-02  0.0000000E+00
  7.8507600E+01 -6.7982803E-03 -3.5282735E-05  4.3314327E-05  3.2477137E-02  0.0000000E+00
  7.8507600E+01 -7.4828147E-03 -4.6222562E-05  6.9939856E-05  3.1997416E-02  0.0000000E+00
  7.8507600E+01 -8.1828357E-03 -5.8314648E-05  8.7101197E-05  3.1542068E-02  0.0000000E+00
  7.8507600E+01 -8.9001158E-03 -7.1913276E-05  9.7190750E-05  3.1102655E-02  0.0000000E+00
  7.8507600E+01 -9.6337835E-03 -8.6466348E-05  1.0190831E-04  3.0672934E-02  0.0000000E+00
  7.8507600E+01 -1.0382734E-02 -1.0016031E-04  1.0171500E-04  3.0246408E-02  0.0000000E+00
  7.8507600E+01 -1.1144347E-02 -1.1020631E-04  9.7069227E-05  2.9816822E-02  0.0000000E+00
  7.8507600E+01 -1.1912216E-02 -1.1466817E-04  9.1437352E-05  2.9381119E-02  0.0000000E+00
  7.8507600E+01 -1.2683549E-02 -1.1402801E-04  9.0792816E-05  2.8937767E-02  0.0000000E+00
  7.8507600E+01 -1.3459003E-02 -1.1055744E-04  9.9717570E-05  2.8487134E-02  0.0000000E+00
  7.8507600E+01 -1.4237648E-02 -1.0713824E-04  1.2185682E-04  2.8033538E-02  0.0000000E+00
  7.8507600E+01 -1.5022179E-02 -1.0500123E-04  1.5636299E-04  2.7580725E-02  0.0000000E+00
  7.8507600E+01 -1.5812250E-02 -1.0292341E-04  1.9566474E-04  2.7133905E-02  0.0000000E+00
  7.8507600E+01 -1.6600519E-02 -9.9041241E-05  2.2851679E-04  2.6701353E-02  0.0000000E+00
  7.8507600E+01 -1.7379805E-02 -9.3614768E-05  2.4656338E-04  2.6290318E-02  0.0000000E+00
  7.8507600E+01 -1.8142040E-02 -8.9677783E-05  2.4811545E-04  2.5907203E-02  0.0000000E+00
  7.8507600E+01 -1.8873406E-02 -8.9210308E-05  2.3302994E-04  2.5558555E-02  0.0000000E+00
  7.8507600E+01 -1.9555003E-02 -9.2618495E-05  1.9964980E-04  2.5251885E-02  0.0000000E+00
  7.8507600E+01 -2.0175633E-02 -1.0019137E-04  1.5229338E-04  2.4992419E-02  0.0000000E+00
  7.8507600E+01 -2.0723701E-02 -1.1026035E-04  1.0407706E-04  2.4786233E-02  0.0000000E+00
  7.8507600E+01 -2.1188167E-02 -1.2019930E-04  6.6086886E-05  2.4638669E-02  0.0000000E+00
  7.8507600E+01 -2.1554396E-02 -1.2733731E-04  4.0450244E-05  2.4554686E-02  0.0000000E+00
  7.8507600E+01 -2.1811497E-02 -1.2940633E-04  1.8347817E-05  2.4535936E-02  0.0000000E+00
  7.8507600E+01 -2.1951021E-02 -1.2354029E-04 -1.4272547E-05  2.4582006E-02  0.0000000E+00
  7.8507600E+01 -2.1968973E-02 -1.0606337E-04 -6.4182564E-05  2.4690461E-02  0.0000000E+00
  7.8507600E+01 -2.1866857E-02 -7.8984385E-05 -1.2354761E-04  2.4857585E-02  0.0000000E+00
  7.8507600E+01 -2.1639883E-02 -5.3043746E-05 -1.6880145E-04  2.5076332E-02  0.0000000E+00
  7.8507600E+01 -2.1288575E-02 -3.2074872E-05 -1.9344657E-04  2.5333599E-02  0.0000000E+00
  7.8507600E+01 -2.0817425E-02 -1.6479124E-05 -2.0474186E-04  2.5618114E-02  0.0000000E+00
  7.8507600E+01 -2.0236072E-02 -6.3500852E-06 -2.1217593E-04  2.5917972E-02  0.0000000E+00
  7.8507600E+01 -1.9564543E-02 -7.8280392E-07 -2.1874077E-04  2.6217469E-02  0.0000000E+00
  7.8507600E+01 -1.8813613E-02  3.0859408E-06 -2.1963364E-04  2.6507018E-02  0.0000000E+00
  7.8507600E+01 -1.8012311E-02  7.3752539E-06 -2.1493517E-04  2.6774874E-02  0.0000000E+00
  7.8507600E+01 -1.7189624E-02  1.3208522E-05 -2.0666828E-04  2.7010378E-02  0.0000000E+00
  7.8507600E+01 -1.6368438E-02  2.8669869E-05 -2.1406275E-04  2.7202253E-02  0.0000000E+00
  7.8507600E+01 -1.5559477E-02  5.5565932E-05 -2.3800638E-04  2.7344730E-02  0.0000000E+00
  7.8507600E+01 -1.4769843E-02  9.0427709E-05 -2.6782865E-04  2.7436116E-02  0.0000000E+00
  7.8507600E+01 -1.4016287E-02  1.2867158E-04 -2.8996132E-04  2.7473400E-02  0.0000000E+00
  7.8507600E+01 -1.3307965E-02  1.6666417E-04 -2.8764532E-04  2.7451676E-02  0.0000000E+00
  7.8507600E+01 -1.2659956E-02  1.9986738E-04 -2.4303072E-04  2.7364179E-02  0.0000000E+00
  7.8507600E+01 -1.2083218E-02  2.2140130E-04 -1.6115780E-04  2.7208295E-02  0.0000000E+00
  7.8507600E+01 -1.1584517E-02  2.2762999E-04 -7.4002952E-05  2.6985437E-02  0.0000000E+00
  7.8507600E+01 -1.1162133E-02  2.2523980E-04 -7.1865212E-06  2.6699419E-02  0.0000000E+00
  7.8507600E+01 -1.0806407E-02  2.1725515E-04  3.1279231E-05  2.6355424E-02  0.0000000E+00
  7.8507600E+01 -1.0508170E-02  2.0493578E-04  4.2546980E-05  2.5962072E-02  0.0000000E+00
  7.8507600E+01 -1.0260601E-02  1.9105222E-04  3.2037498E-05  2.5530297E-02  0.0000000E+00
  7.8507600E+01 -1.0056294E-02  1.7957539E-04  8.8478726E-06  2.5065797E-02  0.0000000E+00
  7.8507600E+01 -9.8900016E-03  1.7395486E-04 -1.6419826E-05  2.4572863E-02  0.0000000E+00
  7.8507600E+01 -9.7580347E-03  1.7540298E-04 -4.3527826E-05  2.4056791E-02  0.0000000E+00
  7.8507600E+01 -9.6565078E-03  1.8397229E-04 -8.7997426E-05  2.3519740E-02  0.0000000E+00
  7.8507600E+01 -9.5808806E-03  2.0059630E-04 -1.4911615E-04  2.2965453E-02  0.0000000E+00
  7.8507600E+01 -9.5279889E-03  2.2322766E-04 -2.1575070E-04  2.2401940E-02  0.0000000E+00
  7.8507600E+01 -9.4917705E-03  2.4912389E-04 -2.8651296E-04  2.1836149E-02  0.0000000E+00
  7.8507600E+01 -9.4663104E-03  2.7579718E-04 -3.6395026E-04  2.1275657E-02  0.0000000E+00
  7.8507600E+01 -9.4463909E-03  3.0135754E-04 -4.4867585E-04  2.0727111E-02  0.0000000E+00
  7.8507600E+01 -9.4271400E-03  3.2459174E-04 -5.3706068E-04  2.0192731E-02  0.0000000E+00
  7.8507600E+01 -9.4041740E-03  3.4454326E-04 -6.2322841E-04  1.9673491E-02  0.0000000E+00
  7.8507600E+01 -9.3754543E-03  3.5986770E-04 -7.0433979E-04  1.9170114E-02  0.0000000E+00
  7.8507600E+01 -9.3401750E-03  3.6963684E-04 -7.7453446E-04  1.8678534E-02  0.0000000E+00
  7.8507600E+01 -9.2984945E-03  3.7141323E-04 -8.2356710E-04  1.8196094E-02  0.0000000E+00
  7.8507600E+01 -9.2496225E-03  3.6651596E-04 -8.4947275E-04  1.7722941E-02  0.0000000E+00
  7.8507600E+01 -9.1914552E-03  3.5717405E-04 -8.5156156E-04  1.7256713E-02  0.0000000E+00
  7.8507600E+01 -9.1222858E-03  3.4420089E-04 -8.2673318E-04  1.6798886E-02  0.0000000E+00
  7.8507600E+01 -9.0411188E-03  3.2639202E-04 -7.7198698E-04  1.6348536E-02  0.0000000E+00
  7.8507600E+01 -8.9487975E-03  3.0175072E-04 -6.8958924E-04  1.5905508E-02  0.0000000E+00
  7.8507600E+01 -8.8480968E-03  2.7021082E-04 -5.9182116E-04  1.5469726E-02  0.0000000E+00
  7.8507600E+01 -8.7428034E-03  2.3451210E-04 -4.9608027E-04  1.5041925E-02  0.0000000E+00
  7.8507600E+01 -8.6356433E-03  1.9805141E-04 -4.1307933E-04  1.4621454E-02  0.0000000E+00
  7.8507600E+01 -8.5277064E-03  1.6354385E-04 -3.4166555E-04  1.4210983E-02  0.0000000E+00
  7.8507600E+01 -8.4183027E-03  1.3179203E-04 -2.7617946E-04  1.3809456E-02  0.0000000E+00
  7.8507600E+01 -8.3065828E-03  1.0264118E-04 -2.1253247E-04  1.3414665E-02  0.0000000E+00
  7.8507600E+01 -8.1928570E-03  7.5890838E-05 -1.4927439E-04  1.3027983E-02  0.0000000E+00
  7.8507600E+01 -8.0768878E-03  5.1219452E-05 -8.4772259E-05  1.2648812E-02  0.0000000E+00
  7.8507600E+01 -7.9594819E-03  2.8408684E-05 -1.6630471E-05  1.2277440E-02  0.0000000E+00
  7.8507600E+01 -7.8418083E-03  7.0359380E-06  5.3069997E-05  1.1913860E-02  0.0000000E+00
  7.8507600E+01 -7.7251792E-03 -1.3281400E-05  1.1615759E-04  1.1560212E-02  0.0000000E+00
  7.8507600E+01 -7.6108285E-03 -3.2814514E-05  1.6520870E-04  1.1217420E-02  0.0000000E+00
  7.8507600E+01 -7.4999799E-03 -5.0922624E-05  1.9562844E-04  1.0886510E-02  0.0000000E+00
  7.8507600E+01 -7.3918394E-03 -6.6833892E-05  2.0668296E-04  1.0565698E-02  0.0000000E+00
  7.8507600E+01 -7.2851622E-03 -7.9618646E-05  2.0170761E-04  1.0255184E-02  0.0000000E+00
  7.8507600E+01 -7.1773397E-03 -8.8494295E-05  1.8781204E-04  9.9527241E-03  0.0000000E+00
  7.8507600E+01 -7.0670433E-03 -9.2829183E-05  1.7366724E-04  9.6590530E-03  0.0000000E+00
  7.8507600E+01 -6.9542399E-03 -9.2449610E-05  1.6455309E-04  9.3757406E-03  0.0000000E+00
  7.8507600E+01 -6.8389974E-03 -8.7096050E-05  1.5885721E-04  9.1039669E-03  0.0000000E+00
  7.8507600E+01 -6.7226099E-03 -7.6658820E-05  1.4988186E-04  8.8451368E-03  0.0000000E+00
  7.8507600E+01 -6.6054550E-03 -6.2454321E-05  1.3139154E-04  8.5979090E-03  0.0000000E+00
  7.8507600E+01 -6.4882657E-03 -4.6495671E-05  1.0275740E-04  8.3619948E-03  0.0000000E+00
  7.8507600E+01 -6.3710059E-03 -3.0496239E-05  6.8998984E-05  8.1357417E-03  0.0000000E+00
  7.8507600E+01 -6.2538976E-03 -1.5556289E-05  3.7842615E-05  7.9182520E-03  0.0000000E+00
  7.8507600E+01 -6.1373158E-03 -2.3881408E-06  1.4966568E-05  7.7092871E-03  0.0000000E+00
  7.8507600E+01 -6.0204657E-03  7.8564787E-06 -7.4384989E-08  7.5077284E-03  0.0000000E+00
  7.8507600E+01 -5.9034031E-03  1.4414550E-05 -8.9625977E-06  7.3141664E-03  0.0000000E+00
  7.8507600E+01 -5.7854854E-03  1.6899879E-05 -1.0806872E-05  7.1277550E-03  0.0000000E+00
  7.8507600E+01 -5.6675673E-03  1.5867063E-05 -8.9234538E-06  6.9491738E-03  0.0000000E+00
  7.8507600E+01 -5.5498075E-03  1.2316709E-05 -9.0438672E-06  6.7768584E-03  0.0000000E+00
