          atime             vx             vy             vz             pr        garbage
  7.8507600E+01  0.0000000E+00  0.0000000E+00  0.0000000E+00  6.1947767E-02  0.0000000E+00
  7.8507600E+01 -5.7873275E-04  3.8010684E-08  2.9921573E-05  6.1946026E-02  0.0000000E+00
  7.8507600E+01 -2.3097910E-03  5.9033011E-07  1.1933580E-04  6.1940994E-02  0.0000000E+00
  7.8507600E+01 -5.1776743E-03  2.9959677E-06  2.6718313E-04  6.1933175E-02  0.0000000E+00
  7.8507600E+01 -9.1553687E-03  9.5629666E-06  4.7164446E-04  6.1923236E-02  0.0000000E+00
  7.8507600E+01 -1.4205294E-02  2.3677415E-05  7.3027146E-04  6.1911760E-02  0.0000000E+00
  7.8507600E+01 -2.0273291E-02  4.9916073E-05  1.0399256E-03  6.1898964E-02  0.0000000E+00
  7.8507600E+01 -2.7287413E-02  9.4140668E-05  1.3972474E-03  6.1884367E-02  0.0000000E+00
  7.8507600E+01 -3.5153215E-02  1.6349767E-04  1.7993330E-03  6.1866467E-02  0.0000000E+00
  7.8507600E+01 -4.3747034E-02  2.6621387E-04  2.2447117E-03  6.1842581E-02  0.0000000E+00
  7.8507600E+01 -5.2906736E-02  4.1104383E-04  2.7344218E-03  6.1808549E-02  0.0000000E+00
  7.8507600E+01 -6.2425117E-02  6.0628588E-04  3.2730047E-03  6.1759126E-02  0.0000000E+00
  7.8507600E+01 -7.2052378E-02  8.5847914E-04  3.8690293E-03  6.1687873E-02  0.0000000E+00
  7.8507600E+01 -8.1509727E-02  1.1711970E-03  4.5349318E-03  6.1587760E-02  0.0000000E+00
  7.8507600E+01 -9.0467568E-02  1.5423682E-03  5.2828179E-03  6.1452486E-02  0.0000000E+00
  7.8507600E+01 -9.8621317E-02  1.9651364E-03  6.1264414E-03  6.1276769E-02  0.0000000E+00
  7.8507600E+01 -1.0566077E-01  2.4252842E-03  7.0746890E-03  6.1058536E-02  0.0000000E+00
  7.8507600E+01 -1.1133547E-01  2.9037768E-03  8.1340623E-03  6.0798872E-02  0.0000000E+00
  7.8507600E+01 -1.1543870E-01  3.3759040E-03  9.3016084E-03  6.0506132E-02  0.0000000E+00
  7.8507600E+01 -1.1784306E-01  3.8156083E-03  1.0567464E-02  6.0188588E-02  0.0000000E+00
  7.8507600E+01 -1.1847368E-01  4.1951956E-03  1.1906805E-02  5.9861698E-02  0.0000000E+00
  7.8507600E+01 -1.1731120E-01  4.4886626E-03  1.3283693E-02  5.9542732E-02  0.0000000E+00
  7.8507600E+01 -1.1438277E-01  4.6723018E-03  1.4649939E-02  5.9248749E-02  0.0000000E+00
  7.8507600E+01 -1.0974797E-01  4.7271070E-03  1.5957747E-02  5.8997569E-02  0.0000000E+00
  7.8507600E+01 -1.0349685E-01  4.6388355E-03  1.7165093E-02  5.8809578E-02  0.0000000E+00
  7.8507600E+01 -9.5735244E-02  4.3989872E-03  1.8246169E-02  5.8702833E-02  0.0000000E+00
  7.8507600E+01 -8.6577780E-02  4.0045644E-03  1.9189911E-02  5.8687694E-02  0.0000000E+00
  7.8507600E+01 -7.6146127E-02  3.4582963E-03  1.9995373E-02  5.8788498E-02  0.0000000E+00
  7.8507600E+01 -6.4553302E-02  2.7673522E-03  2.0662376E-02  5.9012848E-02  0.0000000E+00
  7.8507600E+01 -5.1929448E-02  1.9458098E-03  2.1188275E-02  5.9361102E-02  0.0000000E+00
  7.8507600E+01 -3.8384860E-02  1.0130048E-03  2.1576129E-02  5.9842412E-02  0.0000000E+00
  7.8507600E+01 -2.4030428E-02 -6.1103414E-06  2.1843739E-02  6.0457546E-02  0.0000000E+00
  7.8507600E+01 -8.9857108E-03 -1.0839289E-03  2.2032560E-02  6.1182713E-02  0.0000000E+00
  7.8507600E+01  6.6461963E-03 -2.1999233E-03  2.2202960E-02  6.1999199E-02  0.0000000E+00
  7.8507600E+01  2.2733903E-02 -3.3427832E-03  2.2407251E-02  6.2850612E-02  0.0000000E+00
  7.8507600E+01  3.9130897E-02 -4.5213901E-03  2.2682246E-02  6.3642073E-02  0.0000000E+00
  7.8507600E+01  5.5667200E-02 -5.7702939E-03  2.3005468E-02  6.4233569E-02  0.0000000E+00
  7.8507600E+01  7.2207030E-02 -7.1435055E-03  2.3282555E-02  6.4513529E-02  0.0000000E+00
  7.8507600E+01  8.8616703E-02 -8.6977272E-03  2.3377229E-02  6.4327793E-02  0.0000000E+00
  7.8507600E+01  1.0491799E-01 -1.0492995E-02  2.3166973E-02  6.3538816E-02  0.0000000E+00
  7.8507600E+01  1.2130971E-01 -1.2584320E-02  2.2588681E-02  6.2083156E-02  0.0000000E+00
  7.8507600E+01  1.3802868E-01 -1.4986010E-02  2.1634872E-02  5.9809317E-02  0.0000000E+00
  7.8507600E+01  1.5527574E-01 -1.7675753E-02  2.0294190E-02  5.6753171E-02  0.0000000E+00
  7.8507600E+01  1.7318314E-01 -2.0620904E-02  1.8498343E-02  5.2903045E-02  0.0000000E+00
  7.8507600E+01  1.9166211E-01 -2.3796633E-02  1.6203847E-02  4.8571814E-02  0.0000000E+00
  7.8507600E+01  2.1055584E-01 -2.7191164E-02  1.3489026E-02  4.3996138E-02  0.0000000E+00
  7.8507600E+01  2.2972093E-01 -3.0781813E-02  1.0516522E-02  3.9441081E-02  0.0000000E+00
  7.8507600E+01  2.4904696E-01 -3.4491056E-02  7.4855609E-03  3.5157445E-02  0.0000000E+00
  7.8507600E+01  2.6861616E-01 -3.8192562E-02  4.5545992E-03  3.1252481E-02  0.0000000E+00
  7.8507600E+01  2.8854722E-01 -4.1722901E-02  1.8513947E-03  2.7807889E-02  0.0000000E+00
  7.8507600E+01  3.0878669E-01 -4.4950511E-02 -4.9875371E-04  2.4923293E-02  0.0000000E+00
  7.8507600E+01  3.2930428E-01 -4.7851416E-02 -2.5656651E-03  2.2624732E-02  0.0000000E+00
  7.8507600E+01  3.5018016E-01 -5.0499610E-02 -4.3975292E-03  2.0901083E-02  0.0000000E+00
  7.8507600E+01  3.7141587E-01 -5.2979096E-02 -5.8369553E-03  1.9854322E-02  0.0000000E+00
  7.8507600E+01  3.9305326E-01 -5.5323675E-02 -6.6791271E-03  1.9560927E-02  0.0000000E+00
  7.8507600E+01  4.1503046E-01 -5.7470325E-02 -6.8308557E-03  2.0015308E-02  0.0000000E+00
  7.8507600E+01  4.3750097E-01 -5.9314279E-02 -6.4276497E-03  2.1151866E-02  0.0000000E+00
  7.8507600E+01  4.6073608E-01 -6.0760086E-02 -5.7881745E-03  2.2856523E-02  0.0000000E+00
  7.8507600E+01  4.8485077E-01 -6.1792429E-02 -5.1620664E-03  2.4916951E-02  0.0000000E+00
  7.8507600E+01  5.0970319E-01 -6.2482097E-02 -4.4877818E-03  2.7147840E-02  0.0000000E+00
  7.8507600E+01  5.3507780E-01 -6.2928950E-02 -3.7009275E-03  2.9378592E-02  0.0000000E+00
  7.8507600E+01  5.6027052E-01 -6.3121772E-02 -2.4016870E-03  3.1411691E-02  0.0000000E+00
  7.8507600E+01  5.8495261E-01 -6.2998789E-02 -2.8144374E-04  3.3103858E-02  0.0000000E+00
  7.8507600E+01  6.0894918E-01 -6.2509369E-02  2.5732552E-03  3.4365519E-02  0.0000000E+00
  7.8507600E+01  6.3204856E-01 -6.1683441E-02  5.6561279E-03  3.5155943E-02  0.0000000E+00
  7.8507600E+01  6.5454754E-01 -6.0624506E-02  8.4881886E-03  3.5497358E-02  0.0000000E+00
  7.8507600E+01  6.7614398E-01 -5.9477462E-02  1.1096259E-02  3.5438315E-02  0.0000000E+00
  7.8507600E+01  6.9671524E-01 -5.8348936E-02  1.3680990E-02  3.5038770E-02  0.0000000E+00
  7.8507600E+01  7.1633842E-01 -5.7229238E-02  1.6300959E-02  3.4345379E-02  0.0000000E+00
  7.8507600E+01  7.3484487E-01 -5.6072046E-02  1.9129268E-02  3.3412459E-02  0.0000000E+00
  7.8507600E+01  7.5212338E-01 -5.4839267E-02  2.2283474E-02  3.2291359E-02  0.0000000E+00
  7.8507600E+01  7.6804481E-01 -5.3540944E-02  2.5619952E-02  3.1036096E-02  0.0000000E+00
  7.8507600E+01  7.8279204E-01 -5.2204660E-02  2.8828632E-02  2.9693867E-02  0.0000000E+00
  7.8507600E+01  7.9647034E-01 -5.0852947E-02  3.1535346E-02  2.8335093E-02  0.0000000E+00
  7.8507600E+01  8.0940240E-01 -4.9385439E-02  3.3589441E-02  2.6995031E-02  0.0000000E+00
  7.8507600E+01  8.2202210E-01 -4.7678718E-02  3.5105018E-02  2.5729249E-02  0.0000000E+00
  7.8507600E+01  8.3410695E-01 -4.5884422E-02  3.6171486E-02  2.4545048E-02  0.0000000E+00
  7.8507600E+01  8.4526013E-01 -4.4267431E-02  3.6817316E-02  2.3463079E-02  0.0000000E+00
  7.8507600E+01  8.5537787E-01 -4.2910150E-02  3.7041027E-02  2.2475640E-02  0.0000000E+00
  7.8507600E+01  8.6455182E-01 -4.1787894E-02  3.6835306E-02  2.1586097E-02  0.0000000E+00
  7.8507600E+01  8.7305956E-01 -4.0831351E-02  3.6205763E-02  2.0787662E-02  0.0000000E+00
  7.8507600E+01  8.8112522E-01 -3.9998691E-02  3.5187221E-02  2.0058083E-02  0.0000000E+00
  7.8507600E+01  8.8884084E-01 -3.9285709E-02  3.3862340E-02  1.9389566E-02  0.0000000E+00
  7.8507600E+01  8.9626232E-01 -3.8685680E-02  3.2325302E-02  1.8760436E-02  0.0000000E+00
  7.8507600E+01  9.0351945E-01 -3.8186346E-02  3.0709779E-02  1.8170434E-02  0.0000000E+00
  7.8507600E+01  9.1081855E-01 -3.7758476E-02  2.9134043E-02  1.7594167E-02  0.0000000E+00
  7.8507600E+01  9.1816495E-01 -3.7396027E-02  2.7552927E-02  1.7043024E-02  0.0000000E+00
  7.8507600E+01  9.2543536E-01 -3.7093621E-02  2.5898062E-02  1.6510549E-02  0.0000000E+00
  7.8507600E+01  9.3251764E-01 -3.6834082E-02  2.4165317E-02  1.5984478E-02  0.0000000E+00
  7.8507600E+01  9.3943625E-01 -3.6594175E-02  2.2427435E-02  1.5477633E-02  0.0000000E+00
  7.8507600E+01  9.4629170E-01 -3.6373619E-02  2.0781896E-02  1.5001287E-02  0.0000000E+00
  7.8507600E+01  9.5314045E-01 -3.6217482E-02  1.9230060E-02  1.4544098E-02  0.0000000E+00
  7.8507600E+01  9.6012514E-01 -3.6135427E-02  1.7728463E-02  1.4091339E-02  0.0000000E+00
  7.8507600E+01  9.6741444E-01 -3.6103616E-02  1.6134734E-02  1.3695070E-02  0.0000000E+00
  7.8507600E+01  9.7494298E-01 -3.6087650E-02  1.4355802E-02  1.3293643E-02  0.0000000E+00
  7.8507600E+01  9.8250786E-01 -3.6047234E-02  1.2395691E-02  1.2874060E-02  0.0000000E+00
  7.8507600E+01  9.8982474E-01 -3.5942256E-02  1.0358402E-02  1.2506993E-02  0.0000000E+00
  7.8507600E+01  9.9679600E-01 -3.5745497E-02  8.3520422E-03  1.2255708E-02  0.0000000E+00
  7.8507600E+01  1.0035387E+00 -3.5463219E-02  6.4147080E-03  1.2184253E-02  0.0000000E+00
  7.8507600E+01  1.0102701E+00 -3.5150506E-02  4.4602480E-03  1.2482158E-02  0.0000000E+00
  7.8507600E+01  1.0169611E+00 -3.4849400E-02  2.4257551E-03  1.3091641E-02  0.0000000E+00
  7.8507600E+01  1.0236343E+00 -3.4536353E-02  4.0772085E-04  1.3873741E-02  0.0000000E+00
  7.8507600E+01  1.0302394E+00 -3.4203369E-02 -1.4268779E-03  1.4530952E-02  0.0000000E+00
  7.8507600E+01  1.0367231E+00 -3.3871260E-02 -3.0166193E-03  1.4735748E-02  0.0000000E+00
  7.8507600E+01  1.0430358E+00 -3.3556870E-02 -4.3955477E-03  1.4181445E-02  0.0000000E+00
  7.8507600E+01  1.0491069E+00 -3.3250504E-02 -5.6126417E-03  1.2903689E-02  0.0000000E+00
  7.8507600E+01  1.0549687E+00 -3.2906703E-02 -6.6655666E-03  1.1422086E-02  0.0000000E+00
  7.8507600E+01  1.0607046E+00 -3.2478419E-02 -7.4381874E-03  1.0255106E-02  0.0000000E+00
  7.8507600E+01  1.0664569E+00 -3.1963149E-02 -7.9261326E-03  9.7146434E-03  0.0000000E+00
  7.8507600E+01  1.0722582E+00 -3.1394647E-02 -8.2554377E-03  9.6746630E-03  0.0000000E+00
  7.8507600E+01  1.0780093E+00 -3.0788697E-02 -8.4881178E-03  1.0037447E-02  0.0000000E+00
  7.8507600E+01  1.0835917E+00 -3.0167824E-02 -8.6002696E-03  1.0608000E-02  0.0000000E+00
  7.8507600E+01  1.0889605E+00 -2.9566649E-02 -8.5685271E-03  1.1271362E-02  0.0000000E+00
  7.8507600E+01  1.0940787E+00 -2.9029579E-02 -8.4001343E-03  1.1968362E-02  0.0000000E+00
  7.8507600E+01  1.0989975E+00 -2.8580273E-02 -8.1230319E-03  1.2633739E-02  0.0000000E+00
  7.8507600E+01  1.1037890E+00 -2.8209362E-02 -7.7547299E-03  1.3205755E-02  0.0000000E+00
  7.8507600E+01  1.1085917E+00 -2.7871783E-02 -7.2929542E-03  1.3669933E-02  0.0000000E+00
  7.8507600E+01  1.1135271E+00 -2.7536090E-02 -6.7982530E-03  1.4005349E-02  0.0000000E+00
  7.8507600E+01  1.1185101E+00 -2.7203847E-02 -6.3373912E-03  1.4189285E-02  0.0000000E+00
  7.8507600E+01  1.1234749E+00 -2.6897758E-02 -5.9886592E-03  1.4248265E-02  0.0000000E+00
  7.8507600E+01  1.1283889E+00 -2.6636991E-02 -5.8246242E-03  1.4210388E-02  0.0000000E+00
  7.8507600E+01  1.1333091E+00 -2.6419601E-02 -5.8836174E-03  1.4088648E-02  0.0000000E+00
  7.8507600E+01  1.1383093E+00 -2.6224452E-02 -6.1559904E-03  1.3900477E-02  0.0000000E+00
  7.8507600E+01  1.1434240E+00 -2.6021854E-02 -6.5805643E-03  1.3671242E-02  0.0000000E+00
  7.8507600E+01  1.1486281E+00 -2.5789370E-02 -7.0768298E-03  1.3393107E-02  0.0000000E+00
  7.8507600E+01  1.1538101E+00 -2.5512958E-02 -7.6189933E-03  1.3077287E-02  0.0000000E+00
  7.8507600E+01  1.1588445E+00 -2.5185930E-02 -8.2171205E-03  1.2725666E-02  0.0000000E+00
  7.8507600E+01  1.1636086E+00 -2.4812889E-02 -8.8702451E-03  1.2345923E-02  0.0000000E+00
  7.8507600E+01  1.1680944E+00 -2.4411433E-02 -9.5430050E-03  1.1939422E-02  0.0000000E+00
