          atime         prd_uu         prd_vv         prd_ww         pm1avg           tavg
  7.8507600E+01  0.0000000E+00  0.0000000E+00  0.0000000E+00  4.8925311E-02  0.0000000E+00
  7.8507600E+01  1.6030266E-09 -1.0431809E-12  1.0043749E-12  4.8925749E-02  0.0000000E+00
  7.8507600E+01  1.0115574E-07  2.8233965E-11  5.5475586E-11  4.8927057E-02  0.0000000E+00
  7.8507600E+01  1.1353927E-06  6.5045073E-10  5.9856775E-10  4.8929164E-02  0.0000000E+00
  7.8507600E+01  6.2439975E-06  5.3397928E-09  3.2582112E-09  4.8931768E-02  0.0000000E+00
  7.8507600E+01  2.3140133E-05  2.3246530E-08  1.2098215E-08  4.8934060E-02  0.0000000E+00
  7.8507600E+01  6.6494097E-05  5.5723782E-08  3.5149467E-08  4.8934343E-02  0.0000000E+00
  7.8507600E+01  1.5944246E-04  1.8086684E-08  8.6119037E-08  4.8929592E-02  0.0000000E+00
  7.8507600E+01  3.3271888E-04 -4.9600239E-07  1.8621879E-07  4.8914952E-02  0.0000000E+00
  7.8507600E+01  6.1952524E-04 -2.7338977E-06  3.6587516E-07  4.8883300E-02  0.0000000E+00
  7.8507600E+01  1.0446971E-03 -9.6809362E-06  6.6533551E-07  4.8824957E-02  0.0000000E+00
  7.8507600E+01  1.6094084E-03 -2.7253303E-05  1.1320277E-06  4.8727747E-02  0.0000000E+00
  7.8507600E+01  2.2753179E-03 -6.5564851E-05  1.8105999E-06  4.8577445E-02  0.0000000E+00
  7.8507600E+01  2.9612622E-03 -1.3947198E-04  2.7272645E-06  4.8358510E-02  0.0000000E+00
  7.8507600E+01  3.5531761E-03 -2.6750718E-04  3.8667065E-06  4.8056359E-02  0.0000000E+00
  7.8507600E+01  3.9401658E-03 -4.6998227E-04  5.1616858E-06  4.7657660E-02  0.0000000E+00
  7.8507600E+01  4.0562688E-03 -7.6429857E-04  6.4804654E-06  4.7153894E-02  0.0000000E+00
  7.8507600E+01  3.9172471E-03 -1.1621234E-03  7.6347588E-06  4.6540837E-02  0.0000000E+00
  7.8507600E+01  3.6301328E-03 -1.6657108E-03  8.3913872E-06  4.5821842E-02  0.0000000E+00
  7.8507600E+01  3.3744538E-03 -2.2704769E-03  8.5232787E-06  4.5004613E-02  0.0000000E+00
  7.8507600E+01  3.3613518E-03 -2.9659749E-03  7.8759860E-06  4.4103824E-02  0.0000000E+00
  7.8507600E+01  3.7917519E-03 -3.7409099E-03  6.4227972E-06  4.3137400E-02  0.0000000E+00
  7.8507600E+01  4.8183689E-03 -4.5825541E-03  4.2921130E-06  4.2128023E-02  0.0000000E+00
  7.8507600E+01  6.5243495E-03 -5.4791403E-03  1.7426299E-06  4.1097641E-02  0.0000000E+00
  7.8507600E+01  8.9166597E-03 -6.4143375E-03 -8.9602914E-07  4.0068958E-02  0.0000000E+00
  7.8507600E+01  1.1934196E-02 -7.3661028E-03 -3.3099378E-06  3.9062010E-02  0.0000000E+00
  7.8507600E+01  1.5462233E-02 -8.3044503E-03 -5.2758717E-06  3.8093758E-02  0.0000000E+00
  7.8507600E+01  1.9353656E-02 -9.1918803E-03 -6.6479943E-06  3.7177695E-02  0.0000000E+00
  7.8507600E+01  2.3456106E-02 -9.9860396E-03 -7.3531200E-06  3.6322106E-02  0.0000000E+00
  7.8507600E+01  2.7621073E-02 -1.0640815E-02 -7.3527353E-06  3.5532263E-02  0.0000000E+00
  7.8507600E+01  3.1733654E-02 -1.1112870E-02 -6.5985781E-06  3.4808192E-02  0.0000000E+00
  7.8507600E+01  3.5718362E-02 -1.1364889E-02 -5.0179820E-06  3.4146943E-02  0.0000000E+00
  7.8507600E+01  3.9542835E-02 -1.1370698E-02 -2.5819225E-06  3.3543356E-02  0.0000000E+00
  7.8507600E+01  4.3218556E-02 -1.1117502E-02  4.9417586E-07  3.2989523E-02  0.0000000E+00
  7.8507600E+01  4.6785272E-02 -1.0603865E-02  3.7402989E-06  3.2477137E-02  0.0000000E+00
  7.8507600E+01  5.0313525E-02 -9.8360847E-03  6.5283644E-06  3.1997416E-02  0.0000000E+00
  7.8507600E+01  5.3899883E-02 -8.8376399E-03  8.4663981E-06  3.1542068E-02  0.0000000E+00
  7.8507600E+01  5.7642171E-02 -7.6440645E-03  9.2530395E-06  3.1102655E-02  0.0000000E+00
  7.8507600E+01  6.1616439E-02 -6.2943250E-03  8.5450866E-06  3.0672934E-02  0.0000000E+00
  7.8507600E+01  6.5893952E-02 -4.8106496E-03  6.1693869E-06  3.0246408E-02  0.0000000E+00
  7.8507600E+01  7.0544598E-02 -3.1919294E-03  2.5407497E-06  2.9816822E-02  0.0000000E+00
  7.8507600E+01  7.5631740E-02 -1.4348861E-03 -9.1816458E-07  2.9381119E-02  0.0000000E+00
  7.8507600E+01  8.1139364E-02  4.2557897E-04 -2.9464678E-06  2.8937767E-02  0.0000000E+00
  7.8507600E+01  8.7090153E-02  2.3446683E-03 -3.2389183E-06  2.8487134E-02  0.0000000E+00
  7.8507600E+01  9.3472667E-02  4.2556453E-03 -2.6716120E-06  2.8033538E-02  0.0000000E+00
  7.8507600E+01  1.0031335E-01  6.1210335E-03 -1.8183581E-06  2.7580725E-02  0.0000000E+00
  7.8507600E+01  1.0767948E-01  7.9102073E-03 -1.0674924E-06  2.7133905E-02  0.0000000E+00
  7.8507600E+01  1.1568184E-01  9.5746709E-03 -5.9792707E-07  2.6701353E-02  0.0000000E+00
  7.8507600E+01  1.2452177E-01  1.1050575E-02 -3.0676965E-07  2.6290318E-02  0.0000000E+00
  7.8507600E+01  1.3434472E-01  1.2262445E-02  6.8361073E-08  2.5907203E-02  0.0000000E+00
  7.8507600E+01  1.4497566E-01  1.3168797E-02  1.0525097E-06  2.5558555E-02  0.0000000E+00
  7.8507600E+01  1.5599336E-01  1.3763957E-02  3.2856409E-06  2.5251885E-02  0.0000000E+00
  7.8507600E+01  1.6696784E-01  1.4055493E-02  6.7983939E-06  2.4992419E-02  0.0000000E+00
  7.8507600E+01  1.7769630E-01  1.4019853E-02  1.0491875E-05  2.4786233E-02  0.0000000E+00
  7.8507600E+01  1.8809136E-01  1.3639520E-02  1.2867565E-05  2.4638669E-02  0.0000000E+00
  7.8507600E+01  1.9795362E-01  1.2922118E-02  1.3271314E-05  2.4554686E-02  0.0000000E+00
  7.8507600E+01  2.0703840E-01  1.1896580E-02  1.2685609E-05  2.4535936E-02  0.0000000E+00
  7.8507600E+01  2.1502821E-01  1.0617052E-02  1.2618391E-05  2.4582006E-02  0.0000000E+00
  7.8507600E+01  2.2158289E-01  9.1493376E-03  1.2853268E-05  2.4690461E-02  0.0000000E+00
  7.8507600E+01  2.2661640E-01  7.5257245E-03  9.7829796E-06  2.4857585E-02  0.0000000E+00
  7.8507600E+01  2.3029295E-01  5.7180888E-03  5.7512149E-06  2.5076332E-02  0.0000000E+00
  7.8507600E+01  2.3187973E-01  3.7941516E-03  2.8863398E-06  2.5333599E-02  0.0000000E+00
  7.8507600E+01  2.3047045E-01  1.8869508E-03  1.3970482E-06  2.5618114E-02  0.0000000E+00
  7.8507600E+01  2.2551573E-01  1.5038342E-04  6.8108286E-07  2.5917972E-02  0.0000000E+00
  7.8507600E+01  2.1725706E-01 -1.3025491E-03  9.6376589E-08  2.6217469E-02  0.0000000E+00
  7.8507600E+01  2.0636040E-01 -2.4736815E-03 -6.3470439E-07  2.6507018E-02  0.0000000E+00
  7.8507600E+01  1.9346796E-01 -3.3693724E-03 -1.6097673E-06  2.6774874E-02  0.0000000E+00
  7.8507600E+01  1.7937187E-01 -4.0882471E-03 -3.5296879E-06  2.7010378E-02  0.0000000E+00
  7.8507600E+01  1.6510533E-01 -4.6952142E-03 -8.5654069E-06  2.7202253E-02  0.0000000E+00
  7.8507600E+01  1.5113599E-01 -5.1764619E-03 -1.6077993E-05  2.7344730E-02  0.0000000E+00
  7.8507600E+01  1.3755159E-01 -5.4791500E-03 -2.3711388E-05  2.7436116E-02  0.0000000E+00
  7.8507600E+01  1.2449926E-01 -5.5709788E-03 -2.9030497E-05  2.7473400E-02  0.0000000E+00
  7.8507600E+01  1.1202611E-01 -5.4717812E-03 -3.0231597E-05  2.7451676E-02  0.0000000E+00
  7.8507600E+01  1.0037441E-01 -5.2393603E-03 -2.5412075E-05  2.7364179E-02  0.0000000E+00
  7.8507600E+01  8.9793058E-02 -4.9235438E-03 -1.1313207E-05  2.7208295E-02  0.0000000E+00
  7.8507600E+01  8.0452317E-02 -4.5536606E-03  2.9604212E-06  2.6985437E-02  0.0000000E+00
  7.8507600E+01  7.2257545E-02 -4.1571566E-03  1.4886066E-05  2.6699419E-02  0.0000000E+00
  7.8507600E+01  6.5121961E-02 -3.7549920E-03  2.4550781E-05  2.6355424E-02  0.0000000E+00
  7.8507600E+01  5.9066695E-02 -3.3686320E-03  3.0396159E-05  2.5962072E-02  0.0000000E+00
  7.8507600E+01  5.4096541E-02 -3.0167628E-03  3.1585860E-05  2.5530297E-02  0.0000000E+00
  7.8507600E+01  5.0073760E-02 -2.7032157E-03  2.8970893E-05  2.5065797E-02  0.0000000E+00
  7.8507600E+01  4.6786097E-02 -2.4179965E-03  2.4700637E-05  2.4572863E-02  0.0000000E+00
  7.8507600E+01  4.3999032E-02 -2.1471865E-03  2.0870712E-05  2.4056791E-02  0.0000000E+00
  7.8507600E+01  4.1667984E-02 -1.8823158E-03  1.6334433E-05  2.3519740E-02  0.0000000E+00
  7.8507600E+01  3.9510128E-02 -1.5906571E-03  1.2874110E-05  2.2965453E-02  0.0000000E+00
  7.8507600E+01  3.7614112E-02 -1.2894804E-03  1.1229634E-05  2.2401940E-02  0.0000000E+00
  7.8507600E+01  3.6139439E-02 -1.0205918E-03  1.0384040E-05  2.1836149E-02  0.0000000E+00
  7.8507600E+01  3.5122506E-02 -8.1305348E-04  8.6098953E-06  2.1275657E-02  0.0000000E+00
  7.8507600E+01  3.4425473E-02 -6.6681342E-04  4.6461297E-06  2.0727111E-02  0.0000000E+00
  7.8507600E+01  3.3808695E-02 -5.5734097E-04 -1.3258655E-06  2.0192731E-02  0.0000000E+00
  7.8507600E+01  3.3120784E-02 -4.6033126E-04 -7.5836229E-06  1.9673491E-02  0.0000000E+00
  7.8507600E+01  3.2476295E-02 -3.7636965E-04 -1.3336937E-05  1.9170114E-02  0.0000000E+00
  7.8507600E+01  3.1932136E-02 -3.0149786E-04 -1.4259130E-05  1.8678534E-02  0.0000000E+00
  7.8507600E+01  3.1440549E-02 -2.3558870E-04 -9.0418189E-06  1.8196094E-02  0.0000000E+00
  7.8507600E+01  3.1000846E-02 -1.9186992E-04 -2.0401595E-06  1.7722941E-02  0.0000000E+00
  7.8507600E+01  3.0614117E-02 -1.8111178E-04  3.9185335E-06  1.7256713E-02  0.0000000E+00
  7.8507600E+01  3.0252889E-02 -2.0224552E-04  9.3365712E-06  1.6798886E-02  0.0000000E+00
  7.8507600E+01  2.9852669E-02 -2.4108077E-04  1.6401267E-05  1.6348536E-02  0.0000000E+00
  7.8507600E+01  2.9336737E-02 -2.7681610E-04  2.5152855E-05  1.5905508E-02  0.0000000E+00
  7.8507600E+01  2.8664197E-02 -2.9494175E-04  3.0456828E-05  1.5469726E-02  0.0000000E+00
  7.8507600E+01  2.7886503E-02 -2.9268247E-04  2.9880805E-05  1.5041925E-02  0.0000000E+00
  7.8507600E+01  2.7082870E-02 -2.7852339E-04  2.5500506E-05  1.4621454E-02  0.0000000E+00
  7.8507600E+01  2.6308318E-02 -2.6312248E-04  2.0296925E-05  1.4210983E-02  0.0000000E+00
  7.8507600E+01  2.5567535E-02 -2.5072013E-04  1.5707778E-05  1.3809456E-02  0.0000000E+00
  7.8507600E+01  2.4847082E-02 -2.4120364E-04  1.1922252E-05  1.3414665E-02  0.0000000E+00
  7.8507600E+01  2.4142722E-02 -2.3342404E-04  8.5938514E-06  1.3027983E-02  0.0000000E+00
  7.8507600E+01  2.3457107E-02 -2.2734080E-04  5.4654832E-06  1.2648812E-02  0.0000000E+00
  7.8507600E+01  2.2798961E-02 -2.2305986E-04  2.6653865E-06  1.2277440E-02  0.0000000E+00
  7.8507600E+01  2.2104157E-02 -2.1373758E-04  2.5546651E-07  1.1913860E-02  0.0000000E+00
  7.8507600E+01  2.1355288E-02 -1.9626069E-04 -1.7212327E-06  1.1560212E-02  0.0000000E+00
  7.8507600E+01  2.0555552E-02 -1.7085074E-04 -3.4999857E-06  1.1217420E-02  0.0000000E+00
  7.8507600E+01  1.9738870E-02 -1.4288543E-04 -4.9026482E-06  1.0886510E-02  0.0000000E+00
  7.8507600E+01  1.8948426E-02 -1.1878665E-04 -5.5862587E-06  1.0565698E-02  0.0000000E+00
  7.8507600E+01  1.8234772E-02 -1.0334061E-04 -5.3445653E-06  1.0255184E-02  0.0000000E+00
  7.8507600E+01  1.7626316E-02 -9.7157971E-05 -4.3045076E-06  9.9527241E-03  0.0000000E+00
  7.8507600E+01  1.7111605E-02 -9.5553618E-05 -2.7617304E-06  9.6590530E-03  0.0000000E+00
  7.8507600E+01  1.6632060E-02 -9.3886926E-05 -9.0882260E-07  9.3757406E-03  0.0000000E+00
  7.8507600E+01  1.6129992E-02 -9.2068393E-05  1.0928171E-06  9.1039669E-03  0.0000000E+00
  7.8507600E+01  1.5585313E-02 -9.0434905E-05  2.7348365E-06  8.8451368E-03  0.0000000E+00
  7.8507600E+01  1.5011222E-02 -8.7180966E-05  3.4964821E-06  8.5979090E-03  0.0000000E+00
  7.8507600E+01  1.4429742E-02 -8.1012066E-05  3.2655908E-06  8.3619948E-03  0.0000000E+00
  7.8507600E+01  1.3855785E-02 -7.2490075E-05  2.3336556E-06  8.1357417E-03  0.0000000E+00
  7.8507600E+01  1.3300463E-02 -6.3505658E-05  1.1730276E-06  7.9182520E-03  0.0000000E+00
  7.8507600E+01  1.2773057E-02 -5.6468730E-05  2.0520885E-07  7.7092871E-03  0.0000000E+00
  7.8507600E+01  1.2278880E-02 -5.3279289E-05 -2.9720555E-07  7.5077284E-03  0.0000000E+00
  7.8507600E+01  1.1824488E-02 -5.2835153E-05 -3.6967488E-07  7.3141664E-03  0.0000000E+00
  7.8507600E+01  1.1393234E-02 -5.4487881E-05 -2.3139195E-07  7.1277550E-03  0.0000000E+00
  7.8507600E+01  1.0972602E-02 -5.5342415E-05 -1.0447402E-07  6.9491738E-03  0.0000000E+00
  7.8507600E+01  1.0555781E-02 -5.4457057E-05 -7.2869558E-08  6.7768584E-03  0.0000000E+00
