          atime         ptr_uu         ptr_vv         ptr_ww         pm1avg           tavg
  7.8507600E+01  0.0000000E+00  0.0000000E+00  0.0000000E+00  4.8925311E-02  0.0000000E+00
  7.8507600E+01  4.4949329E-04 -1.4308277E-07  3.1779382E-04  4.8925749E-02  0.0000000E+00
  7.8507600E+01  1.7835957E-03 -2.1581925E-06  1.2571051E-03  4.8927057E-02  0.0000000E+00
  7.8507600E+01  3.9594391E-03 -1.0498803E-05  2.7763618E-03  4.8929164E-02  0.0000000E+00
  7.8507600E+01  6.9055472E-03 -3.1506658E-05  4.8078352E-03  4.8931768E-02  0.0000000E+00
  7.8507600E+01  1.0522996E-02 -7.1913374E-05  7.2610233E-03  4.8934060E-02  0.0000000E+00
  7.8507600E+01  1.4680227E-02 -1.3729947E-04  1.0023109E-02  4.8934343E-02  0.0000000E+00
  7.8507600E+01  1.9209642E-02 -2.3049857E-04  1.2962214E-02  4.8929592E-02  0.0000000E+00
  7.8507600E+01  2.3900162E-02 -3.4961981E-04  1.5929014E-02  4.8914952E-02  0.0000000E+00
  7.8507600E+01  2.8489194E-02 -4.8624906E-04  1.8758247E-02  4.8883300E-02  0.0000000E+00
  7.8507600E+01  3.2659404E-02 -6.2348668E-04  2.1272011E-02  4.8824957E-02  0.0000000E+00
  7.8507600E+01  3.6050373E-02 -7.3118537E-04  2.3288720E-02  4.8727747E-02  0.0000000E+00
  7.8507600E+01  3.8292894E-02 -7.7026134E-04  2.4640181E-02  4.8577445E-02  0.0000000E+00
  7.8507600E+01  3.9061358E-02 -6.9352958E-04  2.5192809E-02  4.8358510E-02  0.0000000E+00
  7.8507600E+01  3.8133720E-02 -4.5412817E-04  2.4869581E-02  4.8056359E-02  0.0000000E+00
  7.8507600E+01  3.5445198E-02 -2.3057233E-05  2.3671272E-02  4.7657660E-02  0.0000000E+00
  7.8507600E+01  3.1113622E-02  6.0065921E-04  2.1685208E-02  4.7153894E-02  0.0000000E+00
  7.8507600E+01  2.5417387E-02  1.3954170E-03  1.9074271E-02  4.6540837E-02  0.0000000E+00
  7.8507600E+01  1.8769310E-02  2.3018053E-03  1.6065332E-02  4.5821842E-02  0.0000000E+00
  7.8507600E+01  1.1622615E-02  3.2485275E-03  1.2906747E-02  4.5004613E-02  0.0000000E+00
  7.8507600E+01  4.4174902E-03  4.1701284E-03  9.8505185E-03  4.4103824E-02  0.0000000E+00
  7.8507600E+01 -2.5042080E-03  5.0376512E-03  7.1150369E-03  4.3137400E-02  0.0000000E+00
  7.8507600E+01 -8.9104528E-03  5.8544482E-03  4.8728277E-03  4.2128023E-02  0.0000000E+00
  7.8507600E+01 -1.4701682E-02  6.6493483E-03  3.2288968E-03  4.1097641E-02  0.0000000E+00
  7.8507600E+01 -1.9853249E-02  7.4534812E-03  2.2300429E-03  4.0068958E-02  0.0000000E+00
  7.8507600E+01 -2.4395398E-02  8.2652390E-03  1.8699965E-03  3.9062010E-02  0.0000000E+00
  7.8507600E+01 -2.8381588E-02  9.0461245E-03  2.1069174E-03  3.8093758E-02  0.0000000E+00
  7.8507600E+01 -3.1861064E-02  9.7196122E-03  2.8749171E-03  3.7177695E-02  0.0000000E+00
  7.8507600E+01 -3.4891170E-02  1.0185314E-02  4.0992070E-03  3.6322106E-02  0.0000000E+00
  7.8507600E+01 -3.7531096E-02  1.0360711E-02  5.6973019E-03  3.5532263E-02  0.0000000E+00
  7.8507600E+01 -3.9849676E-02  1.0205956E-02  7.5842652E-03  3.4808192E-02  0.0000000E+00
  7.8507600E+01 -4.1924189E-02  9.7385635E-03  9.6728005E-03  3.4146943E-02  0.0000000E+00
  7.8507600E+01 -4.3842263E-02  9.0430236E-03  1.1876574E-02  3.3543356E-02  0.0000000E+00
  7.8507600E+01 -4.5697125E-02  8.2699947E-03  1.4125121E-02  3.2989523E-02  0.0000000E+00
  7.8507600E+01 -4.7599629E-02  7.5530022E-03  1.6365782E-02  3.2477137E-02  0.0000000E+00
  7.8507600E+01 -4.9648833E-02  7.0410929E-03  1.8554161E-02  3.1997416E-02  0.0000000E+00
  7.8507600E+01 -5.1866990E-02  6.7948373E-03  2.0650472E-02  3.1542068E-02  0.0000000E+00
  7.8507600E+01 -5.4242916E-02  6.8252697E-03  2.2622334E-02  3.1102655E-02  0.0000000E+00
  7.8507600E+01 -5.6796544E-02  7.1225793E-03  2.4437400E-02  3.0672934E-02  0.0000000E+00
  7.8507600E+01 -5.9577054E-02  7.6572515E-03  2.6078284E-02  3.0246408E-02  0.0000000E+00
  7.8507600E+01 -6.2605262E-02  8.3952522E-03  2.7546336E-02  2.9816822E-02  0.0000000E+00
  7.8507600E+01 -6.5865581E-02  9.3924553E-03  2.8867634E-02  2.9381119E-02  0.0000000E+00
  7.8507600E+01 -6.9278863E-02  1.0572277E-02  3.0129071E-02  2.8937767E-02  0.0000000E+00
  7.8507600E+01 -7.2855955E-02  1.2217682E-02  3.1425828E-02  2.8487134E-02  0.0000000E+00
  7.8507600E+01 -7.6608756E-02  1.4431807E-02  3.2877703E-02  2.8033538E-02  0.0000000E+00
  7.8507600E+01 -8.0636654E-02  1.7307229E-02  3.4620837E-02  2.7580725E-02  0.0000000E+00
  7.8507600E+01 -8.5021126E-02  2.0863729E-02  3.6746947E-02  2.7133905E-02  0.0000000E+00
  7.8507600E+01 -8.9760697E-02  2.4983814E-02  3.9253077E-02  2.6701353E-02  0.0000000E+00
  7.8507600E+01 -9.4814690E-02  2.9443965E-02  4.2039780E-02  2.6290318E-02  0.0000000E+00
  7.8507600E+01 -1.0016656E-01  3.4013473E-02  4.4917787E-02  2.5907203E-02  0.0000000E+00
  7.8507600E+01 -1.0564093E-01  3.8282107E-02  4.7754408E-02  2.5558555E-02  0.0000000E+00
  7.8507600E+01 -1.1104138E-01  4.2117907E-02  5.0392570E-02  2.5251885E-02  0.0000000E+00
  7.8507600E+01 -1.1621270E-01  4.5464846E-02  5.2741187E-02  2.4992419E-02  0.0000000E+00
  7.8507600E+01 -1.2106883E-01  4.8242131E-02  5.4702022E-02  2.4786233E-02  0.0000000E+00
  7.8507600E+01 -1.2552676E-01  5.0343394E-02  5.6223851E-02  2.4638669E-02  0.0000000E+00
  7.8507600E+01 -1.2941248E-01  5.1630736E-02  5.7327587E-02  2.4554686E-02  0.0000000E+00
  7.8507600E+01 -1.3255676E-01  5.2053963E-02  5.8098676E-02  2.4535936E-02  0.0000000E+00
  7.8507600E+01 -1.3489478E-01  5.1762112E-02  5.8542134E-02  2.4582006E-02  0.0000000E+00
  7.8507600E+01 -1.3650961E-01  5.0907046E-02  5.8517118E-02  2.4690461E-02  0.0000000E+00
  7.8507600E+01 -1.3758230E-01  4.9519791E-02  5.7865755E-02  2.4857585E-02  0.0000000E+00
  7.8507600E+01 -1.3826496E-01  4.7588452E-02  5.6576327E-02  2.5076332E-02  0.0000000E+00
  7.8507600E+01 -1.3820426E-01  4.5118318E-02  5.4732300E-02  2.5333599E-02  0.0000000E+00
  7.8507600E+01 -1.3693568E-01  4.2254597E-02  5.2498404E-02  2.5618114E-02  0.0000000E+00
  7.8507600E+01 -1.3408758E-01  3.9199447E-02  5.0115126E-02  2.5917972E-02  0.0000000E+00
  7.8507600E+01 -1.2956905E-01  3.6117710E-02  4.7783950E-02  2.6217469E-02  0.0000000E+00
  7.8507600E+01 -1.2359172E-01  3.3010788E-02  4.5458072E-02  2.6507018E-02  0.0000000E+00
  7.8507600E+01 -1.1688781E-01  2.9916497E-02  4.3062957E-02  2.6774874E-02  0.0000000E+00
  7.8507600E+01 -1.0999441E-01  2.7214439E-02  4.0695607E-02  2.7010378E-02  0.0000000E+00
  7.8507600E+01 -1.0314743E-01  2.5055115E-02  3.8469710E-02  2.7202253E-02  0.0000000E+00
  7.8507600E+01 -9.6063743E-02  2.3184743E-02  3.6483885E-02  2.7344730E-02  0.0000000E+00
  7.8507600E+01 -8.8607040E-02  2.1435566E-02  3.4620675E-02  2.7436116E-02  0.0000000E+00
  7.8507600E+01 -8.0972539E-02  1.9780354E-02  3.2716137E-02  2.7473400E-02  0.0000000E+00
  7.8507600E+01 -7.3424841E-02  1.8287172E-02  3.0669050E-02  2.7451676E-02  0.0000000E+00
  7.8507600E+01 -6.6314170E-02  1.7064413E-02  2.8540904E-02  2.7364179E-02  0.0000000E+00
  7.8507600E+01 -5.9966578E-02  1.6037284E-02  2.6414850E-02  2.7208295E-02  0.0000000E+00
  7.8507600E+01 -5.4256908E-02  1.5372157E-02  2.4426062E-02  2.6985437E-02  0.0000000E+00
  7.8507600E+01 -4.9174613E-02  1.5038212E-02  2.2622460E-02  2.6699419E-02  0.0000000E+00
  7.8507600E+01 -4.4592865E-02  1.4837087E-02  2.1106410E-02  2.6355424E-02  0.0000000E+00
  7.8507600E+01 -4.0577264E-02  1.4589881E-02  1.9811993E-02  2.5962072E-02  0.0000000E+00
  7.8507600E+01 -3.7191314E-02  1.4219666E-02  1.8638096E-02  2.5530297E-02  0.0000000E+00
  7.8507600E+01 -3.4372636E-02  1.3764640E-02  1.7510765E-02  2.5065797E-02  0.0000000E+00
  7.8507600E+01 -3.2000427E-02  1.3317218E-02  1.6416743E-02  2.4572863E-02  0.0000000E+00
  7.8507600E+01 -2.9992364E-02  1.2861784E-02  1.5367236E-02  2.4056791E-02  0.0000000E+00
  7.8507600E+01 -2.8258190E-02  1.2298178E-02  1.4381918E-02  2.3519740E-02  0.0000000E+00
  7.8507600E+01 -2.6904905E-02  1.1676464E-02  1.3470812E-02  2.2965453E-02  0.0000000E+00
  7.8507600E+01 -2.5889300E-02  1.1030468E-02  1.2673298E-02  2.2401940E-02  0.0000000E+00
  7.8507600E+01 -2.5116546E-02  1.0403893E-02  1.2001934E-02  2.1836149E-02  0.0000000E+00
  7.8507600E+01 -2.4519597E-02  9.7936711E-03  1.1444998E-02  2.1275657E-02  0.0000000E+00
  7.8507600E+01 -2.4047002E-02  9.1774478E-03  1.0976904E-02  2.0727111E-02  0.0000000E+00
  7.8507600E+01 -2.3634548E-02  8.5644393E-03  1.0567442E-02  2.0192731E-02  0.0000000E+00
  7.8507600E+01 -2.3215548E-02  8.0089687E-03  1.0186196E-02  1.9673491E-02  0.0000000E+00
  7.8507600E+01 -2.2744534E-02  7.5772643E-03  9.8314912E-03  1.9170114E-02  0.0000000E+00
  7.8507600E+01 -2.2250556E-02  7.3415111E-03  9.5078680E-03  1.8678534E-02  0.0000000E+00
  7.8507600E+01 -2.1741940E-02  7.2758289E-03  9.2376112E-03  1.8196094E-02  0.0000000E+00
  7.8507600E+01 -2.1165611E-02  7.3466937E-03  9.0151893E-03  1.7722941E-02  0.0000000E+00
  7.8507600E+01 -2.0520580E-02  7.4713813E-03  8.8025249E-03  1.7256713E-02  0.0000000E+00
  7.8507600E+01 -1.9860028E-02  7.5567975E-03  8.5664275E-03  1.6798886E-02  0.0000000E+00
  7.8507600E+01 -1.9229044E-02  7.5621662E-03  8.2985766E-03  1.6348536E-02  0.0000000E+00
  7.8507600E+01 -1.8632306E-02  7.5168175E-03  8.0165981E-03  1.5905508E-02  0.0000000E+00
  7.8507600E+01 -1.8051264E-02  7.4186565E-03  7.7423128E-03  1.5469726E-02  0.0000000E+00
  7.8507600E+01 -1.7491910E-02  7.2699988E-03  7.4958789E-03  1.5041925E-02  0.0000000E+00
  7.8507600E+01 -1.6987423E-02  7.0917653E-03  7.2649052E-03  1.4621454E-02  0.0000000E+00
  7.8507600E+01 -1.6511809E-02  6.9036148E-03  7.0561509E-03  1.4210983E-02  0.0000000E+00
  7.8507600E+01 -1.6044619E-02  6.7094201E-03  6.8633367E-03  1.3809456E-02  0.0000000E+00
  7.8507600E+01 -1.5567084E-02  6.4763297E-03  6.6792070E-03  1.3414665E-02  0.0000000E+00
  7.8507600E+01 -1.5080864E-02  6.1721146E-03  6.5065999E-03  1.3027983E-02  0.0000000E+00
  7.8507600E+01 -1.4612891E-02  5.8059311E-03  6.3547756E-03  1.2648812E-02  0.0000000E+00
  7.8507600E+01 -1.4204444E-02  5.4299548E-03  6.2203456E-03  1.2277440E-02  0.0000000E+00
  7.8507600E+01 -1.3807559E-02  5.0937639E-03  6.1145711E-03  1.1913860E-02  0.0000000E+00
  7.8507600E+01 -1.3438053E-02  4.7996435E-03  5.9975097E-03  1.1560212E-02  0.0000000E+00
  7.8507600E+01 -1.3073926E-02  4.5531170E-03  5.8614825E-03  1.1217420E-02  0.0000000E+00
  7.8507600E+01 -1.2722992E-02  4.3669627E-03  5.7048705E-03  1.0886510E-02  0.0000000E+00
  7.8507600E+01 -1.2378493E-02  4.2282137E-03  5.5297183E-03  1.0565698E-02  0.0000000E+00
  7.8507600E+01 -1.2030762E-02  4.1041194E-03  5.3415362E-03  1.0255184E-02  0.0000000E+00
  7.8507600E+01 -1.1680905E-02  3.9619652E-03  5.1432809E-03  9.9527241E-03  0.0000000E+00
  7.8507600E+01 -1.1337840E-02  3.7933416E-03  4.9348266E-03  9.6590530E-03  0.0000000E+00
  7.8507600E+01 -1.0959289E-02  3.6082355E-03  4.7283254E-03  9.3757406E-03  0.0000000E+00
  7.8507600E+01 -1.0532501E-02  3.4238673E-03  4.5147786E-03  9.1039669E-03  0.0000000E+00
  7.8507600E+01 -1.0087624E-02  3.2448403E-03  4.2900783E-03  8.8451368E-03  0.0000000E+00
  7.8507600E+01 -9.6390239E-03  3.0643617E-03  4.0662117E-03  8.5979090E-03  0.0000000E+00
  7.8507600E+01 -9.1995251E-03  2.8731027E-03  3.8570004E-03  8.3619948E-03  0.0000000E+00
  7.8507600E+01 -8.7803832E-03  2.6684098E-03  3.6680414E-03  8.1357417E-03  0.0000000E+00
  7.8507600E+01 -8.3945325E-03  2.4651775E-03  3.4949534E-03  7.9182520E-03  0.0000000E+00
  7.8507600E+01 -8.0513605E-03  2.2921814E-03  3.3259014E-03  7.7092871E-03  0.0000000E+00
  7.8507600E+01 -7.7407461E-03  2.1532415E-03  3.1565418E-03  7.5077284E-03  0.0000000E+00
  7.8507600E+01 -7.4213413E-03  2.0654049E-03  2.9944359E-03  7.3141664E-03  0.0000000E+00
  7.8507600E+01 -7.0984953E-03  2.0112536E-03  2.8427657E-03  7.1277550E-03  0.0000000E+00
  7.8507600E+01 -6.7772525E-03  1.9831747E-03  2.7164308E-03  6.9491738E-03  0.0000000E+00
  7.8507600E+01 -6.4678323E-03  1.9855481E-03  2.6207958E-03  6.7768584E-03  0.0000000E+00
