          atime         vdf_uu         vdf_vv         vdf_ww         pm1avg           tavg
  7.8507600E+01  1.0173892E-01 -1.5441688E-08  8.9498112E-02  4.8925311E-02  0.0000000E+00
  7.8507600E+01  1.0054167E-01  4.8830454E-07  8.8679558E-02  4.8925749E-02  0.0000000E+00
  7.8507600E+01  9.7004031E-02  7.5459523E-06  8.6269424E-02  4.8927057E-02  0.0000000E+00
  7.8507600E+01  9.1242416E-02  3.7053086E-05  8.2380043E-02  4.8929164E-02  0.0000000E+00
  7.8507600E+01  8.3385078E-02  1.1299543E-04  7.7159834E-02  4.8931768E-02  0.0000000E+00
  7.8507600E+01  7.3582120E-02  2.6391572E-04  7.0784039E-02  4.8934060E-02  0.0000000E+00
  7.8507600E+01  6.1970287E-02  5.1838314E-04  6.3414951E-02  4.8934343E-02  0.0000000E+00
  7.8507600E+01  4.8636911E-02  8.9977578E-04  5.5150127E-02  4.8929592E-02  0.0000000E+00
  7.8507600E+01  3.3911637E-02  1.4203531E-03  4.6128930E-02  4.8914952E-02  0.0000000E+00
  7.8507600E+01  1.8177222E-02  2.0756089E-03  3.6406807E-02  4.8883300E-02  0.0000000E+00
  7.8507600E+01  2.3691194E-03  2.8390772E-03  2.6209882E-02  4.8824957E-02  0.0000000E+00
  7.8507600E+01 -1.2255041E-02  3.6601735E-03  1.5869639E-02  4.8727747E-02  0.0000000E+00
  7.8507600E+01 -2.4188383E-02  4.4669565E-03  5.8861226E-03  4.8577445E-02  0.0000000E+00
  7.8507600E+01 -3.2130724E-02  5.1751383E-03 -3.1801336E-03  4.8358510E-02  0.0000000E+00
  7.8507600E+01 -3.5320471E-02  5.6982571E-03 -1.0765162E-02  4.8056359E-02  0.0000000E+00
  7.8507600E+01 -3.3792248E-02  5.9668136E-03 -1.6465574E-02  4.7657660E-02  0.0000000E+00
  7.8507600E+01 -2.8408163E-02  5.9385220E-03 -2.0099347E-02  4.7153894E-02  0.0000000E+00
  7.8507600E+01 -2.0654762E-02  5.6155779E-03 -2.1759746E-02  4.6540837E-02  0.0000000E+00
  7.8507600E+01 -1.2033098E-02  5.0377488E-03 -2.1706069E-02  4.5821842E-02  0.0000000E+00
  7.8507600E+01 -3.9179363E-03  4.2832699E-03 -2.0363005E-02  4.5004613E-02  0.0000000E+00
  7.8507600E+01  2.7757349E-03  3.4366243E-03 -1.8161373E-02  4.4103824E-02  0.0000000E+00
  7.8507600E+01  7.5543327E-03  2.5717815E-03 -1.5494835E-02  4.3137400E-02  0.0000000E+00
  7.8507600E+01  1.0309270E-02  1.7494514E-03 -1.2689222E-02  4.2128023E-02  0.0000000E+00
  7.8507600E+01  1.1239825E-02  1.0103583E-03 -9.9756655E-03  4.1097641E-02  0.0000000E+00
  7.8507600E+01  1.0705667E-02  3.8054767E-04 -7.5020818E-03  4.0068958E-02  0.0000000E+00
  7.8507600E+01  9.1556383E-03 -1.1908544E-04 -5.3336140E-03  3.9062010E-02  0.0000000E+00
  7.8507600E+01  7.0353639E-03 -4.8339483E-04 -3.4916340E-03  3.8093758E-02  0.0000000E+00
  7.8507600E+01  4.7382953E-03 -7.1973973E-04 -1.9669021E-03  3.7177695E-02  0.0000000E+00
  7.8507600E+01  2.4888993E-03 -8.5053331E-04 -7.4470084E-04  3.6322106E-02  0.0000000E+00
  7.8507600E+01  4.2059910E-04 -9.0296405E-04  1.9228087E-04  3.5532263E-02  0.0000000E+00
  7.8507600E+01 -1.3562732E-03 -8.9706135E-04  8.7428913E-04  3.4808192E-02  0.0000000E+00
  7.8507600E+01 -2.7479269E-03 -8.3513026E-04  1.3398573E-03  3.4146943E-02  0.0000000E+00
  7.8507600E+01 -3.6880471E-03 -7.0752555E-04  1.6119628E-03  3.3543356E-02  0.0000000E+00
  7.8507600E+01 -4.0681417E-03 -5.2933116E-04  1.6597885E-03  3.2989523E-02  0.0000000E+00
  7.8507600E+01 -4.0524215E-03 -3.2655329E-04  1.5081197E-03  3.2477137E-02  0.0000000E+00
  7.8507600E+01 -3.6495961E-03 -1.5190900E-04  1.2077758E-03  3.1997416E-02  0.0000000E+00
  7.8507600E+01 -3.0853761E-03 -2.6859268E-05  8.5254891E-04  3.1542068E-02  0.0000000E+00
  7.8507600E+01 -2.6252349E-03  2.7490240E-05  5.2044455E-04  3.1102655E-02  0.0000000E+00
  7.8507600E+01 -2.4497341E-03 -6.7905579E-06  2.8409801E-04  3.0672934E-02  0.0000000E+00
  7.8507600E+01 -2.5190962E-03 -1.2613023E-04  1.3925528E-04  3.0246408E-02  0.0000000E+00
  7.8507600E+01 -2.5431563E-03 -2.9231264E-04 -1.8394704E-05  2.9816822E-02  0.0000000E+00
  7.8507600E+01 -2.2174595E-03 -4.5619464E-04 -1.4191550E-04  2.9381119E-02  0.0000000E+00
  7.8507600E+01 -1.6413845E-03 -5.9960418E-04 -5.1389576E-05  2.8937767E-02  0.0000000E+00
  7.8507600E+01 -9.8376758E-04 -7.2508848E-04  2.0828206E-04  2.8487134E-02  0.0000000E+00
  7.8507600E+01 -3.8842369E-04 -8.4747550E-04  5.6042930E-04  2.8033538E-02  0.0000000E+00
  7.8507600E+01  1.2114896E-04 -9.8634273E-04  8.2407082E-04  2.7580725E-02  0.0000000E+00
  7.8507600E+01  5.1890677E-04 -1.1377123E-03  9.1344572E-04  2.7133905E-02  0.0000000E+00
  7.8507600E+01  7.4037292E-04 -1.2772031E-03  8.3678804E-04  2.6701353E-02  0.0000000E+00
  7.8507600E+01  6.9547206E-04 -1.3892828E-03  5.9781717E-04  2.6290318E-02  0.0000000E+00
  7.8507600E+01  2.3672568E-04 -1.5007228E-03  1.9636843E-04  2.5907203E-02  0.0000000E+00
  7.8507600E+01 -2.6405590E-04 -1.5985450E-03 -4.2481121E-04  2.5558555E-02  0.0000000E+00
  7.8507600E+01 -6.4894826E-04 -1.6628479E-03 -1.2007660E-03  2.5251885E-02  0.0000000E+00
  7.8507600E+01 -8.0845893E-04 -1.6754620E-03 -1.4172486E-03  2.4992419E-02  0.0000000E+00
  7.8507600E+01 -8.6025529E-04 -1.6631364E-03 -1.0341642E-03  2.4786233E-02  0.0000000E+00
  7.8507600E+01 -9.7989672E-04 -1.6407210E-03 -5.0389088E-04  2.4638669E-02  0.0000000E+00
  7.8507600E+01 -1.3321867E-03 -1.5929171E-03 -3.0657506E-04  2.4554686E-02  0.0000000E+00
  7.8507600E+01 -2.0344682E-03 -1.4981034E-03 -5.2220940E-04  2.4535936E-02  0.0000000E+00
  7.8507600E+01 -2.7657131E-03 -1.3597716E-03 -8.9677453E-04  2.4582006E-02  0.0000000E+00
  7.8507600E+01 -3.5619621E-03 -1.1926305E-03 -1.3831182E-03  2.4690461E-02  0.0000000E+00
  7.8507600E+01 -4.6396025E-03 -9.6903322E-04 -1.6699404E-03  2.4857585E-02  0.0000000E+00
  7.8507600E+01 -4.6696072E-03 -7.0701497E-04 -1.7590803E-03  2.5076332E-02  0.0000000E+00
  7.8507600E+01 -3.9835896E-03 -4.7633885E-04 -1.4101402E-03  2.5333599E-02  0.0000000E+00
  7.8507600E+01 -3.3123143E-03 -3.1334278E-04 -7.2894113E-04  2.5618114E-02  0.0000000E+00
  7.8507600E+01 -3.1006837E-03 -2.0120207E-04 -1.4704004E-04  2.5917972E-02  0.0000000E+00
  7.8507600E+01 -3.0566503E-03 -9.5168865E-05 -1.4268112E-05  2.6217469E-02  0.0000000E+00
  7.8507600E+01 -2.4688228E-03  2.7910360E-05 -1.6874949E-04  2.6507018E-02  0.0000000E+00
  7.8507600E+01 -1.9510713E-03  1.5942060E-04 -4.6529705E-04  2.6774874E-02  0.0000000E+00
  7.8507600E+01 -1.5783457E-03  3.2001430E-04 -3.3248592E-04  2.7010378E-02  0.0000000E+00
  7.8507600E+01 -1.2797177E-03  4.3198521E-04  2.2320719E-04  2.7202253E-02  0.0000000E+00
  7.8507600E+01 -8.7930362E-04  4.7931513E-04  5.1709855E-04  2.7344730E-02  0.0000000E+00
  7.8507600E+01 -1.9081119E-04  4.8122649E-04  4.4982262E-04  2.7436116E-02  0.0000000E+00
  7.8507600E+01  5.3791548E-04  4.7682865E-04  2.0709992E-04  2.7473400E-02  0.0000000E+00
  7.8507600E+01  9.6077448E-04  4.8329205E-04  6.5126698E-05  2.7451676E-02  0.0000000E+00
  7.8507600E+01  1.1002999E-03  4.6897632E-04  1.7413641E-04  2.7364179E-02  0.0000000E+00
  7.8507600E+01  1.1735752E-03  4.0312456E-04  1.3722826E-04  2.7208295E-02  0.0000000E+00
  7.8507600E+01  1.3208838E-03  3.6432483E-04  1.3066615E-04  2.6985437E-02  0.0000000E+00
  7.8507600E+01  1.4796408E-03  3.0057463E-04  2.1877446E-04  2.6699419E-02  0.0000000E+00
  7.8507600E+01  1.3972728E-03  2.2650441E-04  2.5482279E-04  2.6355424E-02  0.0000000E+00
  7.8507600E+01  1.2232680E-03  1.5328958E-04  2.3355808E-04  2.5962072E-02  0.0000000E+00
  7.8507600E+01  1.0664485E-03  1.0156926E-04  1.5328536E-04  2.5530297E-02  0.0000000E+00
  7.8507600E+01  9.5142997E-04  8.1775355E-05  4.5296280E-05  2.5065797E-02  0.0000000E+00
  7.8507600E+01  8.9225218E-04  7.5309033E-05  6.4445254E-06  2.4572863E-02  0.0000000E+00
  7.8507600E+01  6.9830374E-04  5.3031190E-05  1.8295162E-05  2.4056791E-02  0.0000000E+00
  7.8507600E+01  7.2722307E-04  2.7119709E-05  2.6519012E-05  2.3519740E-02  0.0000000E+00
  7.8507600E+01  8.7243253E-04 -2.4174244E-05  1.4806604E-04  2.2965453E-02  0.0000000E+00
  7.8507600E+01  7.5038153E-04 -6.5667166E-05  1.6357682E-04  2.2401940E-02  0.0000000E+00
  7.8507600E+01  5.1915493E-04 -9.0544501E-05  1.2530417E-04  2.1836149E-02  0.0000000E+00
  7.8507600E+01  3.3384954E-04 -9.9654212E-05  8.1006300E-05  2.1275657E-02  0.0000000E+00
  7.8507600E+01  2.2038756E-04 -9.6123273E-05  3.7781610E-05  2.0727111E-02  0.0000000E+00
  7.8507600E+01  1.4375969E-04 -8.7721173E-05  3.2432659E-05  2.0192731E-02  0.0000000E+00
  7.8507600E+01  8.0373596E-05 -8.0522116E-05  1.2802740E-04  1.9673491E-02  0.0000000E+00
  7.8507600E+01 -6.0593464E-05 -5.3203290E-05  2.0065995E-04  1.9170114E-02  0.0000000E+00
  7.8507600E+01 -7.3362029E-06 -3.0762488E-05  1.8907316E-04  1.8678534E-02  0.0000000E+00
  7.8507600E+01  2.1188906E-05 -1.5145904E-05  1.0298524E-04  1.8196094E-02  0.0000000E+00
  7.8507600E+01 -4.8510515E-05 -2.4907276E-07  1.6856990E-05  1.7722941E-02  0.0000000E+00
  7.8507600E+01 -1.9105370E-04  1.4609419E-05 -2.3839028E-05  1.7256713E-02  0.0000000E+00
  7.8507600E+01 -3.4924226E-04  2.6173858E-05 -3.4598542E-05  1.6798886E-02  0.0000000E+00
  7.8507600E+01 -4.3411742E-04  3.0849351E-05 -5.7423719E-05  1.6348536E-02  0.0000000E+00
  7.8507600E+01 -3.7769316E-04  2.8702760E-05 -9.1882637E-05  1.5905508E-02  0.0000000E+00
  7.8507600E+01 -3.1716505E-04  2.5363758E-05 -9.4695627E-05  1.5469726E-02  0.0000000E+00
  7.8507600E+01 -1.7641428E-04  1.4043330E-05 -4.3426040E-05  1.5041925E-02  0.0000000E+00
  7.8507600E+01 -1.0612648E-04  5.7516736E-06  6.2826144E-05  1.4621454E-02  0.0000000E+00
  7.8507600E+01 -8.5140573E-05  6.1271102E-06  1.1438207E-04  1.4210983E-02  0.0000000E+00
  7.8507600E+01 -3.5747928E-05  1.1266841E-05  8.7972247E-05  1.3809456E-02  0.0000000E+00
  7.8507600E+01  4.2549181E-05  1.5325690E-05  1.8595194E-05  1.3414665E-02  0.0000000E+00
  7.8507600E+01  7.7004452E-05  1.6538502E-05 -3.5494781E-05  1.3027983E-02  0.0000000E+00
  7.8507600E+01  1.1071294E-05  1.7851818E-05 -3.8599126E-05  1.2648812E-02  0.0000000E+00
  7.8507600E+01 -8.7165841E-05  1.7253379E-05 -2.8482869E-05  1.2277440E-02  0.0000000E+00
  7.8507600E+01 -1.7068135E-06  1.0159672E-05  4.1422261E-06  1.1913860E-02  0.0000000E+00
  7.8507600E+01  1.1357464E-04 -3.1293401E-06  2.7456387E-06  1.1560212E-02  0.0000000E+00
  7.8507600E+01  1.9239232E-04 -1.1144256E-05 -1.1842735E-05  1.1217420E-02  0.0000000E+00
  7.8507600E+01  1.9919418E-04 -8.0181732E-06 -2.0418025E-05  1.0886510E-02  0.0000000E+00
  7.8507600E+01  1.2331385E-04  3.4329807E-06 -1.9526420E-05  1.0565698E-02  0.0000000E+00
  7.8507600E+01  3.3976961E-06  1.3598797E-05 -1.6121020E-05  1.0255184E-02  0.0000000E+00
  7.8507600E+01 -7.2720165E-05  1.2858870E-05 -1.1254606E-05  9.9527241E-03  0.0000000E+00
  7.8507600E+01 -4.4355496E-05  2.2085193E-06  1.8532987E-05  9.6590530E-03  0.0000000E+00
  7.8507600E+01  4.0834960E-06 -8.6500001E-06  5.7739745E-05  9.3757406E-03  0.0000000E+00
  7.8507600E+01  2.5884994E-05 -1.5633495E-05  8.1387375E-05  9.1039669E-03  0.0000000E+00
  7.8507600E+01  5.9077234E-06 -1.2676069E-05  8.1234734E-05  8.8451368E-03  0.0000000E+00
  7.8507600E+01 -8.8854165E-06 -5.6723867E-06  5.4141171E-05  8.5979090E-03  0.0000000E+00
  7.8507600E+01 -4.5054587E-06 -5.7411159E-08  1.3843491E-05  8.3619948E-03  0.0000000E+00
  7.8507600E+01 -6.9445232E-06  3.3094221E-06 -2.0553733E-05  8.1357417E-03  0.0000000E+00
  7.8507600E+01 -3.7343931E-05  6.5385751E-06 -3.4611334E-05  7.9182520E-03  0.0000000E+00
  7.8507600E+01 -6.7320280E-05  9.7427574E-06 -2.7598906E-05  7.7092871E-03  0.0000000E+00
  7.8507600E+01 -6.4170121E-05  9.7861688E-06 -1.7689396E-05  7.5077284E-03  0.0000000E+00
  7.8507600E+01 -7.2162397E-05  9.2136881E-06  1.1737487E-05  7.3141664E-03  0.0000000E+00
  7.8507600E+01 -6.1374881E-05  7.9930554E-06  3.7035110E-05  7.1277550E-03  0.0000000E+00
  7.8507600E+01 -5.2140719E-05  1.0191241E-05  4.2766340E-05  6.9491738E-03  0.0000000E+00
  7.8507600E+01 -4.8347289E-05  1.5058339E-05  3.3236246E-05  6.7768584E-03  0.0000000E+00
