Subject: Wavy Wall Data - x/lambda = 0.4, uavg
 
 y            v1avg        v1intensity  v1gamma      v1skewness   v1flatness
 
   7.620E-03   -3.163E-01    9.283E-01    3.438E-01    4.943E-01    5.719E+00
   1.016E-02   -4.423E-01    8.899E-01    2.875E-01    2.320E-01    5.024E+00
   1.270E-02   -4.826E-01    9.311E-01    2.703E-01    6.555E-01    7.547E+00
   1.524E-02   -4.398E-01    9.566E-01    2.876E-01    6.150E-01    6.336E+00
   1.778E-02   -4.360E-01    9.909E-01    3.017E-01   -9.960E-01    3.272E+01
   2.032E-02   -4.250E-01    9.619E-01    3.020E-01    5.137E-01    5.410E+00
   2.540E-02   -4.771E-01    9.943E-01    2.837E-01    4.966E-01    5.459E+00
   3.048E-02   -5.177E-01    1.019E+00    2.829E-01    2.322E-01    4.625E+00
   3.556E-02   -5.465E-01    1.035E+00    2.742E-01    4.612E-01    5.480E+00
   4.318E-02   -5.934E-01    9.863E-01    2.544E-01    4.491E-01    4.942E+00
   5.080E-02   -5.397E-01    1.064E+00    2.764E-01    4.764E-01    4.629E+00
   5.842E-02   -5.644E-01    1.055E+00    2.694E-01    5.196E-01    5.016E+00
   6.604E-02   -4.764E-01    1.108E+00    3.041E-01    3.175E-01    4.156E+00
   7.366E-02   -3.438E-01    1.147E+00    3.544E-01    4.508E-01    4.051E+00
   8.128E-02   -2.918E-01    1.132E+00    3.724E-01    4.958E-01    4.395E+00
   9.144E-02   -2.705E-01    1.170E+00    3.761E-01    4.634E-01    3.929E+00
   1.016E-01   -1.619E-01    1.223E+00    4.165E-01    5.053E-01    4.120E+00
   1.118E-01   -1.349E-01    1.214E+00    4.377E-01    4.642E-01    4.022E+00
   1.219E-01   -1.892E-01    1.179E+00    4.000E-01    5.249E-01    3.893E+00
   1.321E-01    8.210E-02    1.300E+00    4.927E-01    5.887E-01    3.925E+00
   1.422E-01    1.769E-01    1.320E+00    5.245E-01    5.652E-01    3.940E+00
   1.524E-01    2.146E-01    1.333E+00    5.284E-01    5.602E-01    3.874E+00
   1.651E-01    3.663E-01    1.384E+00    5.796E-01    7.975E-01    5.009E+00
   1.778E-01    5.327E-01    1.426E+00    6.177E-01    6.244E-01    3.783E+00
   2.032E-01    9.206E-01    1.467E+00    7.318E-01    6.998E-01    3.791E+00
   2.286E-01    1.067E+00    1.628E+00    7.398E-01    7.631E-01    3.879E+00
   2.540E-01    1.659E+00    1.820E+00    8.297E-01    6.479E-01    3.414E+00
   3.175E-01    2.598E+00    2.104E+00    9.198E-01    5.441E-01    2.974E+00
   3.810E-01    3.692E+00    2.200E+00    9.751E-01    3.147E-01    2.523E+00
   4.572E-01    4.860E+00    2.273E+00    9.944E-01    4.844E-02    2.405E+00
   5.588E-01    6.531E+00    2.131E+00    9.987E-01   -3.572E-01    2.939E+00
   6.604E-01    7.055E+00    1.990E+00    9.992E-01   -5.547E-01    3.597E+00
   7.620E-01    7.198E+00    1.882E+00    9.991E-01   -5.031E-01    3.923E+00
   8.636E-01    7.640E+00    1.832E+00    9.995E-01   -3.750E-01    3.917E+00
   1.016E+00    8.186E+00    1.853E+00    9.993E-01   -5.191E-01    4.129E+00
   1.140E+00    8.408E+00    1.828E+00    9.996E-01   -5.504E-01    4.166E+00
   1.262E+00    8.777E+00    1.803E+00    9.996E-01   -6.234E-01    4.486E+00
   1.387E+00    8.533E+00    1.890E+00    9.996E-01   -6.272E-01    4.266E+00
   1.511E+00    8.914E+00    1.763E+00    9.997E-01   -7.607E-01    5.286E+00
   1.633E+00    9.435E+00    1.718E+00    9.996E-01   -8.840E-01    6.007E+00
   1.758E+00    9.630E+00    1.681E+00    9.997E-01   -9.501E-01    6.050E+00
   1.882E+00    9.613E+00    1.728E+00    9.997E-01   -9.514E-01    5.934E+00
   2.004E+00    9.903E+00    1.680E+00    9.997E-01   -1.059E+00    6.623E+00
   2.129E+00    1.014E+01    1.717E+00    9.997E-01   -1.168E+00    6.850E+00
   2.250E+00    1.038E+01    1.672E+00    9.997E-01   -1.297E+00    7.702E+00
   2.375E+00    1.062E+01    1.574E+00    1.000E+00   -1.425E+00    8.538E+00
   2.499E+00    1.065E+01    1.551E+00    9.997E-01   -1.656E+00    1.039E+01
   2.621E+00    1.055E+01    1.490E+00    9.997E-01   -1.519E+00    1.016E+01
   2.746E+00    1.041E+01    1.549E+00    9.989E-01   -1.680E+00    1.155E+01
Subject: Wavy Wall Data - x/lambda = 0.4, vavg
 
 y            v2avg        v2intensity  v2gamma      v2skewness   v2flatness
 
   5.080E-03    2.003E-02    7.156E-01    5.240E-01   -1.016E+00    1.156E+01
   1.016E-02    1.076E-01    7.028E-01    5.900E-01   -6.891E-01    8.039E+00
   1.270E-02    1.326E-01    7.168E-01    6.002E-01   -9.570E-01    1.287E+01
   1.524E-02    1.092E-01    7.185E-01    5.849E-01   -7.705E-01    8.380E+00
   1.778E-02    1.331E-01    7.868E-01    5.913E-01    3.873E+00    1.649E+02
   2.032E-02    1.238E-01    7.267E-01    5.835E-01   -6.153E-01    8.374E+00
   2.540E-02    1.308E-01    7.648E-01    5.867E-01   -5.313E-01    9.573E+00
   3.048E-02    1.723E-01    7.435E-01    6.120E-01   -4.279E-01    7.424E+00
   3.556E-02    1.658E-01    8.162E-01    5.980E-01   -7.229E-01    9.402E+00
   4.318E-02    1.496E-01    7.814E-01    5.871E-01   -5.107E-01    7.146E+00
   5.080E-02    1.599E-01    8.280E-01    5.978E-01   -6.210E-01    8.424E+00
   5.842E-02    1.785E-01    8.369E-01    6.085E-01   -3.374E-01    6.679E+00
   6.604E-02    1.671E-01    8.154E-01    6.064E-01   -5.023E-01    6.022E+00
   7.366E-02    1.121E-01    8.854E-01    5.661E-01   -4.811E-01    6.752E+00
   8.128E-02    1.357E-01    9.314E-01    5.752E-01   -4.963E-01    7.177E+00
   9.144E-02    8.596E-02    9.197E-01    5.603E-01   -3.404E-01    4.486E+00
   1.016E-01    1.252E-01    9.527E-01    5.692E-01   -3.877E-01    4.917E+00
   1.118E-01    1.124E-01    9.842E-01    5.603E-01   -4.019E-01    5.563E+00
   1.219E-01    1.218E-01    9.548E-01    5.676E-01   -2.802E-01    4.428E+00
   1.321E-01    2.800E-02    1.049E+00    5.393E-01   -5.699E-01    4.923E+00
   1.422E-01   -5.925E-03    1.040E+00    5.131E-01   -3.688E-01    4.786E+00
   1.524E-01    5.373E-02    1.062E+00    5.443E-01   -4.858E-01    5.274E+00
   1.651E-01    3.943E-02    1.089E+00    5.459E-01   -4.770E-01    4.714E+00
   1.778E-01   -7.225E-04    1.097E+00    5.197E-01   -3.310E-01    4.676E+00
   2.032E-01   -7.070E-02    1.153E+00    5.056E-01   -4.227E-01    3.989E+00
   2.286E-01   -1.048E-01    1.224E+00    4.866E-01   -3.602E-01    3.937E+00
   2.540E-01   -1.406E-01    1.281E+00    4.763E-01   -2.630E-01    3.808E+00
   3.175E-01   -2.986E-01    1.363E+00    4.315E-01   -2.297E-01    3.732E+00
   3.810E-01   -3.258E-01    1.369E+00    4.050E-01    1.387E-02    3.700E+00
   4.572E-01   -3.299E-01    1.407E+00    3.945E-01    2.975E-01    4.481E+00
   5.588E-01   -4.168E-01    1.337E+00    3.514E-01    5.031E-01    5.745E+00
   6.604E-01   -3.370E-01    1.377E+00    3.686E-01    6.904E-01    6.555E+00
   7.620E-01   -2.566E-01    1.394E+00    4.014E-01    7.280E-01    7.172E+00
   8.636E-01   -2.923E-01    1.399E+00    3.838E-01    8.007E-01    7.429E+00
   1.016E+00   -2.802E-01    1.408E+00    3.889E-01    9.025E-01    8.353E+00
   1.140E+00   -2.267E-01    1.461E+00    4.024E-01    1.037E+00    8.912E+00
   1.262E+00   -2.193E-01    1.458E+00    4.023E-01    9.781E-01    8.369E+00
   1.387E+00   -5.349E-02    1.466E+00    4.546E-01    1.030E+00    8.419E+00
   1.511E+00   -9.194E-02    1.485E+00    4.385E-01    1.392E+00    1.075E+01
   1.633E+00   -1.563E-01    1.474E+00    4.170E-01    1.443E+00    1.162E+01
   1.758E+00   -8.941E-02    1.444E+00    4.409E-01    1.382E+00    1.135E+01
   1.882E+00   -5.130E-02    1.487E+00    4.474E-01    1.537E+00    1.246E+01
   2.004E+00   -7.711E-02    1.471E+00    4.445E-01    1.417E+00    1.191E+01
   2.129E+00   -2.669E-02    1.520E+00    4.457E-01    1.810E+00    1.407E+01
   2.250E+00   -9.891E-03    1.489E+00    4.546E-01    1.995E+00    1.620E+01
   2.375E+00   -4.332E-02    1.473E+00    4.387E-01    2.072E+00    1.661E+01
   2.499E+00   -1.336E-02    1.469E+00    4.506E-01    2.794E+00    2.306E+01
   2.621E+00   -4.404E-02    1.365E+00    4.537E-01    2.493E+00    2.378E+01
   2.746E+00   -6.442E-02    1.355E+00    4.554E-01    2.292E+00    2.656E+01
Subject: Wavy Wall Data - x/lambda = 0.4, u',v',u'v'
 
 v1` w/o n    v2` w/o n    RS` w/o n    v1` navg     v2` navg     RS navg
 
   7.284E-01    4.285E-01    7.079E-02
   7.097E-01    4.340E-01    8.870E-02
   7.485E-01    4.323E-01    1.008E-01
   7.803E-01    4.556E-01    1.394E-01
   7.851E-01    4.770E-01    1.481E-01
   7.795E-01    4.457E-01    8.683E-02
   8.220E-01    4.801E-01    1.027E-01
   8.463E-01    4.641E-01    1.430E-01
   8.490E-01    5.288E-01    1.558E-01
   7.982E-01    4.973E-01    1.160E-01
   8.797E-01    5.495E-01    1.764E-01
   8.719E-01    5.711E-01    1.734E-01
   9.458E-01    5.589E-01    1.886E-01
   9.784E-01    6.213E-01    1.557E-01
   9.536E-01    6.724E-01    2.214E-01
   1.009E+00    6.815E-01    2.361E-01
   1.061E+00    7.227E-01    3.001E-01
   1.049E+00    7.428E-01    2.450E-01
   1.019E+00    7.361E-01    2.546E-01
   1.140E+00    8.199E-01    3.901E-01
   1.160E+00    8.009E-01    3.377E-01
   1.172E+00    8.251E-01    3.733E-01
   1.225E+00    8.524E-01    4.066E-01
   1.262E+00    8.574E-01    4.544E-01
   1.312E+00    9.068E-01    5.351E-01
   1.465E+00    9.781E-01    7.208E-01
   1.650E+00    1.005E+00    9.254E-01
   1.929E+00    1.017E+00    1.116E+00
   1.990E+00    9.555E-01    1.057E+00
   2.040E+00    9.236E-01    1.060E+00
   1.872E+00    8.137E-01    7.248E-01
   1.695E+00    8.337E-01    6.697E-01
   1.551E+00    8.368E-01    6.510E-01
   1.480E+00    8.074E-01    5.392E-01
   1.500E+00    8.060E-01    5.157E-01
   1.448E+00    8.533E-01    5.556E-01
   1.408E+00    8.366E-01    5.535E-01
   1.508E+00    8.159E-01    5.680E-01
   1.306E+00    7.633E-01    4.486E-01
   1.250E+00    7.616E-01    3.925E-01
   1.204E+00    7.057E-01    3.807E-01
   1.252E+00    7.381E-01    4.336E-01
   1.187E+00    7.115E-01    3.940E-01
   1.192E+00    6.848E-01    3.876E-01
   1.135E+00    6.458E-01    3.413E-01
   9.994E-01    6.511E-01    3.155E-01
   9.440E-01    5.935E-01    2.254E-01
   9.379E-01    5.976E-01    2.150E-01
   1.355E+00    1.142E+00    4.595E-01
