Subject: Wavy Wall Data - x/lambda = 0.9, uavg
 
 y            v1avg        v1intensity  v1gamma      v1skewness   v1flatness
 
   7.620E-03    4.448E+00    1.793E+00    9.982E-01    4.111E-01    3.209E+00
   1.016E-02    4.720E+00    1.791E+00    9.993E-01    2.370E-01    2.882E+00
   1.270E-02    4.851E+00    1.848E+00    9.989E-01    3.049E-01    3.052E+00
   1.524E-02    5.203E+00    2.010E+00    9.989E-01    2.775E-01    2.944E+00
   1.778E-02    4.765E+00    1.823E+00    9.990E-01    2.948E-01    2.933E+00
   2.032E-02    5.505E+00    1.941E+00    9.994E-01    1.203E-01    2.842E+00
   2.540E-02    5.840E+00    1.957E+00    9.994E-01    9.920E-03    2.875E+00
   3.048E-02    5.899E+00    1.989E+00    9.996E-01    6.743E-02    2.922E+00
   3.556E-02    6.479E+00    2.088E+00    9.990E-01   -8.283E-02    2.955E+00
   4.318E-02    6.332E+00    1.988E+00    9.995E-01   -1.444E-01    2.930E+00
   5.080E-02    6.578E+00    1.984E+00    9.996E-01   -1.044E-01    3.152E+00
   5.842E-02    6.473E+00    1.984E+00    9.996E-01   -7.555E-02    3.136E+00
   6.604E-02    6.592E+00    1.930E+00    9.994E-01   -1.512E-01    3.191E+00
   7.366E-02    6.877E+00    1.971E+00    9.995E-01   -1.447E-01    3.197E+00
   8.128E-02    6.808E+00    1.967E+00    9.996E-01   -1.695E-01    3.255E+00
   9.144E-02    7.171E+00    1.884E+00    9.997E-01   -2.355E-01    3.422E+00
   1.016E-01    6.902E+00    1.934E+00    9.996E-01   -7.450E-02    3.320E+00
   1.118E-01    7.120E+00    1.898E+00    9.997E-01   -1.953E-01    3.456E+00
   1.219E-01    7.219E+00    1.995E+00    9.996E-01   -1.626E-01    3.282E+00
   1.321E-01    7.222E+00    1.909E+00    9.995E-01   -2.619E-01    3.515E+00
   1.422E-01    7.103E+00    1.911E+00    9.998E-01   -1.648E-01    3.411E+00
   1.524E-01    7.304E+00    1.871E+00    9.997E-01   -2.989E-01    3.506E+00
   1.651E-01    7.352E+00    1.924E+00    9.998E-01   -2.629E-01    3.411E+00
   1.778E-01    7.189E+00    2.022E+00    9.997E-01   -2.767E-01    3.243E+00
   2.032E-01    7.049E+00    1.907E+00    9.992E-01   -2.773E-01    3.552E+00
   2.286E-01    7.386E+00    1.917E+00    9.995E-01   -2.821E-01    3.539E+00
   2.540E-01    7.502E+00    1.989E+00    9.996E-01   -2.265E-01    3.375E+00
   3.175E-01    7.532E+00    2.055E+00    9.996E-01   -2.570E-01    3.192E+00
   3.810E-01    7.899E+00    1.988E+00    9.996E-01   -3.557E-01    3.557E+00
   4.572E-01    8.252E+00    1.976E+00    9.996E-01   -4.271E-01    3.613E+00
   5.664E-01    8.525E+00    1.865E+00    9.999E-01   -5.069E-01    3.968E+00
   6.680E-01    8.643E+00    1.848E+00    9.998E-01   -6.553E-01    4.489E+00
   7.696E-01    8.531E+00    1.842E+00    9.999E-01   -5.726E-01    4.327E+00
   8.712E-01    9.287E+00    1.879E+00    9.999E-01   -7.299E-01    4.668E+00
   1.019E+00    9.302E+00    1.807E+00    9.998E-01   -6.994E-01    4.730E+00
   1.110E+00    9.586E+00    1.759E+00    9.999E-01   -6.790E-01    4.725E+00
   1.201E+00    9.678E+00    1.779E+00    9.999E-01   -8.210E-01    5.089E+00
   1.295E+00    9.923E+00    1.761E+00    9.999E-01   -8.177E-01    5.000E+00
   1.387E+00    9.888E+00    1.819E+00    9.998E-01   -8.148E-01    5.026E+00
   1.478E+00    1.016E+01    1.723E+00    9.999E-01   -8.002E-01    5.108E+00
   1.570E+00    1.048E+01    1.579E+00    9.999E-01   -1.020E+00    6.447E+00
   1.664E+00    1.046E+01    1.703E+00    1.000E+00   -1.059E+00    6.274E+00
   1.755E+00    1.045E+01    1.682E+00    9.999E-01   -1.055E+00    6.232E+00
   1.847E+00    1.048E+01    1.646E+00    1.000E+00   -1.121E+00    6.533E+00
   1.938E+00    1.057E+01    1.653E+00    9.999E-01   -1.070E+00    6.504E+00
   2.029E+00    1.051E+01    1.498E+00    1.000E+00   -9.238E-01    5.944E+00
   2.123E+00    1.056E+01    1.485E+00    9.999E-01   -9.758E-01    6.539E+00
   2.215E+00    1.084E+01    1.501E+00    9.999E-01   -1.149E+00    7.788E+00
   2.306E+00    1.069E+01    1.433E+00    9.997E-01   -1.093E+00    8.866E+00
Subject: Wavy Wall Data - x/lambda = 0.9, vavg
 
 y            v2avg        v2intensity  v2gamma      v2skewness   v2flatness
 
   7.620E-03    1.273E+00    1.233E+00    8.774E-01    4.136E-01    5.242E+00
   1.016E-02    1.028E+00    1.194E+00    8.373E-01    7.407E-01    6.465E+00
   1.270E-02    1.111E+00    1.200E+00    8.546E-01    6.736E-01    6.223E+00
   1.524E-02    9.498E-01    1.207E+00    8.179E-01    1.069E+00    8.250E+00
   1.778E-02    1.117E+00    1.205E+00    8.540E-01    8.424E-01    6.467E+00
   2.032E-02    1.032E+00    1.249E+00    8.313E-01    9.688E-01    7.468E+00
   2.540E-02    1.032E+00    1.254E+00    8.327E-01    1.160E+00    8.310E+00
   3.048E-02    1.013E+00    1.263E+00    8.229E-01    1.170E+00    8.187E+00
   3.556E-02    1.010E+00    1.326E+00    8.111E-01    9.709E-01    7.968E+00
   4.318E-02    9.958E-01    1.309E+00    8.157E-01    1.177E+00    8.550E+00
   5.080E-02    1.062E+00    1.368E+00    8.138E-01    1.109E+00    7.791E+00
   5.842E-02    1.013E+00    1.373E+00    8.029E-01    1.087E+00    7.789E+00
   6.604E-02    1.063E+00    1.388E+00    8.096E-01    9.163E-01    7.485E+00
   7.366E-02    1.056E+00    1.425E+00    7.989E-01    9.883E-01    8.049E+00
   8.128E-02    1.027E+00    1.419E+00    7.911E-01    7.421E-01    6.651E+00
   9.144E-02    9.963E-01    1.463E+00    7.710E-01    8.773E-01    6.856E+00
   1.016E-01    1.010E+00    1.484E+00    7.696E-01    6.841E-01    6.140E+00
   1.118E-01    1.023E+00    1.503E+00    7.675E-01    7.199E-01    6.288E+00
   1.219E-01    9.599E-01    1.526E+00    7.460E-01    7.100E-01    6.001E+00
   1.321E-01    9.194E-01    1.567E+00    7.338E-01    7.288E-01    5.944E+00
   1.422E-01    9.074E-01    1.546E+00    7.303E-01    7.015E-01    5.817E+00
   1.524E-01    8.880E-01    1.592E+00    7.143E-01    7.362E-01    5.938E+00
   1.651E-01    8.823E-01    1.609E+00    7.112E-01    7.038E-01    5.512E+00
   1.778E-01    9.117E-01    1.641E+00    7.138E-01    6.265E-01    5.268E+00
   2.032E-01    8.095E-01    1.652E+00    6.868E-01    6.050E-01    5.395E+00
   2.286E-01    7.290E-01    1.648E+00    6.636E-01    6.966E-01    5.563E+00
   2.540E-01    7.431E-01    1.668E+00    6.633E-01    5.955E-01    4.867E+00
   3.175E-01    6.759E-01    1.660E+00    6.473E-01    6.249E-01    4.932E+00
   3.810E-01    5.750E-01    1.649E+00    6.198E-01    7.658E-01    5.754E+00
   4.572E-01    4.799E-01    1.574E+00    6.032E-01    7.925E-01    6.044E+00
   5.664E-01    4.345E-01    1.563E+00    5.928E-01    9.662E-01    6.979E+00
   6.680E-01    3.884E-01    1.617E+00    5.731E-01    1.103E+00    7.378E+00
   7.696E-01    5.551E-01    1.623E+00    6.194E-01    1.022E+00    6.875E+00
   8.712E-01    3.040E-01    1.624E+00    5.441E-01    1.389E+00    9.452E+00
   1.019E+00    3.572E-01    1.589E+00    5.639E-01    1.149E+00    7.890E+00
   1.110E+00    2.860E-01    1.576E+00    5.363E-01    1.235E+00    8.373E+00
   1.201E+00    2.916E-01    1.639E+00    5.318E-01    1.365E+00    8.744E+00
   1.295E+00    2.812E-01    1.632E+00    5.208E-01    1.362E+00    8.372E+00
   1.387E+00    2.126E-01    1.636E+00    5.054E-01    1.490E+00    9.621E+00
   1.478E+00    1.428E-01    1.549E+00    4.880E-01    1.463E+00    1.010E+01
   1.570E+00    1.457E-01    1.526E+00    4.834E-01    1.728E+00    1.191E+01
   1.664E+00    1.913E-01    1.627E+00    4.871E-01    1.874E+00    1.219E+01
   1.755E+00    1.929E-01    1.599E+00    4.937E-01    1.738E+00    1.161E+01
   1.847E+00    1.477E-01    1.572E+00    4.807E-01    1.906E+00    1.295E+01
   1.938E+00    1.785E-01    1.559E+00    4.897E-01    1.913E+00    1.305E+01
   2.029E+00    9.102E-02    1.410E+00    4.764E-01    1.535E+00    1.104E+01
   2.123E+00    5.664E-02    1.361E+00    4.725E-01    1.728E+00    1.379E+01
   2.215E+00   -4.325E-02    1.379E+00    4.336E-01    2.120E+00    1.793E+01
   2.306E+00   -2.088E-01    1.291E+00    3.936E-01    1.953E+00    2.070E+01
Subject: Wavy Wall Data - x/lambda = 0.9, u',v',u'v'
 
 v1` w/o n    v2` w/o n    RS` w/o n    v1` navg     v2` navg     RS navg
 
   1.407E+00    2.894E-01   -2.323E-01
   1.441E+00    2.335E-01   -1.099E-01
   1.499E+00    2.489E-01   -6.385E-02
   1.692E+00    2.237E-01    1.777E-02
   1.484E+00    2.359E-01   -6.967E-02
   1.592E+00    2.905E-01   -2.203E-02
   1.622E+00    3.029E-01   -1.496E-02
   1.656E+00    3.345E-01    3.240E-03
   1.738E+00    4.097E-01    1.091E-01
   1.641E+00    4.154E-01    1.390E-01
   1.618E+00    4.714E-01    1.517E-01
   1.631E+00    5.140E-01    1.311E-01
   1.555E+00    5.640E-01    2.024E-01
   1.596E+00    6.080E-01    2.169E-01
   1.600E+00    6.287E-01    2.587E-01
   1.498E+00    6.946E-01    2.685E-01
   1.571E+00    7.659E-01    3.520E-01
   1.500E+00    7.346E-01    2.822E-01
   1.629E+00    8.007E-01    4.437E-01
   1.504E+00    8.593E-01    4.486E-01
   1.520E+00    8.257E-01    3.484E-01
   1.455E+00    8.544E-01    4.060E-01
   1.519E+00    9.048E-01    5.224E-01
   1.635E+00    9.450E-01    5.524E-01
   1.487E+00    9.766E-01    5.565E-01
   1.510E+00    9.687E-01    5.982E-01
   1.596E+00    9.888E-01    7.129E-01
   1.691E+00    1.027E+00    7.949E-01
   1.597E+00    9.780E-01    7.476E-01
   1.608E+00    9.094E-01    6.918E-01
   1.458E+00    8.579E-01    6.228E-01
   1.383E+00    8.275E-01    5.241E-01
   1.369E+00    8.276E-01    5.327E-01
   1.402E+00    8.005E-01    5.758E-01
   1.333E+00    7.805E-01    5.482E-01
   1.281E+00    7.627E-01    5.162E-01
   1.241E+00    7.602E-01    4.310E-01
   1.217E+00    7.516E-01    4.962E-01
   1.294E+00    7.587E-01    5.110E-01
   1.215E+00    6.942E-01    4.454E-01
   9.963E-01    6.121E-01    2.454E-01
   1.100E+00    6.795E-01    4.019E-01
   1.102E+00    6.665E-01    3.661E-01
   1.066E+00    6.611E-01    3.291E-01
   1.084E+00    6.346E-01    3.676E-01
   9.690E-01    5.909E-01    2.351E-01
   9.684E-01    5.560E-01    2.349E-01
   1.024E+00    6.563E-01    3.195E-01
   1.297E+00    1.126E+00    5.523E-01
