Subject: Wavy Wall Data - x/lambda = 0.6, uavg
 
 y            v1avg        v1intensity  v1gamma      v1skewness   v1flatness
 
   7.620E-03    5.387E-01    1.050E+00    7.034E-01    2.912E-02    1.825E+01
   1.016E-02    5.920E-01    1.083E+00    7.102E-01    6.238E-01    4.465E+00
   1.270E-02    6.177E-01    1.036E+00    7.338E-01    6.214E-01    4.923E+00
   1.524E-02    7.205E-01    1.173E+00    7.395E-01    4.646E-01    4.130E+00
   1.778E-02    7.233E-01    1.198E+00    7.329E-01    4.863E-01    4.181E+00
   2.032E-02    7.514E-01    1.132E+00    7.535E-01    6.863E-01    4.183E+00
   2.540E-02    8.578E-01    1.203E+00    7.724E-01    7.087E-01    4.043E+00
   3.048E-02    8.014E-01    1.191E+00    7.530E-01    6.387E-01    4.075E+00
   3.556E-02    9.537E-01    1.193E+00    7.991E-01    5.957E-01    3.932E+00
   4.318E-02    1.021E+00    1.259E+00    8.121E-01    7.390E-01    4.160E+00
   5.080E-02    1.070E+00    1.294E+00    8.061E-01    7.178E-01    3.966E+00
   5.842E-02    1.065E+00    1.312E+00    8.068E-01    7.347E-01    4.448E+00
   6.604E-02    1.288E+00    1.298E+00    8.554E-01    6.812E-01    3.765E+00
   7.366E-02    1.136E+00    1.393E+00    8.012E-01    6.116E-01    3.764E+00
   8.128E-02    1.301E+00    1.367E+00    8.528E-01    6.612E-01    3.813E+00
   9.144E-02    1.505E+00    1.482E+00    8.656E-01    6.315E-01    3.481E+00
   1.016E-01    1.607E+00    1.498E+00    8.769E-01    7.336E-01    3.686E+00
   1.118E-01    1.740E+00    1.536E+00    8.999E-01    7.229E-01    3.484E+00
   1.219E-01    1.834E+00    1.571E+00    9.027E-01    5.589E-01    3.297E+00
   1.321E-01    1.819E+00    1.571E+00    9.081E-01    6.761E-01    3.375E+00
   1.422E-01    1.910E+00    1.641E+00    9.065E-01    7.002E-01    3.441E+00
   1.524E-01    1.913E+00    1.667E+00    9.027E-01    6.305E-01    3.361E+00
   1.651E-01    2.159E+00    1.696E+00    9.289E-01    5.839E-01    3.143E+00
   1.778E-01    2.131E+00    1.731E+00    9.280E-01    7.061E-01    3.236E+00
   2.032E-01    2.571E+00    1.855E+00    9.520E-01    5.874E-01    2.954E+00
   2.286E-01    2.804E+00    1.997E+00    9.524E-01    4.903E-01    2.703E+00
   2.540E-01    3.268E+00    2.103E+00    9.694E-01    3.407E-01    2.452E+00
   3.175E-01    3.582E+00    2.175E+00    9.768E-01    3.120E-01    2.508E+00
   3.810E-01    4.353E+00    2.197E+00    9.890E-01    1.341E-02    2.349E+00
   4.572E-01    5.079E+00    2.372E+00    9.908E-01   -1.358E-01    2.395E+00
   5.588E-01    5.767E+00    2.201E+00    9.983E-01   -3.351E-01    2.573E+00
   6.604E-01    6.594E+00    2.084E+00    9.984E-01   -4.788E-01    3.288E+00
   7.620E-01    6.964E+00    2.063E+00    9.986E-01   -6.145E-01    3.600E+00
   8.636E-01    7.533E+00    1.889E+00    9.991E-01   -5.860E-01    4.071E+00
   1.026E+00    8.108E+00    1.835E+00    9.994E-01   -6.784E-01    4.554E+00
   1.212E+00    8.269E+00    1.902E+00    9.991E-01   -6.194E-01    4.425E+00
   1.326E+00    8.659E+00    1.801E+00    9.996E-01   -7.456E-01    5.050E+00
   1.440E+00    8.834E+00    1.726E+00    9.996E-01   -7.286E-01    5.195E+00
   1.554E+00    9.270E+00    1.814E+00    9.998E-01   -8.675E-01    5.369E+00
   1.669E+00    9.150E+00    1.791E+00    9.995E-01   -8.694E-01    5.555E+00
   1.783E+00    9.392E+00    1.878E+00    9.998E-01   -8.169E-01    4.843E+00
   1.897E+00    9.860E+00    1.728E+00    9.996E-01   -1.085E+00    6.737E+00
   2.009E+00    1.012E+01    1.592E+00    9.999E-01   -1.155E+00    7.406E+00
   2.123E+00    1.006E+01    1.690E+00    9.997E-01   -1.214E+00    7.223E+00
   2.238E+00    1.017E+01    1.701E+00    9.999E-01   -1.236E+00    7.179E+00
   2.352E+00    1.034E+01    1.608E+00    9.999E-01   -1.418E+00    8.449E+00
   2.466E+00    1.063E+01    1.554E+00    9.997E-01   -1.349E+00    8.678E+00
   2.581E+00    1.076E+01    1.394E+00    9.998E-01   -1.345E+00    9.802E+00
   2.695E+00    1.036E+01    1.477E+00    9.988E-01   -1.445E+00    1.113E+01
Subject: Wavy Wall Data - x/lambda = 0.6, vavg
 
 y            v2avg        v2intensity  v2gamma      v2skewness   v2flatness
 
   7.620E-03    8.146E-02    7.997E-01    5.473E-01   -1.183E+00    3.049E+01
   1.016E-02    6.419E-02    7.990E-01    5.415E-01   -2.914E-01    6.866E+00
   1.270E-02    1.252E-01    7.936E-01    5.773E-01   -3.047E-01    6.779E+00
   1.524E-02    7.582E-02    8.354E-01    5.445E-01   -2.496E-01    6.390E+00
   1.778E-02    9.933E-02    8.210E-01    5.485E-01    1.662E-02    5.332E+00
   2.032E-02    9.731E-02    8.159E-01    5.481E-01    5.280E-02    5.567E+00
   2.540E-02    1.110E-01    8.515E-01    5.599E-01   -1.581E-01    5.336E+00
   3.048E-02    5.815E-02    8.861E-01    5.298E-01   -1.073E-01    5.440E+00
   3.556E-02    1.223E-01    8.901E-01    5.684E-01   -1.633E-01    5.347E+00
   4.318E-02    1.230E-01    9.013E-01    5.721E-01   -2.482E-01    5.562E+00
   5.080E-02    1.041E-01    9.631E-01    5.638E-01   -2.123E-01    4.663E+00
   5.842E-02    1.042E-01    9.701E-01    5.554E-01    4.481E-02    5.866E+00
   6.604E-02    1.052E-01    1.015E+00    5.536E-01   -1.599E-01    4.370E+00
   7.366E-02    1.253E-01    1.010E+00    5.605E-01   -9.283E-02    4.597E+00
   8.128E-02    2.156E-01    1.057E+00    5.963E-01   -2.485E-01    4.649E+00
   9.144E-02    1.542E-01    1.134E+00    5.675E-01   -1.495E-01    4.179E+00
   1.016E-01    7.179E-02    1.142E+00    5.393E-01   -2.182E-01    3.844E+00
   1.118E-01    6.239E-02    1.235E+00    5.344E-01   -2.374E-01    3.806E+00
   1.219E-01    7.600E-02    1.220E+00    5.346E-01   -2.013E-01    3.655E+00
   1.321E-01    5.976E-02    1.266E+00    5.237E-01   -6.351E-02    3.403E+00
   1.422E-01    5.012E-02    1.315E+00    5.244E-01   -1.092E-01    3.668E+00
   1.524E-01    1.197E-01    1.338E+00    5.368E-01   -4.443E-02    3.293E+00
   1.651E-01    3.001E-02    1.306E+00    5.172E-01   -8.097E-02    3.554E+00
   1.778E-01    1.611E-02    1.352E+00    5.061E-01   -1.189E-02    3.533E+00
   2.032E-01   -7.083E-02    1.417E+00    4.812E-01    4.235E-02    3.284E+00
   2.286E-01   -6.108E-02    1.492E+00    4.833E-01    2.783E-02    3.342E+00
   2.540E-01   -1.236E-01    1.487E+00    4.641E-01    9.363E-02    3.602E+00
   3.175E-01   -1.328E-01    1.519E+00    4.592E-01    9.466E-02    3.701E+00
   3.810E-01   -1.292E-01    1.517E+00    4.390E-01    3.472E-01    3.806E+00
   4.572E-01   -9.155E-02    1.507E+00    4.481E-01    5.261E-01    4.792E+00
   5.588E-01   -7.707E-02    1.475E+00    4.534E-01    5.907E-01    5.562E+00
   6.604E-01   -7.380E-02    1.461E+00    4.549E-01    7.727E-01    6.570E+00
   7.620E-01   -5.963E-02    1.432E+00    4.598E-01    7.915E-01    7.035E+00
   8.636E-01   -5.557E-02    1.433E+00    4.577E-01    8.719E-01    7.652E+00
   1.026E+00   -4.931E-02    1.448E+00    4.551E-01    1.151E+00    9.171E+00
   1.212E+00    1.472E-02    1.475E+00    4.805E-01    1.063E+00    9.236E+00
   1.326E+00   -3.728E-02    1.467E+00    4.585E-01    1.270E+00    9.780E+00
   1.440E+00    1.660E-02    1.463E+00    4.789E-01    1.187E+00    9.482E+00
   1.554E+00   -4.031E-02    1.495E+00    4.565E-01    1.483E+00    1.101E+01
   1.669E+00    2.506E-02    1.465E+00    4.777E-01    1.440E+00    1.127E+01
   1.783E+00   -5.626E-02    1.473E+00    4.470E-01    1.547E+00    1.194E+01
   1.897E+00   -2.121E-02    1.482E+00    4.531E-01    1.749E+00    1.398E+01
   2.009E+00   -8.068E-02    1.430E+00    4.338E-01    1.873E+00    1.453E+01
   2.123E+00   -2.312E-02    1.466E+00    4.503E-01    1.781E+00    1.520E+01
   2.238E+00    2.507E-02    1.505E+00    4.653E-01    2.084E+00    1.629E+01
   2.352E+00   -4.185E-02    1.495E+00    4.433E-01    2.027E+00    1.620E+01
   2.466E+00   -4.980E-02    1.359E+00    4.481E-01    2.164E+00    2.058E+01
   2.581E+00   -1.006E-01    1.300E+00    4.343E-01    2.404E+00    2.513E+01
   2.695E+00   -1.661E-01    1.303E+00    4.187E-01    1.229E+00    2.103E+01
Subject: Wavy Wall Data - x/lambda = 0.6, u',v',u'v'
 
 v1` w/o n    v2` w/o n    RS` w/o n    v1` navg     v2` navg     RS navg
 
   8.767E-01    5.274E-01   -2.203E-01
   9.260E-01    5.309E-01   -1.959E-01
   8.759E-01    5.337E-01   -1.699E-01
   1.025E+00    5.651E-01   -2.054E-01
   1.048E+00    5.360E-01   -2.418E-01
   9.601E-01    5.421E-01   -1.791E-01
   1.044E+00    5.538E-01   -1.544E-01
   1.022E+00    6.032E-01   -1.713E-01
   1.026E+00    5.936E-01   -1.142E-01
   1.089E+00    5.956E-01   -6.396E-02
   1.118E+00    6.586E-01   -2.662E-02
   1.138E+00    6.787E-01   -1.162E-01
   1.105E+00    6.936E-01   -1.111E-02
   1.218E+00    6.988E-01    3.140E-02
   1.175E+00    7.401E-01    8.905E-02
   1.292E+00    8.063E-01    1.281E-01
   1.312E+00    8.174E-01    2.595E-01
   1.334E+00    9.135E-01    2.978E-01
   1.374E+00    9.001E-01    2.934E-01
   1.366E+00    9.570E-01    3.959E-01
   1.436E+00    9.981E-01    4.432E-01
   1.465E+00    1.027E+00    5.254E-01
   1.487E+00    9.568E-01    5.621E-01
   1.526E+00    1.036E+00    6.475E-01
   1.633E+00    1.054E+00    8.377E-01
   1.781E+00    1.137E+00    9.990E-01
   1.878E+00    1.093E+00    1.072E+00
   1.949E+00    1.114E+00    1.189E+00
   1.946E+00    1.074E+00    1.053E+00
   2.128E+00    1.005E+00    1.179E+00
   1.932E+00    9.667E-01    9.193E-01
   1.770E+00    8.936E-01    7.415E-01
   1.748E+00    8.536E-01    7.313E-01
   1.530E+00    8.393E-01    5.722E-01
   1.439E+00    7.964E-01    5.292E-01
   1.513E+00    8.299E-01    6.071E-01
   1.358E+00    7.699E-01    4.579E-01
   1.293E+00    7.922E-01    4.458E-01
   1.374E+00    7.549E-01    4.964E-01
   1.343E+00    7.298E-01    4.819E-01
   1.455E+00    7.561E-01    5.139E-01
   1.221E+00    6.846E-01    3.726E-01
   1.061E+00    6.431E-01    3.051E-01
   1.184E+00    6.600E-01    3.195E-01
   1.150E+00    6.485E-01    3.720E-01
   1.025E+00    6.727E-01    2.770E-01
   1.034E+00    5.762E-01    2.706E-01
   8.658E-01    5.494E-01    1.697E-01
   1.261E+00    1.065E+00    2.203E-01
