Subject: Wavy Wall Data - x/lambda = 0.0, Uavg
 
 y            v1avg        v1intensity  v1gamma      v1skewness   v1flatness
 
   7.620E-03    1.957E+00    1.447E+00    9.486E-01    8.196E-01    3.839E+00
   1.016E-02    2.683E+00    1.642E+00    9.808E-01    6.644E-01    3.343E+00
   1.270E-02    3.328E+00    1.698E+00    9.955E-01    5.193E-01    3.030E+00
   1.524E-02    3.812E+00    1.725E+00    9.970E-01    3.620E-01    2.950E+00
   1.778E-02    3.666E+00    1.792E+00    9.952E-01    4.520E-01    2.981E+00
   2.032E-02    3.775E+00    1.856E+00    9.955E-01    4.392E-01    2.834E+00
   2.540E-02    4.860E+00    2.041E+00    9.970E-01    7.804E-02    2.630E+00
   3.048E-02    5.347E+00    2.030E+00    9.974E-01    1.483E-02    2.764E+00
   3.556E-02    5.747E+00    2.060E+00    9.969E-01   -1.549E-01    2.892E+00
   4.318E-02    6.048E+00    2.085E+00    9.976E-01   -1.560E-01    2.929E+00
   5.080E-02    6.042E+00    2.075E+00    9.974E-01   -2.103E-01    2.950E+00
   5.842E-02    6.731E+00    2.159E+00    9.980E-01   -2.383E-01    3.135E+00
   6.604E-02    6.770E+00    2.144E+00    9.979E-01   -3.147E-01    3.184E+00
   7.366E-02    6.954E+00    2.051E+00    9.981E-01   -3.649E-01    3.545E+00
   8.128E-02    7.422E+00    2.085E+00    9.980E-01   -5.173E-01    3.681E+00
   9.144E-02    7.096E+00    2.046E+00    9.987E-01   -4.621E-01    3.632E+00
   1.016E-01    7.411E+00    2.046E+00    9.985E-01   -4.784E-01    3.752E+00
   1.118E-01    7.433E+00    2.011E+00    9.986E-01   -4.230E-01    3.844E+00
   1.219E-01    7.518E+00    2.097E+00    9.985E-01   -3.999E-01    3.607E+00
   1.321E-01    7.393E+00    2.011E+00    9.987E-01   -4.846E-01    3.877E+00
   1.422E-01    7.485E+00    2.047E+00    9.986E-01   -4.811E-01    3.911E+00
   1.524E-01    7.643E+00    2.101E+00    9.984E-01   -4.892E-01    3.849E+00
   1.651E-01    7.711E+00    1.999E+00    9.987E-01   -5.750E-01    4.161E+00
   1.778E-01    7.643E+00    2.057E+00    9.977E-01   -5.616E-01    4.143E+00
   2.032E-01    7.618E+00    2.058E+00    9.985E-01   -4.948E-01    4.008E+00
   2.286E-01    7.940E+00    2.124E+00    9.988E-01   -5.301E-01    3.902E+00
   2.540E-01    7.755E+00    2.071E+00    9.980E-01   -6.017E-01    4.174E+00
   3.175E-01    8.104E+00    2.057E+00    9.987E-01   -6.299E-01    4.112E+00
   3.810E-01    7.917E+00    2.148E+00    9.986E-01   -5.866E-01    3.945E+00
   4.572E-01    8.133E+00    2.089E+00    9.989E-01   -7.117E-01    4.188E+00
   5.588E-01    8.721E+00    2.110E+00    9.985E-01   -8.281E-01    4.654E+00
   6.604E-01    8.783E+00    2.059E+00    9.983E-01   -8.889E-01    4.951E+00
   7.620E-01    9.030E+00    2.025E+00    9.991E-01   -8.438E-01    4.912E+00
   8.636E-01    9.132E+00    2.005E+00    9.990E-01   -9.194E-01    5.244E+00
   1.016E+00    9.433E+00    1.945E+00    9.991E-01   -1.065E+00    5.758E+00
   1.107E+00    9.783E+00    1.883E+00    9.992E-01   -1.129E+00    6.291E+00
   1.196E+00    9.912E+00    1.876E+00    9.990E-01   -1.238E+00    6.860E+00
   1.288E+00    9.976E+00    1.739E+00    9.994E-01   -1.261E+00    7.379E+00
   1.379E+00    1.003E+01    1.866E+00    9.990E-01   -1.326E+00    7.030E+00
   1.471E+00    1.010E+01    1.808E+00    9.987E-01   -1.279E+00    7.475E+00
   1.560E+00    1.003E+01    1.846E+00    9.991E-01   -1.355E+00    7.401E+00
   1.651E+00    1.041E+01    1.762E+00    9.993E-01   -1.440E+00    8.098E+00
   1.742E+00    1.048E+01    1.747E+00    9.992E-01   -1.683E+00    9.574E+00
   1.831E+00    1.068E+01    1.749E+00    9.995E-01   -1.709E+00    9.602E+00
   1.923E+00    1.065E+01    1.786E+00    9.995E-01   -1.704E+00    9.428E+00
   2.014E+00    1.060E+01    1.710E+00    9.991E-01   -1.775E+00    1.013E+01
   2.106E+00    1.068E+01    1.771E+00    9.985E-01   -1.900E+00    1.086E+01
   2.195E+00    1.045E+01    1.753E+00    9.969E-01   -1.940E+00    1.144E+01
   2.286E+00    1.038E+01    1.844E+00    9.974E-01   -1.999E+00    1.099E+01
Subject: Wavy Wall Data - x/lambda = 0.0, Vavg
 
 y            v2avg        v2intensity  v2gamma      v2skewness   v2flatness
 
   7.620E-03    1.996E-01    1.181E+00    5.678E-01   -5.576E-02    4.830E+00
   1.016E-02    1.781E-01    1.215E+00    5.531E-01    1.658E-01    4.814E+00
   1.270E-02    7.883E-02    1.170E+00    5.071E-01    4.706E-01    5.660E+00
   1.524E-02    1.051E-01    1.177E+00    5.063E-01    6.873E-01    6.802E+00
   1.778E-02    1.627E-01    1.226E+00    5.334E-01    5.543E-01    5.964E+00
   2.032E-02    1.735E-02    1.246E+00    4.813E-01    6.419E-01    6.090E+00
   2.540E-02    1.445E-01    1.231E+00    5.276E-01    7.821E-01    7.786E+00
   3.048E-02    2.059E-01    1.232E+00    5.542E-01    7.368E-01    8.086E+00
   3.556E-02    1.049E-01    1.264E+00    5.131E-01    8.344E-01    8.898E+00
   4.318E-02    1.044E-01    1.270E+00    5.159E-01    7.505E-01    8.883E+00
   5.080E-02    1.745E-01    1.316E+00    5.368E-01    8.499E-01    9.325E+00
   5.842E-02    1.124E-01    1.308E+00    5.187E-01    8.851E-01    9.954E+00
   6.604E-02    7.885E-02    1.351E+00    5.121E-01    8.948E-01    9.698E+00
   7.366E-02    2.025E-01    1.411E+00    5.497E-01    8.764E-01    9.085E+00
   8.128E-02    1.128E-01    1.411E+00    5.211E-01    7.951E-01    9.540E+00
   9.144E-02    1.825E-01    1.415E+00    5.463E-01    1.045E+00    9.108E+00
   1.016E-01    1.603E-01    1.414E+00    5.389E-01    9.400E-01    8.960E+00
   1.118E-01    1.583E-01    1.442E+00    5.336E-01    9.663E-01    9.022E+00
   1.219E-01    1.985E-01    1.474E+00    5.454E-01    8.597E-01    8.903E+00
   1.321E-01    2.344E-01    1.524E+00    5.513E-01    1.066E+00    8.834E+00
   1.422E-01    2.060E-01    1.539E+00    5.457E-01    9.696E-01    8.715E+00
   1.524E-01    2.130E-01    1.567E+00    5.473E-01    8.749E-01    7.818E+00
   1.651E-01    2.044E-01    1.564E+00    5.383E-01    8.410E-01    7.849E+00
   1.778E-01    2.432E-01    1.617E+00    5.441E-01    9.091E-01    8.125E+00
   2.032E-01    1.985E-01    1.606E+00    5.361E-01    8.674E-01    7.530E+00
   2.286E-01    2.320E-01    1.674E+00    5.299E-01    9.377E-01    7.504E+00
   2.540E-01    2.306E-01    1.658E+00    5.355E-01    7.815E-01    7.269E+00
   3.175E-01    1.769E-01    1.649E+00    5.203E-01    8.696E-01    7.340E+00
   3.810E-01    2.264E-01    1.717E+00    5.245E-01    9.135E-01    7.213E+00
   4.572E-01    1.234E-01    1.685E+00    4.977E-01    9.489E-01    7.796E+00
   5.588E-01    1.021E-01    1.680E+00    4.961E-01    1.023E+00    8.561E+00
   6.604E-01    1.312E-01    1.680E+00    5.031E-01    9.914E-01    8.524E+00
   7.620E-01    1.029E-01    1.645E+00    4.956E-01    1.189E+00    9.326E+00
   8.636E-01    1.157E-01    1.655E+00    4.978E-01    1.487E+00    1.092E+01
   1.016E+00    1.162E-01    1.614E+00    5.025E-01    1.332E+00    1.076E+01
   1.107E+00    4.982E-02    1.575E+00    4.778E-01    1.517E+00    1.247E+01
   1.196E+00    5.607E-02    1.590E+00    4.747E-01    1.589E+00    1.329E+01
   1.288E+00    1.035E-02    1.520E+00    4.640E-01    1.486E+00    1.270E+01
   1.379E+00    3.611E-02    1.556E+00    4.759E-01    1.464E+00    1.378E+01
   1.471E+00    3.758E-02    1.541E+00    4.756E-01    1.182E+00    1.223E+01
   1.560E+00    9.286E-02    1.610E+00    4.874E-01    1.536E+00    1.400E+01
   1.651E+00    1.448E-02    1.545E+00    4.619E-01    1.702E+00    1.478E+01
   1.742E+00    4.247E-02    1.612E+00    4.664E-01    2.131E+00    1.786E+01
   1.831E+00    1.477E-02    1.604E+00    4.575E-01    2.218E+00    1.907E+01
   1.923E+00    6.483E-02    1.654E+00    4.707E-01    2.341E+00    1.910E+01
   2.014E+00    5.061E-02    1.578E+00    4.727E-01    2.011E+00    1.841E+01
   2.106E+00    5.343E-02    1.575E+00    4.802E-01    1.930E+00    2.082E+01
   2.195E+00    1.749E-02    1.547E+00    4.814E-01    7.335E-01    1.689E+01
   2.286E+00   -4.797E-02    1.504E+00    4.620E-01    9.656E-01    1.614E+01
Subject: Wavy Wall Data - x/lambda = 0.0, u',v',u'v'
 
 v1` w/o n    v2` w/o n    RS` w/o n    v1` navg     v2` navg     RS navg
 
   8.020E-01    2.896E-01   -3.338E-02
   1.131E+00    3.182E-01   -3.803E-02
   1.335E+00    4.300E-01    1.184E-01
   1.393E+00    4.700E-01    1.663E-01
   1.428E+00    4.404E-01    1.433E-01
   1.481E+00    3.820E-01    1.416E-01
   1.685E+00    4.153E-01    2.660E-01
   1.669E+00    4.040E-01    2.603E-01
   1.669E+00    4.269E-01    2.521E-01
   1.714E+00    4.628E-01    3.132E-01
   1.677E+00    4.764E-01    2.957E-01
   1.761E+00    4.266E-01    2.948E-01
   1.712E+00    4.765E-01    2.560E-01
   1.580E+00    5.123E-01    2.980E-01
   1.611E+00    5.126E-01    2.598E-01
   1.592E+00    5.804E-01    3.131E-01
   1.595E+00    5.859E-01    2.726E-01
   1.550E+00    5.917E-01    2.553E-01
   1.663E+00    7.112E-01    4.624E-01
   1.526E+00    7.089E-01    3.822E-01
   1.569E+00    7.199E-01    4.005E-01
   1.641E+00    7.697E-01    4.529E-01
   1.511E+00    7.661E-01    4.337E-01
   1.566E+00    8.632E-01    4.701E-01
   1.575E+00    8.693E-01    5.001E-01
   1.653E+00    9.115E-01    5.833E-01
   1.578E+00    9.252E-01    6.024E-01
   1.576E+00    8.965E-01    6.314E-01
   1.677E+00    9.739E-01    7.147E-01
   1.603E+00    9.110E-01    7.225E-01
   1.601E+00    8.993E-01    6.483E-01
   1.537E+00    8.962E-01    6.940E-01
   1.542E+00    8.584E-01    5.845E-01
   1.486E+00    8.553E-01    5.908E-01
   1.419E+00    8.306E-01    5.609E-01
   1.345E+00    7.282E-01    4.696E-01
   1.301E+00    7.427E-01    4.352E-01
   1.164E+00    7.204E-01    3.778E-01
   1.285E+00    7.232E-01    4.601E-01
   1.232E+00    7.041E-01    4.231E-01
   1.246E+00    7.241E-01    4.365E-01
   1.146E+00    6.591E-01    3.384E-01
   1.058E+00    6.601E-01    3.366E-01
   1.073E+00    6.230E-01    2.993E-01
   1.084E+00    6.495E-01    3.420E-01
   1.009E+00    6.360E-01    2.590E-01
   1.076E+00    6.158E-01    2.627E-01
   1.102E+00    7.742E-01    1.938E-01
   1.602E+00    1.233E+00    2.553E-01
