Subject: Wavy Wall Data - x/lambda = 0.1, uavg
 
 y            v1avg        v1intensity  v1gamma      v1skewness   v1flatness
 
   7.620E-03    1.042E+00    8.890E-01    9.262E-01    2.833E-01    3.420E+01
   1.016E-02    1.095E+00    9.485E-01    9.205E-01    1.189E+00    5.749E+00
   1.270E-02    1.227E+00    1.035E+00    9.220E-01    1.154E+00    5.483E+00
   1.524E-02    1.390E+00    1.172E+00    9.551E-01   -2.528E+00    9.069E+01
   1.778E-02    1.460E+00    1.091E+00    9.556E-01    1.152E+00    5.023E+00
   2.032E-02    1.629E+00    1.197E+00    9.684E-01   -6.296E-01    4.231E+01
   2.540E-02    1.831E+00    1.282E+00    9.649E-01    9.227E-01    4.182E+00
   3.048E-02    2.301E+00    1.490E+00    9.853E-01    9.586E-01    3.975E+00
   3.556E-02    2.495E+00    1.563E+00    9.856E-01    6.941E-01    3.063E+00
   4.318E-02    2.789E+00    1.626E+00    9.917E-01    7.117E-01    3.178E+00
   5.080E-02    3.571E+00    1.869E+00    9.919E-01    4.314E-01    2.798E+00
   5.842E-02    3.773E+00    1.868E+00    9.952E-01    3.257E-01    2.711E+00
   6.604E-02    4.262E+00    2.030E+00    9.949E-01    2.360E-01    2.622E+00
   7.366E-02    4.746E+00    2.101E+00    9.963E-01    1.471E-01    2.557E+00
   8.128E-02    4.984E+00    2.077E+00    9.974E-01    3.475E-02    2.603E+00
   9.144E-02    5.397E+00    2.061E+00    9.974E-01   -1.315E-01    2.725E+00
   1.016E-01    5.686E+00    2.069E+00    9.984E-01   -1.110E-01    2.705E+00
   1.118E-01    5.990E+00    2.127E+00    9.978E-01   -2.501E-01    2.844E+00
   1.219E-01    6.500E+00    2.146E+00    9.977E-01   -2.599E-01    3.015E+00
   1.321E-01    6.696E+00    2.150E+00    9.973E-01   -3.445E-01    3.195E+00
   1.422E-01    6.898E+00    2.032E+00    9.982E-01   -4.788E-01    3.473E+00
   1.524E-01    6.816E+00    2.130E+00    9.979E-01   -3.378E-01    3.208E+00
   1.651E-01    6.813E+00    2.016E+00    9.984E-01   -3.154E-01    3.410E+00
   1.778E-01    7.440E+00    1.980E+00    9.983E-01   -4.922E-01    3.826E+00
   2.032E-01    7.361E+00    1.952E+00    9.977E-01   -5.164E-01    4.098E+00
   2.286E-01    7.535E+00    1.920E+00    9.987E-01   -5.534E-01    4.134E+00
   2.540E-01    7.706E+00    1.890E+00    9.985E-01   -5.762E-01    4.380E+00
   3.175E-01    7.846E+00    1.994E+00    9.981E-01   -6.281E-01    4.355E+00
   3.810E-01    7.927E+00    1.985E+00    9.988E-01   -6.401E-01    4.325E+00
   4.572E-01    8.044E+00    2.017E+00    9.982E-01   -6.421E-01    4.350E+00
   5.715E-01    8.019E+00    1.954E+00    9.990E-01   -7.211E-01    4.345E+00
   6.731E-01    8.323E+00    1.978E+00    9.990E-01   -6.811E-01    4.435E+00
   7.747E-01    8.532E+00    1.995E+00    9.991E-01   -6.649E-01    4.470E+00
   8.763E-01    9.058E+00    1.931E+00    9.989E-01   -8.710E-01    5.174E+00
   1.029E+00    9.354E+00    1.996E+00    9.992E-01   -9.830E-01    5.379E+00
   1.123E+00    9.365E+00    1.872E+00    9.989E-01   -1.013E+00    5.997E+00
   1.227E+00    1.004E+01    1.787E+00    9.994E-01   -1.246E+00    7.243E+00
   1.321E+00    1.004E+01    1.764E+00    9.992E-01   -1.212E+00    7.434E+00
   1.412E+00    9.974E+00    1.846E+00    9.995E-01   -1.198E+00    6.536E+00
   1.506E+00    1.017E+01    1.797E+00    9.993E-01   -1.225E+00    6.862E+00
   1.598E+00    1.036E+01    1.765E+00    9.993E-01   -1.280E+00    7.298E+00
   1.692E+00    1.040E+01    1.753E+00    9.991E-01   -1.363E+00    7.870E+00
   1.786E+00    1.037E+01    1.789E+00    9.989E-01   -1.486E+00    8.339E+00
   1.877E+00    1.050E+01    1.809E+00    9.991E-01   -1.592E+00    8.713E+00
   1.971E+00    1.084E+01    1.696E+00    9.995E-01   -1.793E+00    1.015E+01
   2.062E+00    1.060E+01    1.719E+00    9.987E-01   -1.820E+00    1.037E+01
   2.156E+00    1.075E+01    1.625E+00    9.988E-01   -1.787E+00    1.086E+01
   2.248E+00    1.064E+01    1.700E+00    9.984E-01   -1.857E+00    1.120E+01
   2.342E+00    1.034E+01    1.988E+00    9.947E-01   -2.034E+00    1.045E+01
Subject: Wavy Wall Data - x/lambda = 0.1, vavg
 
 y            v2avg        v2intensity  v2gamma      v2skewness   v2flatness
 
   7.620E-03    1.938E-02    7.787E-01    4.936E-01    1.261E+00    2.875E+01
   1.016E-02   -1.359E-02    7.676E-01    4.778E-01    5.745E-01    6.710E+00
   1.270E-02    1.266E-02    8.020E-01    5.015E-01    6.923E-01    7.860E+00
   1.524E-02   -7.281E-02    8.701E-01    4.554E-01    4.201E+00    9.994E+01
   1.778E-02    2.970E-02    8.056E-01    5.096E-01    2.663E-01    4.957E+00
   2.032E-02    1.905E-02    9.061E-01    4.915E-01    2.406E+00    5.493E+01
   2.540E-02    5.576E-02    8.937E-01    5.163E-01    8.986E-02    5.476E+00
   3.048E-02    6.601E-02    9.751E-01    5.308E-01    2.788E-01    6.287E+00
   3.556E-02    6.039E-02    9.800E-01    5.228E-01    1.138E-01    5.903E+00
   4.318E-02    7.664E-02    1.042E+00    5.354E-01   -2.420E-02    6.370E+00
   5.080E-02    8.188E-02    1.134E+00    5.532E-01   -2.893E-01    5.997E+00
   5.842E-02    1.316E-01    1.180E+00    5.744E-01   -5.964E-01    7.146E+00
   6.604E-02    1.718E-01    1.191E+00    5.905E-01   -4.613E-01    6.817E+00
   7.366E-02    1.392E-01    1.230E+00    5.800E-01   -6.138E-01    7.301E+00
   8.128E-02    1.557E-01    1.264E+00    5.868E-01   -7.359E-01    7.820E+00
   9.144E-02    1.625E-01    1.270E+00    5.991E-01   -8.039E-01    8.337E+00
   1.016E-01    1.437E-01    1.280E+00    5.824E-01   -7.367E-01    7.917E+00
   1.118E-01    1.934E-01    1.333E+00    6.101E-01   -9.295E-01    8.958E+00
   1.219E-01    1.863E-01    1.330E+00    6.000E-01   -9.962E-01    9.056E+00
   1.321E-01    2.044E-01    1.371E+00    6.036E-01   -8.948E-01    1.029E+01
   1.422E-01    1.697E-01    1.395E+00    5.911E-01   -9.884E-01    9.259E+00
   1.524E-01    1.991E-01    1.395E+00    5.997E-01   -1.058E+00    9.110E+00
   1.651E-01    1.907E-01    1.355E+00    5.933E-01   -9.273E-01    8.902E+00
   1.778E-01    2.193E-01    1.398E+00    6.018E-01   -1.083E+00    9.283E+00
   2.032E-01    1.856E-01    1.480E+00    5.784E-01   -8.627E-01    9.023E+00
   2.286E-01    1.956E-01    1.483E+00    5.936E-01   -1.091E+00    9.059E+00
   2.540E-01    2.264E-01    1.506E+00    5.960E-01   -8.495E-01    8.648E+00
   3.175E-01    1.487E-01    1.567E+00    5.674E-01   -9.556E-01    8.072E+00
   3.810E-01    1.601E-01    1.598E+00    5.733E-01   -8.674E-01    7.477E+00
   4.572E-01    8.122E-02    1.615E+00    5.548E-01   -8.376E-01    7.512E+00
   5.715E-01    2.665E-02    1.615E+00    5.422E-01   -9.836E-01    7.782E+00
   6.731E-01    3.045E-02    1.593E+00    5.400E-01   -1.071E+00    8.637E+00
   7.747E-01    3.349E-02    1.601E+00    5.423E-01   -1.103E+00    8.825E+00
   8.763E-01    6.992E-02    1.584E+00    5.525E-01   -1.095E+00    9.835E+00
   1.029E+00    7.636E-02    1.582E+00    5.605E-01   -1.220E+00    1.103E+01
   1.123E+00   -1.786E-02    1.552E+00    5.267E-01   -1.207E+00    1.107E+01
   1.227E+00    9.311E-02    1.540E+00    5.682E-01   -1.550E+00    1.334E+01
   1.321E+00    6.079E-02    1.554E+00    5.577E-01   -1.692E+00    1.540E+01
   1.412E+00    3.216E-02    1.557E+00    5.526E-01   -1.539E+00    1.347E+01
   1.506E+00    3.958E-02    1.554E+00    5.520E-01   -1.618E+00    1.373E+01
   1.598E+00    4.649E-02    1.511E+00    5.543E-01   -1.565E+00    1.382E+01
   1.692E+00   -6.397E-03    1.540E+00    5.346E-01   -1.697E+00    1.500E+01
   1.786E+00   -7.845E-02    1.640E+00    5.230E-01   -1.666E+00    1.492E+01
   1.877E+00   -8.452E-02    1.642E+00    5.255E-01   -2.085E+00    1.722E+01
   1.971E+00    2.158E-02    1.567E+00    5.593E-01   -2.312E+00    1.946E+01
   2.062E+00   -2.443E-02    1.579E+00    5.369E-01   -2.169E+00    1.925E+01
   2.156E+00    1.162E-02    1.535E+00    5.459E-01   -1.515E+00    1.705E+01
   2.248E+00   -2.875E-02    1.572E+00    5.349E-01   -1.466E+00    1.699E+01
   2.342E+00    1.032E-01    1.740E+00    5.649E-01   -1.546E+00    1.896E+01
Subject: Wavy Wall Data - x/lambda = 0.1, u',v',u'v'
 
 v1` w/o n    v2` w/o n    RS` w/o n    v1` navg     v2` navg     RS navg
 
   6.900E-01    5.123E-01    3.073E-02    0.000E+00    0.000E+00    0.000E+00
   7.593E-01    4.784E-01    3.481E-02    0.000E+00    0.000E+00    0.000E+00
   8.623E-01    5.118E-01    7.205E-02    0.000E+00    0.000E+00    0.000E+00
   9.758E-01    5.462E-01   -6.215E-02    0.000E+00    0.000E+00    0.000E+00
   9.120E-01    5.016E-01    9.008E-02    0.000E+00    0.000E+00    0.000E+00
   9.787E-01    5.191E-01    1.219E-01    0.000E+00    0.000E+00    0.000E+00
   1.082E+00    4.993E-01    1.018E-01    0.000E+00    0.000E+00    0.000E+00
   1.271E+00    4.971E-01    1.974E-01    0.000E+00    0.000E+00    0.000E+00
   1.344E+00    4.896E-01    2.304E-01    0.000E+00    0.000E+00    0.000E+00
   1.380E+00    4.968E-01    2.908E-01    0.000E+00    0.000E+00    0.000E+00
   1.595E+00    5.045E-01    4.208E-01    0.000E+00    0.000E+00    0.000E+00
   1.575E+00    5.179E-01    4.000E-01    0.000E+00    0.000E+00    0.000E+00
   1.743E+00    5.030E-01    5.197E-01    0.000E+00    0.000E+00    0.000E+00
   1.794E+00    4.596E-01    4.753E-01    0.000E+00    0.000E+00    0.000E+00
   1.752E+00    5.131E-01    4.821E-01    0.000E+00    0.000E+00    0.000E+00
   1.710E+00    4.840E-01    4.410E-01    0.000E+00    0.000E+00    0.000E+00
   1.715E+00    4.997E-01    4.867E-01    0.000E+00    0.000E+00    0.000E+00
   1.761E+00    5.293E-01    5.008E-01    0.000E+00    0.000E+00    0.000E+00
   1.794E+00    5.304E-01    5.098E-01    0.000E+00    0.000E+00    0.000E+00
   1.771E+00    5.510E-01    4.802E-01    0.000E+00    0.000E+00    0.000E+00
   1.618E+00    5.591E-01    4.406E-01    0.000E+00    0.000E+00    0.000E+00
   1.743E+00    6.166E-01    4.861E-01    0.000E+00    0.000E+00    0.000E+00
   1.643E+00    6.195E-01    4.541E-01    0.000E+00    0.000E+00    0.000E+00
   1.574E+00    6.364E-01    4.166E-01    0.000E+00    0.000E+00    0.000E+00
   1.515E+00    7.221E-01    4.285E-01    0.000E+00    0.000E+00    0.000E+00
   1.482E+00    7.511E-01    4.496E-01    0.000E+00    0.000E+00    0.000E+00
   1.417E+00    7.825E-01    3.990E-01    0.000E+00    0.000E+00    0.000E+00
   1.530E+00    8.461E-01    5.319E-01    0.000E+00    0.000E+00    0.000E+00
   1.531E+00    9.208E-01    5.197E-01    0.000E+00    0.000E+00    0.000E+00
   1.575E+00    9.370E-01    5.828E-01    0.000E+00    0.000E+00    0.000E+00
   1.483E+00    9.003E-01    5.826E-01    0.000E+00    0.000E+00    0.000E+00
   1.521E+00    8.889E-01    6.111E-01    0.000E+00    0.000E+00    0.000E+00
   1.544E+00    8.820E-01    6.310E-01    0.000E+00    0.000E+00    0.000E+00
   1.447E+00    7.928E-01    5.924E-01    0.000E+00    0.000E+00    0.000E+00
   1.505E+00    7.535E-01    5.637E-01    0.000E+00    0.000E+00    0.000E+00
   1.376E+00    7.818E-01    5.568E-01    0.000E+00    0.000E+00    0.000E+00
   1.216E+00    7.119E-01    3.477E-01    0.000E+00    0.000E+00    0.000E+00
   1.173E+00    7.155E-01    3.587E-01    0.000E+00    0.000E+00    0.000E+00
   1.307E+00    7.098E-01    4.587E-01    0.000E+00    0.000E+00    0.000E+00
   1.239E+00    7.246E-01    4.254E-01    0.000E+00    0.000E+00    0.000E+00
   1.203E+00    6.699E-01    3.519E-01    0.000E+00    0.000E+00    0.000E+00
   1.166E+00    6.656E-01    3.990E-01    0.000E+00    0.000E+00    0.000E+00
   1.149E+00    7.346E-01    4.193E-01    0.000E+00    0.000E+00    0.000E+00
   1.152E+00    6.977E-01    4.152E-01    0.000E+00    0.000E+00    0.000E+00
   1.000E+00    6.036E-01    2.642E-01    0.000E+00    0.000E+00    0.000E+00
   1.040E+00    6.501E-01    3.119E-01    0.000E+00    0.000E+00    0.000E+00
   9.240E-01    6.247E-01    2.398E-01    0.000E+00    0.000E+00    0.000E+00
   1.107E+00    8.620E-01    3.589E-01    0.000E+00    0.000E+00    0.000E+00
   1.778E+00    1.521E+00    3.798E-01    0.000E+00    0.000E+00    0.000E+00
