Subject: Wavy Wall Data - x/lambda = 0.3, uavg
 
 y            v1avg        v1intensity  v1gamma      v1skewness   v1flatness
 
   7.620E-03    1.377E-02    3.369E+01    5.662E-01    2.063E+00    5.325E+00
   1.016E-02    1.792E-02    3.783E+00    4.910E-01    2.562E+01    6.978E+02
   1.270E-02    4.135E-02    8.138E-01    4.810E-01    1.199E+00    8.129E+00
   1.524E-02   -8.163E-03    8.222E-01    4.753E-01    8.499E-01    6.896E+00
   1.778E-02    1.743E-02    2.024E+00    4.752E-01    4.182E+01    2.159E+03
   2.032E-02   -3.786E-02    1.327E+00    4.525E-01    3.630E+01    2.169E+03
   2.540E-02   -6.788E-02    8.745E-01    4.525E-01    8.089E-01    6.521E+00
   3.048E-02   -6.094E-02    8.565E-01    4.575E-01    4.474E-01    5.445E+00
   3.556E-02   -1.174E-01    1.467E+00    4.192E-01    4.828E+01    3.438E+03
   4.318E-02   -2.187E-01    9.085E-01    3.785E-01    5.175E-01    5.026E+00
   5.080E-02   -2.189E-01    8.623E-01    3.848E-01    5.318E-01    5.887E+00
   5.842E-02   -1.135E-01    8.943E-01    4.277E-01    4.824E-01    4.916E+00
   6.604E-02   -9.666E-02    9.401E-01    4.270E-01    7.673E-01    5.874E+00
   7.366E-02   -5.092E-03    9.779E-01    4.834E-01    7.291E-01    5.784E+00
   8.128E-02   -2.571E-02    1.003E+00    4.606E-01   -1.309E+00    5.401E+01
   9.144E-02    7.918E-02    1.555E+00    4.985E-01    3.636E+01    2.341E+03
   1.016E-01    1.018E-01    1.085E+00    5.064E-01    7.277E-01    4.750E+00
   1.118E-01    2.306E-01    1.126E+00    5.564E-01    6.714E-01    4.207E+00
   1.219E-01    1.598E-01    1.113E+00    5.447E-01    6.180E-01    4.649E+00
   1.321E-01    5.547E-01    1.282E+00    6.591E-01    9.327E-01    5.168E+00
   1.422E-01    6.807E-01    1.369E+00    6.873E-01    8.579E-01    4.732E+00
   1.524E-01    9.295E-01    1.445E+00    7.349E-01    8.268E-01    4.089E+00
   1.651E-01    9.694E-01    1.476E+00    7.447E-01    1.012E+00    4.996E+00
   1.778E-01    1.412E+00    1.694E+00    8.095E-01    9.309E-01    4.171E+00
   2.032E-01    2.046E+00    1.785E+00    9.022E-01    6.039E-01    3.303E+00
   2.286E-01    2.755E+00    2.043E+00    9.449E-01    6.064E-01    2.972E+00
   2.540E-01    3.214E+00    2.075E+00    9.625E-01    3.903E-01    2.735E+00
   3.175E-01    5.040E+00    2.353E+00    9.910E-01   -5.518E-02    2.451E+00
   3.810E-01    5.850E+00    2.349E+00    9.956E-01   -2.578E-01    2.726E+00
   4.572E-01    6.484E+00    2.056E+00    9.992E-01   -2.677E-01    2.995E+00
   5.588E-01    7.674E+00    1.839E+00    9.991E-01   -4.143E-01    3.826E+00
   6.604E-01    7.747E+00    1.822E+00    9.993E-01   -4.157E-01    3.766E+00
   7.620E-01    8.024E+00    1.888E+00    9.995E-01   -3.499E-01    3.504E+00
   8.636E-01    7.998E+00    1.840E+00    9.995E-01   -2.482E-01    3.667E+00
   1.016E+00    8.468E+00    1.850E+00    9.994E-01   -4.513E-01    3.881E+00
   1.140E+00    8.841E+00    1.763E+00    9.995E-01   -5.788E-01    4.254E+00
   1.252E+00    8.898E+00    1.800E+00    9.995E-01   -5.574E-01    4.377E+00
   1.367E+00    9.181E+00    1.792E+00    9.994E-01   -6.189E-01    4.735E+00
   1.478E+00    9.398E+00    1.723E+00    9.996E-01   -7.551E-01    5.231E+00
   1.593E+00    9.507E+00    1.666E+00    9.998E-01   -7.726E-01    5.301E+00
   1.704E+00    9.906E+00    1.669E+00    9.998E-01   -8.887E-01    5.658E+00
   1.819E+00    1.022E+01    1.642E+00    9.998E-01   -1.034E+00    6.602E+00
   1.933E+00    1.015E+01    1.659E+00    9.998E-01   -1.039E+00    6.573E+00
   2.045E+00    1.045E+01    1.603E+00    9.997E-01   -1.317E+00    7.974E+00
   2.159E+00    1.041E+01    1.607E+00    9.998E-01   -1.224E+00    7.425E+00
   2.271E+00    1.051E+01    1.625E+00    9.997E-01   -1.399E+00    8.388E+00
   2.385E+00    1.055E+01    1.576E+00    9.995E-01   -1.356E+00    8.856E+00
   2.497E+00    1.064E+01    1.482E+00    9.996E-01   -1.458E+00    1.024E+01
   2.611E+00    1.054E+01    1.502E+00    9.997E-01   -1.662E+00    1.126E+01
Subject: Wavy Wall Data - x/lambda = 0.4, vavg
 
 y            v2avg        v2intensity  v2gamma      v2skewness   v2flatness
 
   7.620E-03    1.148E-03    2.816E-02    5.612E-01    2.061E+00    5.315E+00
   1.016E-02    1.053E-03    3.193E-01    5.019E-01    2.529E+01    6.880E+02
   1.270E-02    9.567E-03    7.342E-01    5.274E-01   -1.003E+00    1.133E+01
   1.524E-02   -3.596E-02    7.459E-01    4.941E-01   -1.202E+00    1.234E+01
   1.778E-02    4.120E-02    1.706E+00    5.223E-01    4.077E+01    2.102E+03
   2.032E-02    5.910E-02    1.160E+00    5.463E-01    3.358E+01    1.990E+03
   2.540E-02    8.515E-02    7.304E-01    5.517E-01   -2.470E-01    1.103E+01
   3.048E-02    7.189E-02    7.306E-01    5.601E-01   -5.639E-01    9.375E+00
   3.556E-02    8.858E-02    1.242E+00    5.577E-01    4.773E+01    3.403E+03
   4.318E-02    1.471E-01    7.381E-01    5.984E-01   -5.981E-01    7.674E+00
   5.080E-02    1.648E-01    7.506E-01    5.995E-01   -3.895E-01    8.832E+00
   5.842E-02    1.198E-01    7.478E-01    5.698E-01   -2.046E-01    5.896E+00
   6.604E-02    1.482E-01    7.670E-01    5.889E-01   -3.565E-01    6.489E+00
   7.366E-02    1.003E-01    8.130E-01    5.735E-01   -5.846E-01    8.069E+00
   8.128E-02    9.543E-02    8.373E-01    5.652E-01   -2.133E+00    4.954E+01
   9.144E-02    9.894E-02    1.213E+00    5.616E-01    3.307E+01    2.093E+03
   1.016E-01    9.125E-02    8.759E-01    5.719E-01   -6.479E-01    6.072E+00
   1.118E-01    5.854E-02    8.581E-01    5.481E-01   -3.459E-01    5.577E+00
   1.219E-01    1.283E-01    9.006E-01    5.788E-01   -3.972E-01    5.547E+00
   1.321E-01    3.362E-02    9.416E-01    5.401E-01   -5.515E-01    5.478E+00
   1.422E-01    3.730E-02    9.539E-01    5.295E-01   -2.459E-01    4.830E+00
   1.524E-01   -1.719E-02    9.749E-01    5.146E-01   -5.618E-01    5.220E+00
   1.651E-01   -8.211E-03    9.978E-01    5.169E-01   -1.997E-01    4.819E+00
   1.778E-01   -5.557E-02    1.025E+00    5.041E-01   -3.883E-01    4.616E+00
   2.032E-01   -1.133E-01    1.095E+00    4.777E-01   -3.691E-01    4.931E+00
   2.286E-01   -2.096E-01    1.151E+00    4.438E-01   -1.901E-01    4.300E+00
   2.540E-01   -2.170E-01    1.190E+00    4.386E-01   -1.532E-01    4.215E+00
   3.175E-01   -3.329E-01    1.261E+00    3.831E-01    3.026E-01    5.322E+00
   3.810E-01   -3.169E-01    1.261E+00    3.818E-01    4.010E-01    5.677E+00
   4.572E-01   -2.359E-01    1.291E+00    4.046E-01    5.990E-01    6.363E+00
   5.588E-01   -4.002E-01    1.351E+00    3.551E-01    5.720E-01    6.428E+00
   6.604E-01   -3.797E-01    1.374E+00    3.658E-01    5.916E-01    6.710E+00
   7.620E-01   -2.569E-01    1.396E+00    4.056E-01    6.302E-01    6.662E+00
   8.636E-01   -2.848E-01    1.366E+00    3.975E-01    3.645E-01    5.732E+00
   1.016E+00   -2.766E-01    1.399E+00    3.959E-01    5.284E-01    6.201E+00
   1.140E+00   -2.543E-01    1.406E+00    3.955E-01    7.951E-01    7.223E+00
   1.252E+00   -1.701E-01    1.408E+00    4.232E-01    6.817E-01    7.559E+00
   1.367E+00   -1.438E-01    1.422E+00    4.318E-01    8.656E-01    8.552E+00
   1.478E+00   -1.389E-01    1.398E+00    4.317E-01    9.142E-01    9.214E+00
   1.593E+00   -1.398E-01    1.385E+00    4.275E-01    1.192E+00    1.081E+01
   1.704E+00   -1.590E-01    1.380E+00    4.185E-01    1.149E+00    1.086E+01
   1.819E+00   -1.540E-01    1.443E+00    4.123E-01    1.583E+00    1.366E+01
   1.933E+00   -1.237E-01    1.439E+00    4.193E-01    1.560E+00    1.340E+01
   2.045E+00   -1.386E-01    1.449E+00    4.142E-01    1.791E+00    1.551E+01
   2.159E+00   -1.313E-01    1.419E+00    4.144E-01    1.715E+00    1.480E+01
   2.271E+00   -7.843E-02    1.468E+00    4.388E-01    1.764E+00    1.645E+01
   2.385E+00   -4.773E-02    1.381E+00    4.544E-01    1.750E+00    1.819E+01
   2.497E+00   -8.327E-02    1.334E+00    4.436E-01    2.304E+00    2.259E+01
   2.611E+00   -6.886E-02    1.395E+00    4.455E-01    2.957E+00    2.694E+01
Subject: Wavy Wall Data - x/lambda = 0.3, u',v',u'v'
 
 v1` w/o n    v2` w/o n    RS` w/o n    v1` navg     v2` navg     RS navg
 
   3.262E-02    2.727E-02   -8.893E-02
   3.399E-01    2.862E-01   -9.328E-01
   6.595E-01    5.527E-01    2.446E-02
   6.516E-01    5.402E-01    9.379E-02
   6.696E-01    6.401E-01   -1.908E-02
   8.613E-01    7.292E-01   -1.928E-01
   7.168E-01    5.244E-01    4.576E-02
   6.924E-01    5.132E-01    1.055E-01
   8.040E-01    6.224E-01   -9.118E-02
   7.457E-01    5.049E-01    9.921E-02
   6.907E-01    5.166E-01    8.167E-02
   7.440E-01    5.447E-01    8.606E-02
   7.759E-01    5.513E-01    1.044E-01
   8.198E-01    5.968E-01    1.303E-01
   8.049E-01    5.853E-01    1.317E-01
   9.787E-01    6.981E-01    2.896E-02
   9.329E-01    6.644E-01    2.049E-01
   9.755E-01    6.387E-01    2.038E-01
   9.521E-01    6.741E-01    1.752E-01
   1.138E+00    7.048E-01    2.892E-01
   1.226E+00    7.039E-01    2.956E-01
   1.294E+00    6.946E-01    4.132E-01
   1.327E+00    7.359E-01    3.980E-01
   1.538E+00    7.265E-01    5.628E-01
   1.603E+00    7.247E-01    5.649E-01
   1.858E+00    7.485E-01    7.683E-01
   1.879E+00    7.340E-01    8.134E-01
   2.130E+00    7.318E-01    9.805E-01
   2.125E+00    7.137E-01    9.054E-01
   1.775E+00    7.135E-01    5.908E-01
   1.514E+00    8.005E-01    5.615E-01
   1.481E+00    8.289E-01    4.980E-01
   1.566E+00    8.405E-01    6.387E-01
   1.516E+00    8.522E-01    5.927E-01
   1.503E+00    8.535E-01    5.678E-01
   1.386E+00    8.009E-01    4.887E-01
   1.425E+00    8.101E-01    5.037E-01
   1.385E+00    7.744E-01    5.415E-01
   1.292E+00    7.191E-01    4.605E-01
   1.219E+00    6.811E-01    3.516E-01
   1.201E+00    6.801E-01    3.767E-01
   1.138E+00    6.839E-01    3.569E-01
   1.154E+00    6.717E-01    3.418E-01
   1.056E+00    6.192E-01    2.863E-01
   1.075E+00    6.149E-01    2.859E-01
   1.044E+00    6.483E-01    2.933E-01
   1.042E+00    5.868E-01    2.572E-01
   9.377E-01    5.868E-01    2.190E-01
   1.287E+00    1.147E+00    6.061E-01
