Subject: Wavy Wall Data - x/lambda = 0.2, uavg
 
 y            v1avg        v1intensity  v1gamma      v1skewness   v1flatness
 
   7.620E-03    1.968E-01    8.338E-01    5.784E-01    2.112E+00    1.356E+01
   1.016E-02    2.027E-01    7.698E-01    5.958E-01    1.468E+00    9.176E+00
   1.270E-02    1.601E-01    7.582E-01    5.550E-01    1.296E+00    8.135E+00
   1.524E-02    2.078E-01    8.038E-01    5.801E-01    1.138E+00    6.704E+00
   1.778E-02    2.015E-01    7.941E-01    5.922E-01    1.265E+00    8.829E+00
   2.032E-02    2.076E-01    8.382E-01    5.644E-01    1.137E+00    6.176E+00
   2.540E-02    2.097E-01    9.970E-01    6.013E-01   -7.349E+00    2.142E+02
   3.048E-02    3.633E-01    1.247E+00    6.656E-01    3.453E+01    4.012E+03
   3.556E-02    2.921E-01    8.543E-01    6.300E-01    1.307E+00    8.367E+00
   4.318E-02    3.671E-01    8.810E-01    6.600E-01    1.224E+00    6.631E+00
   5.080E-02    5.298E-01    1.100E+00    7.046E-01   -4.942E+00    1.463E+02
   5.842E-02    6.800E-01    1.051E+00    7.514E-01    1.285E+00    6.116E+00
   6.604E-02    8.893E-01    1.077E+00    8.135E-01    9.355E-01    4.577E+00
   7.366E-02    1.035E+00    1.200E+00    8.403E-01    1.193E+00    5.327E+00
   8.128E-02    1.178E+00    1.231E+00    8.654E-01    1.285E+00    5.878E+00
   9.144E-02    1.342E+00    1.369E+00    8.843E-01    1.244E+00    5.156E+00
   1.016E-01    1.818E+00    1.564E+00    9.115E-01    8.826E-01    3.834E+00
   1.118E-01    2.418E+00    1.703E+00    9.648E-01    7.593E-01    3.336E+00
   1.219E-01    2.683E+00    1.848E+00    9.715E-01    6.793E-01    3.014E+00
   1.321E-01    2.926E+00    1.843E+00    9.778E-01    5.435E-01    2.839E+00
   1.422E-01    3.216E+00    1.985E+00    9.779E-01    4.279E-01    2.653E+00
   1.524E-01    3.996E+00    2.127E+00    9.880E-01    2.313E-01    2.549E+00
   1.651E-01    4.217E+00    2.208E+00    9.892E-01    1.498E-01    2.344E+00
   1.778E-01    4.814E+00    2.111E+00    9.959E-01   -2.027E-02    2.481E+00
   2.032E-01    5.315E+00    2.239E+00    9.970E-01   -2.569E-02    2.555E+00
   2.286E-01    6.040E+00    2.184E+00    9.969E-01   -2.581E-01    2.908E+00
   2.540E-01    6.358E+00    2.144E+00    9.978E-01   -2.937E-01    2.974E+00
   3.175E-01    7.123E+00    1.933E+00    9.983E-01   -5.340E-01    3.976E+00
   3.810E-01    7.427E+00    1.896E+00    9.977E-01   -5.834E-01    4.329E+00
   4.572E-01    7.612E+00    1.920E+00    9.983E-01   -6.065E-01    4.294E+00
   5.588E-01    7.871E+00    1.979E+00    9.987E-01   -5.214E-01    4.025E+00
   6.604E-01    8.128E+00    2.031E+00    9.983E-01   -5.718E-01    4.044E+00
   7.696E-01    8.409E+00    2.013E+00    9.988E-01   -6.621E-01    4.297E+00
   8.712E-01    8.611E+00    1.996E+00    9.989E-01   -6.836E-01    4.377E+00
   1.024E+00    8.963E+00    1.949E+00    9.991E-01   -8.957E-01    5.281E+00
   1.125E+00    9.339E+00    1.932E+00    9.991E-01   -1.036E+00    5.722E+00
   1.229E+00    9.404E+00    1.933E+00    9.992E-01   -9.221E-01    5.398E+00
   1.331E+00    9.785E+00    1.885E+00    9.988E-01   -1.120E+00    6.414E+00
   1.433E+00    9.532E+00    1.878E+00    9.991E-01   -1.085E+00    6.122E+00
   1.537E+00    9.851E+00    1.806E+00    9.992E-01   -1.182E+00    6.780E+00
   1.638E+00    1.001E+01    1.855E+00    9.989E-01   -1.372E+00    7.568E+00
   1.742E+00    9.909E+00    1.799E+00    9.993E-01   -1.266E+00    7.197E+00
   1.844E+00    1.044E+01    1.790E+00    9.989E-01   -1.475E+00    8.211E+00
   1.946E+00    1.041E+01    1.813E+00    9.991E-01   -1.605E+00    8.838E+00
   2.050E+00    1.076E+01    1.763E+00    9.994E-01   -1.822E+00    1.028E+01
   2.151E+00    1.087E+01    1.706E+00    9.992E-01   -1.904E+00    1.088E+01
   2.253E+00    1.080E+01    1.628E+00    9.993E-01   -1.868E+00    1.128E+01
   2.357E+00    1.063E+01    1.772E+00    9.984E-01   -1.924E+00    1.071E+01
   2.459E+00    1.043E+01    1.807E+00    9.952E-01   -1.967E+00    1.224E+01
Subject: Wavy Wall Data - x/lambda = 0.2, vavg
 
 y            v2avg        v2intensity  v2gamma      v2skewness   v2flatness
 
   7.620E-03   -9.169E-02    8.397E-01    4.899E-01   -3.011E+00    2.619E+01
   1.016E-02   -1.037E-02    7.537E-01    5.229E-01   -1.685E+00    1.113E+01
   1.270E-02   -3.150E-02    7.192E-01    5.199E-01   -1.248E+00    9.918E+00
   1.524E-02   -5.473E-02    7.506E-01    4.905E-01   -9.897E-01    1.021E+01
   1.778E-02   -8.531E-04    7.314E-01    5.064E-01   -1.141E+00    1.190E+01
   2.032E-02    4.128E-04    7.537E-01    5.211E-01   -8.192E-01    1.048E+01
   2.540E-02   -1.597E-02    8.375E-01    5.148E-01   -8.488E+00    2.089E+02
   3.048E-02    1.393E-02    1.018E+00    5.184E-01    3.644E+01    4.328E+03
   3.556E-02   -1.978E-02    7.594E-01    5.236E-01   -1.738E+00    1.652E+01
   4.318E-02    5.714E-03    7.655E-01    5.153E-01   -1.231E+00    1.061E+01
   5.080E-02    1.342E-03    8.665E-01    5.315E-01   -6.837E+00    1.586E+02
   5.842E-02    4.019E-03    7.517E-01    5.224E-01   -1.934E-01    6.944E+00
   6.604E-02   -7.590E-03    7.613E-01    5.231E-01   -6.917E-01    7.066E+00
   7.366E-02    2.522E-03    8.271E-01    5.163E-01   -7.510E-01    9.708E+00
   8.128E-02   -1.471E-02    8.238E-01    5.083E-01   -4.852E-01    6.364E+00
   9.144E-02   -1.909E-02    8.312E-01    5.113E-01   -3.731E-01    5.661E+00
   1.016E-01   -2.943E-03    9.221E-01    5.155E-01   -2.919E-01    6.457E+00
   1.118E-01   -6.754E-02    1.011E+00    4.821E-01   -1.561E-01    5.138E+00
   1.219E-01   -7.790E-02    1.027E+00    4.761E-01   -3.073E-02    5.277E+00
   1.321E-01   -6.375E-02    1.106E+00    4.815E-01   -5.335E-02    5.425E+00
   1.422E-01   -7.121E-02    1.102E+00    4.641E-01    2.402E-01    4.915E+00
   1.524E-01   -1.753E-01    1.217E+00    4.185E-01    3.407E-01    6.068E+00
   1.651E-01   -1.545E-01    1.243E+00    4.356E-01    3.322E-01    6.242E+00
   1.778E-01   -1.715E-01    1.298E+00    4.179E-01    6.155E-01    6.870E+00
   2.032E-01   -1.676E-01    1.308E+00    4.118E-01    6.552E-01    6.479E+00
   2.286E-01   -2.040E-01    1.375E+00    3.999E-01    7.080E-01    8.653E+00
   2.540E-01   -1.753E-01    1.406E+00    4.166E-01    7.367E-01    7.814E+00
   3.175E-01   -1.694E-01    1.441E+00    4.165E-01    9.479E-01    8.189E+00
   3.810E-01   -1.706E-01    1.501E+00    4.213E-01    8.131E-01    7.156E+00
   4.572E-01   -1.898E-01    1.538E+00    4.168E-01    8.215E-01    7.301E+00
   5.588E-01   -1.193E-01    1.596E+00    4.391E-01    8.061E-01    7.441E+00
   6.604E-01   -1.509E-01    1.593E+00    4.251E-01    8.184E-01    7.254E+00
   7.696E-01   -1.618E-01    1.617E+00    4.225E-01    1.055E+00    8.252E+00
   8.712E-01   -1.200E-01    1.539E+00    4.313E-01    9.689E-01    8.580E+00
   1.024E+00   -9.494E-02    1.603E+00    4.375E-01    1.127E+00    9.802E+00
   1.125E+00   -1.333E-01    1.586E+00    4.227E-01    1.112E+00    9.581E+00
   1.229E+00   -5.587E-02    1.580E+00    4.460E-01    1.406E+00    1.081E+01
   1.331E+00   -9.685E-02    1.582E+00    4.316E-01    1.515E+00    1.265E+01
   1.433E+00    5.021E-05    1.592E+00    4.591E-01    1.415E+00    1.143E+01
   1.537E+00   -3.210E-02    1.577E+00    4.540E-01    1.433E+00    1.179E+01
   1.638E+00   -3.915E-02    1.630E+00    4.416E-01    1.618E+00    1.374E+01
   1.742E+00    4.459E-02    1.611E+00    4.678E-01    1.890E+00    1.478E+01
   1.844E+00   -7.418E-02    1.576E+00    4.332E-01    1.579E+00    1.498E+01
   1.946E+00   -2.222E-02    1.630E+00    4.422E-01    1.981E+00    1.633E+01
   2.050E+00   -2.707E-02    1.647E+00    4.343E-01    2.162E+00    1.802E+01
   2.151E+00   -4.885E-02    1.560E+00    4.382E-01    2.256E+00    1.965E+01
   2.253E+00   -1.289E-02    1.537E+00    4.490E-01    1.976E+00    1.941E+01
   2.357E+00    1.209E-02    1.669E+00    4.554E-01    2.234E+00    1.953E+01
   2.459E+00   -1.114E-01    1.605E+00    4.373E-01    1.567E+00    1.891E+01
Subject: Wavy Wall Data - x/lambda = 0.2, u',v',u'v'
 
 v1` w/o n    v2` w/o n    RS` w/o n    v1` navg     v2` navg     RS navg
 
   7.467E-01    7.493E-01    2.435E-01
   6.779E-01    6.495E-01    1.721E-01
   6.611E-01    6.158E-01    1.040E-01
   7.223E-01    6.642E-01    1.079E-01
   6.888E-01    6.074E-01    9.575E-02
   7.457E-01    6.447E-01    6.408E-02
   8.881E-01    7.116E-01   -1.186E-01
   8.852E-01    6.738E-01   -1.033E-01
   7.473E-01    6.293E-01    1.195E-01
   7.577E-01    6.088E-01    1.125E-01
   9.655E-01    6.992E-01   -5.967E-02
   9.249E-01    5.505E-01    4.703E-02
   9.342E-01    5.299E-01    9.535E-02
   1.059E+00    5.683E-01    1.078E-01
   1.080E+00    5.337E-01    1.481E-01
   1.229E+00    5.327E-01    2.173E-01
   1.385E+00    5.129E-01    1.990E-01
   1.495E+00    5.309E-01    3.062E-01
   1.646E+00    5.308E-01    3.955E-01
   1.593E+00    5.606E-01    4.083E-01
   1.750E+00    5.476E-01    4.136E-01
   1.854E+00    5.743E-01    6.012E-01
   1.943E+00    6.049E-01    6.459E-01
   1.786E+00    5.606E-01    6.004E-01
   1.922E+00    6.133E-01    6.220E-01
   1.812E+00    5.971E-01    5.739E-01
   1.775E+00    6.869E-01    6.905E-01
   1.502E+00    6.995E-01    4.702E-01
   1.443E+00    8.067E-01    4.873E-01
   1.467E+00    8.503E-01    4.997E-01
   1.539E+00    9.328E-01    6.882E-01
   1.594E+00    9.029E-01    7.620E-01
   1.571E+00    9.058E-01    6.595E-01
   1.546E+00    8.244E-01    6.166E-01
   1.437E+00    8.199E-01    5.274E-01
   1.421E+00    8.230E-01    5.267E-01
   1.448E+00    7.997E-01    5.696E-01
   1.332E+00    7.389E-01    4.568E-01
   1.326E+00    7.686E-01    4.893E-01
   1.223E+00    7.582E-01    3.977E-01
   1.237E+00    7.379E-01    4.470E-01
   1.185E+00    7.326E-01    3.871E-01
   1.151E+00    6.573E-01    3.426E-01
   1.140E+00    6.645E-01    3.553E-01
   1.052E+00    6.911E-01    3.614E-01
   1.028E+00    6.312E-01    2.660E-01
   9.140E-01    6.100E-01    1.999E-01
   1.091E+00    8.387E-01    3.670E-01
   1.575E+00    1.372E+00    4.954E-01
