Subject: Wavy Wall Data - x/lambda = 0.5, uavg
 
 y            v1avg        v1intensity  v1gamma      v1skewness   v1flatness
 
   7.620E-03    2.113E-02    7.767E-01    5.018E-01    7.418E-01    8.480E+00
   1.016E-02   -2.632E-02    8.281E-01    4.829E-01    7.810E-01    7.804E+00
   1.270E-02   -5.293E-02    7.943E-01    4.632E-01    5.353E-01    6.122E+00
   1.524E-02   -8.563E-06    8.056E-01    4.916E-01    5.387E-01    7.112E+00
   1.778E-02   -1.060E-02    8.344E-01    4.865E-01    6.190E-01    6.805E+00
   2.032E-02   -6.994E-02    8.504E-01    4.552E-01    5.780E-01    6.702E+00
   2.540E-02   -3.901E-02    8.572E-01    4.770E-01    4.679E-01    6.845E+00
   3.048E-02   -8.072E-02    9.252E-01    4.474E-01    5.642E-01    6.019E+00
   3.556E-02   -1.489E-01    9.905E-01    4.357E-01   -2.050E-02    5.000E+00
   4.318E-02   -1.962E-01    1.016E+00    4.165E-01    3.474E-01    5.627E+00
   5.080E-02   -1.303E-01    1.119E+00    4.433E-01    3.712E-01    4.373E+00
   5.842E-02   -1.936E-01    1.161E+00    4.237E-01    3.836E-01    5.161E+00
   6.604E-02   -1.721E-01    1.148E+00    4.199E-01    2.494E-01    4.521E+00
   7.366E-02   -4.686E-02    1.169E+00    4.637E-01    5.679E-01    4.864E+00
   8.128E-02    4.956E-02    1.239E+00    4.968E-01    6.633E-01    4.815E+00
   9.144E-02   -5.266E-02    1.270E+00    4.635E-01    4.655E-01    4.501E+00
   1.016E-01    4.780E-02    1.285E+00    5.040E-01    3.462E-01    4.243E+00
   1.118E-01    3.182E-01    1.386E+00    5.752E-01    5.065E-01    4.106E+00
   1.219E-01    3.119E-01    1.361E+00    5.679E-01    5.349E-01    3.976E+00
   1.321E-01    5.328E-01    1.380E+00    6.402E-01    4.521E-01    3.876E+00
   1.422E-01    4.167E-01    1.344E+00    6.042E-01    5.534E-01    4.000E+00
   1.524E-01    8.224E-01    1.521E+00    6.937E-01    7.186E-01    3.897E+00
   1.651E-01    9.292E-01    1.674E+00    7.001E-01    8.141E-01    4.231E+00
   1.778E-01    9.894E-01    1.673E+00    7.096E-01    5.739E-01    3.467E+00
   2.032E-01    1.246E+00    1.584E+00    7.886E-01    5.729E-01    3.331E+00
   2.286E-01    1.318E+00    1.745E+00    7.669E-01    7.635E-01    3.555E+00
   2.540E-01    1.533E+00    1.715E+00    8.196E-01    6.648E-01    3.321E+00
   3.175E-01    2.136E+00    1.936E+00    8.781E-01    5.200E-01    2.980E+00
   3.810E-01    3.262E+00    2.195E+00    9.527E-01    2.985E-01    2.438E+00
   4.572E-01    3.910E+00    2.413E+00    9.663E-01    1.396E-01    2.235E+00
   5.588E-01    5.315E+00    2.310E+00    9.934E-01   -2.083E-01    2.519E+00
   6.604E-01    6.286E+00    2.143E+00    9.978E-01   -4.857E-01    3.129E+00
   7.620E-01    6.730E+00    1.906E+00    9.992E-01   -4.598E-01    3.452E+00
   8.636E-01    7.107E+00    1.862E+00    9.989E-01   -4.043E-01    3.761E+00
   1.016E+00    7.620E+00    1.911E+00    9.994E-01   -4.557E-01    3.820E+00
   1.143E+00    7.744E+00    1.809E+00    9.995E-01   -5.798E-01    4.228E+00
   1.270E+00    8.290E+00    1.861E+00    9.994E-01   -5.900E-01    4.288E+00
   1.394E+00    8.637E+00    1.770E+00    9.996E-01   -6.677E-01    5.028E+00
   1.521E+00    8.998E+00    1.823E+00    9.997E-01   -7.053E-01    4.634E+00
   1.648E+00    9.029E+00    1.783E+00    9.999E-01   -8.124E-01    5.323E+00
   1.775E+00    9.372E+00    1.741E+00    9.998E-01   -9.732E-01    5.913E+00
   1.902E+00    9.647E+00    1.664E+00    9.997E-01   -1.012E+00    6.275E+00
   2.027E+00    9.857E+00    1.695E+00    9.998E-01   -1.047E+00    6.498E+00
   2.154E+00    1.017E+01    1.615E+00    9.999E-01   -1.125E+00    7.284E+00
   2.281E+00    1.023E+01    1.686E+00    9.995E-01   -1.382E+00    8.004E+00
   2.408E+00    1.035E+01    1.685E+00    9.998E-01   -1.339E+00    8.008E+00
   2.532E+00    1.056E+01    1.557E+00    9.998E-01   -1.438E+00    9.237E+00
   2.659E+00    1.051E+01    1.468E+00    9.997E-01   -1.259E+00    9.197E+00
   2.786E+00    1.039E+01    1.475E+00    1.000E+00   -1.165E+00    8.292E+00
Subject: Wavy Wall Data - x/lambda = 0.5, vavg
 
 y            v2avg        v2intensity  v2gamma      v2skewness   v2flatness
 
   7.620E-03   -3.840E-02    6.829E-01    4.840E-01   -2.313E-01    1.054E+01
   1.016E-02   -4.910E-02    7.146E-01    4.717E-01   -3.729E-01    1.063E+01
   1.270E-02   -3.174E-02    6.549E-01    4.798E-01   -1.621E-01    8.002E+00
   1.524E-02   -4.372E-02    6.805E-01    4.692E-01   -5.155E-01    1.006E+01
   1.778E-02   -6.874E-02    7.107E-01    4.726E-01   -7.062E-01    9.451E+00
   2.032E-02   -5.768E-02    6.961E-01    4.714E-01   -4.550E-01    9.016E+00
   2.540E-02   -6.398E-02    6.948E-01    4.607E-01   -1.650E-01    9.050E+00
   3.048E-02   -1.015E-01    7.020E-01    4.444E-01   -1.786E-01    7.429E+00
   3.556E-02   -7.644E-02    7.280E-01    4.572E-01   -2.382E-01    6.028E+00
   4.318E-02   -1.246E-01    7.748E-01    4.334E-01   -2.909E-01    7.712E+00
   5.080E-02   -8.404E-02    8.326E-01    4.661E-01   -3.424E-01    6.393E+00
   5.842E-02   -1.220E-01    8.661E-01    4.562E-01   -8.024E-01    1.082E+01
   6.604E-02   -9.834E-02    8.607E-01    4.596E-01   -2.102E-01    5.293E+00
   7.366E-02   -1.535E-01    9.269E-01    4.381E-01   -4.652E-01    5.547E+00
   8.128E-02   -1.537E-01    9.287E-01    4.396E-01   -2.538E-01    5.194E+00
   9.144E-02   -1.338E-01    9.775E-01    4.511E-01   -3.328E-01    5.249E+00
   1.016E-01   -1.260E-01    9.865E-01    4.450E-01   -2.317E-01    4.816E+00
   1.118E-01   -2.529E-01    1.070E+00    4.075E-01   -2.487E-01    4.088E+00
   1.219E-01   -1.430E-01    1.060E+00    4.615E-01   -4.115E-01    4.650E+00
   1.321E-01   -2.531E-01    1.136E+00    4.189E-01   -3.168E-01    4.889E+00
   1.422E-01   -2.542E-01    1.150E+00    4.154E-01   -3.039E-01    4.088E+00
   1.524E-01   -2.547E-01    1.231E+00    4.385E-01   -4.901E-01    4.926E+00
   1.651E-01   -3.201E-01    1.268E+00    4.136E-01   -4.314E-01    4.473E+00
   1.778E-01   -3.162E-01    1.276E+00    4.136E-01   -3.050E-01    3.633E+00
   2.032E-01   -4.090E-01    1.302E+00    3.840E-01   -2.369E-01    3.467E+00
   2.286E-01   -2.981E-01    1.326E+00    4.247E-01   -2.517E-01    3.599E+00
   2.540E-01   -2.412E-01    1.282E+00    4.389E-01   -2.904E-01    3.687E+00
   3.175E-01   -2.570E-01    1.403E+00    4.398E-01   -1.811E-01    3.560E+00
   3.810E-01   -4.227E-01    1.496E+00    3.895E-01   -2.175E-02    3.492E+00
   4.572E-01   -3.266E-01    1.490E+00    4.027E-01    1.667E-01    3.948E+00
   5.588E-01   -3.708E-01    1.468E+00    3.710E-01    4.158E-01    4.423E+00
   6.604E-01   -3.418E-01    1.441E+00    3.791E-01    5.067E-01    5.864E+00
   7.620E-01   -2.473E-01    1.408E+00    3.947E-01    7.987E-01    6.739E+00
   8.636E-01   -2.291E-01    1.397E+00    4.146E-01    5.240E-01    6.703E+00
   1.016E+00   -1.679E-01    1.447E+00    4.301E-01    8.742E-01    7.766E+00
   1.143E+00   -9.100E-02    1.429E+00    4.514E-01    9.669E-01    7.973E+00
   1.270E+00   -1.247E-01    1.411E+00    4.356E-01    9.771E-01    7.979E+00
   1.394E+00   -7.318E-02    1.464E+00    4.481E-01    1.154E+00    9.559E+00
   1.521E+00   -1.048E-01    1.425E+00    4.391E-01    1.173E+00    1.009E+01
   1.648E+00   -4.517E-02    1.483E+00    4.540E-01    1.538E+00    1.149E+01
   1.775E+00   -4.043E-02    1.486E+00    4.541E-01    1.548E+00    1.168E+01
   1.902E+00   -4.868E-02    1.437E+00    4.457E-01    1.438E+00    1.166E+01
   2.027E+00   -3.873E-03    1.456E+00    4.601E-01    1.702E+00    1.313E+01
   2.154E+00   -5.857E-02    1.465E+00    4.350E-01    1.841E+00    1.364E+01
   2.281E+00   -1.063E-02    1.500E+00    4.524E-01    2.193E+00    1.656E+01
   2.408E+00    8.599E-03    1.513E+00    4.559E-01    2.249E+00    1.789E+01
   2.532E+00   -5.303E-02    1.409E+00    4.453E-01    2.297E+00    2.043E+01
   2.659E+00   -6.207E-02    1.313E+00    4.547E-01    1.749E+00    1.911E+01
   2.786E+00   -8.973E-02    1.301E+00    4.415E-01    2.013E+00    2.157E+01
Subject: Wavy Wall Data - x/lambda = 0.5, u',v',u'v'
 
 v1` w/o n    v2` w/o n    RS` w/o n    v1` navg     v2` navg     RS navg
 
   4.360E-01    2.978E-01   -2.335E-02
   5.264E-01    3.759E-01   -2.390E-02
   5.057E-01    3.234E-01   -2.555E-02
   5.322E-01    3.463E-01   -3.107E-02
   5.556E-01    3.777E-01   -5.389E-03
   5.770E-01    3.580E-01   -4.804E-03
   5.899E-01    3.604E-01   -2.631E-02
   6.893E-01    3.711E-01   -4.594E-02
   7.943E-01    4.271E-01   -4.517E-02
   8.157E-01    4.833E-01   -1.820E-02
   9.313E-01    5.484E-01    2.828E-02
   9.900E-01    6.060E-01    8.041E-02
   9.863E-01    6.053E-01    5.756E-02
   9.999E-01    6.960E-01    1.606E-01
   1.070E+00    6.619E-01    1.496E-01
   1.103E+00    7.428E-01    1.675E-01
   1.120E+00    7.308E-01    1.876E-01
   1.218E+00    8.217E-01    2.966E-01
   1.201E+00    8.195E-01    3.046E-01
   1.209E+00    8.877E-01    3.304E-01
   1.169E+00    9.149E-01    2.628E-01
   1.350E+00    9.895E-01    4.267E-01
   1.521E+00    1.028E+00    6.797E-01
   1.514E+00    1.026E+00    6.065E-01
   1.393E+00    1.027E+00    5.338E-01
   1.579E+00    1.068E+00    8.518E-01
   1.537E+00    9.913E-01    7.172E-01
   1.744E+00    1.078E+00    9.605E-01
   1.988E+00    1.125E+00    1.230E+00
   2.210E+00    1.070E+00    1.347E+00
   2.069E+00    9.948E-01    1.176E+00
   1.862E+00    9.187E-01    9.469E-01
   1.582E+00    8.533E-01    6.250E-01
   1.536E+00    8.587E-01    5.950E-01
   1.573E+00    8.541E-01    6.710E-01
   1.437E+00    8.215E-01    5.291E-01
   1.505E+00    7.833E-01    5.561E-01
   1.348E+00    7.860E-01    4.765E-01
   1.444E+00    7.703E-01    5.433E-01
   1.342E+00    7.661E-01    4.783E-01
   1.282E+00    7.420E-01    4.216E-01
   1.182E+00    6.984E-01    3.688E-01
   1.220E+00    6.879E-01    4.144E-01
   1.088E+00    6.496E-01    2.884E-01
   1.137E+00    6.468E-01    3.346E-01
   1.123E+00    6.149E-01    3.323E-01
   1.021E+00    5.729E-01    2.173E-01
   9.534E-01    6.020E-01    2.179E-01
   1.289E+00    1.087E+00    3.769E-01
