Subject: Wavy Wall Data - x/lambda = 0.7, uavg
 
 y            v1avg        v1intensity  v1gamma      v1skewness   v1flatness
 
   7.620E-03    2.337E+00    1.440E+00    9.840E-01    8.368E-01    3.725E+00
   1.016E-02    2.540E+00    1.514E+00    9.813E-01    5.823E-01    3.174E+00
   1.270E-02    2.654E+00    1.570E+00    9.859E-01    6.818E-01    3.351E+00
   1.524E-02    2.623E+00    1.468E+00    9.896E-01    6.402E-01    3.266E+00
   1.778E-02    2.861E+00    1.644E+00    9.896E-01    6.035E-01    3.044E+00
   2.032E-02    2.787E+00    1.558E+00    9.913E-01    5.923E-01    3.062E+00
   2.540E-02    2.934E+00    1.646E+00    9.851E-01    4.475E-01    2.879E+00
   3.048E-02    3.108E+00    1.698E+00    9.886E-01    4.497E-01    2.826E+00
   3.556E-02    3.058E+00    1.594E+00    9.905E-01    4.682E-01    3.004E+00
   4.318E-02    3.203E+00    1.699E+00    9.876E-01    4.037E-01    2.900E+00
   5.080E-02    3.308E+00    1.676E+00    9.944E-01    3.605E-01    2.776E+00
   5.842E-02    3.537E+00    1.723E+00    9.935E-01    3.183E-01    2.733E+00
   6.604E-02    3.335E+00    1.704E+00    9.929E-01    4.720E-01    3.001E+00
   7.366E-02    3.582E+00    1.755E+00    9.956E-01    4.396E-01    2.924E+00
   8.128E-02    3.764E+00    1.829E+00    9.958E-01    3.516E-01    2.674E+00
   9.144E-02    3.886E+00    1.828E+00    9.954E-01    2.509E-01    2.641E+00
   1.016E-01    3.920E+00    1.808E+00    9.957E-01    2.384E-01    2.630E+00
   1.118E-01    3.978E+00    1.817E+00    9.961E-01    2.439E-01    2.708E+00
   1.219E-01    3.988E+00    1.785E+00    9.967E-01    2.181E-01    2.714E+00
   1.321E-01    4.112E+00    1.884E+00    9.978E-01    4.242E-01    2.841E+00
   1.422E-01    4.180E+00    1.854E+00    9.978E-01    2.557E-01    2.656E+00
   1.524E-01    4.307E+00    1.977E+00    9.961E-01    2.587E-01    2.651E+00
   1.651E-01    4.493E+00    1.941E+00    9.980E-01    2.087E-01    2.561E+00
   1.778E-01    4.718E+00    2.047E+00    9.979E-01    1.580E-01    2.553E+00
   2.032E-01    4.483E+00    2.084E+00    9.974E-01    2.163E-01    2.408E+00
   2.286E-01    4.590E+00    1.994E+00    9.975E-01    1.377E-01    2.599E+00
   2.540E-01    5.211E+00    2.079E+00    9.987E-01    5.497E-03    2.621E+00
   3.175E-01    5.612E+00    2.211E+00    9.986E-01   -4.616E-02    2.554E+00
   3.810E-01    5.812E+00    2.263E+00    9.989E-01   -9.678E-02    2.513E+00
   4.572E-01    6.575E+00    2.198E+00    9.994E-01   -3.263E-01    2.870E+00
   5.588E-01    7.197E+00    2.046E+00    9.994E-01   -5.109E-01    3.350E+00
   6.604E-01    7.816E+00    1.908E+00    9.996E-01   -5.114E-01    3.821E+00
   7.569E-01    8.127E+00    1.841E+00    9.998E-01   -6.062E-01    4.099E+00
   8.712E-01    8.446E+00    1.769E+00    9.998E-01   -4.836E-01    4.201E+00
   1.024E+00    8.935E+00    1.785E+00    9.998E-01   -5.644E-01    4.046E+00
   1.130E+00    8.969E+00    1.748E+00    9.997E-01   -6.523E-01    4.705E+00
   1.240E+00    9.282E+00    1.766E+00    9.999E-01   -5.865E-01    4.375E+00
   1.346E+00    9.617E+00    1.668E+00    9.999E-01   -6.535E-01    4.735E+00
   1.455E+00    9.794E+00    1.638E+00    9.999E-01   -7.801E-01    5.370E+00
   1.562E+00    9.666E+00    1.690E+00    1.000E+00   -8.334E-01    5.260E+00
   1.671E+00    1.015E+01    1.624E+00    9.999E-01   -1.026E+00    6.107E+00
   1.778E+00    1.017E+01    1.640E+00    9.998E-01   -9.031E-01    5.926E+00
   1.885E+00    1.032E+01    1.572E+00    9.999E-01   -9.421E-01    6.157E+00
   1.994E+00    1.069E+01    1.567E+00    9.999E-01   -1.182E+00    7.356E+00
   2.101E+00    1.079E+01    1.490E+00    1.000E+00   -1.209E+00    7.786E+00
   2.210E+00    1.074E+01    1.550E+00    9.999E-01   -1.327E+00    8.196E+00
   2.316E+00    1.085E+01    1.398E+00    1.000E+00   -1.231E+00    8.457E+00
   2.426E+00    1.078E+01    1.451E+00    9.998E-01   -1.132E+00    8.294E+00
   2.532E+00    1.069E+01    1.520E+00    1.000E+00   -1.613E+00    1.116E+01
Subject: Wavy Wall Data - x/lambda = 0.8, vavg
 
 y            v2avg        v2intensity  v2gamma      v2skewness   v2flatness
 
   7.620E-03    8.867E-01    9.334E-01    8.510E-01    7.602E-02    5.752E+00
   1.016E-02    9.258E-01    9.683E-01    8.479E-01    2.195E-01    5.401E+00
   1.270E-02    9.668E-01    9.790E-01    8.628E-01    2.994E-01    5.656E+00
   1.524E-02    9.372E-01    9.798E-01    8.521E-01    2.777E-01    5.618E+00
   1.778E-02    9.396E-01    1.002E+00    8.492E-01    2.408E-01    5.792E+00
   2.032E-02    9.474E-01    1.032E+00    8.447E-01    4.447E-01    6.093E+00
   2.540E-02    9.594E-01    1.077E+00    8.393E-01    3.377E-01    5.694E+00
   3.048E-02    9.473E-01    1.062E+00    8.314E-01    2.980E-01    5.040E+00
   3.556E-02    9.249E-01    1.102E+00    8.242E-01    2.316E-01    5.392E+00
   4.318E-02    9.672E-01    1.126E+00    8.229E-01    3.620E-01    5.195E+00
   5.080E-02    9.565E-01    1.161E+00    8.117E-01    2.008E-01    5.680E+00
   5.842E-02    8.942E-01    1.215E+00    7.883E-01    2.410E-01    4.863E+00
   6.604E-02    9.309E-01    1.214E+00    8.010E-01    1.089E-01    5.100E+00
   7.366E-02    9.613E-01    1.202E+00    8.075E-01    8.582E-02    4.605E+00
   8.128E-02    8.796E-01    1.257E+00    7.721E-01    1.604E-01    4.468E+00
   9.144E-02    8.753E-01    1.319E+00    7.648E-01    1.060E-01    4.267E+00
   1.016E-01    8.287E-01    1.330E+00    7.451E-01    1.745E-01    4.310E+00
   1.118E-01    8.556E-01    1.350E+00    7.527E-01    1.808E-01    4.131E+00
   1.219E-01    8.071E-01    1.348E+00    7.322E-01    3.791E-02    3.838E+00
   1.321E-01    8.016E-01    1.371E+00    7.315E-01    6.565E-02    4.090E+00
   1.422E-01    8.343E-01    1.447E+00    7.218E-01    6.047E-02    3.516E+00
   1.524E-01    7.686E-01    1.435E+00    7.118E-01    8.697E-02    3.774E+00
   1.651E-01    7.292E-01    1.462E+00    6.974E-01    4.557E-02    3.598E+00
   1.778E-01    6.580E-01    1.464E+00    6.776E-01    1.815E-01    3.832E+00
   2.032E-01    6.561E-01    1.474E+00    6.734E-01    1.427E-01    3.741E+00
   2.286E-01    6.397E-01    1.526E+00    6.617E-01    1.361E-01    3.617E+00
   2.540E-01    5.331E-01    1.517E+00    6.302E-01    3.227E-01    3.939E+00
   3.175E-01    4.871E-01    1.583E+00    6.104E-01    4.540E-01    4.129E+00
   3.810E-01    5.286E-01    1.543E+00    6.249E-01    5.100E-01    4.791E+00
   4.572E-01    4.485E-01    1.485E+00    6.130E-01    5.373E-01    5.395E+00
   5.588E-01    4.115E-01    1.469E+00    6.003E-01    7.222E-01    6.186E+00
   6.604E-01    2.955E-01    1.447E+00    5.706E-01    8.356E-01    6.969E+00
   7.569E-01    2.448E-01    1.462E+00    5.505E-01    8.675E-01    6.858E+00
   8.712E-01    3.258E-01    1.467E+00    5.764E-01    9.352E-01    7.332E+00
   1.024E+00    2.201E-01    1.445E+00    5.394E-01    9.783E-01    7.635E+00
   1.130E+00    1.768E-01    1.465E+00    5.258E-01    1.161E+00    9.456E+00
   1.240E+00    1.582E-01    1.428E+00    5.202E-01    1.159E+00    8.460E+00
   1.346E+00    1.222E-01    1.449E+00    5.017E-01    1.171E+00    9.024E+00
   1.455E+00    1.284E-01    1.446E+00    5.009E-01    1.374E+00    1.001E+01
   1.562E+00    1.744E-01    1.469E+00    5.142E-01    1.414E+00    1.056E+01
   1.671E+00    5.305E-02    1.442E+00    4.744E-01    1.425E+00    1.111E+01
   1.778E+00    4.400E-02    1.472E+00    4.702E-01    1.545E+00    1.239E+01
   1.885E+00    4.614E-02    1.443E+00    4.721E-01    1.600E+00    1.257E+01
   1.994E+00    4.482E-02    1.460E+00    4.662E-01    1.907E+00    1.488E+01
   2.101E+00   -1.202E-02    1.407E+00    4.488E-01    2.026E+00    1.691E+01
   2.210E+00    1.309E-02    1.432E+00    4.565E-01    2.110E+00    1.679E+01
   2.316E+00   -3.592E-02    1.313E+00    4.456E-01    1.987E+00    1.801E+01
   2.426E+00   -4.206E-02    1.311E+00    4.461E-01    2.212E+00    1.985E+01
   2.532E+00   -1.284E-01    1.462E+00    4.219E-01    3.512E+00    2.976E+01
Subject: Wavy Wall Data - x/lambda = 0.7, u',v',u'v'
 
 v1` w/o n    v2` w/o n    RS` w/o n    v1` navg     v2` navg     RS navg
 
   1.219E+00    4.121E-01   -3.731E-01
   1.295E+00    4.480E-01   -3.958E-01
   1.349E+00    4.268E-01   -3.921E-01
   1.230E+00    4.507E-01   -2.669E-01
   1.425E+00    4.408E-01   -3.291E-01
   1.321E+00    4.653E-01   -2.975E-01
   1.404E+00    5.176E-01   -3.368E-01
   1.463E+00    5.037E-01   -2.537E-01
   1.340E+00    5.337E-01   -1.949E-01
   1.464E+00    5.907E-01   -2.097E-01
   1.416E+00    6.290E-01   -1.536E-01
   1.457E+00    6.701E-01   -9.968E-02
   1.443E+00    6.737E-01   -1.775E-02
   1.507E+00    6.943E-01    7.622E-02
   1.578E+00    7.468E-01    1.683E-01
   1.569E+00    8.156E-01    1.715E-01
   1.544E+00    8.301E-01    2.381E-01
   1.560E+00    8.717E-01    3.444E-01
   1.516E+00    8.683E-01    3.076E-01
   1.632E+00    8.938E-01    4.366E-01
   1.601E+00    1.028E+00    5.185E-01
   1.725E+00    9.664E-01    5.656E-01
   1.686E+00    1.003E+00    6.993E-01
   1.797E+00    9.958E-01    7.414E-01
   1.849E+00    1.041E+00    7.112E-01
   1.733E+00    1.094E+00    7.996E-01
   1.825E+00    1.062E+00    8.887E-01
   1.959E+00    1.112E+00    1.060E+00
   2.007E+00    1.040E+00    1.096E+00
   1.934E+00    9.515E-01    8.082E-01
   1.753E+00    8.909E-01    7.898E-01
   1.582E+00    8.450E-01    6.136E-01
   1.489E+00    8.508E-01    5.551E-01
   1.390E+00    8.169E-01    5.190E-01
   1.414E+00    7.945E-01    5.057E-01
   1.351E+00    7.826E-01    4.845E-01
   1.384E+00    7.301E-01    4.967E-01
   1.242E+00    7.424E-01    4.021E-01
   1.186E+00    7.066E-01    3.820E-01
   1.257E+00    7.319E-01    4.201E-01
   1.159E+00    6.809E-01    3.517E-01
   1.162E+00    6.812E-01    3.618E-01
   1.067E+00    6.421E-01    2.876E-01
   1.025E+00    5.944E-01    2.579E-01
   9.604E-01    5.896E-01    2.314E-01
   1.009E+00    6.047E-01    2.776E-01
   8.778E-01    5.350E-01    1.495E-01
   9.735E-01    6.023E-01    2.596E-01
   1.314E+00    1.231E+00    7.736E-01
