          atime        conv_uu        conv_vv        conv_ww         pm1avg           tavg
  2.0799350E+02 -5.2691632E-07  3.7048522E-07  5.0362880E-06 -8.4116403E-02  0.0000000E+00
  2.0799350E+02 -2.0355615E-03  1.1483825E-04 -5.5173416E-03 -8.3523519E-02  0.0000000E+00
  2.0799350E+02  1.2002532E-03  6.0986023E-04 -3.1255254E-02 -8.2266432E-02  0.0000000E+00
  2.0799350E+02  1.5274809E-02 -8.0829175E-04 -5.5195725E-02 -8.0429800E-02  0.0000000E+00
  2.0799350E+02  2.2567559E-02 -5.4121410E-03 -6.0780640E-02 -7.8449917E-02  0.0000000E+00
  2.0799350E+02  1.6998852E-02 -1.1139337E-02 -5.4196528E-02 -7.6577742E-02  0.0000000E+00
  2.0799350E+02  7.3747608E-03 -1.5925743E-02 -4.3877622E-02 -7.4857711E-02  0.0000000E+00
  2.0799350E+02 -3.0141807E-03 -1.9026023E-02 -3.4390679E-02 -7.3235418E-02  0.0000000E+00
  2.0799350E+02 -1.1970113E-02 -2.0517481E-02 -2.7418778E-02 -7.1635461E-02  0.0000000E+00
  2.0799350E+02 -1.8702983E-02 -2.0612121E-02 -2.2765756E-02 -6.9996317E-02  0.0000000E+00
  2.0799350E+02 -2.3319375E-02 -1.9630687E-02 -2.0130956E-02 -6.8274457E-02  0.0000000E+00
  2.0799350E+02 -2.6405794E-02 -1.8020767E-02 -1.9103246E-02 -6.6451041E-02  0.0000000E+00
  2.0799350E+02 -2.8566397E-02 -1.6172588E-02 -1.8974831E-02 -6.4535137E-02  0.0000000E+00
  2.0799350E+02 -2.9885685E-02 -1.4252693E-02 -1.8725711E-02 -6.2559026E-02  0.0000000E+00
  2.0799350E+02 -3.0012503E-02 -1.2232858E-02 -1.7502512E-02 -6.0563377E-02  0.0000000E+00
  2.0799350E+02 -2.9297937E-02 -1.0230034E-02 -1.5586860E-02 -5.8573726E-02  0.0000000E+00
  2.0799350E+02 -2.7888495E-02 -8.3471692E-03 -1.4141557E-02 -5.6602816E-02  0.0000000E+00
  2.0799350E+02 -2.5606381E-02 -6.6710408E-03 -1.2217436E-02 -5.4656926E-02  0.0000000E+00
  2.0799350E+02 -2.2907423E-02 -5.3027327E-03 -1.0113878E-02 -5.2745672E-02  0.0000000E+00
  2.0799350E+02 -2.0175233E-02 -4.2838147E-03 -8.5002205E-03 -5.0877670E-02  0.0000000E+00
  2.0799350E+02 -1.7452067E-02 -3.5729697E-03 -7.4376664E-03 -4.9058430E-02  0.0000000E+00
  2.0799350E+02 -1.4589612E-02 -3.0491883E-03 -6.4465379E-03 -4.7290626E-02  0.0000000E+00
  2.0799350E+02 -1.1554858E-02 -2.5431817E-03 -5.0869090E-03 -4.5575487E-02  0.0000000E+00
  2.0799350E+02 -8.6262071E-03 -1.8986635E-03 -3.5206633E-03 -4.3914070E-02  0.0000000E+00
  2.0799350E+02 -6.2149665E-03 -1.0651480E-03 -2.5230118E-03 -4.2307157E-02  0.0000000E+00
  2.0799350E+02 -4.0473904E-03 -2.2391735E-04 -2.4115151E-03 -4.0752531E-02  0.0000000E+00
  2.0799350E+02 -1.8973738E-03  4.3507022E-04 -1.8105154E-03 -3.9246318E-02  0.0000000E+00
  2.0799350E+02  6.9368976E-04  9.8988697E-04 -1.8971723E-03 -3.7791355E-02  0.0000000E+00
  2.0799350E+02  3.1872807E-03  1.3380031E-03 -1.7582164E-03 -3.6376289E-02  0.0000000E+00
  2.0799350E+02  4.7787869E-03  1.4963627E-03 -1.1560707E-03 -3.5009424E-02  0.0000000E+00
  2.0799350E+02  5.3304372E-03  1.4959466E-03 -3.7120630E-04 -3.3699519E-02  0.0000000E+00
  2.0799350E+02  5.1436431E-03  1.3636017E-03  2.3590086E-04 -3.2452893E-02  0.0000000E+00
  2.0799350E+02  4.7039178E-03  1.1218984E-03  4.4835592E-04 -3.1271077E-02  0.0000000E+00
  2.0799350E+02  4.4380462E-03  7.9776393E-04  2.5528488E-04 -3.0150842E-02  0.0000000E+00
  2.0799350E+02  4.5271398E-03  4.3182956E-04 -1.9330660E-04 -2.9085790E-02  0.0000000E+00
  2.0799350E+02  4.8192082E-03  8.0429095E-05 -6.8568992E-04 -2.8068657E-02  0.0000000E+00
  2.0799350E+02  4.8848804E-03 -1.9781362E-04 -1.0480205E-03 -2.7093501E-02  0.0000000E+00
  2.0799350E+02  4.2599092E-03 -3.7887055E-04 -1.1908296E-03 -2.6156944E-02  0.0000000E+00
  2.0799350E+02  2.9180910E-03 -5.4173111E-04 -1.0488359E-03 -2.5257619E-02  0.0000000E+00
  2.0799350E+02  1.5388548E-03 -7.1815417E-04 -6.7257983E-04 -2.4394622E-02  0.0000000E+00
  2.0799350E+02  4.1005204E-04 -9.4158887E-04 -5.1301641E-04 -2.3563779E-02  0.0000000E+00
  2.0799350E+02 -3.9264528E-04 -1.1749794E-03 -4.6649393E-04 -2.2762374E-02  0.0000000E+00
  2.0799350E+02 -9.2657667E-04 -1.3152463E-03 -4.8199997E-04 -2.1989609E-02  0.0000000E+00
  2.0799350E+02 -1.2223429E-03 -1.3634673E-03 -5.0968752E-04 -2.1244587E-02  0.0000000E+00
  2.0799350E+02 -1.3209925E-03 -1.3582766E-03 -5.1094835E-04 -2.0526181E-02  0.0000000E+00
  2.0799350E+02 -1.2866743E-03 -1.3357441E-03 -4.6436976E-04 -1.9832933E-02  0.0000000E+00
  2.0799350E+02 -1.2013011E-03 -1.3105924E-03 -3.6789908E-04 -1.9162985E-02  0.0000000E+00
  2.0799350E+02 -1.1477722E-03 -1.2736132E-03 -2.3753997E-04 -1.8514094E-02  0.0000000E+00
  2.0799350E+02 -1.1882985E-03 -1.2001403E-03 -1.0290492E-04 -1.7883733E-02  0.0000000E+00
  2.0799350E+02 -1.3443787E-03 -1.0644397E-03  5.1835282E-08 -1.7269336E-02  0.0000000E+00
  2.0799350E+02 -1.5849714E-03 -8.5487648E-04  3.8796851E-05 -1.6668676E-02  0.0000000E+00
  2.0799350E+02 -1.8294083E-03 -5.8471675E-04 -3.8489101E-06 -1.6080447E-02  0.0000000E+00
  2.0799350E+02 -1.9715972E-03 -2.9342515E-04 -1.1592955E-04 -1.5505037E-02  0.0000000E+00
  2.0799350E+02 -1.9320583E-03 -3.3316434E-05 -2.4105108E-04 -1.4945549E-02  0.0000000E+00
  2.0799350E+02 -1.6406987E-03  1.7187510E-04 -2.5828921E-04 -1.4403164E-02  0.0000000E+00
  2.0799350E+02 -1.1773519E-03  1.7825251E-04 -3.7680769E-04 -1.3879610E-02  0.0000000E+00
  2.0799350E+02 -8.1805951E-04  1.1345876E-04 -6.0096480E-04 -1.3373855E-02  0.0000000E+00
  2.0799350E+02 -6.0915591E-04  6.4373005E-05 -8.3414070E-04 -1.2885140E-02  0.0000000E+00
  2.0799350E+02 -4.9727735E-04  3.9667796E-05 -1.0069950E-03 -1.2412852E-02  0.0000000E+00
  2.0799350E+02 -4.0610843E-04  1.9961917E-05 -1.0850243E-03 -1.1956793E-02  0.0000000E+00
  2.0799350E+02 -2.7961511E-04 -1.2435652E-05 -1.0670686E-03 -1.1516748E-02  0.0000000E+00
  2.0799350E+02 -9.9397398E-05 -6.0229572E-05 -9.7730393E-04 -1.1092292E-02  0.0000000E+00
  2.0799350E+02  1.1703174E-04 -1.1013867E-04 -8.5331521E-04 -1.0682756E-02  0.0000000E+00
  2.0799350E+02  3.3023417E-04 -1.4004207E-04 -7.3284137E-04 -1.0287306E-02  0.0000000E+00
  2.0799350E+02  4.9829463E-04 -1.3011980E-04 -6.4178622E-04 -9.9050745E-03  0.0000000E+00
  2.0799350E+02  5.9492195E-04 -7.3836810E-05 -5.8608801E-04 -9.5352792E-03  0.0000000E+00
  2.0799350E+02  6.1939696E-04  1.5380722E-05 -5.5004064E-04 -9.1772813E-03  0.0000000E+00
  2.0799350E+02  5.9156004E-04  1.0592786E-04 -5.0365953E-04 -8.8305170E-03  0.0000000E+00
  2.0799350E+02  5.2503175E-04  1.6241333E-04 -4.2168527E-04 -8.4942474E-03  0.0000000E+00
  2.0799350E+02  3.7185968E-04  1.7681287E-04 -3.1681779E-04 -8.1670671E-03  0.0000000E+00
  2.0799350E+02 -2.5182669E-05  1.8024066E-04 -2.2285462E-04 -7.8474938E-03  0.0000000E+00
  2.0799350E+02 -2.9687981E-04  1.3719570E-04 -1.3872344E-04 -7.5357236E-03  0.0000000E+00
  2.0799350E+02 -3.7791049E-04  1.0450097E-04 -1.4766524E-04 -7.2294167E-03  0.0000000E+00
  2.0799350E+02 -3.6376276E-04  7.2964163E-05 -1.7327151E-04 -6.9290749E-03  0.0000000E+00
  2.0799350E+02 -3.0540137E-04  4.0527956E-05 -1.7978245E-04 -6.6347323E-03  0.0000000E+00
  2.0799350E+02 -2.2595083E-04  8.5814003E-06 -1.5835455E-04 -6.3464076E-03  0.0000000E+00
  2.0799350E+02 -1.3344726E-04 -2.0471924E-05 -1.1608628E-04 -6.0643260E-03  0.0000000E+00
  2.0799350E+02 -3.0065470E-05 -4.4610686E-05 -6.7526438E-05 -5.7889623E-03  0.0000000E+00
  2.0799350E+02  8.1772267E-05 -6.2779215E-05 -2.8390397E-05 -5.5209547E-03  0.0000000E+00
  2.0799350E+02  1.9599939E-04 -7.4879266E-05 -1.1208987E-05 -5.2609416E-03  0.0000000E+00
  2.0799350E+02  3.0181363E-04 -8.1391836E-05 -2.2635073E-05 -5.0093725E-03  0.0000000E+00
  2.0799350E+02  3.8448461E-04 -8.2850746E-05 -6.2132722E-05 -4.7663417E-03  0.0000000E+00
  2.0799350E+02  4.2765401E-04 -7.9389690E-05 -1.2177390E-04 -4.5314992E-03  0.0000000E+00
  2.0799350E+02  4.1679728E-04 -7.0605710E-05 -1.8675609E-04 -4.3044927E-03  0.0000000E+00
  2.0799350E+02  3.4310459E-04 -5.5844444E-05 -2.3708312E-04 -4.0835439E-03  0.0000000E+00
  2.0799350E+02  2.0790839E-04 -3.5389596E-05 -2.4826789E-04 -3.8683631E-03  0.0000000E+00
  2.0799350E+02  2.6936607E-05 -1.2466154E-05 -1.9330825E-04 -3.6592063E-03  0.0000000E+00
  2.0799350E+02 -2.3514243E-04  1.7220429E-05 -6.6484466E-05 -3.4563490E-03  0.0000000E+00
  2.0799350E+02 -4.4053195E-04  4.3937141E-05  4.1387014E-05 -3.2587992E-03  0.0000000E+00
  2.0799350E+02 -4.6824807E-04  4.0127415E-05  1.2229506E-04 -3.0690020E-03  0.0000000E+00
  2.0799350E+02 -4.0195926E-04  1.2534796E-05  1.7545284E-04 -2.8869868E-03  0.0000000E+00
  2.0799350E+02 -3.0971066E-04 -2.8519479E-05  2.0403665E-04 -2.7126887E-03  0.0000000E+00
  2.0799350E+02 -2.3497888E-04 -7.2611441E-05  2.1343594E-04 -2.5458677E-03  0.0000000E+00
  2.0799350E+02 -1.9508605E-04 -1.1140000E-04  2.0975964E-04 -2.3860951E-03  0.0000000E+00
  2.0799350E+02 -1.8517783E-04 -1.3972789E-04  1.9862941E-04 -2.2327900E-03  0.0000000E+00
  2.0799350E+02 -1.8597024E-04 -1.5584253E-04  1.8428992E-04 -2.0852873E-03  0.0000000E+00
  2.0799350E+02 -1.7346990E-04 -1.6094155E-04  1.6906671E-04 -1.9429229E-03  0.0000000E+00
  2.0799350E+02 -1.2887247E-04 -1.5824755E-04  1.5320202E-04 -1.8051161E-03  0.0000000E+00
  2.0799350E+02 -4.6844093E-05 -1.5181674E-04  1.3509881E-04 -1.6714337E-03  0.0000000E+00
  2.0799350E+02  5.9609543E-05 -1.4528618E-04  1.1200350E-04 -1.5416186E-03  0.0000000E+00
  2.0799350E+02  2.7124016E-06  6.4085411E-08  3.0280289E-07 -5.2486986E-02  0.0000000E+00
  2.0799350E+02  1.6296798E-03  1.6352568E-04  1.0275606E-03 -5.2518810E-02  0.0000000E+00
  2.0799350E+02  7.2376869E-03  1.2590245E-03  1.5471904E-03 -5.2529435E-02  0.0000000E+00
  2.0799350E+02  1.6178198E-02  3.1370858E-03 -3.2297471E-03 -5.2518653E-02  0.0000000E+00
  2.0799350E+02  2.3414465E-02  4.1864049E-03 -1.2317992E-02 -5.2464947E-02  0.0000000E+00
  2.0799350E+02  3.2608357E-02  3.3518374E-03 -2.0795689E-02 -5.2383226E-02  0.0000000E+00
  2.0799350E+02  3.5796890E-02  7.0702681E-04 -2.4735432E-02 -5.2308207E-02  0.0000000E+00
  2.0799350E+02  3.2904292E-02 -2.9768249E-03 -2.4380881E-02 -5.2266340E-02  0.0000000E+00
  2.0799350E+02  2.5420911E-02 -6.7501630E-03 -2.1875287E-02 -5.2252684E-02  0.0000000E+00
  2.0799350E+02  1.7242107E-02 -1.0020487E-02 -1.9047390E-02 -5.2232866E-02  0.0000000E+00
  2.0799350E+02  9.8841437E-03 -1.2447300E-02 -1.6584542E-02 -5.2166675E-02  0.0000000E+00
  2.0799350E+02  3.3479958E-03 -1.3868550E-02 -1.4549368E-02 -5.2013716E-02  0.0000000E+00
  2.0799350E+02 -2.2919693E-03 -1.4319676E-02 -1.3186479E-02 -5.1741027E-02  0.0000000E+00
  2.0799350E+02 -7.0176689E-03 -1.3978232E-02 -1.2687985E-02 -5.1334311E-02  0.0000000E+00
  2.0799350E+02 -1.1164094E-02 -1.3087541E-02 -1.2774925E-02 -5.0794307E-02  0.0000000E+00
  2.0799350E+02 -1.4098119E-02 -1.1966547E-02 -1.3277496E-02 -5.0129194E-02  0.0000000E+00
  2.0799350E+02 -1.6594217E-02 -1.0478517E-02 -1.3380504E-02 -4.9356118E-02  0.0000000E+00
  2.0799350E+02 -1.7317338E-02 -8.8915888E-03 -1.3077712E-02 -4.8501247E-02  0.0000000E+00
  2.0799350E+02 -1.6599786E-02 -7.3690501E-03 -1.2499567E-02 -4.7584892E-02  0.0000000E+00
  2.0799350E+02 -1.5604015E-02 -5.9548417E-03 -1.1508891E-02 -4.6621091E-02  0.0000000E+00
  2.0799350E+02 -1.4898115E-02 -4.7490836E-03 -1.0118477E-02 -4.5621602E-02  0.0000000E+00
  2.0799350E+02 -1.4318792E-02 -3.8701186E-03 -8.5585854E-03 -4.4594663E-02  0.0000000E+00
  2.0799350E+02 -1.3501076E-02 -3.3381316E-03 -7.1518648E-03 -4.3550973E-02  0.0000000E+00
  2.0799350E+02 -1.2428539E-02 -2.9878858E-03 -6.0914006E-03 -4.2491730E-02  0.0000000E+00
  2.0799350E+02 -1.1387737E-02 -2.5719475E-03 -5.3205077E-03 -4.1418264E-02  0.0000000E+00
  2.0799350E+02 -9.6767609E-03 -2.1576069E-03 -4.6086362E-03 -4.0336341E-02  0.0000000E+00
  2.0799350E+02 -7.4426235E-03 -1.9884829E-03 -4.2684646E-03 -3.9255908E-02  0.0000000E+00
  2.0799350E+02 -5.2134445E-03 -1.8955799E-03 -3.4846741E-03 -3.8185991E-02  0.0000000E+00
  2.0799350E+02 -3.5361864E-03 -1.8939357E-03 -2.4568447E-03 -3.7127795E-02  0.0000000E+00
  2.0799350E+02 -2.7819804E-03 -1.8177200E-03 -1.5696889E-03 -3.6078868E-02  0.0000000E+00
  2.0799350E+02 -2.4490144E-03 -1.5887331E-03 -9.5016714E-04 -3.5038230E-02  0.0000000E+00
  2.0799350E+02 -1.9441869E-03 -1.2235108E-03 -5.5196963E-04 -3.4011613E-02  0.0000000E+00
  2.0799350E+02 -9.5552002E-04 -8.0627125E-04 -2.4697619E-04 -3.2999555E-02  0.0000000E+00
  2.0799350E+02  4.7096736E-04 -4.4843679E-04  7.4846922E-05 -3.2005076E-02  0.0000000E+00
  2.0799350E+02  2.0510487E-03 -2.4146212E-04  4.3568567E-04 -3.1030503E-02  0.0000000E+00
  2.0799350E+02  3.4511403E-03 -2.1865105E-04  7.3857256E-04 -3.0084450E-02  0.0000000E+00
  2.0799350E+02  4.4839022E-03 -3.3322204E-04  8.0658149E-04 -2.9170281E-02  0.0000000E+00
  2.0799350E+02  5.1436058E-03 -4.7268522E-04  4.9891076E-04 -2.8290437E-02  0.0000000E+00
  2.0799350E+02  5.4187214E-03 -5.1507901E-04 -6.7024611E-05 -2.7438111E-02  0.0000000E+00
  2.0799350E+02  5.1239660E-03 -5.5809187E-04 -3.7535090E-04 -2.6612305E-02  0.0000000E+00
  2.0799350E+02  4.1242192E-03 -5.6320689E-04 -6.5035310E-04 -2.5809324E-02  0.0000000E+00
  2.0799350E+02  3.2394032E-03 -5.2434561E-04 -8.0061890E-04 -2.5025280E-02  0.0000000E+00
  2.0799350E+02  2.8241206E-03 -5.3265724E-04 -7.9533082E-04 -2.4264175E-02  0.0000000E+00
  2.0799350E+02  2.7312470E-03 -6.1337508E-04 -6.9091494E-04 -2.3525349E-02  0.0000000E+00
  2.0799350E+02  2.6789633E-03 -7.4895054E-04 -5.5436588E-04 -2.2810729E-02  0.0000000E+00
  2.0799350E+02  2.4555263E-03 -9.0156445E-04 -4.2519849E-04 -2.2117904E-02  0.0000000E+00
  2.0799350E+02  1.9981957E-03 -1.0308866E-03 -3.0965300E-04 -2.1445815E-02  0.0000000E+00
  2.0799350E+02  1.3792682E-03 -1.1080402E-03 -1.9326476E-04 -2.0792133E-02  0.0000000E+00
  2.0799350E+02  7.4352937E-04 -1.1235227E-03 -6.3337787E-05 -2.0157602E-02  0.0000000E+00
  2.0799350E+02  2.1455663E-04 -1.0899250E-03  7.2636450E-05 -1.9538731E-02  0.0000000E+00
  2.0799350E+02 -1.7081372E-04 -1.0355600E-03  1.7931438E-04 -1.8932536E-02  0.0000000E+00
  2.0799350E+02 -4.8111280E-04 -9.9039825E-04  2.1028758E-04 -1.8335908E-02  0.0000000E+00
  2.0799350E+02 -8.2047269E-04 -9.6213884E-04  1.5871238E-04 -1.7745907E-02  0.0000000E+00
  2.0799350E+02 -1.1315008E-03 -9.0172432E-04  1.5377201E-04 -1.7166365E-02  0.0000000E+00
  2.0799350E+02 -1.0951654E-03 -8.3646074E-04  3.2205389E-04 -1.6596496E-02  0.0000000E+00
  2.0799350E+02 -1.2252649E-03 -7.7056078E-04  3.1721592E-04 -1.6036622E-02  0.0000000E+00
  2.0799350E+02 -1.3257088E-03 -6.7398077E-04  2.8988787E-04 -1.5490893E-02  0.0000000E+00
  2.0799350E+02 -1.2939494E-03 -5.8724810E-04  2.5595469E-04 -1.4962048E-02  0.0000000E+00
  2.0799350E+02 -1.1690092E-03 -5.1275779E-04  1.8460793E-04 -1.4450032E-02  0.0000000E+00
  2.0799350E+02 -1.0188976E-03 -4.4262763E-04  5.3791543E-05 -1.3955280E-02  0.0000000E+00
  2.0799350E+02 -8.8317525E-04 -3.7301822E-04 -1.2674430E-04 -1.3477487E-02  0.0000000E+00
  2.0799350E+02 -7.5615644E-04 -3.0877599E-04 -3.1649323E-04 -1.3014852E-02  0.0000000E+00
  2.0799350E+02 -5.9993469E-04 -2.6172770E-04 -4.5917419E-04 -1.2567639E-02  0.0000000E+00
  2.0799350E+02 -3.7160173E-04 -2.4370119E-04 -5.0878159E-04 -1.2133559E-02  0.0000000E+00
  2.0799350E+02 -5.6401089E-05 -2.5951745E-04 -4.5119428E-04 -1.1711469E-02  0.0000000E+00
  2.0799350E+02  3.0949571E-04 -3.0103835E-04 -3.1836210E-04 -1.1300042E-02  0.0000000E+00
  2.0799350E+02  6.3359097E-04 -3.4529710E-04 -1.8640115E-04 -1.0900707E-02  0.0000000E+00
  2.0799350E+02  8.0221522E-04 -3.6076037E-04 -1.4548949E-04 -1.0512915E-02  0.0000000E+00
  2.0799350E+02  7.5476528E-04 -3.2287290E-04 -2.3878345E-04 -1.0136360E-02  0.0000000E+00
  2.0799350E+02  6.1962782E-04 -2.4284558E-04 -3.5845962E-04 -9.7689512E-03  0.0000000E+00
  2.0799350E+02  7.8724716E-04 -1.7873622E-04 -3.0513767E-04 -9.4078165E-03  0.0000000E+00
  2.0799350E+02  7.9480077E-04 -8.3626338E-05 -3.3464919E-04 -9.0591493E-03  0.0000000E+00
  2.0799350E+02  6.7126473E-04  5.8389673E-06 -2.5954795E-04 -8.7168537E-03  0.0000000E+00
  2.0799350E+02  5.0724462E-04  8.3452156E-05 -2.0699395E-04 -8.3814588E-03  0.0000000E+00
  2.0799350E+02  3.4569100E-04  1.4245961E-04 -2.0478227E-04 -8.0520762E-03  0.0000000E+00
  2.0799350E+02  2.0790053E-04  1.7800920E-04 -2.3320191E-04 -7.7294205E-03  0.0000000E+00
  2.0799350E+02  1.0624940E-04  1.8909496E-04 -2.6003477E-04 -7.4126556E-03  0.0000000E+00
  2.0799350E+02  5.1789557E-05  1.7817946E-04 -2.6127144E-04 -7.1019412E-03  0.0000000E+00
  2.0799350E+02  5.4444675E-05  1.5048822E-04 -2.3002980E-04 -6.7972894E-03  0.0000000E+00
  2.0799350E+02  1.1958592E-04  1.1294761E-04 -1.7707296E-04 -6.5006134E-03  0.0000000E+00
  2.0799350E+02  2.4321304E-04  7.2386344E-05 -1.2454591E-04 -6.2122396E-03  0.0000000E+00
  2.0799350E+02  4.0790228E-04  3.4390117E-05 -9.6884805E-05 -5.9328826E-03  0.0000000E+00
  2.0799350E+02  5.8147639E-04  2.4285704E-06 -1.1089585E-04 -5.6628898E-03  0.0000000E+00
  2.0799350E+02  7.2098945E-04 -2.2189675E-05 -1.6809317E-04 -5.4016552E-03  0.0000000E+00
  2.0799350E+02  7.8285442E-04 -3.8993327E-05 -2.5121795E-04 -5.1494772E-03  0.0000000E+00
  2.0799350E+02  7.4504107E-04 -4.5944777E-05 -3.2950809E-04 -4.9049215E-03  0.0000000E+00
  2.0799350E+02  6.3815332E-04 -3.4737354E-05 -3.7325578E-04 -4.6671131E-03  0.0000000E+00
  2.0799350E+02  5.3703106E-04 -9.1836087E-06 -3.4984135E-04 -4.4355403E-03  0.0000000E+00
  2.0799350E+02  2.8678811E-04  1.1132846E-05 -3.0587300E-04 -4.2103737E-03  0.0000000E+00
  2.0799350E+02  1.4146203E-05  3.6067466E-05 -2.4581267E-04 -3.9916028E-03  0.0000000E+00
  2.0799350E+02 -1.9433778E-04  5.2025621E-05 -1.4306764E-04 -3.7802203E-03  0.0000000E+00
  2.0799350E+02 -3.2103527E-04  5.5748816E-05 -1.2362535E-05 -3.5768553E-03  0.0000000E+00
  2.0799350E+02 -3.8024343E-04  4.8645236E-05  1.1715289E-04 -3.3813694E-03  0.0000000E+00
  2.0799350E+02 -3.9407531E-04  3.3477292E-05  2.1794669E-04 -3.1942641E-03  0.0000000E+00
  2.0799350E+02 -3.8005078E-04  1.2665548E-05  2.7452097E-04 -3.0146547E-03  0.0000000E+00
  2.0799350E+02 -3.4604577E-04 -1.2003894E-05  2.8500732E-04 -2.8418055E-03  0.0000000E+00
  2.0799350E+02 -2.9177953E-04 -3.8975210E-05  2.5928329E-04 -2.6746116E-03  0.0000000E+00
  2.0799350E+02 -2.1425968E-04 -6.5971791E-05  2.1420915E-04 -2.5129216E-03  0.0000000E+00
  2.0799350E+02 -1.1338935E-04 -8.9739284E-05  1.6699772E-04 -2.3558486E-03  0.0000000E+00
  2.0799350E+02  2.7764148E-06 -1.0599180E-04  1.2947537E-04 -2.2030471E-03  0.0000000E+00
  2.0799350E+02 -2.5573634E-07 -1.5829009E-08 -1.8628496E-07 -2.0498925E-02  0.0000000E+00
  2.0799350E+02  2.6446409E-04  2.0954709E-05  1.8788229E-04 -2.0702204E-02  0.0000000E+00
  2.0799350E+02  1.8224381E-03  1.9678030E-04  6.9115071E-04 -2.0924408E-02  0.0000000E+00
  2.0799350E+02  6.6473306E-03  7.3575005E-04  1.1509428E-03 -2.1202964E-02  0.0000000E+00
  2.0799350E+02  1.4073911E-02  1.8444454E-03  1.3576437E-03 -2.1515074E-02  0.0000000E+00
  2.0799350E+02  2.3845019E-02  3.4915522E-03  1.2129937E-03 -2.1821849E-02  0.0000000E+00
  2.0799350E+02  3.4769914E-02  5.4489826E-03  2.7589307E-04 -2.2107648E-02  0.0000000E+00
  2.0799350E+02  4.8853415E-02  7.1143430E-03 -7.9215752E-04 -2.2391971E-02  0.0000000E+00
  2.0799350E+02  5.8343690E-02  7.4509485E-03 -2.5629932E-03 -2.2701555E-02  0.0000000E+00
  2.0799350E+02  6.4903611E-02  6.4939050E-03 -4.3932986E-03 -2.3086145E-02  0.0000000E+00
  2.0799350E+02  6.4274971E-02  4.6047591E-03 -5.8804751E-03 -2.3560343E-02  0.0000000E+00
  2.0799350E+02  5.6424869E-02  2.2123278E-03 -6.1398106E-03 -2.4117261E-02  0.0000000E+00
  2.0799350E+02  4.6388786E-02 -2.5734600E-04 -5.2234153E-03 -2.4741059E-02  0.0000000E+00
  2.0799350E+02  3.7191664E-02 -2.6227683E-03 -4.4796258E-03 -2.5395211E-02  0.0000000E+00
  2.0799350E+02  2.7074929E-02 -4.8765168E-03 -5.1820833E-03 -2.6031029E-02  0.0000000E+00
  2.0799350E+02  1.8761611E-02 -6.6297105E-03 -5.4630045E-03 -2.6629299E-02  0.0000000E+00
  2.0799350E+02  1.0787511E-02 -7.6386830E-03 -6.5853739E-03 -2.7157388E-02  0.0000000E+00
  2.0799350E+02  5.1906147E-03 -8.0336492E-03 -7.1305394E-03 -2.7605190E-02  0.0000000E+00
  2.0799350E+02  1.5570410E-03 -7.9957211E-03 -6.8961867E-03 -2.7959116E-02  0.0000000E+00
  2.0799350E+02 -1.2326260E-03 -7.6258976E-03 -6.6988182E-03 -2.8213628E-02  0.0000000E+00
  2.0799350E+02 -3.8332165E-03 -7.0223695E-03 -6.9698930E-03 -2.8366963E-02  0.0000000E+00
  2.0799350E+02 -6.2538844E-03 -6.2784767E-03 -7.4903083E-03 -2.8420815E-02  0.0000000E+00
  2.0799350E+02 -8.2211615E-03 -5.4495252E-03 -7.7727699E-03 -2.8381583E-02  0.0000000E+00
  2.0799350E+02 -9.6412655E-03 -4.5366691E-03 -7.6016011E-03 -2.8260874E-02  0.0000000E+00
  2.0799350E+02 -1.0716772E-02 -3.5360666E-03 -7.2395403E-03 -2.8072864E-02  0.0000000E+00
  2.0799350E+02 -1.1272760E-02 -2.6015133E-03 -6.8110757E-03 -2.7826210E-02  0.0000000E+00
  2.0799350E+02 -1.0615039E-02 -1.7039174E-03 -6.1708657E-03 -2.7528494E-02  0.0000000E+00
  2.0799350E+02 -9.4589622E-03 -1.3034490E-03 -6.2249469E-03 -2.7192040E-02  0.0000000E+00
  2.0799350E+02 -8.7435083E-03 -9.7985972E-04 -5.8500786E-03 -2.6818650E-02  0.0000000E+00
  2.0799350E+02 -8.3231129E-03 -5.7111803E-04 -5.1403600E-03 -2.6413183E-02  0.0000000E+00
  2.0799350E+02 -7.6169764E-03 -1.9937907E-04 -4.4722692E-03 -2.5979489E-02  0.0000000E+00
  2.0799350E+02 -6.2846111E-03  1.5889807E-05 -4.0085688E-03 -2.5520885E-02  0.0000000E+00
  2.0799350E+02 -4.4384779E-03  6.5773291E-05 -3.6155579E-03 -2.5040515E-02  0.0000000E+00
  2.0799350E+02 -2.5377501E-03  3.7938091E-05 -3.0328650E-03 -2.4541571E-02  0.0000000E+00
  2.0799350E+02 -1.1072439E-03  3.8004407E-05 -2.1349794E-03 -2.4027377E-02  0.0000000E+00
  2.0799350E+02 -4.2555176E-04  1.0343470E-04 -1.1237146E-03 -2.3501326E-02  0.0000000E+00
  2.0799350E+02 -3.2641936E-04  1.6711554E-04 -4.9080022E-04 -2.2966671E-02  0.0000000E+00
  2.0799350E+02 -2.5740202E-04  1.2780827E-04 -5.8979799E-04 -2.2426161E-02  0.0000000E+00
  2.0799350E+02  2.6015973E-04  8.4644373E-05 -6.5653663E-04 -2.1881514E-02  0.0000000E+00
  2.0799350E+02  9.8549617E-04 -5.1434698E-06 -1.4294770E-04 -2.1338111E-02  0.0000000E+00
  2.0799350E+02  1.4332699E-03 -1.6332525E-04 -2.5302388E-05 -2.0800295E-02  0.0000000E+00
  2.0799350E+02  1.9621435E-03 -2.8312439E-04  3.3468224E-04 -2.0270826E-02  0.0000000E+00
  2.0799350E+02  2.6499827E-03 -5.1258499E-04  4.5440672E-04 -1.9751795E-02  0.0000000E+00
  2.0799350E+02  3.2884389E-03 -7.9103155E-04  3.1206410E-04 -1.9242138E-02  0.0000000E+00
  2.0799350E+02  3.6572576E-03 -1.0094491E-03  7.7178314E-05 -1.8740049E-02  0.0000000E+00
  2.0799350E+02  3.6602212E-03 -1.0970601E-03 -6.4644820E-05 -1.8244327E-02  0.0000000E+00
  2.0799350E+02  3.3554654E-03 -1.0508739E-03 -7.9264832E-06 -1.7754888E-02  0.0000000E+00
  2.0799350E+02  2.9129075E-03 -9.2498232E-04  2.4034376E-04 -1.7272653E-02  0.0000000E+00
  2.0799350E+02  2.5315257E-03 -7.9637844E-04  5.7706148E-04 -1.6799060E-02  0.0000000E+00
  2.0799350E+02  2.3492280E-03 -7.2407248E-04  8.5288318E-04 -1.6335401E-02  0.0000000E+00
  2.0799350E+02  2.3780500E-03 -7.1828014E-04  9.4045183E-04 -1.5882236E-02  0.0000000E+00
  2.0799350E+02  2.4974197E-03 -7.3645876E-04  8.0579952E-04 -1.5439091E-02  0.0000000E+00
  2.0799350E+02  2.5382285E-03 -7.2296633E-04  5.6775453E-04 -1.5004671E-02  0.0000000E+00
  2.0799350E+02  2.4904481E-03 -7.0911840E-04  5.3018045E-04 -1.4577825E-02  0.0000000E+00
  2.0799350E+02  1.8768495E-03 -7.1678536E-04  5.6036299E-04 -1.4154337E-02  0.0000000E+00
  2.0799350E+02  9.2979107E-04 -7.8225078E-04  2.0866420E-04 -1.3732427E-02  0.0000000E+00
  2.0799350E+02  2.5727706E-04 -8.7106063E-04 -8.4675878E-06 -1.3312438E-02  0.0000000E+00
  2.0799350E+02 -2.5025196E-04 -8.9680231E-04 -3.9864115E-05 -1.2894012E-02  0.0000000E+00
  2.0799350E+02 -6.3616495E-04 -8.6513923E-04  5.1980696E-05 -1.2479002E-02  0.0000000E+00
  2.0799350E+02 -9.0762405E-04 -8.1439312E-04  1.7466637E-04 -1.2070177E-02  0.0000000E+00
  2.0799350E+02 -1.0579844E-03 -7.7951275E-04  2.5447906E-04 -1.1670299E-02  0.0000000E+00
  2.0799350E+02 -1.0822668E-03 -7.7495221E-04  2.5707855E-04 -1.1281527E-02  0.0000000E+00
  2.0799350E+02 -9.8635870E-04 -7.9198220E-04  1.8753528E-04 -1.0905092E-02  0.0000000E+00
  2.0799350E+02 -7.9060258E-04 -8.0595749E-04  7.6973710E-05 -1.0541219E-02  0.0000000E+00
  2.0799350E+02 -5.2842492E-04 -7.8906394E-04 -3.6921900E-05 -1.0189229E-02  0.0000000E+00
  2.0799350E+02 -2.4066516E-04 -7.2406823E-04 -1.2828283E-04 -9.8477936E-03  0.0000000E+00
  2.0799350E+02  3.3740393E-05 -6.1459383E-04 -1.9305631E-04 -9.5152818E-03  0.0000000E+00
  2.0799350E+02  2.7006253E-04 -4.8744619E-04 -2.4337466E-04 -9.1901709E-03  0.0000000E+00
  2.0799350E+02  4.7241468E-04 -3.8251069E-04 -2.7903699E-04 -8.8714627E-03  0.0000000E+00
  2.0799350E+02  6.9006332E-04 -3.2574650E-04 -2.2884713E-04 -8.5590680E-03  0.0000000E+00
  2.0799350E+02  1.1236699E-03 -3.1577494E-04  6.8459437E-06 -8.2541269E-03  0.0000000E+00
  2.0799350E+02  1.3608926E-03 -3.4328191E-04  1.1994823E-05 -7.9553210E-03  0.0000000E+00
  2.0799350E+02  1.2816139E-03 -3.3908349E-04  1.2648252E-05 -7.6622760E-03  0.0000000E+00
  2.0799350E+02  1.1902072E-03 -3.1298708E-04  4.6068810E-05 -7.3755501E-03  0.0000000E+00
  2.0799350E+02  1.1488271E-03 -2.6386241E-04  8.8425806E-05 -7.0949254E-03  0.0000000E+00
  2.0799350E+02  1.1168614E-03 -1.9084449E-04  1.0508629E-04 -6.8197440E-03  0.0000000E+00
  2.0799350E+02  1.0384970E-03 -9.8682845E-05  7.7474741E-05 -6.5491969E-03  0.0000000E+00
  2.0799350E+02  8.8805670E-04  1.4245544E-06  1.1613008E-05 -6.2825603E-03  0.0000000E+00
  2.0799350E+02  6.8276886E-04  9.4174777E-05 -6.6548042E-05 -6.0193745E-03  0.0000000E+00
  2.0799350E+02  4.7262687E-04  1.6434262E-04 -1.2389353E-04 -5.7595605E-03  0.0000000E+00
  2.0799350E+02  3.1700033E-04  2.0146441E-04 -1.3589478E-04 -5.5034689E-03  0.0000000E+00
  2.0799350E+02  2.5765622E-04  2.0368485E-04 -1.0023311E-04 -5.2518561E-03  0.0000000E+00
  2.0799350E+02  2.9785002E-04  1.7942871E-04 -4.3185773E-05 -5.0057830E-03  0.0000000E+00
  2.0799350E+02  3.9714643E-04  1.4555942E-04 -1.3662387E-05 -4.7664307E-03  0.0000000E+00
  2.0799350E+02  4.9162907E-04  1.2068623E-04 -5.9780434E-05 -4.5348288E-03  0.0000000E+00
  2.0799350E+02  5.4915898E-04  1.1228205E-04 -1.8286819E-04 -4.3114901E-03  0.0000000E+00
  2.0799350E+02  6.6934129E-04  9.6273722E-05 -2.6378363E-04 -4.0959481E-03  0.0000000E+00
  2.0799350E+02  8.6965762E-04  7.2304213E-05 -2.1308596E-04 -3.8871089E-03  0.0000000E+00
  2.0799350E+02  8.8297301E-04  6.9805008E-05 -3.0957958E-04 -3.6847686E-03  0.0000000E+00
  2.0799350E+02  9.2879007E-04  3.8078299E-05 -3.4815980E-04 -3.4873466E-03  0.0000000E+00
  2.0799350E+02  8.7892225E-04  1.6920242E-05 -3.5409195E-04 -3.2949690E-03  0.0000000E+00
  2.0799350E+02  7.1511507E-04  1.4130748E-05 -3.3783522E-04 -3.1082291E-03  0.0000000E+00
  2.0799350E+02  4.7466911E-04  2.2813118E-05 -3.0156292E-04 -2.9278116E-03  0.0000000E+00
  2.0799350E+02  2.1281688E-04  3.2574168E-05 -2.4448925E-04 -2.7542431E-03  0.0000000E+00
  2.0799350E+02 -2.0757158E-05  3.5729966E-05 -1.6691924E-04 -2.5877516E-03  0.0000000E+00
  2.0799350E+02 -1.9386383E-04  2.9622324E-05 -7.2938937E-05 -2.4282171E-03  0.0000000E+00
  2.0799350E+02 -2.9483455E-04  1.6151179E-05  2.8337678E-05 -2.2751957E-03  0.0000000E+00
  2.0799350E+02 -3.2923519E-04 -3.7199020E-07  1.2304799E-04 -2.1279987E-03  0.0000000E+00
  2.0799350E+02 -3.1287904E-04 -1.5944583E-05  1.9446959E-04 -1.9858092E-03  0.0000000E+00
  2.0799350E+02 -2.6374967E-04 -2.9061985E-05  2.2660187E-04 -1.8478197E-03  0.0000000E+00
  2.0799350E+02 -7.9825036E-11  3.0699479E-09 -5.7229164E-10 -8.6958033E-03  0.0000000E+00
  2.0799350E+02 -1.2118699E-04 -6.1466446E-06 -2.2626728E-05 -8.7877795E-03  0.0000000E+00
  2.0799350E+02 -2.3409801E-04 -2.4394137E-05 -5.3703352E-05 -8.9885203E-03  0.0000000E+00
  2.0799350E+02  4.4133629E-04  4.6059981E-05  7.5381462E-05 -9.3305973E-03  0.0000000E+00
  2.0799350E+02  2.9618701E-03  4.2466798E-04  4.8695102E-04 -9.7587292E-03  0.0000000E+00
  2.0799350E+02  8.2224694E-03  1.4211765E-03  1.2606255E-03 -1.0203615E-02  0.0000000E+00
  2.0799350E+02  1.5759985E-02  3.0908664E-03  2.4677718E-03 -1.0608918E-02  0.0000000E+00
  2.0799350E+02  2.3417841E-02  5.3023803E-03  4.0600814E-03 -1.0925265E-02  0.0000000E+00
  2.0799350E+02  2.7929221E-02  8.0659679E-03  5.9045998E-03 -1.1106166E-02  0.0000000E+00
  2.0799350E+02  2.9704229E-02  1.0684161E-02  7.9560715E-03 -1.1130144E-02  0.0000000E+00
  2.0799350E+02  3.0423064E-02  1.2961221E-02  9.4814808E-03 -1.1025151E-02  0.0000000E+00
  2.0799350E+02  3.5081628E-02  1.4599923E-02  9.7880937E-03 -1.0854879E-02  0.0000000E+00
  2.0799350E+02  4.6750939E-02  1.5126107E-02  8.6169183E-03 -1.0687750E-02  0.0000000E+00
  2.0799350E+02  6.0475950E-02  1.4544714E-02  6.3463120E-03 -1.0568926E-02  0.0000000E+00
  2.0799350E+02  6.8980460E-02  1.3261001E-02  4.4913716E-03 -1.0514741E-02  0.0000000E+00
  2.0799350E+02  7.5601313E-02  1.0887145E-02  4.6103048E-03 -1.0539441E-02  0.0000000E+00
  2.0799350E+02  7.3969527E-02  8.1020963E-03  3.5732448E-03 -1.0644320E-02  0.0000000E+00
  2.0799350E+02  6.8335529E-02  5.4435842E-03  3.0512171E-03 -1.0828967E-02  0.0000000E+00
  2.0799350E+02  5.7718718E-02  3.3293667E-03  2.7905557E-03 -1.1081683E-02  0.0000000E+00
  2.0799350E+02  4.5076734E-02  1.6892362E-03  2.4242772E-03 -1.1384753E-02  0.0000000E+00
  2.0799350E+02  3.3218839E-02  3.0455005E-04  1.8496025E-03 -1.1719794E-02  0.0000000E+00
  2.0799350E+02  2.3368357E-02 -9.8520764E-04  1.1731341E-03 -1.2068761E-02  0.0000000E+00
  2.0799350E+02  1.5419565E-02 -2.1902689E-03  4.7540999E-04 -1.2412935E-02  0.0000000E+00
  2.0799350E+02  8.9343934E-03 -3.1742611E-03 -3.5344331E-04 -1.2732253E-02  0.0000000E+00
  2.0799350E+02  3.9243171E-03 -3.7351564E-03 -1.4552363E-03 -1.3007319E-02  0.0000000E+00
  2.0799350E+02  4.5760103E-04 -3.7444908E-03 -2.2707500E-03 -1.3226763E-02  0.0000000E+00
  2.0799350E+02 -3.1366242E-03 -3.4668028E-03 -2.7867592E-03 -1.3384777E-02  0.0000000E+00
  2.0799350E+02 -5.7078083E-03 -3.0310368E-03 -3.6792366E-03 -1.3486545E-02  0.0000000E+00
  2.0799350E+02 -7.4719686E-03 -2.6188890E-03 -4.1581572E-03 -1.3534298E-02  0.0000000E+00
  2.0799350E+02 -8.5378816E-03 -2.2604330E-03 -4.2513132E-03 -1.3533384E-02  0.0000000E+00
  2.0799350E+02 -8.8462230E-03 -1.9069927E-03 -4.0773333E-03 -1.3492321E-02  0.0000000E+00
  2.0799350E+02 -8.4838112E-03 -1.5436924E-03 -3.7967914E-03 -1.3418591E-02  0.0000000E+00
  2.0799350E+02 -7.7221643E-03 -1.2102708E-03 -3.5592923E-03 -1.3317028E-02  0.0000000E+00
  2.0799350E+02 -6.8902199E-03 -9.6549723E-04 -3.4568047E-03 -1.3190004E-02  0.0000000E+00
  2.0799350E+02 -6.1910615E-03 -8.3052566E-04 -3.4935104E-03 -1.3038605E-02  0.0000000E+00
  2.0799350E+02 -5.5725017E-03 -7.4652419E-04 -3.5824427E-03 -1.2864034E-02  0.0000000E+00
  2.0799350E+02 -4.7613672E-03 -5.8191696E-04 -3.5791830E-03 -1.2668422E-02  0.0000000E+00
  2.0799350E+02 -3.5713333E-03 -2.2457514E-04 -3.3628859E-03 -1.2454268E-02  0.0000000E+00
  2.0799350E+02 -2.5941548E-03  2.0570591E-04 -2.9749050E-03 -1.2221723E-02  0.0000000E+00
  2.0799350E+02 -1.7782815E-03  4.8276667E-04 -2.7743998E-03 -1.1976342E-02  0.0000000E+00
  2.0799350E+02 -9.1183088E-04  6.3876146E-04 -2.4188853E-03 -1.1722082E-02  0.0000000E+00
  2.0799350E+02 -4.2565298E-04  5.7661070E-04 -1.9137082E-03 -1.1456382E-02  0.0000000E+00
  2.0799350E+02  2.0712872E-04  4.4432703E-04 -1.3979626E-03 -1.1185161E-02  0.0000000E+00
  2.0799350E+02  9.0876491E-04  3.2971582E-04 -9.3125461E-04 -1.0912368E-02  0.0000000E+00
  2.0799350E+02  1.4522119E-03  2.6575384E-04 -5.2374791E-04 -1.0640430E-02  0.0000000E+00
  2.0799350E+02  1.6998774E-03  2.4436496E-04 -1.6375354E-04 -1.0370622E-02  0.0000000E+00
  2.0799350E+02  1.6778369E-03  2.3490785E-04  1.5960291E-04 -1.0103379E-02  0.0000000E+00
  2.0799350E+02  1.5375770E-03  2.0369064E-04  4.4110424E-04 -9.8385816E-03  0.0000000E+00
  2.0799350E+02  1.4573222E-03  1.3082752E-04  6.5402161E-04 -9.5758091E-03  0.0000000E+00
  2.0799350E+02  1.5350018E-03  2.0752168E-05  7.5701879E-04 -9.3145946E-03  0.0000000E+00
  2.0799350E+02  1.7249117E-03 -9.7297069E-05  7.1584758E-04 -9.0546932E-03  0.0000000E+00
  2.0799350E+02  1.8701302E-03 -1.8250513E-04  5.4230186E-04 -8.7963796E-03  0.0000000E+00
  2.0799350E+02  1.8827419E-03 -2.1310659E-04  3.5289701E-04 -8.5407945E-03  0.0000000E+00
  2.0799350E+02  2.1239266E-03 -2.3809527E-04  4.4974212E-04 -8.2903543E-03  0.0000000E+00
  2.0799350E+02  2.4645270E-03 -1.0496746E-04  8.2018773E-04 -8.0437700E-03  0.0000000E+00
  2.0799350E+02  2.3415667E-03 -8.0756397E-05  1.0404479E-03 -7.8014122E-03  0.0000000E+00
  2.0799350E+02  2.3200848E-03 -1.7741093E-04  1.2485451E-03 -7.5642935E-03  0.0000000E+00
  2.0799350E+02  2.2506560E-03 -2.2773712E-04  1.3464697E-03 -7.3297741E-03  0.0000000E+00
  2.0799350E+02  2.0846373E-03 -2.0873570E-04  1.2996059E-03 -7.0962318E-03  0.0000000E+00
  2.0799350E+02  1.8187507E-03 -1.5790610E-04  1.1238407E-03 -6.8629400E-03  0.0000000E+00
  2.0799350E+02  1.4655173E-03 -1.2096738E-04  8.6853465E-04 -6.6299404E-03  0.0000000E+00
  2.0799350E+02  1.0427483E-03 -1.2501113E-04  5.9763480E-04 -6.3979047E-03  0.0000000E+00
  2.0799350E+02  5.7529888E-04 -1.7110119E-04  3.7121570E-04 -6.1679819E-03  0.0000000E+00
  2.0799350E+02  1.0229079E-04 -2.4033507E-04  2.2972903E-04 -5.9416237E-03  0.0000000E+00
  2.0799350E+02 -3.1699114E-04 -3.0738196E-04  1.8324604E-04 -5.7203864E-03  0.0000000E+00
  2.0799350E+02 -6.0565507E-04 -3.5557649E-04  2.0805162E-04 -5.5053417E-03  0.0000000E+00
  2.0799350E+02 -6.8460123E-04 -3.8718438E-04  2.5239518E-04 -5.2982647E-03  0.0000000E+00
  2.0799350E+02 -5.1458824E-04 -4.2393291E-04  2.5482832E-04 -5.0991324E-03  0.0000000E+00
  2.0799350E+02 -1.6128670E-04 -4.9019188E-04  1.7614963E-04 -4.9072515E-03  0.0000000E+00
  2.0799350E+02  1.0138141E-04 -5.7417552E-04  4.7875910E-05 -4.7204885E-03  0.0000000E+00
  2.0799350E+02  2.1571856E-05 -5.9286210E-04 -1.9378890E-05 -4.5377414E-03  0.0000000E+00
  2.0799350E+02  3.4269720E-04 -5.8920479E-04 -7.1819266E-05 -4.3621889E-03  0.0000000E+00
  2.0799350E+02  5.8048942E-04 -5.5504179E-04 -1.2625039E-04 -4.1883444E-03  0.0000000E+00
  2.0799350E+02  7.9886859E-04 -4.9846149E-04 -1.9723761E-04 -4.0170930E-03  0.0000000E+00
  2.0799350E+02  9.9903785E-04 -4.2706702E-04 -2.3824683E-04 -3.8486424E-03  0.0000000E+00
  2.0799350E+02  1.1575175E-03 -3.4750458E-04 -2.0443809E-04 -3.6828160E-03  0.0000000E+00
  2.0799350E+02  1.2501944E-03 -2.6519976E-04 -8.3894522E-05 -3.5192525E-03  0.0000000E+00
  2.0799350E+02  1.2649503E-03 -1.8427503E-04  9.5685830E-05 -3.3575318E-03  0.0000000E+00
  2.0799350E+02  1.2054337E-03 -1.0762191E-04  2.7780785E-04 -3.1972457E-03  0.0000000E+00
  2.0799350E+02  1.0885389E-03 -3.7100982E-05  3.9847913E-04 -3.0380339E-03  0.0000000E+00
  2.0799350E+02  9.3815702E-04  2.6156790E-05  4.1096432E-04 -2.8796020E-03  0.0000000E+00
  2.0799350E+02  7.7776122E-04  8.1374067E-05  3.0696633E-04 -2.7217431E-03  0.0000000E+00
  2.0799350E+02  6.2439286E-04  1.2770321E-04  1.2720701E-04 -2.5643804E-03  0.0000000E+00
  2.0799350E+02  4.8661032E-04  1.6378099E-04 -4.5620470E-05 -2.4076508E-03  0.0000000E+00
  2.0799350E+02  3.6896577E-04  1.8728868E-04 -1.1855480E-04 -2.2520482E-03  0.0000000E+00
  2.0799350E+02  2.8557356E-04  1.9454406E-04 -5.1753101E-05 -2.0986459E-03  0.0000000E+00
  2.0799350E+02  2.8533442E-04  1.8015207E-04  3.9411721E-05 -1.9494163E-03  0.0000000E+00
  2.0799350E+02  3.4922597E-04  1.3649950E-04 -5.7234767E-05 -1.8058295E-03  0.0000000E+00
  2.0799350E+02  3.7332288E-04  8.7212402E-05 -3.6263893E-05 -1.6683121E-03  0.0000000E+00
  2.0799350E+02  4.9697949E-04  5.6691560E-05 -3.8240446E-05 -1.5371555E-03  0.0000000E+00
  2.0799350E+02  6.6719736E-04  4.5477951E-05 -8.0527822E-05 -1.4104626E-03  0.0000000E+00
  2.0799350E+02  8.3855755E-04  4.6506082E-05 -1.5178101E-04 -1.2873852E-03  0.0000000E+00
  2.0799350E+02  9.7542856E-04  5.1510258E-05 -2.2962589E-04 -1.1677776E-03  0.0000000E+00
  2.0799350E+02  1.0531749E-03  5.4580938E-05 -2.9222127E-04 -1.0519052E-03  0.0000000E+00
  2.0799350E+02  1.0584951E-03  5.3463576E-05 -3.2472718E-04 -9.4020503E-04  0.0000000E+00
  2.0799350E+02  9.8901890E-04  4.9192327E-05 -3.2170297E-04 -8.3309960E-04  0.0000000E+00
  2.0799350E+02  8.5229061E-04  4.4650993E-05 -2.8645902E-04 -7.3086073E-04  0.0000000E+00
  2.0799350E+02  6.6426994E-04  4.2653605E-05 -2.2838546E-04 -6.3352377E-04  0.0000000E+00
  2.0799350E+02  4.4747738E-04  4.4137006E-05 -1.5928150E-04 -5.4085048E-04  0.0000000E+00
  2.0799350E+02  2.2891383E-04  4.7057843E-05 -8.9709194E-05 -4.5233978E-04  0.0000000E+00
  2.0799350E+02  6.1859384E-07  1.1146173E-07  2.3240030E-07 -9.9522719E-04  0.0000000E+00
  2.0799350E+02 -3.2514481E-04  6.8279930E-05 -2.5860413E-04 -1.0947418E-03  0.0000000E+00
  2.0799350E+02 -1.3964929E-03  2.9711740E-04 -1.4194014E-03 -1.6092841E-03  0.0000000E+00
  2.0799350E+02 -1.7670576E-03  4.9885442E-04 -2.2631563E-03 -2.5291327E-03  0.0000000E+00
  2.0799350E+02 -4.8173244E-04  6.0229453E-04 -1.8658090E-03 -3.6061228E-03  0.0000000E+00
  2.0799350E+02  2.6336162E-03  9.3993766E-04 -7.2790669E-04 -4.6377050E-03  0.0000000E+00
  2.0799350E+02  6.9092186E-03  1.8372103E-03  7.2932095E-04 -5.5177603E-03  0.0000000E+00
  2.0799350E+02  1.1430159E-02  3.3697394E-03  2.5957840E-03 -6.1929936E-03  0.0000000E+00
  2.0799350E+02  1.5209103E-02  5.4601389E-03  5.1090416E-03 -6.6228199E-03  0.0000000E+00
  2.0799350E+02  1.6996622E-02  7.8885011E-03  8.4792169E-03 -6.7888258E-03  0.0000000E+00
  2.0799350E+02  1.7140612E-02  1.0426279E-02  1.2298710E-02 -6.6986078E-03  0.0000000E+00
  2.0799350E+02  1.6500673E-02  1.3136837E-02  1.6000704E-02 -6.3821244E-03  0.0000000E+00
  2.0799350E+02  1.5578597E-02  1.5966600E-02  1.9038556E-02 -5.8860632E-03  0.0000000E+00
  2.0799350E+02  1.4678865E-02  1.8371429E-02  2.1053013E-02 -5.2663279E-03  0.0000000E+00
  2.0799350E+02  1.4982784E-02  1.9677049E-02  2.1900875E-02 -4.5770753E-03  0.0000000E+00
  2.0799350E+02  1.8789881E-02  2.0150337E-02  2.0477803E-02 -3.8557908E-03  0.0000000E+00
  2.0799350E+02  2.6295559E-02  1.9469170E-02  1.7622936E-02 -3.1381661E-03  0.0000000E+00
  2.0799350E+02  3.5888253E-02  1.7925257E-02  1.6952959E-02 -2.4387390E-03  0.0000000E+00
  2.0799350E+02  4.3794732E-02  1.5785368E-02  1.6753108E-02 -1.7893467E-03  0.0000000E+00
  2.0799350E+02  4.8298572E-02  1.3305109E-02  1.5097632E-02 -1.2224378E-03  0.0000000E+00
  2.0799350E+02  5.0062459E-02  1.0618008E-02  1.1770536E-02 -7.5807471E-04  0.0000000E+00
  2.0799350E+02  5.0949358E-02  7.7580759E-03  8.0363723E-03 -3.9969610E-04  0.0000000E+00
  2.0799350E+02  5.2266413E-02  4.7997233E-03  5.4070923E-03 -1.4433094E-04  0.0000000E+00
  2.0799350E+02  5.3425852E-02  1.9412432E-03  4.3268008E-03  1.4307550E-05  0.0000000E+00
  2.0799350E+02  5.1934283E-02 -4.8579569E-04  3.9033397E-03  8.3828123E-05  0.0000000E+00
  2.0799350E+02  4.5701051E-02 -2.1896401E-03  3.7023334E-03  8.3392363E-05  0.0000000E+00
  2.0799350E+02  3.6161608E-02 -2.9480566E-03  4.0083294E-03  3.4811686E-05  0.0000000E+00
  2.0799350E+02  2.5792342E-02 -3.6908477E-03  3.0707027E-03 -4.1141448E-05  0.0000000E+00
  2.0799350E+02  1.7226636E-02 -4.4635048E-03  1.8962083E-03 -1.3088182E-04  0.0000000E+00
  2.0799350E+02  1.0966914E-02 -5.0396025E-03  8.0075169E-04 -2.2471478E-04  0.0000000E+00
  2.0799350E+02  6.5661394E-03 -5.3000065E-03 -9.9528576E-06 -3.1108129E-04  0.0000000E+00
  2.0799350E+02  3.3206596E-03 -5.2156265E-03 -4.9579408E-04 -3.8187705E-04  0.0000000E+00
  2.0799350E+02  7.0147489E-04 -4.8280025E-03 -7.5135178E-04 -4.3332169E-04  0.0000000E+00
  2.0799350E+02 -1.5377379E-03 -4.2340562E-03 -9.4284461E-04 -4.6618212E-04  0.0000000E+00
  2.0799350E+02 -3.3840628E-03 -3.5642779E-03 -1.2177243E-03 -4.8395266E-04  0.0000000E+00
  2.0799350E+02 -4.6878528E-03 -2.9565569E-03 -1.6224891E-03 -4.9076419E-04  0.0000000E+00
  2.0799350E+02 -5.3073622E-03 -2.5167022E-03 -2.0586385E-03 -4.8976809E-04  0.0000000E+00
  2.0799350E+02 -5.1656852E-03 -2.2782646E-03 -2.2923509E-03 -4.8273520E-04  0.0000000E+00
  2.0799350E+02 -4.1854911E-03 -2.1379915E-03 -2.0590265E-03 -4.7193449E-04  0.0000000E+00
  2.0799350E+02 -3.0678131E-03 -1.9065038E-03 -2.1596095E-03 -4.5687014E-04  0.0000000E+00
  2.0799350E+02 -2.4439198E-03 -1.7573146E-03 -2.5835816E-03 -4.3629515E-04  0.0000000E+00
  2.0799350E+02 -1.6139574E-03 -1.6381995E-03 -2.5123651E-03 -4.1058650E-04  0.0000000E+00
  2.0799350E+02 -8.0827789E-04 -1.4766275E-03 -2.1925675E-03 -3.7648396E-04  0.0000000E+00
  2.0799350E+02 -2.4687568E-04 -1.2298579E-03 -1.8575678E-03 -3.3337572E-04  0.0000000E+00
  2.0799350E+02 -1.3565008E-05 -8.9449475E-04 -1.6260794E-03 -2.8283956E-04  0.0000000E+00
  2.0799350E+02 -3.4305959E-05 -5.0218127E-04 -1.4870621E-03 -2.2798166E-04  0.0000000E+00
  2.0799350E+02 -1.2859803E-04 -1.0263696E-04 -1.3414875E-03 -1.7217042E-04  0.0000000E+00
  2.0799350E+02 -9.8794079E-05  2.5078114E-04 -1.0764086E-03 -1.1868981E-04  0.0000000E+00
  2.0799350E+02  1.7330157E-04  5.2151944E-04 -6.4041946E-04 -6.9580720E-05  0.0000000E+00
  2.0799350E+02  6.5598463E-04  7.0141083E-04 -9.6595593E-05 -2.5172375E-05  0.0000000E+00
  2.0799350E+02  1.1558294E-03  8.1212547E-04  3.7521719E-04  1.6046019E-05  0.0000000E+00
  2.0799350E+02  1.4020191E-03  8.9181826E-04  5.5788578E-04  5.7402776E-05  0.0000000E+00
  2.0799350E+02  1.2461313E-03  9.5967989E-04  3.7319223E-04  1.0274051E-04  0.0000000E+00
  2.0799350E+02  1.0292946E-03  9.5677372E-04  1.9962049E-04  1.5505644E-04  0.0000000E+00
  2.0799350E+02  1.1131122E-03  8.3924704E-04  3.3468769E-04  2.1080015E-04  0.0000000E+00
  2.0799350E+02  1.1115085E-03  6.5393334E-04  2.5066351E-04  2.6484638E-04  0.0000000E+00
  2.0799350E+02  1.4353418E-03  4.4114093E-04  2.3878139E-04  3.1700446E-04  0.0000000E+00
  2.0799350E+02  1.9661626E-03  2.7829234E-04  2.6647846E-04  3.6618345E-04  0.0000000E+00
  2.0799350E+02  2.5424903E-03  1.8685127E-04  3.4044536E-04  4.1243664E-04  0.0000000E+00
  2.0799350E+02  3.0210514E-03  1.5823886E-04  4.6736981E-04  4.5630138E-04  0.0000000E+00
  2.0799350E+02  3.3070150E-03  1.7193173E-04  6.3491867E-04  4.9835221E-04  0.0000000E+00
  2.0799350E+02  3.3628371E-03  2.0726751E-04  8.1025227E-04  5.3925699E-04  0.0000000E+00
  2.0799350E+02  3.1966152E-03  2.4945692E-04  9.4680103E-04  5.7925769E-04  0.0000000E+00
  2.0799350E+02  2.8469390E-03  2.9148301E-04  1.0003863E-03  6.1843838E-04  0.0000000E+00
  2.0799350E+02  2.3631024E-03  3.3262728E-04  9.4571997E-04  6.5669061E-04  0.0000000E+00
  2.0799350E+02  1.7925575E-03  3.7466503E-04  7.9043138E-04  6.9370544E-04  0.0000000E+00
  2.0799350E+02  1.1761872E-03  4.1722977E-04  5.7969802E-04  7.2925130E-04  0.0000000E+00
  2.0799350E+02  5.7330359E-04  4.5234500E-04  3.9123648E-04  7.6278121E-04  0.0000000E+00
  2.0799350E+02  1.0428278E-04  4.6057820E-04  3.1036913E-04  7.9357035E-04  0.0000000E+00
  2.0799350E+02  3.2217981E-05  4.0884523E-04  3.8406963E-04  8.2041632E-04  0.0000000E+00
  2.0799350E+02  2.7510675E-04  2.8638909E-04  4.9270495E-04  8.4301544E-04  0.0000000E+00
  2.0799350E+02  1.2778432E-04  1.1825682E-04  3.6154389E-04  8.6496533E-04  0.0000000E+00
  2.0799350E+02  2.9630508E-04 -6.8032855E-05  2.3700251E-04  8.8428275E-04  0.0000000E+00
  2.0799350E+02  3.1929504E-04 -1.9998424E-04  1.7729623E-04  9.0223225E-04  0.0000000E+00
  2.0799350E+02  1.7159439E-04 -2.6815808E-04  1.5963391E-04  9.1948770E-04  0.0000000E+00
  2.0799350E+02 -1.1142111E-06 -2.9035666E-04  1.4336495E-04  9.3642965E-04  0.0000000E+00
  2.0799350E+02 -4.9577491E-05 -2.8910352E-04  1.0407877E-04  9.5347248E-04  0.0000000E+00
  2.0799350E+02  9.6407511E-05 -2.7964297E-04  4.5301024E-05  9.7101643E-04  0.0000000E+00
  2.0799350E+02  4.0487343E-04 -2.6655124E-04 -6.3224048E-06  9.8960332E-04  0.0000000E+00
  2.0799350E+02  7.6538630E-04 -2.4592499E-04 -1.5952308E-05  1.0098697E-03  0.0000000E+00
  2.0799350E+02  1.0390417E-03 -2.1107426E-04  4.0420401E-05  1.0324431E-03  0.0000000E+00
  2.0799350E+02  1.1191864E-03 -1.5877861E-04  1.5994175E-04  1.0580046E-03  0.0000000E+00
  2.0799350E+02  9.7808174E-04 -9.4580190E-05  3.0431749E-04  1.0869598E-03  0.0000000E+00
  2.0799350E+02  6.9139335E-04 -3.3525393E-05  4.0680659E-04  1.1194838E-03  0.0000000E+00
  2.0799350E+02  4.1424711E-04  5.3391540E-06  3.9996466E-04  1.1554057E-03  0.0000000E+00
  2.0799350E+02  2.9411005E-04  1.3469030E-05  2.7095797E-04  1.1940994E-03  0.0000000E+00
  2.0799350E+02  3.0154351E-04  1.8660965E-05  1.4875854E-04  1.2347564E-03  0.0000000E+00
  2.0799350E+02  2.0150689E-04  4.9954289E-05  1.5976413E-04  1.2764835E-03  0.0000000E+00
  2.0799350E+02  1.7852080E-04  5.7708327E-05  5.5908581E-05  1.3182771E-03  0.0000000E+00
  2.0799350E+02  1.3773260E-04  7.4859110E-05  3.9702349E-05  1.3577616E-03  0.0000000E+00
  2.0799350E+02  1.2811346E-04  7.6317346E-05  5.2021509E-05  1.3940834E-03  0.0000000E+00
  2.0799350E+02  1.7083299E-04  6.1282703E-05  5.7675605E-05  1.4273357E-03  0.0000000E+00
  2.0799350E+02  2.6648484E-04  3.8634077E-05  4.1643143E-05  1.4577906E-03  0.0000000E+00
  2.0799350E+02  4.0160696E-04  1.7890614E-05  4.1318686E-06  1.4858683E-03  0.0000000E+00
  2.0799350E+02  5.5487344E-04  4.5836770E-06 -4.5297361E-05  1.5119026E-03  0.0000000E+00
  2.0799350E+02  7.0225725E-04 -8.9539097E-07 -9.3608414E-05  1.5360227E-03  0.0000000E+00
  2.0799350E+02  8.2246118E-04 -2.0518451E-06 -1.2992896E-04  1.5583039E-03  0.0000000E+00
  2.0799350E+02  8.9872414E-04 -3.5955042E-06 -1.4901382E-04  1.5785755E-03  0.0000000E+00
  2.0799350E+02  9.2189557E-04 -8.4839144E-06 -1.5351836E-04  1.5966720E-03  0.0000000E+00
  2.0799350E+02  8.9072741E-04 -1.5582957E-05 -1.5306785E-04  1.6124989E-03  0.0000000E+00
  2.0799350E+02  2.3187567E-06  1.0341312E-08  5.9805243E-08  2.2010689E-02  0.0000000E+00
  2.0799350E+02 -6.7543224E-04 -1.6051244E-05 -3.3402449E-03  2.1836769E-02  0.0000000E+00
  2.0799350E+02 -2.9902144E-03 -7.1986619E-04 -8.6351132E-03  2.0663853E-02  0.0000000E+00
  2.0799350E+02 -6.1172157E-03 -2.3497878E-03 -8.1913248E-03  1.8657536E-02  0.0000000E+00
  2.0799350E+02 -8.0125118E-03 -3.6746206E-03 -4.5618240E-03  1.6431023E-02  0.0000000E+00
  2.0799350E+02 -8.8529780E-03 -3.8944722E-03 -8.5817256E-04  1.4401242E-02  0.0000000E+00
  2.0799350E+02 -9.7530601E-03 -3.1185566E-03  1.9344933E-03  1.2740678E-02  0.0000000E+00
  2.0799350E+02 -1.1784133E-02 -1.5675011E-03  3.2739025E-03  1.1466940E-02  0.0000000E+00
  2.0799350E+02 -1.4013730E-02  5.6407048E-04  3.5169583E-03  1.0559081E-02  0.0000000E+00
  2.0799350E+02 -1.6686475E-02  3.0467946E-03  4.5278092E-03  9.9794964E-03  0.0000000E+00
  2.0799350E+02 -2.0141033E-02  6.1924081E-03  8.3101261E-03  9.7034532E-03  0.0000000E+00
  2.0799350E+02 -2.3233203E-02  9.7783210E-03  1.3746350E-02  9.7123764E-03  0.0000000E+00
  2.0799350E+02 -2.4653911E-02  1.3143141E-02  1.8693762E-02  9.9787058E-03  0.0000000E+00
  2.0799350E+02 -2.3653540E-02  1.5808410E-02  2.2353098E-02  1.0466047E-02  0.0000000E+00
  2.0799350E+02 -1.9998395E-02  1.7786181E-02  2.5158401E-02  1.1131888E-02  0.0000000E+00
  2.0799350E+02 -9.7417455E-03  1.8914517E-02  2.6158648E-02  1.1931641E-02  0.0000000E+00
  2.0799350E+02  4.8727856E-03  1.8761675E-02  2.7631587E-02  1.2817379E-02  0.0000000E+00
  2.0799350E+02  1.9434068E-02  1.7206005E-02  2.5653678E-02  1.3732878E-02  0.0000000E+00
  2.0799350E+02  3.4095764E-02  1.5123212E-02  2.2118212E-02  1.4627067E-02  0.0000000E+00
  2.0799350E+02  4.6912285E-02  1.3443355E-02  1.9609522E-02  1.5453131E-02  0.0000000E+00
  2.0799350E+02  5.5568870E-02  1.2554568E-02  1.8719052E-02  1.6174756E-02  0.0000000E+00
  2.0799350E+02  5.8856226E-02  1.2190474E-02  1.8306306E-02  1.6767892E-02  0.0000000E+00
  2.0799350E+02  5.7450808E-02  1.1667838E-02  1.7154585E-02  1.7219703E-02  0.0000000E+00
  2.0799350E+02  5.3559286E-02  1.0340866E-02  1.5471045E-02  1.7526265E-02  0.0000000E+00
  2.0799350E+02  4.8985736E-02  8.1385821E-03  1.4680592E-02  1.7690554E-02  0.0000000E+00
  2.0799350E+02  4.1159350E-02  6.0494744E-03  1.3958229E-02  1.7722208E-02  0.0000000E+00
  2.0799350E+02  3.0935353E-02  4.5541234E-03  9.9616186E-03  1.7638483E-02  0.0000000E+00
  2.0799350E+02  2.8343915E-02  2.7137862E-03  8.3897808E-03  1.7462783E-02  0.0000000E+00
  2.0799350E+02  2.7277183E-02  1.2736468E-03  7.0891449E-03  1.7213359E-02  0.0000000E+00
  2.0799350E+02  2.5730991E-02  2.3583135E-04  5.6293763E-03  1.6910376E-02  0.0000000E+00
  2.0799350E+02  2.3226657E-02 -5.5568076E-04  4.2573687E-03  1.6572402E-02  0.0000000E+00
  2.0799350E+02  2.0020668E-02 -1.2370172E-03  3.2105100E-03  1.6213603E-02  0.0000000E+00
  2.0799350E+02  1.6576144E-02 -1.8549662E-03  2.4766264E-03  1.5843277E-02  0.0000000E+00
  2.0799350E+02  1.3255990E-02 -2.3737462E-03  1.8517925E-03  1.5466935E-02  0.0000000E+00
  2.0799350E+02  1.0197589E-02 -2.7256153E-03  1.1471959E-03  1.5088143E-02  0.0000000E+00
  2.0799350E+02  7.3289459E-03 -2.8729441E-03  3.9624560E-04  1.4710339E-02  0.0000000E+00
  2.0799350E+02  4.4861553E-03 -2.8493761E-03 -8.6888823E-05  1.4337846E-02  0.0000000E+00
  2.0799350E+02  1.5920820E-03 -2.7476992E-03  5.3882473E-05  1.3975283E-02  0.0000000E+00
  2.0799350E+02 -1.1438633E-03 -2.6220516E-03  5.3153747E-04  1.3624594E-02  0.0000000E+00
  2.0799350E+02 -2.8899311E-03 -2.4001998E-03  4.5610631E-04  1.3280405E-02  0.0000000E+00
  2.0799350E+02 -3.9837369E-03 -2.1470237E-03  6.6077650E-04  1.2938821E-02  0.0000000E+00
  2.0799350E+02 -4.4906008E-03 -1.8646829E-03  6.3158411E-04  1.2600811E-02  0.0000000E+00
  2.0799350E+02 -4.2510284E-03 -1.5760953E-03  4.0067944E-04  1.2268220E-02  0.0000000E+00
  2.0799350E+02 -3.3707502E-03 -1.2934444E-03  1.0532477E-04  1.1944467E-02  0.0000000E+00
  2.0799350E+02 -2.1245494E-03 -1.0157190E-03 -1.3243081E-04  1.1630430E-02  0.0000000E+00
  2.0799350E+02 -8.5400639E-04 -7.3531209E-04 -2.5592915E-04  1.1326405E-02  0.0000000E+00
  2.0799350E+02  1.3137429E-04 -4.4441286E-04 -2.7720125E-04  1.1031740E-02  0.0000000E+00
  2.0799350E+02  6.3724943E-04 -1.4201815E-04 -2.4889302E-04  1.0745289E-02  0.0000000E+00
  2.0799350E+02  6.3895121E-04  1.6096034E-04 -2.2245974E-04  1.0465976E-02  0.0000000E+00
  2.0799350E+02  2.9487062E-04  4.4054504E-04 -2.1002393E-04  1.0193312E-02  0.0000000E+00
  2.0799350E+02 -9.3849936E-05  6.6454767E-04 -1.6729146E-04  9.9277052E-03  0.0000000E+00
  2.0799350E+02 -1.8987466E-04  8.0548130E-04 -1.4920649E-05  9.6704060E-03  0.0000000E+00
  2.0799350E+02  1.9495686E-04  8.6357976E-04  2.8426084E-04  9.4229244E-03  0.0000000E+00
  2.0799350E+02  8.2289036E-04  9.0197498E-04  5.7479651E-04  9.1857691E-03  0.0000000E+00
  2.0799350E+02  1.2491306E-03  9.7070033E-04  6.2522633E-04  8.9583364E-03  0.0000000E+00
  2.0799350E+02  1.5464232E-03  1.0037956E-03  3.9913694E-04  8.7436762E-03  0.0000000E+00
  2.0799350E+02  1.5085559E-03  1.0051308E-03  5.6316462E-05  8.5402240E-03  0.0000000E+00
  2.0799350E+02  1.2982500E-03  9.5022841E-04 -1.8808955E-04  8.3454775E-03  0.0000000E+00
  2.0799350E+02  1.1078194E-03  8.3771030E-04 -2.5726086E-04  8.1567170E-03  0.0000000E+00
  2.0799350E+02  1.0807412E-03  6.8205226E-04 -1.5630460E-04  7.9727036E-03  0.0000000E+00
  2.0799350E+02  1.2727890E-03  5.0537961E-04  6.7967011E-05  7.7919992E-03  0.0000000E+00
  2.0799350E+02  1.6507362E-03  3.3221432E-04  3.5557008E-04  7.6141789E-03  0.0000000E+00
  2.0799350E+02  2.1132949E-03  1.8464343E-04  6.5004003E-04  7.4393273E-03  0.0000000E+00
  2.0799350E+02  2.5273291E-03  7.8935885E-05  9.0695195E-04  7.2677660E-03  0.0000000E+00
  2.0799350E+02  2.7696041E-03  2.3554315E-05  1.0963374E-03  7.0997630E-03  0.0000000E+00
  2.0799350E+02  2.7647113E-03  1.8648668E-05  1.2013305E-03  6.9352909E-03  0.0000000E+00
  2.0799350E+02  2.5098092E-03  5.7118396E-05  1.2153758E-03  6.7739007E-03  0.0000000E+00
  2.0799350E+02  2.0768223E-03  1.2733007E-04  1.1403314E-03  6.6147772E-03  0.0000000E+00
  2.0799350E+02  1.5827367E-03  2.1757717E-04  9.8779974E-04  6.4570431E-03  0.0000000E+00
  2.0799350E+02  1.1186340E-03  3.2236894E-04  7.8601812E-04  6.3003774E-03  0.0000000E+00
  2.0799350E+02  6.6477698E-04  4.1833120E-04  6.3510746E-04  6.1454114E-03  0.0000000E+00
  2.0799350E+02  2.2239157E-04  5.0393338E-04  6.0291914E-04  5.9921155E-03  0.0000000E+00
  2.0799350E+02 -7.7997471E-05  5.7580749E-04  5.3528754E-04  5.8421575E-03  0.0000000E+00
  2.0799350E+02 -1.7212819E-04  5.7238297E-04  4.3694762E-04  5.6959074E-03  0.0000000E+00
  2.0799350E+02 -1.1175747E-04  4.9497917E-04  3.2838418E-04  5.5535577E-03  0.0000000E+00
  2.0799350E+02  1.7036777E-05  3.7283268E-04  2.3106516E-04  5.4150400E-03  0.0000000E+00
  2.0799350E+02  1.4143981E-04  2.4100896E-04  1.5993584E-04  5.2810228E-03  0.0000000E+00
  2.0799350E+02  2.2531368E-04  1.2592422E-04  1.1947643E-04  5.1515883E-03  0.0000000E+00
  2.0799350E+02  2.7000562E-04  4.0787859E-05  1.0531268E-04  5.0271618E-03  0.0000000E+00
  2.0799350E+02  3.0240514E-04 -1.4112864E-05  1.0747708E-04  4.9082583E-03  0.0000000E+00
  2.0799350E+02  3.5535351E-04 -4.7126683E-05  1.1504232E-04  4.7954360E-03  0.0000000E+00
  2.0799350E+02  4.4695178E-04 -6.9113471E-05  1.2062617E-04  4.6892316E-03  0.0000000E+00
  2.0799350E+02  5.6513382E-04 -8.7469013E-05  1.2344168E-04  4.5900834E-03  0.0000000E+00
  2.0799350E+02  6.6387084E-04 -1.0228779E-04  1.2956675E-04  4.4982495E-03  0.0000000E+00
  2.0799350E+02  6.7737391E-04 -1.0665220E-04  1.4810703E-04  4.4137267E-03  0.0000000E+00
  2.0799350E+02  5.5866084E-04 -9.3036511E-05  1.8192624E-04  4.3361774E-03  0.0000000E+00
  2.0799350E+02  3.4885411E-04 -6.7814016E-05  2.1161773E-04  4.2648692E-03  0.0000000E+00
  2.0799350E+02  1.7016918E-04 -5.7191173E-05  1.6963074E-04  4.1993047E-03  0.0000000E+00
  2.0799350E+02  4.0443304E-05 -5.7283841E-05  1.7043145E-04  4.1388229E-03  0.0000000E+00
  2.0799350E+02 -3.4976222E-06 -6.5998149E-05  2.2048124E-04  4.0809866E-03  0.0000000E+00
  2.0799350E+02 -2.5898624E-05 -7.2061356E-05  2.6569592E-04  4.0246870E-03  0.0000000E+00
  2.0799350E+02 -4.8871132E-05 -7.1312230E-05  2.8511104E-04  3.9690826E-03  0.0000000E+00
  2.0799350E+02 -6.8112958E-05 -6.3722670E-05  2.7595703E-04  3.9138723E-03  0.0000000E+00
  2.0799350E+02 -6.6835485E-05 -5.1252096E-05  2.4374680E-04  3.8586699E-03  0.0000000E+00
  2.0799350E+02 -2.6814343E-05 -3.6429247E-05  1.9591620E-04  3.8033089E-03  0.0000000E+00
  2.0799350E+02  6.3139647E-05 -2.1541041E-05  1.3881574E-04  3.7477034E-03  0.0000000E+00
  2.0799350E+02  2.0176207E-04 -8.2745582E-06  7.6928610E-05  3.6918176E-03  0.0000000E+00
  2.0799350E+02  3.7319947E-04  2.3173679E-06  1.3549119E-05  3.6356507E-03  0.0000000E+00
  2.0799350E+02  5.4842308E-04  9.6613005E-06 -4.7900515E-05  3.5792384E-03  0.0000000E+00
  2.0799350E+02  6.9045797E-04  1.3453412E-05 -1.0273677E-04  3.5226710E-03  0.0000000E+00
  2.0799350E+02 -1.0109324E-05 -6.5524063E-07  2.3725279E-06  6.8359326E-02  0.0000000E+00
  2.0799350E+02 -4.8115387E-03 -4.8332036E-04 -9.8153114E-03  6.8360055E-02  0.0000000E+00
  2.0799350E+02 -1.1696543E-02 -3.2289489E-03 -1.0902894E-02  6.6935747E-02  0.0000000E+00
  2.0799350E+02 -1.3580485E-02 -8.2892487E-03  4.1472650E-03  6.4139371E-02  0.0000000E+00
  2.0799350E+02 -1.5926718E-02 -1.3003866E-02  1.6131599E-02  6.0758944E-02  0.0000000E+00
  2.0799350E+02 -2.0588654E-02 -1.5514707E-02  2.1019464E-02  5.7364607E-02  0.0000000E+00
  2.0799350E+02 -2.6659002E-02 -1.5588904E-02  1.9309752E-02  5.4251269E-02  0.0000000E+00
  2.0799350E+02 -3.2542667E-02 -1.3845040E-02  1.4196661E-02  5.1549900E-02  0.0000000E+00
  2.0799350E+02 -3.8658043E-02 -1.0575739E-02  1.0006393E-02  4.9298094E-02  0.0000000E+00
  2.0799350E+02 -4.3844929E-02 -5.7992875E-03  8.7966871E-03  4.7468080E-02  0.0000000E+00
  2.0799350E+02 -4.6607405E-02 -6.2031589E-04  9.0950086E-03  4.6030136E-02  0.0000000E+00
  2.0799350E+02 -4.7082088E-02  3.7060196E-03  9.0885318E-03  4.4921514E-02  0.0000000E+00
  2.0799350E+02 -4.6843017E-02  6.7041543E-03  7.6711058E-03  4.4061087E-02  0.0000000E+00
  2.0799350E+02 -4.7338492E-02  8.9172823E-03  5.0505761E-03  4.3395359E-02  0.0000000E+00
  2.0799350E+02 -4.8608689E-02  1.1173754E-02  2.8890046E-03  4.2909843E-02  0.0000000E+00
  2.0799350E+02 -4.8790318E-02  1.2858984E-02  1.7374157E-03  4.2573351E-02  0.0000000E+00
  2.0799350E+02 -4.0836220E-02  1.4110902E-02  3.3915324E-03  4.2343096E-02  0.0000000E+00
  2.0799350E+02 -2.6020636E-02  1.4800591E-02  9.2838899E-03  4.2158354E-02  0.0000000E+00
  2.0799350E+02 -7.6338735E-03  1.4620810E-02  1.5202370E-02  4.1944500E-02  0.0000000E+00
  2.0799350E+02  1.0990328E-02  1.3737167E-02  1.8262749E-02  4.1637377E-02  0.0000000E+00
  2.0799350E+02  2.7033784E-02  1.2595819E-02  1.8053206E-02  4.1211309E-02  0.0000000E+00
  2.0799350E+02  3.8916483E-02  1.1595008E-02  1.6172593E-02  4.0674067E-02  0.0000000E+00
  2.0799350E+02  4.6487260E-02  1.0815393E-02  1.4872986E-02  4.0052938E-02  0.0000000E+00
  2.0799350E+02  5.0928741E-02  9.9332406E-03  1.5465522E-02  3.9370233E-02  0.0000000E+00
  2.0799350E+02  5.3648489E-02  8.5132245E-03  1.7170413E-02  3.8631043E-02  0.0000000E+00
  2.0799350E+02  5.4033358E-02  6.8369910E-03  1.7103261E-02  3.7833463E-02  0.0000000E+00
  2.0799350E+02  4.5236799E-02  5.7782473E-03  1.6113982E-02  3.6971176E-02  0.0000000E+00
  2.0799350E+02  3.5007079E-02  3.7532198E-03  1.5749245E-02  3.6061329E-02  0.0000000E+00
  2.0799350E+02  2.6799072E-02  2.3511535E-03  1.4760973E-02  3.5101787E-02  0.0000000E+00
  2.0799350E+02  2.0798233E-02  1.7925359E-03  1.3350495E-02  3.4096872E-02  0.0000000E+00
  2.0799350E+02  1.6796408E-02  1.6002980E-03  1.1683930E-02  3.3063239E-02  0.0000000E+00
  2.0799350E+02  1.4148935E-02  1.3055589E-03  9.8905444E-03  3.2014349E-02  0.0000000E+00
  2.0799350E+02  1.2043034E-02  7.4585362E-04  8.0861280E-03  3.0966568E-02  0.0000000E+00
  2.0799350E+02  9.8063175E-03  7.0192062E-05  6.3655410E-03  2.9931062E-02  0.0000000E+00
  2.0799350E+02  7.2173558E-03 -4.3007844E-04  4.8066380E-03  2.8916053E-02  0.0000000E+00
  2.0799350E+02  4.6335921E-03 -5.4960628E-04  3.4720815E-03  2.7929534E-02  0.0000000E+00
  2.0799350E+02  2.7765560E-03 -3.3879120E-04  2.3997736E-03  2.6973103E-02  0.0000000E+00
  2.0799350E+02  2.0991910E-03 -9.7738923E-05  1.6150794E-03  2.6050225E-02  0.0000000E+00
  2.0799350E+02  1.4996266E-03 -8.1311501E-05  1.1207202E-03  2.5154746E-02  0.0000000E+00
  2.0799350E+02 -7.1539886E-04  5.3895651E-06  1.0136144E-03  2.4284076E-02  0.0000000E+00
  2.0799350E+02 -2.2160086E-03  2.3487055E-04  1.0259175E-03  2.3440511E-02  0.0000000E+00
  2.0799350E+02 -3.2602834E-03  4.2239179E-04  9.5959713E-04  2.2618978E-02  0.0000000E+00
  2.0799350E+02 -3.7109821E-03  5.0802357E-04  8.7527442E-04  2.1825738E-02  0.0000000E+00
  2.0799350E+02 -3.7354654E-03  5.1458592E-04  8.3012265E-04  2.1060416E-02  0.0000000E+00
  2.0799350E+02 -3.5501828E-03  4.8593739E-04  8.3888330E-04  2.0321129E-02  0.0000000E+00
  2.0799350E+02 -3.2930141E-03  4.5451640E-04  8.7099346E-04  1.9607684E-02  0.0000000E+00
  2.0799350E+02 -2.9886699E-03  4.3072925E-04  8.7170010E-04  1.8917589E-02  0.0000000E+00
  2.0799350E+02 -2.5840460E-03  4.0814545E-04  7.9368356E-04  1.8253019E-02  0.0000000E+00
  2.0799350E+02 -2.0153013E-03  3.7659684E-04  6.2835530E-04  1.7615316E-02  0.0000000E+00
  2.0799350E+02 -1.2836354E-03  3.3728301E-04  4.2337108E-04  1.7005359E-02  0.0000000E+00
  2.0799350E+02 -5.0884365E-04  3.1272809E-04  2.7447282E-04  1.6423908E-02  0.0000000E+00
  2.0799350E+02  7.6358356E-05  3.4467036E-04  2.7807379E-04  1.5867802E-02  0.0000000E+00
  2.0799350E+02  2.0030255E-04  4.7381130E-04  4.3598101E-04  1.5336799E-02  0.0000000E+00
  2.0799350E+02 -2.4811504E-04  6.9346708E-04  4.9400465E-04  1.4832087E-02  0.0000000E+00
  2.0799350E+02 -1.4210314E-04  8.1547683E-04  3.6361084E-04  1.4352358E-02  0.0000000E+00
  2.0799350E+02  6.9977030E-04  8.4901311E-04  2.7075429E-04  1.3896405E-02  0.0000000E+00
  2.0799350E+02  1.1714014E-03  8.7877980E-04 -2.8286299E-05  1.3462659E-02  0.0000000E+00
  2.0799350E+02  1.1983156E-03  8.9188563E-04 -3.8586456E-04  1.3047796E-02  0.0000000E+00
  2.0799350E+02  9.3365876E-04  8.7740114E-04 -6.6049834E-04  1.2649352E-02  0.0000000E+00
  2.0799350E+02  5.9542288E-04  8.3127165E-04 -7.5916251E-04  1.2265867E-02  0.0000000E+00
  2.0799350E+02  3.6709282E-04  7.5781332E-04 -6.5273912E-04  1.1897021E-02  0.0000000E+00
  2.0799350E+02  3.4727888E-04  6.6782141E-04 -3.6971785E-04  1.1540875E-02  0.0000000E+00
  2.0799350E+02  5.4236964E-04  5.7619249E-04  2.1317781E-05  1.1197351E-02  0.0000000E+00
  2.0799350E+02  8.8264186E-04  4.9743105E-04  4.3741931E-04  1.0865652E-02  0.0000000E+00
  2.0799350E+02  1.2576890E-03  4.4173130E-04  8.0652718E-04  1.0544861E-02  0.0000000E+00
  2.0799350E+02  1.5565297E-03  4.1190903E-04  1.0854415E-03  1.0234489E-02  0.0000000E+00
  2.0799350E+02  1.7042839E-03  4.0198638E-04  1.2661418E-03  9.9324880E-03  0.0000000E+00
  2.0799350E+02  1.6769623E-03  3.9893548E-04  1.3571368E-03  9.6384419E-03  0.0000000E+00
  2.0799350E+02  1.4937031E-03  3.8753812E-04  1.3423735E-03  9.3515564E-03  0.0000000E+00
  2.0799350E+02  1.1667958E-03  3.6010327E-04  1.1034207E-03  9.0712353E-03  0.0000000E+00
  2.0799350E+02  6.8329047E-04  3.2165043E-04  6.6262982E-04  8.7982370E-03  0.0000000E+00
  2.0799350E+02  3.4105983E-04  3.2839890E-04  7.5574801E-04  8.5322327E-03  0.0000000E+00
  2.0799350E+02  5.8613043E-05  4.1359139E-04  7.1780420E-04  8.2734704E-03  0.0000000E+00
  2.0799350E+02 -1.8263937E-04  5.3336968E-04  6.0297867E-04  8.0232445E-03  0.0000000E+00
  2.0799350E+02 -3.7543146E-04  6.4136063E-04  4.7074941E-04  7.7819537E-03  0.0000000E+00
  2.0799350E+02 -5.0483402E-04  7.0148045E-04  3.6426613E-04  7.5499816E-03  0.0000000E+00
  2.0799350E+02 -5.6031028E-04  6.9475889E-04  3.0118279E-04  7.3264952E-03  0.0000000E+00
  2.0799350E+02 -5.3995494E-04  6.2008988E-04  2.7624014E-04  7.1119489E-03  0.0000000E+00
  2.0799350E+02 -4.5262223E-04  4.9226573E-04  2.6868485E-04  6.9065895E-03  0.0000000E+00
  2.0799350E+02 -3.1564750E-04  3.3663000E-04  2.5423982E-04  6.7108250E-03  0.0000000E+00
  2.0799350E+02 -1.5129017E-04  1.8263547E-04  2.1723560E-04  6.5254355E-03  0.0000000E+00
  2.0799350E+02  1.8785512E-05  5.5869166E-05  1.5939641E-04  6.3502274E-03  0.0000000E+00
  2.0799350E+02  1.7541214E-04 -2.6344136E-05  1.0311625E-04  6.1857511E-03  0.0000000E+00
  2.0799350E+02  3.0454918E-04 -5.9883313E-05  8.4747546E-05  6.0319272E-03  0.0000000E+00
  2.0799350E+02  3.9518864E-04 -5.4053038E-05  1.3544810E-04  5.8882865E-03  0.0000000E+00
  2.0799350E+02  4.3283699E-04 -2.7540890E-05  2.4587811E-04  5.7541809E-03  0.0000000E+00
  2.0799350E+02  3.8722644E-04  1.6743754E-06  3.1295928E-04  5.6279966E-03  0.0000000E+00
  2.0799350E+02  1.1717568E-04  4.3030779E-05  2.1391371E-04  5.5090180E-03  0.0000000E+00
  2.0799350E+02 -1.1110615E-04  7.3510339E-05  2.3978959E-04  5.3965027E-03  0.0000000E+00
  2.0799350E+02 -1.7208942E-04  6.9953107E-05  3.0631895E-04  5.2886419E-03  0.0000000E+00
  2.0799350E+02 -1.8859237E-04  4.6123616E-05  3.8612248E-04  5.1846244E-03  0.0000000E+00
  2.0799350E+02 -2.0887510E-04  1.3414894E-05  4.5680099E-04  5.0834484E-03  0.0000000E+00
  2.0799350E+02 -2.3658281E-04 -1.8679902E-05  5.0138047E-04  4.9847845E-03  0.0000000E+00
  2.0799350E+02 -2.5397338E-04 -4.2801998E-05  5.0959732E-04  4.8881770E-03  0.0000000E+00
  2.0799350E+02 -2.3884623E-04 -5.3946440E-05  4.7794545E-04  4.7931795E-03  0.0000000E+00
  2.0799350E+02 -1.7601443E-04 -4.9759255E-05  4.0946926E-04  4.6995177E-03  0.0000000E+00
  2.0799350E+02 -6.3056230E-05 -3.0660280E-05  3.1239254E-04  4.6065071E-03  0.0000000E+00
  2.0799350E+02  8.7264201E-05  1.6103126E-07  1.9950941E-04  4.5140479E-03  0.0000000E+00
  2.0799350E+02  2.4939290E-04  3.7148732E-05  8.6017032E-05  4.4220639E-03  0.0000000E+00
  2.0799350E+02  3.9029315E-04  7.3274882E-05 -1.2580262E-05  4.3307149E-03  0.0000000E+00
  2.0799350E+02  3.5859240E-06 -7.7563157E-07  8.4995488E-06  9.7479576E-02  0.0000000E+00
  2.0799350E+02 -7.9449651E-03 -6.0202253E-04 -1.5197460E-02  9.6853098E-02  0.0000000E+00
  2.0799350E+02 -1.3992577E-02 -4.4120284E-03 -1.5824048E-02  9.4669063E-02  0.0000000E+00
  2.0799350E+02 -1.3801715E-02 -1.2324001E-02  8.9903460E-03  9.0850578E-02  0.0000000E+00
  2.0799350E+02 -1.8018092E-02 -2.0138030E-02  2.9954813E-02  8.6208513E-02  0.0000000E+00
  2.0799350E+02 -2.6148715E-02 -2.4780673E-02  3.8792364E-02  8.1373860E-02  0.0000000E+00
  2.0799350E+02 -3.7030312E-02 -2.5347869E-02  3.6217936E-02  7.6715690E-02  0.0000000E+00
  2.0799350E+02 -4.9101396E-02 -2.2257223E-02  2.7728566E-02  7.2425727E-02  0.0000000E+00
  2.0799350E+02 -6.1118303E-02 -1.6908005E-02  1.8722482E-02  6.8583996E-02  0.0000000E+00
  2.0799350E+02 -6.7095384E-02 -1.0269223E-02  1.0383433E-02  6.5206080E-02  0.0000000E+00
  2.0799350E+02 -7.0025042E-02 -3.1313072E-03  3.9160883E-03  6.2270605E-02  0.0000000E+00
  2.0799350E+02 -7.2720628E-02  3.3591608E-03 -1.9492722E-04  5.9741814E-02  0.0000000E+00
  2.0799350E+02 -7.3136538E-02  8.3760239E-03 -2.3777093E-03  5.7575096E-02  0.0000000E+00
  2.0799350E+02 -6.7922601E-02  1.1953072E-02 -2.7457439E-03  5.5703407E-02  0.0000000E+00
  2.0799350E+02 -5.8672988E-02  1.4624049E-02 -8.0931421E-04  5.4041887E-02  0.0000000E+00
  2.0799350E+02 -4.9609161E-02  1.6029086E-02  2.1337644E-03  5.2506805E-02  0.0000000E+00
  2.0799350E+02 -4.1580913E-02  1.7728184E-02  4.0088525E-03  5.1052338E-02  0.0000000E+00
  2.0799350E+02 -3.4927847E-02  1.9128471E-02  5.8160614E-03  4.9636605E-02  0.0000000E+00
  2.0799350E+02 -2.5490252E-02  1.9180574E-02  7.9679618E-03  4.8233143E-02  0.0000000E+00
  2.0799350E+02 -1.3479100E-02  1.7568722E-02  9.9501736E-03  4.6830085E-02  0.0000000E+00
  2.0799350E+02 -1.6213601E-03  1.4696442E-02  1.1071757E-02  4.5424185E-02  0.0000000E+00
  2.0799350E+02  7.3196405E-03  1.1423440E-02  1.1030171E-02  4.4017084E-02  0.0000000E+00
  2.0799350E+02  1.2604389E-02  8.6772839E-03  1.0190398E-02  4.2613073E-02  0.0000000E+00
  2.0799350E+02  1.6113467E-02  7.0634983E-03  9.4778024E-03  4.1217618E-02  0.0000000E+00
  2.0799350E+02  2.0435515E-02  6.5977040E-03  9.7843299E-03  3.9835897E-02  0.0000000E+00
  2.0799350E+02  2.3399948E-02  6.6835129E-03  1.0788635E-02  3.8468314E-02  0.0000000E+00
  2.0799350E+02  2.3774696E-02  6.9246295E-03  1.1947068E-02  3.7120128E-02  0.0000000E+00
  2.0799350E+02  2.4067648E-02  6.5841917E-03  1.1609035E-02  3.5777349E-02  0.0000000E+00
  2.0799350E+02  2.1768085E-02  5.5284430E-03  1.0901607E-02  3.4445318E-02  0.0000000E+00
  2.0799350E+02  1.8580316E-02  4.1277530E-03  1.0261731E-02  3.3129604E-02  0.0000000E+00
  2.0799350E+02  1.5669648E-02  2.7161831E-03  9.3377043E-03  3.1834499E-02  0.0000000E+00
  2.0799350E+02  1.3472349E-02  1.4957378E-03  7.9195221E-03  3.0565096E-02  0.0000000E+00
  2.0799350E+02  1.1804331E-02  5.3873240E-04  6.2228756E-03  2.9327599E-02  0.0000000E+00
  2.0799350E+02  1.0154965E-02 -1.5267817E-04  4.7458654E-03  2.8128475E-02  0.0000000E+00
  2.0799350E+02  8.0524304E-03 -5.7076662E-04  3.9175130E-03  2.6973064E-02  0.0000000E+00
  2.0799350E+02  5.3870320E-03 -6.5125274E-04  3.7571448E-03  2.5864275E-02  0.0000000E+00
  2.0799350E+02  2.5788713E-03 -2.8803153E-04  3.7637259E-03  2.4801963E-02  0.0000000E+00
  2.0799350E+02  4.7630357E-04  5.4543344E-04  3.2542200E-03  2.3783610E-02  0.0000000E+00
  2.0799350E+02 -1.2841617E-04  1.5270952E-03  2.3700510E-03  2.2806940E-02  0.0000000E+00
  2.0799350E+02 -1.9209451E-03  2.0902057E-03  1.6180800E-03  2.1867679E-02  0.0000000E+00
  2.0799350E+02 -3.6827817E-03  2.2360159E-03  7.9849070E-04  2.0964317E-02  0.0000000E+00
  2.0799350E+02 -4.1619141E-03  2.0413717E-03  6.0549337E-04  2.0097746E-02  0.0000000E+00
  2.0799350E+02 -4.3401140E-03  1.7436805E-03  5.8644487E-04  1.9265766E-02  0.0000000E+00
  2.0799350E+02 -4.4231898E-03  1.4621179E-03  5.3547551E-04  1.8467985E-02  0.0000000E+00
  2.0799350E+02 -4.3119960E-03  1.2399218E-03  4.0606783E-04  1.7704637E-02  0.0000000E+00
  2.0799350E+02 -3.8897745E-03  1.0778287E-03  2.3752664E-04  1.6975913E-02  0.0000000E+00
  2.0799350E+02 -3.1607991E-03  9.5909332E-04  9.6594170E-05  1.6281684E-02  0.0000000E+00
  2.0799350E+02 -2.2752941E-03  8.6653402E-04  3.5464674E-05  1.5621497E-02  0.0000000E+00
  2.0799350E+02 -1.4755991E-03  7.9204518E-04  6.7452517E-05  1.4994720E-02  0.0000000E+00
  2.0799350E+02 -9.9855190E-04  7.3901905E-04  1.6156788E-04  1.4400727E-02  0.0000000E+00
  2.0799350E+02 -9.6906004E-04  7.1811863E-04  2.5725424E-04  1.3838986E-02  0.0000000E+00
  2.0799350E+02 -1.3198330E-03  7.3684355E-04  3.0054173E-04  1.3308947E-02  0.0000000E+00
  2.0799350E+02 -1.7722467E-03  7.8333087E-04  3.0287054E-04  1.2809595E-02  0.0000000E+00
  2.0799350E+02 -1.9133117E-03  8.0483250E-04  4.2383843E-04  1.2338559E-02  0.0000000E+00
  2.0799350E+02 -1.9875526E-03  8.5740965E-04  3.2710425E-05  1.1892511E-02  0.0000000E+00
  2.0799350E+02 -1.6828284E-03  9.2231164E-04 -4.7249362E-04  1.1469542E-02  0.0000000E+00
  2.0799350E+02 -1.0464679E-03  9.0918377E-04 -6.7351423E-04  1.1067578E-02  0.0000000E+00
  2.0799350E+02 -5.0420708E-04  8.5974734E-04 -8.2592002E-04  1.0685769E-02  0.0000000E+00
  2.0799350E+02 -2.0835876E-04  8.0304115E-04 -9.5218010E-04  1.0323269E-02  0.0000000E+00
  2.0799350E+02 -1.3577841E-04  7.5559023E-04 -9.8798013E-04  9.9789753E-03  0.0000000E+00
  2.0799350E+02 -1.7338877E-04  7.2335658E-04 -8.7223853E-04  9.6514401E-03  0.0000000E+00
  2.0799350E+02 -1.8889783E-04  7.0482136E-04 -5.9140024E-04  9.3389322E-03  0.0000000E+00
  2.0799350E+02 -8.4346172E-05  6.9454854E-04 -1.8858572E-04  9.0395907E-03  0.0000000E+00
  2.0799350E+02  1.6988077E-04  6.8657933E-04  2.5182714E-04  8.7516285E-03  0.0000000E+00
  2.0799350E+02  5.2293997E-04  6.7700731E-04  6.3361087E-04  8.4735402E-03  0.0000000E+00
  2.0799350E+02  8.5614595E-04  6.6506223E-04  8.8179193E-04  8.2038160E-03  0.0000000E+00
  2.0799350E+02  1.0194883E-03  6.5218113E-04  9.6690038E-04  7.9428406E-03  0.0000000E+00
  2.0799350E+02  9.0330023E-04  6.3809000E-04  9.1547547E-04  7.6900874E-03  0.0000000E+00
  2.0799350E+02  5.3486019E-04  6.1367004E-04  7.8756492E-04  7.4457330E-03  0.0000000E+00
  2.0799350E+02  2.1192647E-04  5.4965474E-04  6.1789350E-04  7.2097325E-03  0.0000000E+00
  2.0799350E+02  1.1729955E-04  4.2264806E-04  4.7169144E-04  6.9812375E-03  0.0000000E+00
  2.0799350E+02 -2.8287568E-04  3.2109230E-04  5.9797746E-04  6.7605821E-03  0.0000000E+00
  2.0799350E+02 -2.6949051E-04  2.5074191E-04  6.5792639E-04  6.5486570E-03  0.0000000E+00
  2.0799350E+02 -2.5734328E-04  2.4474874E-04  6.6252085E-04  6.3457340E-03  0.0000000E+00
  2.0799350E+02 -3.7566813E-04  2.8986850E-04  6.1659739E-04  6.1518472E-03  0.0000000E+00
  2.0799350E+02 -5.9762987E-04  3.5302902E-04  5.2615623E-04  5.9670072E-03  0.0000000E+00
  2.0799350E+02 -8.3339634E-04  3.9971844E-04  4.0199281E-04  5.7913103E-03  0.0000000E+00
  2.0799350E+02 -9.9175136E-04  4.0531775E-04  2.6036968E-04  5.6249647E-03  0.0000000E+00
  2.0799350E+02 -1.0152114E-03  3.6050213E-04  1.2144760E-04  5.4682541E-03  0.0000000E+00
  2.0799350E+02 -8.9360863E-04  2.7183545E-04  6.1943214E-06  5.3214586E-03  0.0000000E+00
  2.0799350E+02 -6.6110396E-04  1.5868242E-04 -6.7509987E-05  5.1847541E-03  0.0000000E+00
  2.0799350E+02 -3.8159249E-04  4.7562717E-05 -8.8852250E-05  5.0581098E-03  0.0000000E+00
  2.0799350E+02 -1.2746477E-04 -3.4928352E-05 -5.7432051E-05  4.9412054E-03  0.0000000E+00
  2.0799350E+02  4.3313198E-05 -6.9508411E-05  1.4745359E-05  4.8333872E-03  0.0000000E+00
  2.0799350E+02  1.0683819E-04 -5.0781226E-05  1.0334732E-04  4.7336845E-03  0.0000000E+00
  2.0799350E+02  8.4663288E-05  8.1297665E-06  1.7458196E-04  4.6409065E-03  0.0000000E+00
  2.0799350E+02  4.1983486E-05  7.4012061E-05  1.9157506E-04  4.5538399E-03  0.0000000E+00
  2.0799350E+02 -2.1403778E-04  1.3334267E-04  1.4602445E-04  4.4712027E-03  0.0000000E+00
  2.0799350E+02 -4.7414577E-04  2.0000995E-04  1.4772286E-04  4.3923380E-03  0.0000000E+00
  2.0799350E+02 -4.2282877E-04  2.2003941E-04  2.0055374E-04  4.3168296E-03  0.0000000E+00
  2.0799350E+02 -3.0411364E-04  2.0207637E-04  2.7863381E-04  4.2438689E-03  0.0000000E+00
  2.0799350E+02 -2.2907255E-04  1.6109681E-04  3.5207567E-04  4.1728912E-03  0.0000000E+00
  2.0799350E+02 -2.2207256E-04  1.1304522E-04  3.9694994E-04  4.1034037E-03  0.0000000E+00
  2.0799350E+02 -2.5876583E-04  7.1288003E-05  4.0025312E-04  4.0349159E-03  0.0000000E+00
  2.0799350E+02 -2.9602416E-04  4.4623062E-05  3.6091888E-04  3.9669438E-03  0.0000000E+00
  2.0799350E+02 -2.9402146E-04  3.6586593E-05  2.8791054E-04  3.8990669E-03  0.0000000E+00
  2.0799350E+02 -2.3066783E-04  4.5797755E-05  1.9643224E-04  3.8310104E-03  0.0000000E+00
  2.0799350E+02 -1.0859889E-04  6.7082125E-05  1.0329666E-04  3.7627301E-03  0.0000000E+00
  2.0799350E+02  4.5076015E-05  9.3114718E-05  2.2486938E-05  3.6944742E-03  0.0000000E+00
  2.0799350E+02  1.8606309E-04  1.1632341E-04 -3.8049615E-05  3.6267976E-03  0.0000000E+00
  2.0799350E+02  3.5050928E-05  6.7585256E-07  8.0395543E-06  6.0197538E-02  0.0000000E+00
  2.0799350E+02 -6.4010738E-03 -1.1070100E-03 -2.7937123E-02  5.8576524E-02  0.0000000E+00
  2.0799350E+02 -2.3855967E-03 -5.6000093E-03 -4.8982677E-02  5.6057738E-02  0.0000000E+00
  2.0799350E+02  1.7927433E-03 -1.4240938E-02 -2.9295032E-02  5.2335373E-02  0.0000000E+00
  2.0799350E+02 -6.8414845E-03 -2.2652486E-02 -6.0016659E-03  4.7910818E-02  0.0000000E+00
  2.0799350E+02 -1.9085719E-02 -2.8136511E-02  8.8969809E-03  4.3302223E-02  0.0000000E+00
  2.0799350E+02 -3.1963795E-02 -3.0166332E-02  1.4558496E-02  3.8874819E-02  0.0000000E+00
  2.0799350E+02 -4.3027655E-02 -2.9125247E-02  1.3277384E-02  3.4854572E-02  0.0000000E+00
  2.0799350E+02 -5.1434652E-02 -2.5819220E-02  8.5826320E-03  3.1358773E-02  0.0000000E+00
  2.0799350E+02 -5.9365156E-02 -2.1241984E-02  3.4293144E-03  2.8406807E-02  0.0000000E+00
  2.0799350E+02 -6.7600387E-02 -1.5737435E-02 -3.3359807E-04  2.5954315E-02  0.0000000E+00
  2.0799350E+02 -7.4172040E-02 -9.7015120E-03 -2.4966727E-03  2.3926224E-02  0.0000000E+00
  2.0799350E+02 -7.7323160E-02 -3.5679607E-03 -3.3977098E-03  2.2242478E-02  0.0000000E+00
  2.0799350E+02 -7.7331066E-02  2.4501673E-03 -2.5484878E-03  2.0832223E-02  0.0000000E+00
  2.0799350E+02 -7.3985096E-02  7.9335403E-03  9.1821813E-05  1.9638140E-02  0.0000000E+00
  2.0799350E+02 -6.6406647E-02  1.1425828E-02  1.7734629E-03  1.8610611E-02  0.0000000E+00
  2.0799350E+02 -5.6347140E-02  1.3694452E-02  2.7114509E-03  1.7702742E-02  0.0000000E+00
  2.0799350E+02 -4.4785316E-02  1.4297810E-02  1.5384044E-03  1.6873554E-02  0.0000000E+00
  2.0799350E+02 -3.5282042E-02  1.3830125E-02  6.0550150E-04  1.6101592E-02  0.0000000E+00
  2.0799350E+02 -2.6687699E-02  1.2986498E-02  8.6619503E-04  1.5380648E-02  0.0000000E+00
  2.0799350E+02 -1.7848980E-02  1.2182541E-02  1.8839518E-03  1.4710030E-02  0.0000000E+00
  2.0799350E+02 -9.1706106E-03  1.1497842E-02  2.6667267E-03  1.4087627E-02  0.0000000E+00
  2.0799350E+02 -2.1388599E-03  1.0812167E-02  2.7112171E-03  1.3506109E-02  0.0000000E+00
  2.0799350E+02  2.0862651E-03  1.0003263E-02  2.6399434E-03  1.2952606E-02  0.0000000E+00
  2.0799350E+02  3.9032580E-03  9.0751701E-03  3.8142002E-03  1.2412212E-02  0.0000000E+00
  2.0799350E+02  5.2188972E-03  8.0859186E-03  6.3059232E-03  1.1875642E-02  0.0000000E+00
  2.0799350E+02  7.3574701E-03  6.5786040E-03  7.1552902E-03  1.1344345E-02  0.0000000E+00
  2.0799350E+02  1.1625412E-02  5.5730037E-03  6.8196983E-03  1.0819997E-02  0.0000000E+00
  2.0799350E+02  1.3622029E-02  4.9211639E-03  6.1823658E-03  1.0302211E-02  0.0000000E+00
  2.0799350E+02  1.2517041E-02  4.1503384E-03  5.5305059E-03  9.7925723E-03  0.0000000E+00
  2.0799350E+02  9.6289086E-03  3.0929303E-03  4.8346267E-03  9.2944951E-03  0.0000000E+00
  2.0799350E+02  6.5405974E-03  1.8730568E-03  4.0330193E-03  8.8117065E-03  0.0000000E+00
  2.0799350E+02  4.2046521E-03  7.7756718E-04  3.1477253E-03  8.3473129E-03  0.0000000E+00
  2.0799350E+02  2.7693699E-03  7.6807851E-05  2.2856965E-03  7.9033441E-03  0.0000000E+00
  2.0799350E+02  1.8578653E-03 -1.3956823E-04  1.5788584E-03  7.4806731E-03  0.0000000E+00
  2.0799350E+02  1.0318158E-03 -4.6452793E-05  1.1167893E-03  7.0792119E-03  0.0000000E+00
  2.0799350E+02  1.7168065E-04 -2.1498022E-05  9.2572725E-04  6.6982792E-03  0.0000000E+00
  2.0799350E+02 -4.9481779E-04 -3.7240106E-04  1.0476162E-03  6.3370406E-03  0.0000000E+00
  2.0799350E+02 -9.8415835E-04 -7.8796151E-04  1.7729042E-03  5.9949182E-03  0.0000000E+00
  2.0799350E+02 -1.4688953E-03 -8.2434356E-04  2.4514368E-03  5.6693647E-03  0.0000000E+00
  2.0799350E+02 -1.9222528E-03 -8.5763551E-04  1.9525068E-03  5.3568846E-03  0.0000000E+00
  2.0799350E+02 -2.6674630E-03 -5.5481534E-04  1.1955842E-03  5.0609423E-03  0.0000000E+00
  2.0799350E+02 -3.2476649E-03 -1.7516075E-04  3.7399097E-04  4.7819342E-03  0.0000000E+00
  2.0799350E+02 -3.4560182E-03  1.6043697E-04 -2.7609154E-04  4.5191444E-03  0.0000000E+00
  2.0799350E+02 -3.2831391E-03  4.1566314E-04 -6.1703119E-04  4.2717883E-03  0.0000000E+00
  2.0799350E+02 -2.8518039E-03  5.9794996E-04 -6.5218387E-04  4.0395413E-03  0.0000000E+00
  2.0799350E+02 -2.3470021E-03  7.2946509E-04 -4.9825985E-04  3.8226614E-03  0.0000000E+00
  2.0799350E+02 -1.9494250E-03  8.2875631E-04 -3.1651582E-04  3.6218219E-03  0.0000000E+00
  2.0799350E+02 -1.7804726E-03  9.0189044E-04 -2.3166993E-04  3.4377624E-03  0.0000000E+00
  2.0799350E+02 -1.8668635E-03  9.4192444E-04 -2.6743805E-04  3.2708728E-03  0.0000000E+00
  2.0799350E+02 -2.1329318E-03  9.3554678E-04 -3.2758864E-04  3.1208202E-03  0.0000000E+00
  2.0799350E+02 -2.4286949E-03  8.7572701E-04 -2.5141414E-04  2.9863330E-03  0.0000000E+00
  2.0799350E+02 -2.6017761E-03  7.7921156E-04  2.7483330E-05  2.8652518E-03  0.0000000E+00
  2.0799350E+02 -2.6212664E-03  7.0770392E-04  1.9019433E-04  2.7549606E-03  0.0000000E+00
  2.0799350E+02 -2.3804425E-03  6.3156603E-04 -2.5627918E-04  2.6549560E-03  0.0000000E+00
  2.0799350E+02 -1.6135172E-03  5.5987758E-04 -6.3279427E-04  2.5659696E-03  0.0000000E+00
  2.0799350E+02 -9.1225510E-04  5.0292690E-04 -9.5953236E-04  2.4864308E-03  0.0000000E+00
  2.0799350E+02 -4.5715101E-04  4.1537722E-04 -1.1869512E-03  2.4154475E-03  0.0000000E+00
  2.0799350E+02 -2.2120683E-04  3.0326552E-04 -1.2827847E-03  2.3518852E-03  0.0000000E+00
  2.0799350E+02 -9.9943250E-05  1.9375008E-04 -1.2343702E-03  2.2944270E-03  0.0000000E+00
  2.0799350E+02  7.0776466E-06  1.1512337E-04 -1.0496909E-03  2.2416667E-03  0.0000000E+00
  2.0799350E+02  1.5453448E-04  8.5410175E-05 -7.5673176E-04  2.1922220E-03  0.0000000E+00
  2.0799350E+02  3.4074948E-04  1.0787098E-04 -4.0074375E-04  2.1448544E-03  0.0000000E+00
  2.0799350E+02  5.1952816E-04  1.7173057E-04 -3.9012952E-05  2.0985837E-03  0.0000000E+00
  2.0799350E+02  6.2575157E-04  2.5645187E-04  2.6726866E-04  2.0527831E-03  0.0000000E+00
  2.0799350E+02  6.0603726E-04  3.3787493E-04  4.6443501E-04  2.0072427E-03  0.0000000E+00
  2.0799350E+02  4.4578484E-04  3.9454113E-04  5.2148379E-04  1.9621875E-03  0.0000000E+00
  2.0799350E+02  1.8392207E-04  4.1252248E-04  4.4932408E-04  1.9182376E-03  0.0000000E+00
  2.0799350E+02 -9.3332590E-05  3.8707610E-04  3.2453753E-04  1.8762974E-03  0.0000000E+00
  2.0799350E+02 -2.8837486E-04  3.1944383E-04  3.1805679E-04  1.8373603E-03  0.0000000E+00
  2.0799350E+02 -5.1903936E-04  2.2140742E-04  4.3837567E-04  1.8014837E-03  0.0000000E+00
  2.0799350E+02 -7.1017065E-04  1.3585914E-04  3.1707111E-04  1.7679730E-03  0.0000000E+00
  2.0799350E+02 -5.8552896E-04  7.1879207E-05  3.5548050E-04  1.7381172E-03  0.0000000E+00
  2.0799350E+02 -4.1888661E-04  4.5530316E-05  3.6150991E-04  1.7118795E-03  0.0000000E+00
  2.0799350E+02 -3.3436171E-04  5.2884074E-05  2.9096170E-04  1.6898164E-03  0.0000000E+00
  2.0799350E+02 -3.5568320E-04  8.0054717E-05  1.7182394E-04  1.6725735E-03  0.0000000E+00
  2.0799350E+02 -4.4836423E-04  1.1065231E-04  5.3102391E-05  1.6605845E-03  0.0000000E+00
  2.0799350E+02 -5.5437971E-04  1.3090595E-04 -2.5726163E-05  1.6539332E-03  0.0000000E+00
  2.0799350E+02 -6.1894375E-04  1.3270748E-04 -4.8560575E-05  1.6523431E-03  0.0000000E+00
  2.0799350E+02 -6.0898287E-04  1.1482623E-04 -2.3743130E-05  1.6552555E-03  0.0000000E+00
  2.0799350E+02 -5.2290063E-04  8.2545365E-05  2.3730224E-05  1.6619596E-03  0.0000000E+00
  2.0799350E+02 -3.9122952E-04  4.5970265E-05  6.4936016E-05  1.6717369E-03  0.0000000E+00
  2.0799350E+02 -2.6776589E-04  1.7259490E-05  8.0764483E-05  1.6839822E-03  0.0000000E+00
  2.0799350E+02 -2.1078366E-04  7.0288937E-06  7.2754696E-05  1.6982637E-03  0.0000000E+00
  2.0799350E+02 -2.5392267E-04  2.0179345E-05  6.7102310E-05  1.7142856E-03  0.0000000E+00
  2.0799350E+02 -3.6634728E-04  5.1398603E-05  1.0791871E-04  1.7317140E-03  0.0000000E+00
  2.0799350E+02 -4.0177121E-04  8.0587858E-05  2.3582035E-04  1.7498301E-03  0.0000000E+00
  2.0799350E+02 -3.7282392E-04  8.5439392E-05  3.0599147E-04  1.7677493E-03  0.0000000E+00
  2.0799350E+02 -4.6767936E-04  1.0437992E-04  2.6979436E-04  1.7859632E-03  0.0000000E+00
  2.0799350E+02 -4.1293669E-04  1.2030809E-04  2.9885391E-04  1.8034503E-03  0.0000000E+00
  2.0799350E+02 -3.4869571E-04  1.2609021E-04  3.2658127E-04  1.8196726E-03  0.0000000E+00
  2.0799350E+02 -3.3116746E-04  1.2266915E-04  3.3064058E-04  1.8341171E-03  0.0000000E+00
  2.0799350E+02 -3.6114511E-04  1.1462155E-04  3.1158728E-04  1.8463855E-03  0.0000000E+00
  2.0799350E+02 -4.0916737E-04  1.0709973E-04  2.7841696E-04  1.8562467E-03  0.0000000E+00
  2.0799350E+02 -4.3672021E-04  1.0395479E-04  2.3990050E-04  1.8636582E-03  0.0000000E+00
  2.0799350E+02 -4.1282295E-04  1.0683719E-04  2.0058122E-04  1.8687635E-03  0.0000000E+00
  2.0799350E+02 -3.2534469E-04  1.1507098E-04  1.6030966E-04  1.8718691E-03  0.0000000E+00
  2.0799350E+02 -1.8639685E-04  1.2609815E-04  1.1619182E-04  1.8734085E-03  0.0000000E+00
  2.0799350E+02 -3.1147986E-05  1.3628927E-04  6.5826592E-05  1.8738980E-03  0.0000000E+00
  2.0799350E+02  9.0593331E-05  1.4191680E-04  1.0707878E-05  1.8738909E-03  0.0000000E+00
  2.0799350E+02 -3.1527766E-08  2.9320173E-07 -1.5372315E-06 -3.1931081E-02  0.0000000E+00
  2.0799350E+02 -1.4863978E-03 -1.5487728E-03 -2.3495897E-02 -3.2617732E-02  0.0000000E+00
  2.0799350E+02  1.1529502E-02 -5.3690302E-03 -6.4938187E-02 -3.2868901E-02  0.0000000E+00
  2.0799350E+02  2.1397627E-02 -1.2052183E-02 -7.0473570E-02 -3.3246611E-02  0.0000000E+00
  2.0799350E+02  1.3220417E-02 -1.9681492E-02 -5.5287539E-02 -3.3928769E-02  0.0000000E+00
  2.0799350E+02 -1.2606429E-03 -2.5876344E-02 -3.7520644E-02 -3.4770847E-02  0.0000000E+00
  2.0799350E+02 -1.5272608E-02 -2.9657526E-02 -2.3793387E-02 -3.5573277E-02  0.0000000E+00
  2.0799350E+02 -2.6198516E-02 -3.0807350E-02 -1.5736727E-02 -3.6186485E-02  0.0000000E+00
  2.0799350E+02 -3.4163465E-02 -2.9992738E-02 -1.2621191E-02 -3.6517850E-02  0.0000000E+00
  2.0799350E+02 -3.9869600E-02 -2.8052718E-02 -1.2745943E-02 -3.6538966E-02  0.0000000E+00
  2.0799350E+02 -4.3470436E-02 -2.5095703E-02 -1.3748612E-02 -3.6261211E-02  0.0000000E+00
  2.0799350E+02 -4.5523959E-02 -2.1132648E-02 -1.3988710E-02 -3.5718777E-02  0.0000000E+00
  2.0799350E+02 -4.6886215E-02 -1.6466524E-02 -1.3162327E-02 -3.4956531E-02  0.0000000E+00
  2.0799350E+02 -4.7701784E-02 -1.1720757E-02 -1.2210615E-02 -3.4028988E-02  0.0000000E+00
  2.0799350E+02 -4.7042894E-02 -7.4617345E-03 -1.1826550E-02 -3.2989796E-02  0.0000000E+00
  2.0799350E+02 -4.4694424E-02 -3.9421389E-03 -9.8736800E-03 -3.1894669E-02  0.0000000E+00
  2.0799350E+02 -4.0747219E-02 -1.2364978E-03 -7.2129537E-03 -3.0784380E-02  0.0000000E+00
  2.0799350E+02 -3.5994393E-02  6.2673809E-04 -5.0817657E-03 -2.9685358E-02  0.0000000E+00
  2.0799350E+02 -3.1189102E-02  1.7747855E-03 -3.8371558E-03 -2.8600194E-02  0.0000000E+00
  2.0799350E+02 -2.6226539E-02  2.5532527E-03 -3.3555080E-03 -2.7531574E-02  0.0000000E+00
  2.0799350E+02 -2.0629734E-02  3.2625048E-03 -3.2159235E-03 -2.6483824E-02  0.0000000E+00
  2.0799350E+02 -1.4156799E-02  4.0073423E-03 -2.9923606E-03 -2.5460780E-02  0.0000000E+00
  2.0799350E+02 -7.3350686E-03  4.6621044E-03 -2.5157036E-03 -2.4470767E-02  0.0000000E+00
  2.0799350E+02 -1.4771084E-03  4.9774408E-03 -1.9613668E-03 -2.3513124E-02  0.0000000E+00
  2.0799350E+02  1.8484311E-03  4.8057930E-03 -1.6313087E-03 -2.2584893E-02  0.0000000E+00
  2.0799350E+02  2.3248237E-03  4.4706554E-03 -1.2883327E-03 -2.1680239E-02  0.0000000E+00
  2.0799350E+02  4.2485240E-03  4.3623101E-03 -3.2822215E-04 -2.0804807E-02  0.0000000E+00
  2.0799350E+02  4.8916753E-03  4.3883360E-03  1.0053262E-03 -1.9963318E-02  0.0000000E+00
  2.0799350E+02  5.0286775E-03  4.1597261E-03  2.1111913E-03 -1.9163823E-02  0.0000000E+00
  2.0799350E+02  5.5485924E-03  3.4873199E-03  2.5822125E-03 -1.8411096E-02  0.0000000E+00
  2.0799350E+02  6.2769434E-03  2.4876165E-03  2.4122949E-03 -1.7704964E-02  0.0000000E+00
  2.0799350E+02  6.7472462E-03  1.3988966E-03  1.8053214E-03 -1.7046064E-02  0.0000000E+00
  2.0799350E+02  6.6260216E-03  4.4338831E-04  1.0304777E-03 -1.6429073E-02  0.0000000E+00
  2.0799350E+02  5.8491398E-03 -2.3594112E-04  3.2675411E-04 -1.5848695E-02  0.0000000E+00
  2.0799350E+02  4.5780873E-03 -6.0101285E-04 -1.5226337E-04 -1.5298228E-02  0.0000000E+00
  2.0799350E+02  3.0716337E-03 -7.0322944E-04 -3.5456480E-04 -1.4774256E-02  0.0000000E+00
  2.0799350E+02  1.5254055E-03 -6.4605598E-04 -3.2360325E-04 -1.4271471E-02  0.0000000E+00
  2.0799350E+02  1.5944096E-05 -5.2243457E-04 -1.5759591E-04 -1.3787331E-02  0.0000000E+00
  2.0799350E+02 -1.3985450E-03 -3.4709238E-04  4.6317149E-05 -1.3320758E-02  0.0000000E+00
  2.0799350E+02 -2.4820803E-03 -1.2784038E-04  3.0349921E-04 -1.2874093E-02  0.0000000E+00
  2.0799350E+02 -2.4517021E-03 -1.6323030E-04  3.0805135E-04 -1.2443699E-02  0.0000000E+00
  2.0799350E+02 -2.1230125E-03 -3.4638747E-04  1.2114878E-04 -1.2027436E-02  0.0000000E+00
  2.0799350E+02 -2.0388396E-03 -5.4732497E-04 -1.0670358E-04 -1.1624611E-02  0.0000000E+00
  2.0799350E+02 -2.2334752E-03 -6.7078597E-04 -3.0536969E-04 -1.1234635E-02  0.0000000E+00
  2.0799350E+02 -2.5340562E-03 -6.7114744E-04 -4.5005041E-04 -1.0858744E-02  0.0000000E+00
  2.0799350E+02 -2.7528126E-03 -5.5286935E-04 -5.3969065E-04 -1.0495331E-02  0.0000000E+00
  2.0799350E+02 -2.7829639E-03 -3.5656973E-04 -5.8018968E-04 -1.0142752E-02  0.0000000E+00
  2.0799350E+02 -2.6246641E-03 -1.3935291E-04 -5.7670773E-04 -9.7982941E-03  0.0000000E+00
  2.0799350E+02 -2.3635399E-03  4.5223278E-05 -5.3152303E-04 -9.4610923E-03  0.0000000E+00
  2.0799350E+02 -2.1179382E-03  1.6842988E-04 -4.4617859E-04 -9.1289183E-03  0.0000000E+00
  2.0799350E+02 -1.9829173E-03  2.3577993E-04 -3.2668386E-04 -8.8010516E-03  0.0000000E+00
  2.0799350E+02 -1.9886159E-03  2.8591283E-04 -1.9048058E-04 -8.4777939E-03  0.0000000E+00
  2.0799350E+02 -2.0959356E-03  3.7187808E-04 -7.3532102E-05 -8.1596603E-03  0.0000000E+00
  2.0799350E+02 -2.2495531E-03  5.1917365E-04 -3.7375008E-05 -7.8488863E-03  0.0000000E+00
  2.0799350E+02 -2.2336515E-03  5.8179485E-04 -1.5686962E-04 -7.5456232E-03  0.0000000E+00
  2.0799350E+02 -1.8001241E-03  5.3115465E-04 -5.2299979E-04 -7.2504343E-03  0.0000000E+00
  2.0799350E+02 -1.2065615E-03  4.6049277E-04 -9.3383412E-04 -6.9627521E-03  0.0000000E+00
  2.0799350E+02 -5.9659353E-04  3.7610021E-04 -1.2441229E-03 -6.6839207E-03  0.0000000E+00
  2.0799350E+02 -7.4835674E-05  2.8417837E-04 -1.4040214E-03 -6.4136901E-03  0.0000000E+00
  2.0799350E+02  3.0144692E-04  1.9443406E-04 -1.4149231E-03 -6.1523471E-03  0.0000000E+00
  2.0799350E+02  5.2184325E-04  1.1965118E-04 -1.3029579E-03 -5.9001767E-03  0.0000000E+00
  2.0799350E+02  6.1144640E-04  7.3021440E-05 -1.1022403E-03 -5.6569780E-03  0.0000000E+00
  2.0799350E+02  6.1323639E-04  6.4628191E-05 -8.4842186E-04 -5.4237154E-03  0.0000000E+00
  2.0799350E+02  5.7000770E-04  9.7060512E-05 -5.7400532E-04 -5.1998198E-03  0.0000000E+00
  2.0799350E+02  5.0715588E-04  1.6304228E-04 -3.1025076E-04 -4.9848946E-03  0.0000000E+00
  2.0799350E+02  4.2297682E-04  2.4487329E-04 -8.7407691E-05 -4.7778891E-03  0.0000000E+00
  2.0799350E+02  2.9026515E-04  3.1652150E-04  6.5218797E-05 -4.5786162E-03  0.0000000E+00
  2.0799350E+02  7.1419329E-05  3.5174432E-04  1.2820457E-04 -4.3856541E-03  0.0000000E+00
  2.0799350E+02 -2.4602739E-04  3.3620700E-04  1.0436102E-04 -4.1980806E-03  0.0000000E+00
  2.0799350E+02 -5.9133330E-04  2.8702815E-04  4.3562401E-05 -4.0154535E-03  0.0000000E+00
  2.0799350E+02 -7.8321889E-04  2.4591845E-04  2.6073088E-05 -3.8370994E-03  0.0000000E+00
  2.0799350E+02 -7.9104703E-04  1.6029666E-04 -4.1935207E-05 -3.6618662E-03  0.0000000E+00
  2.0799350E+02 -6.6842909E-04  8.6301314E-05 -6.0421510E-05 -3.4896621E-03  0.0000000E+00
  2.0799350E+02 -5.2997798E-04  3.2249789E-05 -3.2144456E-05 -3.3192381E-03  0.0000000E+00
  2.0799350E+02 -4.2363886E-04  1.7638250E-06  1.5252822E-05 -3.1497635E-03  0.0000000E+00
  2.0799350E+02 -3.5635545E-04 -6.6466010E-06  5.1714387E-05 -2.9818833E-03  0.0000000E+00
  2.0799350E+02 -3.1311159E-04  9.3981538E-07  5.8094098E-05 -2.8157211E-03  0.0000000E+00
  2.0799350E+02 -2.7329553E-04  1.5935135E-05  3.0419311E-05 -2.6519235E-03  0.0000000E+00
  2.0799350E+02 -2.2129469E-04  2.9505243E-05 -2.1514621E-05 -2.4909056E-03  0.0000000E+00
  2.0799350E+02 -1.5340468E-04  3.4841278E-05 -7.9059605E-05 -2.3338586E-03  0.0000000E+00
  2.0799350E+02 -7.9472115E-05  2.9270997E-05 -1.2258682E-04 -2.1809042E-03  0.0000000E+00
  2.0799350E+02 -2.1229186E-05  1.5202498E-05 -1.3823420E-04 -2.0321926E-03  0.0000000E+00
  2.0799350E+02 -6.1684084E-06 -1.3106065E-07 -1.2289256E-04 -1.8876021E-03  0.0000000E+00
  2.0799350E+02 -5.7730032E-05 -6.7603238E-06 -8.4784519E-05 -1.7465481E-03  0.0000000E+00
  2.0799350E+02 -1.8100648E-04  3.6874881E-06 -3.8136786E-05 -1.6091279E-03  0.0000000E+00
  2.0799350E+02 -3.4580953E-04  3.0789800E-05  1.1296617E-05 -1.4748333E-03  0.0000000E+00
  2.0799350E+02 -4.6545827E-04  5.5120946E-05  9.0403829E-05 -1.3439024E-03  0.0000000E+00
  2.0799350E+02 -4.7710790E-04  5.3472961E-05  1.5325314E-04 -1.2167892E-03  0.0000000E+00
  2.0799350E+02 -4.4548167E-04  4.1737320E-05  1.2809531E-04 -1.0939754E-03  0.0000000E+00
  2.0799350E+02 -3.5575504E-04  1.0775902E-05  1.6286534E-04 -9.7623909E-04  0.0000000E+00
  2.0799350E+02 -2.8376325E-04 -2.2589832E-05  2.1088514E-04 -8.6396540E-04  0.0000000E+00
  2.0799350E+02 -2.5637043E-04 -4.9755588E-05  2.4930078E-04 -7.5725918E-04  0.0000000E+00
  2.0799350E+02 -2.6916591E-04 -6.7462984E-05  2.7000989E-04 -6.5582228E-04  0.0000000E+00
  2.0799350E+02 -3.0113859E-04 -7.5547452E-05  2.7284770E-04 -5.5972764E-04  0.0000000E+00
  2.0799350E+02 -3.2686299E-04 -7.5616638E-05  2.6117683E-04 -4.6838165E-04  0.0000000E+00
  2.0799350E+02 -3.2546334E-04 -6.9909859E-05  2.3883055E-04 -3.8131207E-04  0.0000000E+00
  2.0799350E+02 -2.8647312E-04 -6.0728166E-05  2.0867861E-04 -2.9787813E-04  0.0000000E+00
  2.0799350E+02 -2.1304833E-04 -5.0198720E-05  1.7255237E-04 -2.1789765E-04  0.0000000E+00
  2.0799350E+02 -1.2117874E-04 -4.0030204E-05  1.3141899E-04 -1.4077315E-04  0.0000000E+00
  2.0799350E+02 -3.6239101E-05 -3.1489151E-05  8.6582587E-05 -6.6106548E-05  0.0000000E+00
