          atime          uvcov          vwcov          wucov         pm1avg           tavg
  2.0799350E+02  1.6414243E-11  9.2270029E-13  1.1392753E-11 -8.4116403E-02  0.0000000E+00
  2.0799350E+02 -1.1468780E-04 -6.9950509E-06  3.0393693E-04 -8.3523519E-02  0.0000000E+00
  2.0799350E+02 -7.4890984E-04 -2.1842785E-06  1.0186792E-03 -8.2266432E-02  0.0000000E+00
  2.0799350E+02 -1.5712640E-03  3.0432541E-05  1.6416644E-03 -8.0429800E-02  0.0000000E+00
  2.0799350E+02 -2.2754292E-03  6.0218988E-05  1.9215727E-03 -7.8449917E-02  0.0000000E+00
  2.0799350E+02 -2.9544444E-03  6.3699619E-05  1.9710662E-03 -7.6577742E-02  0.0000000E+00
  2.0799350E+02 -3.7174567E-03  3.4269388E-05  1.9495210E-03 -7.4857711E-02  0.0000000E+00
  2.0799350E+02 -4.5633188E-03 -9.7704280E-06  1.9049267E-03 -7.3235418E-02  0.0000000E+00
  2.0799350E+02 -5.4397739E-03 -4.5295711E-05  1.8238240E-03 -7.1635461E-02  0.0000000E+00
  2.0799350E+02 -6.2809829E-03 -6.4477296E-05  1.7205506E-03 -6.9996317E-02  0.0000000E+00
  2.0799350E+02 -7.0368311E-03 -7.2334875E-05  1.6041710E-03 -6.8274457E-02  0.0000000E+00
  2.0799350E+02 -7.6761035E-03 -7.3860782E-05  1.4830427E-03 -6.6451041E-02  0.0000000E+00
  2.0799350E+02 -8.1889215E-03 -6.9273937E-05  1.3685159E-03 -6.4535137E-02  0.0000000E+00
  2.0799350E+02 -8.5858462E-03 -5.5592361E-05  1.2694795E-03 -6.2559026E-02  0.0000000E+00
  2.0799350E+02 -8.8904813E-03 -3.2342917E-05  1.1803533E-03 -6.0563377E-02  0.0000000E+00
  2.0799350E+02 -9.1242121E-03 -8.2859360E-06  1.0745952E-03 -5.8573726E-02  0.0000000E+00
  2.0799350E+02 -9.2929141E-03  3.9740841E-06  9.3471087E-04 -5.6602816E-02  0.0000000E+00
  2.0799350E+02 -9.3956469E-03  6.8798977E-06  7.7868134E-04 -5.4656926E-02  0.0000000E+00
  2.0799350E+02 -9.4324663E-03  5.3616934E-06  6.3024396E-04 -5.2745672E-02  0.0000000E+00
  2.0799350E+02 -9.4068882E-03  3.1913215E-06  4.9737432E-04 -5.0877670E-02  0.0000000E+00
  2.0799350E+02 -9.3269095E-03  3.1696262E-06  3.7621898E-04 -4.9058430E-02  0.0000000E+00
  2.0799350E+02 -9.2032233E-03  7.2941682E-06  2.5991442E-04 -4.7290626E-02  0.0000000E+00
  2.0799350E+02 -9.0463720E-03  1.6960578E-05  1.4737241E-04 -4.5575487E-02  0.0000000E+00
  2.0799350E+02 -8.8645783E-03  3.3250774E-05  4.7111838E-05 -4.3914070E-02  0.0000000E+00
  2.0799350E+02 -8.6639936E-03  5.7361299E-05 -2.8783052E-05 -4.2307157E-02  0.0000000E+00
  2.0799350E+02 -8.4531069E-03  9.1224991E-05 -8.5497679E-05 -4.0752531E-02  0.0000000E+00
  2.0799350E+02 -8.2392970E-03  1.2376739E-04 -1.6048277E-04 -3.9246318E-02  0.0000000E+00
  2.0799350E+02 -8.0195736E-03  1.4513064E-04 -2.2184707E-04 -3.7791355E-02  0.0000000E+00
  2.0799350E+02 -7.7959082E-03  1.5341451E-04 -2.7382998E-04 -3.6376289E-02  0.0000000E+00
  2.0799350E+02 -7.5747272E-03  1.5163309E-04 -3.1603102E-04 -3.5009424E-02  0.0000000E+00
  2.0799350E+02 -7.3633145E-03  1.4642522E-04 -3.4301762E-04 -3.3699519E-02  0.0000000E+00
  2.0799350E+02 -7.1670396E-03  1.4296283E-04 -3.5020095E-04 -3.2452893E-02  0.0000000E+00
  2.0799350E+02 -6.9880945E-03  1.4294224E-04 -3.3655651E-04 -3.1271077E-02  0.0000000E+00
  2.0799350E+02 -6.8256561E-03  1.4477917E-04 -3.0497108E-04 -3.0150842E-02  0.0000000E+00
  2.0799350E+02 -6.6769989E-03  1.4517641E-04 -2.6112036E-04 -2.9085790E-02  0.0000000E+00
  2.0799350E+02 -6.5390793E-03  1.4123268E-04 -2.1178414E-04 -2.8068657E-02  0.0000000E+00
  2.0799350E+02 -6.4101147E-03  1.3226162E-04 -1.6350456E-04 -2.7093501E-02  0.0000000E+00
  2.0799350E+02 -6.2906801E-03  1.2048970E-04 -1.2249162E-04 -2.6156944E-02  0.0000000E+00
  2.0799350E+02 -6.1838444E-03  1.0980170E-04 -9.6687377E-05 -2.5257619E-02  0.0000000E+00
  2.0799350E+02 -6.0889912E-03  1.0233600E-04 -8.7561880E-05 -2.4394622E-02  0.0000000E+00
  2.0799350E+02 -5.9945764E-03  1.0113759E-04 -9.8114427E-05 -2.3563779E-02  0.0000000E+00
  2.0799350E+02 -5.9034921E-03  1.0084728E-04 -1.1699766E-04 -2.2762374E-02  0.0000000E+00
  2.0799350E+02 -5.8158338E-03  9.7570912E-05 -1.3475646E-04 -2.1989609E-02  0.0000000E+00
  2.0799350E+02 -5.7303251E-03  9.0585373E-05 -1.5187567E-04 -2.1244587E-02  0.0000000E+00
  2.0799350E+02 -5.6456988E-03  8.1277997E-05 -1.7181185E-04 -2.0526181E-02  0.0000000E+00
  2.0799350E+02 -5.5613636E-03  7.2094415E-05 -1.9699020E-04 -1.9832933E-02  0.0000000E+00
  2.0799350E+02 -5.4775314E-03  6.5573091E-05 -2.2715114E-04 -1.9162985E-02  0.0000000E+00
  2.0799350E+02 -5.3949837E-03  6.3544751E-05 -2.5943072E-04 -1.8514094E-02  0.0000000E+00
  2.0799350E+02 -5.3146499E-03  6.6574932E-05 -2.8955941E-04 -1.7883733E-02  0.0000000E+00
  2.0799350E+02 -5.2371769E-03  7.3727868E-05 -3.1356367E-04 -1.7269336E-02  0.0000000E+00
  2.0799350E+02 -5.1626639E-03  8.2729913E-05 -3.2935460E-04 -1.6668676E-02  0.0000000E+00
  2.0799350E+02 -5.0907384E-03  9.0610761E-05 -3.3758718E-04 -1.6080447E-02  0.0000000E+00
  2.0799350E+02 -5.0211520E-03  9.4900595E-05 -3.4117792E-04 -1.5505037E-02  0.0000000E+00
  2.0799350E+02 -4.9550685E-03  9.5461509E-05 -3.4285918E-04 -1.4945549E-02  0.0000000E+00
  2.0799350E+02 -4.8939934E-03  9.5815438E-05 -3.4231868E-04 -1.4403164E-02  0.0000000E+00
  2.0799350E+02 -4.8322284E-03  9.4326535E-05 -3.3876904E-04 -1.3879610E-02  0.0000000E+00
  2.0799350E+02 -4.7686901E-03  9.5250178E-05 -3.2916022E-04 -1.3373855E-02  0.0000000E+00
  2.0799350E+02 -4.7031889E-03  9.9630793E-05 -3.1286380E-04 -1.2885140E-02  0.0000000E+00
  2.0799350E+02 -4.6354278E-03  1.0552715E-04 -2.9087688E-04 -1.2412852E-02  0.0000000E+00
  2.0799350E+02 -4.5648496E-03  1.1018604E-04 -2.6517161E-04 -1.1956793E-02  0.0000000E+00
  2.0799350E+02 -4.4906121E-03  1.1142105E-04 -2.3817234E-04 -1.1516748E-02  0.0000000E+00
  2.0799350E+02 -4.4117337E-03  1.0832484E-04 -2.1234902E-04 -1.1092292E-02  0.0000000E+00
  2.0799350E+02 -4.3273418E-03  1.0144158E-04 -1.8991576E-04 -1.0682756E-02  0.0000000E+00
  2.0799350E+02 -4.2369586E-03  9.2526102E-05 -1.7262255E-04 -1.0287306E-02  0.0000000E+00
  2.0799350E+02 -4.1407552E-03  8.4016302E-05 -1.6162832E-04 -9.9050745E-03  0.0000000E+00
  2.0799350E+02 -4.0397095E-03  7.8345526E-05 -1.5744355E-04 -9.5352792E-03  0.0000000E+00
  2.0799350E+02 -3.9355974E-03  7.7221412E-05 -1.5993052E-04 -9.1772813E-03  0.0000000E+00
  2.0799350E+02 -3.8307553E-03  8.0997827E-05 -1.6834960E-04 -8.8305170E-03  0.0000000E+00
  2.0799350E+02 -3.7275411E-03  8.8266501E-05 -1.8143932E-04 -8.4942474E-03  0.0000000E+00
  2.0799350E+02 -3.6274309E-03  9.5794928E-05 -1.9751888E-04 -8.1670671E-03  0.0000000E+00
  2.0799350E+02 -3.5299918E-03  9.8880531E-05 -2.1313293E-04 -7.8474938E-03  0.0000000E+00
  2.0799350E+02 -3.4378790E-03  9.7345356E-05 -2.2780366E-04 -7.5357236E-03  0.0000000E+00
  2.0799350E+02 -3.3502199E-03  9.3657950E-05 -2.4458999E-04 -7.2294167E-03  0.0000000E+00
  2.0799350E+02 -3.2651641E-03  8.8386168E-05 -2.6136387E-04 -6.9290749E-03  0.0000000E+00
  2.0799350E+02 -3.1817957E-03  8.1923379E-05 -2.7720860E-04 -6.6347323E-03  0.0000000E+00
  2.0799350E+02 -3.0996888E-03  7.4646513E-05 -2.9201094E-04 -6.3464076E-03  0.0000000E+00
  2.0799350E+02 -3.0186187E-03  6.6979991E-05 -3.0611771E-04 -6.0643260E-03  0.0000000E+00
  2.0799350E+02 -2.9384018E-03  5.9387686E-05 -3.2005314E-04 -5.7889623E-03  0.0000000E+00
  2.0799350E+02 -2.8588346E-03  5.2315060E-05 -3.3429342E-04 -5.5209547E-03  0.0000000E+00
  2.0799350E+02 -2.7797040E-03  4.6103626E-05 -3.4909472E-04 -5.2609416E-03  0.0000000E+00
  2.0799350E+02 -2.7008414E-03  4.0899873E-05 -3.6437116E-04 -5.0093725E-03  0.0000000E+00
  2.0799350E+02 -2.6221916E-03  3.6580815E-05 -3.7961898E-04 -4.7663417E-03  0.0000000E+00
  2.0799350E+02 -2.5438683E-03  3.2718293E-05 -3.9388339E-04 -4.5314992E-03  0.0000000E+00
  2.0799350E+02 -2.4663096E-03  2.8612398E-05 -4.0574600E-04 -4.3044927E-03  0.0000000E+00
  2.0799350E+02 -2.3896592E-03  2.3369751E-05 -4.1344890E-04 -4.0835439E-03  0.0000000E+00
  2.0799350E+02 -2.3144621E-03  1.6158942E-05 -4.1483329E-04 -3.8683631E-03  0.0000000E+00
  2.0799350E+02 -2.2408203E-03  6.5234021E-06 -4.0753406E-04 -3.6592063E-03  0.0000000E+00
  2.0799350E+02 -2.1684178E-03 -4.9083889E-06 -3.9087212E-04 -3.4563490E-03  0.0000000E+00
  2.0799350E+02 -2.0963169E-03 -1.5822356E-05 -3.7035387E-04 -3.2587992E-03  0.0000000E+00
  2.0799350E+02 -2.0223667E-03 -2.6130437E-05 -3.4642610E-04 -3.0690020E-03  0.0000000E+00
  2.0799350E+02 -1.9459950E-03 -3.5324507E-05 -3.1979471E-04 -2.8869868E-03  0.0000000E+00
  2.0799350E+02 -1.8675036E-03 -4.2494238E-05 -2.9100717E-04 -2.7126887E-03  0.0000000E+00
  2.0799350E+02 -1.7875662E-03 -4.6774477E-05 -2.6066106E-04 -2.5458677E-03  0.0000000E+00
  2.0799350E+02 -1.7069085E-03 -4.7624874E-05 -2.2948213E-04 -2.3860951E-03  0.0000000E+00
  2.0799350E+02 -1.6261355E-03 -4.4967184E-05 -1.9830503E-04 -2.2327900E-03  0.0000000E+00
  2.0799350E+02 -1.5456739E-03 -3.9205677E-05 -1.6799023E-04 -2.0852873E-03  0.0000000E+00
  2.0799350E+02 -1.4657916E-03 -3.1156091E-05 -1.3931052E-04 -1.9429229E-03  0.0000000E+00
  2.0799350E+02 -1.3866630E-03 -2.1908565E-05 -1.1284048E-04 -1.8051161E-03  0.0000000E+00
  2.0799350E+02 -1.3084430E-03 -1.2649975E-05 -8.8882304E-05 -1.6714337E-03  0.0000000E+00
  2.0799350E+02 -1.2313170E-03 -4.4711206E-06 -6.7461420E-05 -1.5416186E-03  0.0000000E+00
  2.0799350E+02  0.0000000E+00  0.0000000E+00  0.0000000E+00 -5.2486986E-02  0.0000000E+00
  2.0799350E+02 -4.6996894E-04  3.3788531E-06 -2.0936321E-05 -5.2518810E-02  0.0000000E+00
  2.0799350E+02 -1.7681140E-03  9.4544758E-06 -2.7295288E-05 -5.2529435E-02  0.0000000E+00
  2.0799350E+02 -3.2741795E-03  2.0271537E-05  1.3345209E-04 -5.2518653E-02  0.0000000E+00
  2.0799350E+02 -4.2277995E-03  3.5276218E-05  5.6780239E-04 -5.2464947E-02  0.0000000E+00
  2.0799350E+02 -4.5433684E-03  3.4642958E-05  1.0887279E-03 -5.2383226E-02  0.0000000E+00
  2.0799350E+02 -4.5493350E-03 -4.5185176E-06  1.4599534E-03 -5.2308207E-02  0.0000000E+00
  2.0799350E+02 -4.5410956E-03 -7.6961932E-05  1.6519279E-03 -5.2266340E-02  0.0000000E+00
  2.0799350E+02 -4.6600818E-03 -1.5623338E-04  1.7237624E-03 -5.2252684E-02  0.0000000E+00
  2.0799350E+02 -4.9221824E-03 -2.1450386E-04  1.7278017E-03 -5.2232866E-02  0.0000000E+00
  2.0799350E+02 -5.3053954E-03 -2.4195629E-04  1.6800436E-03 -5.2166675E-02  0.0000000E+00
  2.0799350E+02 -5.7674417E-03 -2.3875049E-04  1.5916918E-03 -5.2013716E-02  0.0000000E+00
  2.0799350E+02 -6.2582738E-03 -2.0764851E-04  1.4796241E-03 -5.1741027E-02  0.0000000E+00
  2.0799350E+02 -6.7332045E-03 -1.5284031E-04  1.3596076E-03 -5.1334311E-02  0.0000000E+00
  2.0799350E+02 -7.1682126E-03 -8.2138010E-05  1.2343544E-03 -5.0794307E-02  0.0000000E+00
  2.0799350E+02 -7.5516319E-03 -1.1145283E-05  1.0972125E-03 -5.0129194E-02  0.0000000E+00
  2.0799350E+02 -7.8751042E-03  4.0950122E-05  9.4841141E-04 -4.9356118E-02  0.0000000E+00
  2.0799350E+02 -8.1419823E-03  6.4484734E-05  8.1366959E-04 -4.8501247E-02  0.0000000E+00
  2.0799350E+02 -8.3507773E-03  6.3060741E-05  6.9414834E-04 -4.7584892E-02  0.0000000E+00
  2.0799350E+02 -8.4967129E-03  4.5820251E-05  5.8106189E-04 -4.6621091E-02  0.0000000E+00
  2.0799350E+02 -8.5805677E-03  2.2689254E-05  4.6988684E-04 -4.5621602E-02  0.0000000E+00
  2.0799350E+02 -8.6102126E-03  1.7966879E-06  3.6247457E-04 -4.4594663E-02  0.0000000E+00
  2.0799350E+02 -8.5976491E-03 -1.1309548E-05  2.6322498E-04 -4.3550973E-02  0.0000000E+00
  2.0799350E+02 -8.5543630E-03 -1.3911318E-05  1.7172186E-04 -4.2491730E-02  0.0000000E+00
  2.0799350E+02 -8.4863435E-03 -5.7438300E-06  8.1026479E-05 -4.1418264E-02  0.0000000E+00
  2.0799350E+02 -8.3918277E-03  1.0717747E-05 -1.6210641E-05 -4.0336341E-02  0.0000000E+00
  2.0799350E+02 -8.2758758E-03  3.3333258E-05 -1.0643281E-04 -3.9255908E-02  0.0000000E+00
  2.0799350E+02 -8.1300900E-03  6.5960601E-05 -1.7625493E-04 -3.8185991E-02  0.0000000E+00
  2.0799350E+02 -7.9743217E-03  1.0374277E-04 -2.2569553E-04 -3.7127795E-02  0.0000000E+00
  2.0799350E+02 -7.8183717E-03  1.3794480E-04 -2.6445381E-04 -3.6078868E-02  0.0000000E+00
  2.0799350E+02 -7.6616927E-03  1.6161850E-04 -3.0269330E-04 -3.5038230E-02  0.0000000E+00
  2.0799350E+02 -7.5027974E-03  1.7216708E-04 -3.4449064E-04 -3.4011613E-02  0.0000000E+00
  2.0799350E+02 -7.3413429E-03  1.7155385E-04 -3.8693655E-04 -3.2999555E-02  0.0000000E+00
  2.0799350E+02 -7.1797656E-03  1.6430668E-04 -4.2198200E-04 -3.2005076E-02  0.0000000E+00
  2.0799350E+02 -7.0212643E-03  1.5503926E-04 -4.4045379E-04 -3.1030503E-02  0.0000000E+00
  2.0799350E+02 -6.8687728E-03  1.4630187E-04 -4.3615425E-04 -3.0084450E-02  0.0000000E+00
  2.0799350E+02 -6.7216565E-03  1.3757820E-04 -4.0897155E-04 -2.9170281E-02  0.0000000E+00
  2.0799350E+02 -6.5771206E-03  1.2680366E-04 -3.6471285E-04 -2.8290437E-02  0.0000000E+00
  2.0799350E+02 -6.4330353E-03  1.1514028E-04 -3.1062145E-04 -2.7438111E-02  0.0000000E+00
  2.0799350E+02 -6.2919555E-03  1.1039941E-04 -2.5531323E-04 -2.6612305E-02  0.0000000E+00
  2.0799350E+02 -6.1522093E-03  1.0333639E-04 -1.9439736E-04 -2.5809324E-02  0.0000000E+00
  2.0799350E+02 -6.0185079E-03  9.3344623E-05 -1.4007448E-04 -2.5025280E-02  0.0000000E+00
  2.0799350E+02 -5.8931105E-03  8.0753254E-05 -1.0143268E-04 -2.4264175E-02  0.0000000E+00
  2.0799350E+02 -5.7763454E-03  6.5862317E-05 -7.8261320E-05 -2.3525349E-02  0.0000000E+00
  2.0799350E+02 -5.6678815E-03  4.9742511E-05 -6.7897359E-05 -2.2810729E-02  0.0000000E+00
  2.0799350E+02 -5.5660393E-03  3.4225260E-05 -6.8407646E-05 -2.2117904E-02  0.0000000E+00
  2.0799350E+02 -5.4692394E-03  2.1762583E-05 -7.9708393E-05 -2.1445815E-02  0.0000000E+00
  2.0799350E+02 -5.3761551E-03  1.4892545E-05 -1.0280342E-04 -2.0792133E-02  0.0000000E+00
  2.0799350E+02 -5.2867618E-03  1.5651761E-05 -1.3794408E-04 -2.0157602E-02  0.0000000E+00
  2.0799350E+02 -5.2014861E-03  2.4883597E-05 -1.8313040E-04 -1.9538731E-02  0.0000000E+00
  2.0799350E+02 -5.1217062E-03  4.1843178E-05 -2.3292972E-04 -1.8932536E-02  0.0000000E+00
  2.0799350E+02 -5.0489962E-03  6.4008818E-05 -2.7897180E-04 -1.8335908E-02  0.0000000E+00
  2.0799350E+02 -4.9839316E-03  8.7377825E-05 -3.1276048E-04 -1.7745907E-02  0.0000000E+00
  2.0799350E+02 -4.9248647E-03  1.0711427E-04 -3.3133030E-04 -1.7166365E-02  0.0000000E+00
  2.0799350E+02 -4.8658978E-03  1.2156933E-04 -3.4354825E-04 -1.6596496E-02  0.0000000E+00
  2.0799350E+02 -4.8123891E-03  1.2765120E-04 -3.4777186E-04 -1.6036622E-02  0.0000000E+00
  2.0799350E+02 -4.7609622E-03  1.2717499E-04 -3.4831010E-04 -1.5490893E-02  0.0000000E+00
  2.0799350E+02 -4.7076620E-03  1.2417358E-04 -3.4681916E-04 -1.4962048E-02  0.0000000E+00
  2.0799350E+02 -4.6504457E-03  1.2110997E-04 -3.4209643E-04 -1.4450032E-02  0.0000000E+00
  2.0799350E+02 -4.5887366E-03  1.1891403E-04 -3.3234507E-04 -1.3955280E-02  0.0000000E+00
  2.0799350E+02 -4.5227003E-03  1.1728906E-04 -3.1651020E-04 -1.3477487E-02  0.0000000E+00
  2.0799350E+02 -4.4526463E-03  1.1518505E-04 -2.9481638E-04 -1.3014852E-02  0.0000000E+00
  2.0799350E+02 -4.3792173E-03  1.1137592E-04 -2.6894455E-04 -1.2567639E-02  0.0000000E+00
  2.0799350E+02 -4.3024512E-03  1.0499283E-04 -2.4141010E-04 -1.2133559E-02  0.0000000E+00
  2.0799350E+02 -4.2222193E-03  9.5985779E-05 -2.1511519E-04 -1.1711469E-02  0.0000000E+00
  2.0799350E+02 -4.1380022E-03  8.5356774E-05 -1.9265297E-04 -1.1300042E-02  0.0000000E+00
  2.0799350E+02 -4.0496541E-03  7.5209457E-05 -1.7598437E-04 -1.0900707E-02  0.0000000E+00
  2.0799350E+02 -3.9567353E-03  6.8217692E-05 -1.6604347E-04 -1.0512915E-02  0.0000000E+00
  2.0799350E+02 -3.8594224E-03  6.6819273E-05 -1.6327344E-04 -1.0136360E-02  0.0000000E+00
  2.0799350E+02 -3.7587338E-03  7.1750754E-05 -1.6863475E-04 -9.7689512E-03  0.0000000E+00
  2.0799350E+02 -3.6565057E-03  8.0438435E-05 -1.8593881E-04 -9.4078165E-03  0.0000000E+00
  2.0799350E+02 -3.5562890E-03  8.8399996E-05 -2.0663754E-04 -9.0591493E-03  0.0000000E+00
  2.0799350E+02 -3.4593714E-03  9.2657399E-05 -2.2444507E-04 -8.7168537E-03  0.0000000E+00
  2.0799350E+02 -3.3654736E-03  9.2889900E-05 -2.4084507E-04 -8.3814588E-03  0.0000000E+00
  2.0799350E+02 -3.2741247E-03  8.9596576E-05 -2.5646094E-04 -8.0520762E-03  0.0000000E+00
  2.0799350E+02 -3.1853370E-03  8.3704113E-05 -2.7134331E-04 -7.7294205E-03  0.0000000E+00
  2.0799350E+02 -3.0986384E-03  7.6231030E-05 -2.8544111E-04 -7.4126556E-03  0.0000000E+00
  2.0799350E+02 -3.0137429E-03  6.8114417E-05 -2.9870031E-04 -7.1019412E-03  0.0000000E+00
  2.0799350E+02 -2.9302415E-03  6.0085968E-05 -3.1124029E-04 -6.7972894E-03  0.0000000E+00
  2.0799350E+02 -2.8482011E-03  5.2687478E-05 -3.2330999E-04 -6.5006134E-03  0.0000000E+00
  2.0799350E+02 -2.7672659E-03  4.6186353E-05 -3.3539039E-04 -6.2122396E-03  0.0000000E+00
  2.0799350E+02 -2.6872599E-03  4.0663360E-05 -3.4800033E-04 -5.9328826E-03  0.0000000E+00
  2.0799350E+02 -2.6080359E-03  3.6031647E-05 -3.6155002E-04 -5.6628898E-03  0.0000000E+00
  2.0799350E+02 -2.5293375E-03  3.2048852E-05 -3.7613667E-04 -5.4016552E-03  0.0000000E+00
  2.0799350E+02 -2.4513698E-03  2.8328241E-05 -3.9114886E-04 -5.1494772E-03  0.0000000E+00
  2.0799350E+02 -2.3739625E-03  2.4225977E-05 -4.0508485E-04 -4.9049215E-03  0.0000000E+00
  2.0799350E+02 -2.2971538E-03  1.8724591E-05 -4.1506267E-04 -4.6671131E-03  0.0000000E+00
  2.0799350E+02 -2.2201805E-03  1.1093729E-05 -4.1901050E-04 -4.4355403E-03  0.0000000E+00
  2.0799350E+02 -2.1443512E-03  1.1670607E-06 -4.1472235E-04 -4.2103737E-03  0.0000000E+00
  2.0799350E+02 -2.0699241E-03 -1.0736832E-05 -3.9823848E-04 -3.9916028E-03  0.0000000E+00
  2.0799350E+02 -1.9954203E-03 -2.2766513E-05 -3.7167513E-04 -3.7802203E-03  0.0000000E+00
  2.0799350E+02 -1.9198598E-03 -3.3442418E-05 -3.3795946E-04 -3.5768553E-03  0.0000000E+00
  2.0799350E+02 -1.8425886E-03 -4.1686688E-05 -3.0011068E-04 -3.3813694E-03  0.0000000E+00
  2.0799350E+02 -1.7637770E-03 -4.6771435E-05 -2.6107205E-04 -3.1942641E-03  0.0000000E+00
  2.0799350E+02 -1.6835054E-03 -4.8397862E-05 -2.2302280E-04 -3.0146547E-03  0.0000000E+00
  2.0799350E+02 -1.6022215E-03 -4.6605363E-05 -1.8752393E-04 -2.8418055E-03  0.0000000E+00
  2.0799350E+02 -1.5203546E-03 -4.1738990E-05 -1.5539390E-04 -2.6746116E-03  0.0000000E+00
  2.0799350E+02 -1.4388050E-03 -3.4439001E-05 -1.2702090E-04 -2.5129216E-03  0.0000000E+00
  2.0799350E+02 -1.3579699E-03 -2.5523092E-05 -1.0217035E-04 -2.3558486E-03  0.0000000E+00
  2.0799350E+02 -1.2782569E-03 -1.5941619E-05 -8.0415826E-05 -2.2030471E-03  0.0000000E+00
  2.0799350E+02 -2.0552648E-12  4.8019496E-13 -8.4508300E-13 -2.0498925E-02  0.0000000E+00
  2.0799350E+02 -2.3134293E-04  4.8458733E-06 -1.7300476E-05 -2.0702204E-02  0.0000000E+00
  2.0799350E+02 -7.1458132E-04  2.0177864E-05 -5.7991685E-05 -2.0924408E-02  0.0000000E+00
  2.0799350E+02 -1.5308432E-03  4.1870989E-05 -9.6895444E-05 -2.1202964E-02  0.0000000E+00
  2.0799350E+02 -2.8227590E-03  6.2263369E-05 -1.3443357E-04 -2.1515074E-02  0.0000000E+00
  2.0799350E+02 -4.4226649E-03  6.6400786E-05 -1.2947836E-04 -2.1821849E-02  0.0000000E+00
  2.0799350E+02 -5.8709764E-03  4.5198968E-05  1.4291692E-06 -2.2107648E-02  0.0000000E+00
  2.0799350E+02 -6.7805469E-03  1.0397726E-05  3.1781113E-04 -2.2391971E-02  0.0000000E+00
  2.0799350E+02 -7.0648745E-03 -3.8230014E-05  8.1002761E-04 -2.2701555E-02  0.0000000E+00
  2.0799350E+02 -6.9246909E-03 -1.1275195E-04  1.2606724E-03 -2.3086145E-02  0.0000000E+00
  2.0799350E+02 -6.5996407E-03 -1.8517817E-04  1.5519571E-03 -2.3560343E-02  0.0000000E+00
  2.0799350E+02 -6.2798956E-03 -2.3664028E-04  1.6863577E-03 -2.4117261E-02  0.0000000E+00
  2.0799350E+02 -6.0793632E-03 -2.7027071E-04  1.7158413E-03 -2.4741059E-02  0.0000000E+00
  2.0799350E+02 -6.0313464E-03 -2.9279047E-04  1.6810092E-03 -2.5395211E-02  0.0000000E+00
  2.0799350E+02 -6.1103269E-03 -2.9736270E-04  1.5930822E-03 -2.6031029E-02  0.0000000E+00
  2.0799350E+02 -6.2807364E-03 -2.7633811E-04  1.4800073E-03 -2.6629299E-02  0.0000000E+00
  2.0799350E+02 -6.5046605E-03 -2.3392874E-04  1.3540016E-03 -2.7157388E-02  0.0000000E+00
  2.0799350E+02 -6.7549527E-03 -1.7217872E-04  1.2153271E-03 -2.7605190E-02  0.0000000E+00
  2.0799350E+02 -7.0147888E-03 -9.9085966E-05  1.0647960E-03 -2.7959116E-02  0.0000000E+00
  2.0799350E+02 -7.2698048E-03 -2.8273531E-05  9.0726245E-04 -2.8213628E-02  0.0000000E+00
  2.0799350E+02 -7.5072231E-03  2.6028854E-05  7.5335267E-04 -2.8366963E-02  0.0000000E+00
  2.0799350E+02 -7.7157234E-03  5.3679305E-05  6.1621930E-04 -2.8420815E-02  0.0000000E+00
  2.0799350E+02 -7.8859858E-03  5.2090406E-05  5.0596868E-04 -2.8381583E-02  0.0000000E+00
  2.0799350E+02 -8.0118335E-03  2.7564006E-05  4.2441053E-04 -2.8260874E-02  0.0000000E+00
  2.0799350E+02 -8.0919060E-03 -6.4097594E-06  3.6277875E-04 -2.8072864E-02  0.0000000E+00
  2.0799350E+02 -8.1317884E-03 -3.4793148E-05  3.0507253E-04 -2.7826210E-02  0.0000000E+00
  2.0799350E+02 -8.1462145E-03 -5.4655805E-05  2.4041777E-04 -2.7528494E-02  0.0000000E+00
  2.0799350E+02 -8.1394758E-03 -4.6113151E-05  1.4885583E-04 -2.7192040E-02  0.0000000E+00
  2.0799350E+02 -8.1045925E-03 -2.5698102E-05  3.7352331E-05 -2.6818650E-02  0.0000000E+00
  2.0799350E+02 -8.0447170E-03 -2.6733537E-06 -7.5838234E-05 -2.6413183E-02  0.0000000E+00
  2.0799350E+02 -7.9660159E-03  2.1713272E-05 -1.7423176E-04 -2.5979489E-02  0.0000000E+00
  2.0799350E+02 -7.8730213E-03  4.7407082E-05 -2.4749789E-04 -2.5520885E-02  0.0000000E+00
  2.0799350E+02 -7.7671411E-03  7.2812300E-05 -2.9296048E-04 -2.5040515E-02  0.0000000E+00
  2.0799350E+02 -7.6473955E-03  9.4875612E-05 -3.1489499E-04 -2.4541571E-02  0.0000000E+00
  2.0799350E+02 -7.5124470E-03  1.1071770E-04 -3.2230293E-04 -2.4027377E-02  0.0000000E+00
  2.0799350E+02 -7.3629901E-03  1.1954305E-04 -3.2584319E-04 -2.3501326E-02  0.0000000E+00
  2.0799350E+02 -7.2035670E-03  1.2355817E-04 -3.3460025E-04 -2.2966671E-02  0.0000000E+00
  2.0799350E+02 -7.0428769E-03  1.2662861E-04 -3.5336939E-04 -2.2426161E-02  0.0000000E+00
  2.0799350E+02 -6.8916462E-03  1.2940488E-04 -3.8113856E-04 -2.1881514E-02  0.0000000E+00
  2.0799350E+02 -6.7536676E-03  1.2931467E-04 -4.1561956E-04 -2.1338111E-02  0.0000000E+00
  2.0799350E+02 -6.6167452E-03  1.2360453E-04 -4.3552711E-04 -2.0800295E-02  0.0000000E+00
  2.0799350E+02 -6.4815032E-03  1.1379290E-04 -4.3817789E-04 -2.0270826E-02  0.0000000E+00
  2.0799350E+02 -6.3466371E-03  1.0498138E-04 -4.2604443E-04 -1.9751795E-02  0.0000000E+00
  2.0799350E+02 -6.2103143E-03  9.8473834E-05 -3.9888304E-04 -1.9242138E-02  0.0000000E+00
  2.0799350E+02 -6.0720187E-03  9.2959779E-05 -3.5680501E-04 -1.8740049E-02  0.0000000E+00
  2.0799350E+02 -5.9331239E-03  8.5853033E-05 -3.0197485E-04 -1.8244327E-02  0.0000000E+00
  2.0799350E+02 -5.7965404E-03  7.4624677E-05 -2.3917226E-04 -1.7754888E-02  0.0000000E+00
  2.0799350E+02 -5.6657814E-03  5.7969254E-05 -1.7545469E-04 -1.7272653E-02  0.0000000E+00
  2.0799350E+02 -5.5437902E-03  3.6643193E-05 -1.1915735E-04 -1.6799060E-02  0.0000000E+00
  2.0799350E+02 -5.4318748E-03  1.3814441E-05 -7.8467386E-05 -1.6335401E-02  0.0000000E+00
  2.0799350E+02 -5.3290934E-03 -5.2377256E-06 -5.9809086E-05 -1.5882236E-02  0.0000000E+00
  2.0799350E+02 -5.2324344E-03 -1.4233735E-05 -6.6276994E-05 -1.5439091E-02  0.0000000E+00
  2.0799350E+02 -5.1381368E-03 -7.9766209E-06 -9.6353633E-05 -1.5004671E-02  0.0000000E+00
  2.0799350E+02 -5.0444933E-03  1.4432189E-05 -1.4314874E-04 -1.4577825E-02  0.0000000E+00
  2.0799350E+02 -4.9565741E-03  4.3716808E-05 -1.9330350E-04 -1.4154337E-02  0.0000000E+00
  2.0799350E+02 -4.8756530E-03  7.6860972E-05 -2.3915328E-04 -1.3732427E-02  0.0000000E+00
  2.0799350E+02 -4.8055953E-03  1.0825285E-04 -2.7673449E-04 -1.3312438E-02  0.0000000E+00
  2.0799350E+02 -4.7469151E-03  1.3195963E-04 -3.0465055E-04 -1.2894012E-02  0.0000000E+00
  2.0799350E+02 -4.6964226E-03  1.4570810E-04 -3.2399716E-04 -1.2479002E-02  0.0000000E+00
  2.0799350E+02 -4.6495903E-03  1.4995672E-04 -3.3650559E-04 -1.2070177E-02  0.0000000E+00
  2.0799350E+02 -4.6021106E-03  1.4692745E-04 -3.4349781E-04 -1.1670299E-02  0.0000000E+00
  2.0799350E+02 -4.5507768E-03  1.3966378E-04 -3.4548893E-04 -1.1281527E-02  0.0000000E+00
  2.0799350E+02 -4.4938232E-03  1.3118142E-04 -3.4227284E-04 -1.0905092E-02  0.0000000E+00
  2.0799350E+02 -4.4308548E-03  1.2377822E-04 -3.3332667E-04 -1.0541219E-02  0.0000000E+00
  2.0799350E+02 -4.3625018E-03  1.1856986E-04 -3.1836997E-04 -1.0189229E-02  0.0000000E+00
  2.0799350E+02 -4.2899321E-03  1.1531772E-04 -2.9791421E-04 -9.8477936E-03  0.0000000E+00
  2.0799350E+02 -4.2143536E-03  1.1261553E-04 -2.7363842E-04 -9.5152818E-03  0.0000000E+00
  2.0799350E+02 -4.1366415E-03  1.0850124E-04 -2.4842663E-04 -9.1901709E-03  0.0000000E+00
  2.0799350E+02 -4.0572229E-03  1.0156064E-04 -2.2590299E-04 -8.8714627E-03  0.0000000E+00
  2.0799350E+02 -3.9763515E-03  9.2589334E-05 -2.0930015E-04 -8.5590680E-03  0.0000000E+00
  2.0799350E+02 -3.8951604E-03  8.4576006E-05 -1.9749917E-04 -8.2541269E-03  0.0000000E+00
  2.0799350E+02 -3.8089469E-03  8.0204550E-05 -1.9187893E-04 -7.9553210E-03  0.0000000E+00
  2.0799350E+02 -3.7171804E-03  8.1230825E-05 -1.9590819E-04 -7.6622760E-03  0.0000000E+00
  2.0799350E+02 -3.6229479E-03  8.3572298E-05 -2.0532490E-04 -7.3755501E-03  0.0000000E+00
  2.0799350E+02 -3.5279044E-03  8.5088949E-05 -2.1784153E-04 -7.0949254E-03  0.0000000E+00
  2.0799350E+02 -3.4329084E-03  8.4890812E-05 -2.3223184E-04 -6.8197440E-03  0.0000000E+00
  2.0799350E+02 -3.3384442E-03  8.2823717E-05 -2.4772171E-04 -6.5491969E-03  0.0000000E+00
  2.0799350E+02 -3.2448700E-03  7.9107990E-05 -2.6363497E-04 -6.2825603E-03  0.0000000E+00
  2.0799350E+02 -3.1525266E-03  7.4104841E-05 -2.7924579E-04 -6.0193745E-03  0.0000000E+00
  2.0799350E+02 -3.0617474E-03  6.8185219E-05 -2.9378878E-04 -5.7595605E-03  0.0000000E+00
  2.0799350E+02 -2.9728044E-03  6.1675852E-05 -3.0657801E-04 -5.5034689E-03  0.0000000E+00
  2.0799350E+02 -2.8858290E-03  5.4857242E-05 -3.1718640E-04 -5.2518561E-03  0.0000000E+00
  2.0799350E+02 -2.8007444E-03  4.7988357E-05 -3.2563658E-04 -5.0057830E-03  0.0000000E+00
  2.0799350E+02 -2.7172481E-03  4.1332762E-05 -3.3255463E-04 -4.7664307E-03  0.0000000E+00
  2.0799350E+02 -2.6348798E-03  3.5160951E-05 -3.3923786E-04 -4.5348288E-03  0.0000000E+00
  2.0799350E+02 -2.5532149E-03  2.9703620E-05 -3.4758801E-04 -4.3114901E-03  0.0000000E+00
  2.0799350E+02 -2.4722184E-03  2.5030630E-05 -3.5986103E-04 -4.0959481E-03  0.0000000E+00
  2.0799350E+02 -2.3923946E-03  2.0058386E-05 -3.7600139E-04 -3.8871089E-03  0.0000000E+00
  2.0799350E+02 -2.3122598E-03  1.5652137E-05 -3.9229346E-04 -3.6847686E-03  0.0000000E+00
  2.0799350E+02 -2.2324561E-03  1.0818832E-05 -4.0600523E-04 -3.4873466E-03  0.0000000E+00
  2.0799350E+02 -2.1532035E-03  3.9498819E-06 -4.1205292E-04 -3.2949690E-03  0.0000000E+00
  2.0799350E+02 -2.0740859E-03 -4.8525729E-06 -4.0716470E-04 -3.1082291E-03  0.0000000E+00
  2.0799350E+02 -1.9945212E-03 -1.4629612E-05 -3.9009745E-04 -2.9278116E-03  0.0000000E+00
  2.0799350E+02 -1.9140535E-03 -2.4157718E-05 -3.6153386E-04 -2.7542431E-03  0.0000000E+00
  2.0799350E+02 -1.8324978E-03 -3.2321130E-05 -3.2373619E-04 -2.5877516E-03  0.0000000E+00
  2.0799350E+02 -1.7499680E-03 -3.8306309E-05 -2.8003318E-04 -2.4282171E-03  0.0000000E+00
  2.0799350E+02 -1.6668202E-03 -4.1660442E-05 -2.3421644E-04 -2.2751957E-03  0.0000000E+00
  2.0799350E+02 -1.5835425E-03 -4.2255917E-05 -1.8992272E-04 -2.1279987E-03  0.0000000E+00
  2.0799350E+02 -1.5006219E-03 -4.0202711E-05 -1.5007850E-04 -1.9858092E-03  0.0000000E+00
  2.0799350E+02 -1.4184200E-03 -3.5750616E-05 -1.1648320E-04 -1.8478197E-03  0.0000000E+00
  2.0799350E+02 -2.4511350E-12  8.3575193E-13  9.8073139E-14 -8.6958033E-03  0.0000000E+00
  2.0799350E+02 -3.1580004E-04 -7.6292283E-07  2.8494260E-07 -8.7877795E-03  0.0000000E+00
  2.0799350E+02 -6.9321163E-04  7.8080062E-07 -3.1588078E-06 -8.9885203E-03  0.0000000E+00
  2.0799350E+02 -1.0023600E-03  8.8033113E-06 -1.0715502E-05 -9.3305973E-03  0.0000000E+00
  2.0799350E+02 -1.4507805E-03  2.4426080E-05 -3.1220490E-05 -9.7587292E-03  0.0000000E+00
  2.0799350E+02 -2.2438647E-03  4.7221571E-05 -5.5740386E-05 -1.0203615E-02  0.0000000E+00
  2.0799350E+02 -3.4512008E-03  6.5697401E-05 -7.5897559E-05 -1.0608918E-02  0.0000000E+00
  2.0799350E+02 -5.0420771E-03  6.1005630E-05 -8.9831425E-05 -1.0925265E-02  0.0000000E+00
  2.0799350E+02 -6.8707081E-03  3.4336378E-05 -4.3541019E-05 -1.1106166E-02  0.0000000E+00
  2.0799350E+02 -8.6171808E-03 -6.7663763E-06  1.2036216E-04 -1.1130144E-02  0.0000000E+00
  2.0799350E+02 -9.9178984E-03 -6.6389977E-05  3.9565039E-04 -1.1025151E-02  0.0000000E+00
  2.0799350E+02 -1.0586700E-02 -1.3248916E-04  7.3523258E-04 -1.0854879E-02  0.0000000E+00
  2.0799350E+02 -1.0650773E-02 -1.8489467E-04  1.0963977E-03 -1.0687750E-02  0.0000000E+00
  2.0799350E+02 -1.0266867E-02 -2.2173403E-04  1.4641219E-03 -1.0568926E-02  0.0000000E+00
  2.0799350E+02 -9.6236667E-03 -2.6721057E-04  1.8053375E-03 -1.0514741E-02  0.0000000E+00
  2.0799350E+02 -8.9184330E-03 -3.2653836E-04  1.9578813E-03 -1.0539441E-02  0.0000000E+00
  2.0799350E+02 -8.2730685E-03 -3.7869726E-04  1.8922311E-03 -1.0644320E-02  0.0000000E+00
  2.0799350E+02 -7.7590746E-03 -3.7866387E-04  1.7507842E-03 -1.0828967E-02  0.0000000E+00
  2.0799350E+02 -7.4008250E-03 -3.3047992E-04  1.6039494E-03 -1.1081683E-02  0.0000000E+00
  2.0799350E+02 -7.1923173E-03 -2.6416362E-04  1.4632324E-03 -1.1384753E-02  0.0000000E+00
  2.0799350E+02 -7.1103034E-03 -2.0438610E-04  1.3202065E-03 -1.1719794E-02  0.0000000E+00
  2.0799350E+02 -7.1230518E-03 -1.5920302E-04  1.1694454E-03 -1.2068761E-02  0.0000000E+00
  2.0799350E+02 -7.1962445E-03 -1.2245866E-04  1.0174964E-03 -1.2412935E-02  0.0000000E+00
  2.0799350E+02 -7.2975086E-03 -8.3480096E-05  8.7997154E-04 -1.2732253E-02  0.0000000E+00
  2.0799350E+02 -7.4010850E-03 -3.7678907E-05  7.6883365E-04 -1.3007319E-02  0.0000000E+00
  2.0799350E+02 -7.4942861E-03  8.3934486E-06  6.7177841E-04 -1.3226763E-02  0.0000000E+00
  2.0799350E+02 -7.5770492E-03  3.9084270E-05  5.6960001E-04 -1.3384777E-02  0.0000000E+00
  2.0799350E+02 -7.6498744E-03  5.4993567E-05  4.5230564E-04 -1.3486545E-02  0.0000000E+00
  2.0799350E+02 -7.7163688E-03  5.3610385E-05  3.6277802E-04 -1.3534298E-02  0.0000000E+00
  2.0799350E+02 -7.7723972E-03  3.9646484E-05  3.0932325E-04 -1.3533384E-02  0.0000000E+00
  2.0799350E+02 -7.8116244E-03  2.2336551E-05  2.6985252E-04 -1.3492321E-02  0.0000000E+00
  2.0799350E+02 -7.8288310E-03  1.0214582E-05  2.1588869E-04 -1.3418591E-02  0.0000000E+00
  2.0799350E+02 -7.8216677E-03  8.4303830E-06  1.2797843E-04 -1.3317028E-02  0.0000000E+00
  2.0799350E+02 -7.7910951E-03  1.8020555E-05  3.4058938E-06 -1.3190004E-02  0.0000000E+00
  2.0799350E+02 -7.7407582E-03  3.6548302E-05 -1.4289619E-04 -1.3038605E-02  0.0000000E+00
  2.0799350E+02 -7.6755435E-03  5.9526442E-05 -2.8334227E-04 -1.2864034E-02  0.0000000E+00
  2.0799350E+02 -7.5995674E-03  8.2037956E-05 -3.8770068E-04 -1.2668422E-02  0.0000000E+00
  2.0799350E+02 -7.5138446E-03  9.9968446E-05 -4.3721547E-04 -1.2454268E-02  0.0000000E+00
  2.0799350E+02 -7.4138839E-03  1.1026485E-04 -4.4194748E-04 -1.2221723E-02  0.0000000E+00
  2.0799350E+02 -7.2913051E-03  1.1439688E-04 -4.3846606E-04 -1.1976342E-02  0.0000000E+00
  2.0799350E+02 -7.1531443E-03  1.1343616E-04 -4.1352614E-04 -1.1722082E-02  0.0000000E+00
  2.0799350E+02 -7.0050906E-03  1.1414394E-04 -3.9337035E-04 -1.1456382E-02  0.0000000E+00
  2.0799350E+02 -6.8508117E-03  1.1763340E-04 -3.8749668E-04 -1.1185161E-02  0.0000000E+00
  2.0799350E+02 -6.6935097E-03  1.1976442E-04 -3.9343800E-04 -1.0912368E-02  0.0000000E+00
  2.0799350E+02 -6.5364764E-03  1.1647980E-04 -4.0503642E-04 -1.0640430E-02  0.0000000E+00
  2.0799350E+02 -6.3830967E-03  1.0632421E-04 -4.1672012E-04 -1.0370622E-02  0.0000000E+00
  2.0799350E+02 -6.2364856E-03  9.0838823E-05 -4.2483078E-04 -1.0103379E-02  0.0000000E+00
  2.0799350E+02 -6.0989401E-03  7.3524075E-05 -4.2705001E-04 -9.8385816E-03  0.0000000E+00
  2.0799350E+02 -5.9713914E-03  5.8063457E-05 -4.2097286E-04 -9.5758091E-03  0.0000000E+00
  2.0799350E+02 -5.8530399E-03  4.6500867E-05 -4.0287683E-04 -9.3145946E-03  0.0000000E+00
  2.0799350E+02 -5.7413556E-03  3.8064298E-05 -3.6773453E-04 -9.0546932E-03  0.0000000E+00
  2.0799350E+02 -5.6326293E-03  2.9328522E-05 -3.1151827E-04 -8.7963796E-03  0.0000000E+00
  2.0799350E+02 -5.5232562E-03  1.6409467E-05 -2.3684487E-04 -8.5407945E-03  0.0000000E+00
  2.0799350E+02 -5.4119362E-03 -1.1703161E-07 -1.6300892E-04 -8.2903543E-03  0.0000000E+00
  2.0799350E+02 -5.3017674E-03 -1.2385655E-05 -1.1537314E-04 -8.0437700E-03  0.0000000E+00
  2.0799350E+02 -5.1984653E-03 -1.6920144E-05 -8.6507454E-05 -7.8014122E-03  0.0000000E+00
  2.0799350E+02 -5.0974892E-03 -1.1218505E-05 -9.0721648E-05 -7.5642935E-03  0.0000000E+00
  2.0799350E+02 -4.9974308E-03  3.9491666E-06 -1.2178024E-04 -7.3297741E-03  0.0000000E+00
  2.0799350E+02 -4.9002503E-03  2.6515712E-05 -1.6702422E-04 -7.0962318E-03  0.0000000E+00
  2.0799350E+02 -4.8088808E-03  5.3576939E-05 -2.1388028E-04 -6.8629400E-03  0.0000000E+00
  2.0799350E+02 -4.7257019E-03  8.1862700E-05 -2.5345436E-04 -6.6299404E-03  0.0000000E+00
  2.0799350E+02 -4.6517371E-03  1.0819024E-04 -2.8179970E-04 -6.3979047E-03  0.0000000E+00
  2.0799350E+02 -4.5864296E-03  1.2987110E-04 -2.9944946E-04 -6.1679819E-03  0.0000000E+00
  2.0799350E+02 -4.5278522E-03  1.4504272E-04 -3.0980423E-04 -5.9416237E-03  0.0000000E+00
  2.0799350E+02 -4.4732069E-03  1.5289618E-04 -3.1696437E-04 -5.7203864E-03  0.0000000E+00
  2.0799350E+02 -4.4193755E-03  1.5376723E-04 -3.2360879E-04 -5.5053417E-03  0.0000000E+00
  2.0799350E+02 -4.3639269E-03  1.4907723E-04 -3.2943938E-04 -5.2982647E-03  0.0000000E+00
  2.0799350E+02 -4.3050720E-03  1.4108098E-04 -3.3095877E-04 -5.0991324E-03  0.0000000E+00
  2.0799350E+02 -4.2422310E-03  1.3237434E-04 -3.2294477E-04 -4.9072515E-03  0.0000000E+00
  2.0799350E+02 -4.1757123E-03  1.2517727E-04 -3.0237580E-04 -4.7204885E-03  0.0000000E+00
  2.0799350E+02 -4.1045057E-03  1.2248060E-04 -2.7696356E-04 -4.5377414E-03  0.0000000E+00
  2.0799350E+02 -4.0287901E-03  1.2181229E-04 -2.5412588E-04 -4.3621889E-03  0.0000000E+00
  2.0799350E+02 -3.9520091E-03  1.1701623E-04 -2.3464991E-04 -4.1883444E-03  0.0000000E+00
  2.0799350E+02 -3.8728835E-03  1.1093098E-04 -2.2291721E-04 -4.0170930E-03  0.0000000E+00
  2.0799350E+02 -3.7909413E-03  1.0542300E-04 -2.1892278E-04 -3.8486424E-03  0.0000000E+00
  2.0799350E+02 -3.7061831E-03  1.0136625E-04 -2.2088436E-04 -3.6828160E-03  0.0000000E+00
  2.0799350E+02 -3.6188597E-03  9.8770487E-05 -2.2683655E-04 -3.5192525E-03  0.0000000E+00
  2.0799350E+02 -3.5293411E-03  9.7014442E-05 -2.3540823E-04 -3.3575318E-03  0.0000000E+00
  2.0799350E+02 -3.4380528E-03  9.5140082E-05 -2.4598183E-04 -3.1972457E-03  0.0000000E+00
  2.0799350E+02 -3.3454591E-03  9.2164217E-05 -2.5843270E-04 -3.0380339E-03  0.0000000E+00
  2.0799350E+02 -3.2520712E-03  8.7363620E-05 -2.7264717E-04 -2.8796020E-03  0.0000000E+00
  2.0799350E+02 -3.1584563E-03  8.0489892E-05 -2.8801763E-04 -2.7217431E-03  0.0000000E+00
  2.0799350E+02 -3.0652290E-03  7.1870283E-05 -3.0311320E-04 -2.5643804E-03  0.0000000E+00
  2.0799350E+02 -2.9729986E-03  6.2350679E-05 -3.1572419E-04 -2.4076508E-03  0.0000000E+00
  2.0799350E+02 -2.8822550E-03  5.3036971E-05 -3.2347909E-04 -2.2520482E-03  0.0000000E+00
  2.0799350E+02 -2.7931669E-03  4.4791014E-05 -3.2523225E-04 -2.0986459E-03  0.0000000E+00
  2.0799350E+02 -2.7052735E-03  3.7437395E-05 -3.2342088E-04 -1.9494163E-03  0.0000000E+00
  2.0799350E+02 -2.6189586E-03  3.0173939E-05 -3.2584187E-04 -1.8058295E-03  0.0000000E+00
  2.0799350E+02 -2.5342737E-03  2.2898146E-05 -3.2949557E-04 -1.6683121E-03  0.0000000E+00
  2.0799350E+02 -2.4494405E-03  1.5540999E-05 -3.3643764E-04 -1.5371555E-03  0.0000000E+00
  2.0799350E+02 -2.3653950E-03  9.0632676E-06 -3.4793541E-04 -1.4104626E-03  0.0000000E+00
  2.0799350E+02 -2.2823253E-03  3.4395097E-06 -3.6215423E-04 -1.2873852E-03  0.0000000E+00
  2.0799350E+02 -2.1998885E-03 -1.7295352E-06 -3.7555529E-04 -1.1677776E-03  0.0000000E+00
  2.0799350E+02 -2.1174377E-03 -6.8309774E-06 -3.8406727E-04 -1.0519052E-03  0.0000000E+00
  2.0799350E+02 -2.0342435E-03 -1.2039175E-05 -3.8402581E-04 -9.4020503E-04  0.0000000E+00
  2.0799350E+02 -1.9496935E-03 -1.7259440E-05 -3.7287442E-04 -8.3309960E-04  0.0000000E+00
  2.0799350E+02 -1.8634542E-03 -2.2175008E-05 -3.4962058E-04 -7.3086073E-04  0.0000000E+00
  2.0799350E+02 -1.7755786E-03 -2.6356199E-05 -3.1504078E-04 -6.3352377E-04  0.0000000E+00
  2.0799350E+02 -1.6865453E-03 -2.9390734E-05 -2.7162828E-04 -5.4085048E-04  0.0000000E+00
  2.0799350E+02 -1.5972107E-03 -3.0994137E-05 -2.2327726E-04 -4.5233978E-04  0.0000000E+00
  2.0799350E+02 -6.7734475E-14 -1.1251395E-14  1.7238035E-15 -9.9522719E-04  0.0000000E+00
  2.0799350E+02 -5.2788651E-04  7.4684750E-06 -3.6817212E-05 -1.0947418E-03  0.0000000E+00
  2.0799350E+02 -1.1382024E-03  2.0791044E-05 -7.4181837E-05 -1.6092841E-03  0.0000000E+00
  2.0799350E+02 -1.6793272E-03  2.8382603E-05 -6.4701458E-05 -2.5291327E-03  0.0000000E+00
  2.0799350E+02 -2.3937141E-03  5.4287570E-05 -7.6711358E-05 -3.6061228E-03  0.0000000E+00
  2.0799350E+02 -3.4304068E-03  1.3939427E-04 -1.4988520E-04 -4.6377050E-03  0.0000000E+00
  2.0799350E+02 -4.8161906E-03  2.4449154E-04 -1.7581215E-04 -5.5177603E-03  0.0000000E+00
  2.0799350E+02 -6.4574324E-03  2.7417717E-04 -7.6648231E-05 -6.1929936E-03  0.0000000E+00
  2.0799350E+02 -8.2294996E-03  2.0906233E-04  9.7831132E-05 -6.6228199E-03  0.0000000E+00
  2.0799350E+02 -1.0024422E-02  8.4430577E-05  2.6848685E-04 -6.7888258E-03  0.0000000E+00
  2.0799350E+02 -1.1700667E-02 -7.6684064E-05  4.1015264E-04 -6.6986078E-03  0.0000000E+00
  2.0799350E+02 -1.3120140E-02 -2.1602093E-04  5.2389330E-04 -6.3821244E-03  0.0000000E+00
  2.0799350E+02 -1.4159294E-02 -2.7566105E-04  6.2290279E-04 -5.8860632E-03  0.0000000E+00
  2.0799350E+02 -1.4706135E-02 -2.6269621E-04  7.3824900E-04 -5.2663279E-03  0.0000000E+00
  2.0799350E+02 -1.4708152E-02 -2.5179924E-04  9.0877853E-04 -4.5770753E-03  0.0000000E+00
  2.0799350E+02 -1.4279679E-02 -2.5336502E-04  1.1414105E-03 -3.8557908E-03  0.0000000E+00
  2.0799350E+02 -1.3563932E-02 -2.8899956E-04  1.4685041E-03 -3.1381661E-03  0.0000000E+00
  2.0799350E+02 -1.2682485E-02 -3.2360235E-04  1.7981727E-03 -2.4387390E-03  0.0000000E+00
  2.0799350E+02 -1.1741363E-02 -3.2886503E-04  2.0111390E-03 -1.7893467E-03  0.0000000E+00
  2.0799350E+02 -1.0830557E-02 -3.0585717E-04  2.0411319E-03 -1.2224378E-03  0.0000000E+00
  2.0799350E+02 -1.0008329E-02 -2.6469257E-04  1.8939540E-03 -7.5807471E-04  0.0000000E+00
  2.0799350E+02 -9.2987838E-03 -2.1355546E-04  1.6306894E-03 -3.9969610E-04  0.0000000E+00
  2.0799350E+02 -8.7131105E-03 -1.5609769E-04  1.3353686E-03 -1.4433094E-04  0.0000000E+00
  2.0799350E+02 -8.2566151E-03 -9.3679859E-05  1.0774907E-03  1.4307550E-05  0.0000000E+00
  2.0799350E+02 -7.9323876E-03 -3.1393090E-05  8.8852531E-04  8.3828123E-05  0.0000000E+00
  2.0799350E+02 -7.7229666E-03  1.4559283E-05  7.6741703E-04  8.3392363E-05  0.0000000E+00
  2.0799350E+02 -7.5734697E-03  3.9233853E-05  7.0231283E-04  3.4811686E-05  0.0000000E+00
  2.0799350E+02 -7.4859747E-03  5.8486070E-05  6.7095355E-04 -4.1141448E-05  0.0000000E+00
  2.0799350E+02 -7.4404972E-03  7.6678238E-05  6.3793276E-04 -1.3088182E-04  0.0000000E+00
  2.0799350E+02 -7.4244451E-03  9.3034542E-05  5.9342498E-04 -2.2471478E-04  0.0000000E+00
  2.0799350E+02 -7.4304639E-03  1.0223802E-04  5.4297900E-04 -3.1108129E-04  0.0000000E+00
  2.0799350E+02 -7.4522068E-03  1.0042835E-04  4.9281309E-04 -3.8187705E-04  0.0000000E+00
  2.0799350E+02 -7.4822059E-03  8.7637608E-05  4.4338407E-04 -4.3332169E-04  0.0000000E+00
  2.0799350E+02 -7.5115957E-03  6.7892711E-05  3.8783239E-04 -4.6618212E-04  0.0000000E+00
  2.0799350E+02 -7.5311012E-03  4.7576134E-05  3.1494620E-04 -4.8395266E-04  0.0000000E+00
  2.0799350E+02 -7.5328153E-03  3.3080303E-05  2.1467698E-04 -4.9076419E-04  0.0000000E+00
  2.0799350E+02 -7.5122297E-03  2.8504918E-05  8.3519059E-05 -4.8976809E-04  0.0000000E+00
  2.0799350E+02 -7.4700554E-03  3.4627735E-05 -6.9269335E-05 -4.8273520E-04  0.0000000E+00
  2.0799350E+02 -7.4134358E-03  4.9521527E-05 -2.1956603E-04 -4.7193449E-04  0.0000000E+00
  2.0799350E+02 -7.3535909E-03  6.9176044E-05 -3.3376743E-04 -4.5687014E-04  0.0000000E+00
  2.0799350E+02 -7.2889529E-03  8.4700591E-05 -4.1366878E-04 -4.3629515E-04  0.0000000E+00
  2.0799350E+02 -7.2146625E-03  9.7228238E-05 -4.6318021E-04 -4.1058650E-04  0.0000000E+00
  2.0799350E+02 -7.1266714E-03  1.0724461E-04 -4.8684962E-04 -3.7648396E-04  0.0000000E+00
  2.0799350E+02 -7.0223204E-03  1.1426558E-04 -4.9171256E-04 -3.3337572E-04  0.0000000E+00
  2.0799350E+02 -6.9012432E-03  1.1729592E-04 -4.8480013E-04 -2.8283956E-04  0.0000000E+00
  2.0799350E+02 -6.7657718E-03  1.1531463E-04 -4.7201960E-04 -2.2798166E-04  0.0000000E+00
  2.0799350E+02 -6.6196783E-03  1.0767715E-04 -4.5776007E-04 -1.7217042E-04  0.0000000E+00
  2.0799350E+02 -6.4688539E-03  9.4462253E-05 -4.4522753E-04 -1.1868981E-04  0.0000000E+00
  2.0799350E+02 -6.3195132E-03  7.6660188E-05 -4.3670552E-04 -6.9580720E-05  0.0000000E+00
  2.0799350E+02 -6.1774098E-03  5.6182588E-05 -4.3372232E-04 -2.5172375E-05  0.0000000E+00
  2.0799350E+02 -6.0470925E-03  3.5683294E-05 -4.3664739E-04  1.6046019E-05  0.0000000E+00
  2.0799350E+02 -5.9302932E-03  1.7944129E-05 -4.4344057E-04  5.7402776E-05  0.0000000E+00
  2.0799350E+02 -5.8267918E-03  5.3037204E-06 -4.4709972E-04  1.0274051E-04  0.0000000E+00
  2.0799350E+02 -5.7335346E-03 -1.6186443E-06 -4.3156686E-04  1.5505644E-04  0.0000000E+00
  2.0799350E+02 -5.6456891E-03 -3.7536592E-06 -3.7839658E-04  2.1080015E-04  0.0000000E+00
  2.0799350E+02 -5.5517860E-03 -4.6496357E-06 -3.1329347E-04  2.6484638E-04  0.0000000E+00
  2.0799350E+02 -5.4528395E-03 -3.1182214E-06 -2.4808854E-04  3.1700446E-04  0.0000000E+00
  2.0799350E+02 -5.3513353E-03  1.4781433E-06 -1.9395861E-04  3.6618345E-04  0.0000000E+00
  2.0799350E+02 -5.2480816E-03  8.3505286E-06 -1.5920442E-04  4.1243664E-04  0.0000000E+00
  2.0799350E+02 -5.1435358E-03  1.6570948E-05 -1.4718765E-04  4.5630138E-04  0.0000000E+00
  2.0799350E+02 -5.0386426E-03  2.5701927E-05 -1.5599604E-04  4.9835221E-04  0.0000000E+00
  2.0799350E+02 -4.9343820E-03  3.6006634E-05 -1.7960532E-04  5.3925699E-04  0.0000000E+00
  2.0799350E+02 -4.8327533E-03  4.8152527E-05 -2.0971477E-04  5.7925769E-04  0.0000000E+00
  2.0799350E+02 -4.7357859E-03  6.2853251E-05 -2.3810809E-04  6.1843838E-04  0.0000000E+00
  2.0799350E+02 -4.6453017E-03  8.0367125E-05 -2.5888174E-04  6.5669061E-04  0.0000000E+00
  2.0799350E+02 -4.5626074E-03  1.0004956E-04 -2.7006715E-04  6.9370544E-04  0.0000000E+00
  2.0799350E+02 -4.4875888E-03  1.2029186E-04 -2.7423389E-04  7.2925130E-04  0.0000000E+00
  2.0799350E+02 -4.4193381E-03  1.3848064E-04 -2.7736227E-04  7.6278121E-04  0.0000000E+00
  2.0799350E+02 -4.3556520E-03  1.5178889E-04 -2.8584754E-04  7.9357035E-04  0.0000000E+00
  2.0799350E+02 -4.2936024E-03  1.5845002E-04 -3.0083164E-04  8.2041632E-04  0.0000000E+00
  2.0799350E+02 -4.2309807E-03  1.5819899E-04 -3.1174252E-04  8.4301544E-04  0.0000000E+00
  2.0799350E+02 -4.1686091E-03  1.5519525E-04 -3.0959864E-04  8.6496533E-04  0.0000000E+00
  2.0799350E+02 -4.1045437E-03  1.5315034E-04 -2.9691867E-04  8.8428275E-04  0.0000000E+00
  2.0799350E+02 -4.0369476E-03  1.4985057E-04 -2.7997450E-04  9.0223225E-04  0.0000000E+00
  2.0799350E+02 -3.9646544E-03  1.4461287E-04 -2.6293458E-04  9.1948770E-04  0.0000000E+00
  2.0799350E+02 -3.8874045E-03  1.3774050E-04 -2.4849959E-04  9.3642965E-04  0.0000000E+00
  2.0799350E+02 -3.8052674E-03  1.3000281E-04 -2.3825464E-04  9.5347248E-04  0.0000000E+00
  2.0799350E+02 -3.7192480E-03  1.2232362E-04 -2.3311801E-04  9.7101643E-04  0.0000000E+00
  2.0799350E+02 -3.6305411E-03  1.1544586E-04 -2.3342200E-04  9.8960332E-04  0.0000000E+00
  2.0799350E+02 -3.5403883E-03  1.0974564E-04 -2.3903818E-04  1.0098697E-03  0.0000000E+00
  2.0799350E+02 -3.4499753E-03  1.0514107E-04 -2.4939570E-04  1.0324431E-03  0.0000000E+00
  2.0799350E+02 -3.3596314E-03  1.0106714E-04 -2.6356689E-04  1.0580046E-03  0.0000000E+00
  2.0799350E+02 -3.2696381E-03  9.6627691E-05 -2.8016573E-04  1.0869598E-03  0.0000000E+00
  2.0799350E+02 -3.1796702E-03  9.0778504E-05 -2.9743950E-04  1.1194838E-03  0.0000000E+00
  2.0799350E+02 -3.0891752E-03  8.2661599E-05 -3.1333682E-04  1.1554057E-03  0.0000000E+00
  2.0799350E+02 -2.9979837E-03  7.2064439E-05 -3.2565345E-04  1.1940994E-03  0.0000000E+00
  2.0799350E+02 -2.9064249E-03  5.9900012E-05 -3.3237915E-04  1.2347564E-03  0.0000000E+00
  2.0799350E+02 -2.8163926E-03  4.9172969E-05 -3.3203802E-04  1.2764835E-03  0.0000000E+00
  2.0799350E+02 -2.7268260E-03  3.9622683E-05 -3.2668235E-04  1.3182771E-03  0.0000000E+00
  2.0799350E+02 -2.6373592E-03  3.0343846E-05 -3.2100623E-04  1.3577616E-03  0.0000000E+00
  2.0799350E+02 -2.5481278E-03  2.1659572E-05 -3.1811740E-04  1.3940834E-03  0.0000000E+00
  2.0799350E+02 -2.4591636E-03  1.3542604E-05 -3.1941957E-04  1.4273357E-03  0.0000000E+00
  2.0799350E+02 -2.3709620E-03  5.9415483E-06 -3.2484930E-04  1.4577906E-03  0.0000000E+00
  2.0799350E+02 -2.2836929E-03 -1.1421889E-06 -3.3312732E-04  1.4858683E-03  0.0000000E+00
  2.0799350E+02 -2.1972659E-03 -7.5872190E-06 -3.4210185E-04  1.5119026E-03  0.0000000E+00
  2.0799350E+02 -2.1114786E-03 -1.3155482E-05 -3.4911130E-04  1.5360227E-03  0.0000000E+00
  2.0799350E+02 -2.0255158E-03 -1.7583710E-05 -3.5141582E-04  1.5583039E-03  0.0000000E+00
  2.0799350E+02 -1.9389208E-03 -2.0606714E-05 -3.4650351E-04  1.5785755E-03  0.0000000E+00
  2.0799350E+02 -1.8511581E-03 -2.2080412E-05 -3.3250619E-04  1.5966720E-03  0.0000000E+00
  2.0799350E+02 -1.7618909E-03 -2.2039960E-05 -3.0850265E-04  1.6124989E-03  0.0000000E+00
  2.0799350E+02  0.0000000E+00  0.0000000E+00  0.0000000E+00  2.2010689E-02  0.0000000E+00
  2.0799350E+02 -8.4565760E-05 -1.1395130E-05 -5.5878256E-05  2.1836769E-02  0.0000000E+00
  2.0799350E+02 -7.4703914E-04 -4.8854687E-05 -6.1733378E-05  2.0663853E-02  0.0000000E+00
  2.0799350E+02 -2.0957174E-03 -6.0154291E-05 -1.1162189E-04  1.8657536E-02  0.0000000E+00
  2.0799350E+02 -3.8548567E-03 -6.5505679E-05 -1.5611415E-04  1.6431023E-02  0.0000000E+00
  2.0799350E+02 -5.8144587E-03 -1.0917829E-04 -5.6528690E-05  1.4401242E-02  0.0000000E+00
  2.0799350E+02 -7.8341125E-03 -1.8167144E-04  2.4783966E-04  1.2740678E-02  0.0000000E+00
  2.0799350E+02 -9.8212984E-03 -2.5248066E-04  6.6605922E-04  1.1466940E-02  0.0000000E+00
  2.0799350E+02 -1.1733881E-02 -2.8468584E-04  9.8025457E-04  1.0559081E-02  0.0000000E+00
  2.0799350E+02 -1.3453592E-02 -2.4667976E-04  1.0760334E-03  9.9794964E-03  0.0000000E+00
  2.0799350E+02 -1.4893427E-02 -1.6460184E-04  9.6843386E-04  9.7034532E-03  0.0000000E+00
  2.0799350E+02 -1.5986816E-02 -7.2781819E-05  7.7538153E-04  9.7123764E-03  0.0000000E+00
  2.0799350E+02 -1.6693954E-02  2.2155412E-05  6.3738922E-04  9.9787058E-03  0.0000000E+00
  2.0799350E+02 -1.7029849E-02  1.3746915E-04  6.1810355E-04  1.0466047E-02  0.0000000E+00
  2.0799350E+02 -1.7069376E-02  2.5848596E-04  6.7021547E-04  1.1131888E-02  0.0000000E+00
  2.0799350E+02 -1.6876768E-02  2.6708150E-04  7.2044387E-04  1.1931641E-02  0.0000000E+00
  2.0799350E+02 -1.6502101E-02  1.7193346E-04  7.6456037E-04  1.2817379E-02  0.0000000E+00
  2.0799350E+02 -1.5880741E-02  9.9991841E-05  8.8442657E-04  1.3732878E-02  0.0000000E+00
  2.0799350E+02 -1.5026411E-02  7.4374540E-05  1.0632115E-03  1.4627067E-02  0.0000000E+00
  2.0799350E+02 -1.4028247E-02  5.7570586E-05  1.2613117E-03  1.5453131E-02  0.0000000E+00
  2.0799350E+02 -1.2986546E-02  1.6642385E-05  1.4496398E-03  1.6174756E-02  0.0000000E+00
  2.0799350E+02 -1.1980949E-02 -5.1076084E-05  1.6058143E-03  1.6767892E-02  0.0000000E+00
  2.0799350E+02 -1.1061570E-02 -1.2029284E-04  1.6964307E-03  1.7219703E-02  0.0000000E+00
  2.0799350E+02 -1.0253662E-02 -1.5658072E-04  1.6685847E-03  1.7526265E-02  0.0000000E+00
  2.0799350E+02 -9.5663768E-03 -1.4020679E-04  1.4738209E-03  1.7690554E-02  0.0000000E+00
  2.0799350E+02 -8.9953563E-03 -8.3360102E-05  1.1471366E-03  1.7722208E-02  0.0000000E+00
  2.0799350E+02 -8.5309979E-03 -3.0273324E-05  8.7000926E-04  1.7638483E-02  0.0000000E+00
  2.0799350E+02 -8.1889368E-03  2.2271416E-05  6.5138994E-04  1.7462783E-02  0.0000000E+00
  2.0799350E+02 -7.9291946E-03  8.1141496E-05  4.9224198E-04  1.7213359E-02  0.0000000E+00
  2.0799350E+02 -7.7316132E-03  1.3324632E-04  3.9637365E-04  1.6910376E-02  0.0000000E+00
  2.0799350E+02 -7.5891847E-03  1.6434789E-04  3.5812867E-04  1.6572402E-02  0.0000000E+00
  2.0799350E+02 -7.4967191E-03  1.6699145E-04  3.6036247E-04  1.6213603E-02  0.0000000E+00
  2.0799350E+02 -7.4452796E-03  1.4273149E-04  3.7832807E-04  1.5843277E-02  0.0000000E+00
  2.0799350E+02 -7.4210913E-03  1.0038848E-04  3.8679807E-04  1.5466935E-02  0.0000000E+00
  2.0799350E+02 -7.4076282E-03  5.2071792E-05  3.6774965E-04  1.5088143E-02  0.0000000E+00
  2.0799350E+02 -7.3895841E-03  8.7041702E-06  3.1593902E-04  1.4710339E-02  0.0000000E+00
  2.0799350E+02 -7.3574327E-03 -2.3216799E-05  2.3969223E-04  1.4337846E-02  0.0000000E+00
  2.0799350E+02 -7.3112819E-03 -4.1884779E-05  1.5423882E-04  1.3975283E-02  0.0000000E+00
  2.0799350E+02 -7.2627279E-03 -4.5742968E-05  6.4915181E-05  1.3624594E-02  0.0000000E+00
  2.0799350E+02 -7.2218499E-03 -2.9715837E-05 -5.4315377E-05  1.3280405E-02  0.0000000E+00
  2.0799350E+02 -7.1770708E-03 -1.6251041E-07 -1.8184886E-04  1.2938821E-02  0.0000000E+00
  2.0799350E+02 -7.1271365E-03  2.8867641E-05 -2.8620932E-04  1.2600811E-02  0.0000000E+00
  2.0799350E+02 -7.0681271E-03  5.1971473E-05 -3.6344242E-04  1.2268220E-02  0.0000000E+00
  2.0799350E+02 -6.9976363E-03  7.0060077E-05 -4.1885265E-04  1.1944467E-02  0.0000000E+00
  2.0799350E+02 -6.9138790E-03  8.5295508E-05 -4.5905309E-04  1.1630430E-02  0.0000000E+00
  2.0799350E+02 -6.8161469E-03  9.8336753E-05 -4.8744581E-04  1.1326405E-02  0.0000000E+00
  2.0799350E+02 -6.7050232E-03  1.0782566E-04 -5.0388815E-04  1.1031740E-02  0.0000000E+00
  2.0799350E+02 -6.5827149E-03  1.1120313E-04 -5.0647052E-04  1.0745289E-02  0.0000000E+00
  2.0799350E+02 -6.4532264E-03  1.0624024E-04 -4.9432782E-04  1.0465976E-02  0.0000000E+00
  2.0799350E+02 -6.3221873E-03  9.2625845E-05 -4.7025739E-04  1.0193312E-02  0.0000000E+00
  2.0799350E+02 -6.1961483E-03  7.2952111E-05 -4.4191682E-04  9.9277052E-03  0.0000000E+00
  2.0799350E+02 -6.0811560E-03  5.2439456E-05 -4.2037455E-04  9.6704060E-03  0.0000000E+00
  2.0799350E+02 -5.9804219E-03  3.6742420E-05 -4.1478647E-04  9.4229244E-03  0.0000000E+00
  2.0799350E+02 -5.8908971E-03  2.7177936E-05 -4.2197155E-04  9.1857691E-03  0.0000000E+00
  2.0799350E+02 -5.8025036E-03  2.2168473E-05 -4.2179908E-04  8.9583364E-03  0.0000000E+00
  2.0799350E+02 -5.7167862E-03  1.5573052E-05 -4.0835923E-04  8.7436762E-03  0.0000000E+00
  2.0799350E+02 -5.6287147E-03  9.9073869E-06 -3.7471199E-04  8.5402240E-03  0.0000000E+00
  2.0799350E+02 -5.5352350E-03  9.3183057E-06 -3.2810440E-04  8.3454775E-03  0.0000000E+00
  2.0799350E+02 -5.4358220E-03  1.3577890E-05 -2.8041654E-04  8.1567170E-03  0.0000000E+00
  2.0799350E+02 -5.3319440E-03  2.0646987E-05 -2.4238721E-04  7.9727036E-03  0.0000000E+00
  2.0799350E+02 -5.2252291E-03  2.8405602E-05 -2.1994029E-04  7.7919992E-03  0.0000000E+00
  2.0799350E+02 -5.1175647E-03  3.5546646E-05 -2.1366202E-04  7.6141789E-03  0.0000000E+00
  2.0799350E+02 -5.0106323E-03  4.1886854E-05 -2.1956952E-04  7.4393273E-03  0.0000000E+00
  2.0799350E+02 -4.9057868E-03  4.8219977E-05 -2.3106624E-04  7.2677660E-03  0.0000000E+00
  2.0799350E+02 -4.8040647E-03  5.5870479E-05 -2.4140066E-04  7.0997630E-03  0.0000000E+00
  2.0799350E+02 -4.7062630E-03  6.6102543E-05 -2.4602571E-04  6.9352909E-03  0.0000000E+00
  2.0799350E+02 -4.6130340E-03  7.9539153E-05 -2.4425622E-04  6.7739007E-03  0.0000000E+00
  2.0799350E+02 -4.5249380E-03  9.5746063E-05 -2.3962203E-04  6.6147772E-03  0.0000000E+00
  2.0799350E+02 -4.4423975E-03  1.1313543E-04 -2.3831392E-04  6.4570431E-03  0.0000000E+00
  2.0799350E+02 -4.3654962E-03  1.2934388E-04 -2.4512002E-04  6.3003774E-03  0.0000000E+00
  2.0799350E+02 -4.2932619E-03  1.4101246E-04 -2.5525403E-04  6.1454114E-03  0.0000000E+00
  2.0799350E+02 -4.2224717E-03  1.5037558E-04 -2.6134226E-04  5.9921155E-03  0.0000000E+00
  2.0799350E+02 -4.1528758E-03  1.6028745E-04 -2.6493801E-04  5.8421575E-03  0.0000000E+00
  2.0799350E+02 -4.0830423E-03  1.6773028E-04 -2.6489047E-04  5.6959074E-03  0.0000000E+00
  2.0799350E+02 -4.0110210E-03  1.7108035E-04 -2.6179486E-04  5.5535577E-03  0.0000000E+00
  2.0799350E+02 -3.9351573E-03  1.6991549E-04 -2.5703547E-04  5.4150400E-03  0.0000000E+00
  2.0799350E+02 -3.8550580E-03  1.6475489E-04 -2.5219894E-04  5.2810228E-03  0.0000000E+00
  2.0799350E+02 -3.7709214E-03  1.5671560E-04 -2.4866594E-04  5.1515883E-03  0.0000000E+00
  2.0799350E+02 -3.6838273E-03  1.4716363E-04 -2.4748674E-04  5.0271618E-03  0.0000000E+00
  2.0799350E+02 -3.5952397E-03  1.3738283E-04 -2.4935533E-04  4.9082583E-03  0.0000000E+00
  2.0799350E+02 -3.5065575E-03  1.2829342E-04 -2.5466437E-04  4.7954360E-03  0.0000000E+00
  2.0799350E+02 -3.4186960E-03  1.2025699E-04 -2.6357039E-04  4.6892316E-03  0.0000000E+00
  2.0799350E+02 -3.3318006E-03  1.1300321E-04 -2.7600618E-04  4.5900834E-03  0.0000000E+00
  2.0799350E+02 -3.2451966E-03  1.0571333E-04 -2.9157667E-04  4.4982495E-03  0.0000000E+00
  2.0799350E+02 -3.1576766E-03  9.7295535E-05 -3.0927515E-04  4.4137267E-03  0.0000000E+00
  2.0799350E+02 -3.0682295E-03  8.6887453E-05 -3.2695625E-04  4.3361774E-03  0.0000000E+00
  2.0799350E+02 -2.9773136E-03  7.4620718E-05 -3.4050244E-04  4.2648692E-03  0.0000000E+00
  2.0799350E+02 -2.8872175E-03  6.2584918E-05 -3.4582889E-04  4.1993047E-03  0.0000000E+00
  2.0799350E+02 -2.7984917E-03  5.1551228E-05 -3.4541231E-04  4.1388229E-03  0.0000000E+00
  2.0799350E+02 -2.7101464E-03  4.1061422E-05 -3.3898283E-04  4.0809866E-03  0.0000000E+00
  2.0799350E+02 -2.6209160E-03  3.1097361E-05 -3.3005932E-04  4.0246870E-03  0.0000000E+00
  2.0799350E+02 -2.5307405E-03  2.1597179E-05 -3.2178112E-04  3.9690826E-03  0.0000000E+00
  2.0799350E+02 -2.4405714E-03  1.2553131E-05 -3.1632519E-04  3.9138723E-03  0.0000000E+00
  2.0799350E+02 -2.3509528E-03  3.9536997E-06 -3.1453124E-04  3.8586699E-03  0.0000000E+00
  2.0799350E+02 -2.2623152E-03 -4.1223370E-06 -3.1595805E-04  3.8033089E-03  0.0000000E+00
  2.0799350E+02 -2.1747073E-03 -1.1501192E-05 -3.1908097E-04  3.7477034E-03  0.0000000E+00
  2.0799350E+02 -2.0878154E-03 -1.7908306E-05 -3.2165598E-04  3.6918176E-03  0.0000000E+00
  2.0799350E+02 -2.0010795E-03 -2.2982490E-05 -3.2117017E-04  3.6356507E-03  0.0000000E+00
  2.0799350E+02 -1.9138640E-03 -2.6314941E-05 -3.1531320E-04  3.5792384E-03  0.0000000E+00
  2.0799350E+02 -1.8256403E-03 -2.7518037E-05 -3.0240441E-04  3.5226710E-03  0.0000000E+00
  2.0799350E+02  4.4700274E-13 -1.6778503E-14 -3.8480216E-13  6.8359326E-02  0.0000000E+00
  2.0799350E+02  8.3242032E-04 -1.4852408E-06 -1.8681963E-05  6.8360055E-02  0.0000000E+00
  2.0799350E+02  2.1203776E-04  4.9018501E-05  2.8743410E-04  6.6935747E-02  0.0000000E+00
  2.0799350E+02 -1.8800256E-03  1.0748982E-04  5.4850948E-04  6.4139371E-02  0.0000000E+00
  2.0799350E+02 -4.3785376E-03  1.7558035E-04  5.7008072E-04  6.0758944E-02  0.0000000E+00
  2.0799350E+02 -6.8754117E-03  2.3874859E-04  4.6533635E-04  5.7364607E-02  0.0000000E+00
  2.0799350E+02 -9.2200595E-03  2.7811905E-04  3.2291177E-04  5.4251269E-02  0.0000000E+00
  2.0799350E+02 -1.1293319E-02  2.9902583E-04  2.8078073E-04  5.1549900E-02  0.0000000E+00
  2.0799350E+02 -1.3012780E-02  3.2371427E-04  4.1233004E-04  4.9298094E-02  0.0000000E+00
  2.0799350E+02 -1.4368448E-02  3.8012270E-04  5.5745526E-04  4.7468080E-02  0.0000000E+00
  2.0799350E+02 -1.5428338E-02  4.4756332E-04  6.4142474E-04  4.6030136E-02  0.0000000E+00
  2.0799350E+02 -1.6226192E-02  4.8354878E-04  6.8762984E-04  4.4921514E-02  0.0000000E+00
  2.0799350E+02 -1.6743834E-02  4.6472847E-04  7.5105082E-04  4.4061087E-02  0.0000000E+00
  2.0799350E+02 -1.6961197E-02  4.0429943E-04  8.5431690E-04  4.3395359E-02  0.0000000E+00
  2.0799350E+02 -1.6907989E-02  3.3474489E-04  9.4640940E-04  4.2909843E-02  0.0000000E+00
  2.0799350E+02 -1.6636629E-02  2.5797909E-04  9.2391319E-04  4.2573351E-02  0.0000000E+00
  2.0799350E+02 -1.6177293E-02  1.4871244E-04  7.1540505E-04  4.2343096E-02  0.0000000E+00
  2.0799350E+02 -1.5539959E-02  8.7216420E-05  4.5063435E-04  4.2158354E-02  0.0000000E+00
  2.0799350E+02 -1.4795362E-02  9.0617754E-05  3.2254393E-04  4.1944500E-02  0.0000000E+00
  2.0799350E+02 -1.4024058E-02  1.2435533E-04  4.1570739E-04  4.1637377E-02  0.0000000E+00
  2.0799350E+02 -1.3268758E-02  1.5024933E-04  6.8353011E-04  4.1211309E-02  0.0000000E+00
  2.0799350E+02 -1.2528493E-02  1.4982365E-04  9.9556410E-04  4.0674067E-02  0.0000000E+00
  2.0799350E+02 -1.1791758E-02  1.2806838E-04  1.2118057E-03  4.0052938E-02  0.0000000E+00
  2.0799350E+02 -1.1061690E-02  1.0434008E-04  1.2587879E-03  3.9370233E-02  0.0000000E+00
  2.0799350E+02 -1.0370421E-02  9.5218777E-05  1.1654126E-03  3.8631043E-02  0.0000000E+00
  2.0799350E+02 -9.7540713E-03  9.5394277E-05  1.0258139E-03  3.7833463E-02  0.0000000E+00
  2.0799350E+02 -9.2054696E-03  8.5716735E-05  8.9077703E-04  3.6971176E-02  0.0000000E+00
  2.0799350E+02 -8.7571717E-03  5.9764923E-05  7.9979720E-04  3.6061329E-02  0.0000000E+00
  2.0799350E+02 -8.3990624E-03  3.6595536E-05  7.0760922E-04  3.5101787E-02  0.0000000E+00
  2.0799350E+02 -8.1224029E-03  2.4908542E-05  5.9036705E-04  3.4096872E-02  0.0000000E+00
  2.0799350E+02 -7.9179721E-03  2.3400114E-05  4.5048737E-04  3.3063239E-02  0.0000000E+00
  2.0799350E+02 -7.7721882E-03  2.8301882E-05  3.0494865E-04  3.2014349E-02  0.0000000E+00
  2.0799350E+02 -7.6695364E-03  3.6539396E-05  1.7632575E-04  3.0966568E-02  0.0000000E+00
  2.0799350E+02 -7.5934008E-03  4.5971875E-05  8.2747433E-05  2.9931062E-02  0.0000000E+00
  2.0799350E+02 -7.5294490E-03  5.4242653E-05  3.1282057E-05  2.8916053E-02  0.0000000E+00
  2.0799350E+02 -7.4682315E-03  5.7680676E-05  1.4411466E-05  2.7929534E-02  0.0000000E+00
  2.0799350E+02 -7.4055954E-03  5.1756630E-05  1.0754931E-05  2.6973103E-02  0.0000000E+00
  2.0799350E+02 -7.3412533E-03  3.4490427E-05 -8.7699898E-06  2.6050225E-02  0.0000000E+00
  2.0799350E+02 -7.2723080E-03  1.4443235E-05 -6.8745361E-05  2.5154746E-02  0.0000000E+00
  2.0799350E+02 -7.1909620E-03  8.7393900E-06 -1.6759102E-04  2.4284076E-02  0.0000000E+00
  2.0799350E+02 -7.1025958E-03  1.6431046E-05 -2.7843097E-04  2.3440511E-02  0.0000000E+00
  2.0799350E+02 -7.0153107E-03  3.3685419E-05 -3.6787195E-04  2.2618978E-02  0.0000000E+00
  2.0799350E+02 -6.9301076E-03  5.3263257E-05 -4.2437797E-04  2.1825738E-02  0.0000000E+00
  2.0799350E+02 -6.8424899E-03  7.1375221E-05 -4.5191750E-04  2.1060416E-02  0.0000000E+00
  2.0799350E+02 -6.7480707E-03  8.6157979E-05 -4.5912595E-04  2.0321129E-02  0.0000000E+00
  2.0799350E+02 -6.6455186E-03  9.6666518E-05 -4.5355485E-04  1.9607684E-02  0.0000000E+00
  2.0799350E+02 -6.5365231E-03  1.0238165E-04 -4.3958161E-04  1.8917589E-02  0.0000000E+00
  2.0799350E+02 -6.4259838E-03  1.0289430E-04 -4.1902342E-04  1.8253019E-02  0.0000000E+00
  2.0799350E+02 -6.3195812E-03  9.8028189E-05 -3.9308961E-04  1.7615316E-02  0.0000000E+00
  2.0799350E+02 -6.2218562E-03  8.8024000E-05 -3.6464631E-04  1.7005359E-02  0.0000000E+00
  2.0799350E+02 -6.1345304E-03  7.3840103E-05 -3.3964823E-04  1.6423908E-02  0.0000000E+00
  2.0799350E+02 -6.0549891E-03  5.7300145E-05 -3.2635471E-04  1.5867802E-02  0.0000000E+00
  2.0799350E+02 -5.9776417E-03  4.1374398E-05 -3.3182048E-04  1.5336799E-02  0.0000000E+00
  2.0799350E+02 -5.8958601E-03  3.0016487E-05 -3.5361016E-04  1.4832087E-02  0.0000000E+00
  2.0799350E+02 -5.8122343E-03  2.8114678E-05 -3.7508049E-04  1.4352358E-02  0.0000000E+00
  2.0799350E+02 -5.7264707E-03  2.5287833E-05 -3.7928796E-04  1.3896405E-02  0.0000000E+00
  2.0799350E+02 -5.6339442E-03  2.4679166E-05 -3.6772242E-04  1.3462659E-02  0.0000000E+00
  2.0799350E+02 -5.5351222E-03  2.8874001E-05 -3.4913153E-04  1.3047796E-02  0.0000000E+00
  2.0799350E+02 -5.4305753E-03  3.6635375E-05 -3.3034375E-04  1.2649352E-02  0.0000000E+00
  2.0799350E+02 -5.3215038E-03  4.5439030E-05 -3.1508999E-04  1.2265867E-02  0.0000000E+00
  2.0799350E+02 -5.2099503E-03  5.3050790E-05 -3.0398774E-04  1.1897021E-02  0.0000000E+00
  2.0799350E+02 -5.0978196E-03  5.8382507E-05 -2.9524607E-04  1.1540875E-02  0.0000000E+00
  2.0799350E+02 -4.9876129E-03  6.1606087E-05 -2.8602241E-04  1.1197351E-02  0.0000000E+00
  2.0799350E+02 -4.8812464E-03  6.3951969E-05 -2.7375674E-04  1.0865652E-02  0.0000000E+00
  2.0799350E+02 -4.7798495E-03  6.7150070E-05 -2.5745008E-04  1.0544861E-02  0.0000000E+00
  2.0799350E+02 -4.6836907E-03  7.2750275E-05 -2.3847637E-04  1.0234489E-02  0.0000000E+00
  2.0799350E+02 -4.5915754E-03  8.1538904E-05 -2.2043126E-04  9.9324880E-03  0.0000000E+00
  2.0799350E+02 -4.5021964E-03  9.3065033E-05 -2.0819988E-04  9.6384419E-03  0.0000000E+00
  2.0799350E+02 -4.4143429E-03  1.0562104E-04 -2.0526242E-04  9.3515564E-03  0.0000000E+00
  2.0799350E+02 -4.3284934E-03  1.1671996E-04 -2.0940081E-04  9.0712353E-03  0.0000000E+00
  2.0799350E+02 -4.2483888E-03  1.2398848E-04 -2.0879509E-04  8.7982370E-03  0.0000000E+00
  2.0799350E+02 -4.1701117E-03  1.3038264E-04 -2.0703752E-04  8.5322327E-03  0.0000000E+00
  2.0799350E+02 -4.0920223E-03  1.3966001E-04 -2.0972576E-04  8.2734704E-03  0.0000000E+00
  2.0799350E+02 -4.0136667E-03  1.5043362E-04 -2.1761779E-04  8.0232445E-03  0.0000000E+00
  2.0799350E+02 -3.9340053E-03  1.6013672E-04 -2.2881047E-04  7.7819537E-03  0.0000000E+00
  2.0799350E+02 -3.8523336E-03  1.6643683E-04 -2.4069866E-04  7.5499816E-03  0.0000000E+00
  2.0799350E+02 -3.7681192E-03  1.6801922E-04 -2.5127948E-04  7.3264952E-03  0.0000000E+00
  2.0799350E+02 -3.6818942E-03  1.6473559E-04 -2.5962597E-04  7.1119489E-03  0.0000000E+00
  2.0799350E+02 -3.5945636E-03  1.5747757E-04 -2.6606962E-04  6.9065895E-03  0.0000000E+00
  2.0799350E+02 -3.5072435E-03  1.4773067E-04 -2.7190820E-04  6.7108250E-03  0.0000000E+00
  2.0799350E+02 -3.4210475E-03  1.3704554E-04 -2.7887545E-04  6.5254355E-03  0.0000000E+00
  2.0799350E+02 -3.3361820E-03  1.2644405E-04 -2.8855574E-04  6.3502274E-03  0.0000000E+00
  2.0799350E+02 -3.2525839E-03  1.1617213E-04 -3.0169547E-04  6.1857511E-03  0.0000000E+00
  2.0799350E+02 -3.1693073E-03  1.0557417E-04 -3.1775774E-04  6.0319272E-03  0.0000000E+00
  2.0799350E+02 -3.0849082E-03  9.3500860E-05 -3.3469084E-04  5.8882865E-03  0.0000000E+00
  2.0799350E+02 -2.9981884E-03  7.9308053E-05 -3.4907930E-04  5.7541809E-03  0.0000000E+00
  2.0799350E+02 -2.9086505E-03  6.4450712E-05 -3.5692702E-04  5.6279966E-03  0.0000000E+00
  2.0799350E+02 -2.8179290E-03  5.3272750E-05 -3.5788467E-04  5.5090180E-03  0.0000000E+00
  2.0799350E+02 -2.7270023E-03  4.2495323E-05 -3.5569231E-04  5.3965027E-03  0.0000000E+00
  2.0799350E+02 -2.6372569E-03  3.2225988E-05 -3.4850550E-04  5.2886419E-03  0.0000000E+00
  2.0799350E+02 -2.5488932E-03  2.2712541E-05 -3.3903505E-04  5.1846244E-03  0.0000000E+00
  2.0799350E+02 -2.4614690E-03  1.3867801E-05 -3.2957516E-04  5.0834484E-03  0.0000000E+00
  2.0799350E+02 -2.3748845E-03  5.5532649E-06 -3.2167318E-04  4.9847845E-03  0.0000000E+00
  2.0799350E+02 -2.2888577E-03 -2.3524955E-06 -3.1589030E-04  4.8881770E-03  0.0000000E+00
  2.0799350E+02 -2.2031090E-03 -9.8544893E-06 -3.1184703E-04  4.7931795E-03  0.0000000E+00
  2.0799350E+02 -2.1175212E-03 -1.6792415E-05 -3.0841471E-04  4.6995177E-03  0.0000000E+00
  2.0799350E+02 -2.0315733E-03 -2.2887784E-05 -3.0398346E-04  4.6065071E-03  0.0000000E+00
  2.0799350E+02 -1.9451967E-03 -2.7709350E-05 -2.9683361E-04  4.5140479E-03  0.0000000E+00
  2.0799350E+02 -1.8582107E-03 -3.0784950E-05 -2.8545754E-04  4.4220639E-03  0.0000000E+00
  2.0799350E+02 -1.7704835E-03 -3.1676917E-05 -2.6885914E-04  4.3307149E-03  0.0000000E+00
  2.0799350E+02  5.6388742E-11 -1.0548090E-11 -4.3747627E-11  9.7479576E-02  0.0000000E+00
  2.0799350E+02  1.7220309E-03  1.2908439E-04  3.6544626E-04  9.6853098E-02  0.0000000E+00
  2.0799350E+02  2.0083586E-03  2.6314570E-04  7.8246343E-04  9.4669063E-02  0.0000000E+00
  2.0799350E+02  1.3283628E-04  2.3035642E-04  9.1706867E-04  9.0850578E-02  0.0000000E+00
  2.0799350E+02 -2.4805171E-03  1.0426006E-04  8.7554056E-04  8.6208513E-02  0.0000000E+00
  2.0799350E+02 -5.1662444E-03 -1.7843701E-05  8.1211755E-04  8.1373860E-02  0.0000000E+00
  2.0799350E+02 -7.6735719E-03 -8.6086133E-05  8.4925402E-04  7.6715690E-02  0.0000000E+00
  2.0799350E+02 -9.9049621E-03 -1.0410074E-04  9.2610323E-04  7.2425727E-02  0.0000000E+00
  2.0799350E+02 -1.1797566E-02 -1.1085127E-04  9.8006594E-04  6.8583996E-02  0.0000000E+00
  2.0799350E+02 -1.3300688E-02 -1.0203272E-04  1.0499607E-03  6.5206080E-02  0.0000000E+00
  2.0799350E+02 -1.4436022E-02 -6.7480754E-05  1.1600625E-03  6.2270605E-02  0.0000000E+00
  2.0799350E+02 -1.5233215E-02 -1.4828689E-05  1.2568512E-03  5.9741814E-02  0.0000000E+00
  2.0799350E+02 -1.5713020E-02  3.5264812E-05  1.2681020E-03  5.7575096E-02  0.0000000E+00
  2.0799350E+02 -1.5902717E-02  6.5149702E-05  1.1904072E-03  5.5703407E-02  0.0000000E+00
  2.0799350E+02 -1.5843927E-02  6.7934465E-05  1.1004287E-03  5.4041887E-02  0.0000000E+00
  2.0799350E+02 -1.5570710E-02  3.0360711E-05  1.0368967E-03  5.2506805E-02  0.0000000E+00
  2.0799350E+02 -1.5104983E-02  3.4062977E-05  9.6715335E-04  5.1052338E-02  0.0000000E+00
  2.0799350E+02 -1.4509191E-02  6.5691265E-05  9.3649031E-04  4.9636605E-02  0.0000000E+00
  2.0799350E+02 -1.3846664E-02  9.3748503E-05  9.5123292E-04  4.8233143E-02  0.0000000E+00
  2.0799350E+02 -1.3162575E-02  1.1247521E-04  9.8188469E-04  4.6830085E-02  0.0000000E+00
  2.0799350E+02 -1.2485417E-02  1.2555333E-04  1.0107647E-03  4.5424185E-02  0.0000000E+00
  2.0799350E+02 -1.1831910E-02  1.3520750E-04  1.0374847E-03  4.4017084E-02  0.0000000E+00
  2.0799350E+02 -1.1212965E-02  1.3721389E-04  1.0626039E-03  4.2613073E-02  0.0000000E+00
  2.0799350E+02 -1.0638318E-02  1.2232631E-04  1.0697975E-03  4.1217618E-02  0.0000000E+00
  2.0799350E+02 -1.0117476E-02  8.4629687E-05  1.0268788E-03  3.9835897E-02  0.0000000E+00
  2.0799350E+02 -9.6538244E-03  3.7265305E-05  9.2582492E-04  3.8468314E-02  0.0000000E+00
  2.0799350E+02 -9.2371604E-03  1.8215870E-05  8.2102646E-04  3.7120128E-02  0.0000000E+00
  2.0799350E+02 -8.8725811E-03  1.6542345E-05  7.2923848E-04  3.5777349E-02  0.0000000E+00
  2.0799350E+02 -8.5535375E-03  1.0181060E-05  6.1630959E-04  3.4445318E-02  0.0000000E+00
  2.0799350E+02 -8.2813377E-03 -9.4393515E-07  4.7274537E-04  3.3129604E-02  0.0000000E+00
  2.0799350E+02 -8.0577250E-03 -8.3785229E-06  3.1200141E-04  3.1834499E-02  0.0000000E+00
  2.0799350E+02 -7.8781009E-03 -4.8410381E-06  1.5443333E-04  3.0565096E-02  0.0000000E+00
  2.0799350E+02 -7.7310015E-03  1.1744714E-05  1.6998065E-05  2.9327599E-02  0.0000000E+00
  2.0799350E+02 -7.6016043E-03  3.8237817E-05 -9.2028710E-05  2.8128475E-02  0.0000000E+00
  2.0799350E+02 -7.4770428E-03  6.8641839E-05 -1.7405454E-04  2.6973064E-02  0.0000000E+00
  2.0799350E+02 -7.3513063E-03  9.7191536E-05 -2.3762685E-04  2.5864275E-02  0.0000000E+00
  2.0799350E+02 -7.2275022E-03  1.2051652E-04 -2.9307969E-04  2.4801963E-02  0.0000000E+00
  2.0799350E+02 -7.1152579E-03  1.3723378E-04 -3.4510600E-04  2.3783610E-02  0.0000000E+00
  2.0799350E+02 -7.0210399E-03  1.4332085E-04 -3.8399067E-04  2.2806940E-02  0.0000000E+00
  2.0799350E+02 -6.9341096E-03  1.3230226E-04 -3.9413413E-04  2.1867679E-02  0.0000000E+00
  2.0799350E+02 -6.8452312E-03  1.2464466E-04 -4.2167227E-04  2.0964317E-02  0.0000000E+00
  2.0799350E+02 -6.7497265E-03  1.2394560E-04 -4.4575139E-04  2.0097746E-02  0.0000000E+00
  2.0799350E+02 -6.6496302E-03  1.2594009E-04 -4.4992261E-04  1.9265766E-02  0.0000000E+00
  2.0799350E+02 -6.5495645E-03  1.2473663E-04 -4.3079926E-04  1.8467985E-02  0.0000000E+00
  2.0799350E+02 -6.4535262E-03  1.1668514E-04 -3.9310145E-04  1.7704637E-02  0.0000000E+00
  2.0799350E+02 -6.3633984E-03  1.0176233E-04 -3.4566088E-04  1.6975913E-02  0.0000000E+00
  2.0799350E+02 -6.2787643E-03  8.3142454E-05 -2.9832782E-04  1.6281684E-02  0.0000000E+00
  2.0799350E+02 -6.1975990E-03  6.5621522E-05 -2.5972226E-04  1.5621497E-02  0.0000000E+00
  2.0799350E+02 -6.1174183E-03  5.3562838E-05 -2.3577103E-04  1.4994720E-02  0.0000000E+00
  2.0799350E+02 -6.0364579E-03  4.9031984E-05 -2.2897302E-04  1.4400727E-02  0.0000000E+00
  2.0799350E+02 -5.9544634E-03  5.0789174E-05 -2.3833425E-04  1.3838986E-02  0.0000000E+00
  2.0799350E+02 -5.8726648E-03  5.4806997E-05 -2.5991495E-04  1.3308947E-02  0.0000000E+00
  2.0799350E+02 -5.7925150E-03  5.6981533E-05 -2.8793028E-04  1.2809595E-02  0.0000000E+00
  2.0799350E+02 -5.7127671E-03  5.8704857E-05 -3.1634702E-04  1.2338559E-02  0.0000000E+00
  2.0799350E+02 -5.6307500E-03  6.5837024E-05 -3.4574570E-04  1.1892511E-02  0.0000000E+00
  2.0799350E+02 -5.5431021E-03  6.8586579E-05 -3.7102221E-04  1.1469542E-02  0.0000000E+00
  2.0799350E+02 -5.4470705E-03  6.9854871E-05 -3.8648916E-04  1.1067578E-02  0.0000000E+00
  2.0799350E+02 -5.3445474E-03  7.0761839E-05 -3.9082256E-04  1.0685769E-02  0.0000000E+00
  2.0799350E+02 -5.2377392E-03  7.1869751E-05 -3.8323839E-04  1.0323269E-02  0.0000000E+00
  2.0799350E+02 -5.1289563E-03  7.3510268E-05 -3.6451699E-04  9.9789753E-03  0.0000000E+00
  2.0799350E+02 -5.0203790E-03  7.5938735E-05 -3.3720080E-04  9.6514401E-03  0.0000000E+00
  2.0799350E+02 -4.9138295E-03  7.9361376E-05 -3.0518287E-04  9.3389322E-03  0.0000000E+00
  2.0799350E+02 -4.8105775E-03  8.3881155E-05 -2.7290435E-04  9.0395907E-03  0.0000000E+00
  2.0799350E+02 -4.7112097E-03  8.9407987E-05 -2.4437851E-04  8.7516285E-03  0.0000000E+00
  2.0799350E+02 -4.6155916E-03  9.5579039E-05 -2.2225936E-04  8.4735402E-03  0.0000000E+00
  2.0799350E+02 -4.5227951E-03  1.0174482E-04 -2.0715215E-04  8.2038160E-03  0.0000000E+00
  2.0799350E+02 -4.4319590E-03  1.0700452E-04 -1.9751252E-04  7.9428406E-03  0.0000000E+00
  2.0799350E+02 -4.3417598E-03  1.1049651E-04 -1.9000683E-04  7.6900874E-03  0.0000000E+00
  2.0799350E+02 -4.2516702E-03  1.1177299E-04 -1.8105283E-04  7.4457330E-03  0.0000000E+00
  2.0799350E+02 -4.1626603E-03  1.1146763E-04 -1.6934878E-04  7.2097325E-03  0.0000000E+00
  2.0799350E+02 -4.0780348E-03  1.1192960E-04 -1.6137467E-04  6.9812375E-03  0.0000000E+00
  2.0799350E+02 -3.9945342E-03  1.1576747E-04 -1.6565321E-04  6.7605821E-03  0.0000000E+00
  2.0799350E+02 -3.9106261E-03  1.2294642E-04 -1.7951500E-04  6.5486570E-03  0.0000000E+00
  2.0799350E+02 -3.8265615E-03  1.3123408E-04 -2.0048499E-04  6.3457340E-03  0.0000000E+00
  2.0799350E+02 -3.7418911E-03  1.3830924E-04 -2.2368140E-04  6.1518472E-03  0.0000000E+00
  2.0799350E+02 -3.6562368E-03  1.4240906E-04 -2.4473943E-04  5.9670072E-03  0.0000000E+00
  2.0799350E+02 -3.5696571E-03  1.4262102E-04 -2.6129862E-04  5.7913103E-03  0.0000000E+00
  2.0799350E+02 -3.4826976E-03  1.3889793E-04 -2.7335867E-04  5.6249647E-03  0.0000000E+00
  2.0799350E+02 -3.3962190E-03  1.3187420E-04 -2.8280862E-04  5.4682541E-03  0.0000000E+00
  2.0799350E+02 -3.3110945E-03  1.2256165E-04 -2.9243405E-04  5.3214586E-03  0.0000000E+00
  2.0799350E+02 -3.2278679E-03  1.1200311E-04 -3.0470718E-04  5.1847541E-03  0.0000000E+00
  2.0799350E+02 -3.1464650E-03  1.0096216E-04 -3.2066460E-04  5.0581098E-03  0.0000000E+00
  2.0799350E+02 -3.0660491E-03  8.9727025E-05 -3.3917746E-04  4.9412054E-03  0.0000000E+00
  2.0799350E+02 -2.9851135E-03  7.8107251E-05 -3.5691898E-04  4.8333872E-03  0.0000000E+00
  2.0799350E+02 -2.9019025E-03  6.5701067E-05 -3.6933387E-04  4.7336845E-03  0.0000000E+00
  2.0799350E+02 -2.8152524E-03  5.2511919E-05 -3.7291471E-04  4.6409065E-03  0.0000000E+00
  2.0799350E+02 -2.7259443E-03  3.9992350E-05 -3.6908989E-04  4.5538399E-03  0.0000000E+00
  2.0799350E+02 -2.6369275E-03  2.9939759E-05 -3.6572592E-04  4.4712027E-03  0.0000000E+00
  2.0799350E+02 -2.5486016E-03  2.0031484E-05 -3.5665453E-04  4.3923380E-03  0.0000000E+00
  2.0799350E+02 -2.4626663E-03  1.1462438E-05 -3.4662840E-04  4.3168296E-03  0.0000000E+00
  2.0799350E+02 -2.3788394E-03  3.3584708E-06 -3.3813381E-04  4.2438689E-03  0.0000000E+00
  2.0799350E+02 -2.2964587E-03 -4.6098365E-06 -3.3115183E-04  4.1728912E-03  0.0000000E+00
  2.0799350E+02 -2.2146983E-03 -1.2393101E-05 -3.2449249E-04  4.1034037E-03  0.0000000E+00
  2.0799350E+02 -2.1327479E-03 -1.9705554E-05 -3.1668929E-04  4.0349159E-03  0.0000000E+00
  2.0799350E+02 -2.0499523E-03 -2.6144402E-05 -3.0652786E-04  3.9669438E-03  0.0000000E+00
  2.0799350E+02 -1.9659107E-03 -3.1286604E-05 -2.9328278E-04  3.8990669E-03  0.0000000E+00
  2.0799350E+02 -1.8805313E-03 -3.4763507E-05 -2.7673641E-04  3.8310104E-03  0.0000000E+00
  2.0799350E+02 -1.7940407E-03 -3.6313815E-05 -2.5705373E-04  3.7627301E-03  0.0000000E+00
  2.0799350E+02 -1.7069451E-03 -3.5815345E-05 -2.3458711E-04  3.6944742E-03  0.0000000E+00
  2.0799350E+02 -1.6199411E-03 -3.3296028E-05 -2.0968485E-04  3.6267976E-03  0.0000000E+00
  2.0799350E+02  7.6302672E-11 -3.7772207E-12 -1.1740140E-11  6.0197538E-02  0.0000000E+00
  2.0799350E+02  2.1409774E-03  2.4242703E-04  7.5461785E-04  5.8576524E-02  0.0000000E+00
  2.0799350E+02  2.7571874E-03  4.7030359E-04  1.6448288E-03  5.6057738E-02  0.0000000E+00
  2.0799350E+02  9.8471317E-04  3.6851807E-04  1.9794373E-03  5.2335373E-02  0.0000000E+00
  2.0799350E+02 -1.4332350E-03  1.6284211E-04  2.0954685E-03  4.7910818E-02  0.0000000E+00
  2.0799350E+02 -3.8685784E-03  2.7756347E-05  2.1341957E-03  4.3302223E-02  0.0000000E+00
  2.0799350E+02 -6.1126594E-03 -2.0178253E-05  2.0730145E-03  3.8874819E-02  0.0000000E+00
  2.0799350E+02 -8.0773371E-03 -2.7049270E-05  1.9558923E-03  3.4854572E-02  0.0000000E+00
  2.0799350E+02 -9.7334042E-03 -2.5399128E-05  1.8294009E-03  3.1358773E-02  0.0000000E+00
  2.0799350E+02 -1.1053792E-02 -3.3075849E-05  1.7334489E-03  2.8406807E-02  0.0000000E+00
  2.0799350E+02 -1.2038279E-02 -2.7856803E-05  1.6337402E-03  2.5954315E-02  0.0000000E+00
  2.0799350E+02 -1.2706557E-02 -1.3040225E-05  1.5112697E-03  2.3926224E-02  0.0000000E+00
  2.0799350E+02 -1.3091710E-02 -1.6436042E-05  1.3952069E-03  2.2242478E-02  0.0000000E+00
  2.0799350E+02 -1.3239442E-02 -4.5271837E-05  1.3307638E-03  2.0832223E-02  0.0000000E+00
  2.0799350E+02 -1.3205757E-02 -6.1651303E-05  1.3228650E-03  1.9638140E-02  0.0000000E+00
  2.0799350E+02 -1.3048536E-02 -3.5045210E-05  1.2989344E-03  1.8610611E-02  0.0000000E+00
  2.0799350E+02 -1.2797679E-02  2.8387295E-05  1.2257787E-03  1.7702742E-02  0.0000000E+00
  2.0799350E+02 -1.2508093E-02  8.7657242E-05  1.1303524E-03  1.6873554E-02  0.0000000E+00
  2.0799350E+02 -1.2174368E-02  1.2728188E-04  1.0509203E-03  1.6101592E-02  0.0000000E+00
  2.0799350E+02 -1.1777093E-02  1.5193103E-04  1.0023785E-03  1.5380648E-02  0.0000000E+00
  2.0799350E+02 -1.1321101E-02  1.7077109E-04  9.6493674E-04  1.4710030E-02  0.0000000E+00
  2.0799350E+02 -1.0836432E-02  1.8833842E-04  9.0108528E-04  1.4087627E-02  0.0000000E+00
  2.0799350E+02 -1.0359216E-02  2.0135688E-04  7.8418380E-04  1.3506109E-02  0.0000000E+00
  2.0799350E+02 -9.9096488E-03  2.0091448E-04  6.2201071E-04  1.2952606E-02  0.0000000E+00
  2.0799350E+02 -9.4842802E-03  1.7941368E-04  4.5861093E-04  1.2412212E-02  0.0000000E+00
  2.0799350E+02 -9.0797885E-03  1.4171061E-04  3.3778026E-04  1.1875642E-02  0.0000000E+00
  2.0799350E+02 -8.7116839E-03  1.1638149E-04  2.4727295E-04  1.1344345E-02  0.0000000E+00
  2.0799350E+02 -8.3837620E-03  8.4332887E-05  1.9042686E-04  1.0819997E-02  0.0000000E+00
  2.0799350E+02 -8.1075836E-03  5.0795299E-05  1.7441479E-04  1.0302211E-02  0.0000000E+00
  2.0799350E+02 -7.8741011E-03  2.4567228E-05  1.7284632E-04  9.7925723E-03  0.0000000E+00
  2.0799350E+02 -7.6715296E-03  1.0047118E-05  1.5368107E-04  9.2944951E-03  0.0000000E+00
  2.0799350E+02 -7.4902110E-03  9.0326630E-06  9.8410569E-05  8.8117065E-03  0.0000000E+00
  2.0799350E+02 -7.3243999E-03  2.1427238E-05  7.6010650E-06  8.3473129E-03  0.0000000E+00
  2.0799350E+02 -7.1719129E-03  4.5304882E-05 -1.0300723E-04  7.9033441E-03  0.0000000E+00
  2.0799350E+02 -7.0325863E-03  7.6785213E-05 -2.1164924E-04  7.4806731E-03  0.0000000E+00
  2.0799350E+02 -6.9064846E-03  1.1016970E-04 -3.0073700E-04  7.0792119E-03  0.0000000E+00
  2.0799350E+02 -6.7928046E-03  1.3879066E-04 -3.6391924E-04  6.6982792E-03  0.0000000E+00
  2.0799350E+02 -6.6904171E-03  1.5702445E-04 -4.0580299E-04  6.3370406E-03  0.0000000E+00
  2.0799350E+02 -6.6009912E-03  1.6392016E-04 -4.3014219E-04  5.9949182E-03  0.0000000E+00
  2.0799350E+02 -6.5258066E-03  1.6415561E-04 -4.2987915E-04  5.6693647E-03  0.0000000E+00
  2.0799350E+02 -6.4537323E-03  1.6065188E-04 -4.0906060E-04  5.3568846E-03  0.0000000E+00
  2.0799350E+02 -6.3820944E-03  1.4912224E-04 -3.7205766E-04  5.0609423E-03  0.0000000E+00
  2.0799350E+02 -6.3092067E-03  1.2940786E-04 -3.2783491E-04  4.7819342E-03  0.0000000E+00
  2.0799350E+02 -6.2355636E-03  1.0578682E-04 -2.8307832E-04  4.5191444E-03  0.0000000E+00
  2.0799350E+02 -6.1617667E-03  8.3435882E-05 -2.4323472E-04  4.2717883E-03  0.0000000E+00
  2.0799350E+02 -6.0875662E-03  6.6382192E-05 -2.1283516E-04  4.0395413E-03  0.0000000E+00
  2.0799350E+02 -6.0117453E-03  5.6635130E-05 -1.9533393E-04  3.8226614E-03  0.0000000E+00
  2.0799350E+02 -5.9325768E-03  5.4188848E-05 -1.9269491E-04  3.6218219E-03  0.0000000E+00
  2.0799350E+02 -5.8485804E-03  5.7585834E-05 -2.0495687E-04  3.4377624E-03  0.0000000E+00
  2.0799350E+02 -5.7593096E-03  6.4731913E-05 -2.3000934E-04  3.2708728E-03  0.0000000E+00
  2.0799350E+02 -5.6658954E-03  7.3653091E-05 -2.6381079E-04  3.1208202E-03  0.0000000E+00
  2.0799350E+02 -5.5710785E-03  8.2884649E-05 -3.0128080E-04  2.9863330E-03  0.0000000E+00
  2.0799350E+02 -5.4784551E-03  9.1182870E-05 -3.3809774E-04  2.8652518E-03  0.0000000E+00
  2.0799350E+02 -5.3906680E-03  9.6249830E-05 -3.7363376E-04  2.7549606E-03  0.0000000E+00
  2.0799350E+02 -5.3036916E-03  9.4563534E-05 -4.0491228E-04  2.6549560E-03  0.0000000E+00
  2.0799350E+02 -5.2183063E-03  8.9396467E-05 -4.1590401E-04  2.5659696E-03  0.0000000E+00
  2.0799350E+02 -5.1313612E-03  8.5078355E-05 -4.0694965E-04  2.4864308E-03  0.0000000E+00
  2.0799350E+02 -5.0399422E-03  8.4391308E-05 -3.8135371E-04  2.4154475E-03  0.0000000E+00
  2.0799350E+02 -4.9444464E-03  8.8120026E-05 -3.4538063E-04  2.3518852E-03  0.0000000E+00
  2.0799350E+02 -4.8467670E-03  9.5422513E-05 -3.0593896E-04  2.2944270E-03  0.0000000E+00
  2.0799350E+02 -4.7490448E-03  1.0437844E-04 -2.6897876E-04  2.2416667E-03  0.0000000E+00
  2.0799350E+02 -4.6529078E-03  1.1262945E-04 -2.3852753E-04  2.1922220E-03  0.0000000E+00
  2.0799350E+02 -4.5591159E-03  1.1802571E-04 -2.1629011E-04  2.1448544E-03  0.0000000E+00
  2.0799350E+02 -4.4675299E-03  1.1919297E-04 -2.0173800E-04  2.0985837E-03  0.0000000E+00
  2.0799350E+02 -4.3773241E-03  1.1593452E-04 -1.9261343E-04  2.0527831E-03  0.0000000E+00
  2.0799350E+02 -4.2873600E-03  1.0938220E-04 -1.8577357E-04  2.0072427E-03  0.0000000E+00
  2.0799350E+02 -4.1966414E-03  1.0181088E-04 -1.7830044E-04  1.9621875E-03  0.0000000E+00
  2.0799350E+02 -4.1047688E-03  9.6030645E-05 -1.6880165E-04  1.9182376E-03  0.0000000E+00
  2.0799350E+02 -4.0123113E-03  9.4271029E-05 -1.5882770E-04  1.8762974E-03  0.0000000E+00
  2.0799350E+02 -3.9210166E-03  9.6471515E-05 -1.5433097E-04  1.8373603E-03  0.0000000E+00
  2.0799350E+02 -3.8324579E-03  9.9535323E-05 -1.6402563E-04  1.8014837E-03  0.0000000E+00
  2.0799350E+02 -3.7464136E-03  1.0434196E-04 -1.8187754E-04  1.7679730E-03  0.0000000E+00
  2.0799350E+02 -3.6620012E-03  1.0761605E-04 -2.0444890E-04  1.7381172E-03  0.0000000E+00
  2.0799350E+02 -3.5764181E-03  1.0870983E-04 -2.2691791E-04  1.7118795E-03  0.0000000E+00
  2.0799350E+02 -3.4891969E-03  1.0756324E-04 -2.4698487E-04  1.6898164E-03  0.0000000E+00
  2.0799350E+02 -3.4011272E-03  1.0445633E-04 -2.6421337E-04  1.6725735E-03  0.0000000E+00
  2.0799350E+02 -3.3134525E-03  9.9816771E-05 -2.7935408E-04  1.6605845E-03  0.0000000E+00
  2.0799350E+02 -3.2273149E-03  9.4078916E-05 -2.9369357E-04  1.6539332E-03  0.0000000E+00
  2.0799350E+02 -3.1434171E-03  8.7590717E-05 -3.0847095E-04  1.6523431E-03  0.0000000E+00
  2.0799350E+02 -3.0618745E-03  8.0564920E-05 -3.2440484E-04  1.6552555E-03  0.0000000E+00
  2.0799350E+02 -2.9822257E-03  7.3070868E-05 -3.4137333E-04  1.6619596E-03  0.0000000E+00
  2.0799350E+02 -2.9035758E-03  6.5063313E-05 -3.5828958E-04  1.6717369E-03  0.0000000E+00
  2.0799350E+02 -2.8248399E-03  5.6444584E-05 -3.7321559E-04  1.6839822E-03  0.0000000E+00
  2.0799350E+02 -2.7450606E-03  4.7156502E-05 -3.8375684E-04  1.6982637E-03  0.0000000E+00
  2.0799350E+02 -2.6637688E-03  3.7298396E-05 -3.8778042E-04  1.7142856E-03  0.0000000E+00
  2.0799350E+02 -2.5813598E-03  2.7267609E-05 -3.8449918E-04  1.7317140E-03  0.0000000E+00
  2.0799350E+02 -2.4994544E-03  1.7918840E-05 -3.7596465E-04  1.7498301E-03  0.0000000E+00
  2.0799350E+02 -2.4192625E-03  9.4235047E-06 -3.6548277E-04  1.7677493E-03  0.0000000E+00
  2.0799350E+02 -2.3394466E-03  1.5380135E-06 -3.5270945E-04  1.7859632E-03  0.0000000E+00
  2.0799350E+02 -2.2607923E-03 -5.9784764E-06 -3.4257672E-04  1.8034503E-03  0.0000000E+00
  2.0799350E+02 -2.1820637E-03 -1.4131181E-05 -3.3381208E-04  1.8196726E-03  0.0000000E+00
  2.0799350E+02 -2.1025146E-03 -2.2610260E-05 -3.2404532E-04  1.8341171E-03  0.0000000E+00
  2.0799350E+02 -2.0217808E-03 -3.0508151E-05 -3.1113056E-04  1.8463855E-03  0.0000000E+00
  2.0799350E+02 -1.9397971E-03 -3.6822961E-05 -2.9384255E-04  1.8562467E-03  0.0000000E+00
  2.0799350E+02 -1.8567303E-03 -4.0777332E-05 -2.7207836E-04  1.8636582E-03  0.0000000E+00
  2.0799350E+02 -1.7729237E-03 -4.1982216E-05 -2.4669588E-04  1.8687635E-03  0.0000000E+00
  2.0799350E+02 -1.6888448E-03 -4.0474972E-05 -2.1912019E-04  1.8718691E-03  0.0000000E+00
  2.0799350E+02 -1.6050299E-03 -3.6661205E-05 -1.9084918E-04  1.8734085E-03  0.0000000E+00
  2.0799350E+02 -1.5220191E-03 -3.1189780E-05 -1.6298960E-04  1.8738980E-03  0.0000000E+00
  2.0799350E+02 -1.4402752E-03 -2.4790422E-05 -1.3595481E-04  1.8738909E-03  0.0000000E+00
  2.0799350E+02  0.0000000E+00  0.0000000E+00  0.0000000E+00 -3.1931081E-02  0.0000000E+00
  2.0799350E+02  1.5198423E-03  1.3045074E-04  9.8209089E-04 -3.2617732E-02  0.0000000E+00
  2.0799350E+02  1.8606214E-03  1.9400008E-04  2.2617905E-03 -3.2868901E-02  0.0000000E+00
  2.0799350E+02  4.4382627E-04  1.3367115E-04  2.6725514E-03 -3.3246611E-02  0.0000000E+00
  2.0799350E+02 -1.2927910E-03  1.1942651E-04  2.5834239E-03 -3.3928769E-02  0.0000000E+00
  2.0799350E+02 -2.9815403E-03  1.7712345E-04  2.3415982E-03 -3.4770847E-02  0.0000000E+00
  2.0799350E+02 -4.5576916E-03  2.3404346E-04  2.1235785E-03 -3.5573277E-02  0.0000000E+00
  2.0799350E+02 -5.9941232E-03  2.3549817E-04  1.9939735E-03 -3.6186485E-02  0.0000000E+00
  2.0799350E+02 -7.2540456E-03  1.7523802E-04  1.8884174E-03 -3.6517850E-02  0.0000000E+00
  2.0799350E+02 -8.3005659E-03  8.3786950E-05  1.7743458E-03 -3.6538966E-02  0.0000000E+00
  2.0799350E+02 -9.1255258E-03 -1.3666556E-05  1.6638186E-03 -3.6261211E-02  0.0000000E+00
  2.0799350E+02 -9.7489701E-03 -9.1637151E-05  1.5767295E-03 -3.5718777E-02  0.0000000E+00
  2.0799350E+02 -1.0203792E-02 -1.2971468E-04  1.5159528E-03 -3.4956531E-02  0.0000000E+00
  2.0799350E+02 -1.0518236E-02 -1.2459964E-04  1.4594494E-03 -3.4028988E-02  0.0000000E+00
  2.0799350E+02 -1.0713989E-02 -9.5298610E-05  1.3747326E-03 -3.2989796E-02  0.0000000E+00
  2.0799350E+02 -1.0808067E-02 -6.4207270E-05  1.2567424E-03 -3.1894669E-02  0.0000000E+00
  2.0799350E+02 -1.0813809E-02 -4.8297823E-05  1.0930813E-03 -3.0784380E-02  0.0000000E+00
  2.0799350E+02 -1.0746413E-02 -3.5676002E-05  9.4133339E-04 -2.9685358E-02  0.0000000E+00
  2.0799350E+02 -1.0612098E-02 -1.9554619E-05  8.3235211E-04 -2.8600194E-02  0.0000000E+00
  2.0799350E+02 -1.0417860E-02 -6.7098379E-07  7.5686858E-04 -2.7531574E-02  0.0000000E+00
  2.0799350E+02 -1.0176094E-02  2.0502314E-05  6.8553812E-04 -2.6483824E-02  0.0000000E+00
  2.0799350E+02 -9.9019370E-03  4.5012387E-05  5.8910204E-04 -2.5460780E-02  0.0000000E+00
  2.0799350E+02 -9.6100152E-03  7.2931196E-05  4.5525423E-04 -2.4470767E-02  0.0000000E+00
  2.0799350E+02 -9.3066494E-03  1.0081074E-04  2.9515363E-04 -2.3513124E-02  0.0000000E+00
  2.0799350E+02 -8.9910432E-03  1.2124069E-04  1.3859847E-04 -2.2584893E-02  0.0000000E+00
  2.0799350E+02 -8.6610850E-03  1.2816548E-04  1.1012297E-05 -2.1680239E-02  0.0000000E+00
  2.0799350E+02 -8.3359747E-03  1.2147187E-04 -7.2265656E-05 -2.0804807E-02  0.0000000E+00
  2.0799350E+02 -8.0291334E-03  1.1214809E-04 -9.2664524E-05 -1.9963318E-02  0.0000000E+00
  2.0799350E+02 -7.7574953E-03  9.1694903E-05 -8.9023593E-05 -1.9163823E-02  0.0000000E+00
  2.0799350E+02 -7.5235928E-03  6.8560883E-05 -8.3085220E-05 -1.8411096E-02  0.0000000E+00
  2.0799350E+02 -7.3207170E-03  5.6257479E-05 -8.4847533E-05 -1.7704964E-02  0.0000000E+00
  2.0799350E+02 -7.1420823E-03  6.1821872E-05 -9.6735672E-05 -1.7046064E-02  0.0000000E+00
  2.0799350E+02 -6.9822049E-03  8.2557595E-05 -1.1678397E-04 -1.6429073E-02  0.0000000E+00
  2.0799350E+02 -6.8389051E-03  1.0882296E-04 -1.4096835E-04 -1.5848695E-02  0.0000000E+00
  2.0799350E+02 -6.7113685E-03  1.2970085E-04 -1.6490479E-04 -1.5298228E-02  0.0000000E+00
  2.0799350E+02 -6.5990504E-03  1.3883558E-04 -1.8487816E-04 -1.4774256E-02  0.0000000E+00
  2.0799350E+02 -6.4988673E-03  1.3820777E-04 -1.9903750E-04 -1.4271471E-02  0.0000000E+00
  2.0799350E+02 -6.4064423E-03  1.3630635E-04 -2.0805903E-04 -1.3787331E-02  0.0000000E+00
  2.0799350E+02 -6.3189421E-03  1.3862760E-04 -2.1616248E-04 -1.3320758E-02  0.0000000E+00
  2.0799350E+02 -6.2403901E-03  1.3894990E-04 -2.2775011E-04 -1.2874093E-02  0.0000000E+00
  2.0799350E+02 -6.1656714E-03  1.4275394E-04 -2.4636051E-04 -1.2443699E-02  0.0000000E+00
  2.0799350E+02 -6.0946756E-03  1.4180408E-04 -2.5487565E-04 -1.2027436E-02  0.0000000E+00
  2.0799350E+02 -6.0251303E-03  1.3411018E-04 -2.4869209E-04 -1.1624611E-02  0.0000000E+00
  2.0799350E+02 -5.9531795E-03  1.2138231E-04 -2.3461910E-04 -1.1234635E-02  0.0000000E+00
  2.0799350E+02 -5.8762387E-03  1.0702814E-04 -2.2220691E-04 -1.0858744E-02  0.0000000E+00
  2.0799350E+02 -5.7932341E-03  9.4464649E-05 -2.1857295E-04 -1.0495331E-02  0.0000000E+00
  2.0799350E+02 -5.7051250E-03  8.6185202E-05 -2.2650796E-04 -1.0142752E-02  0.0000000E+00
  2.0799350E+02 -5.6139780E-03  8.3190416E-05 -2.4467171E-04 -9.7982941E-03  0.0000000E+00
  2.0799350E+02 -5.5226780E-03  8.4874935E-05 -2.6898803E-04 -9.4610923E-03  0.0000000E+00
  2.0799350E+02 -5.4330110E-03  8.9254054E-05 -2.9496135E-04 -9.1289183E-03  0.0000000E+00
  2.0799350E+02 -5.3457515E-03  9.3586106E-05 -3.1941676E-04 -8.8010516E-03  0.0000000E+00
  2.0799350E+02 -5.2606292E-03  9.5240458E-05 -3.4132502E-04 -8.4777939E-03  0.0000000E+00
  2.0799350E+02 -5.1773442E-03  9.2809147E-05 -3.6076921E-04 -8.1596603E-03  0.0000000E+00
  2.0799350E+02 -5.0986990E-03  8.7450877E-05 -3.7506077E-04 -7.8488863E-03  0.0000000E+00
  2.0799350E+02 -5.0280285E-03  8.3560310E-05 -3.7734820E-04 -7.5456232E-03  0.0000000E+00
  2.0799350E+02 -4.9557173E-03  8.1710142E-05 -3.6664828E-04 -7.2504343E-03  0.0000000E+00
  2.0799350E+02 -4.8805382E-03  8.5491319E-05 -3.4492905E-04 -6.9627521E-03  0.0000000E+00
  2.0799350E+02 -4.8027033E-03  9.4722755E-05 -3.1646367E-04 -6.6839207E-03  0.0000000E+00
  2.0799350E+02 -4.7223716E-03  1.0638685E-04 -2.8506244E-04 -6.4136901E-03  0.0000000E+00
  2.0799350E+02 -4.6397519E-03  1.1680336E-04 -2.5407511E-04 -6.1523471E-03  0.0000000E+00
  2.0799350E+02 -4.5548047E-03  1.2303008E-04 -2.2620339E-04 -5.9001767E-03  0.0000000E+00
  2.0799350E+02 -4.4671135E-03  1.2359389E-04 -2.0332330E-04 -5.6569780E-03  0.0000000E+00
  2.0799350E+02 -4.3766793E-03  1.1869163E-04 -1.8654169E-04 -5.4237154E-03  0.0000000E+00
  2.0799350E+02 -4.2832006E-03  1.0996716E-04 -1.7592229E-04 -5.1998198E-03  0.0000000E+00
  2.0799350E+02 -4.1869155E-03  9.9968251E-05 -1.7073979E-04 -4.9848946E-03  0.0000000E+00
  2.0799350E+02 -4.0884134E-03  9.1436288E-05 -1.6964307E-04 -4.7778891E-03  0.0000000E+00
  2.0799350E+02 -3.9893522E-03  8.6604950E-05 -1.7102404E-04 -4.5786162E-03  0.0000000E+00
  2.0799350E+02 -3.8911907E-03  8.6408915E-05 -1.7356887E-04 -4.3856541E-03  0.0000000E+00
  2.0799350E+02 -3.7954158E-03  9.0049626E-05 -1.7704622E-04 -4.1980806E-03  0.0000000E+00
  2.0799350E+02 -3.7025476E-03  9.4784526E-05 -1.8332551E-04 -4.0154535E-03  0.0000000E+00
  2.0799350E+02 -3.6110745E-03  9.6252766E-05 -1.9532674E-04 -3.8370994E-03  0.0000000E+00
  2.0799350E+02 -3.5233302E-03  9.5468333E-05 -2.1259044E-04 -3.6618662E-03  0.0000000E+00
  2.0799350E+02 -3.4381556E-03  9.3622463E-05 -2.3357114E-04 -3.4896621E-03  0.0000000E+00
  2.0799350E+02 -3.3539776E-03  9.0312829E-05 -2.5337035E-04 -3.3192381E-03  0.0000000E+00
  2.0799350E+02 -3.2701475E-03  8.5642894E-05 -2.7070767E-04 -3.1497635E-03  0.0000000E+00
  2.0799350E+02 -3.1869890E-03  7.9997743E-05 -2.8610862E-04 -2.9818833E-03  0.0000000E+00
  2.0799350E+02 -3.1045301E-03  7.3804288E-05 -3.0086856E-04 -2.8157211E-03  0.0000000E+00
  2.0799350E+02 -3.0228991E-03  6.7437795E-05 -3.1611472E-04 -2.6519235E-03  0.0000000E+00
  2.0799350E+02 -2.9419469E-03  6.1132345E-05 -3.3240932E-04 -2.4909056E-03  0.0000000E+00
  2.0799350E+02 -2.8618368E-03  5.4999723E-05 -3.4945471E-04 -2.3338586E-03  0.0000000E+00
  2.0799350E+02 -2.7822441E-03  4.8971177E-05 -3.6631738E-04 -2.1809042E-03  0.0000000E+00
  2.0799350E+02 -2.7030378E-03  4.2880106E-05 -3.8152109E-04 -2.0321926E-03  0.0000000E+00
  2.0799350E+02 -2.6242292E-03  3.6505439E-05 -3.9338034E-04 -1.8876021E-03  0.0000000E+00
  2.0799350E+02 -2.5458902E-03  2.9622474E-05 -4.0034734E-04 -1.7465481E-03  0.0000000E+00
  2.0799350E+02 -2.4687051E-03  2.2116918E-05 -4.0128276E-04 -1.6091279E-03  0.0000000E+00
  2.0799350E+02 -2.3930142E-03  1.3965687E-05 -3.9575473E-04 -1.4748333E-03  0.0000000E+00
  2.0799350E+02 -2.3191332E-03  5.3213582E-06 -3.8404397E-04 -1.3439024E-03  0.0000000E+00
  2.0799350E+02 -2.2464693E-03 -3.4374687E-06 -3.6771206E-04 -1.2167892E-03  0.0000000E+00
  2.0799350E+02 -2.1721884E-03 -1.1347316E-05 -3.5302937E-04 -1.0939754E-03  0.0000000E+00
  2.0799350E+02 -2.0952989E-03 -1.9684955E-05 -3.3858412E-04 -9.7623909E-04  0.0000000E+00
  2.0799350E+02 -2.0162371E-03 -2.8445433E-05 -3.2196338E-04 -8.6396540E-04  0.0000000E+00
  2.0799350E+02 -1.9357312E-03 -3.6507148E-05 -3.0180588E-04 -7.5725918E-04  0.0000000E+00
  2.0799350E+02 -1.8543839E-03 -4.2510914E-05 -2.7775670E-04 -6.5582228E-04  0.0000000E+00
  2.0799350E+02 -1.7731015E-03 -4.5374427E-05 -2.5047863E-04 -5.5972764E-04  0.0000000E+00
  2.0799350E+02 -1.6921519E-03 -4.4647344E-05 -2.2110781E-04 -4.6838165E-04  0.0000000E+00
  2.0799350E+02 -1.6117528E-03 -4.0533622E-05 -1.9107849E-04 -3.8131207E-04  0.0000000E+00
  2.0799350E+02 -1.5318340E-03 -3.3798861E-05 -1.6168902E-04 -2.9787813E-04  0.0000000E+00
  2.0799350E+02 -1.4526823E-03 -2.5619306E-05 -1.3402328E-04 -2.1789765E-04  0.0000000E+00
  2.0799350E+02 -1.3741543E-03 -1.7239576E-05 -1.0845420E-04 -1.4077315E-04  0.0000000E+00
  2.0799350E+02 -1.2963001E-03 -9.7417525E-06 -8.4849028E-05 -6.6106548E-05  0.0000000E+00
