          atime         eps_uu         eps_vv         eps_ww         pm1avg           tavg
  2.0799350E+02 -1.4388566E-01 -9.3263479E-07 -7.0966909E-02 -8.4116403E-02  0.0000000E+00
  2.0799350E+02 -1.0939617E-01 -1.8238712E-03 -3.9842373E-02 -8.3523519E-02  0.0000000E+00
  2.0799350E+02 -5.5488130E-02 -4.7321013E-03 -3.2516167E-02 -8.2266432E-02  0.0000000E+00
  2.0799350E+02 -4.1428456E-02 -7.6305153E-03 -2.7480857E-02 -8.0429800E-02  0.0000000E+00
  2.0799350E+02 -3.2380945E-02 -9.8978587E-03 -2.4297781E-02 -7.8449917E-02  0.0000000E+00
  2.0799350E+02 -2.4457494E-02 -1.1505893E-02 -2.2416152E-02 -7.6577742E-02  0.0000000E+00
  2.0799350E+02 -2.0348140E-02 -1.2595661E-02 -2.1399764E-02 -7.4857711E-02  0.0000000E+00
  2.0799350E+02 -1.8467586E-02 -1.3260054E-02 -2.0577410E-02 -7.3235418E-02  0.0000000E+00
  2.0799350E+02 -1.7875601E-02 -1.3614328E-02 -1.9589993E-02 -7.1635461E-02  0.0000000E+00
  2.0799350E+02 -1.7597882E-02 -1.3779441E-02 -1.8622371E-02 -6.9996317E-02  0.0000000E+00
  2.0799350E+02 -1.7397556E-02 -1.3807826E-02 -1.7818241E-02 -6.8274457E-02  0.0000000E+00
  2.0799350E+02 -1.7150394E-02 -1.3679178E-02 -1.7058378E-02 -6.6451041E-02  0.0000000E+00
  2.0799350E+02 -1.6729945E-02 -1.3374434E-02 -1.6201707E-02 -6.4535137E-02  0.0000000E+00
  2.0799350E+02 -1.6201559E-02 -1.2931645E-02 -1.5336565E-02 -6.2559026E-02  0.0000000E+00
  2.0799350E+02 -1.5871696E-02 -1.2434858E-02 -1.4694792E-02 -6.0563377E-02  0.0000000E+00
  2.0799350E+02 -1.5761112E-02 -1.1941355E-02 -1.4166416E-02 -5.8573726E-02  0.0000000E+00
  2.0799350E+02 -1.5230628E-02 -1.1457993E-02 -1.3455831E-02 -5.6602816E-02  0.0000000E+00
  2.0799350E+02 -1.4455225E-02 -1.0958490E-02 -1.2708664E-02 -5.4656926E-02  0.0000000E+00
  2.0799350E+02 -1.3663453E-02 -1.0458680E-02 -1.2049758E-02 -5.2745672E-02  0.0000000E+00
  2.0799350E+02 -1.2955638E-02 -9.9590991E-03 -1.1436775E-02 -5.0877670E-02  0.0000000E+00
  2.0799350E+02 -1.2353110E-02 -9.4535866E-03 -1.0834277E-02 -4.9058430E-02  0.0000000E+00
  2.0799350E+02 -1.1838863E-02 -8.9393521E-03 -1.0258482E-02 -4.7290626E-02  0.0000000E+00
  2.0799350E+02 -1.1387257E-02 -8.4249008E-03 -9.7464702E-03 -4.5575487E-02  0.0000000E+00
  2.0799350E+02 -1.0980350E-02 -7.9321893E-03 -9.3035621E-03 -4.3914070E-02  0.0000000E+00
  2.0799350E+02 -1.0608446E-02 -7.4893934E-03 -8.8826303E-03 -4.2307157E-02  0.0000000E+00
  2.0799350E+02 -1.0252467E-02 -7.1106687E-03 -8.4490908E-03 -4.0752531E-02  0.0000000E+00
  2.0799350E+02 -9.8028711E-03 -6.7672635E-03 -8.0513139E-03 -3.9246318E-02  0.0000000E+00
  2.0799350E+02 -9.2656662E-03 -6.4417948E-03 -7.6471961E-03 -3.7791355E-02  0.0000000E+00
  2.0799350E+02 -8.7423022E-03 -6.1322908E-03 -7.2159208E-03 -3.6376289E-02  0.0000000E+00
  2.0799350E+02 -8.2525925E-03 -5.8372416E-03 -6.8014822E-03 -3.5009424E-02  0.0000000E+00
  2.0799350E+02 -7.7953386E-03 -5.5558560E-03 -6.4552693E-03 -3.3699519E-02  0.0000000E+00
  2.0799350E+02 -7.3738638E-03 -5.2890542E-03 -6.1960570E-03 -3.2452893E-02  0.0000000E+00
  2.0799350E+02 -7.0009257E-03 -5.0389999E-03 -6.0034943E-03 -3.1271077E-02  0.0000000E+00
  2.0799350E+02 -6.6914291E-03 -4.8081109E-03 -5.8338015E-03 -3.0150842E-02  0.0000000E+00
  2.0799350E+02 -6.4504070E-03 -4.5978794E-03 -5.6456755E-03 -2.9085790E-02  0.0000000E+00
  2.0799350E+02 -6.2637369E-03 -4.4078356E-03 -5.4244006E-03 -2.8068657E-02  0.0000000E+00
  2.0799350E+02 -6.0990610E-03 -4.2349823E-03 -5.1921621E-03 -2.7093501E-02  0.0000000E+00
  2.0799350E+02 -5.9243783E-03 -4.0740355E-03 -4.9925619E-03 -2.6156944E-02  0.0000000E+00
  2.0799350E+02 -5.7517756E-03 -3.9188008E-03 -4.8373316E-03 -2.5257619E-02  0.0000000E+00
  2.0799350E+02 -5.5667092E-03 -3.7799605E-03 -4.6239226E-03 -2.4394622E-02  0.0000000E+00
  2.0799350E+02 -5.2847362E-03 -3.6453664E-03 -4.3993954E-03 -2.3563779E-02  0.0000000E+00
  2.0799350E+02 -5.0233780E-03 -3.5153582E-03 -4.2014516E-03 -2.2762374E-02  0.0000000E+00
  2.0799350E+02 -4.8033340E-03 -3.3986986E-03 -4.0256375E-03 -2.1989609E-02  0.0000000E+00
  2.0799350E+02 -4.6257561E-03 -3.2953954E-03 -3.8689555E-03 -2.1244587E-02  0.0000000E+00
  2.0799350E+02 -4.4829661E-03 -3.2022196E-03 -3.7309165E-03 -2.0526181E-02  0.0000000E+00
  2.0799350E+02 -4.3650635E-03 -3.1158747E-03 -3.6127597E-03 -1.9832933E-02  0.0000000E+00
  2.0799350E+02 -4.2633084E-03 -3.0343361E-03 -3.5156115E-03 -1.9162985E-02  0.0000000E+00
  2.0799350E+02 -4.1711614E-03 -2.9568853E-03 -3.4383530E-03 -1.8514094E-02  0.0000000E+00
  2.0799350E+02 -4.0838652E-03 -2.8833557E-03 -3.3759664E-03 -1.7883733E-02  0.0000000E+00
  2.0799350E+02 -3.9974503E-03 -2.8131144E-03 -3.3191305E-03 -1.7269336E-02  0.0000000E+00
  2.0799350E+02 -3.9080497E-03 -2.7442993E-03 -3.2558352E-03 -1.6668676E-02  0.0000000E+00
  2.0799350E+02 -3.8124045E-03 -2.6738324E-03 -3.1757858E-03 -1.6080447E-02  0.0000000E+00
  2.0799350E+02 -3.7104449E-03 -2.5987316E-03 -3.0783663E-03 -1.5505037E-02  0.0000000E+00
  2.0799350E+02 -3.6108296E-03 -2.5192410E-03 -2.9849327E-03 -1.4945549E-02  0.0000000E+00
  2.0799350E+02 -3.4990398E-03 -2.4499913E-03 -2.9156139E-03 -1.4403164E-02  0.0000000E+00
  2.0799350E+02 -3.3978457E-03 -2.3813334E-03 -2.8487132E-03 -1.3879610E-02  0.0000000E+00
  2.0799350E+02 -3.3016896E-03 -2.3116954E-03 -2.7788708E-03 -1.3373855E-02  0.0000000E+00
  2.0799350E+02 -3.1927808E-03 -2.2463775E-03 -2.7001535E-03 -1.2885140E-02  0.0000000E+00
  2.0799350E+02 -3.0731471E-03 -2.1865715E-03 -2.6165452E-03 -1.2412852E-02  0.0000000E+00
  2.0799350E+02 -2.9525932E-03 -2.1316399E-03 -2.5350432E-03 -1.1956793E-02  0.0000000E+00
  2.0799350E+02 -2.8410973E-03 -2.0804550E-03 -2.4614367E-03 -1.1516748E-02  0.0000000E+00
  2.0799350E+02 -2.7449521E-03 -2.0320827E-03 -2.3983555E-03 -1.1092292E-02  0.0000000E+00
  2.0799350E+02 -2.6657452E-03 -1.9859743E-03 -2.3450412E-03 -1.0682756E-02  0.0000000E+00
  2.0799350E+02 -2.6012692E-03 -1.9418311E-03 -2.2982956E-03 -1.0287306E-02  0.0000000E+00
  2.0799350E+02 -2.5474573E-03 -1.8993071E-03 -2.2540605E-03 -9.9050745E-03  0.0000000E+00
  2.0799350E+02 -2.5004362E-03 -1.8577135E-03 -2.2090837E-03 -9.5352792E-03  0.0000000E+00
  2.0799350E+02 -2.4577888E-03 -1.8158902E-03 -2.1621233E-03 -9.1772813E-03  0.0000000E+00
  2.0799350E+02 -2.4181212E-03 -1.7724086E-03 -2.1141476E-03 -8.8305170E-03  0.0000000E+00
  2.0799350E+02 -2.3780256E-03 -1.7262704E-03 -2.0669814E-03 -8.4942474E-03  0.0000000E+00
  2.0799350E+02 -2.3255336E-03 -1.6782670E-03 -2.0198551E-03 -8.1670671E-03  0.0000000E+00
  2.0799350E+02 -2.2382652E-03 -1.6345546E-03 -1.9605573E-03 -7.8474938E-03  0.0000000E+00
  2.0799350E+02 -2.1487099E-03 -1.5939699E-03 -1.8960999E-03 -7.5357236E-03  0.0000000E+00
  2.0799350E+02 -2.0695213E-03 -1.5514605E-03 -1.8372191E-03 -7.2294167E-03  0.0000000E+00
  2.0799350E+02 -2.0027870E-03 -1.5096291E-03 -1.7779733E-03 -6.9290749E-03  0.0000000E+00
  2.0799350E+02 -1.9442485E-03 -1.4694927E-03 -1.7176352E-03 -6.6347323E-03  0.0000000E+00
  2.0799350E+02 -1.8885607E-03 -1.4312484E-03 -1.6580636E-03 -6.3464076E-03  0.0000000E+00
  2.0799350E+02 -1.8322557E-03 -1.3947684E-03 -1.6018400E-03 -6.0643260E-03  0.0000000E+00
  2.0799350E+02 -1.7748659E-03 -1.3598754E-03 -1.5510694E-03 -5.7889623E-03  0.0000000E+00
  2.0799350E+02 -1.7186626E-03 -1.3264499E-03 -1.5067424E-03 -5.5209547E-03  0.0000000E+00
  2.0799350E+02 -1.6674664E-03 -1.2944201E-03 -1.4685587E-03 -5.2609416E-03  0.0000000E+00
  2.0799350E+02 -1.6249850E-03 -1.2636859E-03 -1.4351085E-03 -5.0093725E-03  0.0000000E+00
  2.0799350E+02 -1.5931344E-03 -1.2340270E-03 -1.4043112E-03 -4.7663417E-03  0.0000000E+00
  2.0799350E+02 -1.5707998E-03 -1.2050476E-03 -1.3740093E-03 -4.5314992E-03  0.0000000E+00
  2.0799350E+02 -1.5535224E-03 -1.1762605E-03 -1.3426738E-03 -4.3044927E-03  0.0000000E+00
  2.0799350E+02 -1.5343938E-03 -1.1470468E-03 -1.3097727E-03 -4.0835439E-03  0.0000000E+00
  2.0799350E+02 -1.5070347E-03 -1.1173267E-03 -1.2765597E-03 -3.8683631E-03  0.0000000E+00
  2.0799350E+02 -1.4705464E-03 -1.0879491E-03 -1.2460498E-03 -3.6592063E-03  0.0000000E+00
  2.0799350E+02 -1.4324494E-03 -1.0629401E-03 -1.2197862E-03 -3.4563490E-03  0.0000000E+00
  2.0799350E+02 -1.3947176E-03 -1.0406382E-03 -1.1878455E-03 -3.2587992E-03  0.0000000E+00
  2.0799350E+02 -1.3598517E-03 -1.0175419E-03 -1.1557981E-03 -3.0690020E-03  0.0000000E+00
  2.0799350E+02 -1.3278116E-03 -9.9413831E-04 -1.1264069E-03 -2.8869868E-03  0.0000000E+00
  2.0799350E+02 -1.2995380E-03 -9.7055069E-04 -1.0997463E-03 -2.7126887E-03  0.0000000E+00
  2.0799350E+02 -1.2758726E-03 -9.4689609E-04 -1.0747903E-03 -2.5458677E-03  0.0000000E+00
  2.0799350E+02 -1.2570099E-03 -9.2346683E-04 -1.0504280E-03 -2.3860951E-03  0.0000000E+00
  2.0799350E+02 -1.2423628E-03 -9.0077183E-04 -1.0260062E-03 -2.2327900E-03  0.0000000E+00
  2.0799350E+02 -1.2307295E-03 -8.7947409E-04 -1.0015018E-03 -2.0852873E-03  0.0000000E+00
  2.0799350E+02 -1.2206438E-03 -8.6026052E-04 -9.7742490E-04 -1.9429229E-03  0.0000000E+00
  2.0799350E+02 -1.2107958E-03 -8.4368044E-04 -9.5455352E-04 -1.8051161E-03  0.0000000E+00
  2.0799350E+02 -1.2004063E-03 -8.2998875E-04 -9.3360210E-04 -1.6714337E-03  0.0000000E+00
  2.0799350E+02 -1.1894398E-03 -8.1903031E-04 -9.1492448E-04 -1.5416186E-03  0.0000000E+00
  2.0799350E+02 -4.1725713E-02 -1.2958704E-03 -3.3884163E-02 -5.2486986E-02  0.0000000E+00
  2.0799350E+02 -5.2582312E-02 -1.6135973E-03 -1.3422930E-02 -5.2518810E-02  0.0000000E+00
  2.0799350E+02 -6.2241791E-02 -2.1473451E-03 -1.3469372E-02 -5.2529435E-02  0.0000000E+00
  2.0799350E+02 -5.7809789E-02 -2.6867403E-03 -1.7570596E-02 -5.2518653E-02  0.0000000E+00
  2.0799350E+02 -5.3752369E-02 -3.6579353E-03 -1.9134745E-02 -5.2464947E-02  0.0000000E+00
  2.0799350E+02 -4.7651162E-02 -5.0045896E-03 -1.8373186E-02 -5.2383226E-02  0.0000000E+00
  2.0799350E+02 -3.7472393E-02 -6.4946547E-03 -1.6827941E-02 -5.2308207E-02  0.0000000E+00
  2.0799350E+02 -2.8729747E-02 -7.8494805E-03 -1.5794712E-02 -5.2266340E-02  0.0000000E+00
  2.0799350E+02 -2.2903463E-02 -8.8904392E-03 -1.5156744E-02 -5.2252684E-02  0.0000000E+00
  2.0799350E+02 -1.9640255E-02 -9.6187078E-03 -1.4570418E-02 -5.2232866E-02  0.0000000E+00
  2.0799350E+02 -1.7744685E-02 -1.0119709E-02 -1.4021659E-02 -5.2166675E-02  0.0000000E+00
  2.0799350E+02 -1.6533024E-02 -1.0448234E-02 -1.3538527E-02 -5.2013716E-02  0.0000000E+00
  2.0799350E+02 -1.5772139E-02 -1.0624638E-02 -1.3084751E-02 -5.1741027E-02  0.0000000E+00
  2.0799350E+02 -1.5336308E-02 -1.0658930E-02 -1.2643459E-02 -5.1334311E-02  0.0000000E+00
  2.0799350E+02 -1.4959389E-02 -1.0575954E-02 -1.2285961E-02 -5.0794307E-02  0.0000000E+00
  2.0799350E+02 -1.4522896E-02 -1.0429223E-02 -1.2092954E-02 -5.0129194E-02  0.0000000E+00
  2.0799350E+02 -1.4021216E-02 -1.0228706E-02 -1.1811295E-02 -4.9356118E-02  0.0000000E+00
  2.0799350E+02 -1.3628697E-02 -9.9525289E-03 -1.1384949E-02 -4.8501247E-02  0.0000000E+00
  2.0799350E+02 -1.3320233E-02 -9.6421874E-03 -1.0893746E-02 -4.7584892E-02  0.0000000E+00
  2.0799350E+02 -1.2961303E-02 -9.3362835E-03 -1.0410211E-02 -4.6621091E-02  0.0000000E+00
  2.0799350E+02 -1.2494836E-02 -9.0538386E-03 -9.9957337E-03 -4.5621602E-02  0.0000000E+00
  2.0799350E+02 -1.1968967E-02 -8.7906778E-03 -9.6781523E-03 -4.4594663E-02  0.0000000E+00
  2.0799350E+02 -1.1478424E-02 -8.5275629E-03 -9.4338423E-03 -4.3550973E-02  0.0000000E+00
  2.0799350E+02 -1.1072630E-02 -8.2393526E-03 -9.1868402E-03 -4.2491730E-02  0.0000000E+00
  2.0799350E+02 -1.0718231E-02 -7.9106304E-03 -8.8566423E-03 -4.1418264E-02  0.0000000E+00
  2.0799350E+02 -1.0368640E-02 -7.5462602E-03 -8.4654628E-03 -4.0336341E-02  0.0000000E+00
  2.0799350E+02 -1.0007020E-02 -7.2014474E-03 -8.1010654E-03 -3.9255908E-02  0.0000000E+00
  2.0799350E+02 -9.7109492E-03 -6.8312226E-03 -7.7735637E-03 -3.8185991E-02  0.0000000E+00
  2.0799350E+02 -9.3701165E-03 -6.4801796E-03 -7.4487725E-03 -3.7127795E-02  0.0000000E+00
  2.0799350E+02 -8.9532326E-03 -6.1767469E-03 -7.1109029E-03 -3.6078868E-02  0.0000000E+00
  2.0799350E+02 -8.5089818E-03 -5.9166521E-03 -6.7804043E-03 -3.5038230E-02  0.0000000E+00
  2.0799350E+02 -8.0951101E-03 -5.6840569E-03 -6.4797067E-03 -3.4011613E-02  0.0000000E+00
  2.0799350E+02 -7.7392614E-03 -5.4612154E-03 -6.2152086E-03 -3.2999555E-02  0.0000000E+00
  2.0799350E+02 -7.4371620E-03 -5.2370549E-03 -5.9806071E-03 -3.2005076E-02  0.0000000E+00
  2.0799350E+02 -7.1644636E-03 -5.0084067E-03 -5.7650860E-03 -3.1030503E-02  0.0000000E+00
  2.0799350E+02 -6.8991207E-03 -4.7805131E-03 -5.5653321E-03 -3.0084450E-02  0.0000000E+00
  2.0799350E+02 -6.6354839E-03 -4.5613190E-03 -5.3880702E-03 -2.9170281E-02  0.0000000E+00
  2.0799350E+02 -6.3888139E-03 -4.3590184E-03 -5.2438429E-03 -2.8290437E-02  0.0000000E+00
  2.0799350E+02 -6.1717212E-03 -4.1776121E-03 -5.1190033E-03 -2.7438111E-02  0.0000000E+00
  2.0799350E+02 -5.9388398E-03 -4.0166862E-03 -4.9316010E-03 -2.6612305E-02  0.0000000E+00
  2.0799350E+02 -5.6740860E-03 -3.8558452E-03 -4.6712779E-03 -2.5809324E-02  0.0000000E+00
  2.0799350E+02 -5.4044973E-03 -3.6992166E-03 -4.4165770E-03 -2.5025280E-02  0.0000000E+00
  2.0799350E+02 -5.1481148E-03 -3.5539142E-03 -4.1969766E-03 -2.4264175E-02  0.0000000E+00
  2.0799350E+02 -4.9185425E-03 -3.4224426E-03 -4.0136152E-03 -2.3525349E-02  0.0000000E+00
  2.0799350E+02 -4.7232461E-03 -3.3053212E-03 -3.8583021E-03 -2.2810729E-02  0.0000000E+00
  2.0799350E+02 -4.5609907E-03 -3.2009716E-03 -3.7219326E-03 -2.2117904E-02  0.0000000E+00
  2.0799350E+02 -4.4256671E-03 -3.1076062E-03 -3.6003537E-03 -2.1445815E-02  0.0000000E+00
  2.0799350E+02 -4.3088852E-03 -3.0233869E-03 -3.4940239E-03 -2.0792133E-02  0.0000000E+00
  2.0799350E+02 -4.2040909E-03 -2.9472184E-03 -3.4061988E-03 -2.0157602E-02  0.0000000E+00
  2.0799350E+02 -4.1076728E-03 -2.8777237E-03 -3.3380269E-03 -1.9538731E-02  0.0000000E+00
  2.0799350E+02 -4.0201428E-03 -2.8134349E-03 -3.2859602E-03 -1.8932536E-02  0.0000000E+00
  2.0799350E+02 -3.9431764E-03 -2.7519189E-03 -3.2400758E-03 -1.8335908E-02  0.0000000E+00
  2.0799350E+02 -3.8726386E-03 -2.6886777E-03 -3.1859567E-03 -1.7745907E-02  0.0000000E+00
  2.0799350E+02 -3.7870394E-03 -2.6163688E-03 -3.1121142E-03 -1.7166365E-02  0.0000000E+00
  2.0799350E+02 -3.6619855E-03 -2.5367170E-03 -2.9963393E-03 -1.6596496E-02  0.0000000E+00
  2.0799350E+02 -3.5284366E-03 -2.4538067E-03 -2.8852008E-03 -1.6036622E-02  0.0000000E+00
  2.0799350E+02 -3.3935129E-03 -2.3701155E-03 -2.7981079E-03 -1.5490893E-02  0.0000000E+00
  2.0799350E+02 -3.2645762E-03 -2.2927278E-03 -2.7235629E-03 -1.4962048E-02  0.0000000E+00
  2.0799350E+02 -3.1428467E-03 -2.2235383E-03 -2.6544848E-03 -1.4450032E-02  0.0000000E+00
  2.0799350E+02 -3.0278806E-03 -2.1620983E-03 -2.5873520E-03 -1.3955280E-02  0.0000000E+00
  2.0799350E+02 -2.9194020E-03 -2.1069703E-03 -2.5208844E-03 -1.3477487E-02  0.0000000E+00
  2.0799350E+02 -2.8180564E-03 -2.0565501E-03 -2.4550757E-03 -1.3014852E-02  0.0000000E+00
  2.0799350E+02 -2.7261654E-03 -2.0098546E-03 -2.3910507E-03 -1.2567639E-02  0.0000000E+00
  2.0799350E+02 -2.6460373E-03 -1.9660602E-03 -2.3299194E-03 -1.2133559E-02  0.0000000E+00
  2.0799350E+02 -2.5797495E-03 -1.9247146E-03 -2.2729419E-03 -1.1711469E-02  0.0000000E+00
  2.0799350E+02 -2.5278085E-03 -1.8853040E-03 -2.2210771E-03 -1.1300042E-02  0.0000000E+00
  2.0799350E+02 -2.4885724E-03 -1.8472704E-03 -2.1751126E-03 -1.0900707E-02  0.0000000E+00
  2.0799350E+02 -2.4571858E-03 -1.8094562E-03 -2.1348241E-03 -1.0512915E-02  0.0000000E+00
  2.0799350E+02 -2.4261397E-03 -1.7705073E-03 -2.0989770E-03 -1.0136360E-02  0.0000000E+00
  2.0799350E+02 -2.3862567E-03 -1.7292884E-03 -2.0646859E-03 -9.7689512E-03  0.0000000E+00
  2.0799350E+02 -2.3164329E-03 -1.6865014E-03 -2.0154725E-03 -9.4078165E-03  0.0000000E+00
  2.0799350E+02 -2.2230668E-03 -1.6414704E-03 -1.9424605E-03 -9.0591493E-03  0.0000000E+00
  2.0799350E+02 -2.1430104E-03 -1.5954428E-03 -1.8797856E-03 -8.7168537E-03  0.0000000E+00
  2.0799350E+02 -2.0679283E-03 -1.5515982E-03 -1.8231987E-03 -8.3814588E-03  0.0000000E+00
  2.0799350E+02 -1.9957055E-03 -1.5105120E-03 -1.7688026E-03 -8.0520762E-03  0.0000000E+00
  2.0799350E+02 -1.9273901E-03 -1.4717342E-03 -1.7143730E-03 -7.7294205E-03  0.0000000E+00
  2.0799350E+02 -1.8641851E-03 -1.4342376E-03 -1.6591020E-03 -7.4126556E-03  0.0000000E+00
  2.0799350E+02 -1.8068324E-03 -1.3972631E-03 -1.6038360E-03 -7.1019412E-03  0.0000000E+00
  2.0799350E+02 -1.7550781E-03 -1.3604401E-03 -1.5503990E-03 -6.7972894E-03  0.0000000E+00
  2.0799350E+02 -1.7082814E-03 -1.3240902E-03 -1.5012896E-03 -6.5006134E-03  0.0000000E+00
  2.0799350E+02 -1.6654110E-03 -1.2887028E-03 -1.4583527E-03 -6.2122396E-03  0.0000000E+00
  2.0799350E+02 -1.6260184E-03 -1.2549680E-03 -1.4225027E-03 -5.9328826E-03  0.0000000E+00
  2.0799350E+02 -1.5905115E-03 -1.2234308E-03 -1.3931679E-03 -5.6628898E-03  0.0000000E+00
  2.0799350E+02 -1.5599973E-03 -1.1941739E-03 -1.3681413E-03 -5.4016552E-03  0.0000000E+00
  2.0799350E+02 -1.5356401E-03 -1.1668273E-03 -1.3441299E-03 -5.1494772E-03  0.0000000E+00
  2.0799350E+02 -1.5164735E-03 -1.1401895E-03 -1.3174999E-03 -4.9049215E-03  0.0000000E+00
  2.0799350E+02 -1.4965126E-03 -1.1125661E-03 -1.2862239E-03 -4.6671131E-03  0.0000000E+00
  2.0799350E+02 -1.4691776E-03 -1.0839306E-03 -1.2562317E-03 -4.4355403E-03  0.0000000E+00
  2.0799350E+02 -1.4438230E-03 -1.0554502E-03 -1.2247343E-03 -4.2103737E-03  0.0000000E+00
  2.0799350E+02 -1.4099430E-03 -1.0285626E-03 -1.1883022E-03 -3.9916028E-03  0.0000000E+00
  2.0799350E+02 -1.3699584E-03 -1.0049428E-03 -1.1525102E-03 -3.7802203E-03  0.0000000E+00
  2.0799350E+02 -1.3291981E-03 -9.8382851E-04 -1.1200171E-03 -3.5768553E-03  0.0000000E+00
  2.0799350E+02 -1.2927405E-03 -9.6364364E-04 -1.0914636E-03 -3.3813694E-03  0.0000000E+00
  2.0799350E+02 -1.2639768E-03 -9.4316673E-04 -1.0664470E-03 -3.1942641E-03  0.0000000E+00
  2.0799350E+02 -1.2436426E-03 -9.2181982E-04 -1.0438334E-03 -3.0146547E-03  0.0000000E+00
  2.0799350E+02 -1.2303674E-03 -8.9990687E-04 -1.0224372E-03 -2.8418055E-03  0.0000000E+00
  2.0799350E+02 -1.2214062E-03 -8.7834192E-04 -1.0012556E-03 -2.6746116E-03  0.0000000E+00
  2.0799350E+02 -1.2137723E-03 -8.5842806E-04 -9.7981700E-04 -2.5129216E-03  0.0000000E+00
  2.0799350E+02 -1.2051991E-03 -8.4118191E-04 -9.5803041E-04 -2.3558486E-03  0.0000000E+00
  2.0799350E+02 -1.1949384E-03 -8.2710332E-04 -9.3629992E-04 -2.2030471E-03  0.0000000E+00
  2.0799350E+02 -1.9009013E-02 -1.5470531E-03 -1.8361981E-02 -2.0498925E-02  0.0000000E+00
  2.0799350E+02 -1.1316550E-02 -1.2011541E-03 -6.5960202E-03 -2.0702204E-02  0.0000000E+00
  2.0799350E+02 -1.8102086E-02 -1.6134180E-03 -4.0784445E-03 -2.0924408E-02  0.0000000E+00
  2.0799350E+02 -3.1251248E-02 -2.0718442E-03 -4.9513740E-03 -2.1202964E-02  0.0000000E+00
  2.0799350E+02 -4.3384677E-02 -2.5311728E-03 -8.0458100E-03 -2.1515074E-02  0.0000000E+00
  2.0799350E+02 -5.0168348E-02 -3.0139744E-03 -1.1928942E-02 -2.1821849E-02  0.0000000E+00
  2.0799350E+02 -5.3687128E-02 -3.5180258E-03 -1.5169809E-02 -2.2107648E-02  0.0000000E+00
  2.0799350E+02 -5.6375491E-02 -4.0706100E-03 -1.7012202E-02 -2.2391971E-02  0.0000000E+00
  2.0799350E+02 -5.3015337E-02 -4.7205750E-03 -1.6914429E-02 -2.2701555E-02  0.0000000E+00
  2.0799350E+02 -4.6182849E-02 -5.4797646E-03 -1.5909139E-02 -2.3086145E-02  0.0000000E+00
  2.0799350E+02 -3.8638653E-02 -6.2437345E-03 -1.4921391E-02 -2.3560343E-02  0.0000000E+00
  2.0799350E+02 -3.1418674E-02 -6.9135273E-03 -1.4080195E-02 -2.4117261E-02  0.0000000E+00
  2.0799350E+02 -2.5439778E-02 -7.4716764E-03 -1.3304063E-02 -2.4741059E-02  0.0000000E+00
  2.0799350E+02 -2.1161369E-02 -7.9340070E-03 -1.2588369E-02 -2.5395211E-02  0.0000000E+00
  2.0799350E+02 -1.8170286E-02 -8.2865079E-03 -1.1993968E-02 -2.6031029E-02  0.0000000E+00
  2.0799350E+02 -1.6255266E-02 -8.5399840E-03 -1.1489202E-02 -2.6629299E-02  0.0000000E+00
  2.0799350E+02 -1.4947274E-02 -8.6853422E-03 -1.0966614E-02 -2.7157388E-02  0.0000000E+00
  2.0799350E+02 -1.4046862E-02 -8.7231151E-03 -1.0557941E-02 -2.7605190E-02  0.0000000E+00
  2.0799350E+02 -1.3416992E-02 -8.7077872E-03 -1.0301892E-02 -2.7959116E-02  0.0000000E+00
  2.0799350E+02 -1.2924235E-02 -8.6640751E-03 -1.0100587E-02 -2.8213628E-02  0.0000000E+00
  2.0799350E+02 -1.2509625E-02 -8.5926993E-03 -9.8778730E-03 -2.8366963E-02  0.0000000E+00
  2.0799350E+02 -1.2175040E-02 -8.4841952E-03 -9.6246565E-03 -2.8420815E-02  0.0000000E+00
  2.0799350E+02 -1.1929829E-02 -8.3339287E-03 -9.3744243E-03 -2.8381583E-02  0.0000000E+00
  2.0799350E+02 -1.1742427E-02 -8.1514802E-03 -9.1521142E-03 -2.8260874E-02  0.0000000E+00
  2.0799350E+02 -1.1541663E-02 -7.9575655E-03 -8.9395145E-03 -2.8072864E-02  0.0000000E+00
  2.0799350E+02 -1.1312506E-02 -7.7616561E-03 -8.7003584E-03 -2.7826210E-02  0.0000000E+00
  2.0799350E+02 -1.0956486E-02 -7.5834238E-03 -8.5186819E-03 -2.7528494E-02  0.0000000E+00
  2.0799350E+02 -1.0393571E-02 -7.3655681E-03 -8.2662233E-03 -2.7192040E-02  0.0000000E+00
  2.0799350E+02 -9.8840997E-03 -7.1135327E-03 -7.9533811E-03 -2.6818650E-02  0.0000000E+00
  2.0799350E+02 -9.4675899E-03 -6.8546637E-03 -7.6370477E-03 -2.6413183E-02  0.0000000E+00
  2.0799350E+02 -9.1233012E-03 -6.6005368E-03 -7.3470342E-03 -2.5979489E-02  0.0000000E+00
  2.0799350E+02 -8.8241906E-03 -6.3534564E-03 -7.0898034E-03 -2.5520885E-02  0.0000000E+00
  2.0799350E+02 -8.5561352E-03 -6.1122323E-03 -6.8571650E-03 -2.5040515E-02  0.0000000E+00
  2.0799350E+02 -8.3147049E-03 -5.8766032E-03 -6.6368731E-03 -2.4541571E-02  0.0000000E+00
  2.0799350E+02 -8.0917660E-03 -5.6496737E-03 -6.4220657E-03 -2.4027377E-02  0.0000000E+00
  2.0799350E+02 -7.8641994E-03 -5.4377336E-03 -6.2164861E-03 -2.3501326E-02  0.0000000E+00
  2.0799350E+02 -7.5970133E-03 -5.2468275E-03 -6.0324246E-03 -2.2966671E-02  0.0000000E+00
  2.0799350E+02 -7.2731353E-03 -5.0754426E-03 -5.8783221E-03 -2.2426161E-02  0.0000000E+00
  2.0799350E+02 -6.9621637E-03 -4.9026817E-03 -5.7329737E-03 -2.1881514E-02  0.0000000E+00
  2.0799350E+02 -6.6741762E-03 -4.7016351E-03 -5.4950451E-03 -2.1338111E-02  0.0000000E+00
  2.0799350E+02 -6.3419516E-03 -4.4969933E-03 -5.2451585E-03 -2.0800295E-02  0.0000000E+00
  2.0799350E+02 -6.0701478E-03 -4.2905361E-03 -5.0206672E-03 -2.0270826E-02  0.0000000E+00
  2.0799350E+02 -5.8251041E-03 -4.0913623E-03 -4.8063353E-03 -1.9751795E-02  0.0000000E+00
  2.0799350E+02 -5.5955358E-03 -3.9059352E-03 -4.5973460E-03 -1.9242138E-02  0.0000000E+00
  2.0799350E+02 -5.3794808E-03 -3.7377365E-03 -4.3946527E-03 -1.8740049E-02  0.0000000E+00
  2.0799350E+02 -5.1770794E-03 -3.5874952E-03 -4.2018210E-03 -1.8244327E-02  0.0000000E+00
  2.0799350E+02 -4.9877609E-03 -3.4538209E-03 -4.0230606E-03 -1.7754888E-02  0.0000000E+00
  2.0799350E+02 -4.8104107E-03 -3.3340719E-03 -3.8621423E-03 -1.7272653E-02  0.0000000E+00
  2.0799350E+02 -4.6450919E-03 -3.2252854E-03 -3.7218983E-03 -1.6799060E-02  0.0000000E+00
  2.0799350E+02 -4.4948940E-03 -3.1249992E-03 -3.6040015E-03 -1.6335401E-02  0.0000000E+00
  2.0799350E+02 -4.3664835E-03 -3.0317955E-03 -3.5087215E-03 -1.5882236E-02  0.0000000E+00
  2.0799350E+02 -4.2679292E-03 -2.9453936E-03 -3.4343537E-03 -1.5439091E-02  0.0000000E+00
  2.0799350E+02 -4.2023765E-03 -2.8661227E-03 -3.3760176E-03 -1.5004671E-02  0.0000000E+00
  2.0799350E+02 -4.1561437E-03 -2.7936020E-03 -3.3235229E-03 -1.4577825E-02  0.0000000E+00
  2.0799350E+02 -4.0460309E-03 -2.7333829E-03 -3.2388701E-03 -1.4154337E-02  0.0000000E+00
  2.0799350E+02 -3.8884610E-03 -2.6685689E-03 -3.1558139E-03 -1.3732427E-02  0.0000000E+00
  2.0799350E+02 -3.7335210E-03 -2.5934102E-03 -3.0679609E-03 -1.3312438E-02  0.0000000E+00
  2.0799350E+02 -3.5849682E-03 -2.5132117E-03 -2.9630876E-03 -1.2894012E-02  0.0000000E+00
  2.0799350E+02 -3.4457342E-03 -2.4316214E-03 -2.8485019E-03 -1.2479002E-02  0.0000000E+00
  2.0799350E+02 -3.3173132E-03 -2.3512510E-03 -2.7376369E-03 -1.2070177E-02  0.0000000E+00
  2.0799350E+02 -3.1996589E-03 -2.2740684E-03 -2.6418324E-03 -1.1670299E-02  0.0000000E+00
  2.0799350E+02 -3.0914691E-03 -2.2016055E-03 -2.5663501E-03 -1.1281527E-02  0.0000000E+00
  2.0799350E+02 -2.9907347E-03 -2.1350244E-03 -2.5096697E-03 -1.0905092E-02  0.0000000E+00
  2.0799350E+02 -2.8954332E-03 -2.0750831E-03 -2.4651138E-03 -1.0541219E-02  0.0000000E+00
  2.0799350E+02 -2.8042439E-03 -2.0220459E-03 -2.4238473E-03 -1.0189229E-02  0.0000000E+00
  2.0799350E+02 -2.7171630E-03 -1.9755792E-03 -2.3782990E-03 -9.8477936E-03  0.0000000E+00
  2.0799350E+02 -2.6358978E-03 -1.9346767E-03 -2.3250517E-03 -9.5152818E-03  0.0000000E+00
  2.0799350E+02 -2.5639172E-03 -1.8976560E-03 -2.2662489E-03 -9.1901709E-03  0.0000000E+00
  2.0799350E+02 -2.5060382E-03 -1.8622701E-03 -2.2085639E-03 -8.8714627E-03  0.0000000E+00
  2.0799350E+02 -2.4674247E-03 -1.8259758E-03 -2.1587784E-03 -8.5590680E-03  0.0000000E+00
  2.0799350E+02 -2.4514642E-03 -1.7874635E-03 -2.1181107E-03 -8.2541269E-03  0.0000000E+00
  2.0799350E+02 -2.4035215E-03 -1.7473624E-03 -2.0676676E-03 -7.9553210E-03  0.0000000E+00
  2.0799350E+02 -2.3235262E-03 -1.7035995E-03 -2.0019842E-03 -7.6622760E-03  0.0000000E+00
  2.0799350E+02 -2.2360592E-03 -1.6577493E-03 -1.9327721E-03 -7.3755501E-03  0.0000000E+00
  2.0799350E+02 -2.1527505E-03 -1.6115740E-03 -1.8672742E-03 -7.0949254E-03  0.0000000E+00
  2.0799350E+02 -2.0773122E-03 -1.5665627E-03 -1.8086854E-03 -6.8197440E-03  0.0000000E+00
  2.0799350E+02 -2.0092673E-03 -1.5236861E-03 -1.7570121E-03 -6.5491969E-03  0.0000000E+00
  2.0799350E+02 -1.9465485E-03 -1.4833244E-03 -1.7102045E-03 -6.2825603E-03  0.0000000E+00
  2.0799350E+02 -1.8871346E-03 -1.4453284E-03 -1.6653948E-03 -6.0193745E-03  0.0000000E+00
  2.0799350E+02 -1.8298989E-03 -1.4091731E-03 -1.6200743E-03 -5.7595605E-03  0.0000000E+00
  2.0799350E+02 -1.7748395E-03 -1.3741624E-03 -1.5730420E-03 -5.5034689E-03  0.0000000E+00
  2.0799350E+02 -1.7228630E-03 -1.3396456E-03 -1.5249594E-03 -5.2518561E-03  0.0000000E+00
  2.0799350E+02 -1.6752931E-03 -1.3052022E-03 -1.4783431E-03 -5.0057830E-03  0.0000000E+00
  2.0799350E+02 -1.6332754E-03 -1.2707578E-03 -1.4368297E-03 -4.7664307E-03  0.0000000E+00
  2.0799350E+02 -1.5972500E-03 -1.2365871E-03 -1.4035450E-03 -4.5348288E-03  0.0000000E+00
  2.0799350E+02 -1.5666625E-03 -1.2031653E-03 -1.3784117E-03 -4.3114901E-03  0.0000000E+00
  2.0799350E+02 -1.5400853E-03 -1.1708260E-03 -1.3542282E-03 -4.0959481E-03  0.0000000E+00
  2.0799350E+02 -1.5112235E-03 -1.1400640E-03 -1.3201089E-03 -3.8871089E-03  0.0000000E+00
  2.0799350E+02 -1.4805154E-03 -1.1104875E-03 -1.2881584E-03 -3.6847686E-03  0.0000000E+00
  2.0799350E+02 -1.4546600E-03 -1.0808598E-03 -1.2541719E-03 -3.4873466E-03  0.0000000E+00
  2.0799350E+02 -1.4297779E-03 -1.0520179E-03 -1.2190064E-03 -3.2949690E-03  0.0000000E+00
  2.0799350E+02 -1.4029914E-03 -1.0247782E-03 -1.1839649E-03 -3.1082291E-03  0.0000000E+00
  2.0799350E+02 -1.3730803E-03 -9.9962667E-04 -1.1502475E-03 -2.9278116E-03  0.0000000E+00
  2.0799350E+02 -1.3405573E-03 -9.7661525E-04 -1.1186761E-03 -2.7542431E-03  0.0000000E+00
  2.0799350E+02 -1.3073126E-03 -9.5541498E-04 -1.0896264E-03 -2.5877516E-03  0.0000000E+00
  2.0799350E+02 -1.2759752E-03 -9.3547274E-04 -1.0631036E-03 -2.4282171E-03  0.0000000E+00
  2.0799350E+02 -1.2491400E-03 -9.1622044E-04 -1.0388969E-03 -2.2751957E-03  0.0000000E+00
  2.0799350E+02 -1.2286092E-03 -8.9728488E-04 -1.0167486E-03 -2.1279987E-03  0.0000000E+00
  2.0799350E+02 -1.2147962E-03 -8.7864652E-04 -9.9647212E-04 -1.9858092E-03  0.0000000E+00
  2.0799350E+02 -1.2064411E-03 -8.6069555E-04 -9.7795630E-04 -1.8478197E-03  0.0000000E+00
  2.0799350E+02 -2.9746636E-02 -2.4194507E-03 -1.6417454E-02 -8.6958033E-03  0.0000000E+00
  2.0799350E+02 -8.2014737E-03 -1.6464960E-03 -5.5017877E-03 -8.7877795E-03  0.0000000E+00
  2.0799350E+02 -6.5138360E-03 -1.9357469E-03 -2.7898310E-03 -8.9885203E-03  0.0000000E+00
  2.0799350E+02 -1.0271714E-02 -2.3398765E-03 -2.3767587E-03 -9.3305973E-03  0.0000000E+00
  2.0799350E+02 -1.6304917E-02 -2.8686152E-03 -3.0876892E-03 -9.7587292E-03  0.0000000E+00
  2.0799350E+02 -2.3657730E-02 -3.3818145E-03 -4.5747158E-03 -1.0203615E-02  0.0000000E+00
  2.0799350E+02 -3.2068893E-02 -3.9551587E-03 -6.6750465E-03 -1.0608918E-02  0.0000000E+00
  2.0799350E+02 -4.0899279E-02 -4.6718838E-03 -9.6228578E-03 -1.0925265E-02  0.0000000E+00
  2.0799350E+02 -4.6896258E-02 -5.3027372E-03 -1.2805137E-02 -1.1106166E-02  0.0000000E+00
  2.0799350E+02 -5.0458774E-02 -5.6466922E-03 -1.5054534E-02 -1.1130144E-02  0.0000000E+00
  2.0799350E+02 -5.2671850E-02 -5.9019408E-03 -1.6565425E-02 -1.1025151E-02  0.0000000E+00
  2.0799350E+02 -5.3472375E-02 -6.2118177E-03 -1.7499091E-02 -1.0854879E-02  0.0000000E+00
  2.0799350E+02 -5.2576623E-02 -6.5509895E-03 -1.7861168E-02 -1.0687750E-02  0.0000000E+00
  2.0799350E+02 -4.9812517E-02 -6.8305889E-03 -1.7558771E-02 -1.0568926E-02  0.0000000E+00
  2.0799350E+02 -4.5351068E-02 -7.0210924E-03 -1.6654755E-02 -1.0514741E-02  0.0000000E+00
  2.0799350E+02 -3.9292419E-02 -7.1992813E-03 -1.5617371E-02 -1.0539441E-02  0.0000000E+00
  2.0799350E+02 -3.2690563E-02 -7.3045181E-03 -1.4376920E-02 -1.0644320E-02  0.0000000E+00
  2.0799350E+02 -2.7050780E-02 -7.3186452E-03 -1.3177584E-02 -1.0828967E-02  0.0000000E+00
  2.0799350E+02 -2.2424401E-02 -7.3318491E-03 -1.2136642E-02 -1.1081683E-02  0.0000000E+00
  2.0799350E+02 -1.8897425E-02 -7.3705822E-03 -1.1285440E-02 -1.1384753E-02  0.0000000E+00
  2.0799350E+02 -1.6423054E-02 -7.4295173E-03 -1.0620943E-02 -1.1719794E-02  0.0000000E+00
  2.0799350E+02 -1.4792506E-02 -7.4915348E-03 -1.0125937E-02 -1.2068761E-02  0.0000000E+00
  2.0799350E+02 -1.3699612E-02 -7.5386321E-03 -9.7704386E-03 -1.2412935E-02  0.0000000E+00
  2.0799350E+02 -1.2854623E-02 -7.5566453E-03 -9.5068242E-03 -1.2732253E-02  0.0000000E+00
  2.0799350E+02 -1.2102733E-02 -7.5366720E-03 -9.2712303E-03 -1.3007319E-02  0.0000000E+00
  2.0799350E+02 -1.1502010E-02 -7.4759501E-03 -9.0032457E-03 -1.3226763E-02  0.0000000E+00
  2.0799350E+02 -1.1101059E-02 -7.4228461E-03 -8.7515227E-03 -1.3384777E-02  0.0000000E+00
  2.0799350E+02 -1.0758625E-02 -7.3548057E-03 -8.4826594E-03 -1.3486545E-02  0.0000000E+00
  2.0799350E+02 -1.0499605E-02 -7.2397343E-03 -8.1910616E-03 -1.3534298E-02  0.0000000E+00
  2.0799350E+02 -1.0247276E-02 -7.0828859E-03 -7.9077624E-03 -1.3533384E-02  0.0000000E+00
  2.0799350E+02 -9.9420306E-03 -6.8967309E-03 -7.6523231E-03 -1.3492321E-02  0.0000000E+00
  2.0799350E+02 -9.5769795E-03 -6.6962559E-03 -7.4323595E-03 -1.3418591E-02  0.0000000E+00
  2.0799350E+02 -9.1930453E-03 -6.4950431E-03 -7.2451676E-03 -1.3317028E-02  0.0000000E+00
  2.0799350E+02 -8.8498399E-03 -6.3023684E-03 -7.0809205E-03 -1.3190004E-02  0.0000000E+00
  2.0799350E+02 -8.5885969E-03 -6.1215642E-03 -6.9269090E-03 -1.3038605E-02  0.0000000E+00
  2.0799350E+02 -8.4034405E-03 -5.9498857E-03 -6.7722967E-03 -1.2864034E-02  0.0000000E+00
  2.0799350E+02 -8.2372669E-03 -5.7801246E-03 -6.6128610E-03 -1.2668422E-02  0.0000000E+00
  2.0799350E+02 -8.0185178E-03 -5.6042121E-03 -6.4551921E-03 -1.2454268E-02  0.0000000E+00
  2.0799350E+02 -7.7551235E-03 -5.4190530E-03 -6.3198217E-03 -1.2221723E-02  0.0000000E+00
  2.0799350E+02 -7.5592053E-03 -5.2513106E-03 -6.1437855E-03 -1.1976342E-02  0.0000000E+00
  2.0799350E+02 -7.2766362E-03 -5.0551519E-03 -5.8751222E-03 -1.1722082E-02  0.0000000E+00
  2.0799350E+02 -6.9387014E-03 -4.8423302E-03 -5.6140577E-03 -1.1456382E-02  0.0000000E+00
  2.0799350E+02 -6.5923204E-03 -4.6380669E-03 -5.3755951E-03 -1.1185161E-02  0.0000000E+00
  2.0799350E+02 -6.2783141E-03 -4.4476732E-03 -5.1620546E-03 -1.0912368E-02  0.0000000E+00
  2.0799350E+02 -6.0176088E-03 -4.2686618E-03 -4.9691826E-03 -1.0640430E-02  0.0000000E+00
  2.0799350E+02 -5.8090294E-03 -4.0978575E-03 -4.7905996E-03 -1.0370622E-02  0.0000000E+00
  2.0799350E+02 -5.6351574E-03 -3.9345632E-03 -4.6207549E-03 -1.0103379E-02  0.0000000E+00
  2.0799350E+02 -5.4727308E-03 -3.7808331E-03 -4.4565596E-03 -9.8385816E-03  0.0000000E+00
  2.0799350E+02 -5.3040641E-03 -3.6399105E-03 -4.2978662E-03 -9.5758091E-03  0.0000000E+00
  2.0799350E+02 -5.1259631E-03 -3.5138827E-03 -4.1469668E-03 -9.3145946E-03  0.0000000E+00
  2.0799350E+02 -4.9526138E-03 -3.4016094E-03 -4.0072768E-03 -9.0546932E-03  0.0000000E+00
  2.0799350E+02 -4.8089210E-03 -3.2979779E-03 -3.8813782E-03 -8.7963796E-03  0.0000000E+00
  2.0799350E+02 -4.7107735E-03 -3.1955399E-03 -3.7685875E-03 -8.5407945E-03  0.0000000E+00
  2.0799350E+02 -4.6287142E-03 -3.0895861E-03 -3.6622228E-03 -8.2903543E-03  0.0000000E+00
  2.0799350E+02 -4.4826715E-03 -2.9993208E-03 -3.5185293E-03 -8.0437700E-03  0.0000000E+00
  2.0799350E+02 -4.3050192E-03 -2.9047294E-03 -3.3781770E-03 -7.8014122E-03  0.0000000E+00
  2.0799350E+02 -4.1398577E-03 -2.8111294E-03 -3.2717565E-03 -7.5642935E-03  0.0000000E+00
  2.0799350E+02 -3.9981567E-03 -2.7286068E-03 -3.1838299E-03 -7.3297741E-03  0.0000000E+00
  2.0799350E+02 -3.8694086E-03 -2.6553252E-03 -3.1007971E-03 -7.0962318E-03  0.0000000E+00
  2.0799350E+02 -3.7401098E-03 -2.5854596E-03 -3.0142445E-03 -6.8629400E-03  0.0000000E+00
  2.0799350E+02 -3.6033093E-03 -2.5139614E-03 -2.9218516E-03 -6.6299404E-03  0.0000000E+00
  2.0799350E+02 -3.4612575E-03 -2.4387719E-03 -2.8264800E-03 -6.3979047E-03  0.0000000E+00
  2.0799350E+02 -3.3231926E-03 -2.3610989E-03 -2.7340718E-03 -6.1679819E-03  0.0000000E+00
  2.0799350E+02 -3.2002982E-03 -2.2843719E-03 -2.6509801E-03 -5.9416237E-03  0.0000000E+00
  2.0799350E+02 -3.0998673E-03 -2.2124925E-03 -2.5813580E-03 -5.7203864E-03  0.0000000E+00
  2.0799350E+02 -3.0205866E-03 -2.1478921E-03 -2.5251452E-03 -5.5053417E-03  0.0000000E+00
  2.0799350E+02 -2.9517107E-03 -2.0906419E-03 -2.4778011E-03 -5.2982647E-03  0.0000000E+00
  2.0799350E+02 -2.8762869E-03 -2.0376236E-03 -2.4310612E-03 -5.0991324E-03  0.0000000E+00
  2.0799350E+02 -2.7830763E-03 -1.9845743E-03 -2.3772146E-03 -4.9072515E-03  0.0000000E+00
  2.0799350E+02 -2.6871448E-03 -1.9299334E-03 -2.3160594E-03 -4.7204885E-03  0.0000000E+00
  2.0799350E+02 -2.6289022E-03 -1.8828988E-03 -2.2600711E-03 -4.5377414E-03  0.0000000E+00
  2.0799350E+02 -2.5422536E-03 -1.8431298E-03 -2.1974572E-03 -4.3621889E-03  0.0000000E+00
  2.0799350E+02 -2.4615766E-03 -1.8018969E-03 -2.1337267E-03 -4.1883444E-03  0.0000000E+00
  2.0799350E+02 -2.3849694E-03 -1.7599879E-03 -2.0706875E-03 -4.0170930E-03  0.0000000E+00
  2.0799350E+02 -2.3113251E-03 -1.7172805E-03 -2.0080585E-03 -3.8486424E-03  0.0000000E+00
  2.0799350E+02 -2.2402433E-03 -1.6735442E-03 -1.9454465E-03 -3.6828160E-03  0.0000000E+00
  2.0799350E+02 -2.1718380E-03 -1.6288746E-03 -1.8832860E-03 -3.5192525E-03  0.0000000E+00
  2.0799350E+02 -2.1064869E-03 -1.5838340E-03 -1.8229819E-03 -3.3575318E-03  0.0000000E+00
  2.0799350E+02 -2.0445654E-03 -1.5393713E-03 -1.7665005E-03 -3.1972457E-03  0.0000000E+00
  2.0799350E+02 -1.9862102E-03 -1.4965932E-03 -1.7156513E-03 -3.0380339E-03  0.0000000E+00
  2.0799350E+02 -1.9311557E-03 -1.4564607E-03 -1.6713020E-03 -2.8796020E-03  0.0000000E+00
  2.0799350E+02 -1.8786893E-03 -1.4194838E-03 -1.6327711E-03 -2.7217431E-03  0.0000000E+00
  2.0799350E+02 -1.8277675E-03 -1.3854866E-03 -1.5976416E-03 -2.5643804E-03  0.0000000E+00
  2.0799350E+02 -1.7773388E-03 -1.3535169E-03 -1.5622372E-03 -2.4076508E-03  0.0000000E+00
  2.0799350E+02 -1.7269168E-03 -1.3219721E-03 -1.5230057E-03 -2.2520482E-03  0.0000000E+00
  2.0799350E+02 -1.6774476E-03 -1.2890157E-03 -1.4790534E-03 -2.0986459E-03  0.0000000E+00
  2.0799350E+02 -1.6325166E-03 -1.2533562E-03 -1.4360713E-03 -1.9494163E-03  0.0000000E+00
  2.0799350E+02 -1.5927397E-03 -1.2170773E-03 -1.3977136E-03 -1.8058295E-03  0.0000000E+00
  2.0799350E+02 -1.5508275E-03 -1.1824223E-03 -1.3550396E-03 -1.6683121E-03  0.0000000E+00
  2.0799350E+02 -1.5117648E-03 -1.1475801E-03 -1.3167274E-03 -1.5371555E-03  0.0000000E+00
  2.0799350E+02 -1.4747403E-03 -1.1137917E-03 -1.2788392E-03 -1.4104626E-03  0.0000000E+00
  2.0799350E+02 -1.4405440E-03 -1.0820683E-03 -1.2414753E-03 -1.2873852E-03  0.0000000E+00
  2.0799350E+02 -1.4100652E-03 -1.0530056E-03 -1.2061072E-03 -1.1677776E-03  0.0000000E+00
  2.0799350E+02 -1.3835283E-03 -1.0267373E-03 -1.1739906E-03 -1.0519052E-03  0.0000000E+00
  2.0799350E+02 -1.3603047E-03 -1.0029931E-03 -1.1454454E-03 -9.4020503E-04  0.0000000E+00
  2.0799350E+02 -1.3391342E-03 -9.8122891E-04 -1.1197900E-03 -8.3309960E-04  0.0000000E+00
  2.0799350E+02 -1.3185950E-03 -9.6079616E-04 -1.0957185E-03 -7.3086073E-04  0.0000000E+00
  2.0799350E+02 -1.2976567E-03 -9.4111698E-04 -1.0719068E-03 -6.3352377E-04  0.0000000E+00
  2.0799350E+02 -1.2761526E-03 -9.2183239E-04 -1.0476363E-03 -5.4085048E-04  0.0000000E+00
  2.0799350E+02 -1.2550087E-03 -9.0289029E-04 -1.0232216E-03 -4.5233978E-04  0.0000000E+00
  2.0799350E+02 -7.3101280E-02 -2.2718900E-03 -3.3324519E-02 -9.9522719E-04  0.0000000E+00
  2.0799350E+02 -1.8005874E-02 -2.9905827E-03 -1.0971470E-02 -1.0947418E-03  0.0000000E+00
  2.0799350E+02 -1.3626698E-02 -4.4924449E-03 -6.0709273E-03 -1.6092841E-03  0.0000000E+00
  2.0799350E+02 -1.6939713E-02 -5.3625811E-03 -5.8227167E-03 -2.5291327E-03  0.0000000E+00
  2.0799350E+02 -2.0158405E-02 -6.2228556E-03 -6.9657572E-03 -3.6061228E-03  0.0000000E+00
  2.0799350E+02 -2.3460532E-02 -7.1774346E-03 -8.8745780E-03 -4.6377050E-03  0.0000000E+00
  2.0799350E+02 -2.7046411E-02 -8.0141419E-03 -1.1377494E-02 -5.5177603E-03  0.0000000E+00
  2.0799350E+02 -3.1825910E-02 -8.7965536E-03 -1.3987206E-02 -6.1929936E-03  0.0000000E+00
  2.0799350E+02 -3.6256883E-02 -9.5130174E-03 -1.6080597E-02 -6.6228199E-03  0.0000000E+00
  2.0799350E+02 -4.0263380E-02 -1.0090467E-02 -1.7718624E-02 -6.7888258E-03  0.0000000E+00
  2.0799350E+02 -4.4038620E-02 -1.0642730E-02 -1.9442832E-02 -6.6986078E-03  0.0000000E+00
  2.0799350E+02 -4.7543388E-02 -1.1071317E-02 -2.1146037E-02 -6.3821244E-03  0.0000000E+00
  2.0799350E+02 -5.0592876E-02 -1.1175137E-02 -2.2414279E-02 -5.8860632E-03  0.0000000E+00
  2.0799350E+02 -5.2680097E-02 -1.0988558E-02 -2.3111397E-02 -5.2663279E-03  0.0000000E+00
  2.0799350E+02 -5.3662521E-02 -1.0789644E-02 -2.3450232E-02 -4.5770753E-03  0.0000000E+00
  2.0799350E+02 -5.3367006E-02 -1.0475081E-02 -2.2698762E-02 -3.8557908E-03  0.0000000E+00
  2.0799350E+02 -4.8744869E-02 -9.9751130E-03 -2.1112139E-02 -3.1381661E-03  0.0000000E+00
  2.0799350E+02 -4.4052093E-02 -9.3713487E-03 -1.9322067E-02 -2.4387390E-03  0.0000000E+00
  2.0799350E+02 -3.9719102E-02 -8.8286875E-03 -1.7513640E-02 -1.7893467E-03  0.0000000E+00
  2.0799350E+02 -3.5431217E-02 -8.4241588E-03 -1.5932653E-02 -1.2224378E-03  0.0000000E+00
  2.0799350E+02 -3.1072705E-02 -8.1518059E-03 -1.4668154E-02 -7.5807471E-04  0.0000000E+00
  2.0799350E+02 -2.6882895E-02 -7.9555736E-03 -1.3637794E-02 -3.9969610E-04  0.0000000E+00
  2.0799350E+02 -2.3259755E-02 -7.7774724E-03 -1.2710477E-02 -1.4433094E-04  0.0000000E+00
  2.0799350E+02 -2.0384034E-02 -7.5934001E-03 -1.1828643E-02  1.4307550E-05  0.0000000E+00
  2.0799350E+02 -1.8094676E-02 -7.4245716E-03 -1.1066414E-02  8.3828123E-05  0.0000000E+00
  2.0799350E+02 -1.6295427E-02 -7.3025921E-03 -1.0514255E-02  8.3392363E-05  0.0000000E+00
  2.0799350E+02 -1.4441587E-02 -7.2082703E-03 -9.8661158E-03  3.4811686E-05  0.0000000E+00
  2.0799350E+02 -1.2796977E-02 -7.0692248E-03 -9.3028771E-03 -4.1141448E-05  0.0000000E+00
  2.0799350E+02 -1.1640994E-02 -6.9357920E-03 -8.8635157E-03 -1.3088182E-04  0.0000000E+00
  2.0799350E+02 -1.0797790E-02 -6.8210710E-03 -8.4797480E-03 -2.2471478E-04  0.0000000E+00
  2.0799350E+02 -1.0202038E-02 -6.7110489E-03 -8.1224406E-03 -3.1108129E-04  0.0000000E+00
  2.0799350E+02 -9.8011817E-03 -6.5914418E-03 -7.7888297E-03 -3.8187705E-04  0.0000000E+00
  2.0799350E+02 -9.5280248E-03 -6.4594622E-03 -7.4924283E-03 -4.3332169E-04  0.0000000E+00
  2.0799350E+02 -9.3039655E-03 -6.3221516E-03 -7.2468542E-03 -4.6618212E-04  0.0000000E+00
  2.0799350E+02 -9.0684356E-03 -6.1890969E-03 -7.0557355E-03 -4.8395266E-04  0.0000000E+00
  2.0799350E+02 -8.8081827E-03 -6.0638542E-03 -6.9084581E-03 -4.9076419E-04  0.0000000E+00
  2.0799350E+02 -8.5647320E-03 -5.9382275E-03 -6.7841919E-03 -4.8976809E-04  0.0000000E+00
  2.0799350E+02 -8.4067999E-03 -5.7976303E-03 -6.6707753E-03 -4.8273520E-04  0.0000000E+00
  2.0799350E+02 -8.3385006E-03 -5.6385994E-03 -6.5968987E-03 -4.7193449E-04  0.0000000E+00
  2.0799350E+02 -8.0790333E-03 -5.4911261E-03 -6.4625538E-03 -4.5687014E-04  0.0000000E+00
  2.0799350E+02 -7.6731719E-03 -5.3349284E-03 -6.2299600E-03 -4.3629515E-04  0.0000000E+00
  2.0799350E+02 -7.3096260E-03 -5.1679850E-03 -6.0027630E-03 -4.1058650E-04  0.0000000E+00
  2.0799350E+02 -7.0009460E-03 -4.9973786E-03 -5.7626561E-03 -3.7648396E-04  0.0000000E+00
  2.0799350E+02 -6.7361539E-03 -4.8274423E-03 -5.5234150E-03 -3.3337572E-04  0.0000000E+00
  2.0799350E+02 -6.4999401E-03 -4.6597561E-03 -5.3034249E-03 -2.8283956E-04  0.0000000E+00
  2.0799350E+02 -6.2825272E-03 -4.4942249E-03 -5.1123779E-03 -2.2798166E-04  0.0000000E+00
  2.0799350E+02 -6.0808915E-03 -4.3293660E-03 -4.9471493E-03 -1.7217042E-04  0.0000000E+00
  2.0799350E+02 -5.8988437E-03 -4.1654709E-03 -4.7978510E-03 -1.1868981E-04  0.0000000E+00
  2.0799350E+02 -5.7408583E-03 -4.0046679E-03 -4.6541085E-03 -6.9580720E-05  0.0000000E+00
  2.0799350E+02 -5.6072561E-03 -3.8515573E-03 -4.5128455E-03 -2.5172375E-05  0.0000000E+00
  2.0799350E+02 -5.4908358E-03 -3.7125137E-03 -4.3821445E-03  1.6046019E-05  0.0000000E+00
  2.0799350E+02 -5.3763444E-03 -3.5921303E-03 -4.2766471E-03  5.7402776E-05  0.0000000E+00
  2.0799350E+02 -5.2476905E-03 -3.4897714E-03 -4.2041670E-03  1.0274051E-04  0.0000000E+00
  2.0799350E+02 -5.1012659E-03 -3.3910852E-03 -4.1354027E-03  1.5505644E-04  0.0000000E+00
  2.0799350E+02 -4.8644772E-03 -3.2865572E-03 -3.9498004E-03  2.1080015E-04  0.0000000E+00
  2.0799350E+02 -4.6399870E-03 -3.1795620E-03 -3.7391397E-03  2.6484638E-04  0.0000000E+00
  2.0799350E+02 -4.4692379E-03 -3.0683185E-03 -3.5558221E-03  3.1700446E-04  0.0000000E+00
  2.0799350E+02 -4.3146065E-03 -2.9617846E-03 -3.3966965E-03  3.6618345E-04  0.0000000E+00
  2.0799350E+02 -4.1670861E-03 -2.8630954E-03 -3.2622518E-03  4.1243664E-04  0.0000000E+00
  2.0799350E+02 -4.0285922E-03 -2.7722796E-03 -3.1524465E-03  4.5630138E-04  0.0000000E+00
  2.0799350E+02 -3.9017481E-03 -2.6881576E-03 -3.0647258E-03  4.9835221E-04  0.0000000E+00
  2.0799350E+02 -3.7847101E-03 -2.6088940E-03 -2.9932374E-03  5.3925699E-04  0.0000000E+00
  2.0799350E+02 -3.6724649E-03 -2.5334076E-03 -2.9307648E-03  5.7925769E-04  0.0000000E+00
  2.0799350E+02 -3.5587083E-03 -2.4609750E-03 -2.8699360E-03  6.1843838E-04  0.0000000E+00
  2.0799350E+02 -3.4398528E-03 -2.3912770E-03 -2.8053973E-03  6.5669061E-04  0.0000000E+00
  2.0799350E+02 -3.3183813E-03 -2.3242675E-03 -2.7355720E-03  6.9370544E-04  0.0000000E+00
  2.0799350E+02 -3.2028679E-03 -2.2594769E-03 -2.6628833E-03  7.2925130E-04  0.0000000E+00
  2.0799350E+02 -3.1060837E-03 -2.1965443E-03 -2.5936690E-03  7.6278121E-04  0.0000000E+00
  2.0799350E+02 -3.0353930E-03 -2.1348742E-03 -2.5348762E-03  7.9357035E-04  0.0000000E+00
  2.0799350E+02 -2.9768366E-03 -2.0742334E-03 -2.4887051E-03  8.2041632E-04  0.0000000E+00
  2.0799350E+02 -2.8551775E-03 -2.0190351E-03 -2.4287605E-03  8.4301544E-04  0.0000000E+00
  2.0799350E+02 -2.7035125E-03 -1.9674733E-03 -2.3246870E-03  8.6496533E-04  0.0000000E+00
  2.0799350E+02 -2.5986978E-03 -1.9107060E-03 -2.2304309E-03  8.8428275E-04  0.0000000E+00
  2.0799350E+02 -2.5139044E-03 -1.8535147E-03 -2.1504679E-03  9.0223225E-04  0.0000000E+00
  2.0799350E+02 -2.4360133E-03 -1.7990481E-03 -2.0844013E-03  9.1948770E-04  0.0000000E+00
  2.0799350E+02 -2.3605256E-03 -1.7488161E-03 -2.0290318E-03  9.3642965E-04  0.0000000E+00
  2.0799350E+02 -2.2871330E-03 -1.7025936E-03 -1.9796918E-03  9.5347248E-04  0.0000000E+00
  2.0799350E+02 -2.2176789E-03 -1.6593706E-03 -1.9321443E-03  9.7101643E-04  0.0000000E+00
  2.0799350E+02 -2.1538355E-03 -1.6175777E-03 -1.8832098E-03  9.8960332E-04  0.0000000E+00
  2.0799350E+02 -2.0962350E-03 -1.5757641E-03 -1.8314920E-03  1.0098697E-03  0.0000000E+00
  2.0799350E+02 -2.0442253E-03 -1.5331841E-03 -1.7776875E-03  1.0324431E-03  0.0000000E+00
  2.0799350E+02 -1.9957225E-03 -1.4898504E-03 -1.7240062E-03  1.0580046E-03  0.0000000E+00
  2.0799350E+02 -1.9482742E-03 -1.4470284E-03 -1.6740420E-03  1.0869598E-03  0.0000000E+00
  2.0799350E+02 -1.8994621E-03 -1.4066521E-03 -1.6312535E-03  1.1194838E-03  0.0000000E+00
  2.0799350E+02 -1.8478012E-03 -1.3706230E-03 -1.5973764E-03  1.1554057E-03  0.0000000E+00
  2.0799350E+02 -1.7935389E-03 -1.3395207E-03 -1.5702507E-03  1.1940994E-03  0.0000000E+00
  2.0799350E+02 -1.7387372E-03 -1.3104068E-03 -1.5408785E-03  1.2347564E-03  0.0000000E+00
  2.0799350E+02 -1.6859365E-03 -1.2802807E-03 -1.4894934E-03  1.2764835E-03  0.0000000E+00
  2.0799350E+02 -1.6352500E-03 -1.2501003E-03 -1.4318543E-03  1.3182771E-03  0.0000000E+00
  2.0799350E+02 -1.5865276E-03 -1.2145387E-03 -1.3801493E-03  1.3577616E-03  0.0000000E+00
  2.0799350E+02 -1.5395501E-03 -1.1766483E-03 -1.3325746E-03  1.3940834E-03  0.0000000E+00
  2.0799350E+02 -1.4954833E-03 -1.1389325E-03 -1.2886471E-03  1.4273357E-03  0.0000000E+00
  2.0799350E+02 -1.4558694E-03 -1.1034092E-03 -1.2486977E-03  1.4577906E-03  0.0000000E+00
  2.0799350E+02 -1.4215223E-03 -1.0712227E-03 -1.2129478E-03  1.4858683E-03  0.0000000E+00
  2.0799350E+02 -1.3923647E-03 -1.0427250E-03 -1.1812970E-03  1.5119026E-03  0.0000000E+00
  2.0799350E+02 -1.3676142E-03 -1.0176484E-03 -1.1533079E-03  1.5360227E-03  0.0000000E+00
  2.0799350E+02 -1.3460111E-03 -9.9515543E-04 -1.1281279E-03  1.5583039E-03  0.0000000E+00
  2.0799350E+02 -1.3265342E-03 -9.7433850E-04 -1.1049565E-03  1.5785755E-03  0.0000000E+00
  2.0799350E+02 -1.3086337E-03 -9.5430218E-04 -1.0830601E-03  1.5966720E-03  0.0000000E+00
  2.0799350E+02 -1.2924592E-03 -9.3442691E-04 -1.0619683E-03  1.6124989E-03  0.0000000E+00
  2.0799350E+02 -1.1806284E-01 -8.9723311E-07 -1.0494554E-01  2.2010689E-02  0.0000000E+00
  2.0799350E+02 -2.9814341E-02 -4.4401997E-03 -3.1715273E-02  2.1836769E-02  0.0000000E+00
  2.0799350E+02 -2.8547058E-02 -7.7064610E-03 -1.6578023E-02  2.0663853E-02  0.0000000E+00
  2.0799350E+02 -2.8867234E-02 -9.4134475E-03 -1.6975865E-02  1.8657536E-02  0.0000000E+00
  2.0799350E+02 -2.9284261E-02 -1.0817308E-02 -1.9782174E-02  1.6431023E-02  0.0000000E+00
  2.0799350E+02 -3.1435542E-02 -1.2270911E-02 -2.2595533E-02  1.4401242E-02  0.0000000E+00
  2.0799350E+02 -3.4169488E-02 -1.3811903E-02 -2.5000074E-02  1.2740678E-02  0.0000000E+00
  2.0799350E+02 -3.8042945E-02 -1.5277855E-02 -2.7260777E-02  1.1466940E-02  0.0000000E+00
  2.0799350E+02 -4.1519457E-02 -1.6389913E-02 -2.8404820E-02  1.0559081E-02  0.0000000E+00
  2.0799350E+02 -4.5227121E-02 -1.6998766E-02 -2.8379399E-02  9.9794964E-03  0.0000000E+00
  2.0799350E+02 -4.8151586E-02 -1.7352815E-02 -2.8934715E-02  9.7034532E-03  0.0000000E+00
  2.0799350E+02 -4.9999959E-02 -1.7583755E-02 -3.0089347E-02  9.7123764E-03  0.0000000E+00
  2.0799350E+02 -5.1685902E-02 -1.7633526E-02 -3.0728926E-02  9.9787058E-03  0.0000000E+00
  2.0799350E+02 -5.3729879E-02 -1.7405633E-02 -3.0492198E-02  1.0466047E-02  0.0000000E+00
  2.0799350E+02 -5.5545693E-02 -1.6882422E-02 -3.0211196E-02  1.1131888E-02  0.0000000E+00
  2.0799350E+02 -5.5042743E-02 -1.6021065E-02 -2.8856629E-02  1.1931641E-02  0.0000000E+00
  2.0799350E+02 -5.1205640E-02 -1.4892633E-02 -2.6719884E-02  1.2817379E-02  0.0000000E+00
  2.0799350E+02 -4.7077266E-02 -1.3796328E-02 -2.4409706E-02  1.3732878E-02  0.0000000E+00
  2.0799350E+02 -4.2908639E-02 -1.2813676E-02 -2.2143504E-02  1.4627067E-02  0.0000000E+00
  2.0799350E+02 -3.9229411E-02 -1.1918680E-02 -2.0135597E-02  1.5453131E-02  0.0000000E+00
  2.0799350E+02 -3.6084720E-02 -1.1098978E-02 -1.8449888E-02  1.6174756E-02  0.0000000E+00
  2.0799350E+02 -3.3092225E-02 -1.0373892E-02 -1.7018492E-02  1.6767892E-02  0.0000000E+00
  2.0799350E+02 -2.9901632E-02 -9.7591606E-03 -1.5745455E-02  1.7219703E-02  0.0000000E+00
  2.0799350E+02 -2.6639672E-02 -9.2283560E-03 -1.4615067E-02  1.7526265E-02  0.0000000E+00
  2.0799350E+02 -2.3923511E-02 -8.7209306E-03 -1.3724246E-02  1.7690554E-02  0.0000000E+00
  2.0799350E+02 -2.2022488E-02 -8.2462432E-03 -1.3157753E-02  1.7722208E-02  0.0000000E+00
  2.0799350E+02 -1.8012266E-02 -7.8353038E-03 -1.1923495E-02  1.7638483E-02  0.0000000E+00
  2.0799350E+02 -1.5280684E-02 -7.3981344E-03 -1.0637265E-02  1.7462783E-02  0.0000000E+00
  2.0799350E+02 -1.3823213E-02 -7.0594721E-03 -9.7604596E-03  1.7213359E-02  0.0000000E+00
  2.0799350E+02 -1.2742173E-02 -6.8136835E-03 -9.1443054E-03  1.6910376E-02  0.0000000E+00
  2.0799350E+02 -1.1763490E-02 -6.6242197E-03 -8.6637873E-03  1.6572402E-02  0.0000000E+00
  2.0799350E+02 -1.0882767E-02 -6.4586639E-03 -8.2428410E-03  1.6213603E-02  0.0000000E+00
  2.0799350E+02 -1.0156295E-02 -6.3019248E-03 -7.8542950E-03  1.5843277E-02  0.0000000E+00
  2.0799350E+02 -9.6042745E-03 -6.1543674E-03 -7.5039106E-03  1.5466935E-02  0.0000000E+00
  2.0799350E+02 -9.1934807E-03 -6.0216716E-03 -7.2078708E-03  1.5088143E-02  0.0000000E+00
  2.0799350E+02 -8.8666240E-03 -5.9032109E-03 -6.9730648E-03  1.4710339E-02  0.0000000E+00
  2.0799350E+02 -8.5856595E-03 -5.7857404E-03 -6.7895174E-03  1.4337846E-02  0.0000000E+00
  2.0799350E+02 -8.3562870E-03 -5.6491863E-03 -6.6443127E-03  1.3975283E-02  0.0000000E+00
  2.0799350E+02 -8.2008937E-03 -5.4913268E-03 -6.5663604E-03  1.3624594E-02  0.0000000E+00
  2.0799350E+02 -7.8707272E-03 -5.3407225E-03 -6.3938807E-03  1.3280405E-02  0.0000000E+00
  2.0799350E+02 -7.5033305E-03 -5.1979605E-03 -6.1559280E-03  1.2938821E-02  0.0000000E+00
  2.0799350E+02 -7.2144528E-03 -5.0688993E-03 -5.9769780E-03  1.2600811E-02  0.0000000E+00
  2.0799350E+02 -6.9323894E-03 -4.9416713E-03 -5.7826256E-03  1.2268220E-02  0.0000000E+00
  2.0799350E+02 -6.6524944E-03 -4.8079256E-03 -5.5692546E-03  1.1944467E-02  0.0000000E+00
  2.0799350E+02 -6.3957157E-03 -4.6641162E-03 -5.3582713E-03  1.1630430E-02  0.0000000E+00
  2.0799350E+02 -6.1850541E-03 -4.5123364E-03 -5.1707760E-03  1.1326405E-02  0.0000000E+00
  2.0799350E+02 -6.0310315E-03 -4.3584091E-03 -5.0147248E-03  1.1031740E-02  0.0000000E+00
  2.0799350E+02 -5.9268937E-03 -4.2092567E-03 -4.8830937E-03  1.0745289E-02  0.0000000E+00
  2.0799350E+02 -5.8510802E-03 -4.0701322E-03 -4.7594609E-03  1.0465976E-02  0.0000000E+00
  2.0799350E+02 -5.7749562E-03 -3.9424986E-03 -4.6277296E-03  1.0193312E-02  0.0000000E+00
  2.0799350E+02 -5.6738004E-03 -3.8233462E-03 -4.4827082E-03  9.9277052E-03  0.0000000E+00
  2.0799350E+02 -5.5390452E-03 -3.7067338E-03 -4.3382675E-03  9.6704060E-03  0.0000000E+00
  2.0799350E+02 -5.3897636E-03 -3.5883454E-03 -4.2297954E-03  9.4229244E-03  0.0000000E+00
  2.0799350E+02 -5.2813967E-03 -3.4738475E-03 -4.2076650E-03  9.1857691E-03  0.0000000E+00
  2.0799350E+02 -5.0697298E-03 -3.3742072E-03 -4.1288268E-03  8.9583364E-03  0.0000000E+00
  2.0799350E+02 -4.8000008E-03 -3.2722249E-03 -3.9254071E-03  8.7436762E-03  0.0000000E+00
  2.0799350E+02 -4.5994032E-03 -3.1683690E-03 -3.7330060E-03  8.5402240E-03  0.0000000E+00
  2.0799350E+02 -4.4217561E-03 -3.0636232E-03 -3.5543937E-03  8.3454775E-03  0.0000000E+00
  2.0799350E+02 -4.2533481E-03 -2.9604915E-03 -3.3952376E-03  8.1567170E-03  0.0000000E+00
  2.0799350E+02 -4.0967558E-03 -2.8620811E-03 -3.2606257E-03  7.9727036E-03  0.0000000E+00
  2.0799350E+02 -3.9577257E-03 -2.7701324E-03 -3.1512788E-03  7.7919992E-03  0.0000000E+00
  2.0799350E+02 -3.8397433E-03 -2.6852986E-03 -3.0642400E-03  7.6141789E-03  0.0000000E+00
  2.0799350E+02 -3.7411127E-03 -2.6069884E-03 -2.9934931E-03  7.4393273E-03  0.0000000E+00
  2.0799350E+02 -3.6552681E-03 -2.5336899E-03 -2.9316727E-03  7.2677660E-03  0.0000000E+00
  2.0799350E+02 -3.5730664E-03 -2.4634908E-03 -2.8720908E-03  7.0997630E-03  0.0000000E+00
  2.0799350E+02 -3.4860942E-03 -2.3946817E-03 -2.8105892E-03  6.9352909E-03  0.0000000E+00
  2.0799350E+02 -3.3900232E-03 -2.3263295E-03 -2.7467245E-03  6.7739007E-03  0.0000000E+00
  2.0799350E+02 -3.2870483E-03 -2.2587080E-03 -2.6837937E-03  6.6147772E-03  0.0000000E+00
  2.0799350E+02 -3.1864416E-03 -2.1934727E-03 -2.6272071E-03  6.4570431E-03  0.0000000E+00
  2.0799350E+02 -3.1022566E-03 -2.1334662E-03 -2.5807167E-03  6.3003774E-03  0.0000000E+00
  2.0799350E+02 -3.0156327E-03 -2.0812274E-03 -2.5074801E-03  6.1454114E-03  0.0000000E+00
  2.0799350E+02 -2.8451268E-03 -2.0260632E-03 -2.3825832E-03  5.9921155E-03  0.0000000E+00
  2.0799350E+02 -2.6878107E-03 -1.9696315E-03 -2.2866117E-03  5.8421575E-03  0.0000000E+00
  2.0799350E+02 -2.5613006E-03 -1.9154796E-03 -2.2026347E-03  5.6959074E-03  0.0000000E+00
  2.0799350E+02 -2.4645322E-03 -1.8640417E-03 -2.1264307E-03  5.5535577E-03  0.0000000E+00
  2.0799350E+02 -2.3882596E-03 -1.8142879E-03 -2.0587039E-03  5.4150400E-03  0.0000000E+00
  2.0799350E+02 -2.3224663E-03 -1.7651890E-03 -2.0008492E-03  5.2810228E-03  0.0000000E+00
  2.0799350E+02 -2.2595325E-03 -1.7158770E-03 -1.9520467E-03  5.1515883E-03  0.0000000E+00
  2.0799350E+02 -2.1962109E-03 -1.6662269E-03 -1.9093471E-03  5.0271618E-03  0.0000000E+00
  2.0799350E+02 -2.1331373E-03 -1.6167338E-03 -1.8684451E-03  4.9082583E-03  0.0000000E+00
  2.0799350E+02 -2.0732924E-03 -1.5682748E-03 -1.8252601E-03  4.7954360E-03  0.0000000E+00
  2.0799350E+02 -2.0198957E-03 -1.5217737E-03 -1.7776243E-03  4.6892316E-03  0.0000000E+00
  2.0799350E+02 -1.9743504E-03 -1.4778645E-03 -1.7264967E-03  4.5900834E-03  0.0000000E+00
  2.0799350E+02 -1.9348607E-03 -1.4366538E-03 -1.6761223E-03  4.4982495E-03  0.0000000E+00
  2.0799350E+02 -1.8963406E-03 -1.3976794E-03 -1.6325542E-03  4.4137267E-03  0.0000000E+00
  2.0799350E+02 -1.8522354E-03 -1.3601636E-03 -1.5999588E-03  4.3361774E-03  0.0000000E+00
  2.0799350E+02 -1.7988755E-03 -1.3236592E-03 -1.5741213E-03  4.2648692E-03  0.0000000E+00
  2.0799350E+02 -1.7293145E-03 -1.2912673E-03 -1.5274883E-03  4.1993047E-03  0.0000000E+00
  2.0799350E+02 -1.6573669E-03 -1.2627178E-03 -1.4625814E-03  4.1388229E-03  0.0000000E+00
  2.0799350E+02 -1.6030793E-03 -1.2322238E-03 -1.4030190E-03  4.0809866E-03  0.0000000E+00
  2.0799350E+02 -1.5586492E-03 -1.1995674E-03 -1.3500995E-03  4.0246870E-03  0.0000000E+00
  2.0799350E+02 -1.5192508E-03 -1.1652443E-03 -1.3036645E-03  3.9690826E-03  0.0000000E+00
  2.0799350E+02 -1.4825463E-03 -1.1303803E-03 -1.2630454E-03  3.9138723E-03  0.0000000E+00
  2.0799350E+02 -1.4476348E-03 -1.0961100E-03 -1.2270805E-03  3.8586699E-03  0.0000000E+00
  2.0799350E+02 -1.4147237E-03 -1.0635639E-03 -1.1947470E-03  3.8033089E-03  0.0000000E+00
  2.0799350E+02 -1.3845540E-03 -1.0336229E-03 -1.1652587E-03  3.7477034E-03  0.0000000E+00
  2.0799350E+02 -1.3579795E-03 -1.0067846E-03 -1.1381297E-03  3.6918176E-03  0.0000000E+00
  2.0799350E+02 -1.3356371E-03 -9.8309230E-04 -1.1131419E-03  3.6356507E-03  0.0000000E+00
  2.0799350E+02 -1.3177108E-03 -9.6213456E-04 -1.0902385E-03  3.5792384E-03  0.0000000E+00
  2.0799350E+02 -1.3037962E-03 -9.4312263E-04 -1.0693632E-03  3.5226710E-03  0.0000000E+00
  2.0799350E+02 -1.5996338E-01 -4.9702301E-03 -2.8445586E-01  6.8359326E-02  0.0000000E+00
  2.0799350E+02 -5.1888265E-02 -6.8077810E-03 -7.2324524E-02  6.8360055E-02  0.0000000E+00
  2.0799350E+02 -3.7032399E-02 -1.0829949E-02 -3.5892988E-02  6.6935747E-02  0.0000000E+00
  2.0799350E+02 -3.1964178E-02 -1.3599516E-02 -3.5970995E-02  6.4139371E-02  0.0000000E+00
  2.0799350E+02 -3.2397816E-02 -1.5750055E-02 -3.7248459E-02  6.0758944E-02  0.0000000E+00
  2.0799350E+02 -3.4793736E-02 -1.7419916E-02 -3.7580966E-02  5.7364607E-02  0.0000000E+00
  2.0799350E+02 -3.7342708E-02 -1.8741307E-02 -3.7979988E-02  5.4251269E-02  0.0000000E+00
  2.0799350E+02 -4.0629974E-02 -1.9795512E-02 -3.7890293E-02  5.1549900E-02  0.0000000E+00
  2.0799350E+02 -4.3204355E-02 -2.0476563E-02 -3.6265607E-02  4.9298094E-02  0.0000000E+00
  2.0799350E+02 -4.4913801E-02 -2.0749368E-02 -3.5105162E-02  4.7468080E-02  0.0000000E+00
  2.0799350E+02 -4.5998176E-02 -2.0670995E-02 -3.4611965E-02  4.6030136E-02  0.0000000E+00
  2.0799350E+02 -4.6553940E-02 -2.0340577E-02 -3.3979664E-02  4.4921514E-02  0.0000000E+00
  2.0799350E+02 -4.6824636E-02 -1.9860477E-02 -3.2918482E-02  4.4061087E-02  0.0000000E+00
  2.0799350E+02 -4.6996245E-02 -1.9256171E-02 -3.1695964E-02  4.3395359E-02  0.0000000E+00
  2.0799350E+02 -4.6927786E-02 -1.8473830E-02 -3.0565547E-02  4.2909843E-02  0.0000000E+00
  2.0799350E+02 -4.5532367E-02 -1.7561011E-02 -2.9179480E-02  4.2573351E-02  0.0000000E+00
  2.0799350E+02 -4.2343911E-02 -1.6563043E-02 -2.6661325E-02  4.2343096E-02  0.0000000E+00
  2.0799350E+02 -3.9461155E-02 -1.5363212E-02 -2.4224248E-02  4.2158354E-02  0.0000000E+00
  2.0799350E+02 -3.6826383E-02 -1.4090472E-02 -2.2309594E-02  4.1944500E-02  0.0000000E+00
  2.0799350E+02 -3.4073181E-02 -1.2922441E-02 -2.0800952E-02  4.1637377E-02  0.0000000E+00
  2.0799350E+02 -3.1167404E-02 -1.1957981E-02 -1.9448357E-02  4.1211309E-02  0.0000000E+00
  2.0799350E+02 -2.8391082E-02 -1.1184302E-02 -1.8088313E-02  4.0674067E-02  0.0000000E+00
  2.0799350E+02 -2.6063926E-02 -1.0525251E-02 -1.6732474E-02  4.0052938E-02  0.0000000E+00
  2.0799350E+02 -2.4219696E-02 -9.9017517E-03 -1.5519019E-02  3.9370233E-02  0.0000000E+00
  2.0799350E+02 -2.2628263E-02 -9.2924441E-03 -1.4597462E-02  3.8631043E-02  0.0000000E+00
  2.0799350E+02 -2.1452677E-02 -8.7478399E-03 -1.3972198E-02  3.7833463E-02  0.0000000E+00
  2.0799350E+02 -1.9024284E-02 -8.1942527E-03 -1.2658273E-02  3.6971176E-02  0.0000000E+00
  2.0799350E+02 -1.6163556E-02 -7.6731735E-03 -1.1323219E-02  3.6061329E-02  0.0000000E+00
  2.0799350E+02 -1.4063903E-02 -7.2612599E-03 -1.0341578E-02  3.5101787E-02  0.0000000E+00
  2.0799350E+02 -1.2481975E-02 -6.9359808E-03 -9.5704806E-03  3.4096872E-02  0.0000000E+00
  2.0799350E+02 -1.1310546E-02 -6.6661134E-03 -8.9250751E-03  3.3063239E-02  0.0000000E+00
  2.0799350E+02 -1.0465178E-02 -6.4242338E-03 -8.3623431E-03  3.2014349E-02  0.0000000E+00
  2.0799350E+02 -9.8540467E-03 -6.1955210E-03 -7.8726876E-03  3.0966568E-02  0.0000000E+00
  2.0799350E+02 -9.3724891E-03 -5.9761291E-03 -7.4601894E-03  2.9931062E-02  0.0000000E+00
  2.0799350E+02 -8.9328888E-03 -5.7699359E-03 -7.1299963E-03  2.8916053E-02  0.0000000E+00
  2.0799350E+02 -8.4978366E-03 -5.5832029E-03 -6.8786550E-03  2.7929534E-02  0.0000000E+00
  2.0799350E+02 -8.0945169E-03 -5.4178859E-03 -6.6884568E-03  2.6973103E-02  0.0000000E+00
  2.0799350E+02 -7.8015485E-03 -5.2702228E-03 -6.5338291E-03  2.6050225E-02  0.0000000E+00
  2.0799350E+02 -7.6736432E-03 -5.1303912E-03 -6.3936823E-03  2.5154746E-02  0.0000000E+00
  2.0799350E+02 -7.3666194E-03 -4.9896997E-03 -6.1385009E-03  2.4284076E-02  0.0000000E+00
  2.0799350E+02 -7.0243716E-03 -4.8453534E-03 -5.8740950E-03  2.3440511E-02  0.0000000E+00
  2.0799350E+02 -6.7732234E-03 -4.7122051E-03 -5.6689269E-03  2.2618978E-02  0.0000000E+00
  2.0799350E+02 -6.5309143E-03 -4.5909555E-03 -5.4766800E-03  2.1825738E-02  0.0000000E+00
  2.0799350E+02 -6.3020828E-03 -4.4738125E-03 -5.2918971E-03  2.1060416E-02  0.0000000E+00
  2.0799350E+02 -6.1130407E-03 -4.3535485E-03 -5.1224200E-03  2.0321129E-02  0.0000000E+00
  2.0799350E+02 -5.9772904E-03 -4.2277499E-03 -4.9740899E-03  1.9607684E-02  0.0000000E+00
  2.0799350E+02 -5.8840170E-03 -4.0984235E-03 -4.8440298E-03  1.8917589E-02  0.0000000E+00
  2.0799350E+02 -5.8052665E-03 -3.9713567E-03 -4.7232778E-03  1.8253019E-02  0.0000000E+00
  2.0799350E+02 -5.7100124E-03 -3.8522182E-03 -4.6010280E-03  1.7615316E-02  0.0000000E+00
  2.0799350E+02 -5.5813480E-03 -3.7437330E-03 -4.4714592E-03  1.7005359E-02  0.0000000E+00
  2.0799350E+02 -5.4281548E-03 -3.6440615E-03 -4.3389876E-03  1.6423908E-02  0.0000000E+00
  2.0799350E+02 -5.2825412E-03 -3.5468215E-03 -4.2180522E-03  1.5867802E-02  0.0000000E+00
  2.0799350E+02 -5.1797797E-03 -3.4463881E-03 -4.1280082E-03  1.5336799E-02  0.0000000E+00
  2.0799350E+02 -5.1079917E-03 -3.3464042E-03 -4.0757701E-03  1.4832087E-02  0.0000000E+00
  2.0799350E+02 -4.8892741E-03 -3.2600569E-03 -3.9223508E-03  1.4352358E-02  0.0000000E+00
  2.0799350E+02 -4.6256370E-03 -3.1628862E-03 -3.7350982E-03  1.3896405E-02  0.0000000E+00
  2.0799350E+02 -4.4127168E-03 -3.0644950E-03 -3.5863107E-03  1.3462659E-02  0.0000000E+00
  2.0799350E+02 -4.2391508E-03 -2.9718260E-03 -3.4496602E-03  1.3047796E-02  0.0000000E+00
  2.0799350E+02 -4.0929787E-03 -2.8860891E-03 -3.3202252E-03  1.2649352E-02  0.0000000E+00
  2.0799350E+02 -3.9644243E-03 -2.8057467E-03 -3.2017954E-03  1.2265867E-02  0.0000000E+00
  2.0799350E+02 -3.8470757E-03 -2.7285587E-03 -3.0990535E-03  1.1897021E-02  0.0000000E+00
  2.0799350E+02 -3.7371014E-03 -2.6522313E-03 -3.0130319E-03  1.1540875E-02  0.0000000E+00
  2.0799350E+02 -3.6336830E-03 -2.5757356E-03 -2.9413391E-03  1.1197351E-02  0.0000000E+00
  2.0799350E+02 -3.5370714E-03 -2.4988909E-03 -2.8787137E-03  1.0865652E-02  0.0000000E+00
  2.0799350E+02 -3.4475098E-03 -2.4222929E-03 -2.8195568E-03  1.0544861E-02  0.0000000E+00
  2.0799350E+02 -3.3642556E-03 -2.3470863E-03 -2.7604494E-03  1.0234489E-02  0.0000000E+00
  2.0799350E+02 -3.2843878E-03 -2.2741203E-03 -2.7012380E-03  9.9324880E-03  0.0000000E+00
  2.0799350E+02 -3.2037371E-03 -2.2045142E-03 -2.6451738E-03  9.6384419E-03  0.0000000E+00
  2.0799350E+02 -3.1174773E-03 -2.1392743E-03 -2.5951297E-03  9.3515564E-03  0.0000000E+00
  2.0799350E+02 -3.0227675E-03 -2.0800055E-03 -2.5463579E-03  9.0712353E-03  0.0000000E+00
  2.0799350E+02 -2.9049103E-03 -2.0291459E-03 -2.4521715E-03  8.7982370E-03  0.0000000E+00
  2.0799350E+02 -2.7512333E-03 -1.9787037E-03 -2.3221781E-03  8.5322327E-03  0.0000000E+00
  2.0799350E+02 -2.6197231E-03 -1.9283975E-03 -2.2299666E-03  8.2734704E-03  0.0000000E+00
  2.0799350E+02 -2.5092024E-03 -1.8793660E-03 -2.1548770E-03  8.0232445E-03  0.0000000E+00
  2.0799350E+02 -2.4153611E-03 -1.8314838E-03 -2.0881542E-03  7.7819537E-03  0.0000000E+00
  2.0799350E+02 -2.3334603E-03 -1.7841835E-03 -2.0272578E-03  7.5499816E-03  0.0000000E+00
  2.0799350E+02 -2.2592862E-03 -1.7366469E-03 -1.9716566E-03  7.3264952E-03  0.0000000E+00
  2.0799350E+02 -2.1905651E-03 -1.6885774E-03 -1.9212553E-03  7.1119489E-03  0.0000000E+00
  2.0799350E+02 -2.1263583E-03 -1.6400176E-03 -1.8750702E-03  6.9065895E-03  0.0000000E+00
  2.0799350E+02 -2.0667250E-03 -1.5914230E-03 -1.8313487E-03  6.7108250E-03  0.0000000E+00
  2.0799350E+02 -2.0121097E-03 -1.5436340E-03 -1.7882262E-03  6.5254355E-03  0.0000000E+00
  2.0799350E+02 -1.9622937E-03 -1.4973817E-03 -1.7442442E-03  6.3502274E-03  0.0000000E+00
  2.0799350E+02 -1.9164715E-03 -1.4535577E-03 -1.6994517E-03  6.1857511E-03  0.0000000E+00
  2.0799350E+02 -1.8728515E-03 -1.4126804E-03 -1.6553131E-03  6.0319272E-03  0.0000000E+00
  2.0799350E+02 -1.8293885E-03 -1.3747957E-03 -1.6141395E-03  5.8882865E-03  0.0000000E+00
  2.0799350E+02 -1.7853774E-03 -1.3394216E-03 -1.5773213E-03  5.7541809E-03  0.0000000E+00
  2.0799350E+02 -1.7437752E-03 -1.3053043E-03 -1.5417362E-03  5.6279966E-03  0.0000000E+00
  2.0799350E+02 -1.6961377E-03 -1.2739785E-03 -1.4873711E-03  5.5090180E-03  0.0000000E+00
  2.0799350E+02 -1.6256783E-03 -1.2451496E-03 -1.4188426E-03  5.3965027E-03  0.0000000E+00
  2.0799350E+02 -1.5675837E-03 -1.2138434E-03 -1.3604820E-03  5.2886419E-03  0.0000000E+00
  2.0799350E+02 -1.5236266E-03 -1.1809621E-03 -1.3120366E-03  5.1846244E-03  0.0000000E+00
  2.0799350E+02 -1.4895481E-03 -1.1471618E-03 -1.2713070E-03  5.0834484E-03  0.0000000E+00
  2.0799350E+02 -1.4599927E-03 -1.1132557E-03 -1.2359525E-03  4.9847845E-03  0.0000000E+00
  2.0799350E+02 -1.4308560E-03 -1.0800102E-03 -1.2039530E-03  4.8881770E-03  0.0000000E+00
  2.0799350E+02 -1.4005247E-03 -1.0481676E-03 -1.1740634E-03  4.7931795E-03  0.0000000E+00
  2.0799350E+02 -1.3699265E-03 -1.0184343E-03 -1.1458897E-03  4.6995177E-03  0.0000000E+00
  2.0799350E+02 -1.3415170E-03 -9.9121331E-04 -1.1194945E-03  4.6065071E-03  0.0000000E+00
  2.0799350E+02 -1.3183274E-03 -9.6683085E-04 -1.0953284E-03  4.5140479E-03  0.0000000E+00
  2.0799350E+02 -1.3023831E-03 -9.4527894E-04 -1.0736437E-03  4.4220639E-03  0.0000000E+00
  2.0799350E+02 -1.2936175E-03 -9.2624376E-04 -1.0541969E-03  4.3307149E-03  0.0000000E+00
  2.0799350E+02 -1.7995831E-01 -1.4641477E-02 -4.3353849E-01  9.7479576E-02  0.0000000E+00
  2.0799350E+02 -6.7107417E-02 -8.2507106E-03 -1.1127532E-01  9.6853098E-02  0.0000000E+00
  2.0799350E+02 -2.9754016E-02 -1.3549525E-02 -4.8740576E-02  9.4669063E-02  0.0000000E+00
  2.0799350E+02 -2.7693719E-02 -1.7091139E-02 -4.5664313E-02  9.0850578E-02  0.0000000E+00
  2.0799350E+02 -3.0297235E-02 -1.9121479E-02 -4.5770629E-02  8.6208513E-02  0.0000000E+00
  2.0799350E+02 -3.2716873E-02 -2.0620145E-02 -4.4526308E-02  8.1373860E-02  0.0000000E+00
  2.0799350E+02 -3.4157100E-02 -2.1706854E-02 -4.2072591E-02  7.6715690E-02  0.0000000E+00
  2.0799350E+02 -3.5655468E-02 -2.2299542E-02 -4.0098031E-02  7.2425727E-02  0.0000000E+00
  2.0799350E+02 -3.6592662E-02 -2.2404955E-02 -3.7762838E-02  6.8583996E-02  0.0000000E+00
  2.0799350E+02 -3.7121645E-02 -2.1961815E-02 -3.5629410E-02  6.5206080E-02  0.0000000E+00
  2.0799350E+02 -3.7754181E-02 -2.1421905E-02 -3.3963898E-02  6.2270605E-02  0.0000000E+00
  2.0799350E+02 -3.8187649E-02 -2.0932333E-02 -3.2355046E-02  5.9741814E-02  0.0000000E+00
  2.0799350E+02 -3.7851985E-02 -2.0290471E-02 -3.0454832E-02  5.7575096E-02  0.0000000E+00
  2.0799350E+02 -3.6760661E-02 -1.9327603E-02 -2.8284395E-02  5.5703407E-02  0.0000000E+00
  2.0799350E+02 -3.5766615E-02 -1.8186196E-02 -2.6193962E-02  5.4041887E-02  0.0000000E+00
  2.0799350E+02 -3.4813533E-02 -1.7006493E-02 -2.4623727E-02  5.2506805E-02  0.0000000E+00
  2.0799350E+02 -3.2347825E-02 -1.5763267E-02 -2.2800023E-02  5.1052338E-02  0.0000000E+00
  2.0799350E+02 -2.9498766E-02 -1.4635830E-02 -2.0994972E-02  4.9636605E-02  0.0000000E+00
  2.0799350E+02 -2.7058055E-02 -1.3639323E-02 -1.9434587E-02  4.8233143E-02  0.0000000E+00
  2.0799350E+02 -2.5331643E-02 -1.2711006E-02 -1.8041608E-02  4.6830085E-02  0.0000000E+00
  2.0799350E+02 -2.4095168E-02 -1.1809583E-02 -1.6763582E-02  4.5424185E-02  0.0000000E+00
  2.0799350E+02 -2.2874706E-02 -1.0944464E-02 -1.5637652E-02  4.4017084E-02  0.0000000E+00
  2.0799350E+02 -2.1334662E-02 -1.0159261E-02 -1.4711354E-02  4.2613073E-02  0.0000000E+00
  2.0799350E+02 -1.9554616E-02 -9.4937941E-03 -1.3938720E-02  4.1217618E-02  0.0000000E+00
  2.0799350E+02 -1.7976947E-02 -8.9489178E-03 -1.3170995E-02  3.9835897E-02  0.0000000E+00
  2.0799350E+02 -1.6805014E-02 -8.4776576E-03 -1.2360033E-02  3.8468314E-02  0.0000000E+00
  2.0799350E+02 -1.4953626E-02 -7.9671375E-03 -1.1522520E-02  3.7120128E-02  0.0000000E+00
  2.0799350E+02 -1.3344771E-02 -7.4616051E-03 -1.0560663E-02  3.5777349E-02  0.0000000E+00
  2.0799350E+02 -1.2025760E-02 -7.0088521E-03 -9.6917588E-03  3.4445318E-02  0.0000000E+00
  2.0799350E+02 -1.0892639E-02 -6.6102970E-03 -8.9582401E-03  3.3129604E-02  0.0000000E+00
  2.0799350E+02 -9.9622427E-03 -6.2647517E-03 -8.3640398E-03  3.1834499E-02  0.0000000E+00
  2.0799350E+02 -9.2527244E-03 -5.9691553E-03 -7.8925255E-03  3.0565096E-02  0.0000000E+00
  2.0799350E+02 -8.7358788E-03 -5.7191037E-03 -7.5172816E-03  2.9327599E-02  0.0000000E+00
  2.0799350E+02 -8.3402969E-03 -5.5091592E-03 -7.2082214E-03  2.8128475E-02  0.0000000E+00
  2.0799350E+02 -7.9844092E-03 -5.3329233E-03 -6.9355146E-03  2.6973064E-02  0.0000000E+00
  2.0799350E+02 -7.6184629E-03 -5.1828579E-03 -6.6738155E-03  2.5864275E-02  0.0000000E+00
  2.0799350E+02 -7.2544828E-03 -5.0498372E-03 -6.4092744E-03  2.4801963E-02  0.0000000E+00
  2.0799350E+02 -6.9632652E-03 -4.9224161E-03 -6.1518191E-03  2.3783610E-02  0.0000000E+00
  2.0799350E+02 -6.8174532E-03 -4.7857981E-03 -5.9551903E-03  2.2806940E-02  0.0000000E+00
  2.0799350E+02 -6.6421921E-03 -4.6231188E-03 -5.8263518E-03  2.1867679E-02  0.0000000E+00
  2.0799350E+02 -6.3188653E-03 -4.4593010E-03 -5.5685189E-03  2.0964317E-02  0.0000000E+00
  2.0799350E+02 -6.0875061E-03 -4.3140841E-03 -5.3048945E-03  2.0097746E-02  0.0000000E+00
  2.0799350E+02 -5.9621949E-03 -4.1875501E-03 -5.0823285E-03  1.9265766E-02  0.0000000E+00
  2.0799350E+02 -5.8878158E-03 -4.0735308E-03 -4.9021013E-03  1.8467985E-02  0.0000000E+00
  2.0799350E+02 -5.8026484E-03 -3.9652041E-03 -4.7490598E-03  1.7704637E-02  0.0000000E+00
  2.0799350E+02 -5.6708525E-03 -3.8580378E-03 -4.6084724E-03  1.6975913E-02  0.0000000E+00
  2.0799350E+02 -5.4916489E-03 -3.7506804E-03 -4.4732725E-03  1.6281684E-02  0.0000000E+00
  2.0799350E+02 -5.2920020E-03 -3.6443949E-03 -4.3443626E-03  1.5621497E-02  0.0000000E+00
  2.0799350E+02 -5.1096079E-03 -3.5416371E-03 -4.2266486E-03  1.4994720E-02  0.0000000E+00
  2.0799350E+02 -4.9729922E-03 -3.4443742E-03 -4.1234758E-03  1.4400727E-02  0.0000000E+00
  2.0799350E+02 -4.8855228E-03 -3.3527437E-03 -4.0321378E-03  1.3838986E-02  0.0000000E+00
  2.0799350E+02 -4.8201407E-03 -3.2646509E-03 -3.9431281E-03  1.3308947E-02  0.0000000E+00
  2.0799350E+02 -4.7316140E-03 -3.1769028E-03 -3.8458066E-03  1.2809595E-02  0.0000000E+00
  2.0799350E+02 -4.5931204E-03 -3.0884775E-03 -3.7431507E-03  1.2338559E-02  0.0000000E+00
  2.0799350E+02 -4.3865035E-03 -3.0088614E-03 -3.6266193E-03  1.1892511E-02  0.0000000E+00
  2.0799350E+02 -4.1705166E-03 -2.9325534E-03 -3.4716971E-03  1.1469542E-02  0.0000000E+00
  2.0799350E+02 -4.0172187E-03 -2.8548942E-03 -3.3300906E-03  1.1067578E-02  0.0000000E+00
  2.0799350E+02 -3.9107443E-03 -2.7779382E-03 -3.2106440E-03  1.0685769E-02  0.0000000E+00
  2.0799350E+02 -3.8248992E-03 -2.7029238E-03 -3.1091303E-03  1.0323269E-02  0.0000000E+00
  2.0799350E+02 -3.7373062E-03 -2.6298325E-03 -3.0180208E-03  9.9789753E-03  0.0000000E+00
  2.0799350E+02 -3.6361518E-03 -2.5575718E-03 -2.9319031E-03  9.6514401E-03  0.0000000E+00
  2.0799350E+02 -3.5212262E-03 -2.4845666E-03 -2.8494706E-03  9.3389322E-03  0.0000000E+00
  2.0799350E+02 -3.4009479E-03 -2.4095451E-03 -2.7730064E-03  9.0395907E-03  0.0000000E+00
  2.0799350E+02 -3.2870649E-03 -2.3323031E-03 -2.7062854E-03  8.7516285E-03  0.0000000E+00
  2.0799350E+02 -3.1887239E-03 -2.2542332E-03 -2.6518167E-03  8.4735402E-03  0.0000000E+00
  2.0799350E+02 -3.1074725E-03 -2.1782775E-03 -2.6082841E-03  8.2038160E-03  0.0000000E+00
  2.0799350E+02 -3.0356506E-03 -2.1088547E-03 -2.5695107E-03  7.9428406E-03  0.0000000E+00
  2.0799350E+02 -2.9579126E-03 -2.0496029E-03 -2.5248397E-03  7.6900874E-03  0.0000000E+00
  2.0799350E+02 -2.8602752E-03 -2.0013427E-03 -2.4632891E-03  7.4457330E-03  0.0000000E+00
  2.0799350E+02 -2.7462648E-03 -1.9580679E-03 -2.3812734E-03  7.2097325E-03  0.0000000E+00
  2.0799350E+02 -2.6518043E-03 -1.9059939E-03 -2.2867441E-03  6.9812375E-03  0.0000000E+00
  2.0799350E+02 -2.5479665E-03 -1.8563188E-03 -2.1964226E-03  6.7605821E-03  0.0000000E+00
  2.0799350E+02 -2.4459939E-03 -1.8093062E-03 -2.1224364E-03  6.5486570E-03  0.0000000E+00
  2.0799350E+02 -2.3564109E-03 -1.7647224E-03 -2.0547287E-03  6.3457340E-03  0.0000000E+00
  2.0799350E+02 -2.2789903E-03 -1.7221353E-03 -1.9905368E-03  6.1518472E-03  0.0000000E+00
  2.0799350E+02 -2.2092539E-03 -1.6809639E-03 -1.9303384E-03  5.9670072E-03  0.0000000E+00
  2.0799350E+02 -2.1425737E-03 -1.6405655E-03 -1.8752673E-03  5.7913103E-03  0.0000000E+00
  2.0799350E+02 -2.0763046E-03 -1.6003427E-03 -1.8257279E-03  5.6249647E-03  0.0000000E+00
  2.0799350E+02 -2.0103783E-03 -1.5598532E-03 -1.7809425E-03  5.4682541E-03  0.0000000E+00
  2.0799350E+02 -1.9467881E-03 -1.5189032E-03 -1.7391647E-03  5.3214586E-03  0.0000000E+00
  2.0799350E+02 -1.8883965E-03 -1.4776072E-03 -1.6982894E-03  5.1847541E-03  0.0000000E+00
  2.0799350E+02 -1.8374934E-03 -1.4363962E-03 -1.6565934E-03  5.0581098E-03  0.0000000E+00
  2.0799350E+02 -1.7945375E-03 -1.3959556E-03 -1.6133393E-03  4.9412054E-03  0.0000000E+00
  2.0799350E+02 -1.7575086E-03 -1.3570762E-03 -1.5689742E-03  4.8333872E-03  0.0000000E+00
  2.0799350E+02 -1.7223039E-03 -1.3203987E-03 -1.5246566E-03  4.7336845E-03  0.0000000E+00
  2.0799350E+02 -1.6846058E-03 -1.2860347E-03 -1.4808437E-03  4.6409065E-03  0.0000000E+00
  2.0799350E+02 -1.6436524E-03 -1.2530468E-03 -1.4346715E-03  4.5538399E-03  0.0000000E+00
  2.0799350E+02 -1.6041686E-03 -1.2203619E-03 -1.3815758E-03  4.4712027E-03  0.0000000E+00
  2.0799350E+02 -1.5512205E-03 -1.1884145E-03 -1.3315590E-03  4.3923380E-03  0.0000000E+00
  2.0799350E+02 -1.5009759E-03 -1.1554618E-03 -1.2858998E-03  4.3168296E-03  0.0000000E+00
  2.0799350E+02 -1.4619012E-03 -1.1222608E-03 -1.2462108E-03  4.2438689E-03  0.0000000E+00
  2.0799350E+02 -1.4321468E-03 -1.0897608E-03 -1.2120200E-03  4.1728912E-03  0.0000000E+00
  2.0799350E+02 -1.4065638E-03 -1.0587710E-03 -1.1819803E-03  4.1034037E-03  0.0000000E+00
  2.0799350E+02 -1.3808781E-03 -1.0297971E-03 -1.1546572E-03  4.0349159E-03  0.0000000E+00
  2.0799350E+02 -1.3535720E-03 -1.0030104E-03 -1.1289654E-03  3.9669438E-03  0.0000000E+00
  2.0799350E+02 -1.3260221E-03 -9.7831076E-04 -1.1043261E-03  3.8990669E-03  0.0000000E+00
  2.0799350E+02 -1.3014429E-03 -9.5544769E-04 -1.0806165E-03  3.8310104E-03  0.0000000E+00
  2.0799350E+02 -1.2831859E-03 -9.3415977E-04 -1.0579823E-03  3.7627301E-03  0.0000000E+00
  2.0799350E+02 -1.2729418E-03 -9.1429662E-04 -1.0365859E-03  3.6944742E-03  0.0000000E+00
  2.0799350E+02 -1.2693973E-03 -8.9588489E-04 -1.0163599E-03  3.6267976E-03  0.0000000E+00
  2.0799350E+02 -2.1375154E-01 -1.7382528E-02 -3.7128909E-01  6.0197538E-02  0.0000000E+00
  2.0799350E+02 -8.3665156E-02 -7.7484309E-03 -1.1040184E-01  5.8576524E-02  0.0000000E+00
  2.0799350E+02 -2.8212838E-02 -1.4676821E-02 -5.0506458E-02  5.6057738E-02  0.0000000E+00
  2.0799350E+02 -2.3742716E-02 -1.8136996E-02 -4.2844599E-02  5.2335373E-02  0.0000000E+00
  2.0799350E+02 -2.3566618E-02 -1.9420952E-02 -4.0757881E-02  4.7910818E-02  0.0000000E+00
  2.0799350E+02 -2.4540877E-02 -2.0367390E-02 -3.9765541E-02  4.3302223E-02  0.0000000E+00
  2.0799350E+02 -2.5933044E-02 -2.1015596E-02 -3.8144000E-02  3.8874819E-02  0.0000000E+00
  2.0799350E+02 -2.7027484E-02 -2.1306717E-02 -3.5693617E-02  3.4854572E-02  0.0000000E+00
  2.0799350E+02 -2.7789329E-02 -2.1171838E-02 -3.2798125E-02  3.1358773E-02  0.0000000E+00
  2.0799350E+02 -2.8134679E-02 -2.0688082E-02 -3.0272835E-02  2.8406807E-02  0.0000000E+00
  2.0799350E+02 -2.8002647E-02 -1.9973127E-02 -2.8273114E-02  2.5954315E-02  0.0000000E+00
  2.0799350E+02 -2.7611325E-02 -1.9097684E-02 -2.6463240E-02  2.3926224E-02  0.0000000E+00
  2.0799350E+02 -2.7210442E-02 -1.8165127E-02 -2.4680403E-02  2.2242478E-02  0.0000000E+00
  2.0799350E+02 -2.6725398E-02 -1.7284944E-02 -2.3084572E-02  2.0832223E-02  0.0000000E+00
  2.0799350E+02 -2.6014433E-02 -1.6455955E-02 -2.1858901E-02  1.9638140E-02  0.0000000E+00
  2.0799350E+02 -2.5555740E-02 -1.5525807E-02 -2.0654132E-02  1.8610611E-02  0.0000000E+00
  2.0799350E+02 -2.3672895E-02 -1.4558322E-02 -1.9200510E-02  1.7702742E-02  0.0000000E+00
  2.0799350E+02 -2.2089002E-02 -1.3595640E-02 -1.7756558E-02  1.6873554E-02  0.0000000E+00
  2.0799350E+02 -2.0998781E-02 -1.2703055E-02 -1.6473163E-02  1.6101592E-02  0.0000000E+00
  2.0799350E+02 -1.9909094E-02 -1.1882515E-02 -1.5350000E-02  1.5380648E-02  0.0000000E+00
  2.0799350E+02 -1.8575126E-02 -1.1114154E-02 -1.4327101E-02  1.4710030E-02  0.0000000E+00
  2.0799350E+02 -1.7165057E-02 -1.0380081E-02 -1.3355273E-02  1.4087627E-02  0.0000000E+00
  2.0799350E+02 -1.5987944E-02 -9.6741641E-03 -1.2437225E-02  1.3506109E-02  0.0000000E+00
  2.0799350E+02 -1.5119507E-02 -9.0015541E-03 -1.1631258E-02  1.2952606E-02  0.0000000E+00
  2.0799350E+02 -1.4260542E-02 -8.3717002E-03 -1.1009354E-02  1.2412212E-02  0.0000000E+00
  2.0799350E+02 -1.3162664E-02 -7.7885889E-03 -1.0561528E-02  1.1875642E-02  0.0000000E+00
  2.0799350E+02 -1.1886776E-02 -7.2189872E-03 -9.8999627E-03  1.1344345E-02  0.0000000E+00
  2.0799350E+02 -1.0705559E-02 -6.7082761E-03 -9.1254140E-03  1.0819997E-02  0.0000000E+00
  2.0799350E+02 -9.8110724E-03 -6.3008019E-03 -8.4990738E-03  1.0302211E-02  0.0000000E+00
  2.0799350E+02 -9.1114251E-03 -5.9728301E-03 -8.0082798E-03  9.7925723E-03  0.0000000E+00
  2.0799350E+02 -8.5402061E-03 -5.6910565E-03 -7.5921651E-03  9.2944951E-03  0.0000000E+00
  2.0799350E+02 -8.0515076E-03 -5.4355035E-03 -7.2082202E-03  8.8117065E-03  0.0000000E+00
  2.0799350E+02 -7.6181818E-03 -5.2042319E-03 -6.8510733E-03  8.3473129E-03  0.0000000E+00
  2.0799350E+02 -7.2310128E-03 -5.0062525E-03 -6.5401465E-03  7.9033441E-03  0.0000000E+00
  2.0799350E+02 -6.8964809E-03 -4.8490233E-03 -6.2928431E-03  7.4806731E-03  0.0000000E+00
  2.0799350E+02 -6.6307980E-03 -4.7269178E-03 -6.0999211E-03  7.0792119E-03  0.0000000E+00
  2.0799350E+02 -6.4478935E-03 -4.6170496E-03 -5.9197116E-03  6.6982792E-03  0.0000000E+00
  2.0799350E+02 -6.3390280E-03 -4.4888389E-03 -5.7078351E-03  6.3370406E-03  0.0000000E+00
  2.0799350E+02 -6.2417148E-03 -4.3337061E-03 -5.4990746E-03  5.9949182E-03  0.0000000E+00
  2.0799350E+02 -6.0644453E-03 -4.1918294E-03 -5.2857079E-03  5.6693647E-03  0.0000000E+00
  2.0799350E+02 -5.9089239E-03 -4.0627069E-03 -5.0106058E-03  5.3568846E-03  0.0000000E+00
  2.0799350E+02 -5.7320188E-03 -3.9440380E-03 -4.7954480E-03  5.0609423E-03  0.0000000E+00
  2.0799350E+02 -5.5253029E-03 -3.8303378E-03 -4.6059389E-03  4.7819342E-03  0.0000000E+00
  2.0799350E+02 -5.3079404E-03 -3.7186500E-03 -4.4269926E-03  4.5191444E-03  0.0000000E+00
  2.0799350E+02 -5.1040159E-03 -3.6085542E-03 -4.2570044E-03  4.2717883E-03  0.0000000E+00
  2.0799350E+02 -4.9300033E-03 -3.5015279E-03 -4.1018570E-03  4.0395413E-03  0.0000000E+00
  2.0799350E+02 -4.7901843E-03 -3.3999194E-03 -3.9692509E-03  3.8226614E-03  0.0000000E+00
  2.0799350E+02 -4.6778237E-03 -3.3057913E-03 -3.8639494E-03  3.6218219E-03  0.0000000E+00
  2.0799350E+02 -4.5799131E-03 -3.2198918E-03 -3.7845290E-03  3.4377624E-03  0.0000000E+00
  2.0799350E+02 -4.4832893E-03 -3.1410135E-03 -3.7222256E-03  3.2708728E-03  0.0000000E+00
  2.0799350E+02 -4.3799389E-03 -3.0659965E-03 -3.6624654E-03  3.1208202E-03  0.0000000E+00
  2.0799350E+02 -4.2692963E-03 -2.9906348E-03 -3.5896726E-03  2.9863330E-03  0.0000000E+00
  2.0799350E+02 -4.1553457E-03 -2.9117440E-03 -3.4959425E-03  2.8652518E-03  0.0000000E+00
  2.0799350E+02 -4.0363346E-03 -2.8306489E-03 -3.3941718E-03  2.7549606E-03  0.0000000E+00
  2.0799350E+02 -3.9103179E-03 -2.7562913E-03 -3.2901901E-03  2.6549560E-03  0.0000000E+00
  2.0799350E+02 -3.8106813E-03 -2.6832299E-03 -3.1715015E-03  2.5659696E-03  0.0000000E+00
  2.0799350E+02 -3.7208821E-03 -2.6106297E-03 -3.0637222E-03  2.4864308E-03  0.0000000E+00
  2.0799350E+02 -3.6285200E-03 -2.5392208E-03 -2.9655307E-03  2.4154475E-03  0.0000000E+00
  2.0799350E+02 -3.5265548E-03 -2.4687281E-03 -2.8744200E-03  2.3518852E-03  0.0000000E+00
  2.0799350E+02 -3.4136206E-03 -2.3986577E-03 -2.7889119E-03  2.2944270E-03  0.0000000E+00
  2.0799350E+02 -3.2931267E-03 -2.3287930E-03 -2.7092481E-03  2.2416667E-03  0.0000000E+00
  2.0799350E+02 -3.1715376E-03 -2.2594397E-03 -2.6369835E-03  2.1922220E-03  0.0000000E+00
  2.0799350E+02 -3.0562253E-03 -2.1914556E-03 -2.5739056E-03  2.1448544E-03  0.0000000E+00
  2.0799350E+02 -2.9532863E-03 -2.1261030E-03 -2.5207043E-03  2.0985837E-03  0.0000000E+00
  2.0799350E+02 -2.8657162E-03 -2.0647615E-03 -2.4758167E-03  2.0527831E-03  0.0000000E+00
  2.0799350E+02 -2.7923341E-03 -2.0085361E-03 -2.4348712E-03  2.0072427E-03  0.0000000E+00
  2.0799350E+02 -2.7278510E-03 -1.9578005E-03 -2.3911553E-03  1.9621875E-03  0.0000000E+00
  2.0799350E+02 -2.6644729E-03 -1.9117108E-03 -2.3375320E-03  1.9182376E-03  0.0000000E+00
  2.0799350E+02 -2.5954329E-03 -1.8677279E-03 -2.2702280E-03  1.8762974E-03  0.0000000E+00
  2.0799350E+02 -2.5208442E-03 -1.8211845E-03 -2.1949198E-03  1.8373603E-03  0.0000000E+00
  2.0799350E+02 -2.4447944E-03 -1.7684031E-03 -2.1280058E-03  1.8014837E-03  0.0000000E+00
  2.0799350E+02 -2.3508069E-03 -1.7189284E-03 -2.0464836E-03  1.7679730E-03  0.0000000E+00
  2.0799350E+02 -2.2675622E-03 -1.6731623E-03 -1.9698572E-03  1.7381172E-03  0.0000000E+00
  2.0799350E+02 -2.1954905E-03 -1.6329972E-03 -1.9071442E-03  1.7118795E-03  0.0000000E+00
  2.0799350E+02 -2.1296867E-03 -1.5974598E-03 -1.8559929E-03  1.6898164E-03  0.0000000E+00
  2.0799350E+02 -2.0649065E-03 -1.5643763E-03 -1.8101886E-03  1.6725735E-03  0.0000000E+00
  2.0799350E+02 -1.9982548E-03 -1.5315036E-03 -1.7641952E-03  1.6605845E-03  0.0000000E+00
  2.0799350E+02 -1.9300452E-03 -1.4972061E-03 -1.7153001E-03  1.6539332E-03  0.0000000E+00
  2.0799350E+02 -1.8633029E-03 -1.4607567E-03 -1.6639322E-03  1.6523431E-03  0.0000000E+00
  2.0799350E+02 -1.8023901E-03 -1.4223434E-03 -1.6127214E-03  1.6552555E-03  0.0000000E+00
  2.0799350E+02 -1.7512280E-03 -1.3828587E-03 -1.5648686E-03  1.6619596E-03  0.0000000E+00
  2.0799350E+02 -1.7115916E-03 -1.3435528E-03 -1.5223961E-03  1.6717369E-03  0.0000000E+00
  2.0799350E+02 -1.6819536E-03 -1.3056305E-03 -1.4848457E-03  1.6839822E-03  0.0000000E+00
  2.0799350E+02 -1.6573528E-03 -1.2698694E-03 -1.4489947E-03  1.6982637E-03  0.0000000E+00
  2.0799350E+02 -1.6307630E-03 -1.2363412E-03 -1.4101586E-03  1.7142856E-03  0.0000000E+00
  2.0799350E+02 -1.5964391E-03 -1.2043138E-03 -1.3656491E-03  1.7317140E-03  0.0000000E+00
  2.0799350E+02 -1.5557148E-03 -1.1724152E-03 -1.3209566E-03  1.7498301E-03  0.0000000E+00
  2.0799350E+02 -1.5183580E-03 -1.1403739E-03 -1.2890839E-03  1.7677493E-03  0.0000000E+00
  2.0799350E+02 -1.4680256E-03 -1.1095670E-03 -1.2502057E-03  1.7859632E-03  0.0000000E+00
  2.0799350E+02 -1.4219010E-03 -1.0792624E-03 -1.2128889E-03  1.8034503E-03  0.0000000E+00
  2.0799350E+02 -1.3876904E-03 -1.0501625E-03 -1.1805552E-03  1.8196726E-03  0.0000000E+00
  2.0799350E+02 -1.3633112E-03 -1.0226649E-03 -1.1525771E-03  1.8341171E-03  0.0000000E+00
  2.0799350E+02 -1.3435521E-03 -9.9691267E-04 -1.1269568E-03  1.8463855E-03  0.0000000E+00
  2.0799350E+02 -1.3240173E-03 -9.7286766E-04 -1.1019259E-03  1.8562467E-03  0.0000000E+00
  2.0799350E+02 -1.3028903E-03 -9.5039474E-04 -1.0766786E-03  1.8636582E-03  0.0000000E+00
  2.0799350E+02 -1.2810517E-03 -9.2934541E-04 -1.0514507E-03  1.8687635E-03  0.0000000E+00
  2.0799350E+02 -1.2610876E-03 -9.0962837E-04 -1.0271553E-03  1.8718691E-03  0.0000000E+00
  2.0799350E+02 -1.2457213E-03 -8.9125523E-04 -1.0047897E-03  1.8734085E-03  0.0000000E+00
  2.0799350E+02 -1.2362053E-03 -8.7434929E-04 -9.8482310E-04  1.8738980E-03  0.0000000E+00
  2.0799350E+02 -1.2312083E-03 -8.5910541E-04 -9.6677928E-04  1.8738909E-03  0.0000000E+00
  2.0799350E+02 -2.3606920E-01 -7.3289737E-03 -1.9542833E-01 -3.1931081E-02  0.0000000E+00
  2.0799350E+02 -1.0436156E-01 -4.7443063E-03 -8.2668425E-02 -3.2617732E-02  0.0000000E+00
  2.0799350E+02 -3.6017190E-02 -1.1322812E-02 -4.5292199E-02 -3.2868901E-02  0.0000000E+00
  2.0799350E+02 -2.7033677E-02 -1.5011090E-02 -3.6088981E-02 -3.3246611E-02  0.0000000E+00
  2.0799350E+02 -2.2526795E-02 -1.6264039E-02 -3.3259715E-02 -3.3928769E-02  0.0000000E+00
  2.0799350E+02 -2.1033462E-02 -1.6891632E-02 -3.1479552E-02 -3.4770847E-02  0.0000000E+00
  2.0799350E+02 -2.0724460E-02 -1.7303845E-02 -2.9816982E-02 -3.5573277E-02  0.0000000E+00
  2.0799350E+02 -2.0690677E-02 -1.7635658E-02 -2.8284594E-02 -3.6186485E-02  0.0000000E+00
  2.0799350E+02 -2.0399153E-02 -1.7830629E-02 -2.6622877E-02 -3.6517850E-02  0.0000000E+00
  2.0799350E+02 -2.0478932E-02 -1.7731153E-02 -2.4811632E-02 -3.6538966E-02  0.0000000E+00
  2.0799350E+02 -2.0590962E-02 -1.7354130E-02 -2.3061738E-02 -3.6261211E-02  0.0000000E+00
  2.0799350E+02 -2.0450261E-02 -1.6778133E-02 -2.1549994E-02 -3.5718777E-02  0.0000000E+00
  2.0799350E+02 -2.0170536E-02 -1.6078758E-02 -2.0275407E-02 -3.4956531E-02  0.0000000E+00
  2.0799350E+02 -1.9879818E-02 -1.5317123E-02 -1.9040524E-02 -3.4028988E-02  0.0000000E+00
  2.0799350E+02 -1.9446039E-02 -1.4529021E-02 -1.7704028E-02 -3.2989796E-02  0.0000000E+00
  2.0799350E+02 -1.8916219E-02 -1.3762392E-02 -1.6652532E-02 -3.1894669E-02  0.0000000E+00
  2.0799350E+02 -1.7830687E-02 -1.2926077E-02 -1.5709390E-02 -3.0784380E-02  0.0000000E+00
  2.0799350E+02 -1.6714941E-02 -1.2137043E-02 -1.4832204E-02 -2.9685358E-02  0.0000000E+00
  2.0799350E+02 -1.5786283E-02 -1.1429113E-02 -1.3945265E-02 -2.8600194E-02  0.0000000E+00
  2.0799350E+02 -1.4979784E-02 -1.0743515E-02 -1.3028756E-02 -2.7531574E-02  0.0000000E+00
  2.0799350E+02 -1.4198341E-02 -1.0047674E-02 -1.2131867E-02 -2.6483824E-02  0.0000000E+00
  2.0799350E+02 -1.3414783E-02 -9.3623218E-03 -1.1332365E-02 -2.5460780E-02  0.0000000E+00
  2.0799350E+02 -1.2677025E-02 -8.7388753E-03 -1.0683726E-02 -2.4470767E-02  0.0000000E+00
  2.0799350E+02 -1.2038926E-02 -8.2045508E-03 -1.0163483E-02 -2.3513124E-02  0.0000000E+00
  2.0799350E+02 -1.1489583E-02 -7.7364188E-03 -9.6868155E-03 -2.2584893E-02  0.0000000E+00
  2.0799350E+02 -1.0902634E-02 -7.2807465E-03 -9.1967433E-03 -2.1680239E-02  0.0000000E+00
  2.0799350E+02 -1.0062821E-02 -6.8441562E-03 -8.6296177E-03 -2.0804807E-02  0.0000000E+00
  2.0799350E+02 -9.4161219E-03 -6.4548060E-03 -8.0164848E-03 -1.9963318E-02  0.0000000E+00
  2.0799350E+02 -8.8927612E-03 -6.0822282E-03 -7.5224368E-03 -1.9163823E-02  0.0000000E+00
  2.0799350E+02 -8.3881797E-03 -5.7303436E-03 -7.1496888E-03 -1.8411096E-02  0.0000000E+00
  2.0799350E+02 -7.8812052E-03 -5.4162509E-03 -6.8582069E-03 -1.7704964E-02  0.0000000E+00
  2.0799350E+02 -7.3965232E-03 -5.1531364E-03 -6.6055957E-03 -1.7046064E-02  0.0000000E+00
  2.0799350E+02 -6.9683095E-03 -4.9396117E-03 -6.3620504E-03 -1.6429073E-02  0.0000000E+00
  2.0799350E+02 -6.6231065E-03 -4.7633691E-03 -6.1160760E-03 -1.5848695E-02  0.0000000E+00
  2.0799350E+02 -6.3674033E-03 -4.6066219E-03 -5.8682964E-03 -1.5298228E-02  0.0000000E+00
  2.0799350E+02 -6.1874325E-03 -4.4550438E-03 -5.6249424E-03 -1.4774256E-02  0.0000000E+00
  2.0799350E+02 -6.0535225E-03 -4.3020012E-03 -5.3893553E-03 -1.4271471E-02  0.0000000E+00
  2.0799350E+02 -5.9376829E-03 -4.1500762E-03 -5.1660797E-03 -1.3787331E-02  0.0000000E+00
  2.0799350E+02 -5.8366637E-03 -4.0019376E-03 -4.9761667E-03 -1.3320758E-02  0.0000000E+00
  2.0799350E+02 -5.6574719E-03 -3.8672018E-03 -4.7844552E-03 -1.2874093E-02  0.0000000E+00
  2.0799350E+02 -5.4022811E-03 -3.7415514E-03 -4.5669875E-03 -1.2443699E-02  0.0000000E+00
  2.0799350E+02 -5.1815901E-03 -3.6198294E-03 -4.3775942E-03 -1.2027436E-02  0.0000000E+00
  2.0799350E+02 -4.9834702E-03 -3.5091837E-03 -4.2021988E-03 -1.1624611E-02  0.0000000E+00
  2.0799350E+02 -4.8033082E-03 -3.4091399E-03 -4.0383394E-03 -1.1234635E-02  0.0000000E+00
  2.0799350E+02 -4.6415398E-03 -3.3166772E-03 -3.8902054E-03 -1.0858744E-02  0.0000000E+00
  2.0799350E+02 -4.4988748E-03 -3.2279906E-03 -3.7621532E-03 -1.0495331E-02  0.0000000E+00
  2.0799350E+02 -4.3755380E-03 -3.1407564E-03 -3.6566326E-03 -1.0142752E-02  0.0000000E+00
  2.0799350E+02 -4.2694684E-03 -3.0542887E-03 -3.5719084E-03 -9.7982941E-03  0.0000000E+00
  2.0799350E+02 -4.1766068E-03 -2.9698840E-03 -3.5022333E-03 -9.4610923E-03  0.0000000E+00
  2.0799350E+02 -4.0902230E-03 -2.8890937E-03 -3.4380198E-03 -9.1289183E-03  0.0000000E+00
  2.0799350E+02 -4.0031054E-03 -2.8132966E-03 -3.3690107E-03 -8.8010516E-03  0.0000000E+00
  2.0799350E+02 -3.9097516E-03 -2.7424953E-03 -3.2881165E-03 -8.4777939E-03  0.0000000E+00
  2.0799350E+02 -3.8096239E-03 -2.6744061E-03 -3.1967405E-03 -8.1596603E-03  0.0000000E+00
  2.0799350E+02 -3.7124284E-03 -2.6046706E-03 -3.1124670E-03 -7.8488863E-03  0.0000000E+00
  2.0799350E+02 -3.6079917E-03 -2.5401204E-03 -3.0486480E-03 -7.5456232E-03  0.0000000E+00
  2.0799350E+02 -3.5203163E-03 -2.4743020E-03 -2.9597492E-03 -7.2504343E-03  0.0000000E+00
  2.0799350E+02 -3.4403775E-03 -2.4053361E-03 -2.8627137E-03 -6.9627521E-03  0.0000000E+00
  2.0799350E+02 -3.3452171E-03 -2.3394397E-03 -2.7686518E-03 -6.6839207E-03  0.0000000E+00
  2.0799350E+02 -3.2308239E-03 -2.2777248E-03 -2.6822060E-03 -6.4136901E-03  0.0000000E+00
  2.0799350E+02 -3.1041166E-03 -2.2193066E-03 -2.6050203E-03 -6.1523471E-03  0.0000000E+00
  2.0799350E+02 -2.9763724E-03 -2.1628399E-03 -2.5371909E-03 -5.9001767E-03  0.0000000E+00
  2.0799350E+02 -2.8584700E-03 -2.1073155E-03 -2.4779308E-03 -5.6569780E-03  0.0000000E+00
  2.0799350E+02 -2.7588019E-03 -2.0527573E-03 -2.4261610E-03 -5.4237154E-03  0.0000000E+00
  2.0799350E+02 -2.6804929E-03 -1.9994988E-03 -2.3797513E-03 -5.1998198E-03  0.0000000E+00
  2.0799350E+02 -2.6219986E-03 -1.9482011E-03 -2.3358063E-03 -4.9848946E-03  0.0000000E+00
  2.0799350E+02 -2.5774978E-03 -1.8992017E-03 -2.2905586E-03 -4.7778891E-03  0.0000000E+00
  2.0799350E+02 -2.5386232E-03 -1.8524814E-03 -2.2403097E-03 -4.5786162E-03  0.0000000E+00
  2.0799350E+02 -2.4959766E-03 -1.8070144E-03 -2.1823676E-03 -4.3856541E-03  0.0000000E+00
  2.0799350E+02 -2.4417328E-03 -1.7614287E-03 -2.1178481E-03 -4.1980806E-03  0.0000000E+00
  2.0799350E+02 -2.3719038E-03 -1.7148173E-03 -2.0554328E-03 -4.0154535E-03  0.0000000E+00
  2.0799350E+02 -2.2860966E-03 -1.6692583E-03 -1.9992888E-03 -3.8370994E-03  0.0000000E+00
  2.0799350E+02 -2.2043162E-03 -1.6259540E-03 -1.9276209E-03 -3.6618662E-03  0.0000000E+00
  2.0799350E+02 -2.1353734E-03 -1.5828260E-03 -1.8684842E-03 -3.4896621E-03  0.0000000E+00
  2.0799350E+02 -2.0710084E-03 -1.5417191E-03 -1.8134480E-03 -3.3192381E-03  0.0000000E+00
  2.0799350E+02 -2.0062393E-03 -1.5034126E-03 -1.7588409E-03 -3.1497635E-03  0.0000000E+00
  2.0799350E+02 -1.9397815E-03 -1.4680073E-03 -1.7043152E-03 -2.9818833E-03  0.0000000E+00
  2.0799350E+02 -1.8727570E-03 -1.4347415E-03 -1.6508109E-03 -2.8157211E-03  0.0000000E+00
  2.0799350E+02 -1.8081851E-03 -1.4025674E-03 -1.5998537E-03 -2.6519235E-03  0.0000000E+00
  2.0799350E+02 -1.7496072E-03 -1.3703385E-03 -1.5526179E-03 -2.4909056E-03  0.0000000E+00
  2.0799350E+02 -1.7003128E-03 -1.3373398E-03 -1.5098067E-03 -2.3338586E-03  0.0000000E+00
  2.0799350E+02 -1.6616699E-03 -1.3031768E-03 -1.4709740E-03 -2.1809042E-03  0.0000000E+00
  2.0799350E+02 -1.6328654E-03 -1.2681315E-03 -1.4349633E-03 -2.0321926E-03  0.0000000E+00
  2.0799350E+02 -1.6105990E-03 -1.2330818E-03 -1.4001439E-03 -1.8876021E-03  0.0000000E+00
  2.0799350E+02 -1.5895278E-03 -1.1992244E-03 -1.3648809E-03 -1.7465481E-03  0.0000000E+00
  2.0799350E+02 -1.5637536E-03 -1.1678612E-03 -1.3285088E-03 -1.6091279E-03  0.0000000E+00
  2.0799350E+02 -1.5289854E-03 -1.1392948E-03 -1.2918344E-03 -1.4748333E-03  0.0000000E+00
  2.0799350E+02 -1.4862549E-03 -1.1120160E-03 -1.2584019E-03 -1.3439024E-03  0.0000000E+00
  2.0799350E+02 -1.4446009E-03 -1.0838350E-03 -1.2314310E-03 -1.2167892E-03  0.0000000E+00
  2.0799350E+02 -1.4037056E-03 -1.0574040E-03 -1.1997731E-03 -1.0939754E-03  0.0000000E+00
  2.0799350E+02 -1.3684498E-03 -1.0312749E-03 -1.1686056E-03 -9.7623909E-04  0.0000000E+00
  2.0799350E+02 -1.3405955E-03 -1.0058660E-03 -1.1399904E-03 -8.6396540E-04  0.0000000E+00
  2.0799350E+02 -1.3183374E-03 -9.8125244E-04 -1.1134480E-03 -7.5725918E-04  0.0000000E+00
  2.0799350E+02 -1.2989487E-03 -9.5738832E-04 -1.0877152E-03 -6.5582228E-04  0.0000000E+00
  2.0799350E+02 -1.2804618E-03 -9.3442934E-04 -1.0619759E-03 -5.5972764E-04  0.0000000E+00
  2.0799350E+02 -1.2621005E-03 -9.1253543E-04 -1.0360278E-03 -4.6838165E-04  0.0000000E+00
  2.0799350E+02 -1.2443708E-03 -8.9203158E-04 -1.0104530E-03 -3.8131207E-04  0.0000000E+00
  2.0799350E+02 -1.2284919E-03 -8.7326925E-04 -9.8621428E-04 -2.9787813E-04  0.0000000E+00
  2.0799350E+02 -1.2157689E-03 -8.5666381E-04 -9.6436106E-04 -2.1789765E-04  0.0000000E+00
  2.0799350E+02 -1.2066725E-03 -8.4238699E-04 -9.4530064E-04 -1.4077315E-04  0.0000000E+00
  2.0799350E+02 -1.2004354E-03 -8.3041131E-04 -9.2866590E-04 -6.6106548E-05  0.0000000E+00
