          atime             vx             vy             vz             pr        garbage
  2.0799350E+02  2.5350330E-05  7.8064575E-11  4.7250512E-08 -8.4366418E-02  0.0000000E+00
  2.0799350E+02  2.9661283E-01  4.8099547E-03  5.3306505E-04 -8.3791178E-02  0.0000000E+00
  2.0799350E+02  5.3419628E-01  1.3591869E-02  5.5068998E-04 -8.2548220E-02  0.0000000E+00
  2.0799350E+02  6.7942187E-01  2.0363493E-02 -3.1396807E-04 -8.0725363E-02  0.0000000E+00
  2.0799350E+02  7.5452726E-01  2.3928546E-02 -1.6680074E-03 -7.8741241E-02  0.0000000E+00
  2.0799350E+02  7.9216971E-01  2.5345517E-02 -2.9484084E-03 -7.6831930E-02  0.0000000E+00
  2.0799350E+02  8.1230945E-01  2.5625815E-02 -3.9985175E-03 -7.5038599E-02  0.0000000E+00
  2.0799350E+02  8.2446952E-01  2.5340459E-02 -4.9296794E-03 -7.3311301E-02  0.0000000E+00
  2.0799350E+02  8.3312506E-01  2.4791437E-02 -5.7656250E-03 -7.1584134E-02  0.0000000E+00
  2.0799350E+02  8.4032668E-01  2.4146418E-02 -6.4855325E-03 -6.9807427E-02  0.0000000E+00
  2.0799350E+02  8.4710735E-01  2.3474670E-02 -7.0228305E-03 -6.7950022E-02  0.0000000E+00
  2.0799350E+02  8.5394479E-01  2.2810453E-02 -7.3301047E-03 -6.6006292E-02  0.0000000E+00
  2.0799350E+02  8.6098995E-01  2.2180973E-02 -7.4180406E-03 -6.4000370E-02  0.0000000E+00
  2.0799350E+02  8.6820922E-01  2.1601889E-02 -7.3410459E-03 -6.1982025E-02  0.0000000E+00
  2.0799350E+02  8.7546807E-01  2.1058122E-02 -7.1348187E-03 -6.0006578E-02  0.0000000E+00
  2.0799350E+02  8.8258949E-01  2.0493037E-02 -6.7295876E-03 -5.8102434E-02  0.0000000E+00
  2.0799350E+02  8.8941626E-01  1.9908891E-02 -6.1251337E-03 -5.6273995E-02  0.0000000E+00
  2.0799350E+02  8.9604742E-01  1.9306830E-02 -5.3433252E-03 -5.4507362E-02  0.0000000E+00
  2.0799350E+02  9.0262824E-01  1.8713100E-02 -4.4229914E-03 -5.2785465E-02  0.0000000E+00
  2.0799350E+02  9.0924462E-01  1.8161819E-02 -3.4466473E-03 -5.1088912E-02  0.0000000E+00
  2.0799350E+02  9.1592471E-01  1.7670827E-02 -2.5226245E-03 -4.9402864E-02  0.0000000E+00
  2.0799350E+02  9.2266616E-01  1.7235699E-02 -1.7564024E-03 -4.7720187E-02  0.0000000E+00
  2.0799350E+02  9.2946702E-01  1.6834770E-02 -1.2195572E-03 -4.6041700E-02  0.0000000E+00
  2.0799350E+02  9.3633782E-01  1.6438009E-02 -9.2474594E-04 -4.4374336E-02  0.0000000E+00
  2.0799350E+02  9.4327269E-01  1.6012614E-02 -8.1514115E-04 -4.2728017E-02  0.0000000E+00
  2.0799350E+02  9.5015707E-01  1.5518159E-02 -7.7673486E-04 -4.1112072E-02  0.0000000E+00
  2.0799350E+02  9.5677531E-01  1.4937296E-02 -7.9657313E-04 -3.9528299E-02  0.0000000E+00
  2.0799350E+02  9.6309564E-01  1.4275710E-02 -8.8723902E-04 -3.7991463E-02  0.0000000E+00
  2.0799350E+02  9.6912779E-01  1.3574836E-02 -1.1271761E-03 -3.6502883E-02  0.0000000E+00
  2.0799350E+02  9.7486208E-01  1.2893019E-02 -1.4898134E-03 -3.5074583E-02  0.0000000E+00
  2.0799350E+02  9.8031614E-01  1.2268057E-02 -1.8732390E-03 -3.3716254E-02  0.0000000E+00
  2.0799350E+02  9.8553535E-01  1.1714880E-02 -2.1789591E-03 -3.2433998E-02  0.0000000E+00
  2.0799350E+02  9.9058856E-01  1.1227399E-02 -2.3566350E-03 -3.1228687E-02  0.0000000E+00
  2.0799350E+02  9.9555343E-01  1.0784295E-02 -2.4193874E-03 -3.0096182E-02  0.0000000E+00
  2.0799350E+02  1.0004971E+00  1.0357408E-02 -2.4343478E-03 -2.9028793E-02  0.0000000E+00
  2.0799350E+02  1.0054583E+00  9.9213772E-03 -2.4931356E-03 -2.8017386E-02  0.0000000E+00
  2.0799350E+02  1.0104366E+00  9.4631685E-03 -2.6669385E-03 -2.7053539E-02  0.0000000E+00
  2.0799350E+02  1.0153949E+00  8.9901620E-03 -2.9508770E-03 -2.6131133E-02  0.0000000E+00
  2.0799350E+02  1.0202812E+00  8.5354311E-03 -3.2023302E-03 -2.5246782E-02  0.0000000E+00
  2.0799350E+02  1.0251045E+00  8.1288281E-03 -3.2594696E-03 -2.4403419E-02  0.0000000E+00
  2.0799350E+02  1.0298488E+00  7.7654940E-03 -3.1048890E-03 -2.3596709E-02  0.0000000E+00
  2.0799350E+02  1.0344814E+00  7.4336810E-03 -2.7864612E-03 -2.2822116E-02  0.0000000E+00
  2.0799350E+02  1.0390424E+00  7.1100949E-03 -2.4267733E-03 -2.2079592E-02  0.0000000E+00
  2.0799350E+02  1.0435830E+00  6.7842847E-03 -2.0918731E-03 -2.1367448E-02  0.0000000E+00
  2.0799350E+02  1.0481465E+00  6.4574485E-03 -1.8059856E-03 -2.0682722E-02  0.0000000E+00
  2.0799350E+02  1.0527591E+00  6.1387889E-03 -1.5670170E-03 -2.0021573E-02  0.0000000E+00
  2.0799350E+02  1.0574270E+00  5.8405372E-03 -1.3614146E-03 -1.9379682E-02  0.0000000E+00
  2.0799350E+02  1.0621392E+00  5.5727641E-03 -1.1769551E-03 -1.8752666E-02  0.0000000E+00
  2.0799350E+02  1.0668738E+00  5.3390990E-03 -1.0120267E-03 -1.8136509E-02  0.0000000E+00
  2.0799350E+02  1.0716067E+00  5.1344750E-03 -8.7997880E-04 -1.7527981E-02  0.0000000E+00
  2.0799350E+02  1.0763195E+00  4.9460199E-03 -8.0710550E-04 -1.6925073E-02  0.0000000E+00
  2.0799350E+02  1.0810069E+00  4.7582133E-03 -8.2283435E-04 -1.6327417E-02  0.0000000E+00
  2.0799350E+02  1.0856801E+00  4.5634282E-03 -9.4068925E-04 -1.5736707E-02  0.0000000E+00
  2.0799350E+02  1.0903653E+00  4.3789761E-03 -1.1285971E-03 -1.5157101E-02  0.0000000E+00
  2.0799350E+02  1.0950501E+00  4.2250926E-03 -1.3193617E-03 -1.4594528E-02  0.0000000E+00
  2.0799350E+02  1.0997249E+00  4.1202250E-03 -1.4917275E-03 -1.4052213E-02  0.0000000E+00
  2.0799350E+02  1.1044197E+00  4.0694359E-03 -1.6114407E-03 -1.3530097E-02  0.0000000E+00
  2.0799350E+02  1.1090819E+00  4.0491955E-03 -1.6891198E-03 -1.3029937E-02  0.0000000E+00
  2.0799350E+02  1.1136634E+00  4.0419895E-03 -1.7494573E-03 -1.2551538E-02  0.0000000E+00
  2.0799350E+02  1.1181259E+00  4.0364479E-03 -1.8185696E-03 -1.2094100E-02  0.0000000E+00
  2.0799350E+02  1.1224480E+00  4.0263101E-03 -1.9166214E-03 -1.1656507E-02  0.0000000E+00
  2.0799350E+02  1.1266269E+00  4.0087973E-03 -2.0544421E-03 -1.1237536E-02  0.0000000E+00
  2.0799350E+02  1.1306777E+00  3.9827079E-03 -2.2332137E-03 -1.0836009E-02  0.0000000E+00
  2.0799350E+02  1.1346274E+00  3.9465497E-03 -2.4463034E-03 -1.0450889E-02  0.0000000E+00
  2.0799350E+02  1.1385091E+00  3.8970244E-03 -2.6823197E-03 -1.0081324E-02  0.0000000E+00
  2.0799350E+02  1.1423536E+00  3.8281798E-03 -2.9284675E-03 -9.7266358E-03  0.0000000E+00
  2.0799350E+02  1.1461825E+00  3.7315421E-03 -3.1732776E-03 -9.3862774E-03  0.0000000E+00
  2.0799350E+02  1.1500009E+00  3.5975468E-03 -3.4077888E-03 -9.0597413E-03  0.0000000E+00
  2.0799350E+02  1.1537934E+00  3.4185790E-03 -3.6242573E-03 -8.7464402E-03  0.0000000E+00
  2.0799350E+02  1.1575226E+00  3.1939409E-03 -3.8114706E-03 -8.4455576E-03  0.0000000E+00
  2.0799350E+02  1.1611472E+00  2.9279113E-03 -3.9472623E-03 -8.1551738E-03  0.0000000E+00
  2.0799350E+02  1.1646540E+00  2.6214468E-03 -4.0021779E-03 -7.8705837E-03  0.0000000E+00
  2.0799350E+02  1.1680358E+00  2.2931575E-03 -3.9860351E-03 -7.5917034E-03  0.0000000E+00
  2.0799350E+02  1.1713231E+00  1.9509382E-03 -3.9201883E-03 -7.3170137E-03  0.0000000E+00
  2.0799350E+02  1.1745311E+00  1.6116658E-03 -3.8212064E-03 -7.0448390E-03  0.0000000E+00
  2.0799350E+02  1.1776645E+00  1.2930591E-03 -3.7012499E-03 -6.7740887E-03  0.0000000E+00
  2.0799350E+02  1.1807213E+00  1.0086130E-03 -3.5685327E-03 -6.5045772E-03  0.0000000E+00
  2.0799350E+02  1.1836970E+00  7.6510228E-04 -3.4278574E-03 -6.2370170E-03  0.0000000E+00
  2.0799350E+02  1.1865871E+00  5.6215624E-04 -3.2812109E-03 -5.9727762E-03  0.0000000E+00
  2.0799350E+02  1.1893901E+00  3.9339871E-04 -3.1284102E-03 -5.7134948E-03  0.0000000E+00
  2.0799350E+02  1.1921087E+00  2.4865357E-04 -2.9677842E-03 -5.4606527E-03  0.0000000E+00
  2.0799350E+02  1.1947496E+00  1.1671247E-04 -2.7968818E-03 -5.2151816E-03  0.0000000E+00
  2.0799350E+02  1.1973225E+00 -1.1836953E-05 -2.6131925E-03 -4.9772152E-03  0.0000000E+00
  2.0799350E+02  1.1998321E+00 -1.4198584E-04 -2.4152426E-03 -4.7464837E-03  0.0000000E+00
  2.0799350E+02  1.2022910E+00 -2.7381886E-04 -2.2018381E-03 -4.5209530E-03  0.0000000E+00
  2.0799350E+02  1.2046853E+00 -4.0109557E-04 -1.9749108E-03 -4.3000587E-03  0.0000000E+00
  2.0799350E+02  1.2069831E+00 -5.1413541E-04 -1.7387626E-03 -4.0842479E-03  0.0000000E+00
  2.0799350E+02  1.2091427E+00 -6.1054810E-04 -1.4985023E-03 -3.8738077E-03  0.0000000E+00
  2.0799350E+02  1.2111567E+00 -6.9941483E-04 -1.2484656E-03 -3.6682575E-03  0.0000000E+00
  2.0799350E+02  1.2130523E+00 -7.7311781E-04 -9.9898876E-04 -3.4733758E-03  0.0000000E+00
  2.0799350E+02  1.2148746E+00 -8.2769831E-04 -7.5765881E-04 -3.2902806E-03  0.0000000E+00
  2.0799350E+02  1.2166428E+00 -8.5792368E-04 -5.2874561E-04 -3.1194896E-03  0.0000000E+00
  2.0799350E+02  1.2183582E+00 -8.5986060E-04 -3.1583633E-04 -2.9606238E-03  0.0000000E+00
  2.0799350E+02  1.2200094E+00 -8.3230902E-04 -1.2336110E-04 -2.8123814E-03  0.0000000E+00
  2.0799350E+02  1.2215784E+00 -7.7729652E-04  4.2811559E-05 -2.6727164E-03  0.0000000E+00
  2.0799350E+02  1.2230442E+00 -6.9983279E-04  1.7553066E-04 -2.5391569E-03  0.0000000E+00
  2.0799350E+02  1.2243865E+00 -6.0712389E-04  2.6709111E-04 -2.4091966E-03  0.0000000E+00
  2.0799350E+02  1.2255879E+00 -5.0744599E-04  3.1035568E-04 -2.2806956E-03  0.0000000E+00
  2.0799350E+02  1.2266357E+00 -4.0887836E-04  3.0009169E-04 -2.1522230E-03  0.0000000E+00
  2.0799350E+02  1.2275225E+00 -3.1809522E-04  2.3434360E-04 -2.0232774E-03  0.0000000E+00
  2.0799350E+02  0.0000000E+00  0.0000000E+00  0.0000000E+00 -5.3217613E-02  0.0000000E+00
  2.0799350E+02  9.6953020E-02 -1.2034515E-02 -1.3878389E-03 -5.3246980E-02  0.0000000E+00
  2.0799350E+02  2.4514270E-01 -2.3218156E-02 -1.7834079E-03 -5.3250392E-02  0.0000000E+00
  2.0799350E+02  4.1014617E-01 -3.0798760E-02 -1.8682335E-03 -5.3215019E-02  0.0000000E+00
  2.0799350E+02  5.5395456E-01 -3.3896899E-02 -2.0232529E-03 -5.3120229E-02  0.0000000E+00
  2.0799350E+02  6.5881704E-01 -3.3726179E-02 -2.2910556E-03 -5.2988359E-02  0.0000000E+00
  2.0799350E+02  7.2705749E-01 -3.1951232E-02 -2.7482093E-03 -5.2855457E-02  0.0000000E+00
  2.0799350E+02  7.6955506E-01 -2.9644218E-02 -3.5194782E-03 -5.2738290E-02  0.0000000E+00
  2.0799350E+02  7.9640286E-01 -2.7316369E-02 -4.5551628E-03 -5.2628191E-02  0.0000000E+00
  2.0799350E+02  8.1449730E-01 -2.5143859E-02 -5.6067385E-03 -5.2493506E-02  0.0000000E+00
  2.0799350E+02  8.2773143E-01 -2.3182884E-02 -6.5012585E-03 -5.2306880E-02  0.0000000E+00
  2.0799350E+02  8.3827194E-01 -2.1439318E-02 -7.1824693E-03 -5.2039549E-02  0.0000000E+00
  2.0799350E+02  8.4733505E-01 -1.9891211E-02 -7.6573651E-03 -5.1665395E-02  0.0000000E+00
  2.0799350E+02  8.5553751E-01 -1.8515609E-02 -7.9386887E-03 -5.1176922E-02  0.0000000E+00
  2.0799350E+02  8.6320605E-01 -1.7272603E-02 -8.0286013E-03 -5.0579907E-02  0.0000000E+00
  2.0799350E+02  8.7044332E-01 -1.6120005E-02 -7.9570035E-03 -4.9878546E-02  0.0000000E+00
  2.0799350E+02  8.7740741E-01 -1.5043211E-02 -7.7999184E-03 -4.9089932E-02  0.0000000E+00
  2.0799350E+02  8.8420770E-01 -1.4063991E-02 -7.6286892E-03 -4.8239888E-02  0.0000000E+00
  2.0799350E+02  8.9080417E-01 -1.3191344E-02 -7.4348277E-03 -4.7362212E-02  0.0000000E+00
  2.0799350E+02  8.9717844E-01 -1.2402200E-02 -7.1687626E-03 -4.6480247E-02  0.0000000E+00
  2.0799350E+02  9.0341251E-01 -1.1660636E-02 -6.7832110E-03 -4.5604499E-02  0.0000000E+00
  2.0799350E+02  9.0967097E-01 -1.0938506E-02 -6.2584200E-03 -4.4731254E-02  0.0000000E+00
  2.0799350E+02  9.1608005E-01 -1.0236285E-02 -5.6161655E-03 -4.3850926E-02  0.0000000E+00
  2.0799350E+02  9.2272022E-01 -9.5777948E-03 -4.9085175E-03 -4.2943370E-02  0.0000000E+00
  2.0799350E+02  9.2955765E-01 -8.9977415E-03 -4.2013182E-03 -4.1992089E-02  0.0000000E+00
  2.0799350E+02  9.3654258E-01 -8.4948561E-03 -3.5386104E-03 -4.0992699E-02  0.0000000E+00
  2.0799350E+02  9.4363851E-01 -8.0395469E-03 -2.9187175E-03 -3.9952582E-02  0.0000000E+00
  2.0799350E+02  9.5080120E-01 -7.6193394E-03 -2.3013479E-03 -3.8877140E-02  0.0000000E+00
  2.0799350E+02  9.5783491E-01 -7.2282774E-03 -1.6757629E-03 -3.7781508E-02  0.0000000E+00
  2.0799350E+02  9.6457497E-01 -6.8929127E-03 -1.1291048E-03 -3.6677431E-02  0.0000000E+00
  2.0799350E+02  9.7095696E-01 -6.6289818E-03 -7.5949520E-04 -3.5574180E-02  0.0000000E+00
  2.0799350E+02  9.7696031E-01 -6.4334611E-03 -6.2511464E-04 -3.4484465E-02  0.0000000E+00
  2.0799350E+02  9.8265541E-01 -6.2828953E-03 -7.2155472E-04 -3.3412624E-02  0.0000000E+00
  2.0799350E+02  9.8812985E-01 -6.1438080E-03 -9.9220844E-04 -3.2363816E-02  0.0000000E+00
  2.0799350E+02  9.9348197E-01 -5.9837763E-03 -1.3520391E-03 -3.1341647E-02  0.0000000E+00
  2.0799350E+02  9.9875883E-01 -5.7845066E-03 -1.7165180E-03 -3.0356089E-02  0.0000000E+00
  2.0799350E+02  1.0039987E+00 -5.5483422E-03 -2.0361882E-03 -2.9411344E-02  0.0000000E+00
  2.0799350E+02  1.0091912E+00 -5.3001472E-03 -2.3142205E-03 -2.8509406E-02  0.0000000E+00
  2.0799350E+02  1.0143133E+00 -5.0765514E-03 -2.6085475E-03 -2.7639157E-02  0.0000000E+00
  2.0799350E+02  1.0193399E+00 -4.8900810E-03 -2.9291989E-03 -2.6792614E-02  0.0000000E+00
  2.0799350E+02  1.0242902E+00 -4.7089263E-03 -3.1961426E-03 -2.5972895E-02  0.0000000E+00
  2.0799350E+02  1.0291675E+00 -4.5363584E-03 -3.3484465E-03 -2.5178484E-02  0.0000000E+00
  2.0799350E+02  1.0339865E+00 -4.3745286E-03 -3.3445655E-03 -2.4415825E-02  0.0000000E+00
  2.0799350E+02  1.0387699E+00 -4.2266567E-03 -3.1945770E-03 -2.3685771E-02  0.0000000E+00
  2.0799350E+02  1.0435114E+00 -4.0975888E-03 -2.9361729E-03 -2.2990210E-02  0.0000000E+00
  2.0799350E+02  1.0482276E+00 -3.9910463E-03 -2.6145190E-03 -2.2325193E-02  0.0000000E+00
  2.0799350E+02  1.0529243E+00 -3.9092851E-03 -2.2709497E-03 -2.1686884E-02  0.0000000E+00
  2.0799350E+02  1.0576151E+00 -3.8513785E-03 -1.9355323E-03 -2.1069541E-02  0.0000000E+00
  2.0799350E+02  1.0622897E+00 -3.8126849E-03 -1.6274602E-03 -2.0470209E-02  0.0000000E+00
  2.0799350E+02  1.0669649E+00 -3.7841696E-03 -1.3533739E-03 -1.9882374E-02  0.0000000E+00
  2.0799350E+02  1.0716513E+00 -3.7539941E-03 -1.1150368E-03 -1.9300825E-02  0.0000000E+00
  2.0799350E+02  1.0763601E+00 -3.7101040E-03 -9.1638010E-04 -1.8721150E-02  0.0000000E+00
  2.0799350E+02  1.0811081E+00 -3.6447539E-03 -7.7269051E-04 -1.8139639E-02  0.0000000E+00
  2.0799350E+02  1.0858767E+00 -3.5620212E-03 -7.2193032E-04 -1.7558868E-02  0.0000000E+00
  2.0799350E+02  1.0906686E+00 -3.4599232E-03 -7.8290556E-04 -1.6977839E-02  0.0000000E+00
  2.0799350E+02  1.0954264E+00 -3.3322654E-03 -9.3353800E-04 -1.6400099E-02  0.0000000E+00
  2.0799350E+02  1.1001705E+00 -3.1760294E-03 -1.1151547E-03 -1.5830877E-02  0.0000000E+00
  2.0799350E+02  1.1048859E+00 -2.9888010E-03 -1.2767366E-03 -1.5276023E-02  0.0000000E+00
  2.0799350E+02  1.1095578E+00 -2.7793047E-03 -1.4053891E-03 -1.4738341E-02  0.0000000E+00
  2.0799350E+02  1.1141543E+00 -2.5613510E-03 -1.5099669E-03 -1.4220513E-02  0.0000000E+00
  2.0799350E+02  1.1186473E+00 -2.3486995E-03 -1.6096967E-03 -1.3723640E-02  0.0000000E+00
  2.0799350E+02  1.1230270E+00 -2.1517475E-03 -1.7257035E-03 -1.3246543E-02  0.0000000E+00
  2.0799350E+02  1.1272740E+00 -1.9775456E-03 -1.8741550E-03 -1.2789658E-02  0.0000000E+00
  2.0799350E+02  1.1314064E+00 -1.8276014E-03 -2.0639161E-03 -1.2350565E-02  0.0000000E+00
  2.0799350E+02  1.1354450E+00 -1.7002937E-03 -2.2944130E-03 -1.1928084E-02  0.0000000E+00
  2.0799350E+02  1.1394230E+00 -1.5919818E-03 -2.5568336E-03 -1.1521080E-02  0.0000000E+00
  2.0799350E+02  1.1433514E+00 -1.4998169E-03 -2.8343200E-03 -1.1131316E-02  0.0000000E+00
  2.0799350E+02  1.1472537E+00 -1.4227599E-03 -3.1083360E-03 -1.0758389E-02  0.0000000E+00
  2.0799350E+02  1.1511298E+00 -1.3643659E-03 -3.3613810E-03 -1.0401167E-02  0.0000000E+00
  2.0799350E+02  1.1549563E+00 -1.3340579E-03 -3.5828056E-03 -1.0054486E-02  0.0000000E+00
  2.0799350E+02  1.1586994E+00 -1.3431456E-03 -3.7745670E-03 -9.7141121E-03  0.0000000E+00
  2.0799350E+02  1.1623275E+00 -1.3808527E-03 -3.9132867E-03 -9.3917654E-03  0.0000000E+00
  2.0799350E+02  1.1658185E+00 -1.4494665E-03 -3.9855598E-03 -9.0733134E-03  0.0000000E+00
  2.0799350E+02  1.1691808E+00 -1.5477675E-03 -3.9989798E-03 -8.7621891E-03  0.0000000E+00
  2.0799350E+02  1.1724321E+00 -1.6731912E-03 -3.9646509E-03 -8.4570718E-03  0.0000000E+00
  2.0799350E+02  1.1755726E+00 -1.8191192E-03 -3.8951364E-03 -8.1567211E-03  0.0000000E+00
  2.0799350E+02  1.1786196E+00 -1.9761502E-03 -3.8021639E-03 -7.8583877E-03  0.0000000E+00
  2.0799350E+02  1.1815826E+00 -2.1323562E-03 -3.6954047E-03 -7.5609032E-03  0.0000000E+00
  2.0799350E+02  1.1844750E+00 -2.2756125E-03 -3.5812982E-03 -7.2638594E-03  0.0000000E+00
  2.0799350E+02  1.1872938E+00 -2.3948162E-03 -3.4633835E-03 -6.9695483E-03  0.0000000E+00
  2.0799350E+02  1.1900510E+00 -2.4835734E-03 -3.3409927E-03 -6.6792796E-03  0.0000000E+00
  2.0799350E+02  1.1927531E+00 -2.5406847E-03 -3.2104125E-03 -6.3949194E-03  0.0000000E+00
  2.0799350E+02  1.1954060E+00 -2.5709905E-03 -3.0654218E-03 -6.1178138E-03  0.0000000E+00
  2.0799350E+02  1.1980182E+00 -2.5845303E-03 -2.8980813E-03 -5.8479902E-03  0.0000000E+00
  2.0799350E+02  1.2005800E+00 -2.5937490E-03 -2.7014487E-03 -5.5861539E-03  0.0000000E+00
  2.0799350E+02  1.2030876E+00 -2.6085590E-03 -2.4696154E-03 -5.3314195E-03  0.0000000E+00
  2.0799350E+02  1.2055188E+00 -2.6284387E-03 -2.2009948E-03 -5.0846330E-03  0.0000000E+00
  2.0799350E+02  1.2078514E+00 -2.6453742E-03 -1.8997525E-03 -4.8453168E-03  0.0000000E+00
  2.0799350E+02  1.2100675E+00 -2.6594931E-03 -1.6027837E-03 -4.6112653E-03  0.0000000E+00
  2.0799350E+02  1.2121424E+00 -2.6626753E-03 -1.3301535E-03 -4.3862263E-03  0.0000000E+00
  2.0799350E+02  1.2140871E+00 -2.6574604E-03 -1.0831097E-03 -4.1707559E-03  0.0000000E+00
  2.0799350E+02  1.2159223E+00 -2.6409517E-03 -8.5822134E-04 -3.9661984E-03  0.0000000E+00
  2.0799350E+02  1.2176721E+00 -2.6085103E-03 -6.5032754E-04 -3.7731929E-03  0.0000000E+00
  2.0799350E+02  1.2193451E+00 -2.5564949E-03 -4.5640439E-04 -3.5924412E-03  0.0000000E+00
  2.0799350E+02  1.2209496E+00 -2.4833134E-03 -2.7489745E-04 -3.4224823E-03  0.0000000E+00
  2.0799350E+02  1.2224814E+00 -2.3901164E-03 -1.0801737E-04 -3.2612917E-03  0.0000000E+00
  2.0799350E+02  1.2239297E+00 -2.2803586E-03  3.8820196E-05 -3.1060599E-03  0.0000000E+00
  2.0799350E+02  1.2252703E+00 -2.1599466E-03  1.5655235E-04 -2.9548150E-03  0.0000000E+00
  2.0799350E+02  1.2264842E+00 -2.0350825E-03  2.3524104E-04 -2.8052710E-03  0.0000000E+00
  2.0799350E+02  1.2275513E+00 -1.9119911E-03  2.6465326E-04 -2.6563413E-03  0.0000000E+00
  2.0799350E+02 -6.1053329E-07  1.7422648E-07 -4.9233384E-08 -2.0835845E-02  0.0000000E+00
  2.0799350E+02 -5.9207183E-03  2.5788540E-03 -1.3316540E-03 -2.1038825E-02  0.0000000E+00
  2.0799350E+02  1.4774004E-02  5.6322271E-04 -2.2899202E-03 -2.1266247E-02  0.0000000E+00
  2.0799350E+02  6.4934164E-02 -5.0854015E-03 -2.8006921E-03 -2.1554405E-02  0.0000000E+00
  2.0799350E+02  1.4484021E-01 -1.3194800E-02 -2.9113136E-03 -2.1869896E-02  0.0000000E+00
  2.0799350E+02  2.4816675E-01 -2.2007912E-02 -2.9421129E-03 -2.2166217E-02  0.0000000E+00
  2.0799350E+02  3.6237801E-01 -2.9686421E-02 -3.2593862E-03 -2.2439737E-02  0.0000000E+00
  2.0799350E+02  4.7301990E-01 -3.5091687E-02 -3.7779897E-03 -2.2722406E-02  0.0000000E+00
  2.0799350E+02  5.6861994E-01 -3.8068242E-02 -4.1480503E-03 -2.3049295E-02  0.0000000E+00
  2.0799350E+02  6.4423093E-01 -3.9034549E-02 -4.4886203E-03 -2.3443406E-02  0.0000000E+00
  2.0799350E+02  7.0052223E-01 -3.8659257E-02 -4.9752442E-03 -2.3909267E-02  0.0000000E+00
  2.0799350E+02  7.4103642E-01 -3.7530539E-02 -5.6070583E-03 -2.4436330E-02  0.0000000E+00
  2.0799350E+02  7.7007235E-01 -3.6045438E-02 -6.2429936E-03 -2.5005226E-02  0.0000000E+00
  2.0799350E+02  7.9140371E-01 -3.4445703E-02 -6.7365060E-03 -2.5592050E-02  0.0000000E+00
  2.0799350E+02  8.0774410E-01 -3.2872026E-02 -7.0668511E-03 -2.6169663E-02  0.0000000E+00
  2.0799350E+02  8.2083095E-01 -3.1378238E-02 -7.3410124E-03 -2.6715834E-02  0.0000000E+00
  2.0799350E+02  8.3185441E-01 -3.0028877E-02 -7.6559539E-03 -2.7206245E-02  0.0000000E+00
  2.0799350E+02  8.4146630E-01 -2.8845594E-02 -7.9680407E-03 -2.7627869E-02  0.0000000E+00
  2.0799350E+02  8.5005387E-01 -2.7797055E-02 -8.1869036E-03 -2.7966022E-02  0.0000000E+00
  2.0799350E+02  8.5790795E-01 -2.6815433E-02 -8.2691064E-03 -2.8203664E-02  0.0000000E+00
  2.0799350E+02  8.6525049E-01 -2.5851849E-02 -8.2225253E-03 -2.8335559E-02  0.0000000E+00
  2.0799350E+02  8.7224763E-01 -2.4891608E-02 -8.0899752E-03 -2.8370993E-02  0.0000000E+00
  2.0799350E+02  8.7901810E-01 -2.3944879E-02 -7.9213153E-03 -2.8329520E-02  0.0000000E+00
  2.0799350E+02  8.8564619E-01 -2.3028480E-02 -7.7432677E-03 -2.8234212E-02  0.0000000E+00
  2.0799350E+02  8.9220887E-01 -2.2154434E-02 -7.5361795E-03 -2.8106901E-02  0.0000000E+00
  2.0799350E+02  8.9882660E-01 -2.1340944E-02 -7.2269624E-03 -2.7969883E-02  0.0000000E+00
  2.0799350E+02  9.0577519E-01 -2.0608699E-02 -6.7788638E-03 -2.7818355E-02  0.0000000E+00
  2.0799350E+02  9.1297524E-01 -1.9976950E-02 -6.2113247E-03 -2.7646037E-02  0.0000000E+00
  2.0799350E+02  9.2044630E-01 -1.9450254E-02 -5.6736206E-03 -2.7425716E-02  0.0000000E+00
  2.0799350E+02  9.2811035E-01 -1.9019835E-02 -5.1648205E-03 -2.7134482E-02  0.0000000E+00
  2.0799350E+02  9.3581196E-01 -1.8670493E-02 -4.6084066E-03 -2.6767931E-02  0.0000000E+00
  2.0799350E+02  9.4340045E-01 -1.8377687E-02 -3.9459165E-03 -2.6333703E-02  0.0000000E+00
  2.0799350E+02  9.5076980E-01 -1.8111342E-02 -3.1816153E-03 -2.5846052E-02  0.0000000E+00
  2.0799350E+02  9.5786748E-01 -1.7843184E-02 -2.3883775E-03 -2.5321410E-02  0.0000000E+00
  2.0799350E+02  9.6468324E-01 -1.7554436E-02 -1.6849628E-03 -2.4774871E-02  0.0000000E+00
  2.0799350E+02  9.7122872E-01 -1.7240706E-02 -1.1948628E-03 -2.4217567E-02  0.0000000E+00
  2.0799350E+02  9.7751917E-01 -1.6910890E-02 -9.9690340E-04 -2.3654853E-02  0.0000000E+00
  2.0799350E+02  9.8356819E-01 -1.6576911E-02 -1.0777814E-03 -2.3085270E-02  0.0000000E+00
  2.0799350E+02  9.8940652E-01 -1.6231137E-02 -1.2967180E-03 -2.2500219E-02  0.0000000E+00
  2.0799350E+02  9.9506845E-01 -1.5844259E-02 -1.4866824E-03 -2.1909332E-02  0.0000000E+00
  2.0799350E+02  1.0007034E+00 -1.5383059E-02 -1.6412205E-03 -2.1321986E-02  0.0000000E+00
  2.0799350E+02  1.0062668E+00 -1.4866927E-02 -1.8573102E-03 -2.0742807E-02  0.0000000E+00
  2.0799350E+02  1.0117020E+00 -1.4337729E-02 -2.1736106E-03 -2.0182159E-02  0.0000000E+00
  2.0799350E+02  1.0170184E+00 -1.3824239E-02 -2.5398995E-03 -1.9640226E-02  0.0000000E+00
  2.0799350E+02  1.0222522E+00 -1.3344149E-02 -2.8769225E-03 -1.9114073E-02  0.0000000E+00
  2.0799350E+02  1.0274413E+00 -1.2906395E-02 -3.1143963E-03 -1.8601502E-02  0.0000000E+00
  2.0799350E+02  1.0326103E+00 -1.2513579E-02 -3.2109349E-03 -1.8102416E-02  0.0000000E+00
  2.0799350E+02  1.0377663E+00 -1.2164268E-02 -3.1596670E-03 -1.7618468E-02  0.0000000E+00
  2.0799350E+02  1.0429013E+00 -1.1854968E-02 -2.9833130E-03 -1.7151704E-02  0.0000000E+00
  2.0799350E+02  1.0479990E+00 -1.1581542E-02 -2.7224891E-03 -1.6702970E-02  0.0000000E+00
  2.0799350E+02  1.0530463E+00 -1.1339874E-02 -2.4210080E-03 -1.6270803E-02  0.0000000E+00
  2.0799350E+02  1.0580437E+00 -1.1125546E-02 -2.1119435E-03 -1.5851574E-02  0.0000000E+00
  2.0799350E+02  1.0630163E+00 -1.0932338E-02 -1.8082276E-03 -1.5441599E-02  0.0000000E+00
  2.0799350E+02  1.0680201E+00 -1.0749307E-02 -1.5015483E-03 -1.5041979E-02  0.0000000E+00
  2.0799350E+02  1.0730928E+00 -1.0575026E-02 -1.1976990E-03 -1.4642350E-02  0.0000000E+00
  2.0799350E+02  1.0781623E+00 -1.0396937E-02 -9.8632788E-04 -1.4235805E-02  0.0000000E+00
  2.0799350E+02  1.0831996E+00 -1.0186409E-02 -8.5664034E-04 -1.3825944E-02  0.0000000E+00
  2.0799350E+02  1.0881978E+00 -9.9355812E-03 -7.9672286E-04 -1.3407879E-02  0.0000000E+00
  2.0799350E+02  1.0931654E+00 -9.6440313E-03 -7.9902121E-04 -1.2983005E-02  0.0000000E+00
  2.0799350E+02  1.0981096E+00 -9.3174227E-03 -8.5492906E-04 -1.2555880E-02  0.0000000E+00
  2.0799350E+02  1.1030268E+00 -8.9657936E-03 -9.5305399E-04 -1.2131986E-02  0.0000000E+00
  2.0799350E+02  1.1079010E+00 -8.6016524E-03 -1.0801383E-03 -1.1716281E-02  0.0000000E+00
  2.0799350E+02  1.1127068E+00 -8.2380462E-03 -1.2236127E-03 -1.1312390E-02  0.0000000E+00
  2.0799350E+02  1.1174148E+00 -7.8867718E-03 -1.3747598E-03 -1.0922331E-02  0.0000000E+00
  2.0799350E+02  1.1220000E+00 -7.5568946E-03 -1.5314665E-03 -1.0546646E-02  0.0000000E+00
  2.0799350E+02  1.1264486E+00 -7.2537449E-03 -1.6995409E-03 -1.0184805E-02  0.0000000E+00
  2.0799350E+02  1.1307637E+00 -6.9785571E-03 -1.8915736E-03 -9.8357792E-03  0.0000000E+00
  2.0799350E+02  1.1349671E+00 -6.7289203E-03 -2.1223196E-03 -9.4986393E-03  0.0000000E+00
  2.0799350E+02  1.1390954E+00 -6.5002081E-03 -2.3995787E-03 -9.1730680E-03  0.0000000E+00
  2.0799350E+02  1.1431897E+00 -6.2881542E-03 -2.7095528E-03 -8.8596596E-03  0.0000000E+00
  2.0799350E+02  1.1472572E+00 -6.0871651E-03 -3.0152197E-03 -8.5600691E-03  0.0000000E+00
  2.0799350E+02  1.1512807E+00 -5.8901887E-03 -3.2828776E-03 -8.2741068E-03  0.0000000E+00
  2.0799350E+02  1.1552463E+00 -5.7073998E-03 -3.4748155E-03 -7.9989707E-03  0.0000000E+00
  2.0799350E+02  1.1590983E+00 -5.5389720E-03 -3.6095006E-03 -7.7330056E-03  0.0000000E+00
  2.0799350E+02  1.1628126E+00 -5.3886753E-03 -3.6996186E-03 -7.4745459E-03  0.0000000E+00
  2.0799350E+02  1.1663852E+00 -5.2612204E-03 -3.7537029E-03 -7.2217833E-03  0.0000000E+00
  2.0799350E+02  1.1698221E+00 -5.1603299E-03 -3.7775646E-03 -6.9728047E-03  0.0000000E+00
  2.0799350E+02  1.1731342E+00 -5.0874786E-03 -3.7754806E-03 -6.7257519E-03  0.0000000E+00
  2.0799350E+02  1.1763325E+00 -5.0412434E-03 -3.7510985E-03 -6.4790484E-03  0.0000000E+00
  2.0799350E+02  1.1794265E+00 -5.0172050E-03 -3.7080134E-03 -6.2316430E-03  0.0000000E+00
  2.0799350E+02  1.1824242E+00 -5.0083424E-03 -3.6499765E-03 -5.9832165E-03  0.0000000E+00
  2.0799350E+02  1.1853320E+00 -5.0058616E-03 -3.5806892E-03 -5.7343017E-03  0.0000000E+00
  2.0799350E+02  1.1881573E+00 -5.0004000E-03 -3.5031446E-03 -5.4862619E-03  0.0000000E+00
  2.0799350E+02  1.1909100E+00 -4.9835480E-03 -3.4184684E-03 -5.2410780E-03  0.0000000E+00
  2.0799350E+02  1.1936045E+00 -4.9496290E-03 -3.3242216E-03 -5.0008908E-03  0.0000000E+00
  2.0799350E+02  1.1962616E+00 -4.8976794E-03 -3.2121179E-03 -4.7672480E-03  0.0000000E+00
  2.0799350E+02  1.1989097E+00 -4.8335698E-03 -3.0651162E-03 -4.5400010E-03  0.0000000E+00
  2.0799350E+02  1.2015586E+00 -4.7740855E-03 -2.8582074E-03 -4.3192081E-03  0.0000000E+00
  2.0799350E+02  1.2041406E+00 -4.7182621E-03 -2.5752711E-03 -4.1061449E-03  0.0000000E+00
  2.0799350E+02  1.2066258E+00 -4.6593898E-03 -2.2578281E-03 -3.8979957E-03  0.0000000E+00
  2.0799350E+02  1.2089855E+00 -4.5982118E-03 -1.9428112E-03 -3.6964384E-03  0.0000000E+00
  2.0799350E+02  1.2112100E+00 -4.5330454E-03 -1.6476901E-03 -3.5027471E-03  0.0000000E+00
  2.0799350E+02  1.2133026E+00 -4.4607882E-03 -1.3779241E-03 -3.3178921E-03  0.0000000E+00
  2.0799350E+02  1.2152740E+00 -4.3778958E-03 -1.1325563E-03 -3.1425366E-03  0.0000000E+00
  2.0799350E+02  1.2171374E+00 -4.2812750E-03 -9.0819330E-04 -2.9769684E-03  0.0000000E+00
  2.0799350E+02  1.2189051E+00 -4.1690327E-03 -7.0161720E-04 -2.8210065E-03  0.0000000E+00
  2.0799350E+02  1.2205847E+00 -4.0410263E-03 -5.1127550E-04 -2.6739199E-03  0.0000000E+00
  2.0799350E+02  1.2221775E+00 -3.8991559E-03 -3.3789468E-04 -2.5343975E-03  0.0000000E+00
  2.0799350E+02  1.2236775E+00 -3.7473420E-03 -1.8446317E-04 -2.4006079E-03  0.0000000E+00
  2.0799350E+02  1.2250713E+00 -3.5911316E-03 -5.5829662E-05 -2.2703878E-03  0.0000000E+00
  2.0799350E+02 -1.1017161E-06  3.1429732E-07  1.1883318E-08 -8.7703676E-03  0.0000000E+00
  2.0799350E+02 -2.0019986E-02  5.8316900E-03  3.0698054E-05 -8.8710747E-03  0.0000000E+00
  2.0799350E+02 -3.0750119E-02  9.4993288E-03 -5.0199638E-04 -9.0804537E-03  0.0000000E+00
  2.0799350E+02 -3.0543927E-02  1.0904720E-02 -1.5854504E-03 -9.4241148E-03  0.0000000E+00
  2.0799350E+02 -1.6850348E-02  9.7983008E-03 -2.9231362E-03 -9.8470217E-03  0.0000000E+00
  2.0799350E+02  1.2804110E-02  6.1639302E-03 -4.0666299E-03 -1.0279385E-02  0.0000000E+00
  2.0799350E+02  5.9798934E-02  3.0807096E-04 -4.6544479E-03 -1.0663208E-02  0.0000000E+00
  2.0799350E+02  1.2321907E-01 -7.2081591E-03 -4.6009970E-03 -1.0943900E-02  0.0000000E+00
  2.0799350E+02  1.9934971E-01 -1.5481632E-02 -4.1290426E-03 -1.1081243E-02  0.0000000E+00
  2.0799350E+02  2.8342314E-01 -2.3312316E-02 -3.7646821E-03 -1.1042092E-02  0.0000000E+00
  2.0799350E+02  3.7024691E-01 -2.9770261E-02 -3.5059356E-03 -1.0866419E-02  0.0000000E+00
  2.0799350E+02  4.5462150E-01 -3.4473717E-02 -3.2425078E-03 -1.0640016E-02  0.0000000E+00
  2.0799350E+02  5.3198361E-01 -3.7467565E-02 -3.0744832E-03 -1.0443513E-02  0.0000000E+00
  2.0799350E+02  5.9929321E-01 -3.8993934E-02 -3.3058334E-03 -1.0327305E-02  0.0000000E+00
  2.0799350E+02  6.5523082E-01 -3.9325005E-02 -4.1458832E-03 -1.0306077E-02  0.0000000E+00
  2.0799350E+02  7.0017552E-01 -3.8825246E-02 -5.2566080E-03 -1.0375155E-02  0.0000000E+00
  2.0799350E+02  7.3567262E-01 -3.7844379E-02 -6.1640134E-03 -1.0528881E-02  0.0000000E+00
  2.0799350E+02  7.6327849E-01 -3.6541312E-02 -6.7234586E-03 -1.0752519E-02  0.0000000E+00
  2.0799350E+02  7.8462346E-01 -3.5068448E-02 -7.0544958E-03 -1.1038112E-02  0.0000000E+00
  2.0799350E+02  8.0131893E-01 -3.3574421E-02 -7.3064291E-03 -1.1372668E-02  0.0000000E+00
  2.0799350E+02  8.1474458E-01 -3.2158856E-02 -7.5697439E-03 -1.1740312E-02  0.0000000E+00
  2.0799350E+02  8.2594995E-01 -3.0866131E-02 -7.8621705E-03 -1.2121728E-02  0.0000000E+00
  2.0799350E+02  8.3564913E-01 -2.9701286E-02 -8.1565833E-03 -1.2493322E-02  0.0000000E+00
  2.0799350E+02  8.4428749E-01 -2.8651225E-02 -8.4179351E-03 -1.2828598E-02  0.0000000E+00
  2.0799350E+02  8.5215953E-01 -2.7694365E-02 -8.6164282E-03 -1.3104175E-02  0.0000000E+00
  2.0799350E+02  8.5956884E-01 -2.6780293E-02 -8.6840316E-03 -1.3313256E-02  0.0000000E+00
  2.0799350E+02  8.6677778E-01 -2.5900082E-02 -8.5939024E-03 -1.3469360E-02  0.0000000E+00
  2.0799350E+02  8.7396344E-01 -2.5033300E-02 -8.3217983E-03 -1.3579560E-02  0.0000000E+00
  2.0799350E+02  8.8113900E-01 -2.4201460E-02 -7.9290646E-03 -1.3666796E-02  0.0000000E+00
  2.0799350E+02  8.8829132E-01 -2.3454427E-02 -7.4891363E-03 -1.3746981E-02  0.0000000E+00
  2.0799350E+02  8.9544396E-01 -2.2821435E-02 -7.0281463E-03 -1.3824863E-02  0.0000000E+00
  2.0799350E+02  9.0264475E-01 -2.2315076E-02 -6.5493457E-03 -1.3893903E-02  0.0000000E+00
  2.0799350E+02  9.0994505E-01 -2.1933561E-02 -6.0479678E-03 -1.3939394E-02  0.0000000E+00
  2.0799350E+02  9.1737642E-01 -2.1662301E-02 -5.5190282E-03 -1.3943509E-02  0.0000000E+00
  2.0799350E+02  9.2493038E-01 -2.1475841E-02 -4.9605599E-03 -1.3890990E-02  0.0000000E+00
  2.0799350E+02  9.3254671E-01 -2.1341193E-02 -4.3747749E-03 -1.3774152E-02  0.0000000E+00
  2.0799350E+02  9.4011626E-01 -2.1223606E-02 -3.7696497E-03 -1.3595909E-02  0.0000000E+00
  2.0799350E+02  9.4750358E-01 -2.1095818E-02 -3.1634302E-03 -1.3369513E-02  0.0000000E+00
  2.0799350E+02  9.5459523E-01 -2.0951818E-02 -2.5945483E-03 -1.3113699E-02  0.0000000E+00
  2.0799350E+02  9.6136615E-01 -2.0788176E-02 -2.0363340E-03 -1.2841967E-02  0.0000000E+00
  2.0799350E+02  9.6792044E-01 -2.0626034E-02 -1.7318379E-03 -1.2567316E-02  0.0000000E+00
  2.0799350E+02  9.7433597E-01 -2.0443517E-02 -1.7127639E-03 -1.2287986E-02  0.0000000E+00
  2.0799350E+02  9.8064756E-01 -2.0192262E-02 -1.8344395E-03 -1.2000770E-02  0.0000000E+00
  2.0799350E+02  9.8687109E-01 -1.9848144E-02 -1.9899918E-03 -1.1705459E-02  0.0000000E+00
  2.0799350E+02  9.9300912E-01 -1.9410914E-02 -2.1191181E-03 -1.1403894E-02  0.0000000E+00
  2.0799350E+02  9.9905623E-01 -1.8899691E-02 -2.2044613E-03 -1.1099078E-02  0.0000000E+00
  2.0799350E+02  1.0050040E+00 -1.8345779E-02 -2.2594512E-03 -1.0794396E-02  0.0000000E+00
  2.0799350E+02  1.0108450E+00 -1.7784283E-02 -2.3114729E-03 -1.0492978E-02  0.0000000E+00
  2.0799350E+02  1.0165765E+00 -1.7246025E-02 -2.3842231E-03 -1.0197249E-02  0.0000000E+00
  2.0799350E+02  1.0222020E+00 -1.6751213E-02 -2.4831161E-03 -9.9087007E-03  0.0000000E+00
  2.0799350E+02  1.0277317E+00 -1.6306373E-02 -2.5875993E-03 -9.6279374E-03  0.0000000E+00
  2.0799350E+02  1.0331817E+00 -1.5906006E-02 -2.6542417E-03 -9.3550185E-03  0.0000000E+00
  2.0799350E+02  1.0385702E+00 -1.5540457E-02 -2.6344543E-03 -9.0901538E-03  0.0000000E+00
  2.0799350E+02  1.0439119E+00 -1.5211481E-02 -2.5107048E-03 -8.8347834E-03  0.0000000E+00
  2.0799350E+02  1.0492261E+00 -1.4916455E-02 -2.3431100E-03 -8.5903005E-03  0.0000000E+00
  2.0799350E+02  1.0544551E+00 -1.4641640E-02 -2.1774006E-03 -8.3584124E-03  0.0000000E+00
  2.0799350E+02  1.0597058E+00 -1.4393035E-02 -1.9705687E-03 -8.1373922E-03  0.0000000E+00
  2.0799350E+02  1.0650349E+00 -1.4159779E-02 -1.7227628E-03 -7.9217821E-03  0.0000000E+00
  2.0799350E+02  1.0704288E+00 -1.3932659E-02 -1.4633571E-03 -7.7062164E-03  0.0000000E+00
  2.0799350E+02  1.0758440E+00 -1.3701513E-02 -1.2282822E-03 -7.4864219E-03  0.0000000E+00
  2.0799350E+02  1.0812349E+00 -1.3454854E-02 -1.0461670E-03 -7.2597765E-03  0.0000000E+00
  2.0799350E+02  1.0865675E+00 -1.3181096E-02 -9.3174118E-04 -7.0254982E-03  0.0000000E+00
  2.0799350E+02  1.0918254E+00 -1.2870723E-02 -8.8494482E-04 -6.7845300E-03  0.0000000E+00
  2.0799350E+02  1.0970078E+00 -1.2518757E-02 -8.9419420E-04 -6.5391935E-03  0.0000000E+00
  2.0799350E+02  1.1021223E+00 -1.2126890E-02 -9.4225045E-04 -6.2926775E-03  0.0000000E+00
  2.0799350E+02  1.1071849E+00 -1.1703882E-02 -1.0132735E-03 -6.0480204E-03  0.0000000E+00
  2.0799350E+02  1.1121759E+00 -1.1268012E-02 -1.0987289E-03 -5.8091392E-03  0.0000000E+00
  2.0799350E+02  1.1170852E+00 -1.0839937E-02 -1.2025024E-03 -5.5777371E-03  0.0000000E+00
  2.0799350E+02  1.1218751E+00 -1.0439839E-02 -1.3411803E-03 -5.3545043E-03  0.0000000E+00
  2.0799350E+02  1.1264939E+00 -1.0077462E-02 -1.5397466E-03 -5.1384065E-03  0.0000000E+00
  2.0799350E+02  1.1309132E+00 -9.7441929E-03 -1.7737105E-03 -4.9315450E-03  0.0000000E+00
  2.0799350E+02  1.1352524E+00 -9.4339728E-03 -2.0061648E-03 -4.7408643E-03  0.0000000E+00
  2.0799350E+02  1.1395450E+00 -9.1343754E-03 -2.3235411E-03 -4.5582212E-03  0.0000000E+00
  2.0799350E+02  1.1438001E+00 -8.8449390E-03 -2.6593471E-03 -4.3857560E-03  0.0000000E+00
  2.0799350E+02  1.1480020E+00 -8.5664375E-03 -2.9619933E-03 -4.2230788E-03  0.0000000E+00
  2.0799350E+02  1.1521255E+00 -8.2998612E-03 -3.1990337E-03 -4.0685115E-03  0.0000000E+00
  2.0799350E+02  1.1561470E+00 -8.0459286E-03 -3.3575467E-03 -3.9199122E-03  0.0000000E+00
  2.0799350E+02  1.1600491E+00 -7.8049953E-03 -3.4415474E-03 -3.7751609E-03  0.0000000E+00
  2.0799350E+02  1.1638236E+00 -7.5772244E-03 -3.4673224E-03 -3.6323864E-03  0.0000000E+00
  2.0799350E+02  1.1674698E+00 -7.3628869E-03 -3.4575774E-03 -3.4900151E-03  0.0000000E+00
  2.0799350E+02  1.1709930E+00 -7.1626557E-03 -3.4352908E-03 -3.3467204E-03  0.0000000E+00
  2.0799350E+02  1.1744002E+00 -6.9777611E-03 -3.4181614E-03 -3.2013550E-03  0.0000000E+00
  2.0799350E+02  1.1776974E+00 -6.8098728E-03 -3.4145444E-03 -3.0529425E-03  0.0000000E+00
  2.0799350E+02  1.1808872E+00 -6.6605750E-03 -3.4217647E-03 -2.9008126E-03  0.0000000E+00
  2.0799350E+02  1.1839687E+00 -6.5303005E-03 -3.4276993E-03 -2.7449554E-03  0.0000000E+00
  2.0799350E+02  1.1869400E+00 -6.4165893E-03 -3.4165201E-03 -2.5866790E-03  0.0000000E+00
  2.0799350E+02  1.1898050E+00 -6.3115388E-03 -3.3794881E-03 -2.4296473E-03  0.0000000E+00
  2.0799350E+02  1.1925694E+00 -6.1996346E-03 -3.3313329E-03 -2.2763000E-03  0.0000000E+00
  2.0799350E+02  1.1952960E+00 -6.0878362E-03 -3.2764904E-03 -2.1262857E-03  0.0000000E+00
  2.0799350E+02  1.1980283E+00 -5.9803769E-03 -3.1724950E-03 -1.9829161E-03  0.0000000E+00
  2.0799350E+02  1.2007373E+00 -5.8763603E-03 -3.0036532E-03 -1.8439698E-03  0.0000000E+00
  2.0799350E+02  1.2033849E+00 -5.7756470E-03 -2.7758080E-03 -1.7092086E-03  0.0000000E+00
  2.0799350E+02  1.2059365E+00 -5.6775345E-03 -2.5055026E-03 -1.5793846E-03  0.0000000E+00
  2.0799350E+02  1.2083679E+00 -5.5801424E-03 -2.2123728E-03 -1.4555419E-03  0.0000000E+00
  2.0799350E+02  1.2106679E+00 -5.4803631E-03 -1.9142977E-03 -1.3385667E-03  0.0000000E+00
  2.0799350E+02  1.2128377E+00 -5.3742455E-03 -1.6248372E-03 -1.2289431E-03  0.0000000E+00
  2.0799350E+02  1.2148871E+00 -5.2576735E-03 -1.3524861E-03 -1.1266663E-03  0.0000000E+00
  2.0799350E+02  1.2168301E+00 -5.1272051E-03 -1.1012732E-03 -1.0312716E-03  0.0000000E+00
  2.0799350E+02  1.2186788E+00 -4.9809350E-03 -8.7223382E-04 -9.4193075E-04  0.0000000E+00
  2.0799350E+02  1.2204387E+00 -4.8192456E-03 -6.6528675E-04 -8.5757290E-04  0.0000000E+00
  2.0799350E+02 -1.6137524E-08  2.8448527E-09  1.8271584E-09 -1.4061445E-03  0.0000000E+00
  2.0799350E+02 -4.0443016E-02  8.4675840E-03  4.0839661E-03 -1.4766565E-03  0.0000000E+00
  2.0799350E+02 -6.4430624E-02  1.5733073E-02  6.0861629E-03 -1.9254852E-03  0.0000000E+00
  2.0799350E+02 -7.2230797E-02  2.0491496E-02  6.7319094E-03 -2.7483818E-03  0.0000000E+00
  2.0799350E+02 -6.5079623E-02  2.2133422E-02  6.4235340E-03 -3.7184397E-03  0.0000000E+00
  2.0799350E+02 -4.5094492E-02  2.0736219E-02  5.7374049E-03 -4.6545256E-03  0.0000000E+00
  2.0799350E+02 -1.4753702E-02  1.6801868E-02  5.3733122E-03 -5.4658736E-03  0.0000000E+00
  2.0799350E+02  2.3867997E-02  1.0993963E-02  5.4735085E-03 -6.1152400E-03  0.0000000E+00
  2.0799350E+02  6.9824449E-02  3.9273844E-03  5.5488486E-03 -6.5794666E-03  0.0000000E+00
  2.0799350E+02  1.2239434E-01 -3.7899838E-03  4.9377043E-03 -6.8068015E-03  0.0000000E+00
  2.0799350E+02  1.8107387E-01 -1.1738689E-02  3.7247767E-03 -6.7585003E-03  0.0000000E+00
  2.0799350E+02  2.4482163E-01 -1.9473303E-02  2.2300083E-03 -6.4305920E-03  0.0000000E+00
  2.0799350E+02  3.1166066E-01 -2.6485041E-02  6.8617676E-04 -5.8593147E-03  0.0000000E+00
  2.0799350E+02  3.7900876E-01 -3.2342805E-02 -7.7753389E-04 -5.1192516E-03  0.0000000E+00
  2.0799350E+02  4.4454109E-01 -3.6844187E-02 -2.0539062E-03 -4.3038290E-03  0.0000000E+00
  2.0799350E+02  5.0708002E-01 -4.0057802E-02 -3.0166572E-03 -3.4864051E-03  0.0000000E+00
  2.0799350E+02  5.6478337E-01 -4.2047043E-02 -3.7157043E-03 -2.6963958E-03  0.0000000E+00
  2.0799350E+02  6.1640234E-01 -4.2898892E-02 -4.1052169E-03 -1.9565924E-03  0.0000000E+00
  2.0799350E+02  6.6134846E-01 -4.2816953E-02 -4.3502271E-03 -1.3030608E-03  0.0000000E+00
  2.0799350E+02  6.9956232E-01 -4.2019025E-02 -4.7188940E-03 -7.6276032E-04  0.0000000E+00
  2.0799350E+02  7.3127200E-01 -4.0727323E-02 -5.3566046E-03 -3.5025835E-04  0.0000000E+00
  2.0799350E+02  7.5713605E-01 -3.9143738E-02 -6.2140479E-03 -6.4713403E-05  0.0000000E+00
  2.0799350E+02  7.7790455E-01 -3.7446115E-02 -7.0781865E-03  1.0372478E-04  0.0000000E+00
  2.0799350E+02  7.9459843E-01 -3.5764330E-02 -7.6952421E-03  1.7311970E-04  0.0000000E+00
  2.0799350E+02  8.0833836E-01 -3.4171163E-02 -7.9384211E-03  1.6495468E-04  0.0000000E+00
  2.0799350E+02  8.2008976E-01 -3.2681933E-02 -7.9928416E-03  1.0132301E-04  0.0000000E+00
  2.0799350E+02  8.3037160E-01 -3.1243050E-02 -8.1705562E-03  8.7782148E-06  0.0000000E+00
  2.0799350E+02  8.3958142E-01 -2.9861353E-02 -8.4376432E-03 -1.0420130E-04  0.0000000E+00
  2.0799350E+02  8.4811782E-01 -2.8558678E-02 -8.6658126E-03 -2.3368888E-04  0.0000000E+00
  2.0799350E+02  8.5621956E-01 -2.7349196E-02 -8.7173362E-03 -3.6980824E-04  0.0000000E+00
  2.0799350E+02  8.6401969E-01 -2.6248827E-02 -8.5399710E-03 -5.0512377E-04  0.0000000E+00
  2.0799350E+02  8.7163072E-01 -2.5265851E-02 -8.1487575E-03 -6.3743948E-04  0.0000000E+00
  2.0799350E+02  8.7909271E-01 -2.4411096E-02 -7.6037865E-03 -7.6767345E-04  0.0000000E+00
  2.0799350E+02  8.8644408E-01 -2.3690040E-02 -6.9825022E-03 -8.9836374E-04  0.0000000E+00
  2.0799350E+02  8.9372012E-01 -2.3103996E-02 -6.3546586E-03 -1.0304201E-03  0.0000000E+00
  2.0799350E+02  9.0094614E-01 -2.2648752E-02 -5.7645609E-03 -1.1603081E-03  0.0000000E+00
  2.0799350E+02  9.0818475E-01 -2.2307599E-02 -5.2196175E-03 -1.2797603E-03  0.0000000E+00
  2.0799350E+02  9.1545722E-01 -2.2048642E-02 -4.7043774E-03 -1.3757659E-03  0.0000000E+00
  2.0799350E+02  9.2277999E-01 -2.1810432E-02 -4.2049776E-03 -1.4362629E-03  0.0000000E+00
  2.0799350E+02  9.3011992E-01 -2.1561515E-02 -3.7753986E-03 -1.4638221E-03  0.0000000E+00
  2.0799350E+02  9.3723483E-01 -2.1276010E-02 -3.4266695E-03 -1.4553709E-03  0.0000000E+00
  2.0799350E+02  9.4416103E-01 -2.0983007E-02 -3.0289787E-03 -1.4192097E-03  0.0000000E+00
  2.0799350E+02  9.5094866E-01 -2.0728789E-02 -2.5944731E-03 -1.3661890E-03  0.0000000E+00
  2.0799350E+02  9.5764382E-01 -2.0510739E-02 -2.2031586E-03 -1.3021667E-03  0.0000000E+00
  2.0799350E+02  9.6427870E-01 -2.0299061E-02 -1.9380960E-03 -1.2308893E-03  0.0000000E+00
  2.0799350E+02  9.7086274E-01 -2.0055282E-02 -1.8474976E-03 -1.1556890E-03  0.0000000E+00
  2.0799350E+02  9.7742815E-01 -1.9744926E-02 -1.9292164E-03 -1.0795206E-03  0.0000000E+00
  2.0799350E+02  9.8396564E-01 -1.9350062E-02 -2.1341866E-03 -1.0055490E-03  0.0000000E+00
  2.0799350E+02  9.9046968E-01 -1.8873409E-02 -2.3809739E-03 -9.3606301E-04  0.0000000E+00
  2.0799350E+02  9.9692866E-01 -1.8339268E-02 -2.5797070E-03 -8.7190426E-04  0.0000000E+00
  2.0799350E+02  1.0033154E+00 -1.7789467E-02 -2.6589806E-03 -8.1206735E-04  0.0000000E+00
  2.0799350E+02  1.0096307E+00 -1.7268759E-02 -2.5914822E-03 -7.5331587E-04  0.0000000E+00
  2.0799350E+02  1.0158402E+00 -1.6813153E-02 -2.4120671E-03 -6.9158423E-04  0.0000000E+00
  2.0799350E+02  1.0219184E+00 -1.6422018E-02 -2.2263263E-03 -6.2349948E-04  0.0000000E+00
  2.0799350E+02  1.0278584E+00 -1.6060455E-02 -2.0925023E-03 -5.4822789E-04  0.0000000E+00
  2.0799350E+02  1.0336009E+00 -1.5716749E-02 -2.0382380E-03 -4.7104231E-04  0.0000000E+00
  2.0799350E+02  1.0391593E+00 -1.5384152E-02 -2.0523445E-03 -3.9836644E-04  0.0000000E+00
  2.0799350E+02  1.0445902E+00 -1.5065321E-02 -2.0657818E-03 -3.3371791E-04  0.0000000E+00
  2.0799350E+02  1.0499738E+00 -1.4758871E-02 -2.0399448E-03 -2.7831351E-04  0.0000000E+00
  2.0799350E+02  1.0553793E+00 -1.4463050E-02 -1.9602863E-03 -2.3148829E-04  0.0000000E+00
  2.0799350E+02  1.0608429E+00 -1.4177438E-02 -1.8301184E-03 -1.9123192E-04  0.0000000E+00
  2.0799350E+02  1.0663983E+00 -1.3900947E-02 -1.6635218E-03 -1.5451717E-04  0.0000000E+00
  2.0799350E+02  1.0720240E+00 -1.3633689E-02 -1.4810945E-03 -1.1831933E-04  0.0000000E+00
  2.0799350E+02  1.0776855E+00 -1.3373683E-02 -1.3042831E-03 -7.9934877E-05  0.0000000E+00
  2.0799350E+02  1.0833360E+00 -1.3116075E-02 -1.1516249E-03 -3.7542807E-05  0.0000000E+00
  2.0799350E+02  1.0889181E+00 -1.2852910E-02 -1.0361033E-03  9.3994876E-06  0.0000000E+00
  2.0799350E+02  1.0944116E+00 -1.2571779E-02 -9.6297934E-04  6.0411511E-05  0.0000000E+00
  2.0799350E+02  1.0997861E+00 -1.2260387E-02 -9.3103011E-04  1.1377029E-04  0.0000000E+00
  2.0799350E+02  1.1050430E+00 -1.1908853E-02 -9.3350478E-04  1.6745794E-04  0.0000000E+00
  2.0799350E+02  1.1102060E+00 -1.1516702E-02 -9.6209758E-04  2.2019233E-04  0.0000000E+00
  2.0799350E+02  1.1152834E+00 -1.1105385E-02 -1.0253075E-03  2.7276750E-04  0.0000000E+00
  2.0799350E+02  1.1202164E+00 -1.0702189E-02 -1.1212487E-03  3.2768939E-04  0.0000000E+00
  2.0799350E+02  1.1249996E+00 -1.0316252E-02 -1.2585540E-03  3.8200246E-04  0.0000000E+00
  2.0799350E+02  1.1296367E+00 -9.9572072E-03 -1.4711163E-03  4.3156872E-04  0.0000000E+00
  2.0799350E+02  1.1341473E+00 -9.6282060E-03 -1.7563892E-03  4.7351888E-04  0.0000000E+00
  2.0799350E+02  1.1385472E+00 -9.3283146E-03 -2.0881097E-03  5.0639494E-04  0.0000000E+00
  2.0799350E+02  1.1428700E+00 -9.0521959E-03 -2.4302887E-03  5.3033936E-04  0.0000000E+00
  2.0799350E+02  1.1471188E+00 -8.7944555E-03 -2.7436698E-03  5.4659087E-04  0.0000000E+00
  2.0799350E+02  1.1512948E+00 -8.5487124E-03 -2.9958087E-03  5.5742275E-04  0.0000000E+00
  2.0799350E+02  1.1553914E+00 -8.3090093E-03 -3.1662361E-03  5.6570187E-04  0.0000000E+00
  2.0799350E+02  1.1593900E+00 -8.0708943E-03 -3.2496801E-03  5.7445326E-04  0.0000000E+00
  2.0799350E+02  1.1632902E+00 -7.8303369E-03 -3.2571633E-03  5.8650063E-04  0.0000000E+00
  2.0799350E+02  1.1670735E+00 -7.5864446E-03 -3.2131201E-03  6.0400893E-04  0.0000000E+00
  2.0799350E+02  1.1707326E+00 -7.3400894E-03 -3.1510397E-03  6.2824031E-04  0.0000000E+00
  2.0799350E+02  1.1742658E+00 -7.0943967E-03 -3.1050238E-03  6.5936749E-04  0.0000000E+00
  2.0799350E+02  1.1776708E+00 -6.8551353E-03 -3.0981599E-03  6.9639792E-04  0.0000000E+00
  2.0799350E+02  1.1809621E+00 -6.6290582E-03 -3.1274123E-03  7.3762561E-04  0.0000000E+00
  2.0799350E+02  1.1841501E+00 -6.4237618E-03 -3.1641886E-03  7.8286670E-04  0.0000000E+00
  2.0799350E+02  1.1872079E+00 -6.2382064E-03 -3.2106674E-03  8.3211423E-04  0.0000000E+00
  2.0799350E+02  1.1901499E+00 -6.0762814E-03 -3.2387378E-03  8.8085152E-04  0.0000000E+00
  2.0799350E+02  1.1930185E+00 -5.9362231E-03 -3.2362272E-03  9.2830516E-04  0.0000000E+00
  2.0799350E+02  1.1958414E+00 -5.8128122E-03 -3.1947406E-03  9.7408560E-04  0.0000000E+00
  2.0799350E+02  1.1986115E+00 -5.7010156E-03 -3.1092956E-03  1.0175607E-03  0.0000000E+00
  2.0799350E+02  1.2013149E+00 -5.5962553E-03 -2.9781337E-03  1.0581163E-03  0.0000000E+00
  2.0799350E+02  1.2039323E+00 -5.4950896E-03 -2.8025201E-03  1.0950895E-03  0.0000000E+00
  2.0799350E+02  1.2064415E+00 -5.3952418E-03 -2.5869693E-03  1.1277845E-03  0.0000000E+00
  2.0799350E+02  1.2088376E+00 -5.2944557E-03 -2.3375277E-03  1.1557842E-03  0.0000000E+00
  2.0799350E+02  1.2111111E+00 -5.1908960E-03 -2.0636355E-03  1.1787358E-03  0.0000000E+00
  2.0799350E+02  1.2132652E+00 -5.0820049E-03 -1.7762773E-03  1.1966875E-03  0.0000000E+00
  2.0799350E+02  1.2153105E+00 -4.9645317E-03 -1.4876243E-03  1.2101152E-03  0.0000000E+00
  2.0799350E+02  0.0000000E+00  0.0000000E+00  0.0000000E+00  2.1334857E-02  0.0000000E+00
  2.0799350E+02 -7.2750671E-02  4.2275774E-04  3.4135823E-03  2.1158142E-02  0.0000000E+00
  2.0799350E+02 -8.9909278E-02 -8.8703510E-05  5.4367037E-03  1.9972117E-02  0.0000000E+00
  2.0799350E+02 -7.4611075E-02 -2.6079683E-03  5.8651054E-03  1.7964571E-02  0.0000000E+00
  2.0799350E+02 -4.5195327E-02 -6.7992082E-03  4.8640060E-03  1.5731885E-02  0.0000000E+00
  2.0799350E+02 -9.6934419E-03 -1.2042022E-02  3.1851887E-03  1.3659032E-02  0.0000000E+00
  2.0799350E+02  2.9142134E-02 -1.7850706E-02  1.3824407E-03  1.1944887E-02  0.0000000E+00
  2.0799350E+02  7.0186140E-02 -2.3936486E-02 -3.0851591E-04  1.0682774E-02  0.0000000E+00
  2.0799350E+02  1.1274471E-01 -2.9941133E-02 -1.7442186E-03  9.9077853E-03  0.0000000E+00
  2.0799350E+02  1.5661054E-01 -3.5559695E-02 -3.1049243E-03  9.5307806E-03  0.0000000E+00
  2.0799350E+02  2.0212700E-01 -4.0315843E-02 -4.5305441E-03  9.4621764E-03  0.0000000E+00
  2.0799350E+02  2.4911966E-01 -4.3883096E-02 -6.0134195E-03  9.6222472E-03  0.0000000E+00
  2.0799350E+02  2.9709666E-01 -4.6284932E-02 -7.3513251E-03  9.9447575E-03  0.0000000E+00
  2.0799350E+02  3.4594186E-01 -4.7806838E-02 -8.1824554E-03  1.0413850E-02  0.0000000E+00
  2.0799350E+02  3.9594359E-01 -4.8790492E-02 -8.2264780E-03  1.1043907E-02  0.0000000E+00
  2.0799350E+02  4.4662389E-01 -4.9429963E-02 -7.7270068E-03  1.1805169E-02  0.0000000E+00
  2.0799350E+02  4.9576419E-01 -4.9827683E-02 -7.0705005E-03  1.2667651E-02  0.0000000E+00
  2.0799350E+02  5.4246909E-01 -4.9866914E-02 -6.2206010E-03  1.3601189E-02  0.0000000E+00
  2.0799350E+02  5.8627204E-01 -4.9367436E-02 -5.3420465E-03  1.4559523E-02  0.0000000E+00
  2.0799350E+02  6.2654868E-01 -4.8288770E-02 -4.7848068E-03  1.5453343E-02  0.0000000E+00
  2.0799350E+02  6.6276177E-01 -4.6716323E-02 -4.8517336E-03  1.6210211E-02  0.0000000E+00
  2.0799350E+02  6.9462249E-01 -4.4808574E-02 -5.6269966E-03  1.6797340E-02  0.0000000E+00
  2.0799350E+02  7.2216756E-01 -4.2729168E-02 -6.8956733E-03  1.7218622E-02  0.0000000E+00
  2.0799350E+02  7.4574339E-01 -4.0587728E-02 -8.1849610E-03  1.7497095E-02  0.0000000E+00
  2.0799350E+02  7.6588812E-01 -3.8413200E-02 -8.9574777E-03  1.7654104E-02  0.0000000E+00
  2.0799350E+02  7.8312912E-01 -3.6179794E-02 -8.9867424E-03  1.7696329E-02  0.0000000E+00
  2.0799350E+02  7.9770667E-01 -3.4007183E-02 -8.8181549E-03  1.7618480E-02  0.0000000E+00
  2.0799350E+02  8.1009324E-01 -3.1925072E-02 -8.5978392E-03  1.7448969E-02  0.0000000E+00
  2.0799350E+02  8.2093686E-01 -2.9980376E-02 -8.2737411E-03  1.7173980E-02  0.0000000E+00
  2.0799350E+02  8.3074927E-01 -2.8238813E-02 -7.8942782E-03  1.6809900E-02  0.0000000E+00
  2.0799350E+02  8.3988809E-01 -2.6719972E-02 -7.5091552E-03  1.6388647E-02  0.0000000E+00
  2.0799350E+02  8.4859619E-01 -2.5405003E-02 -7.1460998E-03  1.5938900E-02  0.0000000E+00
  2.0799350E+02  8.5703176E-01 -2.4251834E-02 -6.8061394E-03  1.5478418E-02  0.0000000E+00
  2.0799350E+02  8.6529070E-01 -2.3213516E-02 -6.4715344E-03  1.5014231E-02  0.0000000E+00
  2.0799350E+02  8.7342288E-01 -2.2255290E-02 -6.1204827E-03  1.4547474E-02  0.0000000E+00
  2.0799350E+02  8.8144405E-01 -2.1365973E-02 -5.7427099E-03  1.4079662E-02  0.0000000E+00
  2.0799350E+02  8.8934495E-01 -2.0559249E-02 -5.3500617E-03  1.3617184E-02  0.0000000E+00
  2.0799350E+02  8.9709925E-01 -1.9860477E-02 -4.9762121E-03  1.3170793E-02  0.0000000E+00
  2.0799350E+02  9.0467200E-01 -1.9274594E-02 -4.6596024E-03  1.2746896E-02  0.0000000E+00
  2.0799350E+02  9.1201937E-01 -1.8765449E-02 -4.3705814E-03  1.2342548E-02  0.0000000E+00
  2.0799350E+02  9.1910804E-01 -1.8301888E-02 -4.0847128E-03  1.1955532E-02  0.0000000E+00
  2.0799350E+02  9.2599341E-01 -1.7859575E-02 -3.7859109E-03  1.1587126E-02  0.0000000E+00
  2.0799350E+02  9.3276535E-01 -1.7449028E-02 -3.4423743E-03  1.1240604E-02  0.0000000E+00
  2.0799350E+02  9.3947874E-01 -1.7080894E-02 -3.0580573E-03  1.0916370E-02  0.0000000E+00
  2.0799350E+02  9.4620510E-01 -1.6750288E-02 -2.6644869E-03  1.0611332E-02  0.0000000E+00
  2.0799350E+02  9.5298042E-01 -1.6437928E-02 -2.3115987E-03  1.0322738E-02  0.0000000E+00
  2.0799350E+02  9.5981527E-01 -1.6114729E-02 -2.0521862E-03  1.0048140E-02  0.0000000E+00
  2.0799350E+02  9.6669839E-01 -1.5751153E-02 -1.9260104E-03  9.7853179E-03  0.0000000E+00
  2.0799350E+02  9.7360360E-01 -1.5327657E-02 -1.9458839E-03  9.5319240E-03  0.0000000E+00
  2.0799350E+02  9.8049848E-01 -1.4843341E-02 -2.0885685E-03  9.2851640E-03  0.0000000E+00
  2.0799350E+02  9.8735342E-01 -1.4319849E-02 -2.2933239E-03  9.0418619E-03  0.0000000E+00
  2.0799350E+02  9.9414950E-01 -1.3797598E-02 -2.4709461E-03  8.7992356E-03  0.0000000E+00
  2.0799350E+02  1.0008838E+00 -1.3321427E-02 -2.5261356E-03  8.5567206E-03  0.0000000E+00
  2.0799350E+02  1.0075704E+00 -1.2912717E-02 -2.3960322E-03  8.3191743E-03  0.0000000E+00
  2.0799350E+02  1.0142134E+00 -1.2570925E-02 -2.1225643E-03  8.0908413E-03  0.0000000E+00
  2.0799350E+02  1.0207251E+00 -1.2257221E-02 -1.8602076E-03  7.8842338E-03  0.0000000E+00
  2.0799350E+02  1.0270003E+00 -1.1961879E-02 -1.7046879E-03  7.7021840E-03  0.0000000E+00
  2.0799350E+02  1.0330135E+00 -1.1700216E-02 -1.6699311E-03  7.5350732E-03  0.0000000E+00
  2.0799350E+02  1.0388115E+00 -1.1475169E-02 -1.7201231E-03  7.3739123E-03  0.0000000E+00
  2.0799350E+02  1.0444447E+00 -1.1282936E-02 -1.8015215E-03  7.2129739E-03  0.0000000E+00
  2.0799350E+02  1.0500013E+00 -1.1114156E-02 -1.8644890E-03  7.0487903E-03  0.0000000E+00
  2.0799350E+02  1.0555519E+00 -1.0958077E-02 -1.8753564E-03  6.8810119E-03  0.0000000E+00
  2.0799350E+02  1.0611481E+00 -1.0804070E-02 -1.8210620E-03  6.7114038E-03  0.0000000E+00
  2.0799350E+02  1.0668169E+00 -1.0642893E-02 -1.7079196E-03  6.5428053E-03  0.0000000E+00
  2.0799350E+02  1.0725594E+00 -1.0467366E-02 -1.5562303E-03  6.3780194E-03  0.0000000E+00
  2.0799350E+02  1.0783528E+00 -1.0272520E-02 -1.3924253E-03  6.2188639E-03  0.0000000E+00
  2.0799350E+02  1.0841563E+00 -1.0055277E-02 -1.2404297E-03  6.0656186E-03  0.0000000E+00
  2.0799350E+02  1.0899192E+00 -9.8137242E-03 -1.1139345E-03  5.9171020E-03  0.0000000E+00
  2.0799350E+02  1.0955905E+00 -9.5460370E-03 -1.0112661E-03  5.7716095E-03  0.0000000E+00
  2.0799350E+02  1.1011297E+00 -9.2491232E-03 -9.1454145E-04  5.6289489E-03  0.0000000E+00
  2.0799350E+02  1.1065212E+00 -8.9294037E-03 -8.4226465E-04  5.4923637E-03  0.0000000E+00
  2.0799350E+02  1.1117960E+00 -8.6240931E-03 -8.7685875E-04  5.3590601E-03  0.0000000E+00
  2.0799350E+02  1.1169181E+00 -8.3252598E-03 -9.2104462E-04  5.2333372E-03  0.0000000E+00
  2.0799350E+02  1.1218642E+00 -8.0436388E-03 -1.0024248E-03  5.1161214E-03  0.0000000E+00
  2.0799350E+02  1.1266387E+00 -7.7845963E-03 -1.1439909E-03  5.0051475E-03  0.0000000E+00
  2.0799350E+02  1.1312687E+00 -7.5490929E-03 -1.3555318E-03  4.8968262E-03  0.0000000E+00
  2.0799350E+02  1.1357637E+00 -7.3362667E-03 -1.6290362E-03  4.7883470E-03  0.0000000E+00
  2.0799350E+02  1.1401549E+00 -7.1419757E-03 -1.9423609E-03  4.6774494E-03  0.0000000E+00
  2.0799350E+02  1.1444598E+00 -6.9610903E-03 -2.2628359E-03  4.5635025E-03  0.0000000E+00
  2.0799350E+02  1.1486884E+00 -6.7876757E-03 -2.5544479E-03  4.4473240E-03  0.0000000E+00
  2.0799350E+02  1.1528427E+00 -6.6155149E-03 -2.7854444E-03  4.3309024E-03  0.0000000E+00
  2.0799350E+02  1.1569178E+00 -6.4386156E-03 -2.9353444E-03  4.2169388E-03  0.0000000E+00
  2.0799350E+02  1.1609042E+00 -6.2517479E-03 -3.0000525E-03  4.1083024E-03  0.0000000E+00
  2.0799350E+02  1.1647900E+00 -6.0510609E-03 -2.9937731E-03  4.0074930E-03  0.0000000E+00
  2.0799350E+02  1.1685642E+00 -5.8348271E-03 -2.9464203E-03  3.9162075E-03  0.0000000E+00
  2.0799350E+02  1.1722190E+00 -5.6043618E-03 -2.8952203E-03  3.8351021E-03  0.0000000E+00
  2.0799350E+02  1.1757517E+00 -5.3651670E-03 -2.8692035E-03  3.7638469E-03  0.0000000E+00
  2.0799350E+02  1.1791698E+00 -5.1309816E-03 -2.8672086E-03  3.7012919E-03  0.0000000E+00
  2.0799350E+02  1.1824663E+00 -4.9132376E-03 -2.9114158E-03  3.6465400E-03  0.0000000E+00
  2.0799350E+02  1.1856483E+00 -4.7198919E-03 -2.9837943E-03  3.5971276E-03  0.0000000E+00
  2.0799350E+02  1.1887344E+00 -4.5563462E-03 -3.0541184E-03  3.5507956E-03  0.0000000E+00
  2.0799350E+02  1.1917406E+00 -4.4210928E-03 -3.1033334E-03  3.5061669E-03  0.0000000E+00
  2.0799350E+02  1.1946603E+00 -4.3102851E-03 -3.1197691E-03  3.4625547E-03  0.0000000E+00
  2.0799350E+02  1.1974952E+00 -4.2187408E-03 -3.0970817E-03  3.4192103E-03  0.0000000E+00
  2.0799350E+02  1.2002372E+00 -4.1420661E-03 -3.0321011E-03  3.3754497E-03  0.0000000E+00
  2.0799350E+02  1.2028765E+00 -4.0767399E-03 -2.9238518E-03  3.3305262E-03  0.0000000E+00
  2.0799350E+02  1.2054041E+00 -4.0198491E-03 -2.7730286E-03  3.2836707E-03  0.0000000E+00
  2.0799350E+02  1.2078144E+00 -3.9684991E-03 -2.5819063E-03  3.2341941E-03  0.0000000E+00
  2.0799350E+02  1.2101068E+00 -3.9191691E-03 -2.3545595E-03  3.1816299E-03  0.0000000E+00
  2.0799350E+02  1.2122866E+00 -3.8672811E-03 -2.0972689E-03  3.1258875E-03  0.0000000E+00
  2.0799350E+02 -1.9720129E-08 -3.4775237E-09  6.6897872E-09  6.7919914E-02  0.0000000E+00
  2.0799350E+02 -2.2658669E-02 -6.7542882E-03  1.5778545E-02  6.7922517E-02  0.0000000E+00
  2.0799350E+02  4.8240666E-03 -8.7293750E-03  2.2679109E-02  6.6450895E-02  0.0000000E+00
  2.0799350E+02  4.6000630E-02 -1.0237962E-02  2.3429212E-02  6.3519974E-02  0.0000000E+00
  2.0799350E+02  8.6525213E-02 -1.2838267E-02  2.1093942E-02  5.9945355E-02  0.0000000E+00
  2.0799350E+02  1.2440452E-01 -1.6552113E-02  1.7194253E-02  5.6374364E-02  0.0000000E+00
  2.0799350E+02  1.6049606E-01 -2.1028613E-02  1.2235096E-02  5.3182329E-02  0.0000000E+00
  2.0799350E+02  1.9642035E-01 -2.5801087E-02  6.3161465E-03  5.0541118E-02  0.0000000E+00
  2.0799350E+02  2.3324211E-01 -3.0454048E-02  6.9254782E-05  4.8475327E-02  0.0000000E+00
  2.0799350E+02  2.7076720E-01 -3.4704561E-02 -5.4335392E-03  4.6923015E-02  0.0000000E+00
  2.0799350E+02  3.0880648E-01 -3.8207135E-02 -9.7779175E-03  4.5823212E-02  0.0000000E+00
  2.0799350E+02  3.4743457E-01 -4.0691656E-02 -1.2656308E-02  4.5062667E-02  0.0000000E+00
  2.0799350E+02  3.8679841E-01 -4.2088644E-02 -1.3790533E-02  4.4492718E-02  0.0000000E+00
  2.0799350E+02  4.2681786E-01 -4.2528009E-02 -1.3238178E-02  4.4005126E-02  0.0000000E+00
  2.0799350E+02  4.6695274E-01 -4.2251573E-02 -1.1599548E-02  4.3577641E-02  0.0000000E+00
  2.0799350E+02  5.0633904E-01 -4.1454325E-02 -9.7253942E-03  4.3225978E-02  0.0000000E+00
  2.0799350E+02  5.4392409E-01 -4.0293840E-02 -8.0045400E-03  4.2968982E-02  0.0000000E+00
  2.0799350E+02  5.7916731E-01 -3.8725438E-02 -6.7215518E-03  4.2788783E-02  0.0000000E+00
  2.0799350E+02  6.1185404E-01 -3.6736600E-02 -5.9765345E-03  4.2622444E-02  0.0000000E+00
  2.0799350E+02  6.4188267E-01 -3.4393121E-02 -5.6991062E-03  4.2392756E-02  0.0000000E+00
  2.0799350E+02  6.6920066E-01 -3.1791138E-02 -5.7910251E-03  4.2042909E-02  0.0000000E+00
  2.0799350E+02  6.9398578E-01 -2.9020101E-02 -6.1761114E-03  4.1545639E-02  0.0000000E+00
  2.0799350E+02  7.1636643E-01 -2.6190105E-02 -6.7857944E-03  4.0903642E-02  0.0000000E+00
  2.0799350E+02  7.3658892E-01 -2.3422311E-02 -7.5145808E-03  4.0137064E-02  0.0000000E+00
  2.0799350E+02  7.5493555E-01 -2.0853243E-02 -8.1748316E-03  3.9273334E-02  0.0000000E+00
  2.0799350E+02  7.7164658E-01 -1.8617169E-02 -8.4814835E-03  3.8345210E-02  0.0000000E+00
  2.0799350E+02  7.8702880E-01 -1.6672090E-02 -8.3709416E-03  3.7367930E-02  0.0000000E+00
  2.0799350E+02  8.0096686E-01 -1.4960942E-02 -7.9800339E-03  3.6349952E-02  0.0000000E+00
  2.0799350E+02  8.1335553E-01 -1.3518064E-02 -7.4553628E-03  3.5277421E-02  0.0000000E+00
  2.0799350E+02  8.2439817E-01 -1.2331301E-02 -6.9481410E-03  3.4154258E-02  0.0000000E+00
  2.0799350E+02  8.3441111E-01 -1.1372729E-02 -6.5207972E-03  3.3000976E-02  0.0000000E+00
  2.0799350E+02  8.4377540E-01 -1.0593173E-02 -6.1707193E-03  3.1834683E-02  0.0000000E+00
  2.0799350E+02  8.5276503E-01 -9.9394377E-03 -5.8645900E-03  3.0674486E-02  0.0000000E+00
  2.0799350E+02  8.6157668E-01 -9.3591210E-03 -5.5643674E-03  2.9532093E-02  0.0000000E+00
  2.0799350E+02  8.7030238E-01 -8.8140883E-03 -5.2512124E-03  2.8414896E-02  0.0000000E+00
  2.0799350E+02  8.7892704E-01 -8.2896914E-03 -4.9384711E-03  2.7330276E-02  0.0000000E+00
  2.0799350E+02  8.8741312E-01 -7.7927590E-03 -4.6665889E-03  2.6280690E-02  0.0000000E+00
  2.0799350E+02  8.9565026E-01 -7.3479410E-03 -4.4831835E-03  2.5275006E-02  0.0000000E+00
  2.0799350E+02  9.0355179E-01 -6.9713091E-03 -4.3927175E-03  2.4318281E-02  0.0000000E+00
  2.0799350E+02  9.1113302E-01 -6.6615327E-03 -4.3307965E-03  2.3406445E-02  0.0000000E+00
  2.0799350E+02  9.1838721E-01 -6.4360105E-03 -4.1690214E-03  2.2537349E-02  0.0000000E+00
  2.0799350E+02  9.2541953E-01 -6.2874054E-03 -3.8920883E-03  2.1700613E-02  0.0000000E+00
  2.0799350E+02  9.3233688E-01 -6.1970356E-03 -3.5443321E-03  2.0893704E-02  0.0000000E+00
  2.0799350E+02  9.3921559E-01 -6.1338561E-03 -3.1700139E-03  2.0116727E-02  0.0000000E+00
  2.0799350E+02  9.4609833E-01 -6.0669360E-03 -2.8133809E-03  1.9371555E-02  0.0000000E+00
  2.0799350E+02  9.5299224E-01 -5.9730680E-03 -2.5150419E-03  1.8661296E-02  0.0000000E+00
  2.0799350E+02  9.5992398E-01 -5.8396514E-03 -2.3038970E-03  1.7984516E-02  0.0000000E+00
  2.0799350E+02  9.6687877E-01 -5.6660599E-03 -2.1937279E-03  1.7341790E-02  0.0000000E+00
  2.0799350E+02  9.7385232E-01 -5.4612103E-03 -2.1761080E-03  1.6730841E-02  0.0000000E+00
  2.0799350E+02  9.8084294E-01 -5.2402074E-03 -2.2194076E-03  1.6148103E-02  0.0000000E+00
  2.0799350E+02  9.8784014E-01 -5.0203755E-03 -2.2724029E-03  1.5590363E-02  0.0000000E+00
  2.0799350E+02  9.9486771E-01 -4.8153845E-03 -2.2753899E-03  1.5052120E-02  0.0000000E+00
  2.0799350E+02  1.0019055E+00 -4.6337441E-03 -2.1791011E-03  1.4532445E-02  0.0000000E+00
  2.0799350E+02  1.0089224E+00 -4.4749812E-03 -1.9755004E-03  1.4032726E-02  0.0000000E+00
  2.0799350E+02  1.0158594E+00 -4.3379852E-03 -1.7434419E-03  1.3561700E-02  0.0000000E+00
  2.0799350E+02  1.0226078E+00 -4.2362034E-03 -1.5612600E-03  1.3118846E-02  0.0000000E+00
  2.0799350E+02  1.0290772E+00 -4.1725665E-03 -1.4669655E-03  1.2700467E-02  0.0000000E+00
  2.0799350E+02  1.0352347E+00 -4.1521455E-03 -1.4629606E-03  1.2304356E-02  0.0000000E+00
  2.0799350E+02  1.0411218E+00 -4.1770183E-03 -1.5225113E-03  1.1925273E-02  0.0000000E+00
  2.0799350E+02  1.0468152E+00 -4.2445801E-03 -1.6086201E-03  1.1558286E-02  0.0000000E+00
  2.0799350E+02  1.0523942E+00 -4.3466102E-03 -1.6861539E-03  1.1200703E-02  0.0000000E+00
  2.0799350E+02  1.0579598E+00 -4.4702716E-03 -1.7293436E-03  1.0850068E-02  0.0000000E+00
  2.0799350E+02  1.0635661E+00 -4.5981545E-03 -1.7237657E-03  1.0507409E-02  0.0000000E+00
  2.0799350E+02  1.0692496E+00 -4.7107103E-03 -1.6666348E-03  1.0174089E-02  0.0000000E+00
  2.0799350E+02  1.0750165E+00 -4.7884431E-03 -1.5642808E-03  9.8515079E-03  0.0000000E+00
  2.0799350E+02  1.0808345E+00 -4.8146437E-03 -1.4289917E-03  9.5408197E-03  0.0000000E+00
  2.0799350E+02  1.0866777E+00 -4.7784451E-03 -1.2746750E-03  9.2404902E-03  0.0000000E+00
  2.0799350E+02  1.0924788E+00 -4.6775911E-03 -1.1159515E-03  8.9496704E-03  0.0000000E+00
  2.0799350E+02  1.0981831E+00 -4.5217311E-03 -9.6711087E-04  8.6673092E-03  0.0000000E+00
  2.0799350E+02  1.1037578E+00 -4.3351244E-03 -8.4532427E-04  8.3950940E-03  0.0000000E+00
  2.0799350E+02  1.1091783E+00 -4.1528549E-03 -7.9297821E-04  8.1360504E-03  0.0000000E+00
  2.0799350E+02  1.1144325E+00 -3.9866131E-03 -8.5731641E-04  7.8807085E-03  0.0000000E+00
  2.0799350E+02  1.1195097E+00 -3.8411958E-03 -9.5079175E-04  7.6397555E-03  0.0000000E+00
  2.0799350E+02  1.1243748E+00 -3.7131270E-03 -1.0494737E-03  7.4121679E-03  0.0000000E+00
  2.0799350E+02  1.1290364E+00 -3.6033154E-03 -1.1564904E-03  7.1962134E-03  0.0000000E+00
  2.0799350E+02  1.1335187E+00 -3.5134427E-03 -1.2840581E-03  6.9900789E-03  0.0000000E+00
  2.0799350E+02  1.1378752E+00 -3.4431368E-03 -1.4428853E-03  6.7908568E-03  0.0000000E+00
  2.0799350E+02  1.1421336E+00 -3.3898340E-03 -1.6347219E-03  6.5969551E-03  0.0000000E+00
  2.0799350E+02  1.1463188E+00 -3.3480807E-03 -1.8512480E-03  6.4070348E-03  0.0000000E+00
  2.0799350E+02  1.1504425E+00 -3.3103530E-03 -2.0753251E-03  6.2206111E-03  0.0000000E+00
  2.0799350E+02  1.1544970E+00 -3.2682552E-03 -2.2844913E-03  6.0384873E-03  0.0000000E+00
  2.0799350E+02  1.1584839E+00 -3.2135620E-03 -2.4575575E-03  5.8615234E-03  0.0000000E+00
  2.0799350E+02  1.1623790E+00 -3.1399039E-03 -2.5781176E-03  5.6922391E-03  0.0000000E+00
  2.0799350E+02  1.1661641E+00 -3.0435000E-03 -2.6411455E-03  5.5331276E-03  0.0000000E+00
  2.0799350E+02  1.1698279E+00 -2.9236598E-03 -2.6562646E-03  5.3862163E-03  0.0000000E+00
  2.0799350E+02  1.1733660E+00 -2.7826658E-03 -2.6489287E-03  5.2522075E-03  0.0000000E+00
  2.0799350E+02  1.1768107E+00 -2.6233699E-03 -2.6580484E-03  5.1281717E-03  0.0000000E+00
  2.0799350E+02  1.1801847E+00 -2.4561865E-03 -2.6972849E-03  5.0135930E-03  0.0000000E+00
  2.0799350E+02  1.1834683E+00 -2.3034697E-03 -2.7405278E-03  4.9119122E-03  0.0000000E+00
  2.0799350E+02  1.1866657E+00 -2.1705625E-03 -2.8112232E-03  4.8150961E-03  0.0000000E+00
  2.0799350E+02  1.1897673E+00 -2.0625401E-03 -2.8885457E-03  4.7229859E-03  0.0000000E+00
  2.0799350E+02  1.1927784E+00 -1.9782178E-03 -2.9546705E-03  4.6343498E-03  0.0000000E+00
  2.0799350E+02  1.1956879E+00 -1.9153083E-03 -2.9950972E-03  4.5482012E-03  0.0000000E+00
  2.0799350E+02  1.1984900E+00 -1.8717924E-03 -2.9996886E-03  4.4634231E-03  0.0000000E+00
  2.0799350E+02  1.2011792E+00 -1.8467431E-03 -2.9625273E-03  4.3790506E-03  0.0000000E+00
  2.0799350E+02  1.2037472E+00 -1.8398712E-03 -2.8816972E-03  4.2944542E-03  0.0000000E+00
  2.0799350E+02  1.2062008E+00 -1.8504244E-03 -2.7580388E-03  4.2087660E-03  0.0000000E+00
  2.0799350E+02  1.2085368E+00 -1.8759726E-03 -2.5952281E-03  4.1217015E-03  0.0000000E+00
  2.0799350E+02  1.2107594E+00 -1.9112896E-03 -2.3986107E-03  4.0329959E-03  0.0000000E+00
  2.0799350E+02  1.2128754E+00 -1.9480157E-03 -2.1747666E-03  3.9425974E-03  0.0000000E+00
  2.0799350E+02  4.3245186E-06  1.2335309E-06  7.7532013E-07  9.7202409E-02  0.0000000E+00
  2.0799350E+02  9.8275693E-02  2.3071904E-02  1.3387445E-02  9.6570309E-02  0.0000000E+00
  2.0799350E+02  1.8170433E-01  3.5150679E-02  1.9291725E-02  9.4230651E-02  0.0000000E+00
  2.0799350E+02  2.4098333E-01  3.7676802E-02  2.0070752E-02  9.0156823E-02  0.0000000E+00
  2.0799350E+02  2.8547566E-01  3.5622167E-02  1.8144073E-02  8.5278945E-02  0.0000000E+00
  2.0799350E+02  3.2213397E-01  3.1919382E-02  1.4835422E-02  8.0325248E-02  0.0000000E+00
  2.0799350E+02  3.5463850E-01  2.7829128E-02  1.0671370E-02  7.5692653E-02  0.0000000E+00
  2.0799350E+02  3.8501058E-01  2.3878355E-02  6.0612772E-03  7.1544434E-02  0.0000000E+00
  2.0799350E+02  4.1378980E-01  2.0219851E-02  1.6559003E-03  6.7909343E-02  0.0000000E+00
  2.0799350E+02  4.4173679E-01  1.7035678E-02 -2.0892546E-03  6.4769268E-02  0.0000000E+00
  2.0799350E+02  4.6984216E-01  1.4490522E-02 -4.8626937E-03  6.2091505E-02  0.0000000E+00
  2.0799350E+02  4.9850141E-01  1.2519549E-02 -6.5194544E-03  5.9811637E-02  0.0000000E+00
  2.0799350E+02  5.2742656E-01  1.0975301E-02 -7.2151143E-03  5.7851955E-02  0.0000000E+00
  2.0799350E+02  5.5605936E-01  9.8357460E-03 -7.3886187E-03  5.6139890E-02  0.0000000E+00
  2.0799350E+02  5.8387723E-01  9.2022187E-03 -7.4134668E-03  5.4624549E-02  0.0000000E+00
  2.0799350E+02  6.1048894E-01  8.9489316E-03 -7.0722948E-03  5.3259796E-02  0.0000000E+00
  2.0799350E+02  6.3581278E-01  9.0151589E-03 -6.3263272E-03  5.1983571E-02  0.0000000E+00
  2.0799350E+02  6.5951686E-01  9.3408242E-03 -5.5429361E-03  5.0739765E-02  0.0000000E+00
  2.0799350E+02  6.8169812E-01  1.0001355E-02 -5.1001199E-03  4.9469238E-02  0.0000000E+00
  2.0799350E+02  7.0269357E-01  1.0985697E-02 -5.0583885E-03  4.8127039E-02  0.0000000E+00
  2.0799350E+02  7.2275056E-01  1.2154226E-02 -5.2608914E-03  4.6697305E-02  0.0000000E+00
  2.0799350E+02  7.4190686E-01  1.3301571E-02 -5.4786697E-03  4.5191756E-02  0.0000000E+00
  2.0799350E+02  7.6001773E-01  1.4260452E-02 -5.5503515E-03  4.3638320E-02  0.0000000E+00
  2.0799350E+02  7.7686669E-01  1.4982606E-02 -5.4656093E-03  4.2066374E-02  0.0000000E+00
  2.0799350E+02  7.9229719E-01  1.5532902E-02 -5.3417012E-03  4.0495114E-02  0.0000000E+00
  2.0799350E+02  8.0632475E-01  1.5933153E-02 -5.2421595E-03  3.8928897E-02  0.0000000E+00
  2.0799350E+02  8.1888224E-01  1.6091347E-02 -5.0353703E-03  3.7382365E-02  0.0000000E+00
  2.0799350E+02  8.3035328E-01  1.6040795E-02 -4.9664842E-03  3.5838921E-02  0.0000000E+00
  2.0799350E+02  8.4100387E-01  1.5849896E-02 -5.0977133E-03  3.4325627E-02  0.0000000E+00
  2.0799350E+02  8.5099372E-01  1.5600520E-02 -5.3174885E-03  3.2857468E-02  0.0000000E+00
  2.0799350E+02  8.6047324E-01  1.5325380E-02 -5.4746638E-03  3.1436881E-02  0.0000000E+00
  2.0799350E+02  8.6956541E-01  1.5024107E-02 -5.4629247E-03  3.0062483E-02  0.0000000E+00
  2.0799350E+02  8.7835608E-01  1.4679212E-02 -5.2548539E-03  2.8733985E-02  0.0000000E+00
  2.0799350E+02  8.8689223E-01  1.4270484E-02 -4.8984983E-03  2.7454041E-02  0.0000000E+00
  2.0799350E+02  8.9518777E-01  1.3786384E-02 -4.4892805E-03  2.6227809E-02  0.0000000E+00
  2.0799350E+02  9.0323630E-01  1.3230977E-02 -4.1300993E-03  2.5060985E-02  0.0000000E+00
  2.0799350E+02  9.1103058E-01  1.2624979E-02 -3.8924611E-03  2.3957086E-02  0.0000000E+00
  2.0799350E+02  9.1858807E-01  1.1999447E-02 -3.7914868E-03  2.2914728E-02  0.0000000E+00
  2.0799350E+02  9.2598210E-01  1.1380691E-02 -3.7876382E-03  2.1925691E-02  0.0000000E+00
  2.0799350E+02  9.3324951E-01  1.0784327E-02 -3.8093463E-03  2.0982105E-02  0.0000000E+00
  2.0799350E+02  9.4027108E-01  1.0204548E-02 -3.6748547E-03  2.0080966E-02  0.0000000E+00
  2.0799350E+02  9.4714819E-01  9.6538977E-03 -3.4153451E-03  1.9220144E-02  0.0000000E+00
  2.0799350E+02  9.5394114E-01  9.1529051E-03 -3.1219059E-03  1.8399782E-02  0.0000000E+00
  2.0799350E+02  9.6069794E-01  8.7080156E-03 -2.8706492E-03  1.7618350E-02  0.0000000E+00
  2.0799350E+02  9.6745067E-01  8.3140806E-03 -2.7069295E-03  1.6874297E-02  0.0000000E+00
  2.0799350E+02  9.7421665E-01  7.9585275E-03 -2.6405332E-03  1.6166705E-02  0.0000000E+00
  2.0799350E+02  9.8100227E-01  7.6262814E-03 -2.6494077E-03  1.5495236E-02  0.0000000E+00
  2.0799350E+02  9.8780796E-01  7.3045116E-03 -2.6895028E-03  1.4859659E-02  0.0000000E+00
  2.0799350E+02  9.9463216E-01  6.9862740E-03 -2.7082935E-03  1.4259221E-02  0.0000000E+00
  2.0799350E+02  1.0014728E+00  6.6721236E-03 -2.6595566E-03  1.3692156E-02  0.0000000E+00
  2.0799350E+02  1.0083241E+00  6.3687676E-03 -2.5169708E-03  1.3155602E-02  0.0000000E+00
  2.0799350E+02  1.0151674E+00  6.0838320E-03 -2.2841119E-03  1.2646211E-02  0.0000000E+00
  2.0799350E+02  1.0219533E+00  5.8158148E-03 -1.9984138E-03  1.2161731E-02  0.0000000E+00
  2.0799350E+02  1.0285746E+00  5.5382968E-03 -1.7266655E-03  1.1703841E-02  0.0000000E+00
  2.0799350E+02  1.0349164E+00  5.2409741E-03 -1.5323367E-03  1.1268992E-02  0.0000000E+00
  2.0799350E+02  1.0409314E+00  4.9274808E-03 -1.4629621E-03  1.0853349E-02  0.0000000E+00
  2.0799350E+02  1.0466258E+00  4.5702766E-03 -1.4710424E-03  1.0458986E-02  0.0000000E+00
  2.0799350E+02  1.0521007E+00  4.1771062E-03 -1.5080221E-03  1.0081937E-02  0.0000000E+00
  2.0799350E+02  1.0574658E+00  3.7561911E-03 -1.5462835E-03  9.7203598E-03  0.0000000E+00
  2.0799350E+02  1.0628163E+00  3.3187382E-03 -1.5697981E-03  9.3734516E-03  0.0000000E+00
  2.0799350E+02  1.0682199E+00  2.8794758E-03 -1.5685160E-03  9.0407274E-03  0.0000000E+00
  2.0799350E+02  1.0737104E+00  2.4557031E-03 -1.5357293E-03  8.7216097E-03  0.0000000E+00
  2.0799350E+02  1.0792894E+00  2.0653370E-03 -1.4676419E-03  8.4152660E-03  0.0000000E+00
  2.0799350E+02  1.0849312E+00  1.7244416E-03 -1.3643823E-03  8.1206383E-03  0.0000000E+00
  2.0799350E+02  1.0905915E+00  1.4447240E-03 -1.2316929E-03  7.8366072E-03  0.0000000E+00
  2.0799350E+02  1.0962275E+00  1.2311744E-03 -1.0822733E-03  7.5617727E-03  0.0000000E+00
  2.0799350E+02  1.1017688E+00  1.0822802E-03 -9.3758609E-04  7.2965670E-03  0.0000000E+00
  2.0799350E+02  1.1071838E+00  9.8815739E-04 -8.2540344E-04  7.0406719E-03  0.0000000E+00
  2.0799350E+02  1.1124455E+00  9.3433391E-04 -7.7756565E-04  6.7950262E-03  0.0000000E+00
  2.0799350E+02  1.1175408E+00  9.0593175E-04 -8.2332278E-04  6.5613194E-03  0.0000000E+00
  2.0799350E+02  1.1224486E+00  8.8720619E-04 -9.4874386E-04  6.3391528E-03  0.0000000E+00
  2.0799350E+02  1.1271657E+00  8.6580483E-04 -1.0486120E-03  6.1273864E-03  0.0000000E+00
  2.0799350E+02  1.1317130E+00  8.5474079E-04 -1.1469889E-03  5.9307843E-03  0.0000000E+00
  2.0799350E+02  1.1360857E+00  8.4064330E-04 -1.2353328E-03  5.7462943E-03  0.0000000E+00
  2.0799350E+02  1.1403044E+00  8.1070207E-04 -1.3201870E-03  5.5717634E-03  0.0000000E+00
  2.0799350E+02  1.1443979E+00  7.5634646E-04 -1.4124153E-03  5.4056797E-03  0.0000000E+00
  2.0799350E+02  1.1483915E+00  6.7508405E-04 -1.5204659E-03  5.2470193E-03  0.0000000E+00
  2.0799350E+02  1.1523020E+00  5.7082003E-04 -1.6469852E-03  5.0951680E-03  0.0000000E+00
  2.0799350E+02  1.1561355E+00  4.5297935E-04 -1.7881076E-03  4.9498899E-03  0.0000000E+00
  2.0799350E+02  1.1598897E+00  3.3475329E-04 -1.9347431E-03  4.8113144E-03  0.0000000E+00
  2.0799350E+02  1.1635570E+00  2.3079204E-04 -2.0751875E-03  4.6799124E-03  0.0000000E+00
  2.0799350E+02  1.1671301E+00  1.5466525E-04 -2.1983773E-03  4.5564342E-03  0.0000000E+00
  2.0799350E+02  1.1706057E+00  1.1641197E-04 -2.2971153E-03  4.4417788E-03  0.0000000E+00
  2.0799350E+02  1.1739886E+00  1.2050193E-04 -2.3705874E-03  4.3367686E-03  0.0000000E+00
  2.0799350E+02  1.1772925E+00  1.6452977E-04 -2.4254970E-03  4.2417977E-03  0.0000000E+00
  2.0799350E+02  1.1805376E+00  2.3896392E-04 -2.4751395E-03  4.1563283E-03  0.0000000E+00
  2.0799350E+02  1.1837443E+00  3.2827191E-04 -2.5357392E-03  4.0782046E-03  0.0000000E+00
  2.0799350E+02  1.1869030E+00  4.1501870E-04 -2.6060627E-03  4.0065436E-03  0.0000000E+00
  2.0799350E+02  1.1899667E+00  4.8517906E-04 -2.6866852E-03  3.9414912E-03  0.0000000E+00
  2.0799350E+02  1.1929403E+00  5.3181906E-04 -2.7773587E-03  3.8783469E-03  0.0000000E+00
  2.0799350E+02  1.1958131E+00  5.5357600E-04 -2.8520159E-03  3.8173978E-03  0.0000000E+00
  2.0799350E+02  1.1985778E+00  5.5041857E-04 -2.8927244E-03  3.7581295E-03  0.0000000E+00
  2.0799350E+02  1.2012295E+00  5.2302908E-04 -2.8895742E-03  3.6995914E-03  0.0000000E+00
  2.0799350E+02  1.2037662E+00  4.7266968E-04 -2.8397991E-03  3.6406940E-03  0.0000000E+00
  2.0799350E+02  1.2061881E+00  4.0137320E-04 -2.7463491E-03  3.5804404E-03  0.0000000E+00
  2.0799350E+02  1.2084973E+00  3.1229879E-04 -2.6161328E-03  3.5180987E-03  0.0000000E+00
  2.0799350E+02  1.2106970E+00  2.1009306E-04 -2.4581503E-03  3.4533175E-03  0.0000000E+00
  2.0799350E+02  1.2127913E+00  1.0109706E-04 -2.2817338E-03  3.3861898E-03  0.0000000E+00
  2.0799350E+02  1.2147837E+00 -6.7604870E-06 -2.0951153E-03  3.3172697E-03  0.0000000E+00
  2.0799350E+02  1.2166768E+00 -1.0454311E-04 -1.9045411E-03  3.2475455E-03  0.0000000E+00
  2.0799350E+02  9.9654540E-06  2.8417944E-06  4.1284871E-07  5.9975526E-02  0.0000000E+00
  2.0799350E+02  2.5046137E-01  6.6598982E-02  1.0261594E-02  5.8356820E-02  0.0000000E+00
  2.0799350E+02  3.9653789E-01  9.7378138E-02  1.5218444E-02  5.5769783E-02  0.0000000E+00
  2.0799350E+02  4.7056592E-01  1.0541096E-01  1.6374562E-02  5.1873431E-02  0.0000000E+00
  2.0799350E+02  5.1272228E-01  1.0399426E-01  1.5608142E-02  4.7263747E-02  0.0000000E+00
  2.0799350E+02  5.4224102E-01  9.9288135E-02  1.3375294E-02  4.2544107E-02  0.0000000E+00
  2.0799350E+02  5.6632963E-01  9.3536015E-02  1.0186214E-02  3.8112258E-02  0.0000000E+00
  2.0799350E+02  5.8794857E-01  8.7597606E-02  6.8948415E-03  3.4169929E-02  0.0000000E+00
  2.0799350E+02  6.0824323E-01  8.1767084E-02  4.1283599E-03  3.0787805E-02  0.0000000E+00
  2.0799350E+02  6.2794650E-01  7.6250054E-02  1.7545084E-03  2.7968173E-02  0.0000000E+00
  2.0799350E+02  6.4686917E-01  7.1112860E-02 -4.0056305E-04  2.5653993E-02  0.0000000E+00
  2.0799350E+02  6.6480447E-01  6.6406527E-02 -2.2163248E-03  2.3764102E-02  0.0000000E+00
  2.0799350E+02  6.8199166E-01  6.2243954E-02 -3.4759710E-03  2.2220254E-02  0.0000000E+00
  2.0799350E+02  6.9895772E-01  5.8760644E-02 -4.1623258E-03  2.0956835E-02  0.0000000E+00
  2.0799350E+02  7.1596575E-01  5.6000242E-02 -4.5295289E-03  1.9914167E-02  0.0000000E+00
  2.0799350E+02  7.3255561E-01  5.3783738E-02 -4.6705981E-03  1.9018763E-02  0.0000000E+00
  2.0799350E+02  7.4868058E-01  5.1951149E-02 -4.6886532E-03  1.8207482E-02  0.0000000E+00
  2.0799350E+02  7.6440236E-01  5.0446389E-02 -4.5650058E-03  1.7419622E-02  0.0000000E+00
  2.0799350E+02  7.7970804E-01  4.9159530E-02 -4.2748625E-03  1.6636300E-02  0.0000000E+00
  2.0799350E+02  7.9447591E-01  4.7971236E-02 -3.8890156E-03  1.5869785E-02  0.0000000E+00
  2.0799350E+02  8.0856418E-01  4.6786436E-02 -3.5145740E-03  1.5139933E-02  0.0000000E+00
  2.0799350E+02  8.2186668E-01  4.5553112E-02 -3.2487719E-03  1.4456857E-02  0.0000000E+00
  2.0799350E+02  8.3433870E-01  4.4264989E-02 -3.1498727E-03  1.3811836E-02  0.0000000E+00
  2.0799350E+02  8.4599548E-01  4.2946910E-02 -3.2291866E-03  1.3178408E-02  0.0000000E+00
  2.0799350E+02  8.5688613E-01  4.1621672E-02 -3.4682201E-03  1.2525625E-02  0.0000000E+00
  2.0799350E+02  8.6704586E-01  4.0257111E-02 -3.8649741E-03  1.1845449E-02  0.0000000E+00
  2.0799350E+02  8.7646620E-01  3.8812546E-02 -4.2685301E-03  1.1162242E-02  0.0000000E+00
  2.0799350E+02  8.8533259E-01  3.7326898E-02 -4.5426995E-03  1.0490571E-02  0.0000000E+00
  2.0799350E+02  8.9373436E-01  3.5836835E-02 -4.6714168E-03  9.8363020E-03  0.0000000E+00
  2.0799350E+02  9.0177146E-01  3.4366081E-02 -4.6573978E-03  9.2048194E-03  0.0000000E+00
  2.0799350E+02  9.0954330E-01  3.2914346E-02 -4.5554553E-03  8.6044269E-03  0.0000000E+00
  2.0799350E+02  9.1712082E-01  3.1474845E-02 -4.4268662E-03  8.0425275E-03  0.0000000E+00
  2.0799350E+02  9.2453656E-01  3.0044213E-02 -4.3118942E-03  7.5235287E-03  0.0000000E+00
  2.0799350E+02  9.3178855E-01  2.8626511E-02 -4.2182545E-03  7.0481518E-03  0.0000000E+00
  2.0799350E+02  9.3885407E-01  2.7233016E-02 -4.1233075E-03  6.6138226E-03  0.0000000E+00
  2.0799350E+02  9.4570937E-01  2.5879508E-02 -3.9877687E-03  6.2158207E-03  0.0000000E+00
  2.0799350E+02  9.5235108E-01  2.4582730E-02 -3.7787214E-03  5.8488654E-03  0.0000000E+00
  2.0799350E+02  9.5881549E-01  2.3357733E-02 -3.4997196E-03  5.5088132E-03  0.0000000E+00
  2.0799350E+02  9.6519161E-01  2.2217799E-02 -3.2257673E-03  5.1941465E-03  0.0000000E+00
  2.0799350E+02  9.7154697E-01  2.1162150E-02 -3.0259275E-03  4.8992102E-03  0.0000000E+00
  2.0799350E+02  9.7789338E-01  2.0181298E-02 -2.8487741E-03  4.6225296E-03  0.0000000E+00
  2.0799350E+02  9.8421418E-01  1.9260385E-02 -2.7618045E-03  4.3626372E-03  0.0000000E+00
  2.0799350E+02  9.9047600E-01  1.8379925E-02 -2.7851795E-03  4.1139716E-03  0.0000000E+00
  2.0799350E+02  9.9668502E-01  1.7530117E-02 -2.9167317E-03  3.8747394E-03  0.0000000E+00
  2.0799350E+02  1.0028694E+00  1.6708347E-02 -3.1221097E-03  3.6458915E-03  0.0000000E+00
  2.0799350E+02  1.0090621E+00  1.5916324E-02 -3.3394438E-03  3.4299287E-03  0.0000000E+00
  2.0799350E+02  1.0152857E+00  1.5157200E-02 -3.4938675E-03  3.2296872E-03  0.0000000E+00
  2.0799350E+02  1.0215405E+00  1.4432998E-02 -3.5172307E-03  3.0472537E-03  0.0000000E+00
  2.0799350E+02  1.0277976E+00  1.3742691E-02 -3.3683399E-03  2.8831582E-03  0.0000000E+00
  2.0799350E+02  1.0339990E+00  1.3081275E-02 -3.0490622E-03  2.7359955E-03  0.0000000E+00
  2.0799350E+02  1.0400653E+00  1.2440161E-02 -2.6116263E-03  2.6026243E-03  0.0000000E+00
  2.0799350E+02  1.0459128E+00  1.1809234E-02 -2.1524585E-03  2.4790924E-03  0.0000000E+00
  2.0799350E+02  1.0514827E+00  1.1180912E-02 -1.7878879E-03  2.3624399E-03  0.0000000E+00
  2.0799350E+02  1.0567817E+00  1.0556537E-02 -1.6070566E-03  2.2535268E-03  0.0000000E+00
  2.0799350E+02  1.0618745E+00  9.9411798E-03 -1.5502150E-03  2.1512944E-03  0.0000000E+00
  2.0799350E+02  1.0667877E+00  9.3149092E-03 -1.5085392E-03  2.0545682E-03  0.0000000E+00
  2.0799350E+02  1.0716688E+00  8.6868367E-03 -1.4762184E-03  1.9647203E-03  0.0000000E+00
  2.0799350E+02  1.0766068E+00  8.0683338E-03 -1.4332639E-03  1.8806897E-03  0.0000000E+00
  2.0799350E+02  1.0816410E+00  7.4712003E-03 -1.3721064E-03  1.8034266E-03  0.0000000E+00
  2.0799350E+02  1.0867717E+00  6.9064380E-03 -1.2925161E-03  1.7339494E-03  0.0000000E+00
  2.0799350E+02  1.0919715E+00  6.3832951E-03 -1.1985483E-03  1.6723137E-03  0.0000000E+00
  2.0799350E+02  1.0971967E+00  5.9085800E-03 -1.0969604E-03  1.6173080E-03  0.0000000E+00
  2.0799350E+02  1.1023973E+00  5.4862423E-03 -9.9654464E-04  1.5666893E-03  0.0000000E+00
  2.0799350E+02  1.1075260E+00  5.1172189E-03 -9.0782004E-04  1.5177744E-03  0.0000000E+00
  2.0799350E+02  1.1125449E+00  4.7995439E-03 -8.4252979E-04  1.4682009E-03  0.0000000E+00
  2.0799350E+02  1.1174299E+00  4.5287185E-03 -8.1238697E-04  1.4166718E-03  0.0000000E+00
  2.0799350E+02  1.1221714E+00  4.2983413E-03 -8.2651401E-04  1.3634995E-03  0.0000000E+00
  2.0799350E+02  1.1267714E+00  4.1009949E-03 -8.8702003E-04  1.3107617E-03  0.0000000E+00
  2.0799350E+02  1.1312369E+00  3.9293877E-03 -9.8216058E-04  1.2618862E-03  0.0000000E+00
  2.0799350E+02  1.1355666E+00  3.7777492E-03 -1.0765244E-03  1.2204763E-03  0.0000000E+00
  2.0799350E+02  1.1397442E+00  3.6374164E-03 -1.1209004E-03  1.1866032E-03  0.0000000E+00
  2.0799350E+02  1.1437814E+00  3.5041941E-03 -1.1908892E-03  1.1584620E-03  0.0000000E+00
  2.0799350E+02  1.1477026E+00  3.3791209E-03 -1.2807846E-03  1.1380869E-03  0.0000000E+00
  2.0799350E+02  1.1515306E+00  3.2444492E-03 -1.3863234E-03  1.1236877E-03  0.0000000E+00
  2.0799350E+02  1.1552684E+00  3.0906817E-03 -1.5009945E-03  1.1149024E-03  0.0000000E+00
  2.0799350E+02  1.1589100E+00  2.9165396E-03 -1.6177203E-03  1.1118229E-03  0.0000000E+00
  2.0799350E+02  1.1624476E+00  2.7278360E-03 -1.7301030E-03  1.1144174E-03  0.0000000E+00
  2.0799350E+02  1.1658770E+00  2.5355567E-03 -1.8332779E-03  1.1222742E-03  0.0000000E+00
  2.0799350E+02  1.1692000E+00  2.3534420E-03 -1.9244175E-03  1.1345888E-03  0.0000000E+00
  2.0799350E+02  1.1724247E+00  2.1953709E-03 -2.0029265E-03  1.1503185E-03  0.0000000E+00
  2.0799350E+02  1.1755647E+00  2.0728431E-03 -2.0703717E-03  1.1684282E-03  0.0000000E+00
  2.0799350E+02  1.1786366E+00  1.9928583E-03 -2.1301893E-03  1.1881504E-03  0.0000000E+00
  2.0799350E+02  1.1816571E+00  1.9564897E-03 -2.1872107E-03  1.2091824E-03  0.0000000E+00
  2.0799350E+02  1.1846390E+00  1.9584498E-03 -2.2470499E-03  1.2317453E-03  0.0000000E+00
  2.0799350E+02  1.1875872E+00  1.9879470E-03 -2.3153960E-03  1.2564276E-03  0.0000000E+00
  2.0799350E+02  1.1904955E+00  2.0311299E-03 -2.3972503E-03  1.2837363E-03  0.0000000E+00
  2.0799350E+02  1.1933432E+00  2.0754177E-03 -2.4961539E-03  1.3132802E-03  0.0000000E+00
  2.0799350E+02  1.1961054E+00  2.1092766E-03 -2.6044896E-03  1.3435931E-03  0.0000000E+00
  2.0799350E+02  1.1987948E+00  2.1171018E-03 -2.7059420E-03  1.3744140E-03  0.0000000E+00
  2.0799350E+02  1.2013884E+00  2.0939575E-03 -2.7787673E-03  1.4035020E-03  0.0000000E+00
  2.0799350E+02  1.2038756E+00  2.0354988E-03 -2.8005015E-03  1.4297140E-03  0.0000000E+00
  2.0799350E+02  1.2062540E+00  1.9442292E-03 -2.7649882E-03  1.4522438E-03  0.0000000E+00
  2.0799350E+02  1.2085269E+00  1.8267212E-03 -2.6772805E-03  1.4705913E-03  0.0000000E+00
  2.0799350E+02  1.2106998E+00  1.6914794E-03 -2.5492096E-03  1.4845490E-03  0.0000000E+00
  2.0799350E+02  1.2127781E+00  1.5473736E-03 -2.3956442E-03  1.4941987E-03  0.0000000E+00
  2.0799350E+02  1.2147657E+00  1.4025741E-03 -2.2314664E-03  1.4999091E-03  0.0000000E+00
  2.0799350E+02  1.2166630E+00  1.2639181E-03 -2.0692878E-03  1.5023259E-03  0.0000000E+00
  2.0799350E+02  1.2184662E+00  1.1366378E-03 -1.9179313E-03  1.5023474E-03  0.0000000E+00
  2.0799350E+02  1.2201680E+00  1.0243793E-03 -1.7817025E-03  1.5010753E-03  0.0000000E+00
  2.0799350E+02  1.2217576E+00  9.2944440E-04 -1.6604764E-03  1.4997338E-03  0.0000000E+00
  2.0799350E+02  0.0000000E+00  0.0000000E+00  0.0000000E+00 -3.2606726E-02  0.0000000E+00
  2.0799350E+02  3.5126787E-01  6.0714086E-02  5.0848585E-03 -3.3288727E-02  0.0000000E+00
  2.0799350E+02  5.5835689E-01  9.2857676E-02  7.6096168E-03 -3.3520338E-02  0.0000000E+00
  2.0799350E+02  6.5633449E-01  1.0296997E-01  8.2756154E-03 -3.3898427E-02  0.0000000E+00
  2.0799350E+02  7.0207865E-01  1.0228889E-01  8.1937188E-03 -3.4612871E-02  0.0000000E+00
  2.0799350E+02  7.2720589E-01  9.7418969E-02  7.6848673E-03 -3.5494572E-02  0.0000000E+00
  2.0799350E+02  7.4401213E-01  9.1182641E-02  6.7006851E-03 -3.6324504E-02  0.0000000E+00
  2.0799350E+02  7.5750020E-01  8.4776424E-02  5.1590404E-03 -3.6932861E-02  0.0000000E+00
  2.0799350E+02  7.6943362E-01  7.8742653E-02  3.1471536E-03 -3.7209728E-02  0.0000000E+00
  2.0799350E+02  7.8058295E-01  7.3282834E-02  9.6003483E-04 -3.7136500E-02  0.0000000E+00
  2.0799350E+02  7.9110218E-01  6.8454721E-02 -1.0848628E-03 -3.6745169E-02  0.0000000E+00
  2.0799350E+02  8.0105336E-01  6.4301335E-02 -2.7086438E-03 -3.6088728E-02  0.0000000E+00
  2.0799350E+02  8.1064527E-01  6.0834204E-02 -3.7411281E-03 -3.5226125E-02  0.0000000E+00
  2.0799350E+02  8.2011690E-01  5.7985936E-02 -4.1840344E-03 -3.4220017E-02  0.0000000E+00
  2.0799350E+02  8.2964968E-01  5.5544864E-02 -4.2362667E-03 -3.3126239E-02  0.0000000E+00
  2.0799350E+02  8.3914157E-01  5.3292344E-02 -4.1542527E-03 -3.1998405E-02  0.0000000E+00
  2.0799350E+02  8.4838085E-01  5.1146084E-02 -4.0288380E-03 -3.0862394E-02  0.0000000E+00
  2.0799350E+02  8.5747053E-01  4.9190143E-02 -3.8253144E-03 -2.9742370E-02  0.0000000E+00
  2.0799350E+02  8.6641186E-01  4.7391481E-02 -3.5528003E-03 -2.8647454E-02  0.0000000E+00
  2.0799350E+02  8.7509689E-01  4.5680660E-02 -3.2761619E-03 -2.7584360E-02  0.0000000E+00
  2.0799350E+02  8.8346921E-01  4.4011661E-02 -3.0604305E-03 -2.6554309E-02  0.0000000E+00
  2.0799350E+02  8.9157103E-01  4.2371349E-02 -2.9379061E-03 -2.5555000E-02  0.0000000E+00
  2.0799350E+02  8.9945043E-01  4.0774090E-02 -2.8993663E-03 -2.4592688E-02  0.0000000E+00
  2.0799350E+02  9.0718907E-01  3.9219344E-02 -2.9073458E-03 -2.3674054E-02  0.0000000E+00
  2.0799350E+02  9.1480344E-01  3.7693202E-02 -2.9364601E-03 -2.2810174E-02  0.0000000E+00
  2.0799350E+02  9.2229565E-01  3.6188767E-02 -3.0380404E-03 -2.2000602E-02  0.0000000E+00
  2.0799350E+02  9.2967927E-01  3.4724456E-02 -3.2440432E-03 -2.1243185E-02  0.0000000E+00
  2.0799350E+02  9.3691629E-01  3.3316287E-02 -3.4671675E-03 -2.0519560E-02  0.0000000E+00
  2.0799350E+02  9.4383298E-01  3.1901679E-02 -3.7467685E-03 -1.9824891E-02  0.0000000E+00
  2.0799350E+02  9.5039224E-01  3.0439808E-02 -4.0580206E-03 -1.9156156E-02  0.0000000E+00
  2.0799350E+02  9.5665125E-01  2.8938465E-02 -4.3507396E-03 -1.8505793E-02  0.0000000E+00
  2.0799350E+02  9.6266137E-01  2.7447460E-02 -4.5615340E-03 -1.7871306E-02  0.0000000E+00
  2.0799350E+02  9.6850468E-01  2.6021005E-02 -4.6349229E-03 -1.7250092E-02  0.0000000E+00
  2.0799350E+02  9.7423658E-01  2.4707455E-02 -4.5385781E-03 -1.6643793E-02  0.0000000E+00
  2.0799350E+02  9.7990757E-01  2.3527928E-02 -4.2767231E-03 -1.6054489E-02  0.0000000E+00
  2.0799350E+02  9.8552818E-01  2.2476152E-02 -3.8979435E-03 -1.5487040E-02  0.0000000E+00
  2.0799350E+02  9.9113466E-01  2.1509920E-02 -3.4861263E-03 -1.4941531E-02  0.0000000E+00
  2.0799350E+02  9.9674529E-01  2.0580489E-02 -3.1405119E-03 -1.4417964E-02  0.0000000E+00
  2.0799350E+02  1.0023637E+00  1.9669979E-02 -2.9342915E-03 -1.3917290E-02  0.0000000E+00
  2.0799350E+02  1.0079384E+00  1.8800655E-02 -2.8591862E-03 -1.3442838E-02  0.0000000E+00
  2.0799350E+02  1.0134638E+00  1.7952406E-02 -2.9291888E-03 -1.2986104E-02  0.0000000E+00
  2.0799350E+02  1.0189348E+00  1.7129943E-02 -3.1648599E-03 -1.2549293E-02  0.0000000E+00
  2.0799350E+02  1.0243913E+00  1.6326922E-02 -3.5013154E-03 -1.2131773E-02  0.0000000E+00
  2.0799350E+02  1.0298772E+00  1.5545157E-02 -3.8387500E-03 -1.1731568E-02  0.0000000E+00
  2.0799350E+02  1.0353826E+00  1.4791111E-02 -4.0776743E-03 -1.1347924E-02  0.0000000E+00
  2.0799350E+02  1.0408982E+00  1.4063165E-02 -4.1477010E-03 -1.0977192E-02  0.0000000E+00
  2.0799350E+02  1.0463804E+00  1.3356586E-02 -4.0183230E-03 -1.0616210E-02  0.0000000E+00
  2.0799350E+02  1.0517823E+00  1.2662621E-02 -3.7022255E-03 -1.0261571E-02  0.0000000E+00
  2.0799350E+02  1.0570293E+00  1.1976490E-02 -3.2526690E-03 -9.9127935E-03  0.0000000E+00
  2.0799350E+02  1.0620923E+00  1.1293091E-02 -2.7473701E-03 -9.5689844E-03  0.0000000E+00
  2.0799350E+02  1.0669589E+00  1.0614106E-02 -2.2720476E-03 -9.2315774E-03  0.0000000E+00
  2.0799350E+02  1.0716485E+00  9.9466507E-03 -1.8970435E-03 -8.9034207E-03  0.0000000E+00
  2.0799350E+02  1.0762141E+00  9.2986770E-03 -1.6508869E-03 -8.5873532E-03  0.0000000E+00
  2.0799350E+02  1.0806911E+00  8.6755867E-03 -1.4938603E-03 -8.2868298E-03  0.0000000E+00
  2.0799350E+02  1.0851176E+00  8.0692758E-03 -1.3597314E-03 -7.9996951E-03  0.0000000E+00
  2.0799350E+02  1.0895374E+00  7.4712239E-03 -1.2462433E-03 -7.7267147E-03  0.0000000E+00
  2.0799350E+02  1.0940395E+00  6.8914015E-03 -1.1294898E-03 -7.4626952E-03  0.0000000E+00
  2.0799350E+02  1.0986320E+00  6.3532737E-03 -1.0157706E-03 -7.2038157E-03  0.0000000E+00
  2.0799350E+02  1.1033019E+00  5.8729227E-03 -9.0917420E-04 -6.9474191E-03  0.0000000E+00
  2.0799350E+02  1.1080033E+00  5.4595024E-03 -8.1419467E-04 -6.6935525E-03  0.0000000E+00
  2.0799350E+02  1.1126823E+00  5.1130848E-03 -7.3607266E-04 -6.4438996E-03  0.0000000E+00
  2.0799350E+02  1.1172974E+00  4.8251772E-03 -6.8037524E-04 -6.2006257E-03  0.0000000E+00
  2.0799350E+02  1.1217955E+00  4.5831204E-03 -6.5244232E-04 -5.9673416E-03  0.0000000E+00
  2.0799350E+02  1.1261663E+00  4.3703079E-03 -6.5561298E-04 -5.7457473E-03  0.0000000E+00
  2.0799350E+02  1.1304099E+00  4.1718265E-03 -6.9059889E-04 -5.5368081E-03  0.0000000E+00
  2.0799350E+02  1.1345495E+00  3.9766186E-03 -7.5482586E-04 -5.3396044E-03  0.0000000E+00
  2.0799350E+02  1.1385949E+00  3.7809294E-03 -8.4196811E-04 -5.1526824E-03  0.0000000E+00
  2.0799350E+02  1.1425761E+00  3.5866058E-03 -9.4376479E-04 -4.9723056E-03  0.0000000E+00
  2.0799350E+02  1.1464994E+00  3.4005950E-03 -1.0520869E-03 -4.7947630E-03  0.0000000E+00
  2.0799350E+02  1.1503357E+00  3.2298012E-03 -1.1632141E-03 -4.6174714E-03  0.0000000E+00
  2.0799350E+02  1.1540321E+00  3.0691435E-03 -1.2867827E-03 -4.4398906E-03  0.0000000E+00
  2.0799350E+02  1.1576226E+00  2.9175316E-03 -1.4359432E-03 -4.2609207E-03  0.0000000E+00
  2.0799350E+02  1.1611084E+00  2.7754021E-03 -1.5715539E-03 -4.0799194E-03  0.0000000E+00
  2.0799350E+02  1.1644979E+00  2.6321087E-03 -1.6741061E-03 -3.8963531E-03  0.0000000E+00
  2.0799350E+02  1.1677964E+00  2.4849902E-03 -1.7423928E-03 -3.7104516E-03  0.0000000E+00
  2.0799350E+02  1.1709904E+00  2.3380319E-03 -1.7843126E-03 -3.5242512E-03  0.0000000E+00
  2.0799350E+02  1.1740869E+00  2.1979893E-03 -1.8114945E-03 -3.3392489E-03  0.0000000E+00
  2.0799350E+02  1.1770914E+00  2.0733477E-03 -1.8349317E-03 -3.1573838E-03  0.0000000E+00
  2.0799350E+02  1.1800190E+00  1.9720609E-03 -1.8631932E-03 -2.9800596E-03  0.0000000E+00
  2.0799350E+02  1.1828714E+00  1.9006987E-03 -1.9015987E-03 -2.8091281E-03  0.0000000E+00
  2.0799350E+02  1.1856668E+00  1.8621686E-03 -1.9528506E-03 -2.6447773E-03  0.0000000E+00
  2.0799350E+02  1.1884153E+00  1.8557608E-03 -2.0177170E-03 -2.4867336E-03  0.0000000E+00
  2.0799350E+02  1.1911225E+00  1.8766875E-03 -2.0960211E-03 -2.3340003E-03  0.0000000E+00
  2.0799350E+02  1.1937924E+00  1.9164580E-03 -2.1874120E-03 -2.1848334E-03  0.0000000E+00
  2.0799350E+02  1.1964085E+00  1.9634510E-03 -2.2904934E-03 -2.0382545E-03  0.0000000E+00
  2.0799350E+02  1.1989642E+00  2.0049420E-03 -2.4023992E-03 -1.8931398E-03  0.0000000E+00
  2.0799350E+02  1.2014486E+00  2.0291218E-03 -2.5150932E-03 -1.7502577E-03  0.0000000E+00
  2.0799350E+02  1.2038515E+00  2.0263711E-03 -2.6111829E-03 -1.6116540E-03  0.0000000E+00
  2.0799350E+02  1.2061646E+00  1.9885353E-03 -2.6680595E-03 -1.4783518E-03  0.0000000E+00
  2.0799350E+02  1.2083989E+00  1.9200548E-03 -2.6760003E-03 -1.3525110E-03  0.0000000E+00
  2.0799350E+02  1.2105467E+00  1.8270129E-03 -2.6352377E-03 -1.2348039E-03  0.0000000E+00
  2.0799350E+02  1.2126074E+00  1.7164668E-03 -2.5522608E-03 -1.1252506E-03  0.0000000E+00
  2.0799350E+02  1.2145870E+00  1.5955326E-03 -2.4373079E-03 -1.0231641E-03  0.0000000E+00
  2.0799350E+02  1.2164808E+00  1.4716939E-03 -2.3032141E-03 -9.2800995E-04  0.0000000E+00
  2.0799350E+02  1.2182928E+00  1.3510210E-03 -2.1623653E-03 -8.3845933E-04  0.0000000E+00
  2.0799350E+02  1.2200201E+00  1.2387074E-03 -2.0260135E-03 -7.5328243E-04  0.0000000E+00
  2.0799350E+02  1.2216588E+00  1.1385010E-03 -1.9027309E-03 -6.7114922E-04  0.0000000E+00
  2.0799350E+02  1.2231931E+00  1.0533532E-03 -1.7984573E-03 -5.9132678E-04  0.0000000E+00
  2.0799350E+02  1.2246136E+00  9.8443914E-04 -1.7147177E-03 -5.1287765E-04  0.0000000E+00
  2.0799350E+02  1.2259074E+00  9.3217261E-04 -1.6495071E-03 -4.3528977E-04  0.0000000E+00
