          atime         pdf_uu         pdf_vv         pdf_ww         pm1avg           tavg
  2.0799350E+02  2.3259790E-08  7.9974450E-06 -1.5466527E-07 -8.4116403E-02  0.0000000E+00
  2.0799350E+02  3.5074675E-03  1.0403296E-02 -9.2151816E-04 -8.3523519E-02  0.0000000E+00
  2.0799350E+02  1.0684569E-02 -4.2483122E-04 -6.3922328E-04 -8.2266432E-02  0.0000000E+00
  2.0799350E+02  1.4053504E-02 -7.1350466E-03  2.5726329E-04 -8.0429800E-02  0.0000000E+00
  2.0799350E+02  1.3491547E-02 -1.0453724E-02  6.9759645E-04 -7.8449917E-02  0.0000000E+00
  2.0799350E+02  1.2225568E-02 -1.0661042E-02  3.5701735E-05 -7.6577742E-02  0.0000000E+00
  2.0799350E+02  1.1863273E-02 -7.2927736E-03 -1.2345261E-03 -7.4857711E-02  0.0000000E+00
  2.0799350E+02  1.2350637E-02 -2.0986283E-03 -1.8865817E-03 -7.3235418E-02  0.0000000E+00
  2.0799350E+02  1.3124844E-02  3.0503057E-03 -1.5690621E-03 -7.1635461E-02  0.0000000E+00
  2.0799350E+02  1.3773549E-02  6.5957412E-03 -6.6107024E-04 -6.9996317E-02  0.0000000E+00
  2.0799350E+02  1.4078052E-02  8.8899331E-03 -6.2898170E-05 -6.8274457E-02  0.0000000E+00
  2.0799350E+02  1.4091477E-02  1.0867329E-02 -4.4507105E-04 -6.6451041E-02  0.0000000E+00
  2.0799350E+02  1.3967866E-02  1.2806957E-02 -1.6166590E-03 -6.4535137E-02  0.0000000E+00
  2.0799350E+02  1.3725900E-02  1.4022606E-02 -2.5363754E-03 -6.2559026E-02  0.0000000E+00
  2.0799350E+02  1.3201702E-02  1.3516713E-02 -2.1807774E-03 -6.0563377E-02  0.0000000E+00
  2.0799350E+02  1.2376414E-02  1.1410014E-02 -1.0000213E-03 -5.8573726E-02  0.0000000E+00
  2.0799350E+02  1.1567494E-02  8.5544349E-03  7.5938121E-04 -5.6602816E-02  0.0000000E+00
  2.0799350E+02  1.0847673E-02  5.4043977E-03  2.3442407E-03 -5.4656926E-02  0.0000000E+00
  2.0799350E+02  1.0120293E-02  2.3507984E-03  3.5197092E-03 -5.2745672E-02  0.0000000E+00
  2.0799350E+02  9.3023274E-03 -3.0135651E-04  4.2537864E-03 -5.0877670E-02  0.0000000E+00
  2.0799350E+02  8.3642977E-03 -2.3776272E-03  4.5057866E-03 -4.9058430E-02  0.0000000E+00
  2.0799350E+02  7.3381581E-03 -3.7787237E-03  4.2360930E-03 -4.7290626E-02  0.0000000E+00
  2.0799350E+02  6.3000809E-03 -4.4149746E-03  3.5112875E-03 -4.5575487E-02  0.0000000E+00
  2.0799350E+02  5.3350943E-03 -4.2206607E-03  2.5787437E-03 -4.3914070E-02  0.0000000E+00
  2.0799350E+02  4.4905165E-03 -3.3381949E-03  1.7847722E-03 -4.2307157E-02  0.0000000E+00
  2.0799350E+02  3.7251313E-03 -2.5621260E-03  1.2104044E-03 -4.0752531E-02  0.0000000E+00
  2.0799350E+02  3.0607254E-03 -1.6268565E-03  6.2183790E-04 -3.9246318E-02  0.0000000E+00
  2.0799350E+02  2.3364779E-03 -1.5567886E-03  3.0908719E-04 -3.7791355E-02  0.0000000E+00
  2.0799350E+02  1.9174335E-03 -2.2455849E-03  4.0721956E-04 -3.6376289E-02  0.0000000E+00
  2.0799350E+02  1.8616709E-03 -2.8548081E-03  8.4196712E-04 -3.5009424E-02  0.0000000E+00
  2.0799350E+02  2.0003862E-03 -3.0404563E-03  1.4058995E-03 -3.3699519E-02  0.0000000E+00
  2.0799350E+02  2.1476285E-03 -2.8041319E-03  1.9079371E-03 -3.2452893E-02  0.0000000E+00
  2.0799350E+02  2.1993072E-03 -2.3318139E-03  2.2409216E-03 -3.1271077E-02  0.0000000E+00
  2.0799350E+02  2.1512917E-03 -1.8444521E-03  2.3898249E-03 -3.0150842E-02  0.0000000E+00
  2.0799350E+02  2.0650860E-03 -1.4830006E-03  2.4023302E-03 -2.9085790E-02  0.0000000E+00
  2.0799350E+02  2.0095569E-03 -1.2505126E-03  2.3435216E-03 -2.8068657E-02  0.0000000E+00
  2.0799350E+02  2.0071988E-03 -1.0339153E-03  2.2564180E-03 -2.7093501E-02  0.0000000E+00
  2.0799350E+02  2.0134133E-03 -7.2808519E-04  2.1500868E-03 -2.6156944E-02  0.0000000E+00
  2.0799350E+02  1.9572859E-03 -4.8484432E-04  2.0370716E-03 -2.5257619E-02  0.0000000E+00
  2.0799350E+02  1.8627823E-03 -4.7807275E-04  1.9753969E-03 -2.4394622E-02  0.0000000E+00
  2.0799350E+02  1.7387638E-03 -3.4484266E-04  1.7951110E-03 -2.3563779E-02  0.0000000E+00
  2.0799350E+02  1.6018219E-03 -2.6632542E-04  1.5576541E-03 -2.2762374E-02  0.0000000E+00
  2.0799350E+02  1.4645143E-03 -1.5446448E-04  1.3276867E-03 -2.1989609E-02  0.0000000E+00
  2.0799350E+02  1.3254020E-03  3.4037642E-05  1.1344153E-03 -2.1244587E-02  0.0000000E+00
  2.0799350E+02  1.1832132E-03  2.8956266E-04  9.8890241E-04 -2.0526181E-02  0.0000000E+00
  2.0799350E+02  1.0428052E-03  5.5916409E-04  8.9378475E-04 -1.9832933E-02  0.0000000E+00
  2.0799350E+02  9.1511348E-04  7.6777642E-04  8.4731905E-04 -1.9162985E-02  0.0000000E+00
  2.0799350E+02  8.1327673E-04  8.4492326E-04  8.4367569E-04 -1.8514094E-02  0.0000000E+00
  2.0799350E+02  7.4712814E-04  7.5080165E-04  8.7140091E-04 -1.7883733E-02  0.0000000E+00
  2.0799350E+02  7.1824090E-04  4.9562001E-04  9.1196805E-04 -1.7269336E-02  0.0000000E+00
  2.0799350E+02  7.1771802E-04  1.4606693E-04  9.4033799E-04 -1.6668676E-02  0.0000000E+00
  2.0799350E+02  7.2891535E-04 -1.8721191E-04  9.2944930E-04 -1.6080447E-02  0.0000000E+00
  2.0799350E+02  7.3728705E-04 -3.8725122E-04  8.6055858E-04 -1.5505037E-02  0.0000000E+00
  2.0799350E+02  7.4954279E-04 -3.9964084E-04  7.4135116E-04 -1.4945549E-02  0.0000000E+00
  2.0799350E+02  7.6842797E-04 -3.4698692E-04  5.7410690E-04 -1.4403164E-02  0.0000000E+00
  2.0799350E+02  7.6924927E-04 -2.6529793E-04  4.2928743E-04 -1.3879610E-02  0.0000000E+00
  2.0799350E+02  7.4859480E-04 -1.8471001E-04  3.0662150E-04 -1.3373855E-02  0.0000000E+00
  2.0799350E+02  6.9745974E-04 -1.5525405E-04  1.9440402E-04 -1.2885140E-02  0.0000000E+00
  2.0799350E+02  6.2263480E-04 -2.0223068E-04  1.1398482E-04 -1.2412852E-02  0.0000000E+00
  2.0799350E+02  5.3716968E-04 -3.3432920E-04  9.5725856E-05 -1.1956793E-02  0.0000000E+00
  2.0799350E+02  4.5405351E-04 -5.4757461E-04  1.6262469E-04 -1.1516748E-02  0.0000000E+00
  2.0799350E+02  3.8259679E-04 -8.2668771E-04  3.2096231E-04 -1.1092292E-02  0.0000000E+00
  2.0799350E+02  3.2700366E-04 -1.1453393E-03  5.5701581E-04 -1.0682756E-02  0.0000000E+00
  2.0799350E+02  2.8662293E-04 -1.4667796E-03  8.3887644E-04 -1.0287306E-02  0.0000000E+00
  2.0799350E+02  2.5736660E-04 -1.7463243E-03  1.1224137E-03 -9.9050745E-03  0.0000000E+00
  2.0799350E+02  2.3378448E-04 -1.9371779E-03  1.3604256E-03 -9.5352792E-03  0.0000000E+00
  2.0799350E+02  2.1128339E-04 -2.0010762E-03  1.5140167E-03 -9.1772813E-03  0.0000000E+00
  2.0799350E+02  1.8797972E-04 -1.9252275E-03  1.5652426E-03 -8.8305170E-03  0.0000000E+00
  2.0799350E+02  1.6567384E-04 -1.7470366E-03  1.5300634E-03 -8.4942474E-03  0.0000000E+00
  2.0799350E+02  1.4943504E-04 -1.5880890E-03  1.4706456E-03 -8.1670671E-03  0.0000000E+00
  2.0799350E+02  1.4096853E-04 -1.5876146E-03  1.4562986E-03 -7.8474938E-03  0.0000000E+00
  2.0799350E+02  1.3865026E-04 -1.5558898E-03  1.4102973E-03 -7.5357236E-03  0.0000000E+00
  2.0799350E+02  1.4177531E-04 -1.5763389E-03  1.3961518E-03 -7.2294167E-03  0.0000000E+00
  2.0799350E+02  1.4298514E-04 -1.5764111E-03  1.3877645E-03 -6.9290749E-03  0.0000000E+00
  2.0799350E+02  1.4214154E-04 -1.5229003E-03  1.3616709E-03 -6.6347323E-03  0.0000000E+00
  2.0799350E+02  1.4147200E-04 -1.4102043E-03  1.3016619E-03 -6.3464076E-03  0.0000000E+00
  2.0799350E+02  1.4267608E-04 -1.2502523E-03  1.2007273E-03 -6.0643260E-03  0.0000000E+00
  2.0799350E+02  1.4562109E-04 -1.0640970E-03  1.0608794E-03 -5.7889623E-03  0.0000000E+00
  2.0799350E+02  1.4825490E-04 -8.7516031E-04  8.9141429E-04 -5.5209547E-03  0.0000000E+00
  2.0799350E+02  1.4736409E-04 -7.0412693E-04  7.0616610E-04 -5.2609416E-03  0.0000000E+00
  2.0799350E+02  1.3980533E-04 -5.6547780E-04  5.2031504E-04 -5.0093725E-03  0.0000000E+00
  2.0799350E+02  1.2383822E-04 -4.6565550E-04  3.4730408E-04 -4.7663417E-03  0.0000000E+00
  2.0799350E+02  1.0018739E-04 -4.0285418E-04  1.9642322E-04 -4.5314992E-03  0.0000000E+00
  2.0799350E+02  7.2512798E-05 -3.6847060E-04  7.1821197E-05 -4.3044927E-03  0.0000000E+00
  2.0799350E+02  4.6602886E-05 -3.4992660E-04 -2.7757977E-05 -4.0835439E-03  0.0000000E+00
  2.0799350E+02  2.8715421E-05 -3.3562005E-04 -1.0469365E-04 -3.8683631E-03  0.0000000E+00
  2.0799350E+02  2.1637171E-05 -3.2085546E-04 -1.5762295E-04 -3.6592063E-03  0.0000000E+00
  2.0799350E+02  2.1748482E-05 -3.1619728E-04 -1.8021059E-04 -3.4563490E-03  0.0000000E+00
  2.0799350E+02  2.0183283E-05 -3.0680610E-04 -1.7675567E-04 -3.2587992E-03  0.0000000E+00
  2.0799350E+02  1.3854638E-05 -3.0489926E-04 -1.4493646E-04 -3.0690020E-03  0.0000000E+00
  2.0799350E+02  5.3909246E-06 -3.2185831E-04 -9.5867291E-05 -2.8869868E-03  0.0000000E+00
  2.0799350E+02 -3.2297556E-06 -3.5342355E-04 -4.2330994E-05 -2.7126887E-03  0.0000000E+00
  2.0799350E+02 -1.0557453E-05 -3.8825988E-04  4.4688871E-06 -2.5458677E-03  0.0000000E+00
  2.0799350E+02 -1.5612615E-05 -4.1410736E-04  3.6739902E-05 -2.3860951E-03  0.0000000E+00
  2.0799350E+02 -1.7869369E-05 -4.2179295E-04  5.0774147E-05 -2.2327900E-03  0.0000000E+00
  2.0799350E+02 -1.7256505E-05 -4.0737951E-04  4.6721017E-05 -2.0852873E-03  0.0000000E+00
  2.0799350E+02 -1.4152827E-05 -3.7272852E-04  2.7716891E-05 -1.9429229E-03  0.0000000E+00
  2.0799350E+02 -9.3535378E-06 -3.2475252E-04 -1.3705916E-06 -1.8051161E-03  0.0000000E+00
  2.0799350E+02 -3.9843333E-06 -2.7363385E-04 -3.5326046E-05 -1.6714337E-03  0.0000000E+00
  2.0799350E+02  6.6014149E-07 -2.3028570E-04 -6.9839976E-05 -1.5416186E-03  0.0000000E+00
  2.0799350E+02  1.2886824E-02 -1.2867322E-02 -6.4131544E-17 -5.2486986E-02  0.0000000E+00
  2.0799350E+02  1.1700858E-02 -7.4883711E-03 -8.3236773E-04 -5.2518810E-02  0.0000000E+00
  2.0799350E+02  2.8492447E-03 -1.1208122E-02 -9.1344360E-04 -5.2529435E-02  0.0000000E+00
  2.0799350E+02 -7.6843646E-03 -1.1267383E-02 -2.1523961E-04 -5.2518653E-02  0.0000000E+00
  2.0799350E+02 -1.2477227E-02 -9.2600629E-03  3.8043771E-04 -5.2464947E-02  0.0000000E+00
  2.0799350E+02 -1.2959817E-02 -7.5852650E-03  5.7258768E-04 -5.2383226E-02  0.0000000E+00
  2.0799350E+02 -1.1777367E-02 -6.6564278E-03  4.8766728E-04 -5.2308207E-02  0.0000000E+00
  2.0799350E+02 -1.0582813E-02 -5.4816992E-03 -4.2490097E-04 -5.2266340E-02  0.0000000E+00
  2.0799350E+02 -9.3079541E-03 -2.9628638E-03 -1.9773047E-03 -5.2252684E-02  0.0000000E+00
  2.0799350E+02 -8.0966244E-03  5.7891928E-04 -3.2463216E-03 -5.2232866E-02  0.0000000E+00
  2.0799350E+02 -6.7872288E-03  4.1573411E-03 -3.6183431E-03 -5.2166675E-02  0.0000000E+00
  2.0799350E+02 -5.4000864E-03  6.8878111E-03 -2.9609448E-03 -5.2013716E-02  0.0000000E+00
  2.0799350E+02 -4.1294376E-03  8.5611452E-03 -1.7288612E-03 -5.1741027E-02  0.0000000E+00
  2.0799350E+02 -3.1104700E-03  9.7705724E-03 -8.6605318E-04 -5.1334311E-02  0.0000000E+00
  2.0799350E+02 -2.3151396E-03  1.1164296E-02 -1.1291550E-03 -5.0794307E-02  0.0000000E+00
  2.0799350E+02 -1.7804954E-03  1.2318693E-02 -2.0731743E-03 -5.0129194E-02  0.0000000E+00
  2.0799350E+02 -1.3457122E-03  1.2581540E-02 -2.6953960E-03 -4.9356118E-02  0.0000000E+00
  2.0799350E+02 -1.0219350E-03  1.1829393E-02 -2.3984571E-03 -4.8501247E-02  0.0000000E+00
  2.0799350E+02 -7.5301432E-04  1.0612378E-02 -1.4661635E-03 -4.7584892E-02  0.0000000E+00
  2.0799350E+02 -5.1438544E-04  9.0332126E-03 -2.5524411E-04 -4.6621091E-02  0.0000000E+00
  2.0799350E+02 -2.9181147E-04  7.0193839E-03  9.5196527E-04 -4.5621602E-02  0.0000000E+00
  2.0799350E+02 -8.0681028E-05  4.5715800E-03  1.9767669E-03 -4.4594663E-02  0.0000000E+00
  2.0799350E+02  1.0472665E-04  1.9500428E-03  2.7006567E-03 -4.3550973E-02  0.0000000E+00
  2.0799350E+02  2.2963896E-04 -3.3904063E-04  3.0337370E-03 -4.2491730E-02  0.0000000E+00
  2.0799350E+02  2.4908657E-04 -1.7358341E-03  2.9150570E-03 -4.1418264E-02  0.0000000E+00
  2.0799350E+02  1.4750808E-04 -2.1314263E-03  2.4307739E-03 -4.0336341E-02  0.0000000E+00
  2.0799350E+02 -9.6892458E-05 -1.8685845E-03  1.8484025E-03 -3.9255908E-02  0.0000000E+00
  2.0799350E+02 -3.3395366E-04 -1.0416952E-03  1.3108137E-03 -3.8185991E-02  0.0000000E+00
  2.0799350E+02 -5.5448188E-04 -3.6138725E-04  9.4270466E-04 -3.7127795E-02  0.0000000E+00
  2.0799350E+02 -7.6624609E-04 -9.4454062E-05  7.6095257E-04 -3.6078868E-02  0.0000000E+00
  2.0799350E+02 -9.4570659E-04 -2.5744157E-04  7.2990670E-04 -3.5038230E-02  0.0000000E+00
  2.0799350E+02 -1.0633309E-03 -7.1392080E-04  7.8424499E-04 -3.4011613E-02  0.0000000E+00
  2.0799350E+02 -1.1004082E-03 -1.2613198E-03  8.5752562E-04 -3.2999555E-02  0.0000000E+00
  2.0799350E+02 -1.0535052E-03 -1.6999336E-03  9.0943142E-04 -3.2005076E-02  0.0000000E+00
  2.0799350E+02 -9.3436041E-04 -1.8871692E-03  9.4318775E-04 -3.1030503E-02  0.0000000E+00
  2.0799350E+02 -7.6746518E-04 -1.7754613E-03  1.0060658E-03 -3.0084450E-02  0.0000000E+00
  2.0799350E+02 -5.8490805E-04 -1.4372857E-03  1.1658231E-03 -2.9170281E-02  0.0000000E+00
  2.0799350E+02 -4.2580420E-04 -1.0698595E-03  1.4547566E-03 -2.8290437E-02  0.0000000E+00
  2.0799350E+02 -3.4006638E-04 -9.8642525E-04  1.7750232E-03 -2.7438111E-02  0.0000000E+00
  2.0799350E+02 -3.1686626E-04 -1.1313051E-03  1.9547205E-03 -2.6612305E-02  0.0000000E+00
  2.0799350E+02 -2.5891790E-04 -1.1594763E-03  2.0274984E-03 -2.5809324E-02  0.0000000E+00
  2.0799350E+02 -1.6695027E-04 -1.1323298E-03  1.9625371E-03 -2.5025280E-02  0.0000000E+00
  2.0799350E+02 -4.5191440E-05 -9.4557267E-04  1.7990598E-03 -2.4264175E-02  0.0000000E+00
  2.0799350E+02  7.8859808E-05 -5.9835297E-04  1.5670845E-03 -2.3525349E-02  0.0000000E+00
  2.0799350E+02  1.7521874E-04 -1.4708184E-04  1.3009564E-03 -2.2810729E-02  0.0000000E+00
  2.0799350E+02  2.2513508E-04  3.3285901E-04  1.0387163E-03 -2.2117904E-02  0.0000000E+00
  2.0799350E+02  2.2483768E-04  7.6715279E-04  8.1895947E-04 -2.1445815E-02  0.0000000E+00
  2.0799350E+02  1.8458517E-04  1.0963841E-03  6.7190256E-04 -2.0792133E-02  0.0000000E+00
  2.0799350E+02  1.2397429E-04  1.2799295E-03  6.1133719E-04 -2.0157602E-02  0.0000000E+00
  2.0799350E+02  6.4198543E-05  1.3014389E-03  6.2655291E-04 -1.9538731E-02  0.0000000E+00
  2.0799350E+02  2.0673975E-05  1.1663819E-03  6.8269715E-04 -1.8932536E-02  0.0000000E+00
  2.0799350E+02 -3.2037039E-06  9.0395028E-04  7.2819007E-04 -1.8335908E-02  0.0000000E+00
  2.0799350E+02 -1.9072714E-05  5.7124451E-04  7.1407501E-04 -1.7745907E-02  0.0000000E+00
  2.0799350E+02 -5.1479468E-05  2.6687494E-04  6.2851042E-04 -1.7166365E-02  0.0000000E+00
  2.0799350E+02 -5.3737804E-05  1.3935889E-05  5.2629027E-04 -1.6596496E-02  0.0000000E+00
  2.0799350E+02 -2.8929877E-05 -1.1188649E-04  3.9124900E-04 -1.6036622E-02  0.0000000E+00
  2.0799350E+02 -1.2163777E-06 -1.0268796E-04  2.3406621E-04 -1.5490893E-02  0.0000000E+00
  2.0799350E+02  3.7926696E-05 -4.8701786E-05  8.8464881E-05 -1.4962048E-02  0.0000000E+00
  2.0799350E+02  7.6972784E-05 -1.2413466E-05 -1.4999274E-05 -1.4450032E-02  0.0000000E+00
  2.0799350E+02  1.0090468E-04 -3.3436846E-05 -5.5308226E-05 -1.3955280E-02  0.0000000E+00
  2.0799350E+02  1.0055273E-04 -1.3205264E-04 -2.4169773E-05 -1.3477487E-02  0.0000000E+00
  2.0799350E+02  7.5960685E-05 -3.1220903E-04  7.4812412E-05 -1.3014852E-02  0.0000000E+00
  2.0799350E+02  3.5695773E-05 -5.6231834E-04  2.2831560E-04 -1.2567639E-02  0.0000000E+00
  2.0799350E+02 -7.1902221E-06 -8.5963593E-04  4.1875685E-04 -1.2133559E-02  0.0000000E+00
  2.0799350E+02 -4.0065359E-05 -1.1721652E-03  6.2827485E-04 -1.1711469E-02  0.0000000E+00
  2.0799350E+02 -5.5574108E-05 -1.4636073E-03  8.4296627E-04 -1.1300042E-02  0.0000000E+00
  2.0799350E+02 -5.4641176E-05 -1.6971796E-03  1.0531243E-03 -1.0900707E-02  0.0000000E+00
  2.0799350E+02 -4.6432995E-05 -1.8469054E-03  1.2543158E-03 -1.0512915E-02  0.0000000E+00
  2.0799350E+02 -4.3202741E-05 -1.9061139E-03  1.4404281E-03 -1.0136360E-02  0.0000000E+00
  2.0799350E+02 -4.9010198E-05 -1.9018768E-03  1.5934330E-03 -9.7689512E-03  0.0000000E+00
  2.0799350E+02 -4.2985893E-05 -1.8448073E-03  1.6888574E-03 -9.4078165E-03  0.0000000E+00
  2.0799350E+02 -4.7300886E-05 -1.7483060E-03  1.7187726E-03 -9.0591493E-03  0.0000000E+00
  2.0799350E+02 -5.8435856E-05 -1.7420269E-03  1.6835548E-03 -8.7168537E-03  0.0000000E+00
  2.0799350E+02 -6.0992384E-05 -1.7462061E-03  1.6210138E-03 -8.3814588E-03  0.0000000E+00
  2.0799350E+02 -5.2926754E-05 -1.7102033E-03  1.5397558E-03 -8.0520762E-03  0.0000000E+00
  2.0799350E+02 -3.8216728E-05 -1.6102764E-03  1.4364429E-03 -7.7294205E-03  0.0000000E+00
  2.0799350E+02 -2.1991507E-05 -1.4449421E-03  1.3057512E-03 -7.4126556E-03  0.0000000E+00
  2.0799350E+02 -7.9782064E-06 -1.2295461E-03  1.1468788E-03 -7.1019412E-03  0.0000000E+00
  2.0799350E+02  2.4254119E-06 -9.8956086E-04  9.6517068E-04 -6.7972894E-03  0.0000000E+00
  2.0799350E+02  9.7787439E-06 -7.5590293E-04  7.7269268E-04 -6.5006134E-03  0.0000000E+00
  2.0799350E+02  1.5667036E-05 -5.5610160E-04  5.8356999E-04 -6.2122396E-03  0.0000000E+00
  2.0799350E+02  2.1323037E-05 -4.1069235E-04  4.1169859E-04 -5.9328826E-03  0.0000000E+00
  2.0799350E+02  2.6575202E-05 -3.2876925E-04  2.6695184E-04 -5.6628898E-03  0.0000000E+00
  2.0799350E+02  2.9475459E-05 -3.0578316E-04  1.5258971E-04 -5.4016552E-03  0.0000000E+00
  2.0799350E+02  2.7086733E-05 -3.2370968E-04  6.5664550E-05 -5.1494772E-03  0.0000000E+00
  2.0799350E+02  1.7987861E-05 -3.5382716E-04 -1.5016262E-06 -4.9049215E-03  0.0000000E+00
  2.0799350E+02  6.8415676E-06 -3.6329092E-04 -5.3707164E-05 -4.6671131E-03  0.0000000E+00
  2.0799350E+02  2.6465421E-06 -3.3972046E-04 -8.9304612E-05 -4.4355403E-03  0.0000000E+00
  2.0799350E+02  5.8949337E-06 -3.0559813E-04 -1.1920197E-04 -4.2103737E-03  0.0000000E+00
  2.0799350E+02  1.4956819E-05 -2.8253450E-04 -1.2125842E-04 -3.9916028E-03  0.0000000E+00
  2.0799350E+02  2.1873158E-05 -2.8906942E-04 -9.3163672E-05 -3.7802203E-03  0.0000000E+00
  2.0799350E+02  2.4039237E-05 -3.2305416E-04 -4.5953833E-05 -3.5768553E-03  0.0000000E+00
  2.0799350E+02  2.1734583E-05 -3.7197443E-04  5.3736103E-06 -3.3813694E-03  0.0000000E+00
  2.0799350E+02  1.6479538E-05 -4.2008998E-04  4.7390770E-05 -3.1942641E-03  0.0000000E+00
  2.0799350E+02  9.9879167E-06 -4.5411862E-04  7.1923883E-05 -3.0146547E-03  0.0000000E+00
  2.0799350E+02  3.6702160E-06 -4.6587342E-04  7.6519083E-05 -2.8418055E-03  0.0000000E+00
  2.0799350E+02 -1.5156733E-06 -4.5347939E-04  6.3709040E-05 -2.6746116E-03  0.0000000E+00
  2.0799350E+02 -4.9460206E-06 -4.2117799E-04  3.9279474E-05 -2.5129216E-03  0.0000000E+00
  2.0799350E+02 -6.2231645E-06 -3.7762735E-04  9.7630313E-06 -2.3558486E-03  0.0000000E+00
  2.0799350E+02 -5.0297540E-06 -3.3347871E-04 -1.9747926E-05 -2.2030471E-03  0.0000000E+00
  2.0799350E+02 -1.6515133E-02  1.6513957E-02  1.2958047E-08 -2.0498925E-02  0.0000000E+00
  2.0799350E+02 -7.4916823E-03  1.5789695E-02  4.2130619E-04 -2.0702204E-02  0.0000000E+00
  2.0799350E+02  2.4039595E-03  2.1927980E-03  6.8258249E-04 -2.0924408E-02  0.0000000E+00
  2.0799350E+02  7.9165984E-03 -7.3191543E-03  8.6118546E-04 -2.1202964E-02  0.0000000E+00
  2.0799350E+02  9.9733919E-03 -1.2300767E-02  1.0128957E-03 -2.1515074E-02  0.0000000E+00
  2.0799350E+02  9.3552192E-03 -1.3474586E-02  8.1194955E-04 -2.1821849E-02  0.0000000E+00
  2.0799350E+02  6.9275597E-03 -1.1908100E-02  2.8222324E-04 -2.2107648E-02  0.0000000E+00
  2.0799350E+02  4.1748085E-03 -9.6188167E-03 -4.0333802E-04 -2.2391971E-02  0.0000000E+00
  2.0799350E+02  2.1738657E-03 -8.5209539E-03 -5.8232795E-04 -2.2701555E-02  0.0000000E+00
  2.0799350E+02  1.1497684E-03 -7.4081060E-03 -4.3206115E-04 -2.3086145E-02  0.0000000E+00
  2.0799350E+02  5.1524787E-04 -5.4122930E-03 -9.5047313E-04 -2.3560343E-02  0.0000000E+00
  2.0799350E+02  1.2335288E-04 -2.6274972E-03 -2.1455270E-03 -2.4117261E-02  0.0000000E+00
  2.0799350E+02 -4.1006872E-05  3.4987795E-04 -3.1811888E-03 -2.4741059E-02  0.0000000E+00
  2.0799350E+02 -3.2738770E-05  2.9003813E-03 -3.4408734E-03 -2.5395211E-02  0.0000000E+00
  2.0799350E+02  8.2866306E-05  4.7643843E-03 -3.0967232E-03 -2.6031029E-02  0.0000000E+00
  2.0799350E+02  2.7797821E-04  6.3012566E-03 -2.3857997E-03 -2.6629299E-02  0.0000000E+00
  2.0799350E+02  4.1372501E-04  7.6136350E-03 -1.6213793E-03 -2.7157388E-02  0.0000000E+00
  2.0799350E+02  5.5643795E-04  8.6694094E-03 -1.0862324E-03 -2.7605190E-02  0.0000000E+00
  2.0799350E+02  6.3738581E-04  9.4163963E-03 -8.4043193E-04 -2.7959116E-02  0.0000000E+00
  2.0799350E+02  6.4188232E-04  9.6680259E-03 -6.3233960E-04 -2.8213628E-02  0.0000000E+00
  2.0799350E+02  5.7244737E-04  9.2961207E-03 -2.6511637E-04 -2.8366963E-02  0.0000000E+00
  2.0799350E+02  4.4666359E-04  8.3377324E-03  2.6463884E-04 -2.8420815E-02  0.0000000E+00
  2.0799350E+02  3.0520722E-04  7.0090983E-03  7.9403679E-04 -2.8381583E-02  0.0000000E+00
  2.0799350E+02  2.0553178E-04  5.6197731E-03  1.1247465E-03 -2.8260874E-02  0.0000000E+00
  2.0799350E+02  1.7668336E-04  4.3799994E-03  1.1954592E-03 -2.8072864E-02  0.0000000E+00
  2.0799350E+02  1.1072608E-04  3.0943727E-03  1.2338815E-03 -2.7826210E-02  0.0000000E+00
  2.0799350E+02  7.5504568E-05  1.8530562E-03  1.4432869E-03 -2.7528494E-02  0.0000000E+00
  2.0799350E+02 -2.5899137E-05  8.3555934E-04  1.8175768E-03 -2.7192040E-02  0.0000000E+00
  2.0799350E+02 -1.1014074E-04  5.0843811E-05  2.0131136E-03 -2.6818650E-02  0.0000000E+00
  2.0799350E+02 -1.3246187E-04 -3.6059436E-04  1.8719553E-03 -2.6413183E-02  0.0000000E+00
  2.0799350E+02 -1.6078274E-04 -4.5734606E-04  1.4813820E-03 -2.5979489E-02  0.0000000E+00
  2.0799350E+02 -2.5647992E-04 -4.0573684E-04  1.0370029E-03 -2.5520885E-02  0.0000000E+00
  2.0799350E+02 -4.2722483E-04 -3.9160469E-04  7.3354648E-04 -2.5040515E-02  0.0000000E+00
  2.0799350E+02 -6.3012864E-04 -5.4611887E-04  6.8763239E-04 -2.4541571E-02  0.0000000E+00
  2.0799350E+02 -8.0343918E-04 -8.9655071E-04  8.9682578E-04 -2.4027377E-02  0.0000000E+00
  2.0799350E+02 -9.0503562E-04 -1.3529075E-03  1.2392717E-03 -2.3501326E-02  0.0000000E+00
  2.0799350E+02 -9.3596667E-04 -1.7413404E-03  1.5182099E-03 -2.2966671E-02  0.0000000E+00
  2.0799350E+02 -9.2727780E-04 -1.8952374E-03  1.5556682E-03 -2.2426161E-02  0.0000000E+00
  2.0799350E+02 -8.6837337E-04 -1.8149123E-03  1.3396348E-03 -2.1881514E-02  0.0000000E+00
  2.0799350E+02 -8.2095467E-04 -1.4016638E-03  1.0422074E-03 -2.1338111E-02  0.0000000E+00
  2.0799350E+02 -9.0794181E-04 -1.0404545E-03  9.9189401E-04 -2.0800295E-02  0.0000000E+00
  2.0799350E+02 -9.2949211E-04 -9.5033268E-04  1.1579179E-03 -2.0270826E-02  0.0000000E+00
  2.0799350E+02 -8.8973612E-04 -9.2147576E-04  1.3668338E-03 -1.9751795E-02  0.0000000E+00
  2.0799350E+02 -8.1989478E-04 -8.5808056E-04  1.5209330E-03 -1.9242138E-02  0.0000000E+00
  2.0799350E+02 -7.4900826E-04 -7.4380750E-04  1.5817425E-03 -1.8740049E-02  0.0000000E+00
  2.0799350E+02 -6.9085585E-04 -6.0496661E-04  1.5516513E-03 -1.8244327E-02  0.0000000E+00
  2.0799350E+02 -6.4286019E-04 -4.7616003E-04  1.4555908E-03 -1.7754888E-02  0.0000000E+00
  2.0799350E+02 -5.9276900E-04 -3.7309582E-04  1.3247033E-03 -1.7272653E-02  0.0000000E+00
  2.0799350E+02 -5.2890747E-04 -2.7728763E-04  1.1839289E-03 -1.6799060E-02  0.0000000E+00
  2.0799350E+02 -4.4979463E-04 -1.3735493E-04  1.0454402E-03 -1.6335401E-02  0.0000000E+00
  2.0799350E+02 -3.6891674E-04  1.0836151E-04  9.0985807E-04 -1.5882236E-02  0.0000000E+00
  2.0799350E+02 -3.1045100E-04  4.8315418E-04  7.7717843E-04 -1.5439091E-02  0.0000000E+00
  2.0799350E+02 -2.9173280E-04  8.9255893E-04  6.6934036E-04 -1.5004671E-02  0.0000000E+00
  2.0799350E+02 -2.8825954E-04  1.0095057E-03  6.6636787E-04 -1.4577825E-02  0.0000000E+00
  2.0799350E+02 -2.8094057E-04  7.8725019E-04  7.3971382E-04 -1.4154337E-02  0.0000000E+00
  2.0799350E+02 -2.7632101E-04  6.0915687E-04  8.0379592E-04 -1.3732427E-02  0.0000000E+00
  2.0799350E+02 -2.7697974E-04  3.4250953E-04  8.6841287E-04 -1.3312438E-02  0.0000000E+00
  2.0799350E+02 -2.9593011E-04  1.0988882E-04  8.7161002E-04 -1.2894012E-02  0.0000000E+00
  2.0799350E+02 -3.1687072E-04 -3.6763572E-05  8.0277925E-04 -1.2479002E-02  0.0000000E+00
  2.0799350E+02 -3.1932032E-04 -9.4091134E-05  6.7970793E-04 -1.2070177E-02  0.0000000E+00
  2.0799350E+02 -2.9229045E-04 -8.8170669E-05  5.3212831E-04 -1.1670299E-02  0.0000000E+00
  2.0799350E+02 -2.3889361E-04 -5.8451329E-05  3.9078387E-04 -1.1281527E-02  0.0000000E+00
  2.0799350E+02 -1.7428431E-04 -4.4973592E-05  2.8102912E-04 -1.0905092E-02  0.0000000E+00
  2.0799350E+02 -1.1933090E-04 -7.9057187E-05  2.1997934E-04 -1.0541219E-02  0.0000000E+00
  2.0799350E+02 -9.2415634E-05 -1.7764697E-04  2.1622687E-04 -1.0189229E-02  0.0000000E+00
  2.0799350E+02 -1.0176059E-04 -3.4150580E-04  2.7114030E-04 -9.8477936E-03  0.0000000E+00
  2.0799350E+02 -1.4067723E-04 -5.5744330E-04  3.8076326E-04 -9.5152818E-03  0.0000000E+00
  2.0799350E+02 -1.8813695E-04 -8.0476975E-04  5.3732912E-04 -9.1901709E-03  0.0000000E+00
  2.0799350E+02 -2.1706059E-04 -1.0661639E-03  7.2940834E-04 -8.8714627E-03  0.0000000E+00
  2.0799350E+02 -2.1272413E-04 -1.3431437E-03  9.3970473E-04 -8.5590680E-03  0.0000000E+00
  2.0799350E+02 -2.1048789E-04 -1.6319668E-03  1.1541622E-03 -8.2541269E-03  0.0000000E+00
  2.0799350E+02 -2.1006032E-04 -1.7545405E-03  1.3405695E-03 -7.9553210E-03  0.0000000E+00
  2.0799350E+02 -1.9362155E-04 -1.8160615E-03  1.4824868E-03 -7.6622760E-03  0.0000000E+00
  2.0799350E+02 -1.8159009E-04 -1.8672274E-03  1.6005063E-03 -7.3755501E-03  0.0000000E+00
  2.0799350E+02 -1.7745215E-04 -1.9177132E-03  1.6907930E-03 -7.0949254E-03  0.0000000E+00
  2.0799350E+02 -1.7690684E-04 -1.9533587E-03  1.7392493E-03 -6.8197440E-03  0.0000000E+00
  2.0799350E+02 -1.7391945E-04 -1.9501801E-03  1.7313732E-03 -6.5491969E-03  0.0000000E+00
  2.0799350E+02 -1.6420086E-04 -1.8852546E-03  1.6584005E-03 -6.2825603E-03  0.0000000E+00
  2.0799350E+02 -1.4663148E-04 -1.7445189E-03  1.5203215E-03 -6.0193745E-03  0.0000000E+00
  2.0799350E+02 -1.2314810E-04 -1.5275305E-03  1.3263658E-03 -5.7595605E-03  0.0000000E+00
  2.0799350E+02 -9.7611748E-05 -1.2492336E-03  1.0935439E-03 -5.5034689E-03  0.0000000E+00
  2.0799350E+02 -7.4174963E-05 -9.3877558E-04  8.4383942E-04 -5.2518561E-03  0.0000000E+00
  2.0799350E+02 -5.5666805E-05 -6.3542004E-04  6.0064161E-04 -5.0057830E-03  0.0000000E+00
  2.0799350E+02 -4.2513779E-05 -3.8159938E-04  3.8501055E-04 -4.7664307E-03  0.0000000E+00
  2.0799350E+02 -3.2715058E-05 -2.1315324E-04  2.1236582E-04 -4.5348288E-03  0.0000000E+00
  2.0799350E+02 -2.3390245E-05 -1.4679714E-04  9.0190347E-05 -4.3114901E-03  0.0000000E+00
  2.0799350E+02 -1.4417985E-05 -1.6486639E-04  1.7340788E-05 -4.0959481E-03  0.0000000E+00
  2.0799350E+02 -2.7204766E-06 -2.5508567E-04 -1.5876342E-05 -3.8871089E-03  0.0000000E+00
  2.0799350E+02  3.6620441E-06 -3.3759379E-04 -4.2709791E-05 -3.6847686E-03  0.0000000E+00
  2.0799350E+02  5.7340410E-07 -3.5129164E-04 -5.8845843E-05 -3.4873466E-03  0.0000000E+00
  2.0799350E+02 -8.4322780E-07 -3.4477994E-04 -5.3979244E-05 -3.2949690E-03  0.0000000E+00
  2.0799350E+02  1.8984759E-06 -3.4239483E-04 -2.6099101E-05 -3.1082291E-03  0.0000000E+00
  2.0799350E+02  7.2591100E-06 -3.5228699E-04  1.9819149E-05 -2.9278116E-03  0.0000000E+00
  2.0799350E+02  1.2676472E-05 -3.7290311E-04  7.3998937E-05 -2.7542431E-03  0.0000000E+00
  2.0799350E+02  1.6235017E-05 -3.9799930E-04  1.2454986E-04 -2.5877516E-03  0.0000000E+00
  2.0799350E+02  1.7296507E-05 -4.2031570E-04  1.6028205E-04 -2.4282171E-03  0.0000000E+00
  2.0799350E+02  1.6386567E-05 -4.3404191E-04  1.7327248E-04 -2.2751957E-03  0.0000000E+00
  2.0799350E+02  1.4631816E-05 -4.3620254E-04  1.6080825E-04 -2.1279987E-03  0.0000000E+00
  2.0799350E+02  1.3042262E-05 -4.2709237E-04  1.2633175E-04 -1.9858092E-03  0.0000000E+00
  2.0799350E+02  1.1933670E-05 -4.0989060E-04  7.9012556E-05 -1.8478197E-03  0.0000000E+00
  2.0799350E+02 -3.4512272E-02  3.4506396E-02 -3.5822769E-08 -8.6958033E-03  0.0000000E+00
  2.0799350E+02 -2.7551475E-02  4.1567342E-02 -4.8432412E-04 -8.7877795E-03  0.0000000E+00
  2.0799350E+02 -1.4221826E-02  2.3738136E-02 -6.9656257E-04 -8.9885203E-03  0.0000000E+00
  2.0799350E+02 -4.1716445E-03  7.9930119E-03 -8.7679338E-04 -9.3305973E-03  0.0000000E+00
  2.0799350E+02  4.0518480E-03 -3.4343837E-03 -1.5634111E-03 -9.7587292E-03  0.0000000E+00
  2.0799350E+02  1.0652250E-02 -1.0053975E-02 -2.8410994E-03 -1.0203615E-02  0.0000000E+00
  2.0799350E+02  1.6395992E-02 -1.4531789E-02 -3.3848483E-03 -1.0608918E-02  0.0000000E+00
  2.0799350E+02  2.0821040E-02 -1.9024911E-02 -1.6726065E-03 -1.0925265E-02  0.0000000E+00
  2.0799350E+02  2.0613525E-02 -2.1273198E-02  1.2109402E-03 -1.1106166E-02  0.0000000E+00
  2.0799350E+02  1.6399510E-02 -2.1131334E-02  2.3242768E-03 -1.1130144E-02  0.0000000E+00
  2.0799350E+02  1.1132797E-02 -1.9769530E-02  2.4132243E-03 -1.1025151E-02  0.0000000E+00
  2.0799350E+02  6.6283698E-03 -1.7454446E-02  2.3748807E-03 -1.0854879E-02  0.0000000E+00
  2.0799350E+02  3.5257717E-03 -1.4107629E-02  2.0063659E-03 -1.0687750E-02  0.0000000E+00
  2.0799350E+02  1.8224039E-03 -9.5679364E-03  1.0335631E-03 -1.0568926E-02  0.0000000E+00
  2.0799350E+02  1.2474753E-03 -4.4676698E-03  4.5002049E-05 -1.0514741E-02  0.0000000E+00
  2.0799350E+02  8.7374253E-04 -1.0006664E-03 -8.8706799E-04 -1.0539441E-02  0.0000000E+00
  2.0799350E+02  1.5295640E-03  2.3466537E-03 -1.9605213E-03 -1.0644320E-02  0.0000000E+00
  2.0799350E+02  2.0573166E-03  4.5209884E-03 -2.4384434E-03 -1.0828967E-02  0.0000000E+00
  2.0799350E+02  2.0825474E-03  5.7742635E-03 -2.3213535E-03 -1.1081683E-02  0.0000000E+00
  2.0799350E+02  1.9419634E-03  6.7101522E-03 -1.9413457E-03 -1.1384753E-02  0.0000000E+00
  2.0799350E+02  1.8756973E-03  7.6781902E-03 -1.6562407E-03 -1.1719794E-02  0.0000000E+00
  2.0799350E+02  1.8589534E-03  8.6526908E-03 -1.6437274E-03 -1.2068761E-02  0.0000000E+00
  2.0799350E+02  1.7815501E-03  9.3944153E-03 -1.8147705E-03 -1.2412935E-02  0.0000000E+00
  2.0799350E+02  1.6838753E-03  9.6929554E-03 -1.8655545E-03 -1.2732253E-02  0.0000000E+00
  2.0799350E+02  1.7577730E-03  9.4877829E-03 -1.4872409E-03 -1.3007319E-02  0.0000000E+00
  2.0799350E+02  1.8203111E-03  8.6636997E-03 -7.5164824E-04 -1.3226763E-02  0.0000000E+00
  2.0799350E+02  1.7238760E-03  6.8861172E-03 -3.1721717E-05 -1.3384777E-02  0.0000000E+00
  2.0799350E+02  1.5203969E-03  5.5802135E-03  6.3226448E-04 -1.3486545E-02  0.0000000E+00
  2.0799350E+02  1.2631990E-03  4.4689044E-03  1.0481815E-03 -1.3534298E-02  0.0000000E+00
  2.0799350E+02  1.1084668E-03  3.4104403E-03  1.2648439E-03 -1.3533384E-02  0.0000000E+00
  2.0799350E+02  1.0134773E-03  2.4706401E-03  1.3708676E-03 -1.3492321E-02  0.0000000E+00
  2.0799350E+02  9.1411638E-04  1.7327502E-03  1.4432079E-03 -1.3418591E-02  0.0000000E+00
  2.0799350E+02  7.9450955E-04  1.2097176E-03  1.5220345E-03 -1.3317028E-02  0.0000000E+00
  2.0799350E+02  6.8342951E-04  8.3262290E-04  1.6066332E-03 -1.3190004E-02  0.0000000E+00
  2.0799350E+02  6.1214613E-04  4.8901699E-04  1.6670224E-03 -1.3038605E-02  0.0000000E+00
  2.0799350E+02  5.6838214E-04  8.4904851E-05  1.6659757E-03 -1.2864034E-02  0.0000000E+00
  2.0799350E+02  4.8103893E-04 -3.9587910E-04  1.5861383E-03 -1.2668422E-02  0.0000000E+00
  2.0799350E+02  2.7035652E-04 -8.6116015E-04  1.4569271E-03 -1.2454268E-02  0.0000000E+00
  2.0799350E+02 -1.8281311E-06 -1.1350329E-03  1.3759052E-03 -1.2221723E-02  0.0000000E+00
  2.0799350E+02 -1.3633072E-04 -1.3898766E-03  1.3498201E-03 -1.1976342E-02  0.0000000E+00
  2.0799350E+02 -3.4693622E-04 -1.6148519E-03  1.5692220E-03 -1.1722082E-02  0.0000000E+00
  2.0799350E+02 -4.8190471E-04 -1.6200670E-03  1.7736846E-03 -1.1456382E-02  0.0000000E+00
  2.0799350E+02 -5.3933298E-04 -1.4982351E-03  1.7896324E-03 -1.1185161E-02  0.0000000E+00
  2.0799350E+02 -5.6273204E-04 -1.3073971E-03  1.6624148E-03 -1.0912368E-02  0.0000000E+00
  2.0799350E+02 -5.9041444E-04 -1.0910916E-03  1.5015741E-03 -1.0640430E-02  0.0000000E+00
  2.0799350E+02 -6.3450788E-04 -8.8459114E-04  1.3930242E-03 -1.0370622E-02  0.0000000E+00
  2.0799350E+02 -6.8143067E-04 -7.1238165E-04  1.3639083E-03 -1.0103379E-02  0.0000000E+00
  2.0799350E+02 -7.0566481E-04 -5.8206116E-04  1.3859053E-03 -9.8385816E-03  0.0000000E+00
  2.0799350E+02 -6.8866248E-04 -4.7983543E-04  1.4027507E-03 -9.5758091E-03  0.0000000E+00
  2.0799350E+02 -6.3472141E-04 -3.7278655E-04  1.3677434E-03 -9.3145946E-03  0.0000000E+00
  2.0799350E+02 -5.7566510E-04 -2.2309144E-04  1.2770052E-03 -9.0546932E-03  0.0000000E+00
  2.0799350E+02 -5.5616342E-04 -1.9366988E-05  1.1842614E-03 -8.7963796E-03  0.0000000E+00
  2.0799350E+02 -5.9152930E-04  1.6968151E-04  1.1829118E-03 -8.5407945E-03  0.0000000E+00
  2.0799350E+02 -5.8982735E-04  1.1413192E-04  1.3411600E-03 -8.2903543E-03  0.0000000E+00
  2.0799350E+02 -5.2053997E-04 -2.6712589E-04  1.4513467E-03 -8.0437700E-03  0.0000000E+00
  2.0799350E+02 -4.1197136E-04 -2.4500444E-04  1.3345463E-03 -7.8014122E-03  0.0000000E+00
  2.0799350E+02 -2.9880322E-04 -1.0681387E-04  1.2061636E-03 -7.5642935E-03  0.0000000E+00
  2.0799350E+02 -2.6321576E-04 -8.3582512E-06  1.1237159E-03 -7.3297741E-03  0.0000000E+00
  2.0799350E+02 -2.9437845E-04  5.7176297E-06  1.0868006E-03 -7.0962318E-03  0.0000000E+00
  2.0799350E+02 -3.5055549E-04 -4.7790686E-05  1.0708753E-03 -6.8629400E-03  0.0000000E+00
  2.0799350E+02 -3.9514153E-04 -1.2728873E-04  1.0487152E-03 -6.6299404E-03  0.0000000E+00
  2.0799350E+02 -4.1211105E-04 -1.9143272E-04  1.0018495E-03 -6.3979047E-03  0.0000000E+00
  2.0799350E+02 -4.0636483E-04 -2.1407324E-04  9.2427731E-04 -6.1679819E-03  0.0000000E+00
  2.0799350E+02 -3.9445698E-04 -1.9057861E-04  8.2076659E-04 -5.9416237E-03  0.0000000E+00
  2.0799350E+02 -3.9118585E-04 -1.3702397E-04  7.0203573E-04 -5.7203864E-03  0.0000000E+00
  2.0799350E+02 -3.9754374E-04 -8.3660959E-05  5.7891206E-04 -5.5053417E-03  0.0000000E+00
  2.0799350E+02 -3.9540196E-04 -6.4661716E-05  4.5902599E-04 -5.2982647E-03  0.0000000E+00
  2.0799350E+02 -3.5472870E-04 -1.0416888E-04  3.4518141E-04 -5.0991324E-03  0.0000000E+00
  2.0799350E+02 -2.5846426E-04 -2.0223541E-04  2.4194863E-04 -4.9072515E-03  0.0000000E+00
  2.0799350E+02 -1.5073267E-04 -3.2052922E-04  1.6959343E-04 -4.7204885E-03  0.0000000E+00
  2.0799350E+02 -1.2357420E-04 -4.2882095E-04  1.8420530E-04 -4.5377414E-03  0.0000000E+00
  2.0799350E+02 -9.8086494E-05 -6.3086317E-04  3.0843315E-04 -4.3621889E-03  0.0000000E+00
  2.0799350E+02 -1.4930903E-04 -8.5128615E-04  5.0864441E-04 -4.1883444E-03  0.0000000E+00
  2.0799350E+02 -2.0742505E-04 -1.0996306E-03  7.5005856E-04 -4.0170930E-03  0.0000000E+00
  2.0799350E+02 -2.4610649E-04 -1.3613233E-03  1.0023328E-03 -3.8486424E-03  0.0000000E+00
  2.0799350E+02 -2.6241360E-04 -1.6125783E-03  1.2400510E-03 -3.6828160E-03  0.0000000E+00
  2.0799350E+02 -2.6302398E-04 -1.8296063E-03  1.4427883E-03 -3.5192525E-03  0.0000000E+00
  2.0799350E+02 -2.5575923E-04 -1.9933160E-03  1.5948981E-03 -3.3575318E-03  0.0000000E+00
  2.0799350E+02 -2.4537727E-04 -2.0906900E-03  1.6851639E-03 -3.1972457E-03  0.0000000E+00
  2.0799350E+02 -2.3259847E-04 -2.1140175E-03  1.7064636E-03 -3.0380339E-03  0.0000000E+00
  2.0799350E+02 -2.1533374E-04 -2.0591682E-03  1.6555891E-03 -2.8796020E-03  0.0000000E+00
  2.0799350E+02 -1.9108269E-04 -1.9240875E-03  1.5333687E-03 -2.7217431E-03  0.0000000E+00
  2.0799350E+02 -1.5947000E-04 -1.7086993E-03  1.3452339E-03 -2.5643804E-03  0.0000000E+00
  2.0799350E+02 -1.2388815E-04 -1.4173955E-03  1.1023796E-03 -2.4076508E-03  0.0000000E+00
  2.0799350E+02 -9.1214590E-05 -1.0652987E-03  8.2365953E-04 -2.2520482E-03  0.0000000E+00
  2.0799350E+02 -6.8571474E-05 -6.8947732E-04  5.3836351E-04 -2.0986459E-03  0.0000000E+00
  2.0799350E+02 -5.6096185E-05 -3.6629948E-04  2.9002142E-04 -1.9494163E-03  0.0000000E+00
  2.0799350E+02 -3.7865602E-05 -1.9666144E-04  1.3517400E-04 -1.8058295E-03  0.0000000E+00
  2.0799350E+02 -2.7563135E-05 -1.2274044E-04  5.2813103E-05 -1.6683121E-03  0.0000000E+00
  2.0799350E+02 -2.4390051E-05 -1.2023893E-04 -3.2537677E-06 -1.5371555E-03  0.0000000E+00
  2.0799350E+02 -2.1433690E-05 -1.5882641E-04 -4.7254199E-05 -1.4104626E-03  0.0000000E+00
  2.0799350E+02 -1.6749254E-05 -2.1466257E-04 -7.7707427E-05 -1.2873852E-03  0.0000000E+00
  2.0799350E+02 -1.1018152E-05 -2.7118000E-04 -8.7507739E-05 -1.1677776E-03  0.0000000E+00
  2.0799350E+02 -5.8601473E-06 -3.1880352E-04 -7.0672616E-05 -1.0519052E-03  0.0000000E+00
  2.0799350E+02 -2.7191064E-06 -3.5387404E-04 -2.6209935E-05 -9.4020503E-04  0.0000000E+00
  2.0799350E+02 -2.2420931E-06 -3.7704454E-04  4.0441456E-05 -8.3309960E-04  0.0000000E+00
  2.0799350E+02 -4.0716007E-06 -3.9141625E-04  1.1794344E-04 -7.3086073E-04  0.0000000E+00
  2.0799350E+02 -6.9706863E-06 -4.0068252E-04  1.9110832E-04 -6.3352377E-04  0.0000000E+00
  2.0799350E+02 -9.2007822E-06 -4.0754847E-04  2.4401214E-04 -5.4085048E-04  0.0000000E+00
  2.0799350E+02 -9.0719576E-06 -4.1269395E-04  2.6371732E-04 -4.5233978E-04  0.0000000E+00
  2.0799350E+02 -4.4854656E-02  4.4834462E-02 -1.5263958E-10 -9.9522719E-04  0.0000000E+00
  2.0799350E+02 -4.0641314E-02  7.4076424E-02 -4.2741570E-04 -1.0947418E-03  0.0000000E+00
  2.0799350E+02 -2.0222939E-02  4.5409744E-02 -1.5262634E-03 -1.6092841E-03  0.0000000E+00
  2.0799350E+02 -5.6832177E-04  1.3252194E-02 -3.4082363E-03 -2.5291327E-03  0.0000000E+00
  2.0799350E+02  1.4669077E-02 -1.1332561E-02 -4.9532737E-03 -3.6061228E-03  0.0000000E+00
  2.0799350E+02  2.2151284E-02 -2.5862790E-02 -4.7240117E-03 -4.6377050E-03  0.0000000E+00
  2.0799350E+02  2.1499111E-02 -3.0316622E-02 -2.9034588E-03 -5.5177603E-03  0.0000000E+00
  2.0799350E+02  1.6497639E-02 -2.8027397E-02 -2.8975889E-04 -6.1929936E-03  0.0000000E+00
  2.0799350E+02  9.7971966E-03 -2.1772217E-02  1.0327122E-03 -6.6228199E-03  0.0000000E+00
  2.0799350E+02  3.1359631E-03 -1.7174220E-02  2.6813775E-03 -6.7888258E-03  0.0000000E+00
  2.0799350E+02 -2.4526749E-03 -1.5580186E-02  4.8965729E-03 -6.6986078E-03  0.0000000E+00
  2.0799350E+02 -6.2664711E-03 -1.5817040E-02  5.6701578E-03 -6.3821244E-03  0.0000000E+00
  2.0799350E+02 -8.2671752E-03 -1.6421367E-02  3.7623952E-03 -5.8860632E-03  0.0000000E+00
  2.0799350E+02 -9.2202082E-03 -1.6398327E-02  8.4210464E-04 -5.2663279E-03  0.0000000E+00
  2.0799350E+02 -9.6278465E-03 -1.5306404E-02  2.2236021E-04 -4.5770753E-03  0.0000000E+00
  2.0799350E+02 -9.4908731E-03 -1.2966678E-02  6.4025946E-04 -3.8557908E-03  0.0000000E+00
  2.0799350E+02 -9.4025878E-03 -6.4835211E-03 -2.4212212E-04 -3.1381661E-03  0.0000000E+00
  2.0799350E+02 -8.8023472E-03  8.9999678E-05 -1.9135453E-03 -2.4387390E-03  0.0000000E+00
  2.0799350E+02 -8.3199878E-03  4.2901042E-03 -3.0954226E-03 -1.7893467E-03  0.0000000E+00
  2.0799350E+02 -7.6102061E-03  6.0249220E-03 -3.0858651E-03 -1.2224378E-03  0.0000000E+00
  2.0799350E+02 -6.5151682E-03  6.2054401E-03 -2.2200561E-03 -7.5807471E-04  0.0000000E+00
  2.0799350E+02 -5.2839018E-03  5.8910713E-03 -1.4517686E-03 -3.9969610E-04  0.0000000E+00
  2.0799350E+02 -4.2867756E-03  5.8365102E-03 -1.5799598E-03 -1.4433094E-04  0.0000000E+00
  2.0799350E+02 -3.5939408E-03  6.3235092E-03 -2.5775292E-03  1.4307550E-05  0.0000000E+00
  2.0799350E+02 -2.8527112E-03  7.1608034E-03 -3.5417927E-03  8.3828123E-05  0.0000000E+00
  2.0799350E+02 -1.8639091E-03  7.7422885E-03 -3.7540543E-03  8.3392363E-05  0.0000000E+00
  2.0799350E+02 -1.2099013E-03  7.9028832E-03 -3.6720053E-03  3.4811686E-05  0.0000000E+00
  2.0799350E+02 -5.3461556E-04  8.4062252E-03 -3.6945061E-03 -4.1141448E-05  0.0000000E+00
  2.0799350E+02 -8.7433342E-05  8.5214149E-03 -3.4684029E-03 -1.3088182E-04  0.0000000E+00
  2.0799350E+02  1.2435765E-04  8.0519317E-03 -2.8162494E-03 -2.2471478E-04  0.0000000E+00
  2.0799350E+02  1.8438522E-04  7.0928102E-03 -1.8858940E-03 -3.1108129E-04  0.0000000E+00
  2.0799350E+02  1.7117283E-04  5.8326135E-03 -8.8871779E-04 -3.8187705E-04  0.0000000E+00
  2.0799350E+02  1.2457998E-04  4.4596709E-03  1.9134932E-05 -4.3332169E-04  0.0000000E+00
  2.0799350E+02  5.4223974E-05  3.1164800E-03  7.7763410E-04 -4.6618212E-04  0.0000000E+00
  2.0799350E+02 -3.3445004E-05  1.9030207E-03  1.3943690E-03 -4.8395266E-04  0.0000000E+00
  2.0799350E+02 -1.1031831E-04  8.9953045E-04  1.8871640E-03 -4.9076419E-04  0.0000000E+00
  2.0799350E+02 -1.2681703E-04  1.7815583E-04  2.2333088E-03 -4.8976809E-04  0.0000000E+00
  2.0799350E+02 -5.6845605E-05 -1.9461161E-04  2.3456530E-03 -4.8273520E-04  0.0000000E+00
  2.0799350E+02 -1.2375828E-05 -2.2124366E-04  2.1243798E-03 -4.7193449E-04  0.0000000E+00
  2.0799350E+02 -1.4673475E-04 -3.3177040E-05  1.7072265E-03 -4.5687014E-04  0.0000000E+00
  2.0799350E+02 -2.3075543E-04 -2.7938760E-05  1.4993203E-03 -4.3629515E-04  0.0000000E+00
  2.0799350E+02 -4.0029134E-04 -2.1144861E-04  1.3973959E-03 -4.1058650E-04  0.0000000E+00
  2.0799350E+02 -6.2614907E-04 -4.6986202E-04  1.3634702E-03 -3.7648396E-04  0.0000000E+00
  2.0799350E+02 -8.4511319E-04 -7.2699977E-04  1.3974448E-03 -3.3337572E-04  0.0000000E+00
  2.0799350E+02 -1.0024531E-03 -9.3871720E-04  1.5011536E-03 -2.8283956E-04  0.0000000E+00
  2.0799350E+02 -1.0721493E-03 -1.0843154E-03  1.6603550E-03 -2.2798166E-04  0.0000000E+00
  2.0799350E+02 -1.0603956E-03 -1.1581661E-03  1.8426808E-03 -1.7217042E-04  0.0000000E+00
  2.0799350E+02 -9.9636883E-04 -1.1599043E-03  2.0029431E-03 -1.1868981E-04  0.0000000E+00
  2.0799350E+02 -9.1779386E-04 -1.0897725E-03  2.0971127E-03 -6.9580720E-05  0.0000000E+00
  2.0799350E+02 -8.5443855E-04 -9.4685087E-04  2.0967922E-03 -2.5172375E-05  0.0000000E+00
  2.0799350E+02 -8.1587642E-04 -7.3399608E-04  2.0016188E-03  1.6046019E-05  0.0000000E+00
  2.0799350E+02 -7.8830904E-04 -4.6850450E-04  1.8438344E-03  5.7402776E-05  0.0000000E+00
  2.0799350E+02 -7.4647332E-04 -2.0589692E-04  1.6837227E-03  1.0274051E-04  0.0000000E+00
  2.0799350E+02 -6.8473860E-04 -7.1350533E-05  1.5882452E-03  1.5505644E-04  0.0000000E+00
  2.0799350E+02 -6.5864111E-04 -1.6874940E-04  1.5624646E-03  2.1080015E-04  0.0000000E+00
  2.0799350E+02 -6.8973760E-04 -2.5680508E-04  1.7158793E-03  2.6484638E-04  0.0000000E+00
  2.0799350E+02 -7.3845540E-04 -2.9389044E-04  1.8200335E-03  3.1700446E-04  0.0000000E+00
  2.0799350E+02 -7.7374108E-04 -2.8154425E-04  1.7697596E-03  3.6618345E-04  0.0000000E+00
  2.0799350E+02 -7.7909025E-04 -2.4584914E-04  1.6038917E-03  4.1243664E-04  0.0000000E+00
  2.0799350E+02 -7.5120935E-04 -2.1725437E-04  1.4065147E-03  4.5630138E-04  0.0000000E+00
  2.0799350E+02 -6.9718877E-04 -2.1771341E-04  1.2483449E-03  4.9835221E-04  0.0000000E+00
  2.0799350E+02 -6.3014383E-04 -2.5417911E-04  1.1589961E-03  5.3925699E-04  0.0000000E+00
  2.0799350E+02 -5.6542256E-04 -3.1738341E-04  1.1261326E-03  5.7925769E-04  0.0000000E+00
  2.0799350E+02 -5.1606516E-04 -3.8494886E-04  1.1082766E-03  6.1843838E-04  0.0000000E+00
  2.0799350E+02 -4.8943105E-04 -4.2811591E-04  1.0579660E-03  6.5669061E-04  0.0000000E+00
  2.0799350E+02 -4.8509865E-04 -4.2110026E-04  9.4590716E-04  6.9370544E-04  0.0000000E+00
  2.0799350E+02 -4.9473466E-04 -3.5191466E-04  7.7730899E-04  7.2925130E-04  0.0000000E+00
  2.0799350E+02 -5.0449811E-04 -2.3412909E-04  5.9583043E-04  7.6278121E-04  0.0000000E+00
  2.0799350E+02 -5.0049128E-04 -1.1853257E-04  4.6363574E-04  7.9357035E-04  0.0000000E+00
  2.0799350E+02 -4.7801259E-04 -1.0361077E-04  4.1228063E-04  8.2041632E-04  0.0000000E+00
  2.0799350E+02 -4.6584557E-04 -2.8188578E-04  3.5539650E-04  8.4301544E-04  0.0000000E+00
  2.0799350E+02 -4.4024496E-04 -3.7958762E-04  2.5339760E-04  8.6496533E-04  0.0000000E+00
  2.0799350E+02 -3.6503992E-04 -4.5726001E-04  1.8762998E-04  8.8428275E-04  0.0000000E+00
  2.0799350E+02 -2.7652586E-04 -5.5617749E-04  1.8255952E-04  9.0223225E-04  0.0000000E+00
  2.0799350E+02 -2.0219742E-04 -6.8939432E-04  2.4977380E-04  9.1948770E-04  0.0000000E+00
  2.0799350E+02 -1.5778386E-04 -8.5639306E-04  3.8881302E-04  9.3642965E-04  0.0000000E+00
  2.0799350E+02 -1.4692598E-04 -1.0525268E-03  5.8965388E-04  9.5347248E-04  0.0000000E+00
  2.0799350E+02 -1.6371478E-04 -1.2705174E-03  8.3304221E-04  9.7101643E-04  0.0000000E+00
  2.0799350E+02 -1.9584340E-04 -1.5012168E-03  1.0934113E-03  9.8960332E-04  0.0000000E+00
  2.0799350E+02 -2.2891223E-04 -1.7311621E-03  1.3411833E-03  1.0098697E-03  0.0000000E+00
  2.0799350E+02 -2.5055043E-04 -1.9397707E-03  1.5453524E-03  1.0324431E-03  0.0000000E+00
  2.0799350E+02 -2.5387236E-04 -2.0995274E-03  1.6780648E-03  1.0580046E-03  0.0000000E+00
  2.0799350E+02 -2.3902754E-04 -2.1755384E-03  1.7162303E-03  1.0869598E-03  0.0000000E+00
  2.0799350E+02 -2.1287475E-04 -2.1332105E-03  1.6472059E-03  1.1194838E-03  0.0000000E+00
  2.0799350E+02 -1.8538045E-04 -1.9501823E-03  1.4730885E-03  1.1554057E-03  0.0000000E+00
  2.0799350E+02 -1.6231339E-04 -1.6369231E-03  1.2163747E-03  1.1940994E-03  0.0000000E+00
  2.0799350E+02 -1.3325243E-04 -1.2635993E-03  9.2378173E-04  1.2347564E-03  0.0000000E+00
  2.0799350E+02 -9.9838556E-05 -9.2181573E-04  6.2418910E-04  1.2764835E-03  0.0000000E+00
  2.0799350E+02 -8.1423919E-05 -5.9351138E-04  3.4610415E-04  1.3182771E-03  0.0000000E+00
  2.0799350E+02 -4.9647991E-05 -3.6618060E-04  1.5778919E-04  1.3577616E-03  0.0000000E+00
  2.0799350E+02 -2.4760311E-05 -2.2653548E-04  3.6653927E-05  1.3940834E-03  0.0000000E+00
  2.0799350E+02 -1.1103249E-05 -1.5431407E-04 -3.6261290E-05  1.4273357E-03  0.0000000E+00
  2.0799350E+02 -5.8074427E-06 -1.3016794E-04 -7.4443754E-05  1.4577906E-03  0.0000000E+00
  2.0799350E+02 -4.0864636E-06 -1.3798897E-04 -8.7082694E-05  1.4858683E-03  0.0000000E+00
  2.0799350E+02 -2.3515244E-06 -1.6614683E-04 -7.9807738E-05  1.5119026E-03  0.0000000E+00
  2.0799350E+02  6.2282495E-07 -2.0667053E-04 -5.6143912E-05  1.5360227E-03  0.0000000E+00
  2.0799350E+02  3.9421392E-06 -2.5386671E-04 -1.8860911E-05  1.5583039E-03  0.0000000E+00
  2.0799350E+02  5.6324175E-06 -3.0205032E-04  2.8397843E-05  1.5785755E-03  0.0000000E+00
  2.0799350E+02  4.0609760E-06 -3.4452666E-04  8.0293178E-05  1.5966720E-03  0.0000000E+00
  2.0799350E+02 -8.5876680E-07 -3.7357515E-04  1.2951566E-04  1.6124989E-03  0.0000000E+00
  2.0799350E+02  1.1301456E-15 -2.7160197E-05  1.9770301E-30  2.2010689E-02  0.0000000E+00
  2.0799350E+02 -7.7483377E-03  7.6457980E-02  1.6246504E-03  2.1836769E-02  0.0000000E+00
  2.0799350E+02 -1.4362009E-02  5.5842912E-02  4.8094938E-03  2.0663853E-02  0.0000000E+00
  2.0799350E+02 -1.5930702E-02  1.8195583E-02  6.3510482E-03  1.8657536E-02  0.0000000E+00
  2.0799350E+02 -1.5601038E-02 -7.5246464E-03  5.0215680E-03  1.6431023E-02  0.0000000E+00
  2.0799350E+02 -1.6581602E-02 -1.9755393E-02  2.4499932E-03  1.4401242E-02  0.0000000E+00
  2.0799350E+02 -1.9295042E-02 -2.3128062E-02  1.8536460E-04  1.2740678E-02  0.0000000E+00
  2.0799350E+02 -2.3194621E-02 -2.0303036E-02 -9.3541733E-04  1.1466940E-02  0.0000000E+00
  2.0799350E+02 -2.8595496E-02 -1.1124390E-02 -3.9085365E-03  1.0559081E-02  0.0000000E+00
  2.0799350E+02 -3.4242686E-02 -1.6424251E-03 -6.0275439E-03  9.9794964E-03  0.0000000E+00
  2.0799350E+02 -3.9388979E-02  3.6429910E-03 -6.3235822E-03  9.7034532E-03  0.0000000E+00
  2.0799350E+02 -4.3002767E-02  3.3642547E-03 -5.7176021E-03  9.7123764E-03  0.0000000E+00
  2.0799350E+02 -4.3992312E-02 -2.0210552E-03 -4.8738436E-03  9.9787058E-03  0.0000000E+00
  2.0799350E+02 -4.2096896E-02 -1.0054926E-02 -3.7463981E-03  1.0466047E-02  0.0000000E+00
  2.0799350E+02 -3.8488804E-02 -1.6425053E-02 -2.1417906E-03  1.1131888E-02  0.0000000E+00
  2.0799350E+02 -3.5387552E-02 -1.7708775E-02 -2.9883334E-04  1.1931641E-02  0.0000000E+00
  2.0799350E+02 -3.4995413E-02 -1.5126498E-02  8.4160858E-04  1.2817379E-02  0.0000000E+00
  2.0799350E+02 -3.4598212E-02 -1.2212606E-02  1.9500035E-03  1.3732878E-02  0.0000000E+00
  2.0799350E+02 -3.2968115E-02 -1.0047077E-02  2.7623246E-03  1.4627067E-02  0.0000000E+00
  2.0799350E+02 -3.0241805E-02 -8.2536229E-03  2.6621583E-03  1.5453131E-02  0.0000000E+00
  2.0799350E+02 -2.6914896E-02 -6.4318045E-03  1.6267024E-03  1.6174756E-02  0.0000000E+00
  2.0799350E+02 -2.3369495E-02 -4.5723926E-03  2.5648505E-04  1.6767892E-02  0.0000000E+00
  2.0799350E+02 -1.9781329E-02 -2.8569023E-03 -7.0377306E-04  1.7219703E-02  0.0000000E+00
  2.0799350E+02 -1.6253119E-02 -1.2424009E-03 -9.4598730E-04  1.7526265E-02  0.0000000E+00
  2.0799350E+02 -1.3020837E-02  7.6730661E-04 -8.7406195E-04  1.7690554E-02  0.0000000E+00
  2.0799350E+02 -1.0576513E-02  3.7687531E-03 -1.1674355E-03  1.7722208E-02  0.0000000E+00
  2.0799350E+02 -8.7969400E-03  5.6017642E-03 -1.8181410E-03  1.7638483E-02  0.0000000E+00
  2.0799350E+02 -7.1146548E-03  6.1016624E-03 -2.1115352E-03  1.7462783E-02  0.0000000E+00
  2.0799350E+02 -6.0523468E-03  6.1724480E-03 -2.3579510E-03  1.7213359E-02  0.0000000E+00
  2.0799350E+02 -5.5160264E-03  5.9641083E-03 -2.4706263E-03  1.6910376E-02  0.0000000E+00
  2.0799350E+02 -5.2319775E-03  5.6451354E-03 -2.2125943E-03  1.6572402E-02  0.0000000E+00
  2.0799350E+02 -4.9608960E-03  5.2999994E-03 -1.5196718E-03  1.6213603E-02  0.0000000E+00
  2.0799350E+02 -4.5885796E-03  4.9126506E-03 -5.6435280E-04  1.5843277E-02  0.0000000E+00
  2.0799350E+02 -4.1272364E-03  4.4058015E-03  3.4702708E-04  1.5466935E-02  0.0000000E+00
  2.0799350E+02 -3.6614792E-03  3.7057334E-03  9.5148785E-04  1.5088143E-02  0.0000000E+00
  2.0799350E+02 -3.2730729E-03  2.8023769E-03  1.1885991E-03  1.4710339E-02  0.0000000E+00
  2.0799350E+02 -2.9785035E-03  1.7744137E-03  1.2493040E-03  1.4337846E-02  0.0000000E+00
  2.0799350E+02 -2.7134349E-03  7.4914750E-04  1.4220074E-03  1.3975283E-02  0.0000000E+00
  2.0799350E+02 -2.3981222E-03 -2.3310860E-04  1.6435620E-03  1.3624594E-02  0.0000000E+00
  2.0799350E+02 -2.1356893E-03 -8.9197140E-04  1.3946675E-03  1.3280405E-02  0.0000000E+00
  2.0799350E+02 -1.9696605E-03 -5.9904689E-04  1.0414144E-03  1.2938821E-02  0.0000000E+00
  2.0799350E+02 -1.8439974E-03 -1.5653258E-04  7.0673292E-04  1.2600811E-02  0.0000000E+00
  2.0799350E+02 -1.7681145E-03  1.0377097E-04  5.5109949E-04  1.2268220E-02  0.0000000E+00
  2.0799350E+02 -1.7459690E-03  9.2713187E-05  5.8891481E-04  1.1944467E-02  0.0000000E+00
  2.0799350E+02 -1.7668452E-03 -1.3758222E-04  7.6649615E-04  1.1630430E-02  0.0000000E+00
  2.0799350E+02 -1.8066094E-03 -4.7464913E-04  1.0148194E-03  1.1326405E-02  0.0000000E+00
  2.0799350E+02 -1.8342953E-03 -8.0060763E-04  1.2774381E-03  1.1031740E-02  0.0000000E+00
  2.0799350E+02 -1.8219674E-03 -1.0272924E-03  1.5211438E-03  1.0745289E-02  0.0000000E+00
  2.0799350E+02 -1.7547019E-03 -1.1134800E-03  1.7341882E-03  1.0465976E-02  0.0000000E+00
  2.0799350E+02 -1.6376963E-03 -1.0667440E-03  1.9173100E-03  1.0193312E-02  0.0000000E+00
  2.0799350E+02 -1.4975144E-03 -9.3246832E-04  2.0728112E-03  9.9277052E-03  0.0000000E+00
  2.0799350E+02 -1.3744776E-03 -7.7254839E-04  2.1969249E-03  9.6704060E-03  0.0000000E+00
  2.0799350E+02 -1.3032111E-03 -6.3630854E-04  2.2807191E-03  9.4229244E-03  0.0000000E+00
  2.0799350E+02 -1.2783543E-03 -5.2616690E-04  2.3247797E-03  9.1857691E-03  0.0000000E+00
  2.0799350E+02 -1.2296497E-03 -5.5704934E-04  2.4027374E-03  8.9583364E-03  0.0000000E+00
  2.0799350E+02 -1.1307277E-03 -7.0904237E-04  2.4067492E-03  8.7436762E-03  0.0000000E+00
  2.0799350E+02 -1.0203523E-03 -7.8092301E-04  2.2946713E-03  8.5402240E-03  0.0000000E+00
  2.0799350E+02 -9.3360253E-04 -7.5511114E-04  2.0976309E-03  8.3454775E-03  0.0000000E+00
  2.0799350E+02 -8.8664145E-04 -6.4790100E-04  1.8449753E-03  8.1567170E-03  0.0000000E+00
  2.0799350E+02 -8.7879383E-04 -4.9846053E-04  1.5684538E-03  7.9727036E-03  0.0000000E+00
  2.0799350E+02 -8.9635895E-04 -3.5381363E-04  1.2984334E-03  7.7919992E-03  0.0000000E+00
  2.0799350E+02 -9.1875870E-04 -2.5564338E-04  1.0620350E-03  7.6141789E-03  0.0000000E+00
  2.0799350E+02 -9.2473805E-04 -2.2836564E-04  8.7831610E-04  7.4393273E-03  0.0000000E+00
  2.0799350E+02 -8.9830332E-04 -2.7133182E-04  7.5422731E-04  7.2677660E-03  0.0000000E+00
  2.0799350E+02 -8.3335617E-04 -3.5703780E-04  6.8230463E-04  7.0997630E-03  0.0000000E+00
  2.0799350E+02 -7.3609300E-04 -4.3733415E-04  6.4143538E-04  6.9352909E-03  0.0000000E+00
  2.0799350E+02 -6.2423998E-04 -4.5963281E-04  6.0203806E-04  6.7739007E-03  0.0000000E+00
  2.0799350E+02 -5.2219337E-04 -3.9510511E-04  5.3699491E-04  6.6147772E-03  0.0000000E+00
  2.0799350E+02 -4.5113528E-04 -2.8086655E-04  4.3967669E-04  6.4570431E-03  0.0000000E+00
  2.0799350E+02 -4.1319469E-04 -2.7814317E-04  3.5039888E-04  6.3003774E-03  0.0000000E+00
  2.0799350E+02 -3.7873692E-04 -4.5947935E-04  3.6399840E-04  6.1454114E-03  0.0000000E+00
  2.0799350E+02 -3.6040517E-04 -4.1778534E-04  4.1614101E-04  5.9921155E-03  0.0000000E+00
  2.0799350E+02 -3.5104791E-04 -5.7440226E-04  4.7752331E-04  5.8421575E-03  0.0000000E+00
  2.0799350E+02 -3.4154431E-04 -7.6032152E-04  5.2647014E-04  5.6959074E-03  0.0000000E+00
  2.0799350E+02 -3.2427134E-04 -8.9962950E-04  5.5863500E-04  5.5535577E-03  0.0000000E+00
  2.0799350E+02 -2.9549104E-04 -9.7936435E-04  5.8258312E-04  5.4150400E-03  0.0000000E+00
  2.0799350E+02 -2.5627597E-04 -1.0228925E-03  6.1422545E-04  5.2810228E-03  0.0000000E+00
  2.0799350E+02 -2.1160168E-04 -1.0686833E-03  6.7120507E-04  5.1515883E-03  0.0000000E+00
  2.0799350E+02 -1.6896559E-04 -1.1523602E-03  7.6717378E-04  5.0271618E-03  0.0000000E+00
  2.0799350E+02 -1.3627487E-04 -1.2944095E-03  9.0708419E-04  4.9082583E-03  0.0000000E+00
  2.0799350E+02 -1.1964801E-04 -1.4928699E-03  1.0838642E-03  4.7954360E-03  0.0000000E+00
  2.0799350E+02 -1.2149464E-04 -1.7214664E-03  1.2771157E-03  4.6892316E-03  0.0000000E+00
  2.0799350E+02 -1.3927550E-04 -1.9334765E-03  1.4544369E-03  4.5900834E-03  0.0000000E+00
  2.0799350E+02 -1.6534458E-04 -2.0716152E-03  1.5759667E-03  4.4982495E-03  0.0000000E+00
  2.0799350E+02 -1.8827554E-04 -2.0842264E-03  1.6027506E-03  4.4137267E-03  0.0000000E+00
  2.0799350E+02 -1.9607439E-04 -1.9480673E-03  1.5095280E-03  4.3361774E-03  0.0000000E+00
  2.0799350E+02 -1.8168038E-04 -1.6979731E-03  1.3025381E-03  4.2648692E-03  0.0000000E+00
  2.0799350E+02 -1.5260430E-04 -1.4057059E-03  1.0290102E-03  4.1993047E-03  0.0000000E+00
  2.0799350E+02 -1.2720926E-04 -1.0673397E-03  7.3407544E-04  4.1388229E-03  0.0000000E+00
  2.0799350E+02 -1.0338776E-04 -7.6802946E-04  4.5561256E-04  4.0809866E-03  0.0000000E+00
  2.0799350E+02 -8.0125058E-05 -5.2390444E-04  2.1502309E-04  4.0246870E-03  0.0000000E+00
  2.0799350E+02 -5.7963294E-05 -3.3899902E-04  2.8576922E-05  3.9690826E-03  0.0000000E+00
  2.0799350E+02 -3.8070290E-05 -2.1147177E-04 -9.4461279E-05  3.9138723E-03  0.0000000E+00
  2.0799350E+02 -2.1362118E-05 -1.3506396E-04 -1.5455922E-04  3.8586699E-03  0.0000000E+00
  2.0799350E+02 -8.3370853E-06 -1.0225858E-04 -1.5975751E-04  3.8033089E-03  0.0000000E+00
  2.0799350E+02  1.0208372E-06 -1.0472700E-04 -1.2400108E-04  3.7477034E-03  0.0000000E+00
  2.0799350E+02  7.1256744E-06 -1.3348121E-04 -6.4372128E-05  3.6918176E-03  0.0000000E+00
  2.0799350E+02  1.0579681E-05 -1.7877039E-04  1.9540302E-06  3.6356507E-03  0.0000000E+00
  2.0799350E+02  1.1951907E-05 -2.3011457E-04  6.0563894E-05  3.5792384E-03  0.0000000E+00
  2.0799350E+02  1.1626847E-05 -2.7686777E-04  1.0200559E-04  3.5226710E-03  0.0000000E+00
  2.0799350E+02  8.5584103E-02 -8.5654279E-02  7.1040196E-10  6.8359326E-02  0.0000000E+00
  2.0799350E+02  7.1845240E-02  7.4614798E-02  8.0604194E-06  6.8360055E-02  0.0000000E+00
  2.0799350E+02  4.1985313E-03  1.0486826E-01 -3.1467605E-03  6.6935747E-02  0.0000000E+00
  2.0799350E+02 -3.4515050E-02  7.5362615E-02 -5.2875027E-03  6.4139371E-02  0.0000000E+00
  2.0799350E+02 -4.6762234E-02  3.7653181E-02 -3.7757039E-03  6.0758944E-02  0.0000000E+00
  2.0799350E+02 -4.8033919E-02  1.3543057E-02 -2.8589342E-03  5.7364607E-02  0.0000000E+00
  2.0799350E+02 -4.6338368E-02  3.3743747E-03 -5.0375625E-03  5.4251269E-02  0.0000000E+00
  2.0799350E+02 -4.5757414E-02 -7.0121930E-04 -7.2096977E-03  5.1549900E-02  0.0000000E+00
  2.0799350E+02 -4.7460294E-02 -5.1947665E-03 -6.8107525E-03  4.9298094E-02  0.0000000E+00
  2.0799350E+02 -4.8447754E-02 -1.1903071E-02 -2.7830782E-03  4.7468080E-02  0.0000000E+00
  2.0799350E+02 -4.9680120E-02 -1.7209406E-02 -8.6441993E-04  4.6030136E-02  0.0000000E+00
  2.0799350E+02 -5.1012273E-02 -1.8021692E-02 -2.9966730E-03  4.4921514E-02  0.0000000E+00
  2.0799350E+02 -5.1080652E-02 -1.5631654E-02 -5.5754825E-03  4.4061087E-02  0.0000000E+00
  2.0799350E+02 -5.0203618E-02 -1.5127210E-02 -4.4588789E-03  4.3395359E-02  0.0000000E+00
  2.0799350E+02 -5.0437084E-02 -1.9101796E-02 -1.4568152E-06  4.2909843E-02  0.0000000E+00
  2.0799350E+02 -5.0015485E-02 -2.2086375E-02  4.3185291E-03  4.2573351E-02  0.0000000E+00
  2.0799350E+02 -4.8363827E-02 -2.4961251E-02  7.6522760E-03  4.2343096E-02  0.0000000E+00
  2.0799350E+02 -4.6158962E-02 -2.3617713E-02  8.3767796E-03  4.2158354E-02  0.0000000E+00
  2.0799350E+02 -4.4418579E-02 -1.9989051E-02  7.2201687E-03  4.1944500E-02  0.0000000E+00
  2.0799350E+02 -4.3229742E-02 -1.5834670E-02  5.8046283E-03  4.1637377E-02  0.0000000E+00
  2.0799350E+02 -4.2284196E-02 -1.2269382E-02  5.1212710E-03  4.1211309E-02  0.0000000E+00
  2.0799350E+02 -4.1072509E-02 -9.5765919E-03  5.1534087E-03  4.0674067E-02  0.0000000E+00
  2.0799350E+02 -3.8967228E-02 -7.3715648E-03  5.2387428E-03  4.0052938E-02  0.0000000E+00
  2.0799350E+02 -3.5375813E-02 -4.9796639E-03  4.7318743E-03  3.9370233E-02  0.0000000E+00
  2.0799350E+02 -3.0193610E-02 -2.1106621E-03  3.5723001E-03  3.8631043E-02  0.0000000E+00
  2.0799350E+02 -2.4763785E-02  2.2279511E-04  2.3318443E-03  3.7833463E-02  0.0000000E+00
  2.0799350E+02 -2.0909931E-02  1.1620122E-03  6.8389664E-04  3.6971176E-02  0.0000000E+00
  2.0799350E+02 -1.7837300E-02  1.9930546E-03 -6.4942431E-04  3.6061329E-02  0.0000000E+00
  2.0799350E+02 -1.5338058E-02  2.1281148E-03 -8.4206216E-04  3.5101787E-02  0.0000000E+00
  2.0799350E+02 -1.3190460E-02  1.7509755E-03 -1.7990380E-04  3.4096872E-02  0.0000000E+00
  2.0799350E+02 -1.1383659E-02  1.1701140E-03  8.3260767E-04  3.3063239E-02  0.0000000E+00
  2.0799350E+02 -9.9329157E-03  6.3486236E-04  1.7671414E-03  3.2014349E-02  0.0000000E+00
  2.0799350E+02 -8.8166154E-03  2.6410031E-04  2.3761485E-03  3.0966568E-02  0.0000000E+00
  2.0799350E+02 -7.9499782E-03  4.0885580E-05  2.5967366E-03  2.9931062E-02  0.0000000E+00
  2.0799350E+02 -7.2177413E-03 -1.3650727E-04  2.4785734E-03  2.8916053E-02  0.0000000E+00
  2.0799350E+02 -6.5231142E-03 -3.7781699E-04  2.0990056E-03  2.7929534E-02  0.0000000E+00
  2.0799350E+02 -5.8247300E-03 -7.2550915E-04  1.5114046E-03  2.6973103E-02  0.0000000E+00
  2.0799350E+02 -5.1543005E-03 -1.0998294E-03  7.8940800E-04  2.6050225E-02  0.0000000E+00
  2.0799350E+02 -4.5675455E-03 -1.2970716E-03  2.0618138E-04  2.5154746E-02  0.0000000E+00
  2.0799350E+02 -4.0062388E-03 -1.6407560E-03  6.7965044E-05  2.4284076E-02  0.0000000E+00
  2.0799350E+02 -3.4376743E-03 -1.6833315E-03  9.8128519E-05  2.3440511E-02  0.0000000E+00
  2.0799350E+02 -2.9470751E-03 -1.3708277E-03  2.2594976E-04  2.2618978E-02  0.0000000E+00
  2.0799350E+02 -2.5600081E-03 -1.0896627E-03  3.3945498E-04  2.1825738E-02  0.0000000E+00
  2.0799350E+02 -2.2766355E-03 -9.5894239E-04  4.4964922E-04  2.1060416E-02  0.0000000E+00
  2.0799350E+02 -2.0856222E-03 -9.5956687E-04  5.9761870E-04  2.0321129E-02  0.0000000E+00
  2.0799350E+02 -1.9706296E-03 -1.0219965E-03  8.0505268E-04  1.9607684E-02  0.0000000E+00
  2.0799350E+02 -1.9116382E-03 -1.0797926E-03  1.0603124E-03  1.8917589E-02  0.0000000E+00
  2.0799350E+02 -1.8857714E-03 -1.0941112E-03  1.3241121E-03  1.8253019E-02  0.0000000E+00
  2.0799350E+02 -1.8660965E-03 -1.0588817E-03  1.5514746E-03  1.7615316E-02  0.0000000E+00
  2.0799350E+02 -1.8236375E-03 -9.9195448E-04  1.7146637E-03  1.7005359E-02  0.0000000E+00
  2.0799350E+02 -1.7336097E-03 -9.2005560E-04  1.8184368E-03  1.6423908E-02  0.0000000E+00
  2.0799350E+02 -1.5871909E-03 -8.6389737E-04  1.8978040E-03  1.5867802E-02  0.0000000E+00
  2.0799350E+02 -1.4134561E-03 -8.3240493E-04  1.9857657E-03  1.5336799E-02  0.0000000E+00
  2.0799350E+02 -1.3107535E-03 -8.3061054E-04  2.0438114E-03  1.4832087E-02  0.0000000E+00
  2.0799350E+02 -1.2382700E-03 -8.4239545E-04  2.1493874E-03  1.4352358E-02  0.0000000E+00
  2.0799350E+02 -1.0723704E-03 -8.8603333E-04  2.2085139E-03  1.3896405E-02  0.0000000E+00
  2.0799350E+02 -9.4273572E-04 -9.3008966E-04  2.0951615E-03  1.3462659E-02  0.0000000E+00
  2.0799350E+02 -8.4719385E-04 -9.3036507E-04  1.8897553E-03  1.3047796E-02  0.0000000E+00
  2.0799350E+02 -7.8411977E-04 -8.7471700E-04  1.6398419E-03  1.2649352E-02  0.0000000E+00
  2.0799350E+02 -7.5011032E-04 -7.7243967E-04  1.3751236E-03  1.2265867E-02  0.0000000E+00
  2.0799350E+02 -7.3878888E-04 -6.4495562E-04  1.1168625E-03  1.1897021E-02  0.0000000E+00
  2.0799350E+02 -7.4075714E-04 -5.1677240E-04  8.8031621E-04  1.1540875E-02  0.0000000E+00
  2.0799350E+02 -7.4460084E-04 -4.1038626E-04  6.7817866E-04  1.1197351E-02  0.0000000E+00
  2.0799350E+02 -7.3839122E-04 -3.4101081E-04  5.1781280E-04  1.0865652E-02  0.0000000E+00
  2.0799350E+02 -7.1175278E-04 -3.1470679E-04  4.0038158E-04  1.0544861E-02  0.0000000E+00
  2.0799350E+02 -6.5819044E-04 -3.2893061E-04  3.2084583E-04  1.0234489E-02  0.0000000E+00
  2.0799350E+02 -5.7682489E-04 -3.7629445E-04  2.7010421E-04  9.9324880E-03  0.0000000E+00
  2.0799350E+02 -4.7475003E-04 -4.5130260E-04  2.4258227E-04  9.6384419E-03  0.0000000E+00
  2.0799350E+02 -3.6798602E-04 -5.6092889E-04  2.4820793E-04  9.3515564E-03  0.0000000E+00
  2.0799350E+02 -2.8198079E-04 -7.3912246E-04  3.3237166E-04  9.0712353E-03  0.0000000E+00
  2.0799350E+02 -2.2803584E-04 -9.2070693E-04  5.5455778E-04  8.7982370E-03  0.0000000E+00
  2.0799350E+02 -1.6284835E-04 -9.3148242E-04  7.1766419E-04  8.5322327E-03  0.0000000E+00
  2.0799350E+02 -1.2856108E-04 -1.0401432E-03  8.3955075E-04  8.2734704E-03  0.0000000E+00
  2.0799350E+02 -1.1578890E-04 -1.1505253E-03  9.2160941E-04  8.0232445E-03  0.0000000E+00
  2.0799350E+02 -1.1283499E-04 -1.2160863E-03  9.6227342E-04  7.7819537E-03  0.0000000E+00
  2.0799350E+02 -1.0949103E-04 -1.2283826E-03  9.6518188E-04  7.5499816E-03  0.0000000E+00
  2.0799350E+02 -9.9225717E-05 -1.2046942E-03  9.4196438E-04  7.3264952E-03  0.0000000E+00
  2.0799350E+02 -8.0083524E-05 -1.1756089E-03  9.1104680E-04  7.1119489E-03  0.0000000E+00
  2.0799350E+02 -5.4473560E-05 -1.1736220E-03  8.9375234E-04  6.9065895E-03  0.0000000E+00
  2.0799350E+02 -2.8117550E-05 -1.2231024E-03  9.0878962E-04  6.7108250E-03  0.0000000E+00
  2.0799350E+02 -8.4127485E-06 -1.3324799E-03  9.6639796E-04  6.5254355E-03  0.0000000E+00
  2.0799350E+02 -2.2885203E-06 -1.4907054E-03  1.0641180E-03  6.3502274E-03  0.0000000E+00
  2.0799350E+02 -1.4280209E-05 -1.6657146E-03  1.1837932E-03  6.1857511E-03  0.0000000E+00
  2.0799350E+02 -4.4350528E-05 -1.8094221E-03  1.2929991E-03  6.0319272E-03  0.0000000E+00
  2.0799350E+02 -8.6273095E-05 -1.8675368E-03  1.3509257E-03  5.8882865E-03  0.0000000E+00
  2.0799350E+02 -1.2652750E-04 -1.7961297E-03  1.3205351E-03  5.7541809E-03  0.0000000E+00
  2.0799350E+02 -1.4437856E-04 -1.5843944E-03  1.1875356E-03  5.6279966E-03  0.0000000E+00
  2.0799350E+02 -1.3079913E-04 -1.3302251E-03  9.7359234E-04  5.5090180E-03  0.0000000E+00
  2.0799350E+02 -1.1517752E-04 -1.0739536E-03  7.1756987E-04  5.3965027E-03  0.0000000E+00
  2.0799350E+02 -9.0688084E-05 -7.8764603E-04  4.5052838E-04  5.2886419E-03  0.0000000E+00
  2.0799350E+02 -6.5633275E-05 -5.2827003E-04  1.9772826E-04  5.1846244E-03  0.0000000E+00
  2.0799350E+02 -4.4906628E-05 -3.2455669E-04 -1.1643067E-05  5.0834484E-03  0.0000000E+00
  2.0799350E+02 -3.0548780E-05 -1.8710995E-04 -1.5417101E-04  4.9847845E-03  0.0000000E+00
  2.0799350E+02 -2.2197049E-05 -1.1280252E-04 -2.2020924E-04  4.8881770E-03  0.0000000E+00
  2.0799350E+02 -1.7967118E-05 -9.0392218E-05 -2.1478724E-04  4.7931795E-03  0.0000000E+00
  2.0799350E+02 -1.5379572E-05 -1.0461991E-04 -1.5542584E-04  4.6995177E-03  0.0000000E+00
  2.0799350E+02 -1.2224909E-05 -1.3960032E-04 -6.6877221E-05  4.6065071E-03  0.0000000E+00
  2.0799350E+02 -7.2945135E-06 -1.8105330E-04  2.4206478E-05  4.5140479E-03  0.0000000E+00
  2.0799350E+02 -7.8286629E-07 -2.1806563E-04  9.5633702E-05  4.4220639E-03  0.0000000E+00
  2.0799350E+02  5.7106394E-06 -2.4416588E-04  1.3442850E-04  4.3307149E-03  0.0000000E+00
  2.0799350E+02  2.4641080E-01 -2.4639077E-01  1.1185962E-07  9.7479576E-02  0.0000000E+00
  2.0799350E+02  1.6383660E-01  3.3050187E-02  3.3175264E-03  9.6853098E-02  0.0000000E+00
  2.0799350E+02  4.4592524E-02  1.3961362E-01  8.0872150E-03  9.4669063E-02  0.0000000E+00
  2.0799350E+02  4.5637551E-03  1.1275723E-01  1.4701611E-02  9.0850578E-02  0.0000000E+00
  2.0799350E+02 -3.6709464E-03  6.5043235E-02  1.7784557E-02  8.6208513E-02  0.0000000E+00
  2.0799350E+02 -4.4065231E-03  3.4004963E-02  1.7269744E-02  8.1373860E-02  0.0000000E+00
  2.0799350E+02 -2.3102085E-03  1.8811376E-02  1.1480426E-02  7.6715690E-02  0.0000000E+00
  2.0799350E+02 -1.3310511E-04  1.0927890E-02  3.7355980E-03  7.2425727E-02  0.0000000E+00
  2.0799350E+02 -4.0402407E-04  7.3137067E-03 -3.6527822E-03  6.8583996E-02  0.0000000E+00
  2.0799350E+02 -4.4278628E-03  6.2003505E-03 -1.1650719E-02  6.5206080E-02  0.0000000E+00
  2.0799350E+02 -9.5638506E-03  3.0478296E-03 -1.5285186E-02  6.2270605E-02  0.0000000E+00
  2.0799350E+02 -1.4186126E-02 -4.0207924E-03 -1.2946572E-02  5.9741814E-02  0.0000000E+00
  2.0799350E+02 -1.8106800E-02 -1.3144845E-02 -8.6100405E-03  5.7575096E-02  0.0000000E+00
  2.0799350E+02 -2.1092852E-02 -1.9652443E-02 -6.7697128E-03  5.5703407E-02  0.0000000E+00
  2.0799350E+02 -2.2331539E-02 -2.0839696E-02 -6.9360472E-03  5.4041887E-02  0.0000000E+00
  2.0799350E+02 -2.3069916E-02 -2.2063180E-02 -5.1420220E-03  5.2506805E-02  0.0000000E+00
  2.0799350E+02 -2.3355259E-02 -2.2604297E-02 -8.5869570E-04  5.1052338E-02  0.0000000E+00
  2.0799350E+02 -2.3108652E-02 -2.2302933E-02  2.1164180E-03  4.9636605E-02  0.0000000E+00
  2.0799350E+02 -2.2509439E-02 -2.0192968E-02  2.8968633E-03  4.8233143E-02  0.0000000E+00
  2.0799350E+02 -2.1597057E-02 -1.6695073E-02  2.6955952E-03  4.6830085E-02  0.0000000E+00
  2.0799350E+02 -2.0441995E-02 -1.3038905E-02  2.6081389E-03  4.5424185E-02  0.0000000E+00
  2.0799350E+02 -1.9204711E-02 -1.0443173E-02  2.9109354E-03  4.4017084E-02  0.0000000E+00
  2.0799350E+02 -1.8110190E-02 -9.3872653E-03  3.3054135E-03  4.2613073E-02  0.0000000E+00
  2.0799350E+02 -1.7365815E-02 -9.3080851E-03  3.5383277E-03  4.1217618E-02  0.0000000E+00
  2.0799350E+02 -1.7050223E-02 -9.0558078E-03  3.8289002E-03  3.9835897E-02  0.0000000E+00
  2.0799350E+02 -1.7000749E-02 -8.4420853E-03  4.5346523E-03  3.8468314E-02  0.0000000E+00
  2.0799350E+02 -1.6055774E-02 -8.3674409E-03  5.4971609E-03  3.7120128E-02  0.0000000E+00
  2.0799350E+02 -1.3850756E-02 -7.2506222E-03  5.9323055E-03  3.5777349E-02  0.0000000E+00
  2.0799350E+02 -1.1386640E-02 -5.9100236E-03  5.4415798E-03  3.4445318E-02  0.0000000E+00
  2.0799350E+02 -9.1966339E-03 -4.7763122E-03  4.5360469E-03  3.3129604E-02  0.0000000E+00
  2.0799350E+02 -7.5404980E-03 -4.0636695E-03  3.7610518E-03  3.1834499E-02  0.0000000E+00
  2.0799350E+02 -6.4440543E-03 -3.8055962E-03  3.3817335E-03  3.0565096E-02  0.0000000E+00
  2.0799350E+02 -5.7732641E-03 -3.9010742E-03  3.3319295E-03  2.9327599E-02  0.0000000E+00
  2.0799350E+02 -5.3236701E-03 -4.1685104E-03  3.3356301E-03  2.8128475E-02  0.0000000E+00
  2.0799350E+02 -4.9060005E-03 -4.4048891E-03  3.1101341E-03  2.6973064E-02  0.0000000E+00
  2.0799350E+02 -4.4087322E-03 -4.4475536E-03  2.5600616E-03  2.5864275E-02  0.0000000E+00
  2.0799350E+02 -3.8184088E-03 -4.2360460E-03  1.8713781E-03  2.4801963E-02  0.0000000E+00
  2.0799350E+02 -3.1785123E-03 -3.8714262E-03  1.4145842E-03  2.3783610E-02  0.0000000E+00
  2.0799350E+02 -2.4676836E-03 -3.6704965E-03  1.3662243E-03  2.2806940E-02  0.0000000E+00
  2.0799350E+02 -1.7143278E-03 -3.3148235E-03  1.2207850E-03  2.1867679E-02  0.0000000E+00
  2.0799350E+02 -1.2683453E-03 -2.3581712E-03  8.5590074E-04  2.0964317E-02  0.0000000E+00
  2.0799350E+02 -9.5830487E-04 -1.5864356E-03  6.0633377E-04  2.0097746E-02  0.0000000E+00
  2.0799350E+02 -7.4147699E-04 -1.1028245E-03  6.1245358E-04  1.9265766E-02  0.0000000E+00
  2.0799350E+02 -5.9557733E-04 -9.1155400E-04  8.3933551E-04  1.8467985E-02  0.0000000E+00
  2.0799350E+02 -5.0931171E-04 -9.4457264E-04  1.1761159E-03  1.7704637E-02  0.0000000E+00
  2.0799350E+02 -4.7416043E-04 -1.0941682E-03  1.5032599E-03  1.6975913E-02  0.0000000E+00
  2.0799350E+02 -4.7816269E-04 -1.2468824E-03  1.7325823E-03  1.6281684E-02  0.0000000E+00
  2.0799350E+02 -5.0246146E-04 -1.3141596E-03  1.8248619E-03  1.5621497E-02  0.0000000E+00
  2.0799350E+02 -5.2136912E-04 -1.2551552E-03  1.7898914E-03  1.4994720E-02  0.0000000E+00
  2.0799350E+02 -5.0671435E-04 -1.0871307E-03  1.6738015E-03  1.4400727E-02  0.0000000E+00
  2.0799350E+02 -4.3723049E-04 -8.7886008E-04  1.5385014E-03  1.3838986E-02  0.0000000E+00
  2.0799350E+02 -3.1374585E-04 -7.2247439E-04  1.4380760E-03  1.3308947E-02  0.0000000E+00
  2.0799350E+02 -1.8093631E-04 -6.7917071E-04  1.3969807E-03  1.2809595E-02  0.0000000E+00
  2.0799350E+02 -1.5640059E-04 -6.9421058E-04  1.3948736E-03  1.2338559E-02  0.0000000E+00
  2.0799350E+02 -1.6149679E-04 -6.9734959E-04  1.4087493E-03  1.1892511E-02  0.0000000E+00
  2.0799350E+02 -1.0609229E-04 -8.5928901E-04  1.4834050E-03  1.1469542E-02  0.0000000E+00
  2.0799350E+02 -1.0420924E-04 -1.0173310E-03  1.4722285E-03  1.1067578E-02  0.0000000E+00
  2.0799350E+02 -1.0768433E-04 -1.0972973E-03  1.3419146E-03  1.0685769E-02  0.0000000E+00
  2.0799350E+02 -1.0154160E-04 -1.0730579E-03  1.1332987E-03  1.0323269E-02  0.0000000E+00
  2.0799350E+02 -8.8532620E-05 -9.5850703E-04  9.0774357E-04  9.9789753E-03  0.0000000E+00
  2.0799350E+02 -7.7750174E-05 -7.9484493E-04  7.1548793E-04  9.6514401E-03  0.0000000E+00
  2.0799350E+02 -7.6944595E-05 -6.3537827E-04  5.8162424E-04  9.3389322E-03  0.0000000E+00
  2.0799350E+02 -8.8171701E-05 -5.3005379E-04  5.0537143E-04  9.0395907E-03  0.0000000E+00
  2.0799350E+02 -1.0640142E-04 -5.1193869E-04  4.6830848E-04  8.7516285E-03  0.0000000E+00
  2.0799350E+02 -1.2071612E-04 -5.8786197E-04  4.4723526E-04  8.4735402E-03  0.0000000E+00
  2.0799350E+02 -1.1770092E-04 -7.3571907E-04  4.2729219E-04  8.2038160E-03  0.0000000E+00
  2.0799350E+02 -8.6763674E-05 -9.0891910E-04  4.1123064E-04  7.9428406E-03  0.0000000E+00
  2.0799350E+02 -2.6883085E-05 -1.0544510E-03  4.1993246E-04  7.6900874E-03  0.0000000E+00
  2.0799350E+02  4.5577532E-05 -1.1413794E-03  4.8053568E-04  7.4457330E-03  0.0000000E+00
  2.0799350E+02  8.8273345E-05 -1.2057275E-03  5.9735674E-04  7.2097325E-03  0.0000000E+00
  2.0799350E+02  8.7312697E-05 -1.3112343E-03  7.1842518E-04  6.9812375E-03  0.0000000E+00
  2.0799350E+02  1.3677520E-04 -1.2751662E-03  8.1781948E-04  6.7605821E-03  0.0000000E+00
  2.0799350E+02  1.3966648E-04 -1.2535717E-03  8.7931354E-04  6.5486570E-03  0.0000000E+00
  2.0799350E+02  1.2973819E-04 -1.2439833E-03  9.1610383E-04  6.3457340E-03  0.0000000E+00
  2.0799350E+02  1.2316642E-04 -1.2473195E-03  9.4155405E-04  6.1518472E-03  0.0000000E+00
  2.0799350E+02  1.2487526E-04 -1.2654692E-03  9.6701809E-04  5.9670072E-03  0.0000000E+00
  2.0799350E+02  1.3331466E-04 -1.2994529E-03  1.0002714E-03  5.7913103E-03  0.0000000E+00
  2.0799350E+02  1.4391174E-04 -1.3481433E-03  1.0445422E-03  5.6249647E-03  0.0000000E+00
  2.0799350E+02  1.5141457E-04 -1.4075247E-03  1.0981342E-03  5.4682541E-03  0.0000000E+00
  2.0799350E+02  1.5134770E-04 -1.4704748E-03  1.1546325E-03  5.3214586E-03  0.0000000E+00
  2.0799350E+02  1.4079836E-04 -1.5270483E-03  1.2036834E-03  5.1847541E-03  0.0000000E+00
  2.0799350E+02  1.1875272E-04 -1.5652447E-03  1.2323413E-03  5.0581098E-03  0.0000000E+00
  2.0799350E+02  8.6201089E-05 -1.5722410E-03  1.2269720E-03  4.9412054E-03  0.0000000E+00
  2.0799350E+02  4.6231291E-05 -1.5360715E-03  1.1757061E-03  4.8333872E-03  0.0000000E+00
  2.0799350E+02  4.3294176E-06 -1.4477344E-03  1.0714328E-03  4.7336845E-03  0.0000000E+00
  2.0799350E+02 -3.0893078E-05 -1.3037087E-03  9.1532547E-04  4.6409065E-03  0.0000000E+00
  2.0799350E+02 -4.6326689E-05 -1.1088609E-03  7.2089169E-04  4.5538399E-03  0.0000000E+00
  2.0799350E+02 -3.9795706E-05 -9.1608122E-04  5.1095641E-04  4.4712027E-03  0.0000000E+00
  2.0799350E+02 -3.8873410E-05 -7.0725448E-04  2.7990199E-04  4.3923380E-03  0.0000000E+00
  2.0799350E+02 -3.1844134E-05 -4.7345024E-04  6.3284473E-05  4.3168296E-03  0.0000000E+00
  2.0799350E+02 -2.3171760E-05 -2.7866839E-04 -1.0576185E-04  4.2438689E-03  0.0000000E+00
  2.0799350E+02 -1.5801411E-05 -1.5307865E-04 -2.0830687E-04  4.1728912E-03  0.0000000E+00
  2.0799350E+02 -1.1036849E-05 -1.0080039E-04 -2.4011112E-04  4.1034037E-03  0.0000000E+00
  2.0799350E+02 -8.7685015E-06 -1.0810653E-04 -2.0987693E-04  4.0349159E-03  0.0000000E+00
  2.0799350E+02 -7.9389959E-06 -1.5152964E-04 -1.3588050E-04  3.9669438E-03  0.0000000E+00
  2.0799350E+02 -7.1331038E-06 -2.0534863E-04 -4.1601136E-05  3.8990669E-03  0.0000000E+00
  2.0799350E+02 -5.1789660E-06 -2.4793426E-04  4.9036149E-05  3.8310104E-03  0.0000000E+00
  2.0799350E+02 -1.6474959E-06 -2.6643174E-04  1.1618843E-04  3.7627301E-03  0.0000000E+00
  2.0799350E+02  2.8631546E-06 -2.5925881E-04  1.4777679E-04  3.6944742E-03  0.0000000E+00
  2.0799350E+02  6.7711793E-06 -2.3589741E-04  1.4170620E-04  3.6267976E-03  0.0000000E+00
  2.0799350E+02  2.9211920E-01 -2.9185869E-01 -9.0771428E-08  6.0197538E-02  0.0000000E+00
  2.0799350E+02  1.6786433E-01  2.7769250E-03 -2.3122866E-03  5.8576524E-02  0.0000000E+00
  2.0799350E+02  4.7786397E-02  1.3394093E-01 -4.2278573E-03  5.6057738E-02  0.0000000E+00
  2.0799350E+02  2.5559650E-02  1.1180993E-01 -5.1940785E-03  5.2335373E-02  0.0000000E+00
  2.0799350E+02  3.0917772E-02  6.4701735E-02 -6.8320907E-03  4.7910818E-02  0.0000000E+00
  2.0799350E+02  3.6902213E-02  3.6041478E-02 -9.5425981E-03  4.3302223E-02  0.0000000E+00
  2.0799350E+02  4.0807234E-02  2.4261040E-02 -1.1094841E-02  3.8874819E-02  0.0000000E+00
  2.0799350E+02  4.2837433E-02  2.1204345E-02 -1.2176582E-02  3.4854572E-02  0.0000000E+00
  2.0799350E+02  4.3288767E-02  1.8965919E-02 -1.3315568E-02  3.1358773E-02  0.0000000E+00
  2.0799350E+02  4.1788898E-02  1.4707182E-02 -1.2926527E-02  2.8406807E-02  0.0000000E+00
  2.0799350E+02  3.8162790E-02  8.7725476E-03 -1.0985101E-02  2.5954315E-02  0.0000000E+00
  2.0799350E+02  3.3346803E-02  1.2826151E-03 -7.6992168E-03  2.3926224E-02  0.0000000E+00
  2.0799350E+02  2.8461426E-02 -7.0889448E-03 -3.5582153E-03  2.2242478E-02  0.0000000E+00
  2.0799350E+02  2.3991794E-02 -1.4309191E-02  1.5442916E-04  2.0832223E-02  0.0000000E+00
  2.0799350E+02  1.9835638E-02 -1.7680390E-02  1.6811172E-03  1.9638140E-02  0.0000000E+00
  2.0799350E+02  1.6486636E-02 -1.7561489E-02  9.5825442E-04  1.8610611E-02  0.0000000E+00
  2.0799350E+02  1.3614092E-02 -1.6317596E-02  3.3023191E-04  1.7702742E-02  0.0000000E+00
  2.0799350E+02  1.0792001E-02 -1.5344788E-02  8.6288262E-05  1.6873554E-02  0.0000000E+00
  2.0799350E+02  7.9128157E-03 -1.5180352E-02  3.0623887E-04  1.6101592E-02  0.0000000E+00
  2.0799350E+02  5.1206730E-03 -1.5592052E-02  1.1046778E-03  1.5380648E-02  0.0000000E+00
  2.0799350E+02  2.6555124E-03 -1.6190605E-02  2.3480318E-03  1.4710030E-02  0.0000000E+00
  2.0799350E+02  7.3965212E-04 -1.6616192E-02  3.6499003E-03  1.4087627E-02  0.0000000E+00
  2.0799350E+02 -4.9514816E-04 -1.6514024E-02  4.5445964E-03  1.3506109E-02  0.0000000E+00
  2.0799350E+02 -1.0421032E-03 -1.5514035E-02  4.7388040E-03  1.2952606E-02  0.0000000E+00
  2.0799350E+02 -1.0172655E-03 -1.3429728E-02  4.3412655E-03  1.2412212E-02  0.0000000E+00
  2.0799350E+02 -6.2280217E-04 -1.0891232E-02  3.9704152E-03  1.1875642E-02  0.0000000E+00
  2.0799350E+02  2.9951828E-04 -8.4475998E-03  3.6021386E-03  1.1344345E-02  0.0000000E+00
  2.0799350E+02  1.4101182E-03 -6.6137115E-03  3.5276080E-03  1.0819997E-02  0.0000000E+00
  2.0799350E+02  2.1464762E-03 -5.7236970E-03  3.7810286E-03  1.0302211E-02  0.0000000E+00
  2.0799350E+02  2.4635699E-03 -5.3538434E-03  4.0535126E-03  9.7925723E-03  0.0000000E+00
  2.0799350E+02  2.4792933E-03 -5.1932903E-03  4.2045774E-03  9.2944951E-03  0.0000000E+00
  2.0799350E+02  2.3430527E-03 -5.0750983E-03  4.2078590E-03  8.8117065E-03  0.0000000E+00
  2.0799350E+02  2.1663002E-03 -4.9441559E-03  4.0902125E-03  8.3473129E-03  0.0000000E+00
  2.0799350E+02  2.0007991E-03 -4.7924178E-03  3.8768040E-03  7.9033441E-03  0.0000000E+00
  2.0799350E+02  1.8504201E-03 -4.5919713E-03  3.5547965E-03  7.4806731E-03  0.0000000E+00
  2.0799350E+02  1.7022625E-03 -4.2564246E-03  3.0682357E-03  7.0792119E-03  0.0000000E+00
  2.0799350E+02  1.5628985E-03 -3.6611129E-03  2.3567377E-03  6.6982792E-03  0.0000000E+00
  2.0799350E+02  1.4855364E-03 -2.7526172E-03  1.4505833E-03  6.3370406E-03  0.0000000E+00
  2.0799350E+02  1.5738989E-03 -1.7780905E-03  6.3482416E-04  5.9949182E-03  0.0000000E+00
  2.0799350E+02  1.6384473E-03 -9.9159869E-04  3.2367308E-04  5.6693647E-03  0.0000000E+00
  2.0799350E+02  1.5066219E-03 -7.1853764E-04  4.0185320E-04  5.3568846E-03  0.0000000E+00
  2.0799350E+02  1.4645702E-03 -9.5963647E-04  7.6006336E-04  5.0609423E-03  0.0000000E+00
  2.0799350E+02  1.4925435E-03 -1.3043888E-03  1.1744583E-03  4.7819342E-03  0.0000000E+00
  2.0799350E+02  1.5337677E-03 -1.5361818E-03  1.4995101E-03  4.5191444E-03  0.0000000E+00
  2.0799350E+02  1.5362730E-03 -1.5838715E-03  1.6679211E-03  4.2717883E-03  0.0000000E+00
  2.0799350E+02  1.4739752E-03 -1.4716700E-03  1.6779885E-03  4.0395413E-03  0.0000000E+00
  2.0799350E+02  1.3516313E-03 -1.2714126E-03  1.5728033E-03  3.8226614E-03  0.0000000E+00
  2.0799350E+02  1.1982911E-03 -1.0612687E-03  1.4156642E-03  3.6218219E-03  0.0000000E+00
  2.0799350E+02  1.0538655E-03 -8.9496423E-04  1.2660862E-03  3.4377624E-03  0.0000000E+00
  2.0799350E+02  9.5343572E-04 -7.8558050E-04  1.1607863E-03  3.2708728E-03  0.0000000E+00
  2.0799350E+02  9.1392199E-04 -7.0799658E-04  1.1040264E-03  3.1208202E-03  0.0000000E+00
  2.0799350E+02  9.2773635E-04 -6.2404029E-04  1.0716952E-03  2.9863330E-03  0.0000000E+00
  2.0799350E+02  9.6803951E-04 -5.3441436E-04  1.0335085E-03  2.8652518E-03  0.0000000E+00
  2.0799350E+02  1.0102244E-03 -5.6146383E-04  9.9771091E-04  2.7549606E-03  0.0000000E+00
  2.0799350E+02  1.0157889E-03 -8.0372109E-04  9.9033050E-04  2.6549560E-03  0.0000000E+00
  2.0799350E+02  9.6882416E-04 -8.8318748E-04  9.6218283E-04  2.5659696E-03  0.0000000E+00
  2.0799350E+02  9.0476786E-04 -8.6811715E-04  8.8984266E-04  2.4864308E-03  0.0000000E+00
  2.0799350E+02  8.3084857E-04 -8.0679343E-04  7.6761798E-04  2.4154475E-03  0.0000000E+00
  2.0799350E+02  7.5559732E-04 -7.4180360E-04  6.2443454E-04  2.3518852E-03  0.0000000E+00
  2.0799350E+02  6.8505805E-04 -7.0754357E-04  4.9858138E-04  2.2944270E-03  0.0000000E+00
  2.0799350E+02  6.2146056E-04 -7.2731542E-04  4.2157081E-04  2.2416667E-03  0.0000000E+00
  2.0799350E+02  5.6369952E-04 -8.1073343E-04  4.0963658E-04  2.1922220E-03  0.0000000E+00
  2.0799350E+02  5.0896283E-04 -9.5215432E-04  4.6139396E-04  2.1448544E-03  0.0000000E+00
  2.0799350E+02  4.5485288E-04 -1.1308477E-03  5.6018547E-04  2.0985837E-03  0.0000000E+00
  2.0799350E+02  4.0134417E-04 -1.3136219E-03  6.7963599E-04  2.0527831E-03  0.0000000E+00
  2.0799350E+02  3.5192062E-04 -1.4606220E-03  7.9094093E-04  2.0072427E-03  0.0000000E+00
  2.0799350E+02  3.1323622E-04 -1.5350146E-03  8.7041126E-04  1.9621875E-03  0.0000000E+00
  2.0799350E+02  2.9264224E-04 -1.5172758E-03  9.0579905E-04  1.9182376E-03  0.0000000E+00
  2.0799350E+02  2.9292469E-04 -1.4247981E-03  8.9992728E-04  1.8762974E-03  0.0000000E+00
  2.0799350E+02  3.0359523E-04 -1.3375319E-03  8.7014768E-04  1.8373603E-03  0.0000000E+00
  2.0799350E+02  3.2473623E-04 -1.3373770E-03  8.4830818E-04  1.8014837E-03  0.0000000E+00
  2.0799350E+02  3.5275551E-04 -1.2845290E-03  8.6886477E-04  1.7679730E-03  0.0000000E+00
  2.0799350E+02  3.2809296E-04 -1.3135393E-03  9.3021055E-04  1.7381172E-03  0.0000000E+00
  2.0799350E+02  2.9423406E-04 -1.3858362E-03  1.0262078E-03  1.7118795E-03  0.0000000E+00
  2.0799350E+02  2.7133924E-04 -1.4688920E-03  1.1384214E-03  1.6898164E-03  0.0000000E+00
  2.0799350E+02  2.6411615E-04 -1.5373542E-03  1.2446960E-03  1.6725735E-03  0.0000000E+00
  2.0799350E+02  2.6822910E-04 -1.5737265E-03  1.3249083E-03  1.6605845E-03  0.0000000E+00
  2.0799350E+02  2.7533365E-04 -1.5685614E-03  1.3643366E-03  1.6539332E-03  0.0000000E+00
  2.0799350E+02  2.7682453E-04 -1.5201287E-03  1.3550924E-03  1.6523431E-03  0.0000000E+00
  2.0799350E+02  2.6638485E-04 -1.4335208E-03  1.2960566E-03  1.6552555E-03  0.0000000E+00
  2.0799350E+02  2.4142482E-04 -1.3191575E-03  1.1917652E-03  1.6619596E-03  0.0000000E+00
  2.0799350E+02  2.0349792E-04 -1.1906532E-03  1.0506867E-03  1.6717369E-03  0.0000000E+00
  2.0799350E+02  1.5778265E-04 -1.0620085E-03  8.8333637E-04  1.6839822E-03  0.0000000E+00
  2.0799350E+02  1.1171802E-04 -9.4408837E-04  7.0066946E-04  1.6982637E-03  0.0000000E+00
  2.0799350E+02  7.2880608E-05 -8.4035003E-04  5.1319808E-04  1.7142856E-03  0.0000000E+00
  2.0799350E+02  4.6191638E-05 -7.4178222E-04  3.3127497E-04  1.7317140E-03  0.0000000E+00
  2.0799350E+02  3.0541769E-05 -6.2101868E-04  1.6698771E-04  1.7498301E-03  0.0000000E+00
  2.0799350E+02  1.4146828E-05 -4.7397406E-04  2.6520175E-05  1.7677493E-03  0.0000000E+00
  2.0799350E+02 -9.0568657E-07 -3.4278985E-04 -1.0945916E-04  1.7859632E-03  0.0000000E+00
  2.0799350E+02 -8.9251231E-06 -2.2872814E-04 -1.9918352E-04  1.8034503E-03  0.0000000E+00
  2.0799350E+02 -1.2412118E-05 -1.6721680E-04 -2.2796185E-04  1.8196726E-03  0.0000000E+00
  2.0799350E+02 -1.3535524E-05 -1.6138238E-04 -2.0269843E-04  1.8341171E-03  0.0000000E+00
  2.0799350E+02 -1.3589245E-05 -1.9579058E-04 -1.4139443E-04  1.8463855E-03  0.0000000E+00
  2.0799350E+02 -1.2927752E-05 -2.4736651E-04 -6.5364475E-05  1.8562467E-03  0.0000000E+00
  2.0799350E+02 -1.1238352E-05 -2.9361113E-04  6.1353266E-06  1.8636582E-03  0.0000000E+00
  2.0799350E+02 -8.0082124E-06 -3.1823000E-04  5.9171667E-05  1.8687635E-03  0.0000000E+00
  2.0799350E+02 -3.0442042E-06 -3.1429064E-04  8.6594247E-05  1.8718691E-03  0.0000000E+00
  2.0799350E+02  3.0964149E-06 -2.8502463E-04  8.7995621E-05  1.8734085E-03  0.0000000E+00
  2.0799350E+02  8.9064321E-06 -2.4239084E-04  6.8474346E-05  1.8738980E-03  0.0000000E+00
  2.0799350E+02  1.2102193E-05 -2.0351585E-04  3.6505111E-05  1.8738909E-03  0.0000000E+00
  2.0799350E+02  5.0687833E-02 -5.0544278E-02 -1.1642002E-16 -3.1931081E-02  0.0000000E+00
  2.0799350E+02  6.4619617E-02  2.7863776E-02 -2.8293683E-03 -3.2617732E-02  0.0000000E+00
  2.0799350E+02  5.5551320E-02  5.4533006E-02 -6.4867814E-03 -3.2868901E-02  0.0000000E+00
  2.0799350E+02  5.2065104E-02  4.0099473E-02 -7.7149872E-03 -3.3246611E-02  0.0000000E+00
  2.0799350E+02  5.2372806E-02  1.5924526E-02 -6.6885957E-03 -3.3928769E-02  0.0000000E+00
  2.0799350E+02  5.3157757E-02  1.8180790E-03 -6.9296544E-03 -3.4770847E-02  0.0000000E+00
  2.0799350E+02  5.3480636E-02 -1.1962642E-04 -8.5134236E-03 -3.5573277E-02  0.0000000E+00
  2.0799350E+02  5.3032918E-02  4.2940724E-03 -9.7094339E-03 -3.6186485E-02  0.0000000E+00
  2.0799350E+02  5.1616078E-02  9.3776410E-03 -1.0316172E-02 -3.6517850E-02  0.0000000E+00
  2.0799350E+02  4.9343303E-02  1.2046974E-02 -9.2995929E-03 -3.6538966E-02  0.0000000E+00
  2.0799350E+02  4.6320586E-02  1.1569119E-02 -6.9640277E-03 -3.6261211E-02  0.0000000E+00
  2.0799350E+02  4.2682515E-02  8.7219831E-03 -4.1375825E-03 -3.5718777E-02  0.0000000E+00
  2.0799350E+02  3.8593827E-02  4.5924969E-03 -1.4345258E-03 -3.4956531E-02  0.0000000E+00
  2.0799350E+02  3.4377051E-02  5.4515360E-06  7.6639531E-04 -3.4028988E-02  0.0000000E+00
  2.0799350E+02  3.0478911E-02 -4.4818317E-03  2.1606819E-03 -3.2989796E-02  0.0000000E+00
  2.0799350E+02  2.7311834E-02 -7.9888180E-03  2.7741769E-03 -3.1894669E-02  0.0000000E+00
  2.0799350E+02  2.4374272E-02 -8.8544115E-03  2.4706224E-03 -3.0784380E-02  0.0000000E+00
  2.0799350E+02  2.1503965E-02 -8.4459945E-03  2.2490698E-03 -2.9685358E-02  0.0000000E+00
  2.0799350E+02  1.8989717E-02 -7.9408236E-03  2.2549995E-03 -2.8600194E-02  0.0000000E+00
  2.0799350E+02  1.6912525E-02 -7.6409297E-03  2.1000057E-03 -2.7531574E-02  0.0000000E+00
  2.0799350E+02  1.5081971E-02 -7.4796678E-03  1.6648078E-03 -2.6483824E-02  0.0000000E+00
  2.0799350E+02  1.3201131E-02 -7.3512195E-03  1.2127148E-03 -2.5460780E-02  0.0000000E+00
  2.0799350E+02  1.1127797E-02 -7.2673503E-03  1.1149528E-03 -2.4470767E-02  0.0000000E+00
  2.0799350E+02  9.0329151E-03 -7.3363663E-03  1.4713676E-03 -2.3513124E-02  0.0000000E+00
  2.0799350E+02  7.3739925E-03 -7.5678361E-03  1.9436829E-03 -2.2584893E-02  0.0000000E+00
  2.0799350E+02  6.4859722E-03 -7.4976207E-03  2.0827251E-03 -2.1680239E-02  0.0000000E+00
  2.0799350E+02  5.9527946E-03 -7.4271737E-03  1.9883615E-03 -2.0804807E-02  0.0000000E+00
  2.0799350E+02  5.7097378E-03 -6.8512749E-03  2.1137951E-03 -1.9963318E-02  0.0000000E+00
  2.0799350E+02  5.6514734E-03 -5.7020068E-03  2.2293332E-03 -1.9163823E-02  0.0000000E+00
  2.0799350E+02  5.6538005E-03 -4.5278544E-03  2.3604377E-03 -1.8411096E-02  0.0000000E+00
  2.0799350E+02  5.6236143E-03 -3.6290923E-03  2.6228081E-03 -1.7704964E-02  0.0000000E+00
  2.0799350E+02  5.4962228E-03 -3.0994786E-03  3.0110591E-03 -1.7046064E-02  0.0000000E+00
  2.0799350E+02  5.2387463E-03 -2.8665135E-03  3.3688561E-03 -1.6429073E-02  0.0000000E+00
  2.0799350E+02  4.8552351E-03 -2.7605323E-03  3.4688994E-03 -1.5848695E-02  0.0000000E+00
  2.0799350E+02  4.3875752E-03 -2.5830202E-03  3.1455446E-03 -1.5298228E-02  0.0000000E+00
  2.0799350E+02  3.9125450E-03 -2.1852369E-03  2.4211219E-03 -1.4774256E-02  0.0000000E+00
  2.0799350E+02  3.5168237E-03 -1.5478058E-03  1.5528294E-03 -1.4271471E-02  0.0000000E+00
  2.0799350E+02  3.2624396E-03 -8.6369632E-04  9.4962018E-04 -1.3787331E-02  0.0000000E+00
  2.0799350E+02  3.1248000E-03 -6.1934047E-04  8.9100263E-04 -1.3320758E-02  0.0000000E+00
  2.0799350E+02  3.0330237E-03 -9.7108431E-04  1.0805853E-03 -1.2874093E-02  0.0000000E+00
  2.0799350E+02  2.8722142E-03 -1.1242901E-03  1.3890529E-03 -1.2443699E-02  0.0000000E+00
  2.0799350E+02  2.6209806E-03 -1.1396567E-03  1.5983210E-03 -1.2027436E-02  0.0000000E+00
  2.0799350E+02  2.3535932E-03 -9.6895585E-04  1.6155260E-03 -1.1624611E-02  0.0000000E+00
  2.0799350E+02  2.1132483E-03 -6.7591521E-04  1.4871624E-03 -1.1234635E-02  0.0000000E+00
  2.0799350E+02  1.9182039E-03 -3.6590271E-04  1.3043854E-03 -1.0858744E-02  0.0000000E+00
  2.0799350E+02  1.7665290E-03 -1.3308476E-04  1.1447542E-03 -1.0495331E-02  0.0000000E+00
  2.0799350E+02  1.6467028E-03 -3.3706620E-05  1.0478001E-03 -1.0142752E-02  0.0000000E+00
  2.0799350E+02  1.5456093E-03 -7.4741520E-05  1.0128226E-03 -9.7982941E-03  0.0000000E+00
  2.0799350E+02  1.4562321E-03 -2.1711152E-04  1.0120907E-03 -9.4610923E-03  0.0000000E+00
  2.0799350E+02  1.3804355E-03 -3.9219900E-04  1.0107483E-03 -9.1289183E-03  0.0000000E+00
  2.0799350E+02  1.3288842E-03 -5.2702854E-04  9.8634616E-04 -8.8010516E-03  0.0000000E+00
  2.0799350E+02  1.3138676E-03 -5.7597651E-04  9.3889440E-04 -8.4777939E-03  0.0000000E+00
  2.0799350E+02  1.3346993E-03 -5.5618218E-04  8.8383797E-04 -8.1596603E-03  0.0000000E+00
  2.0799350E+02  1.3535833E-03 -5.8435093E-04  8.2032681E-04 -7.8488863E-03  0.0000000E+00
  2.0799350E+02  1.3405171E-03 -6.2776171E-04  6.6587927E-04 -7.5456232E-03  0.0000000E+00
  2.0799350E+02  1.2812267E-03 -5.5776826E-04  5.4125198E-04 -7.2504343E-03  0.0000000E+00
  2.0799350E+02  1.1714953E-03 -5.1077791E-04  4.2943792E-04 -6.9627521E-03  0.0000000E+00
  2.0799350E+02  1.0464914E-03 -4.9135470E-04  3.1283099E-04 -6.6839207E-03  0.0000000E+00
  2.0799350E+02  9.2588533E-04 -5.1649817E-04  2.1798712E-04 -6.4136901E-03  0.0000000E+00
  2.0799350E+02  8.1877196E-04 -6.0236717E-04  1.8200476E-04 -6.1523471E-03  0.0000000E+00
  2.0799350E+02  7.2709403E-04 -7.5522851E-04  2.3089059E-04 -5.9001767E-03  0.0000000E+00
  2.0799350E+02  6.4854325E-04 -9.6724987E-04  3.6926184E-04 -5.6569780E-03  0.0000000E+00
  2.0799350E+02  5.7956488E-04 -1.2141727E-03  5.7730353E-04 -5.4237154E-03  0.0000000E+00
  2.0799350E+02  5.1641084E-04 -1.4605777E-03  8.1716572E-04 -5.1998198E-03  0.0000000E+00
  2.0799350E+02  4.5701579E-04 -1.6645727E-03  1.0416078E-03 -4.9848946E-03  0.0000000E+00
  2.0799350E+02  4.0144246E-04 -1.7872433E-03  1.2064586E-03 -4.7778891E-03  0.0000000E+00
  2.0799350E+02  3.5235466E-04 -1.8034131E-03  1.2821450E-03 -4.5786162E-03  0.0000000E+00
  2.0799350E+02  3.1386204E-04 -1.7166462E-03  1.2666023E-03 -4.3856541E-03  0.0000000E+00
  2.0799350E+02  2.9074062E-04 -1.5734946E-03  1.1913324E-03 -4.1980806E-03  0.0000000E+00
  2.0799350E+02  2.8649071E-04 -1.4805354E-03  1.1235331E-03 -4.0154535E-03  0.0000000E+00
  2.0799350E+02  3.0047388E-04 -1.4899397E-03  1.1234485E-03 -3.8370994E-03  0.0000000E+00
  2.0799350E+02  3.1124070E-04 -1.4289403E-03  1.1387220E-03 -3.6618662E-03  0.0000000E+00
  2.0799350E+02  3.0969764E-04 -1.4822903E-03  1.2059484E-03 -3.4896621E-03  0.0000000E+00
  2.0799350E+02  3.0028223E-04 -1.5505316E-03  1.2869737E-03 -3.3192381E-03  0.0000000E+00
  2.0799350E+02  2.8862001E-04 -1.5784022E-03  1.3494392E-03 -3.1497635E-03  0.0000000E+00
  2.0799350E+02  2.7875783E-04 -1.5435260E-03  1.3703426E-03 -2.9818833E-03  0.0000000E+00
  2.0799350E+02  2.7180463E-04 -1.4467451E-03  1.3381833E-03 -2.8157211E-03  0.0000000E+00
  2.0799350E+02  2.6606244E-04 -1.3030131E-03  1.2518275E-03 -2.6519235E-03  0.0000000E+00
  2.0799350E+02  2.5791721E-04 -1.1337644E-03  1.1183389E-03 -2.4909056E-03  0.0000000E+00
  2.0799350E+02  2.4335263E-04 -9.6217026E-04  9.5111636E-04 -2.3338586E-03  0.0000000E+00
  2.0799350E+02  2.1947855E-04 -8.0672236E-04  7.6517963E-04 -2.1809042E-03  0.0000000E+00
  2.0799350E+02  1.8596093E-04 -6.7947922E-04  5.7506704E-04 -2.0321926E-03  0.0000000E+00
  2.0799350E+02  1.4580695E-04 -5.8443163E-04  3.9243144E-04 -1.8876021E-03  0.0000000E+00
  2.0799350E+02  1.0513510E-04 -5.1775514E-04  2.2490834E-04 -1.7465481E-03  0.0000000E+00
  2.0799350E+02  7.1982030E-05 -4.7035326E-04  7.8357152E-05 -1.6091279E-03  0.0000000E+00
  2.0799350E+02  5.2652399E-05 -4.3113712E-04 -4.1412371E-05 -1.4748333E-03  0.0000000E+00
  2.0799350E+02  4.6770943E-05 -3.9342614E-04 -1.2082140E-04 -1.3439024E-03  0.0000000E+00
  2.0799350E+02  3.5860197E-05 -3.4090089E-04 -1.5652148E-04 -1.2167892E-03  0.0000000E+00
  2.0799350E+02  1.5878502E-05 -2.6952022E-04 -1.8565834E-04 -1.0939754E-03  0.0000000E+00
  2.0799350E+02 -6.6381561E-07 -2.3458761E-04 -1.7636434E-04 -9.7623909E-04  0.0000000E+00
  2.0799350E+02 -1.3062944E-05 -2.3905216E-04 -1.3585342E-04 -8.6396540E-04  0.0000000E+00
  2.0799350E+02 -2.0654054E-05 -2.7107649E-04 -7.9747448E-05 -7.5725918E-04  0.0000000E+00
  2.0799350E+02 -2.3282146E-05 -3.1319645E-04 -2.4375954E-05 -6.5582228E-04  0.0000000E+00
  2.0799350E+02 -2.1471051E-05 -3.4842666E-04  1.7433570E-05 -5.5972764E-04  0.0000000E+00
  2.0799350E+02 -1.6401050E-05 -3.6483763E-04  3.9111093E-05 -4.6838165E-04  0.0000000E+00
  2.0799350E+02 -9.6705455E-06 -3.5725879E-04  4.0082278E-05 -3.8131207E-04  0.0000000E+00
  2.0799350E+02 -2.9874234E-06 -3.2756989E-04  2.4582259E-05 -2.9787813E-04  0.0000000E+00
  2.0799350E+02  2.1204747E-06 -2.8381979E-04 -3.4658061E-07 -2.1789765E-04  0.0000000E+00
  2.0799350E+02  4.6842065E-06 -2.3761620E-04 -2.7556330E-05 -1.4077315E-04  0.0000000E+00
  2.0799350E+02  4.4439852E-06 -2.0122721E-04 -5.2049038E-05 -6.6106548E-05  0.0000000E+00
