          atime         prd_uu         prd_vv         prd_ww         pm1avg           tavg
  2.0799350E+02 -1.1127209E-08  1.4927749E-10 -1.2018979E-11 -8.4116403E-02  0.0000000E+00
  2.0799350E+02  4.1026779E-02 -2.4192510E-04 -3.7338573E-05 -8.3523519E-02  0.0000000E+00
  2.0799350E+02  1.3837588E-01 -2.5758203E-03 -1.2823505E-04 -8.2266432E-02  0.0000000E+00
  2.0799350E+02  1.3071456E-01 -5.7269181E-03 -5.8259268E-05 -8.0429800E-02  0.0000000E+00
  2.0799350E+02  7.6443090E-02 -6.7939637E-03  6.3516093E-05 -7.8449917E-02  0.0000000E+00
  2.0799350E+02  3.9129032E-02 -6.1098550E-03 -4.3971216E-05 -7.6577742E-02  0.0000000E+00
  2.0799350E+02  1.8761606E-02 -5.0268814E-03 -6.2208709E-05 -7.4857711E-02  0.0000000E+00
  2.0799350E+02  8.8537299E-03 -4.2216905E-03  2.2765187E-04 -7.3235418E-02  0.0000000E+00
  2.0799350E+02  4.3165582E-03 -3.7902168E-03  5.8418670E-04 -7.1635461E-02  0.0000000E+00
  2.0799350E+02  3.1388219E-03 -3.6381015E-03  8.7835829E-04 -6.9996317E-02  0.0000000E+00
  2.0799350E+02  3.9935319E-03 -3.6172000E-03  9.8510766E-04 -6.8274457E-02  0.0000000E+00
  2.0799350E+02  5.7639518E-03 -3.6481797E-03  9.2710248E-04 -6.6451041E-02  0.0000000E+00
  2.0799350E+02  7.6677842E-03 -3.7340642E-03  8.3279705E-04 -6.4535137E-02  0.0000000E+00
  2.0799350E+02  9.3947366E-03 -3.8996363E-03  8.0246466E-04 -6.2559026E-02  0.0000000E+00
  2.0799350E+02  1.1056887E-02 -4.1169190E-03  8.1070804E-04 -6.0563377E-02  0.0000000E+00
  2.0799350E+02  1.2804636E-02 -4.2596188E-03  7.1406807E-04 -5.8573726E-02  0.0000000E+00
  2.0799350E+02  1.4391004E-02 -4.4042433E-03  6.3980398E-04 -5.6602816E-02  0.0000000E+00
  2.0799350E+02  1.5511342E-02 -4.4960490E-03  5.9597092E-04 -5.4656926E-02  0.0000000E+00
  2.0799350E+02  1.6111936E-02 -4.4295600E-03  4.6412998E-04 -5.2745672E-02  0.0000000E+00
  2.0799350E+02  1.6304763E-02 -4.1972399E-03  2.1918944E-04 -5.0877670E-02  0.0000000E+00
  2.0799350E+02  1.6293973E-02 -3.8598292E-03 -9.1792772E-05 -4.9058430E-02  0.0000000E+00
  2.0799350E+02  1.6285735E-02 -3.4978885E-03 -3.9559609E-04 -4.7290626E-02  0.0000000E+00
  2.0799350E+02  1.6404008E-02 -3.1641077E-03 -6.4185115E-04 -4.5575487E-02  0.0000000E+00
  2.0799350E+02  1.6634838E-02 -2.8559470E-03 -8.3331799E-04 -4.3914070E-02  0.0000000E+00
  2.0799350E+02  1.6821737E-02 -2.5281715E-03 -1.0156659E-03 -4.2307157E-02  0.0000000E+00
  2.0799350E+02  1.6734762E-02 -2.1648425E-03 -1.2049923E-03 -4.0752531E-02  0.0000000E+00
  2.0799350E+02  1.6237777E-02 -1.8992878E-03 -1.2495101E-03 -3.9246318E-02  0.0000000E+00
  2.0799350E+02  1.5587904E-02 -1.6564674E-03 -1.3011246E-03 -3.7791355E-02  0.0000000E+00
  2.0799350E+02  1.4771928E-02 -1.3981683E-03 -1.3886693E-03 -3.6376289E-02  0.0000000E+00
  2.0799350E+02  1.3806435E-02 -1.1432513E-03 -1.4543757E-03 -3.5009424E-02  0.0000000E+00
  2.0799350E+02  1.2780435E-02 -9.1579747E-04 -1.4546786E-03 -3.3699519E-02  0.0000000E+00
  2.0799350E+02  1.1816716E-02 -7.3580482E-04 -1.3757388E-03 -3.2452893E-02  0.0000000E+00
  2.0799350E+02  1.1029044E-02 -6.1319339E-04 -1.2329698E-03 -3.1271077E-02  0.0000000E+00
  2.0799350E+02  1.0484143E-02 -5.4535363E-04 -1.0600655E-03 -3.0150842E-02  0.0000000E+00
  2.0799350E+02  1.0176315E-02 -5.1805253E-04 -8.9305890E-04 -2.9085790E-02  0.0000000E+00
  2.0799350E+02  1.0022602E-02 -5.0951006E-04 -7.5494044E-04 -2.8068657E-02  0.0000000E+00
  2.0799350E+02  9.8863356E-03 -4.9745926E-04 -6.4636553E-04 -2.7093501E-02  0.0000000E+00
  2.0799350E+02  9.6369713E-03 -4.6900304E-04 -5.4798027E-04 -2.6156944E-02  0.0000000E+00
  2.0799350E+02  9.2540653E-03 -4.3308078E-04 -4.3989479E-04 -2.5257619E-02  0.0000000E+00
  2.0799350E+02  9.0134931E-03 -4.0757746E-04 -3.6295182E-04 -2.4394622E-02  0.0000000E+00
  2.0799350E+02  8.8143288E-03 -3.6785532E-04 -3.2530640E-04 -2.3563779E-02  0.0000000E+00
  2.0799350E+02  8.5731965E-03 -3.2241279E-04 -2.9460218E-04 -2.2762374E-02  0.0000000E+00
  2.0799350E+02  8.3434861E-03 -2.8016062E-04 -2.6445638E-04 -2.1989609E-02  0.0000000E+00
  2.0799350E+02  8.1522252E-03 -2.4973872E-04 -2.3056838E-04 -2.1244587E-02  0.0000000E+00
  2.0799350E+02  8.0030675E-03 -2.3454119E-04 -1.9299180E-04 -2.0526181E-02  0.0000000E+00
  2.0799350E+02  7.8824083E-03 -2.3134302E-04 -1.5613300E-04 -1.9832933E-02  0.0000000E+00
  2.0799350E+02  7.7673074E-03 -2.3159664E-04 -1.2714048E-04 -1.9162985E-02  0.0000000E+00
  2.0799350E+02  7.6338977E-03 -2.2446644E-04 -1.1334996E-04 -1.8514094E-02  0.0000000E+00
  2.0799350E+02  7.4649588E-03 -2.0066918E-04 -1.1944970E-04 -1.7883733E-02  0.0000000E+00
  2.0799350E+02  7.2553354E-03 -1.5618866E-04 -1.4503075E-04 -1.7269336E-02  0.0000000E+00
  2.0799350E+02  7.0138799E-03 -9.4932495E-05 -1.8318673E-04 -1.6668676E-02  0.0000000E+00
  2.0799350E+02  6.7605968E-03 -2.9399224E-05 -2.2082780E-04 -1.6080447E-02  0.0000000E+00
  2.0799350E+02  6.5176721E-03  2.1576064E-05 -2.4137351E-04 -1.5505037E-02  0.0000000E+00
  2.0799350E+02  6.2930614E-03  3.8929804E-05 -2.3048909E-04 -1.4945549E-02  0.0000000E+00
  2.0799350E+02  6.1063304E-03  2.4683271E-05 -1.8902916E-04 -1.4403164E-02  0.0000000E+00
  2.0799350E+02  6.0249286E-03 -1.7627778E-05 -1.2521517E-04 -1.3879610E-02  0.0000000E+00
  2.0799350E+02  5.9662095E-03 -7.7483174E-05 -4.6094803E-05 -1.3373855E-02  0.0000000E+00
  2.0799350E+02  5.8889790E-03 -1.4083997E-04  3.8183757E-05 -1.2885140E-02  0.0000000E+00
  2.0799350E+02  5.7823644E-03 -1.9983825E-04  1.1870233E-04 -1.2412852E-02  0.0000000E+00
  2.0799350E+02  5.6519810E-03 -2.4968774E-04  1.8785086E-04 -1.1956793E-02  0.0000000E+00
  2.0799350E+02  5.5097826E-03 -2.8698547E-04  2.3967430E-04 -1.1516748E-02  0.0000000E+00
  2.0799350E+02  5.3672936E-03 -3.0908738E-04  2.7028246E-04 -1.1092292E-02  0.0000000E+00
  2.0799350E+02  5.2317061E-03 -3.1420506E-04  2.7821243E-04 -1.0682756E-02  0.0000000E+00
  2.0799350E+02  5.1043302E-03 -3.0189921E-04  2.6463322E-04 -1.0287306E-02  0.0000000E+00
  2.0799350E+02  4.9808821E-03 -2.7364083E-04  2.3328235E-04 -9.9050745E-03  0.0000000E+00
  2.0799350E+02  4.8530943E-03 -2.3311172E-04  1.9002407E-04 -9.5352792E-03  0.0000000E+00
  2.0799350E+02  4.7111349E-03 -1.8591542E-04  1.4191880E-04 -9.1772813E-03  0.0000000E+00
  2.0799350E+02  4.5463226E-03 -1.3837002E-04  9.5693565E-05 -8.8305170E-03  0.0000000E+00
  2.0799350E+02  4.3536179E-03 -9.5054088E-05  5.5503049E-05 -8.4942474E-03  0.0000000E+00
  2.0799350E+02  4.1333827E-03 -5.4776992E-05  1.9870942E-05 -8.1670671E-03  0.0000000E+00
  2.0799350E+02  3.8963286E-03 -1.2400261E-05 -1.6066040E-05 -7.8474938E-03  0.0000000E+00
  2.0799350E+02  3.6806504E-03  1.6902750E-05 -4.0172834E-05 -7.5357236E-03  0.0000000E+00
  2.0799350E+02  3.4866379E-03  4.1546409E-05 -6.0471785E-05 -7.2294167E-03  0.0000000E+00
  2.0799350E+02  3.3093209E-03  5.8642314E-05 -7.4762274E-05 -6.9290749E-03  0.0000000E+00
  2.0799350E+02  3.1432278E-03  6.6506664E-05 -8.0906802E-05 -6.6347323E-03  0.0000000E+00
  2.0799350E+02  2.9838128E-03  6.4957420E-05 -7.7889669E-05 -6.3464076E-03  0.0000000E+00
  2.0799350E+02  2.8282206E-03  5.5234298E-05 -6.6207993E-05 -6.0643260E-03  0.0000000E+00
  2.0799350E+02  2.6755022E-03  3.9643045E-05 -4.7749922E-05 -5.7889623E-03  0.0000000E+00
  2.0799350E+02  2.5263943E-03  2.1025498E-05 -2.5314857E-05 -5.5209547E-03  0.0000000E+00
  2.0799350E+02  2.3827763E-03  2.1568559E-06 -1.9305202E-06 -5.2609416E-03  0.0000000E+00
  2.0799350E+02  2.2469188E-03 -1.4828327E-05  1.9878289E-05 -5.0093725E-03  0.0000000E+00
  2.0799350E+02  2.1206364E-03 -2.8879989E-05  3.8714429E-05 -4.7663417E-03  0.0000000E+00
  2.0799350E+02  2.0044582E-03 -4.0244765E-05  5.4671797E-05 -4.5314992E-03  0.0000000E+00
  2.0799350E+02  1.8971195E-03 -5.0326673E-05  6.9255845E-05 -4.3044927E-03  0.0000000E+00
  2.0799350E+02  1.7943483E-03 -6.1202060E-05  8.4862623E-05 -4.0835439E-03  0.0000000E+00
  2.0799350E+02  1.6899312E-03 -7.4425735E-05  1.0327908E-04 -3.8683631E-03  0.0000000E+00
  2.0799350E+02  1.5752986E-03 -8.9374928E-05  1.2355862E-04 -3.6592063E-03  0.0000000E+00
  2.0799350E+02  1.4394459E-03 -9.8646983E-05  1.3856084E-04 -3.4563490E-03  0.0000000E+00
  2.0799350E+02  1.3135896E-03 -9.8285783E-05  1.4130465E-04 -3.2587992E-03  0.0000000E+00
  2.0799350E+02  1.2046775E-03 -9.5818182E-05  1.3808176E-04 -3.0690020E-03  0.0000000E+00
  2.0799350E+02  1.1026003E-03 -9.3612730E-05  1.3380773E-04 -2.8869868E-03  0.0000000E+00
  2.0799350E+02  1.0020307E-03 -9.2820935E-05  1.3090677E-04 -2.7126887E-03  0.0000000E+00
  2.0799350E+02  9.0101213E-04 -9.3557964E-05  1.2998232E-04 -2.5458677E-03  0.0000000E+00
  2.0799350E+02  7.9977867E-04 -9.5184040E-05  1.3045609E-04 -2.3860951E-03  0.0000000E+00
  2.0799350E+02  6.9979686E-04 -9.6645544E-05  1.3115357E-04 -2.2327900E-03  0.0000000E+00
  2.0799350E+02  6.0301653E-04 -9.6834874E-05  1.3081422E-04 -2.0852873E-03  0.0000000E+00
  2.0799350E+02  5.1132010E-04 -9.4928079E-05  1.2850441E-04 -1.9429229E-03  0.0000000E+00
  2.0799350E+02  4.2615877E-04 -9.0659311E-05  1.2391125E-04 -1.8051161E-03  0.0000000E+00
  2.0799350E+02  3.4836444E-04 -8.4491119E-05  1.1749532E-04 -1.6714337E-03  0.0000000E+00
  2.0799350E+02  2.7812582E-04 -7.7639623E-05  1.1048062E-04 -1.5416186E-03  0.0000000E+00
  2.0799350E+02  0.0000000E+00  0.0000000E+00  0.0000000E+00 -5.2486986E-02  0.0000000E+00
  2.0799350E+02  7.9133965E-03  1.3851754E-04 -3.6856148E-06 -5.2518810E-02  0.0000000E+00
  2.0799350E+02  6.0272534E-02  6.2598796E-04  2.2764565E-06 -5.2529435E-02  0.0000000E+00
  2.0799350E+02  1.4640647E-01  4.4312576E-04 -8.9873648E-05 -5.2518653E-02  0.0000000E+00
  2.0799350E+02  1.8809928E-01 -1.0442243E-03 -2.6361956E-04 -5.2464947E-02  0.0000000E+00
  2.0799350E+02  1.6581896E-01 -3.0730207E-03 -2.9427676E-04 -5.2383226E-02  0.0000000E+00
  2.0799350E+02  1.2151994E-01 -4.7299722E-03 -1.0761413E-04 -5.2308207E-02  0.0000000E+00
  2.0799350E+02  8.4196911E-02 -5.7919069E-03  1.9235013E-04 -5.2266340E-02  0.0000000E+00
  2.0799350E+02  5.9784358E-02 -6.4350298E-03  5.4882737E-04 -5.2252684E-02  0.0000000E+00
  2.0799350E+02  4.4918836E-02 -6.8187254E-03  8.3972337E-04 -5.2232866E-02  0.0000000E+00
  2.0799350E+02  3.6262160E-02 -7.0318786E-03  1.0116374E-03 -5.2166675E-02  0.0000000E+00
  2.0799350E+02  3.1433417E-02 -7.1089698E-03  1.0334406E-03 -5.2013716E-02  0.0000000E+00
  2.0799350E+02  2.8879362E-02 -7.0589304E-03  8.9944417E-04 -5.1741027E-02  0.0000000E+00
  2.0799350E+02  2.7616438E-02 -6.9162766E-03  6.6283592E-04 -5.1334311E-02  0.0000000E+00
  2.0799350E+02  2.6974260E-02 -6.7443585E-03  4.3196721E-04 -5.0794307E-02  0.0000000E+00
  2.0799350E+02  2.6617217E-02 -6.5915712E-03  2.9251701E-04 -5.0129194E-02  0.0000000E+00
  2.0799350E+02  2.6620903E-02 -6.3986867E-03  1.0655412E-04 -4.9356118E-02  0.0000000E+00
  2.0799350E+02  2.6826531E-02 -6.1466851E-03 -1.5470788E-04 -4.8501247E-02  0.0000000E+00
  2.0799350E+02  2.7106960E-02 -5.9031597E-03 -4.0722216E-04 -4.7584892E-02  0.0000000E+00
  2.0799350E+02  2.7352087E-02 -5.7044363E-03 -5.8097448E-04 -4.6621091E-02  0.0000000E+00
  2.0799350E+02  2.7441833E-02 -5.5568091E-03 -6.4548326E-04 -4.5621602E-02  0.0000000E+00
  2.0799350E+02  2.7279819E-02 -5.4393493E-03 -6.1600023E-04 -4.4594663E-02  0.0000000E+00
  2.0799350E+02  2.6850861E-02 -5.3127527E-03 -5.4421295E-04 -4.3550973E-02  0.0000000E+00
  2.0799350E+02  2.6257100E-02 -5.1348871E-03 -4.9492663E-04 -4.2491730E-02  0.0000000E+00
  2.0799350E+02  2.5698902E-02 -4.8904390E-03 -5.1317753E-04 -4.1418264E-02  0.0000000E+00
  2.0799350E+02  2.5357905E-02 -4.6347629E-03 -5.8414787E-04 -4.0336341E-02  0.0000000E+00
  2.0799350E+02  2.5073518E-02 -4.3287877E-03 -7.1567157E-04 -3.9255908E-02  0.0000000E+00
  2.0799350E+02  2.4711601E-02 -4.0858780E-03 -8.0119765E-04 -3.8185991E-02  0.0000000E+00
  2.0799350E+02  2.4054173E-02 -3.9139699E-03 -7.8774212E-04 -3.7127795E-02  0.0000000E+00
  2.0799350E+02  2.3074783E-02 -3.7306350E-03 -7.4275352E-04 -3.6078868E-02  0.0000000E+00
  2.0799350E+02  2.1893743E-02 -3.4960226E-03 -7.2963496E-04 -3.5038230E-02  0.0000000E+00
  2.0799350E+02  2.0672462E-02 -3.2110741E-03 -7.7551152E-04 -3.4011613E-02  0.0000000E+00
  2.0799350E+02  1.9533570E-02 -2.9034637E-03 -8.6603459E-04 -3.2999555E-02  0.0000000E+00
  2.0799350E+02  1.8540929E-02 -2.6132642E-03 -9.5908218E-04 -3.2005076E-02  0.0000000E+00
  2.0799350E+02  1.7696271E-02 -2.3755073E-03 -1.0077306E-03 -3.1030503E-02  0.0000000E+00
  2.0799350E+02  1.6963801E-02 -2.2077900E-03 -9.8377600E-04 -3.0084450E-02  0.0000000E+00
  2.0799350E+02  1.6289197E-02 -2.0999488E-03 -8.9402939E-04 -2.9170281E-02  0.0000000E+00
  2.0799350E+02  1.5633301E-02 -2.0180357E-03 -7.7854894E-04 -2.8290437E-02  0.0000000E+00
  2.0799350E+02  1.4986477E-02 -1.9190907E-03 -6.8365476E-04 -2.7438111E-02  0.0000000E+00
  2.0799350E+02  1.4408767E-02 -1.8381056E-03 -5.7772054E-04 -2.6612305E-02  0.0000000E+00
  2.0799350E+02  1.3828499E-02 -1.7676776E-03 -4.7545175E-04 -2.5809324E-02  0.0000000E+00
  2.0799350E+02  1.3228318E-02 -1.6677591E-03 -4.1113880E-04 -2.5025280E-02  0.0000000E+00
  2.0799350E+02  1.2651395E-02 -1.5576500E-03 -3.7265540E-04 -2.4264175E-02  0.0000000E+00
  2.0799350E+02  1.2121906E-02 -1.4508514E-03 -3.4823966E-04 -2.3525349E-02  0.0000000E+00
  2.0799350E+02  1.1649998E-02 -1.3548967E-03 -3.2920728E-04 -2.2810729E-02  0.0000000E+00
  2.0799350E+02  1.1229491E-02 -1.2708990E-03 -3.1060014E-04 -2.2117904E-02  0.0000000E+00
  2.0799350E+02  1.0846605E-02 -1.1961659E-03 -2.9100215E-04 -2.1445815E-02  0.0000000E+00
  2.0799350E+02  1.0483728E-02 -1.1262612E-03 -2.7126711E-04 -2.0792133E-02  0.0000000E+00
  2.0799350E+02  1.0127220E-02 -1.0579104E-03 -2.5307917E-04 -2.0157602E-02  0.0000000E+00
  2.0799350E+02  9.7678479E-03 -9.9016104E-04 -2.3718081E-04 -1.9538731E-02  0.0000000E+00
  2.0799350E+02  9.4059573E-03 -9.2573732E-04 -2.2241885E-04 -1.8932536E-02  0.0000000E+00
  2.0799350E+02  9.0508872E-03 -8.7018086E-04 -2.0548924E-04 -1.8335908E-02  0.0000000E+00
  2.0799350E+02  8.7172066E-03 -8.2893956E-04 -1.8197192E-04 -1.7745907E-02  0.0000000E+00
  2.0799350E+02  8.4198303E-03 -8.0211578E-04 -1.4933116E-04 -1.7166365E-02  0.0000000E+00
  2.0799350E+02  8.0955655E-03 -7.7873236E-04 -1.1055946E-04 -1.6596496E-02  0.0000000E+00
  2.0799350E+02  7.7935773E-03 -7.5961459E-04 -6.6173151E-05 -1.6036622E-02  0.0000000E+00
  2.0799350E+02  7.5636632E-03 -7.5131726E-04 -1.4740756E-05 -1.5490893E-02  0.0000000E+00
  2.0799350E+02  7.3740928E-03 -7.5326619E-04  4.1941850E-05 -1.4962048E-02  0.0000000E+00
  2.0799350E+02  7.1952078E-03 -7.6117579E-04  1.0068308E-04 -1.4450032E-02  0.0000000E+00
  2.0799350E+02  7.0075026E-03 -7.6999287E-04  1.5753425E-04 -1.3955280E-02  0.0000000E+00
  2.0799350E+02  6.8033083E-03 -7.7553198E-04  2.0861233E-04 -1.3477487E-02  0.0000000E+00
  2.0799350E+02  6.5852993E-03 -7.7517071E-04  2.5066904E-04 -1.3014852E-02  0.0000000E+00
  2.0799350E+02  6.3647123E-03 -7.6784689E-04  2.8110149E-04 -1.2567639E-02  0.0000000E+00
  2.0799350E+02  6.1542668E-03 -7.5355927E-04  2.9852653E-04 -1.2133559E-02  0.0000000E+00
  2.0799350E+02  5.9646718E-03 -7.3261717E-04  3.0241504E-04 -1.1711469E-02  0.0000000E+00
  2.0799350E+02  5.7995317E-03 -7.0484972E-04  2.9297767E-04 -1.1300042E-02  0.0000000E+00
  2.0799350E+02  5.6536158E-03 -6.6931439E-04  2.7098328E-04 -1.0900707E-02  0.0000000E+00
  2.0799350E+02  5.5107818E-03 -6.2397701E-04  2.3730358E-04 -1.0512915E-02  0.0000000E+00
  2.0799350E+02  5.3484062E-03 -5.6659193E-04  1.9255536E-04 -1.0136360E-02  0.0000000E+00
  2.0799350E+02  5.1447392E-03 -4.9630848E-04  1.3666722E-04 -9.7689512E-03  0.0000000E+00
  2.0799350E+02  4.8970309E-03 -4.1703845E-04  6.9787993E-05 -9.4078165E-03  0.0000000E+00
  2.0799350E+02  4.6468895E-03 -3.4422004E-04  9.9267488E-06 -9.0591493E-03  0.0000000E+00
  2.0799350E+02  4.4010594E-03 -2.8219358E-04 -3.6983946E-05 -8.7168537E-03  0.0000000E+00
  2.0799350E+02  4.1639240E-03 -2.3153563E-04 -7.1067547E-05 -8.3814588E-03  0.0000000E+00
  2.0799350E+02  3.9358235E-03 -1.9223204E-04 -9.2958780E-05 -8.0520762E-03  0.0000000E+00
  2.0799350E+02  3.7168969E-03 -1.6414076E-04 -1.0338440E-04 -7.7294205E-03  0.0000000E+00
  2.0799350E+02  3.5060232E-03 -1.4662453E-04 -1.0331674E-04 -7.4126556E-03  0.0000000E+00
  2.0799350E+02  3.3031838E-03 -1.3881322E-04 -9.3853695E-05 -7.1019412E-03  0.0000000E+00
  2.0799350E+02  3.1088720E-03 -1.3944629E-04 -7.6359960E-05 -6.7972894E-03  0.0000000E+00
  2.0799350E+02  2.9252413E-03 -1.4677379E-04 -5.2741195E-05 -6.5006134E-03  0.0000000E+00
  2.0799350E+02  2.7535192E-03 -1.5854737E-04 -2.5321468E-05 -6.2122396E-03  0.0000000E+00
  2.0799350E+02  2.5948203E-03 -1.7211564E-04  3.1004313E-06 -5.9328826E-03  0.0000000E+00
  2.0799350E+02  2.4492171E-03 -1.8466527E-04  2.9529432E-05 -5.6628898E-03  0.0000000E+00
  2.0799350E+02  2.3151100E-03 -1.9369011E-04  5.1323735E-05 -5.4016552E-03  0.0000000E+00
  2.0799350E+02  2.1900832E-03 -1.9765251E-04  6.6893026E-05 -5.1494772E-03  0.0000000E+00
  2.0799350E+02  2.0698440E-03 -1.9711654E-04  7.7179177E-05 -4.9049215E-03  0.0000000E+00
  2.0799350E+02  1.9501800E-03 -1.9606570E-04  8.7188800E-05 -4.6671131E-03  0.0000000E+00
  2.0799350E+02  1.8264033E-03 -2.0272865E-04  1.0621410E-04 -4.4355403E-03  0.0000000E+00
  2.0799350E+02  1.6872441E-03 -2.0751155E-04  1.2262778E-04 -4.2103737E-03  0.0000000E+00
  2.0799350E+02  1.5438222E-03 -2.0593197E-04  1.3129288E-04 -3.9916028E-03  0.0000000E+00
  2.0799350E+02  1.4051667E-03 -2.0036992E-04  1.3399212E-04 -3.7802203E-03  0.0000000E+00
  2.0799350E+02  1.2744913E-03 -1.9332131E-04  1.3326304E-04 -3.5768553E-03  0.0000000E+00
  2.0799350E+02  1.1515696E-03 -1.8671879E-04  1.3141833E-04 -3.3813694E-03  0.0000000E+00
  2.0799350E+02  1.0354652E-03 -1.8164969E-04  1.3001437E-04 -3.1942641E-03  0.0000000E+00
  2.0799350E+02  9.2444382E-04 -1.7822996E-04  1.2963348E-04 -3.0146547E-03  0.0000000E+00
  2.0799350E+02  8.1757109E-04 -1.7581441E-04  1.2998026E-04 -2.8418055E-03  0.0000000E+00
  2.0799350E+02  7.1457672E-04 -1.7328254E-04  1.3015501E-04 -2.6746116E-03  0.0000000E+00
  2.0799350E+02  6.1653161E-04 -1.6944099E-04  1.2904712E-04 -2.5129216E-03  0.0000000E+00
  2.0799350E+02  5.2445050E-04 -1.6339938E-04  1.2577484E-04 -2.3558486E-03  0.0000000E+00
  2.0799350E+02  4.3962461E-04 -1.5493494E-04  1.2007719E-04 -2.2030471E-03  0.0000000E+00
  2.0799350E+02 -1.3204671E-11 -1.2904888E-11 -5.1390258E-13 -2.0498925E-02  0.0000000E+00
  2.0799350E+02  5.5296779E-04  3.6347590E-05 -7.1032268E-06 -2.0702204E-02  0.0000000E+00
  2.0799350E+02  4.1591944E-03  3.5005185E-04 -2.9849351E-05 -2.0924408E-02  0.0000000E+00
  2.0799350E+02  1.5424995E-02  1.2693086E-03 -7.3890482E-05 -2.1202964E-02  0.0000000E+00
  2.0799350E+02  4.4391963E-02  2.7114152E-03 -1.4682379E-04 -2.1515074E-02  0.0000000E+00
  2.0799350E+02  9.7837132E-02  3.9616526E-03 -2.0735284E-04 -2.1821849E-02  0.0000000E+00
  2.0799350E+02  1.6091404E-01  4.2049226E-03 -1.9313512E-04 -2.2107648E-02  0.0000000E+00
  2.0799350E+02  2.0132692E-01  3.2789381E-03 -9.3662332E-05 -2.2391971E-02  0.0000000E+00
  2.0799350E+02  2.0031732E-01  1.6384990E-03  4.6250525E-05 -2.2701555E-02  0.0000000E+00
  2.0799350E+02  1.6942572E-01 -5.4797102E-05  3.4809733E-04 -2.3086145E-02  0.0000000E+00
  2.0799350E+02  1.2949357E-01 -1.4596983E-03  8.2136828E-04 -2.3560343E-02  0.0000000E+00
  2.0799350E+02  9.4740054E-02 -2.4680562E-03  1.3339047E-03 -2.4117261E-02  0.0000000E+00
  2.0799350E+02  6.9532563E-02 -3.0791073E-03  1.7119242E-03 -2.4741059E-02  0.0000000E+00
  2.0799350E+02  5.2442252E-02 -3.3490207E-03  1.8389578E-03 -2.5395211E-02  0.0000000E+00
  2.0799350E+02  4.1421232E-02 -3.3758047E-03  1.6987509E-03 -2.6031029E-02  0.0000000E+00
  2.0799350E+02  3.4567716E-02 -3.2313294E-03  1.3079337E-03 -2.6629299E-02  0.0000000E+00
  2.0799350E+02  3.0410002E-02 -3.0097097E-03  8.3109640E-04 -2.7157388E-02  0.0000000E+00
  2.0799350E+02  2.8058618E-02 -2.8551913E-03  4.4723425E-04 -2.7605190E-02  0.0000000E+00
  2.0799350E+02  2.6815802E-02 -2.7545373E-03  1.6084121E-04 -2.7959116E-02  0.0000000E+00
  2.0799350E+02  2.6162471E-02 -2.6699192E-03 -7.5719828E-05 -2.8213628E-02  0.0000000E+00
  2.0799350E+02  2.5781989E-02 -2.5770249E-03 -3.0370716E-04 -2.8366963E-02  0.0000000E+00
  2.0799350E+02  2.5540273E-02 -2.4763714E-03 -5.3501182E-04 -2.8420815E-02  0.0000000E+00
  2.0799350E+02  2.5433140E-02 -2.3862044E-03 -7.5415064E-04 -2.8381583E-02  0.0000000E+00
  2.0799350E+02  2.5511841E-02 -2.3253708E-03 -9.3470116E-04 -2.8260874E-02  0.0000000E+00
  2.0799350E+02  2.5797698E-02 -2.2945476E-03 -1.0596386E-03 -2.8072864E-02  0.0000000E+00
  2.0799350E+02  2.6196781E-02 -2.2642106E-03 -1.1350353E-03 -2.7826210E-02  0.0000000E+00
  2.0799350E+02  2.6218843E-02 -2.2641344E-03 -1.1703198E-03 -2.7528494E-02  0.0000000E+00
  2.0799350E+02  2.6053769E-02 -2.3250375E-03 -1.1223942E-03 -2.7192040E-02  0.0000000E+00
  2.0799350E+02  2.5905520E-02 -2.3831580E-03 -1.0511320E-03 -2.6818650E-02  0.0000000E+00
  2.0799350E+02  2.5734307E-02 -2.4287362E-03 -9.8123725E-04 -2.6413183E-02  0.0000000E+00
  2.0799350E+02  2.5489248E-02 -2.4666719E-03 -9.1257006E-04 -2.5979489E-02  0.0000000E+00
  2.0799350E+02  2.5136369E-02 -2.5023842E-03 -8.4111451E-04 -2.5520885E-02  0.0000000E+00
  2.0799350E+02  2.4665349E-02 -2.5333378E-03 -7.7017354E-04 -2.5040515E-02  0.0000000E+00
  2.0799350E+02  2.4082643E-02 -2.5460962E-03 -7.1334142E-04 -2.4541571E-02  0.0000000E+00
  2.0799350E+02  2.3398621E-02 -2.5187634E-03 -6.9080440E-04 -2.4027377E-02  0.0000000E+00
  2.0799350E+02  2.2616349E-02 -2.4286764E-03 -7.2052014E-04 -2.3501326E-02  0.0000000E+00
  2.0799350E+02  2.1729658E-02 -2.2652087E-03 -8.0582665E-04 -2.2966671E-02  0.0000000E+00
  2.0799350E+02  2.0738126E-02 -2.0475469E-03 -9.2103128E-04 -2.2426161E-02  0.0000000E+00
  2.0799350E+02  1.9686605E-02 -1.8473024E-03 -9.9653038E-04 -2.1881514E-02  0.0000000E+00
  2.0799350E+02  1.8840599E-02 -1.7776444E-03 -9.2637301E-04 -2.1338111E-02  0.0000000E+00
  2.0799350E+02  1.8135811E-02 -1.7716724E-03 -7.8629012E-04 -2.0800295E-02  0.0000000E+00
  2.0799350E+02  1.7470402E-02 -1.7863781E-03 -6.3191568E-04 -2.0270826E-02  0.0000000E+00
  2.0799350E+02  1.6871335E-02 -1.7991750E-03 -4.8944873E-04 -1.9751795E-02  0.0000000E+00
  2.0799350E+02  1.6324395E-02 -1.7939030E-03 -3.7782589E-04 -1.9242138E-02  0.0000000E+00
  2.0799350E+02  1.5795702E-02 -1.7611591E-03 -3.0634079E-04 -1.8740049E-02  0.0000000E+00
  2.0799350E+02  1.5249909E-02 -1.6981958E-03 -2.7471940E-04 -1.8244327E-02  0.0000000E+00
  2.0799350E+02  1.4664181E-02 -1.6083520E-03 -2.7500179E-04 -1.7754888E-02  0.0000000E+00
  2.0799350E+02  1.4037016E-02 -1.4999837E-03 -2.9458123E-04 -1.7272653E-02  0.0000000E+00
  2.0799350E+02  1.3390997E-02 -1.3848583E-03 -3.1975113E-04 -1.6799060E-02  0.0000000E+00
  2.0799350E+02  1.2768548E-02 -1.2759776E-03 -3.3911074E-04 -1.6335401E-02  0.0000000E+00
  2.0799350E+02  1.2219769E-02 -1.1847970E-03 -3.4618017E-04 -1.5882236E-02  0.0000000E+00
  2.0799350E+02  1.1781443E-02 -1.1178031E-03 -3.4057549E-04 -1.5439091E-02  0.0000000E+00
  2.0799350E+02  1.1446269E-02 -1.0724179E-03 -3.2709468E-04 -1.5004671E-02  0.0000000E+00
  2.0799350E+02  1.1121419E-02 -1.0321934E-03 -3.1206503E-04 -1.4577825E-02  0.0000000E+00
  2.0799350E+02  1.0666192E-02 -9.8508568E-04 -2.9199079E-04 -1.4154337E-02  0.0000000E+00
  2.0799350E+02  1.0166759E-02 -9.6240897E-04 -2.3900515E-04 -1.3732427E-02  0.0000000E+00
  2.0799350E+02  9.6794184E-03 -9.5413026E-04 -1.6522859E-04 -1.3312438E-02  0.0000000E+00
  2.0799350E+02  9.2450446E-03 -9.5464003E-04 -8.4463418E-05 -1.2894012E-02  0.0000000E+00
  2.0799350E+02  8.8798131E-03 -9.6007026E-04 -5.5701793E-06 -1.2479002E-02  0.0000000E+00
  2.0799350E+02  8.5809826E-03 -9.6755880E-04  6.6480377E-05 -1.2070177E-02  0.0000000E+00
  2.0799350E+02  8.3331839E-03 -9.7479797E-04  1.2956414E-04 -1.1670299E-02  0.0000000E+00
  2.0799350E+02  8.1147476E-03 -9.7980866E-04  1.8341220E-04 -1.1281527E-02  0.0000000E+00
  2.0799350E+02  7.9036027E-03 -9.8088089E-04  2.2871414E-04 -1.0905092E-02  0.0000000E+00
  2.0799350E+02  7.6822767E-03 -9.7662231E-04  2.6635903E-04 -1.0541219E-02  0.0000000E+00
  2.0799350E+02  7.4415274E-03 -9.6605562E-04  2.9685706E-04 -1.0189229E-02  0.0000000E+00
  2.0799350E+02  7.1821391E-03 -9.4870622E-04  3.1998483E-04 -9.8477936E-03  0.0000000E+00
  2.0799350E+02  6.9144138E-03 -9.2462115E-04  3.3469729E-04 -9.5152818E-03  0.0000000E+00
  2.0799350E+02  6.6548868E-03 -8.9426069E-04  3.3934920E-04 -9.1901709E-03  0.0000000E+00
  2.0799350E+02  6.4198011E-03 -8.5820366E-04  3.3226927E-04 -8.8714627E-03  0.0000000E+00
  2.0799350E+02  6.2148680E-03 -8.1660769E-04  3.1272972E-04 -8.5590680E-03  0.0000000E+00
  2.0799350E+02  6.0396589E-03 -7.7405001E-04  2.8712176E-04 -8.2541269E-03  0.0000000E+00
  2.0799350E+02  5.8711758E-03 -7.2920819E-04  2.5152395E-04 -7.9553210E-03  0.0000000E+00
  2.0799350E+02  5.6566806E-03 -6.6439198E-04  1.9376387E-04 -7.6622760E-03  0.0000000E+00
  2.0799350E+02  5.4128983E-03 -5.8682682E-04  1.2522352E-04 -7.3755501E-03  0.0000000E+00
  2.0799350E+02  5.1544813E-03 -5.0554689E-04  5.6261230E-05 -7.0949254E-03  0.0000000E+00
  2.0799350E+02  4.8923582E-03 -4.2888711E-04 -4.9109899E-06 -6.8197440E-03  0.0000000E+00
  2.0799350E+02  4.6332968E-03 -3.6303340E-04 -5.2772734E-05 -6.5491969E-03  0.0000000E+00
  2.0799350E+02  4.3803844E-03 -3.1143446E-04 -8.4571792E-05 -6.2825603E-03  0.0000000E+00
  2.0799350E+02  4.1341272E-03 -2.7487777E-04 -1.0004039E-04 -6.0193745E-03  0.0000000E+00
  2.0799350E+02  3.8938729E-03 -2.5203269E-04 -1.0085963E-04 -5.7595605E-03  0.0000000E+00
  2.0799350E+02  3.6592579E-03 -2.4026363E-04 -8.9980470E-05 -5.5034689E-03  0.0000000E+00
  2.0799350E+02  3.4313837E-03 -2.3651597E-04 -7.0909917E-05 -5.2518561E-03  0.0000000E+00
  2.0799350E+02  3.2134231E-03 -2.3807790E-04 -4.7070688E-05 -5.0057830E-03  0.0000000E+00
  2.0799350E+02  3.0103612E-03 -2.4302074E-04 -2.1342942E-05 -4.7664307E-03  0.0000000E+00
  2.0799350E+02  2.8275718E-03 -2.5012086E-04  4.1034888E-06 -4.5348288E-03  0.0000000E+00
  2.0799350E+02  2.6679347E-03 -2.5806595E-04  2.7577905E-05 -4.3114901E-03  0.0000000E+00
  2.0799350E+02  2.5271937E-03 -2.6374853E-04  4.7130107E-05 -4.0959481E-03  0.0000000E+00
  2.0799350E+02  2.3902460E-03 -2.6235607E-04  5.9982392E-05 -3.8871089E-03  0.0000000E+00
  2.0799350E+02  2.2558379E-03 -2.6615080E-04  7.7603454E-05 -3.6847686E-03  0.0000000E+00
  2.0799350E+02  2.1168325E-03 -2.7100402E-04  9.6529915E-05 -3.4873466E-03  0.0000000E+00
  2.0799350E+02  1.9695375E-03 -2.7219491E-04  1.1103442E-04 -3.2949690E-03  0.0000000E+00
  2.0799350E+02  1.8153679E-03 -2.6850589E-04  1.1949585E-04 -3.1082291E-03  0.0000000E+00
  2.0799350E+02  1.6581763E-03 -2.6080361E-04  1.2271359E-04 -2.9278116E-03  0.0000000E+00
  2.0799350E+02  1.5023888E-03 -2.5091877E-04  1.2260434E-04 -2.7542431E-03  0.0000000E+00
  2.0799350E+02  1.3518284E-03 -2.4080761E-04  1.2124988E-04 -2.5877516E-03  0.0000000E+00
  2.0799350E+02  1.2091118E-03 -2.3197721E-04  1.2026479E-04 -2.4282171E-03  0.0000000E+00
  2.0799350E+02  1.0755031E-03 -2.2515733E-04  1.2045244E-04 -2.2751957E-03  0.0000000E+00
  2.0799350E+02  9.5110917E-04 -2.2020109E-04  1.2171830E-04 -2.1279987E-03  0.0000000E+00
  2.0799350E+02  8.3530020E-04 -2.1619713E-04  1.2320885E-04 -1.9858092E-03  0.0000000E+00
  2.0799350E+02  7.2724084E-04 -2.1177552E-04  1.2364512E-04 -1.8478197E-03  0.0000000E+00
  2.0799350E+02 -4.3596460E-12 -4.0392807E-12 -3.8980735E-13 -8.6958033E-03  0.0000000E+00
  2.0799350E+02  1.0455344E-04 -2.7161583E-05  1.4243945E-05 -8.7877795E-03  0.0000000E+00
  2.0799350E+02  8.9781124E-04 -9.8899442E-05  5.8253550E-05 -8.9885203E-03  0.0000000E+00
  2.0799350E+02  2.6524042E-03  1.1107272E-04  9.8864937E-05 -9.3305973E-03  0.0000000E+00
  2.0799350E+02  5.8234989E-03  1.0295883E-03  1.2943746E-04 -9.7587292E-03  0.0000000E+00
  2.0799350E+02  1.3133537E-02  2.8017861E-03  1.5634389E-04 -1.0203615E-02  0.0000000E+00
  2.0799350E+02  2.9149348E-02  5.1705899E-03  9.0328643E-05 -1.0608918E-02  0.0000000E+00
  2.0799350E+02  5.8766739E-02  7.5351709E-03 -2.3239856E-04 -1.0925265E-02  0.0000000E+00
  2.0799350E+02  1.0412248E-01  9.0801371E-03 -7.2879367E-04 -1.1106166E-02  0.0000000E+00
  2.0799350E+02  1.5903515E-01  9.2022163E-03 -1.0669541E-03 -1.1130144E-02  0.0000000E+00
  2.0799350E+02  2.0727100E-01  7.9323094E-03 -1.1420076E-03 -1.1025151E-02  0.0000000E+00
  2.0799350E+02  2.3448325E-01  5.7614895E-03 -1.0495627E-03 -1.0854879E-02  0.0000000E+00
  2.0799350E+02  2.3495669E-01  3.3178844E-03 -8.8706955E-04 -1.0687750E-02  0.0000000E+00
  2.0799350E+02  2.1242658E-01  1.0640487E-03 -6.0500122E-04 -1.0568926E-02  0.0000000E+00
  2.0799350E+02  1.7687256E-01 -8.0354521E-04 -6.0988934E-05 -1.0514741E-02  0.0000000E+00
  2.0799350E+02  1.3927595E-01 -2.1725357E-03  6.4909680E-04 -1.0539441E-02  0.0000000E+00
  2.0799350E+02  1.0668814E-01 -3.0646600E-03  1.3271806E-03 -1.0644320E-02  0.0000000E+00
  2.0799350E+02  8.0968798E-02 -3.4962947E-03  1.6965514E-03 -1.0828967E-02  0.0000000E+00
  2.0799350E+02  6.1755327E-02 -3.5204618E-03  1.7071707E-03 -1.1081683E-02  0.0000000E+00
  2.0799350E+02  4.7986144E-02 -3.2524346E-03  1.4577134E-03 -1.1384753E-02  0.0000000E+00
  2.0799350E+02  3.8502508E-02 -2.8431314E-03  1.0891787E-03 -1.1719794E-02  0.0000000E+00
  2.0799350E+02  3.2277109E-02 -2.4327864E-03  7.1878819E-04 -1.2068761E-02  0.0000000E+00
  2.0799350E+02  2.8419772E-02 -2.1059662E-03  4.0831184E-04 -1.2412935E-02  0.0000000E+00
  2.0799350E+02  2.6110607E-02 -1.8689998E-03  1.6095691E-04 -1.2732253E-02  0.0000000E+00
  2.0799350E+02  2.4610956E-02 -1.6708897E-03 -5.9039638E-05 -1.3007319E-02  0.0000000E+00
  2.0799350E+02  2.3501010E-02 -1.4885285E-03 -2.9038827E-04 -1.3226763E-02  0.0000000E+00
  2.0799350E+02  2.2691714E-02 -1.3071448E-03 -5.1608355E-04 -1.3384777E-02  0.0000000E+00
  2.0799350E+02  2.2448441E-02 -1.1274718E-03 -7.2973066E-04 -1.3486545E-02  0.0000000E+00
  2.0799350E+02  2.2574936E-02 -1.0267859E-03 -8.8686625E-04 -1.3534298E-02  0.0000000E+00
  2.0799350E+02  2.2771454E-02 -9.9978339E-04 -9.7260102E-04 -1.3533384E-02  0.0000000E+00
  2.0799350E+02  2.2898776E-02 -1.0264323E-03 -9.9936001E-04 -1.3492321E-02  0.0000000E+00
  2.0799350E+02  2.2935407E-02 -1.0853737E-03 -9.8859145E-04 -1.3418591E-02  0.0000000E+00
  2.0799350E+02  2.2925421E-02 -1.1606695E-03 -9.5917395E-04 -1.3317028E-02  0.0000000E+00
  2.0799350E+02  2.2925995E-02 -1.2433362E-03 -9.2181063E-04 -1.3190004E-02  0.0000000E+00
  2.0799350E+02  2.2963670E-02 -1.3291062E-03 -8.7869856E-04 -1.3038605E-02  0.0000000E+00
  2.0799350E+02  2.3008356E-02 -1.4138541E-03 -8.2776191E-04 -1.2864034E-02  0.0000000E+00
  2.0799350E+02  2.2974149E-02 -1.4881289E-03 -7.7073725E-04 -1.2668422E-02  0.0000000E+00
  2.0799350E+02  2.2755962E-02 -1.5322316E-03 -7.2439941E-04 -1.2454268E-02  0.0000000E+00
  2.0799350E+02  2.2311033E-02 -1.5132785E-03 -7.3421633E-04 -1.2221723E-02  0.0000000E+00
  2.0799350E+02  2.1946171E-02 -1.4124048E-03 -8.3310527E-04 -1.1976342E-02  0.0000000E+00
  2.0799350E+02  2.1544870E-02 -1.3333208E-03 -9.1048041E-04 -1.1722082E-02  0.0000000E+00
  2.0799350E+02  2.0941418E-02 -1.2780731E-03 -9.4935160E-04 -1.1456382E-02  0.0000000E+00
  2.0799350E+02  2.0224678E-02 -1.2398244E-03 -9.3998403E-04 -1.1185161E-02  0.0000000E+00
  2.0799350E+02  1.9465660E-02 -1.2173153E-03 -8.8243742E-04 -1.0912368E-02  0.0000000E+00
  2.0799350E+02  1.8714761E-02 -1.2100023E-03 -7.8495443E-04 -1.0640430E-02  0.0000000E+00
  2.0799350E+02  1.8002204E-02 -1.2153373E-03 -6.6175644E-04 -1.0370622E-02  0.0000000E+00
  2.0799350E+02  1.7340838E-02 -1.2278040E-03 -5.3045972E-04 -1.0103379E-02  0.0000000E+00
  2.0799350E+02  1.6730398E-02 -1.2393256E-03 -4.0932500E-04 -9.8385816E-03  0.0000000E+00
  2.0799350E+02  1.6162396E-02 -1.2406599E-03 -3.1455349E-04 -9.5758091E-03  0.0000000E+00
  2.0799350E+02  1.5624737E-02 -1.2233963E-03 -2.5784241E-04 -9.3145946E-03  0.0000000E+00
  2.0799350E+02  1.5105231E-02 -1.1821709E-03 -2.4441291E-04 -9.0546932E-03  0.0000000E+00
  2.0799350E+02  1.4593107E-02 -1.1167136E-03 -2.7172372E-04 -8.7963796E-03  0.0000000E+00
  2.0799350E+02  1.4077674E-02 -1.0333437E-03 -3.2908312E-04 -8.5407945E-03  0.0000000E+00
  2.0799350E+02  1.3543267E-02 -9.4552815E-04 -3.9837272E-04 -8.2903543E-03  0.0000000E+00
  2.0799350E+02  1.2973864E-02 -8.6154905E-04 -4.5190907E-04 -8.0437700E-03  0.0000000E+00
  2.0799350E+02  1.2502789E-02 -8.2640052E-04 -4.3275117E-04 -7.8014122E-03  0.0000000E+00
  2.0799350E+02  1.2082448E-02 -8.2389355E-04 -3.7781719E-04 -7.5642935E-03  0.0000000E+00
  2.0799350E+02  1.1655355E-02 -8.2890074E-04 -3.1538643E-04 -7.3297741E-03  0.0000000E+00
  2.0799350E+02  1.1200223E-02 -8.3128517E-04 -2.5390774E-04 -7.0962318E-03  0.0000000E+00
  2.0799350E+02  1.0720421E-02 -8.3010640E-04 -1.9181660E-04 -6.8629400E-03  0.0000000E+00
  2.0799350E+02  1.0233635E-02 -8.2893760E-04 -1.2445694E-04 -6.6299404E-03  0.0000000E+00
  2.0799350E+02  9.7629779E-03 -8.3228026E-04 -4.8484941E-05 -6.3979047E-03  0.0000000E+00
  2.0799350E+02  9.3297574E-03 -8.4306325E-04  3.5868371E-05 -6.1679819E-03  0.0000000E+00
  2.0799350E+02  8.9481447E-03 -8.6121275E-04  1.2429856E-04 -5.9416237E-03  0.0000000E+00
  2.0799350E+02  8.6219654E-03 -8.8327989E-04  2.0931628E-04 -5.7203864E-03  0.0000000E+00
  2.0799350E+02  8.3434000E-03 -9.0314025E-04  2.8225478E-04 -5.5053417E-03  0.0000000E+00
  2.0799350E+02  8.0965074E-03 -9.1356396E-04  3.3532740E-04 -5.2982647E-03  0.0000000E+00
  2.0799350E+02  7.8589638E-03 -9.0916129E-04  3.6518227E-04 -5.0991324E-03  0.0000000E+00
  2.0799350E+02  7.6115876E-03 -8.8995590E-04  3.7503385E-04 -4.9072515E-03  0.0000000E+00
  2.0799350E+02  7.3486653E-03 -8.6613930E-04  3.7696694E-04 -4.7204885E-03  0.0000000E+00
  2.0799350E+02  7.0965192E-03 -8.4939430E-04  3.8058092E-04 -4.5377414E-03  0.0000000E+00
  2.0799350E+02  6.8653170E-03 -8.1603032E-04  3.6728028E-04 -4.3621889E-03  0.0000000E+00
  2.0799350E+02  6.6351220E-03 -7.8333332E-04  3.5075860E-04 -4.1883444E-03  0.0000000E+00
  2.0799350E+02  6.4078939E-03 -7.4476885E-04  3.2270877E-04 -4.0170930E-03  0.0000000E+00
  2.0799350E+02  6.1818286E-03 -6.9731120E-04  2.8092876E-04 -3.8486424E-03  0.0000000E+00
  2.0799350E+02  5.9538266E-03 -6.4091196E-04  2.2744873E-04 -3.6828160E-03  0.0000000E+00
  2.0799350E+02  5.7210495E-03 -5.7779044E-04  1.6686921E-04 -3.5192525E-03  0.0000000E+00
  2.0799350E+02  5.4817341E-03 -5.1162117E-04  1.0493033E-04 -3.3575318E-03  0.0000000E+00
  2.0799350E+02  5.2354373E-03 -4.4669380E-04  4.7332397E-05 -3.1972457E-03  0.0000000E+00
  2.0799350E+02  4.9828825E-03 -3.8712067E-04 -1.1724271E-06 -3.0380339E-03  0.0000000E+00
  2.0799350E+02  4.7255800E-03 -3.3616742E-04 -3.7397059E-05 -2.8796020E-03  0.0000000E+00
  2.0799350E+02  4.4653923E-03 -2.9578178E-04 -6.0025133E-05 -2.7217431E-03  0.0000000E+00
  2.0799350E+02  4.2042163E-03 -2.6639605E-04 -6.9585236E-05 -2.5643804E-03  0.0000000E+00
  2.0799350E+02  3.9439548E-03 -2.4707837E-04 -6.8073703E-05 -2.4076508E-03  0.0000000E+00
  2.0799350E+02  3.6869477E-03 -2.3610810E-04 -5.8205919E-05 -2.2520482E-03  0.0000000E+00
  2.0799350E+02  3.4370351E-03 -2.3205077E-04 -4.2276087E-05 -2.0986459E-03  0.0000000E+00
  2.0799350E+02  3.2014250E-03 -2.3540767E-04 -2.0605401E-05 -1.9494163E-03  0.0000000E+00
  2.0799350E+02  2.9932037E-03 -2.4459317E-04  5.7376822E-06 -1.8058295E-03  0.0000000E+00
  2.0799350E+02  2.8206797E-03 -2.4755551E-04  2.4148009E-05 -1.6683121E-03  0.0000000E+00
  2.0799350E+02  2.6682759E-03 -2.5198137E-04  4.1417477E-05 -1.5371555E-03  0.0000000E+00
  2.0799350E+02  2.5224264E-03 -2.5822921E-04  5.9386591E-05 -1.4104626E-03  0.0000000E+00
  2.0799350E+02  2.3751151E-03 -2.6462708E-04  7.6913107E-05 -1.2873852E-03  0.0000000E+00
  2.0799350E+02  2.2225802E-03 -2.6902266E-04  9.1886795E-05 -1.1677776E-03  0.0000000E+00
  2.0799350E+02  2.0641463E-03 -2.6975899E-04  1.0252176E-04 -1.0519052E-03  0.0000000E+00
  2.0799350E+02  1.9011947E-03 -2.6616867E-04  1.0804229E-04 -9.4020503E-04  0.0000000E+00
  2.0799350E+02  1.7362802E-03 -2.5867899E-04  1.0887825E-04 -8.3309960E-04  0.0000000E+00
  2.0799350E+02  1.5724037E-03 -2.4862067E-04  1.0648598E-04 -7.3086073E-04  0.0000000E+00
  2.0799350E+02  1.4124519E-03 -2.3783276E-04  1.0291068E-04 -6.3352377E-04  0.0000000E+00
  2.0799350E+02  1.2588105E-03 -2.2815641E-04  1.0020629E-04 -5.4085048E-04  0.0000000E+00
  2.0799350E+02  1.1131630E-03 -2.2090996E-04  9.9828885E-05 -4.5233978E-04  0.0000000E+00
  2.0799350E+02 -5.9031896E-13  5.7369612E-14  3.1615040E-14 -9.9522719E-04  0.0000000E+00
  2.0799350E+02  1.7470077E-03 -1.2882815E-04 -9.3572762E-05 -1.0947418E-03  0.0000000E+00
  2.0799350E+02  4.5086030E-03 -7.5345047E-04 -2.3581967E-04 -1.6092841E-03  0.0000000E+00
  2.0799350E+02  6.3352578E-03 -8.2248014E-04 -2.2149363E-04 -2.5291327E-03  0.0000000E+00
  2.0799350E+02  8.9256717E-03  7.6358315E-04 -1.3780037E-04 -3.6061228E-03  0.0000000E+00
  2.0799350E+02  1.4387597E-02  3.9037385E-03 -1.1409974E-04 -4.6377050E-03  0.0000000E+00
  2.0799350E+02  2.5105229E-02  7.7055022E-03 -1.1325581E-04 -5.5177603E-03  0.0000000E+00
  2.0799350E+02  4.2884644E-02  1.1132909E-02 -7.5607476E-05 -6.1929936E-03  0.0000000E+00
  2.0799350E+02  6.9002655E-02  1.3528179E-02 -2.1954447E-04 -6.6228199E-03  0.0000000E+00
  2.0799350E+02  1.0278408E-01  1.4555034E-02 -4.0314716E-04 -6.7888258E-03  0.0000000E+00
  2.0799350E+02  1.4263026E-01  1.4216771E-02 -7.0961504E-04 -6.6986078E-03  0.0000000E+00
  2.0799350E+02  1.8480573E-01  1.2620216E-02 -9.8679702E-04 -6.3821244E-03  0.0000000E+00
  2.0799350E+02  2.2301487E-01  1.0052257E-02 -9.8408508E-04 -5.8860632E-03  0.0000000E+00
  2.0799350E+02  2.4970959E-01  7.0566220E-03 -7.8560671E-04 -5.2663279E-03  0.0000000E+00
  2.0799350E+02  2.5968322E-01  4.2821275E-03 -8.2288289E-04 -4.5770753E-03  0.0000000E+00
  2.0799350E+02  2.5365424E-01  1.9422807E-03 -1.0181371E-03 -3.8557908E-03  0.0000000E+00
  2.0799350E+02  2.3268651E-01 -3.8899325E-04 -7.4602938E-04 -3.1381661E-03  0.0000000E+00
  2.0799350E+02  2.0349791E-01 -2.5097290E-03  1.3371535E-04 -2.4387390E-03  0.0000000E+00
  2.0799350E+02  1.7125910E-01 -4.1005483E-03  1.1529425E-03 -1.7893467E-03  0.0000000E+00
  2.0799350E+02  1.3999141E-01 -5.0314706E-03  1.8619694E-03 -1.2224378E-03  0.0000000E+00
  2.0799350E+02  1.1235718E-01 -5.3541831E-03  2.0456916E-03 -7.5807471E-04  0.0000000E+00
  2.0799350E+02  8.9539369E-02 -5.2467235E-03  1.7580770E-03 -3.9969610E-04  0.0000000E+00
  2.0799350E+02  7.1782776E-02 -4.9271842E-03  1.2326065E-03 -1.4433094E-04  0.0000000E+00
  2.0799350E+02  5.8551389E-02 -4.5690254E-03  7.3316312E-04  1.4307550E-05  0.0000000E+00
  2.0799350E+02  4.8903068E-02 -4.2317596E-03  3.9739774E-04  8.3828123E-05  0.0000000E+00
  2.0799350E+02  4.1683141E-02 -3.8360819E-03  1.3593324E-04  8.3392363E-05  0.0000000E+00
  2.0799350E+02  3.5897637E-02 -3.3249429E-03 -1.6835432E-04  3.4811686E-05  0.0000000E+00
  2.0799350E+02  3.1542610E-02 -2.9066614E-03 -3.0168360E-04 -4.1141448E-05  0.0000000E+00
  2.0799350E+02  2.8402886E-02 -2.5634555E-03 -3.7708826E-04 -1.3088182E-04  0.0000000E+00
  2.0799350E+02  2.6265476E-02 -2.2665840E-03 -4.5807185E-04 -2.2471478E-04  0.0000000E+00
  2.0799350E+02  2.4889948E-02 -1.9994358E-03 -5.5856298E-04 -3.1108129E-04  0.0000000E+00
  2.0799350E+02  2.4026987E-02 -1.7592517E-03 -6.6322625E-04 -3.8187705E-04  0.0000000E+00
  2.0799350E+02  2.3461512E-02 -1.5555671E-03 -7.4588390E-04 -4.3332169E-04  0.0000000E+00
  2.0799350E+02  2.3030220E-02 -1.4001054E-03 -7.8674069E-04 -4.6618212E-04  0.0000000E+00
  2.0799350E+02  2.2643280E-02 -1.2985112E-03 -7.8308916E-04 -4.8395266E-04  0.0000000E+00
  2.0799350E+02  2.2288931E-02 -1.2448719E-03 -7.5168542E-04 -4.9076419E-04  0.0000000E+00
  2.0799350E+02  2.2014265E-02 -1.2227462E-03 -7.1944503E-04 -4.8976809E-04  0.0000000E+00
  2.0799350E+02  2.1885071E-02 -1.2173991E-03 -7.0064856E-04 -4.8273520E-04  0.0000000E+00
  2.0799350E+02  2.1906364E-02 -1.2412293E-03 -6.5655028E-04 -4.7193449E-04  0.0000000E+00
  2.0799350E+02  2.1927230E-02 -1.3012273E-03 -5.4517685E-04 -4.5687014E-04  0.0000000E+00
  2.0799350E+02  2.1896542E-02 -1.3045419E-03 -5.1400129E-04 -4.3629515E-04  0.0000000E+00
  2.0799350E+02  2.1806814E-02 -1.2697493E-03 -5.3902439E-04 -4.1058650E-04  0.0000000E+00
  2.0799350E+02  2.1621473E-02 -1.2029228E-03 -5.9909321E-04 -3.7648396E-04  0.0000000E+00
  2.0799350E+02  2.1315391E-02 -1.1156563E-03 -6.6773259E-04 -3.3337572E-04  0.0000000E+00
  2.0799350E+02  2.0883443E-02 -1.0219689E-03 -7.2133433E-04 -2.8283956E-04  0.0000000E+00
  2.0799350E+02  2.0342440E-02 -9.3545475E-04 -7.4402713E-04 -2.2798166E-04  0.0000000E+00
  2.0799350E+02  1.9722719E-02 -8.6610220E-04 -7.2989708E-04 -1.7217042E-04  0.0000000E+00
  2.0799350E+02  1.9065504E-02 -8.1922025E-04 -6.8259030E-04 -1.1868981E-04  0.0000000E+00
  2.0799350E+02  1.8409791E-02 -7.9379867E-04 -6.1355634E-04 -6.9580720E-05  0.0000000E+00
  2.0799350E+02  1.7784018E-02 -7.8286238E-04 -5.3863075E-04 -2.5172375E-05  0.0000000E+00
  2.0799350E+02  1.7200396E-02 -7.7520592E-04 -4.7386779E-04  1.6046019E-05  0.0000000E+00
  2.0799350E+02  1.6649045E-02 -7.5887048E-04 -4.3042234E-04  5.7402776E-05  0.0000000E+00
  2.0799350E+02  1.6108310E-02 -7.2679667E-04 -4.1053423E-04  1.0274051E-04  0.0000000E+00
  2.0799350E+02  1.5553896E-02 -6.8478430E-04 -4.0282264E-04  1.5505644E-04  0.0000000E+00
  2.0799350E+02  1.4960879E-02 -6.3673976E-04 -4.0334494E-04  2.1080015E-04  0.0000000E+00
  2.0799350E+02  1.4372441E-02 -5.5646337E-04 -4.6663663E-04  2.6484638E-04  0.0000000E+00
  2.0799350E+02  1.3840985E-02 -4.8604954E-04 -5.3062261E-04  3.1700446E-04  0.0000000E+00
  2.0799350E+02  1.3368972E-02 -4.4660288E-04 -5.5617719E-04  3.6618345E-04  0.0000000E+00
  2.0799350E+02  1.2939089E-02 -4.4180915E-04 -5.3312069E-04  4.1243664E-04  0.0000000E+00
  2.0799350E+02  1.2527043E-02 -4.6495459E-04 -4.6814953E-04  4.5630138E-04  0.0000000E+00
  2.0799350E+02  1.2110648E-02 -5.0440632E-04 -3.7589680E-04  4.9835221E-04  0.0000000E+00
  2.0799350E+02  1.1672419E-02 -5.4815453E-04 -2.7176904E-04  5.3925699E-04  0.0000000E+00
  2.0799350E+02  1.1206446E-02 -5.8637545E-04 -1.6872831E-04  5.7925769E-04  0.0000000E+00
  2.0799350E+02  1.0716206E-02 -6.1346770E-04 -7.4532670E-05  6.1843838E-04  0.0000000E+00
  2.0799350E+02  1.0213936E-02 -6.2859963E-04  8.5496106E-06  6.5669061E-04  0.0000000E+00
  2.0799350E+02  9.7186925E-03 -6.3517513E-04  8.2594434E-05  6.9370544E-04  0.0000000E+00
  2.0799350E+02  9.2492303E-03 -6.3924601E-04  1.5231320E-04  7.2925130E-04  0.0000000E+00
  2.0799350E+02  8.8245290E-03 -6.4680731E-04  2.2127322E-04  7.6278121E-04  0.0000000E+00
  2.0799350E+02  8.4556683E-03 -6.6018827E-04  2.8876584E-04  7.9357035E-04  0.0000000E+00
  2.0799350E+02  8.1419999E-03 -6.7342027E-04  3.4575331E-04  8.2041632E-04  0.0000000E+00
  2.0799350E+02  7.8513621E-03 -6.7255990E-04  3.7871208E-04  8.4301544E-04  0.0000000E+00
  2.0799350E+02  7.5590466E-03 -6.6185689E-04  3.9623844E-04  8.6496533E-04  0.0000000E+00
  2.0799350E+02  7.2958320E-03 -6.4000383E-04  3.9403102E-04  8.8428275E-04  0.0000000E+00
  2.0799350E+02  7.0430739E-03 -6.1227334E-04  3.7893939E-04  9.0223225E-04  0.0000000E+00
  2.0799350E+02  6.7926378E-03 -5.8104273E-04  3.5433383E-04  9.1948770E-04  0.0000000E+00
  2.0799350E+02  6.5430937E-03 -5.4705131E-04  3.2187928E-04  9.3642965E-04  0.0000000E+00
  2.0799350E+02  6.2948312E-03 -5.1011374E-04  2.8252570E-04  9.5347248E-04  0.0000000E+00
  2.0799350E+02  6.0502476E-03 -4.7016107E-04  2.3761852E-04  9.7101643E-04  0.0000000E+00
  2.0799350E+02  5.8105765E-03 -4.2749000E-04  1.8909861E-04  9.8960332E-04  0.0000000E+00
  2.0799350E+02  5.5755114E-03 -3.8306953E-04  1.3963365E-04  1.0098697E-03  0.0000000E+00
  2.0799350E+02  5.3434142E-03 -3.3865847E-04  9.2512038E-05  1.0324431E-03  0.0000000E+00
  2.0799350E+02  5.1101151E-03 -2.9635665E-04  5.0943465E-05  1.0580046E-03  0.0000000E+00
  2.0799350E+02  4.8719886E-03 -2.5871912E-04  1.8001186E-05  1.0869598E-03  0.0000000E+00
  2.0799350E+02  4.6254959E-03 -2.2794751E-04 -4.3332471E-06  1.1194838E-03  0.0000000E+00
  2.0799350E+02  4.3688924E-03 -2.0529413E-04 -1.5754918E-05  1.1554057E-03  0.0000000E+00
  2.0799350E+02  4.1041251E-03 -1.9026183E-04 -1.8280966E-05  1.1940994E-03  0.0000000E+00
  2.0799350E+02  3.8365330E-03 -1.7956245E-04 -1.6813136E-05  1.2347564E-03  0.0000000E+00
  2.0799350E+02  3.5687007E-03 -1.7120627E-04 -1.3741289E-05  1.2764835E-03  0.0000000E+00
  2.0799350E+02  3.3141364E-03 -1.6795023E-04 -5.4742995E-06  1.3182771E-03  0.0000000E+00
  2.0799350E+02  3.0931176E-03 -1.6721733E-04  4.6679141E-06  1.3577616E-03  0.0000000E+00
  2.0799350E+02  2.8998736E-03 -1.7071332E-04  1.8440377E-05  1.3940834E-03  0.0000000E+00
  2.0799350E+02  2.7256511E-03 -1.7794777E-04  3.5246730E-05  1.4273357E-03  0.0000000E+00
  2.0799350E+02  2.5626551E-03 -1.8724881E-04  5.3205031E-05  1.4577906E-03  0.0000000E+00
  2.0799350E+02  2.4040720E-03 -1.9657590E-04  7.0125717E-05  1.4858683E-03  0.0000000E+00
  2.0799350E+02  2.2451631E-03 -2.0408471E-04  8.4106568E-05  1.5119026E-03  0.0000000E+00
  2.0799350E+02  2.0837931E-03 -2.0848389E-04  9.3892128E-05  1.5360227E-03  0.0000000E+00
  2.0799350E+02  1.9192070E-03 -2.0923814E-04  9.9095613E-05  1.5583039E-03  0.0000000E+00
  2.0799350E+02  1.7532043E-03 -2.0654554E-04  1.0009261E-04  1.5785755E-03  0.0000000E+00
  2.0799350E+02  1.5884284E-03 -2.0126427E-04  9.7951180E-05  1.5966720E-03  0.0000000E+00
  2.0799350E+02  1.4278857E-03 -1.9468473E-04  9.4166853E-05  1.6124989E-03  0.0000000E+00
  2.0799350E+02  0.0000000E+00  0.0000000E+00  0.0000000E+00  2.2010689E-02  0.0000000E+00
  2.0799350E+02 -6.4284036E-04 -4.0155148E-05 -8.1790610E-05  2.1836769E-02  0.0000000E+00
  2.0799350E+02 -3.2677999E-03  8.8656492E-05 -2.1449362E-04  2.0663853E-02  0.0000000E+00
  2.0799350E+02  3.5608258E-03  1.7053391E-03 -3.1088928E-04  1.8657536E-02  0.0000000E+00
  2.0799350E+02  1.8146669E-02  4.7649648E-03 -1.0030373E-04  1.6431023E-02  0.0000000E+00
  2.0799350E+02  3.5908357E-02  8.1038572E-03  3.3752759E-04  1.4401242E-02  0.0000000E+00
  2.0799350E+02  5.4637729E-02  1.1086232E-02  6.2773278E-04  1.2740678E-02  0.0000000E+00
  2.0799350E+02  7.4530673E-02  1.3539941E-02  7.3980480E-04  1.1466940E-02  0.0000000E+00
  2.0799350E+02  9.8508629E-02  1.4723867E-02  9.5638879E-04  1.0559081E-02  0.0000000E+00
  2.0799350E+02  1.2851779E-01  1.4355052E-02  1.1812134E-03  9.9794964E-03  0.0000000E+00
  2.0799350E+02  1.6042278E-01  1.2701447E-02  1.4952927E-03  9.7034532E-03  0.0000000E+00
  2.0799350E+02  1.8981668E-01  1.0310448E-02  1.9660049E-03  9.7123764E-03  0.0000000E+00
  2.0799350E+02  2.1468032E-01  7.6463742E-03  2.4901769E-03  9.9787058E-03  0.0000000E+00
  2.0799350E+02  2.3514984E-01  4.8744694E-03  2.9132564E-03  1.0466047E-02  0.0000000E+00
  2.0799350E+02  2.5091190E-01  1.9399790E-03  3.1428943E-03  1.1131888E-02  0.0000000E+00
  2.0799350E+02  2.5771643E-01 -8.7932342E-04  2.8575861E-03  1.1931641E-02  0.0000000E+00
  2.0799350E+02  2.5536443E-01 -2.8388081E-03  1.8003234E-03  1.2817379E-02  0.0000000E+00
  2.0799350E+02  2.4575151E-01 -4.4263752E-03  8.8681682E-04  1.3732878E-02  0.0000000E+00
  2.0799350E+02  2.2918317E-01 -5.7763410E-03  3.9439885E-04  1.4627067E-02  0.0000000E+00
  2.0799350E+02  2.0652198E-01 -6.7514886E-03  2.3036263E-04  1.5453131E-02  0.0000000E+00
  2.0799350E+02  1.7983811E-01 -7.2093022E-03  1.9622748E-04  1.6174756E-02  0.0000000E+00
  2.0799350E+02  1.5210070E-01 -7.1390927E-03  1.4422214E-04  1.6767892E-02  0.0000000E+00
  2.0799350E+02  1.2631874E-01 -6.6883005E-03  3.9666002E-05  1.7219703E-02  0.0000000E+00
  2.0799350E+02  1.0453969E-01 -6.0958722E-03 -5.6927838E-05  1.7526265E-02  0.0000000E+00
  2.0799350E+02  8.7114272E-02 -5.5506115E-03 -7.4203613E-05  1.7690554E-02  0.0000000E+00
  2.0799350E+02  7.2613040E-02 -4.9912563E-03 -6.7050783E-05  1.7722208E-02  0.0000000E+00
  2.0799350E+02  6.0133843E-02 -4.3764349E-03  2.3287546E-05  1.7638483E-02  0.0000000E+00
  2.0799350E+02  5.1199823E-02 -3.9049724E-03  6.2988068E-05  1.7462783E-02  0.0000000E+00
  2.0799350E+02  4.4723150E-02 -3.4392489E-03 -8.5471757E-05  1.7213359E-02  0.0000000E+00
  2.0799350E+02  3.9869781E-02 -2.9737587E-03 -3.3441916E-04  1.6910376E-02  0.0000000E+00
  2.0799350E+02  3.6109620E-02 -2.5245765E-03 -5.8986790E-04  1.6572402E-02  0.0000000E+00
  2.0799350E+02  3.3132830E-02 -2.1174842E-03 -7.8118730E-04  1.6213603E-02  0.0000000E+00
  2.0799350E+02  3.0767986E-02 -1.7765239E-03 -8.7390425E-04  1.5843277E-02  0.0000000E+00
  2.0799350E+02  2.8909406E-02 -1.5145673E-03 -8.6948665E-04  1.5466935E-02  0.0000000E+00
  2.0799350E+02  2.7461020E-02 -1.3274934E-03 -7.9595646E-04  1.5088143E-02  0.0000000E+00
  2.0799350E+02  2.6304134E-02 -1.1935669E-03 -6.9318064E-04  1.4710339E-02  0.0000000E+00
  2.0799350E+02  2.5296427E-02 -1.0796076E-03 -5.9668827E-04  1.4337846E-02  0.0000000E+00
  2.0799350E+02  2.4309555E-02 -9.5554397E-04 -5.2386214E-04  1.3975283E-02  0.0000000E+00
  2.0799350E+02  2.3312687E-02 -8.1894117E-04 -4.6635308E-04  1.3624594E-02  0.0000000E+00
  2.0799350E+02  2.2563014E-02 -7.3991460E-04 -3.8353357E-04  1.3280405E-02  0.0000000E+00
  2.0799350E+02  2.2140675E-02 -6.7464832E-04 -3.4723652E-04  1.2938821E-02  0.0000000E+00
  2.0799350E+02  2.1854034E-02 -5.8246381E-04 -3.7948138E-04  1.2600811E-02  0.0000000E+00
  2.0799350E+02  2.1631111E-02 -4.8133470E-04 -4.4788842E-04  1.2268220E-02  0.0000000E+00
  2.0799350E+02  2.1426181E-02 -3.9199677E-04 -5.1975827E-04  1.1944467E-02  0.0000000E+00
  2.0799350E+02  2.1203370E-02 -3.2744158E-04 -5.7157954E-04  1.1630430E-02  0.0000000E+00
  2.0799350E+02  2.0931762E-02 -2.9014929E-04 -5.9217602E-04  1.1326405E-02  0.0000000E+00
  2.0799350E+02  2.0584519E-02 -2.7291448E-04 -5.8245590E-04  1.1031740E-02  0.0000000E+00
  2.0799350E+02  2.0142186E-02 -2.6276312E-04 -5.5230052E-04  1.0745289E-02  0.0000000E+00
  2.0799350E+02  1.9597695E-02 -2.4626935E-04 -5.1586592E-04  1.0465976E-02  0.0000000E+00
  2.0799350E+02  1.8961006E-02 -2.1474618E-04 -4.8647787E-04  1.0193312E-02  0.0000000E+00
  2.0799350E+02  1.8261277E-02 -1.6778413E-04 -4.7230124E-04  9.9277052E-03  0.0000000E+00
  2.0799350E+02  1.7544507E-02 -1.1361178E-04 -4.7396442E-04  9.6704060E-03  0.0000000E+00
  2.0799350E+02  1.6864556E-02 -6.4752440E-05 -4.8531949E-04  9.4229244E-03  0.0000000E+00
  2.0799350E+02  1.6265460E-02 -2.7450858E-05 -4.9851892E-04  9.1857691E-03  0.0000000E+00
  2.0799350E+02  1.5841492E-02 -1.6561770E-05 -4.8636359E-04  8.9583364E-03  0.0000000E+00
  2.0799350E+02  1.5340014E-02  2.6287898E-05 -5.1354420E-04  8.7436762E-03  0.0000000E+00
  2.0799350E+02  1.4714157E-02  1.0449909E-04 -5.7965914E-04  8.5402240E-03  0.0000000E+00
  2.0799350E+02  1.4061381E-02  1.7964385E-04 -6.4169467E-04  8.3454775E-03  0.0000000E+00
  2.0799350E+02  1.3445062E-02  2.2463768E-04 -6.7000994E-04  8.1567170E-03  0.0000000E+00
  2.0799350E+02  1.2899381E-02  2.2567543E-04 -6.4956325E-04  7.9727036E-03  0.0000000E+00
  2.0799350E+02  1.2427716E-02  1.8210861E-04 -5.7912267E-04  7.7919992E-03  0.0000000E+00
  2.0799350E+02  1.2014008E-02  1.0341796E-04 -4.6808223E-04  7.6141789E-03  0.0000000E+00
  2.0799350E+02  1.1630343E-02  5.3726596E-06 -3.3251351E-04  7.4393273E-03  0.0000000E+00
  2.0799350E+02  1.1246031E-02 -9.4489252E-05 -1.9066163E-04  7.2677660E-03  0.0000000E+00
  2.0799350E+02  1.0836022E-02 -1.8122302E-04 -5.8624013E-05  7.0997630E-03  0.0000000E+00
  2.0799350E+02  1.0387604E-02 -2.4595040E-04  5.3130780E-05  6.9352909E-03  0.0000000E+00
  2.0799350E+02  9.9042965E-03 -2.8771233E-04  1.4174642E-04  6.7739007E-03  0.0000000E+00
  2.0799350E+02  9.4058688E-03 -3.1296959E-04  2.1180694E-04  6.6147772E-03  0.0000000E+00
  2.0799350E+02  8.9233993E-03 -3.3201976E-04  2.7235206E-04  6.4570431E-03  0.0000000E+00
  2.0799350E+02  8.4883095E-03 -3.5159911E-04  3.3042214E-04  6.3003774E-03  0.0000000E+00
  2.0799350E+02  8.1112536E-03 -3.5595741E-04  3.6698141E-04  6.1454114E-03  0.0000000E+00
  2.0799350E+02  7.7562546E-03 -3.3350898E-04  3.6258171E-04  5.9921155E-03  0.0000000E+00
  2.0799350E+02  7.4229361E-03 -3.0953419E-04  3.5431173E-04  5.8421575E-03  0.0000000E+00
  2.0799350E+02  7.1123529E-03 -2.8392603E-04  3.3849624E-04  5.6959074E-03  0.0000000E+00
  2.0799350E+02  6.8212949E-03 -2.5803349E-04  3.1558078E-04  5.5535577E-03  0.0000000E+00
  2.0799350E+02  6.5448646E-03 -2.3320778E-04  2.8761257E-04  5.4150400E-03  0.0000000E+00
  2.0799350E+02  6.2800833E-03 -2.1024853E-04  2.5692003E-04  5.2810228E-03  0.0000000E+00
  2.0799350E+02  6.0239921E-03 -1.8898612E-04  2.2508820E-04  5.1515883E-03  0.0000000E+00
  2.0799350E+02  5.7755506E-03 -1.6866758E-04  1.9298250E-04  5.0271618E-03  0.0000000E+00
  2.0799350E+02  5.5346979E-03 -1.4836536E-04  1.6094728E-04  4.9082583E-03  0.0000000E+00
  2.0799350E+02  5.3015703E-03 -1.2750504E-04  1.2925862E-04  4.7954360E-03  0.0000000E+00
  2.0799350E+02  5.0756381E-03 -1.0631449E-04  9.8602571E-05  4.6892316E-03  0.0000000E+00
  2.0799350E+02  4.8549845E-03 -8.6038722E-05  7.0392350E-05  4.5900834E-03  0.0000000E+00
  2.0799350E+02  4.6359555E-03 -6.8764889E-05  4.6738403E-05  4.4982495E-03  0.0000000E+00
  2.0799350E+02  4.4134040E-03 -5.6701757E-05  2.9884892E-05  4.4137267E-03  0.0000000E+00
  2.0799350E+02  4.1817563E-03 -5.0758123E-05  2.0926369E-05  4.3361774E-03  0.0000000E+00
  2.0799350E+02  3.9371254E-03 -4.8264500E-05  1.7618322E-05  4.2648692E-03  0.0000000E+00
  2.0799350E+02  3.6685538E-03 -4.3645055E-05  1.4890660E-05  4.1993047E-03  0.0000000E+00
  2.0799350E+02  3.3963720E-03 -3.9928906E-05  1.2450903E-05  4.1388229E-03  0.0000000E+00
  2.0799350E+02  3.1556271E-03 -3.9939639E-05  1.3430420E-05  4.0809866E-03  0.0000000E+00
  2.0799350E+02  2.9443721E-03 -4.6256090E-05  2.1445631E-05  4.0246870E-03  0.0000000E+00
  2.0799350E+02  2.7561506E-03 -5.8268361E-05  3.6027012E-05  3.9690826E-03  0.0000000E+00
  2.0799350E+02  2.5840158E-03 -7.3632896E-05  5.4430995E-05  3.9138723E-03  0.0000000E+00
  2.0799350E+02  2.4205963E-03 -8.9547612E-05  7.3239165E-05  3.8586699E-03  0.0000000E+00
  2.0799350E+02  2.2604912E-03 -1.0347641E-04  8.9291195E-05  3.8033089E-03  0.0000000E+00
  2.0799350E+02  2.1004340E-03 -1.1365468E-04  1.0035039E-04  3.7477034E-03  0.0000000E+00
  2.0799350E+02  1.9392859E-03 -1.1931585E-04  1.0542407E-04  3.6918176E-03  0.0000000E+00
  2.0799350E+02  1.7776651E-03 -1.2069847E-04  1.0480732E-04  3.6356507E-03  0.0000000E+00
  2.0799350E+02  1.6173527E-03 -1.1887806E-04  9.9899220E-05  3.5792384E-03  0.0000000E+00
  2.0799350E+02  1.4606118E-03 -1.1546759E-04  9.2841064E-05  3.5226710E-03  0.0000000E+00
  2.0799350E+02 -1.7188446E-12 -5.9728076E-13 -9.6333684E-13  6.8359326E-02  0.0000000E+00
  2.0799350E+02 -1.1550282E-02  1.2707143E-04  1.4554016E-05  6.8360055E-02  0.0000000E+00
  2.0799350E+02 -1.2740925E-02  1.0337882E-03  6.3456822E-04  6.6935747E-02  0.0000000E+00
  2.0799350E+02  9.2725307E-03  4.4736708E-03  8.5549710E-04  6.4139371E-02  0.0000000E+00
  2.0799350E+02  3.3238453E-02  9.8719384E-03  4.5759157E-04  6.0758944E-02  0.0000000E+00
  2.0799350E+02  5.5555172E-02  1.5378332E-02 -1.2233367E-05  5.7364607E-02  0.0000000E+00
  2.0799350E+02  7.6818697E-02  2.0186889E-02 -7.9032239E-04  5.4251269E-02  0.0000000E+00
  2.0799350E+02  9.9180499E-02  2.3700156E-02 -1.6617931E-03  5.1549900E-02  0.0000000E+00
  2.0799350E+02  1.2257935E-01  2.5354227E-02 -2.0316887E-03  4.9298094E-02  0.0000000E+00
  2.0799350E+02  1.4414114E-01  2.5161481E-02 -1.8185241E-03  4.7468080E-02  0.0000000E+00
  2.0799350E+02  1.6378095E-01  2.3146814E-02 -1.0409483E-03  4.6030136E-02  0.0000000E+00
  2.0799350E+02  1.8179733E-01  1.9769062E-02  1.0185284E-04  4.4921514E-02  0.0000000E+00
  2.0799350E+02  1.9753141E-01  1.5786371E-02  1.2143716E-03  4.4061087E-02  0.0000000E+00
  2.0799350E+02  2.0945477E-01  1.2007626E-02  1.8066518E-03  4.3395359E-02  0.0000000E+00
  2.0799350E+02  2.1568397E-01  8.9040212E-03  1.6444853E-03  4.2909843E-02  0.0000000E+00
  2.0799350E+02  2.1474886E-01  6.3605541E-03  1.1641301E-03  4.2573351E-02  0.0000000E+00
  2.0799350E+02  2.0869272E-01  4.5104968E-03  4.8593527E-04  4.2343096E-02  0.0000000E+00
  2.0799350E+02  1.9852180E-01  2.7721976E-03  3.1804718E-04  4.2158354E-02  0.0000000E+00
  2.0799350E+02  1.8549374E-01  1.1074253E-03  5.7260570E-04  4.1944500E-02  0.0000000E+00
  2.0799350E+02  1.7067092E-01 -2.9622691E-04  8.6640396E-04  4.1637377E-02  0.0000000E+00
  2.0799350E+02  1.5483181E-01 -1.2683433E-03  9.2056271E-04  4.1211309E-02  0.0000000E+00
  2.0799350E+02  1.3848608E-01 -1.7750845E-03  6.8961530E-04  4.0674067E-02  0.0000000E+00
  2.0799350E+02  1.2223582E-01 -1.9164709E-03  3.0781576E-04  4.0052938E-02  0.0000000E+00
  2.0799350E+02  1.0678927E-01 -1.8595823E-03 -5.8455286E-05  3.9370233E-02  0.0000000E+00
  2.0799350E+02  9.2860472E-02 -1.7062602E-03 -3.6850794E-04  3.8631043E-02  0.0000000E+00
  2.0799350E+02  8.0655673E-02 -1.3331692E-03 -7.8568165E-04  3.7833463E-02  0.0000000E+00
  2.0799350E+02  6.8961168E-02 -8.9724475E-04 -8.8398844E-04  3.6971176E-02  0.0000000E+00
  2.0799350E+02  5.8225174E-02 -5.5985455E-04 -6.4556581E-04  3.6061329E-02  0.0000000E+00
  2.0799350E+02  4.9342359E-02 -1.2818960E-04 -5.1703866E-04  3.5101787E-02  0.0000000E+00
  2.0799350E+02  4.2452804E-02  3.2534031E-04 -5.0512841E-04  3.4096872E-02  0.0000000E+00
  2.0799350E+02  3.7337500E-02  7.2435058E-04 -5.5121990E-04  3.3063239E-02  0.0000000E+00
  2.0799350E+02  3.3591543E-02  1.0208554E-03 -5.8987539E-04  3.2014349E-02  0.0000000E+00
  2.0799350E+02  3.0816824E-02  1.2022306E-03 -5.8071427E-04  3.0966568E-02  0.0000000E+00
  2.0799350E+02  2.8673801E-02  1.2909031E-03 -5.2041070E-04  2.9931062E-02  0.0000000E+00
  2.0799350E+02  2.6931989E-02  1.3305934E-03 -4.3805706E-04  2.8916053E-02  0.0000000E+00
  2.0799350E+02  2.5472156E-02  1.3678306E-03 -3.7906668E-04  2.7929534E-02  0.0000000E+00
  2.0799350E+02  2.4243369E-02  1.4329032E-03 -3.8179611E-04  2.6973103E-02  0.0000000E+00
  2.0799350E+02  2.3217242E-02  1.5238082E-03 -4.5301324E-04  2.6050225E-02  0.0000000E+00
  2.0799350E+02  2.2297925E-02  1.5986456E-03 -5.4458118E-04  2.5154746E-02  0.0000000E+00
  2.0799350E+02  2.1405660E-02  1.6572606E-03 -6.0826322E-04  2.4284076E-02  0.0000000E+00
  2.0799350E+02  2.0608284E-02  1.6914641E-03 -6.3391475E-04  2.3440511E-02  0.0000000E+00
  2.0799350E+02  1.9941872E-02  1.6862326E-03 -6.4265587E-04  2.2618978E-02  0.0000000E+00
  2.0799350E+02  1.9444948E-02  1.6665632E-03 -6.5901909E-04  2.1825738E-02  0.0000000E+00
  2.0799350E+02  1.9082835E-02  1.6360821E-03 -6.7525606E-04  2.1060416E-02  0.0000000E+00
  2.0799350E+02  1.8793006E-02  1.5902871E-03 -6.7496124E-04  2.0321129E-02  0.0000000E+00
  2.0799350E+02  1.8513583E-02  1.5251532E-03 -6.4696270E-04  1.9607684E-02  0.0000000E+00
  2.0799350E+02  1.8196641E-02  1.4410693E-03 -5.9093798E-04  1.8917589E-02  0.0000000E+00
  2.0799350E+02  1.7816284E-02  1.3446439E-03 -5.1754421E-04  1.8253019E-02  0.0000000E+00
  2.0799350E+02  1.7365644E-02  1.2470185E-03 -4.4406995E-04  1.7615316E-02  0.0000000E+00
  2.0799350E+02  1.6852549E-02  1.1610327E-03 -3.8810180E-04  1.7005359E-02  0.0000000E+00
  2.0799350E+02  1.6295247E-02  1.0975582E-03 -3.6099653E-04  1.6423908E-02  0.0000000E+00
  2.0799350E+02  1.5716026E-02  1.0613588E-03 -3.6296558E-04  1.5867802E-02  0.0000000E+00
  2.0799350E+02  1.5150021E-02  1.0487777E-03 -3.8223995E-04  1.5336799E-02  0.0000000E+00
  2.0799350E+02  1.4653581E-02  1.0459070E-03 -3.9934713E-04  1.4832087E-02  0.0000000E+00
  2.0799350E+02  1.4251412E-02  1.0564533E-03 -4.4401538E-04  1.4352358E-02  0.0000000E+00
  2.0799350E+02  1.3758744E-02  1.0989517E-03 -5.3525870E-04  1.3896405E-02  0.0000000E+00
  2.0799350E+02  1.3192263E-02  1.1393871E-03 -6.1864819E-04  1.3462659E-02  0.0000000E+00
  2.0799350E+02  1.2599309E-02  1.1581539E-03 -6.7257593E-04  1.3047796E-02  0.0000000E+00
  2.0799350E+02  1.2024169E-02  1.1428826E-03 -6.8332120E-04  1.2649352E-02  0.0000000E+00
  2.0799350E+02  1.1498953E-02  1.0887115E-03 -6.4567631E-04  1.2265867E-02  0.0000000E+00
  2.0799350E+02  1.1039667E-02  9.9785310E-04 -5.6257531E-04  1.1897021E-02  0.0000000E+00
  2.0799350E+02  1.0642907E-02  8.7759031E-04 -4.4292792E-04  1.1540875E-02  0.0000000E+00
  2.0799350E+02  1.0293373E-02  7.3938957E-04 -3.0029285E-04  1.1197351E-02  0.0000000E+00
  2.0799350E+02  9.9659724E-03  5.9627016E-04 -1.4987792E-04  1.0865652E-02  0.0000000E+00
  2.0799350E+02  9.6333093E-03  4.6081696E-04 -6.1331989E-06  1.0544861E-02  0.0000000E+00
  2.0799350E+02  9.2734261E-03  3.4344344E-04  1.1923864E-04  1.0234489E-02  0.0000000E+00
  2.0799350E+02  8.8739262E-03  2.5015261E-04  2.1960409E-04  9.9324880E-03  0.0000000E+00
  2.0799350E+02  8.4406386E-03  1.8288958E-04  2.9265970E-04  9.6384419E-03  0.0000000E+00
  2.0799350E+02  7.9979637E-03  1.3875322E-04  3.4053479E-04  9.3515564E-03  0.0000000E+00
  2.0799350E+02  7.5887074E-03  1.1135799E-04  3.6713724E-04  9.0712353E-03  0.0000000E+00
  2.0799350E+02  7.2435641E-03  9.8313171E-05  3.7032815E-04  8.7982370E-03  0.0000000E+00
  2.0799350E+02  6.9068974E-03  1.0262107E-04  3.5010297E-04  8.5322327E-03  0.0000000E+00
  2.0799350E+02  6.5998560E-03  1.1168103E-04  3.2307053E-04  8.2734704E-03  0.0000000E+00
  2.0799350E+02  6.3071521E-03  1.2525727E-04  2.9207145E-04  8.0232445E-03  0.0000000E+00
  2.0799350E+02  6.0239648E-03  1.4158133E-04  2.5897676E-04  7.7819537E-03  0.0000000E+00
  2.0799350E+02  5.7514334E-03  1.5829060E-04  2.2524630E-04  7.5499816E-03  0.0000000E+00
  2.0799350E+02  5.4913220E-03  1.7319913E-04  1.9200112E-04  7.3264952E-03  0.0000000E+00
  2.0799350E+02  5.2464427E-03  1.8452485E-04  1.6049511E-04  7.1119489E-03  0.0000000E+00
  2.0799350E+02  5.0175341E-03  1.9119566E-04  1.3188956E-04  6.9065895E-03  0.0000000E+00
  2.0799350E+02  4.8032773E-03  1.9285049E-04  1.0721559E-04  6.7108250E-03  0.0000000E+00
  2.0799350E+02  4.6008218E-03  1.8976451E-04  8.7251707E-05  6.5254355E-03  0.0000000E+00
  2.0799350E+02  4.4050997E-03  1.8267189E-04  7.2226207E-05  6.3502274E-03  0.0000000E+00
  2.0799350E+02  4.2117366E-03  1.7263483E-04  6.1859792E-05  6.1857511E-03  0.0000000E+00
  2.0799350E+02  4.0166499E-03  1.6089841E-04  5.5117104E-05  6.0319272E-03  0.0000000E+00
  2.0799350E+02  3.8172212E-03  1.4884144E-04  5.0225518E-05  5.8882865E-03  0.0000000E+00
  2.0799350E+02  3.6131411E-03  1.3807131E-04  4.4792066E-05  5.7541809E-03  0.0000000E+00
  2.0799350E+02  3.4050190E-03  1.3060995E-04  3.6033930E-05  5.6279966E-03  0.0000000E+00
  2.0799350E+02  3.1705598E-03  1.2866221E-04  2.5195129E-05  5.5090180E-03  0.0000000E+00
  2.0799350E+02  2.9245522E-03  1.2453015E-04  2.0125207E-05  5.3965027E-03  0.0000000E+00
  2.0799350E+02  2.7171603E-03  1.1172060E-04  2.4153826E-05  5.2886419E-03  0.0000000E+00
  2.0799350E+02  2.5392239E-03  9.0134207E-05  3.9048211E-05  5.1846244E-03  0.0000000E+00
  2.0799350E+02  2.3799934E-03  6.2736770E-05  6.1675486E-05  5.0834484E-03  0.0000000E+00
  2.0799350E+02  2.2307132E-03  3.3879553E-05  8.6704795E-05  4.9847845E-03  0.0000000E+00
  2.0799350E+02  2.0845146E-03  7.7768713E-06  1.0874748E-04  4.8881770E-03  0.0000000E+00
  2.0799350E+02  1.9372300E-03 -1.2390125E-05  1.2368525E-04  4.7931795E-03  0.0000000E+00
  2.0799350E+02  1.7876377E-03 -2.4971129E-05  1.2939361E-04  4.6995177E-03  0.0000000E+00
  2.0799350E+02  1.6360607E-03 -3.0066480E-05  1.2596117E-04  4.6065071E-03  0.0000000E+00
  2.0799350E+02  1.4851862E-03 -2.9241901E-05  1.1539996E-04  4.5140479E-03  0.0000000E+00
  2.0799350E+02  1.3382244E-03 -2.5208153E-05  1.0112922E-04  4.4220639E-03  0.0000000E+00
  2.0799350E+02  1.1982462E-03 -2.1167333E-05  8.7140315E-05  4.3307149E-03  0.0000000E+00
  2.0799350E+02 -3.0204701E-09 -1.8698498E-10  3.6301687E-10  9.7479576E-02  0.0000000E+00
  2.0799350E+02 -4.4038617E-03 -2.3732996E-03 -1.1198126E-03  9.6853098E-02  0.0000000E+00
  2.0799350E+02 -1.6396565E-03 -5.9003677E-03 -5.7331675E-03  9.4669063E-02  0.0000000E+00
  2.0799350E+02  4.0683657E-03 -5.4633852E-04 -6.6505110E-03  9.0850578E-02  0.0000000E+00
  2.0799350E+02  1.4624126E-02  9.6406305E-03 -4.1727453E-03  8.6208513E-02  0.0000000E+00
  2.0799350E+02  2.8228421E-02  1.9607280E-02 -1.5435754E-03  8.1373860E-02  0.0000000E+00
  2.0799350E+02  4.2647472E-02  2.7458797E-02  2.5317185E-04  7.6715690E-02  0.0000000E+00
  2.0799350E+02  5.7476508E-02  3.2483514E-02  1.7730136E-03  7.2425727E-02  0.0000000E+00
  2.0799350E+02  7.1262564E-02  3.4989817E-02  3.0366792E-03  6.8583996E-02  0.0000000E+00
  2.0799350E+02  8.4883917E-02  3.5064884E-02  3.8223196E-03  6.5206080E-02  0.0000000E+00
  2.0799350E+02  9.8694148E-02  3.3639920E-02  3.8785198E-03  6.2270605E-02  0.0000000E+00
  2.0799350E+02  1.1113727E-01  3.1707500E-02  3.1776836E-03  5.9741814E-02  0.0000000E+00
  2.0799350E+02  1.2043792E-01  2.9532352E-02  2.1334886E-03  5.7575096E-02  0.0000000E+00
  2.0799350E+02  1.2600621E-01  2.6696129E-02  1.4074888E-03  5.5703407E-02  0.0000000E+00
  2.0799350E+02  1.2823435E-01  2.3063866E-02  1.2675520E-03  5.4041887E-02  0.0000000E+00
  2.0799350E+02  1.2745426E-01  1.9659473E-02  1.0844747E-03  5.2506805E-02  0.0000000E+00
  2.0799350E+02  1.2224485E-01  1.7299653E-02  2.7978455E-04  5.1052338E-02  0.0000000E+00
  2.0799350E+02  1.1424838E-01  1.5451064E-02 -5.3619767E-04  4.9636605E-02  0.0000000E+00
  2.0799350E+02  1.0606711E-01  1.3452488E-02 -8.4159047E-04  4.8233143E-02  0.0000000E+00
  2.0799350E+02  9.8293048E-02  1.1420337E-02 -7.4702185E-04  4.6830085E-02  0.0000000E+00
  2.0799350E+02  9.0568946E-02  9.6605573E-03 -5.3157598E-04  4.5424185E-02  0.0000000E+00
  2.0799350E+02  8.2374098E-02  8.3691522E-03 -4.0035892E-04  4.4017084E-02  0.0000000E+00
  2.0799350E+02  7.3526389E-02  7.5474606E-03 -4.1104734E-04  4.2613073E-02  0.0000000E+00
  2.0799350E+02  6.4392013E-02  7.0583181E-03 -5.1678412E-04  4.1217618E-02  0.0000000E+00
  2.0799350E+02  5.5794295E-02  6.7492296E-03 -6.7278506E-04  3.9835897E-02  0.0000000E+00
  2.0799350E+02  4.8602321E-02  6.5685191E-03 -9.5473077E-04  3.8468314E-02  0.0000000E+00
  2.0799350E+02  4.2619423E-02  6.4960363E-03 -1.3220602E-03  3.7120128E-02  0.0000000E+00
  2.0799350E+02  3.7410721E-02  6.3312636E-03 -1.4564520E-03  3.5777349E-02  0.0000000E+00
  2.0799350E+02  3.2764492E-02  6.0693325E-03 -1.3298974E-03  3.4445318E-02  0.0000000E+00
  2.0799350E+02  2.8629039E-02  5.7693667E-03 -1.0391167E-03  3.3129604E-02  0.0000000E+00
  2.0799350E+02  2.5118040E-02  5.4972048E-03 -7.3568820E-04  3.1834499E-02  0.0000000E+00
  2.0799350E+02  2.2327945E-02  5.2933585E-03 -5.3685717E-04  3.0565096E-02  0.0000000E+00
  2.0799350E+02  2.0251111E-02  5.1636683E-03 -4.8801273E-04  2.9327599E-02  0.0000000E+00
  2.0799350E+02  1.8762785E-02  5.0856950E-03 -5.6350700E-04  2.8128475E-02  0.0000000E+00
  2.0799350E+02  1.7660090E-02  5.0238829E-03 -6.9249153E-04  2.6973064E-02  0.0000000E+00
  2.0799350E+02  1.6731125E-02  4.9465318E-03 -7.9644589E-04  2.5864275E-02  0.0000000E+00
  2.0799350E+02  1.5832326E-02  4.8376160E-03 -8.2507304E-04  2.4801963E-02  0.0000000E+00
  2.0799350E+02  1.4952210E-02  4.6964848E-03 -7.7723643E-04  2.3783610E-02  0.0000000E+00
  2.0799350E+02  1.4239643E-02  4.5184847E-03 -6.9361345E-04  2.2806940E-02  0.0000000E+00
  2.0799350E+02  1.3716480E-02  4.3240224E-03 -6.3047712E-04  2.1867679E-02  0.0000000E+00
  2.0799350E+02  1.3369442E-02  4.1544877E-03 -6.3682412E-04  2.0964317E-02  0.0000000E+00
  2.0799350E+02  1.3259245E-02  3.9650946E-03 -6.4643422E-04  2.0097746E-02  0.0000000E+00
  2.0799350E+02  1.3261628E-02  3.7601829E-03 -6.3499773E-04  1.9265766E-02  0.0000000E+00
  2.0799350E+02  1.3286670E-02  3.5483509E-03 -6.0624589E-04  1.8467985E-02  0.0000000E+00
  2.0799350E+02  1.3271500E-02  3.3381256E-03 -5.7119210E-04  1.7704637E-02  0.0000000E+00
  2.0799350E+02  1.3177243E-02  3.1356154E-03 -5.3711077E-04  1.6975913E-02  0.0000000E+00
  2.0799350E+02  1.2988166E-02  2.9437759E-03 -5.0403566E-04  1.6281684E-02  0.0000000E+00
  2.0799350E+02  1.2710996E-02  2.7629255E-03 -4.6655940E-04  1.5621497E-02  0.0000000E+00
  2.0799350E+02  1.2372342E-02  2.5921431E-03 -4.1871592E-04  1.4994720E-02  0.0000000E+00
  2.0799350E+02  1.2012208E-02  2.4311818E-03 -3.5972769E-04  1.4400727E-02  0.0000000E+00
  2.0799350E+02  1.1671533E-02  2.2825335E-03 -2.9839928E-04  1.3838986E-02  0.0000000E+00
  2.0799350E+02  1.1371727E-02  2.1532782E-03 -2.5393920E-04  1.3308947E-02  0.0000000E+00
  2.0799350E+02  1.1084162E-02  2.0563510E-03 -2.5099172E-04  1.2809595E-02  0.0000000E+00
  2.0799350E+02  1.0687572E-02  2.0108616E-03 -3.0666034E-04  1.2338559E-02  0.0000000E+00
  2.0799350E+02  1.0187533E-02  2.0088821E-03 -3.9928917E-04  1.1892511E-02  0.0000000E+00
  2.0799350E+02  9.7753104E-03  1.9930948E-03 -4.8517800E-04  1.1469542E-02  0.0000000E+00
  2.0799350E+02  9.3882130E-03  1.9512051E-03 -5.4114808E-04  1.1067578E-02  0.0000000E+00
  2.0799350E+02  9.0575492E-03  1.8737126E-03 -5.5302271E-04  1.0685769E-02  0.0000000E+00
  2.0799350E+02  8.7844400E-03  1.7610176E-03 -5.1828849E-04  1.0323269E-02  0.0000000E+00
  2.0799350E+02  8.5530986E-03  1.6195776E-03 -4.4227248E-04  9.9789753E-03  0.0000000E+00
  2.0799350E+02  8.3410439E-03  1.4590281E-03 -3.3511633E-04  9.6514401E-03  0.0000000E+00
  2.0799350E+02  8.1265029E-03  1.2901113E-03 -2.0942053E-04  9.3389322E-03  0.0000000E+00
  2.0799350E+02  7.8932577E-03  1.1232546E-03 -7.8431510E-05  9.0395907E-03  0.0000000E+00
  2.0799350E+02  7.6331926E-03  9.6764318E-04  4.5355309E-05  8.7516285E-03  0.0000000E+00
  2.0799350E+02  7.3467979E-03  8.3062746E-04  1.5130356E-04  8.4735402E-03  0.0000000E+00
  2.0799350E+02  7.0413561E-03  7.1713941E-04  2.3169402E-04  8.2038160E-03  0.0000000E+00
  2.0799350E+02  6.7302394E-03  6.3003000E-04  2.8213665E-04  7.9428406E-03  0.0000000E+00
  2.0799350E+02  6.4256606E-03  5.6837709E-04  3.0340643E-04  7.6900874E-03  0.0000000E+00
  2.0799350E+02  6.1356222E-03  5.2748566E-04  3.0206338E-04  7.4457330E-03  0.0000000E+00
  2.0799350E+02  5.8575276E-03  4.9740329E-04  2.9218256E-04  7.2097325E-03  0.0000000E+00
  2.0799350E+02  5.5756358E-03  4.7288336E-04  2.8323479E-04  6.9812375E-03  0.0000000E+00
  2.0799350E+02  5.3344093E-03  4.5535760E-04  2.6287285E-04  6.7605821E-03  0.0000000E+00
  2.0799350E+02  5.1237648E-03  4.3290088E-04  2.4673219E-04  6.5486570E-03  0.0000000E+00
  2.0799350E+02  4.9188805E-03  4.2031668E-04  2.2273452E-04  6.3457340E-03  0.0000000E+00
  2.0799350E+02  4.7106534E-03  4.2060544E-04  1.8835886E-04  6.1518472E-03  0.0000000E+00
  2.0799350E+02  4.4991512E-03  4.3000374E-04  1.4681269E-04  5.9670072E-03  0.0000000E+00
  2.0799350E+02  4.2887370E-03  4.4183249E-04  1.0397439E-04  5.7913103E-03  0.0000000E+00
  2.0799350E+02  4.0846625E-03  4.4927250E-04  6.6062772E-05  5.6249647E-03  0.0000000E+00
  2.0799350E+02  3.8909252E-03  4.4718589E-04  3.7989708E-05  5.4682541E-03  0.0000000E+00
  2.0799350E+02  3.7091837E-03  4.3310192E-04  2.2351500E-05  5.3214586E-03  0.0000000E+00
  2.0799350E+02  3.5385259E-03  4.0748553E-04  1.9014952E-05  5.1847541E-03  0.0000000E+00
  2.0799350E+02  3.3758868E-03  3.7340727E-04  2.5253946E-05  5.0581098E-03  0.0000000E+00
  2.0799350E+02  3.2169088E-03  3.3573286E-04  3.6392359E-05  4.9412054E-03  0.0000000E+00
  2.0799350E+02  3.0570403E-03  2.9995108E-04  4.6909165E-05  4.8333872E-03  0.0000000E+00
  2.0799350E+02  2.8926678E-03  2.7075821E-04  5.1961572E-05  4.7336845E-03  0.0000000E+00
  2.0799350E+02  2.7220769E-03  2.5051778E-04  4.9282005E-05  4.6409065E-03  0.0000000E+00
  2.0799350E+02  2.5460352E-03  2.3771380E-04  4.1404812E-05  4.5538399E-03  0.0000000E+00
  2.0799350E+02  2.3589905E-03  2.2497329E-04  3.9254061E-05  4.4712027E-03  0.0000000E+00
  2.0799350E+02  2.1894033E-03  2.0334950E-04  4.9420580E-05  4.3923380E-03  0.0000000E+00
  2.0799350E+02  2.0495597E-03  1.7410847E-04  6.8146978E-05  4.3168296E-03  0.0000000E+00
  2.0799350E+02  1.9234940E-03  1.4106612E-04  9.1508517E-05  4.2438689E-03  0.0000000E+00
  2.0799350E+02  1.8008031E-03  1.0868175E-04  1.1429308E-04  4.1728912E-03  0.0000000E+00
  2.0799350E+02  1.6757230E-03  8.0826598E-05  1.3184130E-04  4.1034037E-03  0.0000000E+00
  2.0799350E+02  1.5461807E-03  6.0051226E-05  1.4112199E-04  4.0349159E-03  0.0000000E+00
  2.0799350E+02  1.4128436E-03  4.7274084E-05  1.4117277E-04  3.9669438E-03  0.0000000E+00
  2.0799350E+02  1.2781909E-03  4.1813969E-05  1.3303575E-04  3.8990669E-03  0.0000000E+00
  2.0799350E+02  1.1456286E-03  4.1688841E-05  1.1931832E-04  3.8310104E-03  0.0000000E+00
  2.0799350E+02  1.0186726E-03  4.4103555E-05  1.0350875E-04  3.7627301E-03  0.0000000E+00
  2.0799350E+02  9.0022244E-04  4.6049090E-05  8.9176718E-05  3.6944742E-03  0.0000000E+00
  2.0799350E+02  7.9194818E-04  4.4935775E-05  7.9188467E-05  3.6267976E-03  0.0000000E+00
  2.0799350E+02  1.7241615E-09 -1.2311786E-10 -1.4629142E-10  6.0197538E-02  0.0000000E+00
  2.0799350E+02  2.2115791E-02 -1.4341598E-03 -3.8400758E-03  5.8576524E-02  0.0000000E+00
  2.0799350E+02  2.9527393E-02 -7.5291366E-03 -5.1231539E-03  5.6057738E-02  0.0000000E+00
  2.0799350E+02  3.8549180E-03 -3.7275171E-03  6.7741263E-04  5.2335373E-02  0.0000000E+00
  2.0799350E+02 -9.3711742E-03  6.6339035E-03  5.5618796E-03  4.7910818E-02  0.0000000E+00
  2.0799350E+02 -1.1676043E-02  1.6954005E-02  7.4665086E-03  4.3302223E-02  0.0000000E+00
  2.0799350E+02 -9.0567581E-03  2.5383180E-02  7.1094009E-03  3.8874819E-02  0.0000000E+00
  2.0799350E+02 -4.7436802E-03  3.1606379E-02  5.6644734E-03  3.4854572E-02  0.0000000E+00
  2.0799350E+02  9.5019638E-04  3.5426037E-02  4.1754391E-03  3.1358773E-02  0.0000000E+00
  2.0799350E+02  7.1900205E-03  3.6737796E-02  3.3557602E-03  2.8406807E-02  0.0000000E+00
  2.0799350E+02  1.3345481E-02  3.6110164E-02  2.9410272E-03  2.5954315E-02  0.0000000E+00
  2.0799350E+02  1.9127854E-02  3.4299674E-02  2.4731402E-03  2.3926224E-02  0.0000000E+00
  2.0799350E+02  2.4428908E-02  3.1905805E-02  1.7572800E-03  2.2242478E-02  0.0000000E+00
  2.0799350E+02  2.8971134E-02  2.9283524E-02  9.1054611E-04  2.0832223E-02  0.0000000E+00
  2.0799350E+02  3.2482626E-02  2.6532431E-02  2.0967978E-04  1.9638140E-02  0.0000000E+00
  2.0799350E+02  3.5501698E-02  2.3616248E-02 -2.2831867E-04  1.8610611E-02  0.0000000E+00
  2.0799350E+02  3.6473264E-02  2.0949718E-02 -4.2152181E-04  1.7702742E-02  0.0000000E+00
  2.0799350E+02  3.6563860E-02  1.8542945E-02 -4.6023711E-04  1.6873554E-02  0.0000000E+00
  2.0799350E+02  3.6204892E-02  1.6456023E-02 -5.7952382E-04  1.6101592E-02  0.0000000E+00
  2.0799350E+02  3.5179336E-02  1.4710567E-02 -8.6152148E-04  1.5380648E-02  0.0000000E+00
  2.0799350E+02  3.3332094E-02  1.3294757E-02 -1.2733316E-03  1.4710030E-02  0.0000000E+00
  2.0799350E+02  3.0790806E-02  1.2164787E-02 -1.7112005E-03  1.4087627E-02  0.0000000E+00
  2.0799350E+02  2.7876107E-02  1.1249738E-02 -2.0489899E-03  1.3506109E-02  0.0000000E+00
  2.0799350E+02  2.4880318E-02  1.0466867E-02 -2.1889226E-03  1.2952606E-02  0.0000000E+00
  2.0799350E+02  2.1893566E-02  9.7543215E-03 -2.1125885E-03  1.2412212E-02  0.0000000E+00
  2.0799350E+02  1.8856327E-02  9.1282768E-03 -1.9301994E-03  1.1875642E-02  0.0000000E+00
  2.0799350E+02  1.6052658E-02  8.5537791E-03 -1.7459806E-03  1.1344345E-02  0.0000000E+00
  2.0799350E+02  1.4073581E-02  8.0678129E-03 -1.7084708E-03  1.0819997E-02  0.0000000E+00
  2.0799350E+02  1.2543146E-02  7.6492330E-03 -1.6514307E-03  1.0302211E-02  0.0000000E+00
  2.0799350E+02  1.1233248E-02  7.2529149E-03 -1.4995249E-03  9.7925723E-03  0.0000000E+00
  2.0799350E+02  1.0067982E-02  6.8765968E-03 -1.2890753E-03  9.2944951E-03  0.0000000E+00
  2.0799350E+02  9.0409687E-03  6.5316676E-03 -1.0839536E-03  8.8117065E-03  0.0000000E+00
  2.0799350E+02  8.1683169E-03  6.2250403E-03 -9.2877993E-04  8.3473129E-03  0.0000000E+00
  2.0799350E+02  7.4675888E-03  5.9507712E-03 -8.3168937E-04  7.9033441E-03  0.0000000E+00
  2.0799350E+02  6.9531179E-03  5.6900809E-03 -7.6893013E-04  7.4806731E-03  0.0000000E+00
  2.0799350E+02  6.6380405E-03  5.4184397E-03 -7.0355698E-04  7.0792119E-03  0.0000000E+00
  2.0799350E+02  6.5333945E-03  5.1183725E-03 -6.1048281E-04  6.6982792E-03  0.0000000E+00
  2.0799350E+02  6.6346461E-03  4.7966449E-03 -5.0015191E-04  6.3370406E-03  0.0000000E+00
  2.0799350E+02  6.8859978E-03  4.5044874E-03 -4.3309804E-04  5.9949182E-03  0.0000000E+00
  2.0799350E+02  7.2489319E-03  4.2555195E-03 -4.3176737E-04  5.6693647E-03  0.0000000E+00
  2.0799350E+02  7.6451185E-03  4.0028389E-03 -4.1135122E-04  5.3568846E-03  0.0000000E+00
  2.0799350E+02  7.8978690E-03  3.8029035E-03 -4.2408266E-04  5.0609423E-03  0.0000000E+00
  2.0799350E+02  8.0111075E-03  3.6368380E-03 -4.5927313E-04  4.7819342E-03  0.0000000E+00
  2.0799350E+02  8.0339102E-03  3.4810010E-03 -4.9321086E-04  4.5191444E-03  0.0000000E+00
  2.0799350E+02  8.0226797E-03  3.3163575E-03 -5.0513064E-04  4.2717883E-03  0.0000000E+00
  2.0799350E+02  8.0176054E-03  3.1333548E-03 -4.8524612E-04  4.0395413E-03  0.0000000E+00
  2.0799350E+02  8.0314110E-03  2.9331367E-03 -4.3658185E-04  3.8226614E-03  0.0000000E+00
  2.0799350E+02  8.0483913E-03  2.7259314E-03 -3.7234257E-04  3.6218219E-03  0.0000000E+00
  2.0799350E+02  8.0317392E-03  2.5274485E-03 -3.1055689E-04  3.4377624E-03  0.0000000E+00
  2.0799350E+02  7.9371667E-03  2.3541187E-03 -2.6773293E-04  3.2708728E-03  0.0000000E+00
  2.0799350E+02  7.7308203E-03  2.2180139E-03 -2.5326318E-04  3.1208202E-03  0.0000000E+00
  2.0799350E+02  7.4094924E-03  2.1222801E-03 -2.6631584E-04  2.9863330E-03  0.0000000E+00
  2.0799350E+02  7.0211324E-03  2.0579204E-03 -2.9695022E-04  2.8652518E-03  0.0000000E+00
  2.0799350E+02  6.6836578E-03  2.0027612E-03 -3.3319332E-04  2.7549606E-03  0.0000000E+00
  2.0799350E+02  6.4439742E-03  1.9417885E-03 -3.6865233E-04  2.6549560E-03  0.0000000E+00
  2.0799350E+02  6.3020068E-03  1.8633937E-03 -3.8547829E-04  2.5659696E-03  0.0000000E+00
  2.0799350E+02  6.2645593E-03  1.7573806E-03 -3.7482979E-04  2.4864308E-03  0.0000000E+00
  2.0799350E+02  6.2562288E-03  1.6280969E-03 -3.3234611E-04  2.4154475E-03  0.0000000E+00
  2.0799350E+02  6.2302299E-03  1.4813740E-03 -2.5929556E-04  2.3518852E-03  0.0000000E+00
  2.0799350E+02  6.1621462E-03  1.3249447E-03 -1.6258922E-04  2.2944270E-03  0.0000000E+00
  2.0799350E+02  6.0444188E-03  1.1679683E-03 -5.3513901E-05  2.2416667E-03  0.0000000E+00
  2.0799350E+02  5.8814855E-03  1.0199530E-03  5.4389278E-05  2.1922220E-03  0.0000000E+00
  2.0799350E+02  5.6854822E-03  8.8936737E-04  1.4787389E-04  2.1448544E-03  0.0000000E+00
  2.0799350E+02  5.4724197E-03  7.8223305E-04  2.1653840E-04  2.0985837E-03  0.0000000E+00
  2.0799350E+02  5.2587486E-03  7.0098721E-04  2.5495081E-04  2.0527831E-03  0.0000000E+00
  2.0799350E+02  5.0582247E-03  6.4390822E-04  2.6392133E-04  2.0072427E-03  0.0000000E+00
  2.0799350E+02  4.8789879E-03  6.0539425E-04  2.5049637E-04  1.9621875E-03  0.0000000E+00
  2.0799350E+02  4.7207662E-03  5.7738622E-04  2.2624736E-04  1.9182376E-03  0.0000000E+00
  2.0799350E+02  4.5721198E-03  5.5222621E-04  2.0342768E-04  1.8762974E-03  0.0000000E+00
  2.0799350E+02  4.4076346E-03  5.2724225E-04  1.8857133E-04  1.8373603E-03  0.0000000E+00
  2.0799350E+02  4.1969605E-03  5.0895243E-04  1.7553045E-04  1.8014837E-03  0.0000000E+00
  2.0799350E+02  4.0146579E-03  4.9375851E-04  1.5594880E-04  1.7679730E-03  0.0000000E+00
  2.0799350E+02  3.8588953E-03  4.8545115E-04  1.2482717E-04  1.7381172E-03  0.0000000E+00
  2.0799350E+02  3.7115591E-03  4.8402546E-04  8.6545012E-05  1.7118795E-03  0.0000000E+00
  2.0799350E+02  3.5624327E-03  4.8573936E-04  4.7609286E-05  1.6898164E-03  0.0000000E+00
  2.0799350E+02  3.4073082E-03  4.8574824E-04  1.4246928E-05  1.6725735E-03  0.0000000E+00
  2.0799350E+02  3.2462134E-03  4.7985566E-04 -9.0612730E-06  1.6605845E-03  0.0000000E+00
  2.0799350E+02  3.0817946E-03  4.6550890E-04 -2.0257412E-05  1.6539332E-03  0.0000000E+00
  2.0799350E+02  2.9178939E-03  4.4216796E-04 -1.9745777E-05  1.6523431E-03  0.0000000E+00
  2.0799350E+02  2.7583642E-03  4.1117660E-04 -9.9467255E-06  1.6552555E-03  0.0000000E+00
  2.0799350E+02  2.6061590E-03  3.7526417E-04  5.4828925E-06  1.6619596E-03  0.0000000E+00
  2.0799350E+02  2.4627394E-03  3.3780676E-04  2.2610785E-05  1.6717369E-03  0.0000000E+00
  2.0799350E+02  2.3278378E-03  3.0197639E-04  3.8219759E-05  1.6839822E-03  0.0000000E+00
  2.0799350E+02  2.1996192E-03  2.6990683E-04  5.0675772E-05  1.6982637E-03  0.0000000E+00
  2.0799350E+02  2.0752794E-03  2.4200478E-04  6.0521507E-05  1.7142856E-03  0.0000000E+00
  2.0799350E+02  1.9521215E-03  2.1653493E-04  7.0643494E-05  1.7317140E-03  0.0000000E+00
  2.0799350E+02  1.8291498E-03  1.8960764E-04  8.5860797E-05  1.7498301E-03  0.0000000E+00
  2.0799350E+02  1.7110721E-03  1.6002237E-04  1.0592157E-04  1.7677493E-03  0.0000000E+00
  2.0799350E+02  1.6041007E-03  1.3413167E-04  1.2085863E-04  1.7859632E-03  0.0000000E+00
  2.0799350E+02  1.4993515E-03  1.1058961E-04  1.3278365E-04  1.8034503E-03  0.0000000E+00
  2.0799350E+02  1.3920776E-03  9.1203232E-05  1.3962765E-04  1.8196726E-03  0.0000000E+00
  2.0799350E+02  1.2807119E-03  7.6458351E-05  1.4118478E-04  1.8341171E-03  0.0000000E+00
  2.0799350E+02  1.1659475E-03  6.6069363E-05  1.3824348E-04  1.8463855E-03  0.0000000E+00
  2.0799350E+02  1.0498863E-03  5.9346923E-05  1.3200078E-04  1.8562467E-03  0.0000000E+00
  2.0799350E+02  9.3527879E-04  5.5420379E-05  1.2370838E-04  1.8636582E-03  0.0000000E+00
  2.0799350E+02  8.2487687E-04  5.3351766E-05  1.1449922E-04  1.8687635E-03  0.0000000E+00
  2.0799350E+02  7.2091973E-04  5.2178188E-05  1.0534319E-04  1.8718691E-03  0.0000000E+00
  2.0799350E+02  6.2477560E-04  5.0919406E-05  9.7080885E-05  1.8734085E-03  0.0000000E+00
  2.0799350E+02  5.3676047E-04  4.8587456E-05  9.0483821E-05  1.8738980E-03  0.0000000E+00
  2.0799350E+02  4.5615528E-04  4.4235125E-05  8.6290057E-05  1.8738909E-03  0.0000000E+00
  2.0799350E+02  0.0000000E+00  0.0000000E+00  0.0000000E+00 -3.1931081E-02  0.0000000E+00
  2.0799350E+02  4.8318810E-02  8.6382942E-04 -2.0849267E-04 -3.2617732E-02  0.0000000E+00
  2.0799350E+02  8.1840311E-02 -2.6536691E-03  6.2282909E-04 -3.2868901E-02  0.0000000E+00
  2.0799350E+02  3.0201976E-02 -3.0706594E-03  2.0956504E-03 -3.3246611E-02  0.0000000E+00
  2.0799350E+02 -7.9277713E-03  2.3452007E-03  2.4192109E-03 -3.3928769E-02  0.0000000E+00
  2.0799350E+02 -2.4512133E-02  8.8093617E-03  2.0536418E-03 -3.4770847E-02  0.0000000E+00
  2.0799350E+02 -3.0966932E-02  1.3940309E-02  1.7192381E-03 -3.5573277E-02  0.0000000E+00
  2.0799350E+02 -3.1971004E-02  1.7196925E-02  1.3677637E-03 -3.6186485E-02  0.0000000E+00
  2.0799350E+02 -2.9770757E-02  1.8693589E-02  1.0504248E-03 -3.6517850E-02  0.0000000E+00
  2.0799350E+02 -2.5511929E-02  1.8920433E-02  6.6467226E-04 -3.6538966E-02  0.0000000E+00
  2.0799350E+02 -2.0080325E-02  1.8159778E-02  4.3813164E-04 -3.6261211E-02  0.0000000E+00
  2.0799350E+02 -1.4433436E-02  1.6655463E-02  6.1478672E-04 -3.5718777E-02  0.0000000E+00
  2.0799350E+02 -9.1629558E-03  1.4707484E-02  1.1180785E-03 -3.4956531E-02  0.0000000E+00
  2.0799350E+02 -4.6625520E-03  1.2744916E-02  1.5702511E-03 -3.4028988E-02  0.0000000E+00
  2.0799350E+02 -1.0401629E-03  1.1115150E-02  1.6272553E-03 -3.2989796E-02  0.0000000E+00
  2.0799350E+02  2.1265287E-03  9.6528076E-03  1.4925920E-03 -3.1894669E-02  0.0000000E+00
  2.0799350E+02  4.8389280E-03  8.4325287E-03  1.2046685E-03 -3.0784380E-02  0.0000000E+00
  2.0799350E+02  6.8090866E-03  7.4978248E-03  7.7683450E-04 -2.9685358E-02  0.0000000E+00
  2.0799350E+02  7.9257843E-03  6.8120354E-03  2.8589270E-04 -2.8600194E-02  0.0000000E+00
  2.0799350E+02  8.5186056E-03  6.2970576E-03 -2.2629209E-04 -2.7531574E-02  0.0000000E+00
  2.0799350E+02  8.9786522E-03  5.8724824E-03 -7.2262414E-04 -2.6483824E-02  0.0000000E+00
  2.0799350E+02  9.5298703E-03  5.4833071E-03 -1.1672180E-03 -2.5460780E-02  0.0000000E+00
  2.0799350E+02  1.0135953E-02  5.1163789E-03 -1.5307744E-03 -2.4470767E-02  0.0000000E+00
  2.0799350E+02  1.0545466E-02  4.7936073E-03 -1.8032331E-03 -2.3513124E-02  0.0000000E+00
  2.0799350E+02  1.0441517E-02  4.5542526E-03 -1.9840578E-03 -2.2584893E-02  0.0000000E+00
  2.0799350E+02  9.6946392E-03  4.4141295E-03 -2.0491394E-03 -2.1680239E-02  0.0000000E+00
  2.0799350E+02  8.9253482E-03  4.2646939E-03 -1.9883455E-03 -2.0804807E-02  0.0000000E+00
  2.0799350E+02  8.1488011E-03  4.1801137E-03 -1.9358408E-03 -1.9963318E-02  0.0000000E+00
  2.0799350E+02  7.3274491E-03  4.0816664E-03 -1.8475050E-03 -1.9163823E-02  0.0000000E+00
  2.0799350E+02  6.5796398E-03  3.9113004E-03 -1.7046244E-03 -1.8411096E-02  0.0000000E+00
  2.0799350E+02  5.9716296E-03  3.6722601E-03 -1.5118138E-03 -1.7704964E-02  0.0000000E+00
  2.0799350E+02  5.5352292E-03  3.3981575E-03 -1.2895283E-03 -1.7046064E-02  0.0000000E+00
  2.0799350E+02  5.2717321E-03  3.1271622E-03 -1.0635910E-03 -1.6429073E-02  0.0000000E+00
  2.0799350E+02  5.1646073E-03  2.8890977E-03 -8.5922140E-04 -1.5848695E-02  0.0000000E+00
  2.0799350E+02  5.1842409E-03  2.6976806E-03 -6.9459760E-04 -1.5298228E-02  0.0000000E+00
  2.0799350E+02  5.2917129E-03  2.5510615E-03 -5.7787827E-04 -1.4774256E-02  0.0000000E+00
  2.0799350E+02  5.4420460E-03  2.4342974E-03 -5.0351776E-04 -1.4271471E-02  0.0000000E+00
  2.0799350E+02  5.5863563E-03  2.3294921E-03 -4.5423472E-04 -1.3787331E-02  0.0000000E+00
  2.0799350E+02  5.6736482E-03  2.2269340E-03 -4.0420791E-04 -1.3320758E-02  0.0000000E+00
  2.0799350E+02  5.7598046E-03  2.1187774E-03 -3.4407081E-04 -1.2874093E-02  0.0000000E+00
  2.0799350E+02  5.9056661E-03  1.9953483E-03 -3.0568457E-04 -1.2443699E-02  0.0000000E+00
  2.0799350E+02  6.0544829E-03  1.8819905E-03 -2.9101398E-04 -1.2027436E-02  0.0000000E+00
  2.0799350E+02  6.2076239E-03  1.7814322E-03 -2.9166646E-04 -1.1624611E-02  0.0000000E+00
  2.0799350E+02  6.3506916E-03  1.6889645E-03 -2.9415519E-04 -1.1234635E-02  0.0000000E+00
  2.0799350E+02  6.4626649E-03  1.5992523E-03 -2.8786385E-04 -1.0858744E-02  0.0000000E+00
  2.0799350E+02  6.5248891E-03  1.5090083E-03 -2.6898311E-04 -1.0495331E-02  0.0000000E+00
  2.0799350E+02  6.5248436E-03  1.4191817E-03 -2.4107117E-04 -1.0142752E-02  0.0000000E+00
  2.0799350E+02  6.4588069E-03  1.3344286E-03 -2.1318387E-04 -9.7982941E-03  0.0000000E+00
  2.0799350E+02  6.3329912E-03  1.2621465E-03 -1.9663975E-04 -9.4610923E-03  0.0000000E+00
  2.0799350E+02  6.1615458E-03  1.2090059E-03 -2.0047392E-04 -9.1289183E-03  0.0000000E+00
  2.0799350E+02  5.9640949E-03  1.1784677E-03 -2.2751322E-04 -8.8010516E-03  0.0000000E+00
  2.0799350E+02  5.7615514E-03  1.1673191E-03 -2.7106950E-04 -8.4777939E-03  0.0000000E+00
  2.0799350E+02  5.5706042E-03  1.1625455E-03 -3.1347300E-04 -8.1596603E-03  0.0000000E+00
  2.0799350E+02  5.3990468E-03  1.1387969E-03 -3.2678559E-04 -7.8488863E-03  0.0000000E+00
  2.0799350E+02  5.2678273E-03  1.0730830E-03 -2.9099919E-04 -7.5456232E-03  0.0000000E+00
  2.0799350E+02  5.2646626E-03  9.8207361E-04 -2.3970749E-04 -7.2504343E-03  0.0000000E+00
  2.0799350E+02  5.3066022E-03  8.7240713E-04 -1.7181449E-04 -6.9627521E-03  0.0000000E+00
  2.0799350E+02  5.3314998E-03  7.5435367E-04 -8.9851625E-05 -6.6839207E-03  0.0000000E+00
  2.0799350E+02  5.3115744E-03  6.3703769E-04 -1.5343652E-06 -6.4136901E-03  0.0000000E+00
  2.0799350E+02  5.2413509E-03  5.2873272E-04  8.3199255E-05 -6.1523471E-03  0.0000000E+00
  2.0799350E+02  5.1285558E-03  4.3610651E-04  1.5492009E-04 -5.9001767E-03  0.0000000E+00
  2.0799350E+02  4.9868838E-03  3.6355587E-04  2.0664036E-04 -5.6569780E-03  0.0000000E+00
  2.0799350E+02  4.8320143E-03  3.1325859E-04  2.3460294E-04 -5.4237154E-03  0.0000000E+00
  2.0799350E+02  4.6766010E-03  2.8418915E-04  2.3925462E-04 -5.1998198E-03  0.0000000E+00
  2.0799350E+02  4.5291545E-03  2.7282646E-04  2.2454258E-04 -4.9848946E-03  0.0000000E+00
  2.0799350E+02  4.3924859E-03  2.7360413E-04  1.9702243E-04 -4.7778891E-03  0.0000000E+00
  2.0799350E+02  4.2643089E-03  2.8002833E-04  1.6449309E-04 -4.5786162E-03  0.0000000E+00
  2.0799350E+02  4.1358674E-03  2.8651736E-04  1.3347412E-04 -4.3856541E-03  0.0000000E+00
  2.0799350E+02  3.9931791E-03  2.9098800E-04  1.0660393E-04 -4.1980806E-03  0.0000000E+00
  2.0799350E+02  3.8168776E-03  2.9831029E-04  7.9243340E-05 -4.0154535E-03  0.0000000E+00
  2.0799350E+02  3.6043277E-03  3.1568019E-04  4.3769243E-05 -3.8370994E-03  0.0000000E+00
  2.0799350E+02  3.4373412E-03  3.2146120E-04  1.7967623E-05 -3.6618662E-03  0.0000000E+00
  2.0799350E+02  3.2874715E-03  3.2468170E-04 -5.8856702E-06 -3.4896621E-03  0.0000000E+00
  2.0799350E+02  3.1488220E-03  3.2325313E-04 -2.4589026E-05 -3.3192381E-03  0.0000000E+00
  2.0799350E+02  3.0142797E-03  3.1639272E-04 -3.6498236E-05 -3.1497635E-03  0.0000000E+00
  2.0799350E+02  2.8787899E-03  3.0431643E-04 -4.1198020E-05 -2.9818833E-03  0.0000000E+00
  2.0799350E+02  2.7391333E-03  2.8781175E-04 -3.9294736E-05 -2.8157211E-03  0.0000000E+00
  2.0799350E+02  2.5951935E-03  2.6795632E-04 -3.1942168E-05 -2.6519235E-03  0.0000000E+00
  2.0799350E+02  2.4490629E-03  2.4579765E-04 -2.0475069E-05 -2.4909056E-03  0.0000000E+00
  2.0799350E+02  2.3052157E-03  2.2231045E-04 -6.1731375E-06 -2.3338586E-03  0.0000000E+00
  2.0799350E+02  2.1677513E-03  1.9803221E-04  1.0105239E-05 -2.1809042E-03  0.0000000E+00
  2.0799350E+02  2.0401931E-03  1.7319721E-04  2.7955910E-05 -2.0321926E-03  0.0000000E+00
  2.0799350E+02  1.9240921E-03  1.4779180E-04  4.7387315E-05 -1.8876021E-03  0.0000000E+00
  2.0799350E+02  1.8180343E-03  1.2173421E-04  6.8589821E-05 -1.7465481E-03  0.0000000E+00
  2.0799350E+02  1.7180978E-03  9.5441242E-05  9.1256131E-05 -1.6091279E-03  0.0000000E+00
  2.0799350E+02  1.6171748E-03  7.0092835E-05  1.1399136E-04 -1.4748333E-03  0.0000000E+00
  2.0799350E+02  1.5071366E-03  4.8548154E-05  1.3301006E-04 -1.3439024E-03  0.0000000E+00
  2.0799350E+02  1.3922574E-03  3.4442722E-05  1.4209329E-04 -1.2167892E-03  0.0000000E+00
  2.0799350E+02  1.2958272E-03  2.4683521E-05  1.4249444E-04 -1.0939754E-03  0.0000000E+00
  2.0799350E+02  1.2000140E-03  1.7714335E-05  1.3892993E-04 -9.7623909E-04  0.0000000E+00
  2.0799350E+02  1.1008168E-03  1.2077093E-05  1.3467902E-04 -8.6396540E-04  0.0000000E+00
  2.0799350E+02  9.9793522E-04  7.0375593E-06  1.3117398E-04 -7.5725918E-04  0.0000000E+00
  2.0799350E+02  8.9295985E-04  2.4121924E-06  1.2860815E-04 -6.5582228E-04  0.0000000E+00
  2.0799350E+02  7.8891087E-04 -1.5979741E-06  1.2648659E-04 -5.5972764E-04  0.0000000E+00
  2.0799350E+02  6.8823883E-04 -4.6690806E-06  1.2404964E-04 -4.6838165E-04  0.0000000E+00
  2.0799350E+02  5.9303491E-04 -6.5223960E-06  1.2064827E-04 -3.8131207E-04  0.0000000E+00
  2.0799350E+02  5.0441691E-04 -7.1044611E-06  1.1598368E-04 -2.9787813E-04  0.0000000E+00
  2.0799350E+02  4.2310622E-04 -6.7052730E-06  1.1028880E-04 -2.1789765E-04  0.0000000E+00
  2.0799350E+02  3.4860980E-04 -6.0099974E-06  1.0430518E-04 -1.4077315E-04  0.0000000E+00
  2.0799350E+02  2.8014815E-04 -6.0440755E-06  9.9216327E-05 -6.6106548E-05  0.0000000E+00
