          atime         pst_uu         pst_vv         pst_ww         pm1avg           tavg
  2.0799350E+02 -7.3997864E-07  1.3534652E-05 -2.8948356E-06 -8.4116403E-02  0.0000000E+00
  2.0799350E+02  3.9031841E-03  1.0689955E-02 -1.4580477E-02 -8.3523519E-02  0.0000000E+00
  2.0799350E+02  1.4316436E-02 -1.6029259E-03 -1.2704224E-02 -8.2266432E-02  0.0000000E+00
  2.0799350E+02  1.6002069E-02 -1.0273631E-02 -5.7052491E-03 -8.0429800E-02  0.0000000E+00
  2.0799350E+02  1.2813524E-02 -1.5730093E-02  2.8985705E-03 -7.8449917E-02  0.0000000E+00
  2.0799350E+02  1.0109669E-02 -1.9919920E-02  9.7711903E-03 -7.6577742E-02  0.0000000E+00
  2.0799350E+02  8.9794688E-03 -2.2290464E-02  1.3261553E-02 -7.4857711E-02  0.0000000E+00
  2.0799350E+02  8.8888805E-03 -2.2703527E-02  1.3806084E-02 -7.3235418E-02  0.0000000E+00
  2.0799350E+02  9.2652481E-03 -2.1684886E-02  1.2460816E-02 -7.1635461E-02  0.0000000E+00
  2.0799350E+02  9.8728223E-03 -2.0026718E-02  1.0234089E-02 -6.9996317E-02  0.0000000E+00
  2.0799350E+02  1.0517980E-02 -1.8180031E-02  7.7625393E-03 -6.8274457E-02  0.0000000E+00
  2.0799350E+02  1.1158663E-02 -1.6189930E-02  5.1446972E-03 -6.6451041E-02  0.0000000E+00
  2.0799350E+02  1.1820391E-02 -1.4091920E-02  2.3796296E-03 -6.4535137E-02  0.0000000E+00
  2.0799350E+02  1.2422584E-02 -1.2143647E-02 -1.8834488E-04 -6.2559026E-02  0.0000000E+00
  2.0799350E+02  1.2763470E-02 -1.0704558E-02 -1.9776767E-03 -6.0563377E-02  0.0000000E+00
  2.0799350E+02  1.2858767E-02 -9.5577535E-03 -3.2587003E-03 -5.8573726E-02  0.0000000E+00
  2.0799350E+02  1.2865385E-02 -8.5510411E-03 -4.2622787E-03 -5.6602816E-02  0.0000000E+00
  2.0799350E+02  1.3010052E-02 -8.0287035E-03 -4.9254181E-03 -5.4656926E-02  0.0000000E+00
  2.0799350E+02  1.3263178E-02 -8.0026338E-03 -5.2133241E-03 -5.2745672E-02  0.0000000E+00
  2.0799350E+02  1.3470054E-02 -8.3094743E-03 -5.1300486E-03 -5.0877670E-02  0.0000000E+00
  2.0799350E+02  1.3500681E-02 -8.6771950E-03 -4.8091456E-03 -4.9058430E-02  0.0000000E+00
  2.0799350E+02  1.3306433E-02 -8.8348565E-03 -4.4665417E-03 -4.7290626E-02  0.0000000E+00
  2.0799350E+02  1.2913292E-02 -8.6217887E-03 -4.2878504E-03 -4.5575487E-02  0.0000000E+00
  2.0799350E+02  1.2381355E-02 -8.0524154E-03 -4.3223606E-03 -4.3914070E-02  0.0000000E+00
  2.0799350E+02  1.1760357E-02 -7.2929554E-03 -4.4559264E-03 -4.2307157E-02  0.0000000E+00
  2.0799350E+02  1.1070917E-02 -6.5062304E-03 -4.5349911E-03 -4.0752531E-02  0.0000000E+00
  2.0799350E+02  1.0410937E-02 -5.6475078E-03 -4.7444026E-03 -3.9246318E-02  0.0000000E+00
  2.0799350E+02  9.8121104E-03 -4.8755964E-03 -4.9358059E-03 -3.7791355E-02  0.0000000E+00
  2.0799350E+02  9.3250794E-03 -4.4485409E-03 -4.8785781E-03 -3.6376289E-02  0.0000000E+00
  2.0799350E+02  8.9361258E-03 -4.3305349E-03 -4.6072020E-03 -3.5009424E-02  0.0000000E+00
  2.0799350E+02  8.5964339E-03 -4.3625440E-03 -4.2371535E-03 -3.3699519E-02  0.0000000E+00
  2.0799350E+02  8.2753813E-03 -4.3984786E-03 -3.8838487E-03 -3.2452893E-02  0.0000000E+00
  2.0799350E+02  7.9738564E-03 -4.3630803E-03 -3.6206656E-03 -3.1271077E-02  0.0000000E+00
  2.0799350E+02  7.7124347E-03 -4.2548681E-03 -3.4668252E-03 -3.0150842E-02  0.0000000E+00
  2.0799350E+02  7.5080977E-03 -4.1158839E-03 -3.3964322E-03 -2.9085790E-02  0.0000000E+00
  2.0799350E+02  7.3531785E-03 -3.9899753E-03 -3.3599734E-03 -2.8068657E-02  0.0000000E+00
  2.0799350E+02  7.2102146E-03 -3.8913562E-03 -3.3095765E-03 -2.7093501E-02  0.0000000E+00
  2.0799350E+02  7.0363937E-03 -3.8051817E-03 -3.2193261E-03 -2.6156944E-02  0.0000000E+00
  2.0799350E+02  6.8512736E-03 -3.7418781E-03 -3.0919394E-03 -2.5257619E-02  0.0000000E+00
  2.0799350E+02  6.6904008E-03 -3.7060206E-03 -2.9661187E-03 -2.4394622E-02  0.0000000E+00
  2.0799350E+02  6.5041731E-03 -3.5509043E-03 -2.9425052E-03 -2.3563779E-02  0.0000000E+00
  2.0799350E+02  6.3677922E-03 -3.3703865E-03 -2.9871876E-03 -2.2762374E-02  0.0000000E+00
  2.0799350E+02  6.2436837E-03 -3.1754783E-03 -3.0582536E-03 -2.1989609E-02  0.0000000E+00
  2.0799350E+02  6.0955144E-03 -2.9638237E-03 -3.1242003E-03 -2.1244587E-02  0.0000000E+00
  2.0799350E+02  5.9049801E-03 -2.7387344E-03 -3.1629987E-03 -2.0526181E-02  0.0000000E+00
  2.0799350E+02  5.6763212E-03 -2.5159634E-03 -3.1612565E-03 -1.9832933E-02  0.0000000E+00
  2.0799350E+02  5.4319546E-03 -2.3214955E-03 -3.1134043E-03 -1.9162985E-02  0.0000000E+00
  2.0799350E+02  5.2026131E-03 -2.1836286E-03 -3.0208349E-03 -1.8514094E-02  0.0000000E+00
  2.0799350E+02  5.0153837E-03 -2.1226269E-03 -2.8909191E-03 -1.7883733E-02  0.0000000E+00
  2.0799350E+02  4.8830335E-03 -2.1412194E-03 -2.7358284E-03 -1.7269336E-02  0.0000000E+00
  2.0799350E+02  4.7980158E-03 -2.2192227E-03 -2.5710899E-03 -1.6668676E-02  0.0000000E+00
  2.0799350E+02  4.7345452E-03 -2.3155658E-03 -2.4137999E-03 -1.6080447E-02  0.0000000E+00
  2.0799350E+02  4.6621336E-03 -2.3809908E-03 -2.2804246E-03 -1.5505037E-02  0.0000000E+00
  2.0799350E+02  4.5739767E-03 -2.3847109E-03 -2.1841146E-03 -1.4945549E-02  0.0000000E+00
  2.0799350E+02  4.4918111E-03 -2.3523496E-03 -2.1353447E-03 -1.4403164E-02  0.0000000E+00
  2.0799350E+02  4.3744983E-03 -2.2885777E-03 -2.0876571E-03 -1.3879610E-02  0.0000000E+00
  2.0799350E+02  4.2501325E-03 -2.2085182E-03 -2.0410911E-03 -1.3373855E-02  0.0000000E+00
  2.0799350E+02  4.1345023E-03 -2.1378849E-03 -1.9943478E-03 -1.2885140E-02  0.0000000E+00
  2.0799350E+02  4.0322101E-03 -2.0978572E-03 -1.9326448E-03 -1.2412852E-02  0.0000000E+00
  2.0799350E+02  3.9415478E-03 -2.1029265E-03 -1.8386777E-03 -1.1956793E-02  0.0000000E+00
  2.0799350E+02  3.8577707E-03 -2.1589942E-03 -1.7002194E-03 -1.1516748E-02  0.0000000E+00
  2.0799350E+02  3.7752309E-03 -2.2621455E-03 -1.5146761E-03 -1.1092292E-02  0.0000000E+00
  2.0799350E+02  3.6886396E-03 -2.3984393E-03 -1.2908376E-03 -1.0682756E-02  0.0000000E+00
  2.0799350E+02  3.5937300E-03 -2.5450559E-03 -1.0480609E-03 -1.0287306E-02  0.0000000E+00
  2.0799350E+02  3.4875880E-03 -2.6731411E-03 -8.1312514E-04 -9.9050745E-03  0.0000000E+00
  2.0799350E+02  3.3689236E-03 -2.7526886E-03 -6.1499755E-04 -9.5352792E-03  0.0000000E+00
  2.0799350E+02  3.2385510E-03 -2.7598013E-03 -4.7774821E-04 -9.1772813E-03  0.0000000E+00
  2.0799350E+02  3.1003489E-03 -2.6866698E-03 -4.1185272E-04 -8.8305170E-03  0.0000000E+00
  2.0799350E+02  2.9629702E-03 -2.5546122E-03 -4.0412131E-04 -8.4942474E-03  0.0000000E+00
  2.0799350E+02  2.8425710E-03 -2.4305120E-03 -4.0649308E-04 -8.1670671E-03  0.0000000E+00
  2.0799350E+02  2.7566660E-03 -2.3954515E-03 -3.5944712E-04 -7.8474938E-03  0.0000000E+00
  2.0799350E+02  2.6737482E-03 -2.3591944E-03 -3.1238352E-04 -7.5357236E-03  0.0000000E+00
  2.0799350E+02  2.5946114E-03 -2.3505864E-03 -2.4331862E-04 -7.2294167E-03  0.0000000E+00
  2.0799350E+02  2.5141453E-03 -2.3301836E-03 -1.8420083E-04 -6.9290749E-03  0.0000000E+00
  2.0799350E+02  2.4295991E-03 -2.2760738E-03 -1.5374567E-04 -6.6347323E-03  0.0000000E+00
  2.0799350E+02  2.3405566E-03 -2.1808555E-03 -1.5933429E-04 -6.3464076E-03  0.0000000E+00
  2.0799350E+02  2.2485010E-03 -2.0481044E-03 -1.9942383E-04 -6.0643260E-03  0.0000000E+00
  2.0799350E+02  2.1561042E-03 -1.8886025E-03 -2.6625369E-04 -5.7889623E-03  0.0000000E+00
  2.0799350E+02  2.0663844E-03 -1.7166065E-03 -3.4863158E-04 -5.5209547E-03  0.0000000E+00
  2.0799350E+02  1.9818666E-03 -1.5464309E-03 -4.3458319E-04 -5.2609416E-03  0.0000000E+00
  2.0799350E+02  1.9038882E-03 -1.3896215E-03 -5.1364941E-04 -5.0093725E-03  0.0000000E+00
  2.0799350E+02  1.8321877E-03 -1.2529951E-03 -5.7861510E-04 -4.7663417E-03  0.0000000E+00
  2.0799350E+02  1.7649152E-03 -1.1378223E-03 -6.2645312E-04 -4.5314992E-03  0.0000000E+00
  2.0799350E+02  1.6993242E-03 -1.0405923E-03 -6.5822231E-04 -4.3044927E-03  0.0000000E+00
  2.0799350E+02  1.6325683E-03 -9.5463450E-04 -6.7799321E-04 -4.0835439E-03  0.0000000E+00
  2.0799350E+02  1.5645175E-03 -8.7541907E-04 -6.8981114E-04 -3.8683631E-03  0.0000000E+00
  2.0799350E+02  1.5003735E-03 -8.0633464E-04 -6.9359845E-04 -3.6592063E-03  0.0000000E+00
  2.0799350E+02  1.4476289E-03 -7.6169284E-04 -6.8430042E-04 -3.4563490E-03  0.0000000E+00
  2.0799350E+02  1.3930277E-03 -7.2932229E-04 -6.6432969E-04 -3.2587992E-03  0.0000000E+00
  2.0799350E+02  1.3396185E-03 -7.0675471E-04 -6.3302658E-04 -3.0690020E-03  0.0000000E+00
  2.0799350E+02  1.2874807E-03 -6.9088108E-04 -5.9591295E-04 -2.8869868E-03  0.0000000E+00
  2.0799350E+02  1.2365451E-03 -6.7729481E-04 -5.5816783E-04 -2.7126887E-03  0.0000000E+00
  2.0799350E+02  1.1868168E-03 -6.6209335E-04 -5.2374170E-04 -2.5458677E-03  0.0000000E+00
  2.0799350E+02  1.1384910E-03 -6.4289387E-04 -4.9493683E-04 -2.3860951E-03  0.0000000E+00
  2.0799350E+02  1.0919803E-03 -6.1920090E-04 -4.7236738E-04 -2.2327900E-03  0.0000000E+00
  2.0799350E+02  1.0478713E-03 -5.9226356E-04 -4.5521287E-04 -2.0852873E-03  0.0000000E+00
  2.0799350E+02  1.0068303E-03 -5.6456032E-04 -4.4167844E-04 -1.9429229E-03  0.0000000E+00
  2.0799350E+02  9.6947569E-04 -5.3904905E-04 -4.2957570E-04 -1.8051161E-03  0.0000000E+00
  2.0799350E+02  9.3623587E-04 -5.1832006E-04 -4.1693764E-04 -1.6714337E-03  0.0000000E+00
  2.0799350E+02  9.0721124E-04 -5.0379012E-04 -4.0258121E-04 -1.5416186E-03  0.0000000E+00
  2.0799350E+02  1.2894080E-02 -1.2872695E-02  8.7870781E-18 -5.2486986E-02  0.0000000E+00
  2.0799350E+02  1.8570853E-02 -7.4939993E-03 -1.1063473E-02 -5.2518810E-02  0.0000000E+00
  2.0799350E+02  2.5554450E-02 -1.1984494E-02 -1.3526485E-02 -5.2529435E-02  0.0000000E+00
  2.0799350E+02  2.7659163E-02 -1.3604657E-02 -1.4028174E-02 -5.2518653E-02  0.0000000E+00
  2.0799350E+02  2.6636895E-02 -1.3683118E-02 -1.2924711E-02 -5.2464947E-02  0.0000000E+00
  2.0799350E+02  2.3551279E-02 -1.3255252E-02 -1.0299617E-02 -5.2383226E-02  0.0000000E+00
  2.0799350E+02  2.0035947E-02 -1.3267153E-02 -6.7886142E-03 -5.2308207E-02  0.0000000E+00
  2.0799350E+02  1.7065192E-02 -1.3640534E-02 -3.4398422E-03 -5.2266340E-02  0.0000000E+00
  2.0799350E+02  1.5052674E-02 -1.4077153E-02 -9.7121655E-04 -5.2252684E-02  0.0000000E+00
  2.0799350E+02  1.3876207E-02 -1.4329507E-02  4.7278356E-04 -5.2232866E-02  0.0000000E+00
  2.0799350E+02  1.3386017E-02 -1.4452716E-02  1.0881371E-03 -5.2166675E-02  0.0000000E+00
  2.0799350E+02  1.3332143E-02 -1.4481531E-02  1.1658431E-03 -5.2013716E-02  0.0000000E+00
  2.0799350E+02  1.3440730E-02 -1.4299208E-02  8.5716691E-04 -5.1741027E-02  0.0000000E+00
  2.0799350E+02  1.3494795E-02 -1.3607736E-02  1.2027562E-04 -5.1334311E-02  0.0000000E+00
  2.0799350E+02  1.3417739E-02 -1.2288938E-02 -1.0723257E-03 -5.0794307E-02  0.0000000E+00
  2.0799350E+02  1.3304214E-02 -1.0814707E-02 -2.4418850E-03 -5.0129194E-02  0.0000000E+00
  2.0799350E+02  1.3241665E-02 -9.7099528E-03 -3.4629972E-03 -4.9356118E-02  0.0000000E+00
  2.0799350E+02  1.3185050E-02 -8.9824788E-03 -4.1494618E-03 -4.8501247E-02  0.0000000E+00
  2.0799350E+02  1.3105888E-02 -8.3296683E-03 -4.7178146E-03 -4.7584892E-02  0.0000000E+00
  2.0799350E+02  1.3041837E-02 -7.8281708E-03 -5.1490146E-03 -4.6621091E-02  0.0000000E+00
  2.0799350E+02  1.3053113E-02 -7.6649553E-03 -5.3307687E-03 -4.5621602E-02  0.0000000E+00
  2.0799350E+02  1.3178334E-02 -7.9451608E-03 -5.1871595E-03 -4.4594663E-02  0.0000000E+00
  2.0799350E+02  1.3400460E-02 -8.5828754E-03 -4.7709228E-03 -4.3550973E-02  0.0000000E+00
  2.0799350E+02  1.3639627E-02 -9.2990102E-03 -4.2824865E-03 -4.2491730E-02  0.0000000E+00
  2.0799350E+02  1.3780980E-02 -9.7293452E-03 -3.9912754E-03 -4.1418264E-02  0.0000000E+00
  2.0799350E+02  1.3752797E-02 -9.6615469E-03 -4.0272608E-03 -4.0336341E-02  0.0000000E+00
  2.0799350E+02  1.3485099E-02 -9.1915917E-03 -4.2455334E-03 -3.9255908E-02  0.0000000E+00
  2.0799350E+02  1.2970168E-02 -8.3841360E-03 -4.5667694E-03 -3.8185991E-02  0.0000000E+00
  2.0799350E+02  1.2377656E-02 -7.5395401E-03 -4.8340445E-03 -3.7127795E-02  0.0000000E+00
  2.0799350E+02  1.1796521E-02 -6.8293748E-03 -4.9742104E-03 -3.6078868E-02  0.0000000E+00
  2.0799350E+02  1.1270464E-02 -6.3072921E-03 -4.9744161E-03 -3.5038230E-02  0.0000000E+00
  2.0799350E+02  1.0808579E-02 -5.9474388E-03 -4.8670185E-03 -3.4011613E-02  0.0000000E+00
  2.0799350E+02  1.0392903E-02 -5.6801061E-03 -4.7061166E-03 -3.2999555E-02  0.0000000E+00
  2.0799350E+02  9.9980672E-03 -5.4358658E-03 -4.5420901E-03 -3.2005076E-02  0.0000000E+00
  2.0799350E+02  9.6041062E-03 -5.1757082E-03 -4.4004550E-03 -3.1030503E-02  0.0000000E+00
  2.0799350E+02  9.2089179E-03 -4.9092631E-03 -4.2720314E-03 -3.0084450E-02  0.0000000E+00
  2.0799350E+02  8.8250390E-03 -4.6855703E-03 -4.1170504E-03 -2.9170281E-02  0.0000000E+00
  2.0799350E+02  8.4711362E-03 -4.5586428E-03 -3.8942765E-03 -2.8290437E-02  0.0000000E+00
  2.0799350E+02  8.1433924E-03 -4.5137064E-03 -3.6167864E-03 -2.7438111E-02  0.0000000E+00
  2.0799350E+02  7.8472185E-03 -4.4822836E-03 -3.3612734E-03 -2.6612305E-02  0.0000000E+00
  2.0799350E+02  7.5397591E-03 -4.4210921E-03 -3.1162865E-03 -2.5809324E-02  0.0000000E+00
  2.0799350E+02  7.2549212E-03 -4.2887601E-03 -2.9664469E-03 -2.5025280E-02  0.0000000E+00
  2.0799350E+02  7.0289415E-03 -4.1028701E-03 -2.9277732E-03 -2.4264175E-02  0.0000000E+00
  2.0799350E+02  6.8472329E-03 -3.8697570E-03 -2.9786406E-03 -2.3525349E-02  0.0000000E+00
  2.0799350E+02  6.6802872E-03 -3.6015035E-03 -3.0778648E-03 -2.2810729E-02  0.0000000E+00
  2.0799350E+02  6.5024267E-03 -3.3182523E-03 -3.1804860E-03 -2.2117904E-02  0.0000000E+00
  2.0799350E+02  6.3024704E-03 -3.0472979E-03 -3.2488769E-03 -2.1445815E-02  0.0000000E+00
  2.0799350E+02  6.0838822E-03 -2.8154870E-03 -3.2601972E-03 -2.0792133E-02  0.0000000E+00
  2.0799350E+02  5.8616847E-03 -2.6426205E-03 -3.2097975E-03 -2.0157602E-02  0.0000000E+00
  2.0799350E+02  5.6525711E-03 -2.5324000E-03 -3.1104098E-03 -1.9538731E-02  0.0000000E+00
  2.0799350E+02  5.4690171E-03 -2.4724224E-03 -2.9864901E-03 -1.8932536E-02  0.0000000E+00
  2.0799350E+02  5.3143215E-03 -2.4396377E-03 -2.8641627E-03 -1.8335908E-02  0.0000000E+00
  2.0799350E+02  5.1834939E-03 -2.4169578E-03 -2.7560194E-03 -1.7745907E-02  0.0000000E+00
  2.0799350E+02  5.0737794E-03 -2.4238578E-03 -2.6417125E-03 -1.7166365E-02  0.0000000E+00
  2.0799350E+02  4.9662434E-03 -2.4373675E-03 -2.5270467E-03 -1.6596496E-02  0.0000000E+00
  2.0799350E+02  4.8482317E-03 -2.4260398E-03 -2.4247166E-03 -1.6036622E-02  0.0000000E+00
  2.0799350E+02  4.7272063E-03 -2.4225171E-03 -2.3088830E-03 -1.5490893E-02  0.0000000E+00
  2.0799350E+02  4.5982850E-03 -2.4063309E-03 -2.1959375E-03 -1.4962048E-02  0.0000000E+00
  2.0799350E+02  4.4646168E-03 -2.3785849E-03 -2.0889334E-03 -1.4450032E-02  0.0000000E+00
  2.0799350E+02  4.3335915E-03 -2.3526455E-03 -1.9827080E-03 -1.3955280E-02  0.0000000E+00
  2.0799350E+02  4.2128454E-03 -2.3460199E-03 -1.8678524E-03 -1.3477487E-02  0.0000000E+00
  2.0799350E+02  4.1072346E-03 -2.3737507E-03 -1.7342901E-03 -1.3014852E-02  0.0000000E+00
  2.0799350E+02  4.0177269E-03 -2.4431532E-03 -1.5755387E-03 -1.2567639E-02  0.0000000E+00
  2.0799350E+02  3.9395352E-03 -2.5510731E-03 -1.3897405E-03 -1.2133559E-02  0.0000000E+00
  2.0799350E+02  3.8633759E-03 -2.6830065E-03 -1.1819558E-03 -1.1711469E-02  0.0000000E+00
  2.0799350E+02  3.7768383E-03 -2.8150863E-03 -9.6363471E-04 -1.1300042E-02  0.0000000E+00
  2.0799350E+02  3.6681336E-03 -2.9176683E-03 -7.5275020E-04 -1.0900707E-02  0.0000000E+00
  2.0799350E+02  3.5297665E-03 -2.9644558E-03 -5.6814424E-04 -1.0512915E-02  0.0000000E+00
  2.0799350E+02  3.3652146E-03 -2.9424492E-03 -4.2582374E-04 -1.0136360E-02  0.0000000E+00
  2.0799350E+02  3.1965160E-03 -2.8667584E-03 -3.3101569E-04 -9.7689512E-03  0.0000000E+00
  2.0799350E+02  3.0554598E-03 -2.7896654E-03 -2.6315043E-04 -9.4078165E-03  0.0000000E+00
  2.0799350E+02  2.9285600E-03 -2.7117201E-03 -2.1519437E-04 -9.0591493E-03  0.0000000E+00
  2.0799350E+02  2.8285299E-03 -2.6411760E-03 -1.8568590E-04 -8.7168537E-03  0.0000000E+00
  2.0799350E+02  2.7371391E-03 -2.5725061E-03 -1.6316963E-04 -8.3814588E-03  0.0000000E+00
  2.0799350E+02  2.6434620E-03 -2.4911633E-03 -1.5142709E-04 -8.0520762E-03  0.0000000E+00
  2.0799350E+02  2.5431615E-03 -2.3843581E-03 -1.5862769E-04 -7.7294205E-03  0.0000000E+00
  2.0799350E+02  2.4360086E-03 -2.2458328E-03 -1.9048077E-04 -7.4126556E-03  0.0000000E+00
  2.0799350E+02  2.3250365E-03 -2.0783023E-03 -2.4714008E-04 -7.1019412E-03  0.0000000E+00
  2.0799350E+02  2.2147339E-03 -1.8920690E-03 -3.2282653E-04 -6.7972894E-03  0.0000000E+00
  2.0799350E+02  2.1105055E-03 -1.7035265E-03 -4.0672768E-04 -6.5006134E-03  0.0000000E+00
  2.0799350E+02  2.0163217E-03 -1.5291364E-03 -4.8655572E-04 -6.2122396E-03  0.0000000E+00
  2.0799350E+02  1.9346284E-03 -1.3825627E-03 -5.5120807E-04 -5.9328826E-03  0.0000000E+00
  2.0799350E+02  1.8655695E-03 -1.2707897E-03 -5.9380409E-04 -5.6628898E-03  0.0000000E+00
  2.0799350E+02  1.8066973E-03 -1.1919465E-03 -6.1359700E-04 -5.4016552E-03  0.0000000E+00
  2.0799350E+02  1.7536345E-03 -1.1361132E-03 -6.1600543E-04 -5.1494772E-03  0.0000000E+00
  2.0799350E+02  1.7002352E-03 -1.0880511E-03 -6.1041240E-04 -4.9049215E-03  0.0000000E+00
  2.0799350E+02  1.6403876E-03 -1.0354669E-03 -6.0432005E-04 -4.6671131E-03  0.0000000E+00
  2.0799350E+02  1.5698253E-03 -9.6536732E-04 -6.0512505E-04 -4.4355403E-03  0.0000000E+00
  2.0799350E+02  1.5011695E-03 -8.8530657E-04 -6.1526565E-04 -4.2103737E-03  0.0000000E+00
  2.0799350E+02  1.4407841E-03 -8.2929235E-04 -6.1126670E-04 -3.9916028E-03  0.0000000E+00
  2.0799350E+02  1.3876169E-03 -7.9507587E-04 -5.9274615E-04 -3.7802203E-03  0.0000000E+00
  2.0799350E+02  1.3395244E-03 -7.7541819E-04 -5.6432922E-04 -3.5768553E-03  0.0000000E+00
  2.0799350E+02  1.2940331E-03 -7.6193592E-04 -5.3200558E-04 -3.3813694E-03  0.0000000E+00
  2.0799350E+02  1.2492472E-03 -7.4766586E-04 -5.0110257E-04 -3.1942641E-03  0.0000000E+00
  2.0799350E+02  1.2037232E-03 -7.2824891E-04 -4.7475366E-04 -3.0146547E-03  0.0000000E+00
  2.0799350E+02  1.1569603E-03 -7.0238205E-04 -4.5384323E-04 -2.8418055E-03  0.0000000E+00
  2.0799350E+02  1.1092286E-03 -6.7136901E-04 -4.3728095E-04 -2.6746116E-03  0.0000000E+00
  2.0799350E+02  1.0617795E-03 -6.3848841E-04 -4.2289740E-04 -2.5129216E-03  0.0000000E+00
  2.0799350E+02  1.0160880E-03 -6.0750287E-04 -4.0826433E-04 -2.3558486E-03  0.0000000E+00
  2.0799350E+02  9.7388392E-04 -5.8167251E-04 -3.9179134E-04 -2.2030471E-03  0.0000000E+00
  2.0799350E+02 -1.6515304E-02  1.6513505E-02 -3.8219550E-07 -2.0498925E-02  0.0000000E+00
  2.0799350E+02 -1.0526661E-02  1.5497817E-02 -4.9670787E-03 -2.0702204E-02  0.0000000E+00
  2.0799350E+02  2.8311746E-03  1.9493694E-03 -4.7805356E-03 -2.0924408E-02  0.0000000E+00
  2.0799350E+02  1.2542369E-02 -7.5945946E-03 -4.9420269E-03 -2.1202964E-02  0.0000000E+00
  2.0799350E+02  1.9976031E-02 -1.3164773E-02 -6.7980928E-03 -2.1515074E-02  0.0000000E+00
  2.0799350E+02  2.6323044E-02 -1.5905782E-02 -1.0374830E-02 -2.1821849E-02  0.0000000E+00
  2.0799350E+02  3.1290199E-02 -1.6432054E-02 -1.4856975E-02 -2.2107648E-02  0.0000000E+00
  2.0799350E+02  3.4401719E-02 -1.5946799E-02 -1.8453087E-02 -2.2391971E-02  0.0000000E+00
  2.0799350E+02  3.5121162E-02 -1.5638546E-02 -1.9516204E-02 -2.2701555E-02  0.0000000E+00
  2.0799350E+02  3.3538639E-02 -1.5216266E-02 -1.8304459E-02 -2.3086145E-02  0.0000000E+00
  2.0799350E+02  3.0093236E-02 -1.3888083E-02 -1.6162785E-02 -2.3560343E-02  0.0000000E+00
  2.0799350E+02  2.5932927E-02 -1.1886388E-02 -1.4005314E-02 -2.4117261E-02  0.0000000E+00
  2.0799350E+02  2.2181300E-02 -1.0104966E-02 -1.2031994E-02 -2.4741059E-02  0.0000000E+00
  2.0799350E+02  1.9444315E-02 -9.2280233E-03 -1.0176121E-02 -2.5395211E-02  0.0000000E+00
  2.0799350E+02  1.7712818E-02 -9.1542220E-03 -8.5392046E-03 -2.6031029E-02  0.0000000E+00
  2.0799350E+02  1.6667513E-02 -9.3424942E-03 -7.2935665E-03 -2.6629299E-02  0.0000000E+00
  2.0799350E+02  1.5900413E-02 -9.4682379E-03 -6.4323672E-03 -2.7157388E-02  0.0000000E+00
  2.0799350E+02  1.5232190E-02 -9.2470487E-03 -5.9740969E-03 -2.7605190E-02  0.0000000E+00
  2.0799350E+02  1.4603919E-02 -8.7349503E-03 -5.8464978E-03 -2.7959116E-02  0.0000000E+00
  2.0799350E+02  1.4059238E-02 -8.1839189E-03 -5.8503215E-03 -2.8213628E-02  0.0000000E+00
  2.0799350E+02  1.3648929E-02 -7.7874567E-03 -5.8375098E-03 -2.8366963E-02  0.0000000E+00
  2.0799350E+02  1.3394711E-02 -7.6043242E-03 -5.7651791E-03 -2.8420815E-02  0.0000000E+00
  2.0799350E+02  1.3289496E-02 -7.5943123E-03 -5.6671879E-03 -2.8381583E-02  0.0000000E+00
  2.0799350E+02  1.3311324E-02 -7.6999326E-03 -5.5850647E-03 -2.8260874E-02  0.0000000E+00
  2.0799350E+02  1.3428216E-02 -7.9079045E-03 -5.5000778E-03 -2.8072864E-02  0.0000000E+00
  2.0799350E+02  1.3571183E-02 -8.2243200E-03 -5.3082237E-03 -2.7826210E-02  0.0000000E+00
  2.0799350E+02  1.3724338E-02 -8.5952672E-03 -5.0985914E-03 -2.7528494E-02  0.0000000E+00
  2.0799350E+02  1.3784456E-02 -8.9829635E-03 -4.7665340E-03 -2.7192040E-02  0.0000000E+00
  2.0799350E+02  1.3786048E-02 -9.2553724E-03 -4.4872943E-03 -2.6818650E-02  0.0000000E+00
  2.0799350E+02  1.3756465E-02 -9.3105868E-03 -4.4101714E-03 -2.6413183E-02  0.0000000E+00
  2.0799350E+02  1.3676129E-02 -9.1187536E-03 -4.5361598E-03 -2.5979489E-02  0.0000000E+00
  2.0799350E+02  1.3519932E-02 -8.7260859E-03 -4.7817082E-03 -2.5520885E-02  0.0000000E+00
  2.0799350E+02  1.3276630E-02 -8.2291921E-03 -5.0348418E-03 -2.5040515E-02  0.0000000E+00
  2.0799350E+02  1.2952325E-02 -7.7338714E-03 -5.2002675E-03 -2.4541571E-02  0.0000000E+00
  2.0799350E+02  1.2564136E-02 -7.3125271E-03 -5.2300833E-03 -2.4027377E-02  0.0000000E+00
  2.0799350E+02  1.2130151E-02 -6.9743451E-03 -5.1367094E-03 -2.3501326E-02  0.0000000E+00
  2.0799350E+02  1.1661753E-02 -6.6623891E-03 -4.9846642E-03 -2.2966671E-02  0.0000000E+00
  2.0799350E+02  1.1164419E-02 -6.2917614E-03 -4.8578025E-03 -2.2426161E-02  0.0000000E+00
  2.0799350E+02  1.0653093E-02 -5.8429794E-03 -4.7986367E-03 -2.1881514E-02  0.0000000E+00
  2.0799350E+02  1.0151454E-02 -5.3276250E-03 -4.8151972E-03 -2.1338111E-02  0.0000000E+00
  2.0799350E+02  9.6152691E-03 -4.9204188E-03 -4.6866108E-03 -2.0800295E-02  0.0000000E+00
  2.0799350E+02  9.1331937E-03 -4.7388453E-03 -4.3942879E-03 -2.0270826E-02  0.0000000E+00
  2.0799350E+02  8.7167721E-03 -4.6699243E-03 -4.0493865E-03 -1.9751795E-02  0.0000000E+00
  2.0799350E+02  8.3384178E-03 -4.6093627E-03 -3.7289908E-03 -1.9242138E-02  0.0000000E+00
  2.0799350E+02  7.9744135E-03 -4.4932889E-03 -3.4772451E-03 -1.8740049E-02  0.0000000E+00
  2.0799350E+02  7.6225137E-03 -4.3057673E-03 -3.3104243E-03 -1.8244327E-02  0.0000000E+00
  2.0799350E+02  7.3010454E-03 -4.0691395E-03 -3.2244235E-03 -1.7754888E-02  0.0000000E+00
  2.0799350E+02  7.0364017E-03 -3.8242402E-03 -3.2031469E-03 -1.7272653E-02  0.0000000E+00
  2.0799350E+02  6.8458240E-03 -3.6075339E-03 -3.2262797E-03 -1.6799060E-02  0.0000000E+00
  2.0799350E+02  6.7223658E-03 -3.4322201E-03 -3.2749226E-03 -1.6335401E-02  0.0000000E+00
  2.0799350E+02  6.6289354E-03 -3.2803538E-03 -3.3335718E-03 -1.5882236E-02  0.0000000E+00
  2.0799350E+02  6.5083111E-03 -3.1130284E-03 -3.3869258E-03 -1.5439091E-02  0.0000000E+00
  2.0799350E+02  6.3160236E-03 -2.9056681E-03 -3.4100002E-03 -1.5004671E-02  0.0000000E+00
  2.0799350E+02  6.0830020E-03 -2.7154766E-03 -3.3500332E-03 -1.4577825E-02  0.0000000E+00
  2.0799350E+02  5.8815404E-03 -2.6899260E-03 -3.1712627E-03 -1.4154337E-02  0.0000000E+00
  2.0799350E+02  5.6586429E-03 -2.6887091E-03 -2.9680794E-03 -1.3732427E-02  0.0000000E+00
  2.0799350E+02  5.4522593E-03 -2.6749771E-03 -2.7734586E-03 -1.3312438E-02  0.0000000E+00
  2.0799350E+02  5.2586371E-03 -2.6464109E-03 -2.6053429E-03 -1.2894012E-02  0.0000000E+00
  2.0799350E+02  5.0758469E-03 -2.6088286E-03 -2.4613038E-03 -1.2479002E-02  0.0000000E+00
  2.0799350E+02  4.9029966E-03 -2.5699405E-03 -2.3315022E-03 -1.2070177E-02  0.0000000E+00
  2.0799350E+02  4.7397633E-03 -2.5359159E-03 -2.2064502E-03 -1.1670299E-02  0.0000000E+00
  2.0799350E+02  4.5861577E-03 -2.5101517E-03 -2.0806050E-03 -1.1281527E-02  0.0000000E+00
  2.0799350E+02  4.4424318E-03 -2.4936305E-03 -1.9528300E-03 -1.0905092E-02  0.0000000E+00
  2.0799350E+02  4.3090447E-03 -2.4862577E-03 -1.8247560E-03 -1.0541219E-02  0.0000000E+00
  2.0799350E+02  4.1865985E-03 -2.4885666E-03 -1.6980747E-03 -1.0189229E-02  0.0000000E+00
  2.0799350E+02  4.0756571E-03 -2.5031802E-03 -1.5717995E-03 -9.8477936E-03  0.0000000E+00
  2.0799350E+02  3.9763612E-03 -2.5354184E-03 -1.4405258E-03 -9.5152818E-03  0.0000000E+00
  2.0799350E+02  3.8877527E-03 -2.5924402E-03 -1.2947231E-03 -9.1901709E-03  0.0000000E+00
  2.0799350E+02  3.8067201E-03 -2.6803092E-03 -1.1240953E-03 -8.8714627E-03  0.0000000E+00
  2.0799350E+02  3.7264795E-03 -2.7983715E-03 -9.2503834E-04 -8.5590680E-03  0.0000000E+00
  2.0799350E+02  3.6444972E-03 -2.9216628E-03 -7.2386803E-04 -8.2541269E-03  0.0000000E+00
  2.0799350E+02  3.5230726E-03 -2.9377705E-03 -5.8427552E-04 -7.9553210E-03  0.0000000E+00
  2.0799350E+02  3.3671479E-03 -2.9033525E-03 -4.6377468E-04 -7.6622760E-03  0.0000000E+00
  2.0799350E+02  3.2159477E-03 -2.8673585E-03 -3.4907319E-04 -7.3755501E-03  0.0000000E+00
  2.0799350E+02  3.0812110E-03 -2.8362613E-03 -2.4479378E-04 -7.0949254E-03  0.0000000E+00
  2.0799350E+02  2.9604839E-03 -2.7962675E-03 -1.6286978E-04 -6.8197440E-03  0.0000000E+00
  2.0799350E+02  2.8462462E-03 -2.7287217E-03 -1.1522310E-04 -6.5491969E-03  0.0000000E+00
  2.0799350E+02  2.7315361E-03 -2.6197027E-03 -1.0926627E-04 -6.2825603E-03  0.0000000E+00
  2.0799350E+02  2.6127392E-03 -2.4648089E-03 -1.4576968E-04 -6.0193745E-03  0.0000000E+00
  2.0799350E+02  2.4902077E-03 -2.2701330E-03 -2.1863540E-04 -5.7595605E-03  0.0000000E+00
  2.0799350E+02  2.3673758E-03 -2.0504219E-03 -3.1611900E-04 -5.5034689E-03  0.0000000E+00
  2.0799350E+02  2.2490358E-03 -1.8254225E-03 -4.2304062E-04 -5.2518561E-03  0.0000000E+00
  2.0799350E+02  2.1394426E-03 -1.6154100E-03 -5.2352672E-04 -5.0057830E-03  0.0000000E+00
  2.0799350E+02  2.0409105E-03 -1.4368973E-03 -6.0382379E-04 -4.7664307E-03  0.0000000E+00
  2.0799350E+02  1.9535690E-03 -1.2995250E-03 -6.5472533E-04 -4.5348288E-03  0.0000000E+00
  2.0799350E+02  1.8769432E-03 -1.2051279E-03 -6.7315362E-04 -4.3114901E-03  0.0000000E+00
  2.0799350E+02  1.8140248E-03 -1.1499794E-03 -6.6243736E-04 -4.0959481E-03  0.0000000E+00
  2.0799350E+02  1.7702720E-03 -1.1385208E-03 -6.2798343E-04 -3.8871089E-03  0.0000000E+00
  2.0799350E+02  1.7177404E-03 -1.1148508E-03 -6.0400854E-04 -3.6847686E-03  0.0000000E+00
  2.0799350E+02  1.6548069E-03 -1.0633767E-03 -5.9211133E-04 -3.4873466E-03  0.0000000E+00
  2.0799350E+02  1.5853473E-03 -1.0053943E-03 -5.7933007E-04 -3.2949690E-03  0.0000000E+00
  2.0799350E+02  1.5141485E-03 -9.5259178E-04 -5.6035607E-04 -3.1082291E-03  0.0000000E+00
  2.0799350E+02  1.4454258E-03 -9.0948232E-04 -5.3498095E-04 -2.9278116E-03  0.0000000E+00
  2.0799350E+02  1.3820064E-03 -8.7571568E-04 -5.0589666E-04 -2.7542431E-03  0.0000000E+00
  2.0799350E+02  1.3250547E-03 -8.4819025E-04 -4.7687275E-04 -2.5877516E-03  0.0000000E+00
  2.0799350E+02  1.2742158E-03 -8.2288887E-04 -4.5133511E-04 -2.4282171E-03  0.0000000E+00
  2.0799350E+02  1.2280529E-03 -7.9636116E-04 -4.3137050E-04 -2.2751957E-03  0.0000000E+00
  2.0799350E+02  1.1846548E-03 -7.6677502E-04 -4.1718115E-04 -2.1279987E-03  0.0000000E+00
  2.0799350E+02  1.1422893E-03 -7.3446038E-04 -4.0701383E-04 -1.9858092E-03  0.0000000E+00
  2.0799350E+02  1.0999788E-03 -7.0186772E-04 -3.9758762E-04 -1.8478197E-03  0.0000000E+00
  2.0799350E+02 -3.4511616E-02  3.4504789E-02 -5.1764925E-07 -8.6958033E-03  0.0000000E+00
  2.0799350E+02 -3.5595810E-02  4.0628004E-02 -5.0330482E-03 -8.7877795E-03  0.0000000E+00
  2.0799350E+02 -1.7870255E-02  2.2097556E-02 -4.2351950E-03 -8.9885203E-03  0.0000000E+00
  2.0799350E+02 -3.9550549E-03  6.8824574E-03 -2.9309313E-03 -9.3305973E-03  0.0000000E+00
  2.0799350E+02  6.4499297E-03 -3.3839072E-03 -3.0724878E-03 -9.7587292E-03  0.0000000E+00
  2.0799350E+02  1.5486230E-02 -1.0220554E-02 -5.2423747E-03 -1.0203615E-02  0.0000000E+00
  2.0799350E+02  2.5293684E-02 -1.6482492E-02 -8.7964350E-03 -1.0608918E-02  0.0000000E+00
  2.0799350E+02  3.6415516E-02 -2.3611063E-02 -1.2798304E-02 -1.0925265E-02  0.0000000E+00
  2.0799350E+02  4.6729559E-02 -2.9139049E-02 -1.7643879E-02 -1.1106166E-02  0.0000000E+00
  2.0799350E+02  5.5508325E-02 -3.2359960E-02 -2.3181375E-02 -1.1130144E-02  0.0000000E+00
  2.0799350E+02  6.1491595E-02 -3.4125282E-02 -2.7326021E-02 -1.1025151E-02  0.0000000E+00
  2.0799350E+02  6.3405996E-02 -3.4230797E-02 -2.9095265E-02 -1.0854879E-02  0.0000000E+00
  2.0799350E+02  6.1070950E-02 -3.1909612E-02 -2.9126209E-02 -1.0687750E-02  0.0000000E+00
  2.0799350E+02  5.5450776E-02 -2.7137706E-02 -2.8290471E-02 -1.0568926E-02  0.0000000E+00
  2.0799350E+02  4.8097891E-02 -2.1515839E-02 -2.6442339E-02 -1.0514741E-02  0.0000000E+00
  2.0799350E+02  4.0553431E-02 -1.6827940E-02 -2.3616524E-02 -1.0539441E-02  0.0000000E+00
  2.0799350E+02  3.3719386E-02 -1.2852327E-02 -2.0773346E-02 -1.0644320E-02  0.0000000E+00
  2.0799350E+02  2.8042650E-02 -1.0295451E-02 -1.7710277E-02 -1.0828967E-02  0.0000000E+00
  2.0799350E+02  2.3796095E-02 -8.8865982E-03 -1.4883063E-02 -1.1081683E-02  0.0000000E+00
  2.0799350E+02  2.0858270E-02 -8.1601156E-03 -1.2656013E-02 -1.1384753E-02  0.0000000E+00
  2.0799350E+02  1.8865157E-02 -7.6719940E-03 -1.1137301E-02 -1.1719794E-02  0.0000000E+00
  2.0799350E+02  1.7395387E-02 -7.1421049E-03 -1.0192596E-02 -1.2068761E-02  0.0000000E+00
  2.0799350E+02  1.6138687E-02 -6.5149790E-03 -9.5628174E-03 -1.2412935E-02  0.0000000E+00
  2.0799350E+02  1.4997305E-02 -5.9320100E-03 -9.0118326E-03 -1.2732253E-02  0.0000000E+00
  2.0799350E+02  1.4070170E-02 -5.6079650E-03 -8.4299167E-03 -1.3007319E-02  0.0000000E+00
  2.0799350E+02  1.3468762E-02 -5.6048180E-03 -7.8176980E-03 -1.3226763E-02  0.0000000E+00
  2.0799350E+02  1.3132983E-02 -5.9501770E-03 -7.1660615E-03 -1.3384777E-02  0.0000000E+00
  2.0799350E+02  1.2933057E-02 -6.4960730E-03 -6.4503127E-03 -1.3486545E-02  0.0000000E+00
  2.0799350E+02  1.2915152E-02 -7.0726814E-03 -5.8430243E-03 -1.3534298E-02  0.0000000E+00
  2.0799350E+02  1.3046115E-02 -7.6223673E-03 -5.4084476E-03 -1.3533384E-02  0.0000000E+00
  2.0799350E+02  1.3231911E-02 -8.0820761E-03 -5.1252439E-03 -1.3492321E-02  0.0000000E+00
  2.0799350E+02  1.3388079E-02 -8.4141594E-03 -4.9452387E-03 -1.3418591E-02  0.0000000E+00
  2.0799350E+02  1.3471134E-02 -8.6133702E-03 -4.8277340E-03 -1.3317028E-02  0.0000000E+00
  2.0799350E+02  1.3480846E-02 -8.6978773E-03 -4.7539821E-03 -1.3190004E-02  0.0000000E+00
  2.0799350E+02  1.3443312E-02 -8.6921482E-03 -4.7264196E-03 -1.3038605E-02  0.0000000E+00
  2.0799350E+02  1.3384764E-02 -8.6095495E-03 -4.7572633E-03 -1.2864034E-02  0.0000000E+00
  2.0799350E+02  1.3306037E-02 -8.4425136E-03 -4.8510701E-03 -1.2668422E-02  0.0000000E+00
  2.0799350E+02  1.3167612E-02 -8.1681224E-03 -4.9858597E-03 -1.2454268E-02  0.0000000E+00
  2.0799350E+02  1.2895192E-02 -7.7769554E-03 -5.0974036E-03 -1.2221723E-02  0.0000000E+00
  2.0799350E+02  1.2537261E-02 -7.2920838E-03 -5.2278281E-03 -1.1976342E-02  0.0000000E+00
  2.0799350E+02  1.2002947E-02 -6.8294259E-03 -5.1577107E-03 -1.1722082E-02  0.0000000E+00
  2.0799350E+02  1.1388596E-02 -6.3837119E-03 -4.9857477E-03 -1.1456382E-02  0.0000000E+00
  2.0799350E+02  1.0813871E-02 -5.9383530E-03 -4.8522297E-03 -1.1185161E-02  0.0000000E+00
  2.0799350E+02  1.0294029E-02 -5.5082799E-03 -4.7606434E-03 -1.0912368E-02  0.0000000E+00
  2.0799350E+02  9.8064780E-03 -5.1159690E-03 -4.6675124E-03 -1.0640430E-02  0.0000000E+00
  2.0799350E+02  9.3295214E-03 -4.7775847E-03 -4.5348979E-03 -1.0370622E-02  0.0000000E+00
  2.0799350E+02  8.8592173E-03 -4.4972721E-03 -4.3532912E-03 -1.0103379E-02  0.0000000E+00
  2.0799350E+02  8.4102659E-03 -4.2676299E-03 -4.1426295E-03 -9.8385816E-03  0.0000000E+00
  2.0799350E+02  8.0068550E-03 -4.0743940E-03 -3.9391669E-03 -9.5758091E-03  0.0000000E+00
  2.0799350E+02  7.6693801E-03 -3.9033657E-03 -3.7759309E-03 -9.3145946E-03  0.0000000E+00
  2.0799350E+02  7.4029646E-03 -3.7476118E-03 -3.6644976E-03 -9.0546932E-03  0.0000000E+00
  2.0799350E+02  7.1936993E-03 -3.6129718E-03 -3.5858165E-03 -8.7963796E-03  0.0000000E+00
  2.0799350E+02  7.0185246E-03 -3.5199005E-03 -3.4978157E-03 -8.5407945E-03  0.0000000E+00
  2.0799350E+02  6.8746764E-03 -3.4996785E-03 -3.3675207E-03 -8.2903543E-03  0.0000000E+00
  2.0799350E+02  6.7881680E-03 -3.5394114E-03 -3.2401397E-03 -8.0437700E-03  0.0000000E+00
  2.0799350E+02  6.7090833E-03 -3.4542855E-03 -3.2479385E-03 -7.8014122E-03  0.0000000E+00
  2.0799350E+02  6.5940776E-03 -3.3167004E-03 -3.2709886E-03 -7.5642935E-03  0.0000000E+00
  2.0799350E+02  6.4239995E-03 -3.1868242E-03 -3.2314328E-03 -7.3297741E-03  0.0000000E+00
  2.0799350E+02  6.2028655E-03 -3.0838812E-03 -3.1143056E-03 -7.0962318E-03  0.0000000E+00
  2.0799350E+02  5.9453229E-03 -3.0036015E-03 -2.9381789E-03 -6.8629400E-03  0.0000000E+00
  2.0799350E+02  5.6687765E-03 -2.9317692E-03 -2.7341958E-03 -6.6299404E-03  0.0000000E+00
  2.0799350E+02  5.3891967E-03 -2.8540866E-03 -2.5323081E-03 -6.3979047E-03  0.0000000E+00
  2.0799350E+02  5.1196253E-03 -2.7625682E-03 -2.3535346E-03 -6.1679819E-03  0.0000000E+00
  2.0799350E+02  4.8703960E-03 -2.6586854E-03 -2.2070552E-03 -5.9416237E-03  0.0000000E+00
  2.0799350E+02  4.6500864E-03 -2.5534748E-03 -2.0909557E-03 -5.7203864E-03  0.0000000E+00
  2.0799350E+02  4.4659390E-03 -2.4647039E-03 -1.9952888E-03 -5.5053417E-03  0.0000000E+00
  2.0799350E+02  4.3245159E-03 -2.4121373E-03 -1.9071813E-03 -5.2982647E-03  0.0000000E+00
  2.0799350E+02  4.2270449E-03 -2.4088742E-03 -1.8144923E-03 -5.0991324E-03  0.0000000E+00
  2.0799350E+02  4.1647873E-03 -2.4521522E-03 -1.7099814E-03 -4.9072515E-03  0.0000000E+00
  2.0799350E+02  4.1085445E-03 -2.5113589E-03 -1.5923675E-03 -4.7204885E-03  0.0000000E+00
  2.0799350E+02  4.0256082E-03 -2.5455739E-03 -1.4720096E-03 -4.5377414E-03  0.0000000E+00
  2.0799350E+02  3.9269526E-03 -2.6006680E-03 -1.3249267E-03 -4.3621889E-03  0.0000000E+00
  2.0799350E+02  3.7929716E-03 -2.6485248E-03 -1.1458200E-03 -4.1883444E-03  0.0000000E+00
  2.0799350E+02  3.6631757E-03 -2.7029685E-03 -9.6235359E-04 -4.0170930E-03  0.0000000E+00
  2.0799350E+02  3.5490769E-03 -2.7647053E-03 -7.8658685E-04 -3.8486424E-03  0.0000000E+00
  2.0799350E+02  3.4474141E-03 -2.8258744E-03 -6.2374029E-04 -3.6828160E-03  0.0000000E+00
  2.0799350E+02  3.3493455E-03 -2.8739942E-03 -4.7759736E-04 -3.5192525E-03  0.0000000E+00
  2.0799350E+02  3.2462385E-03 -2.8952994E-03 -3.5314985E-04 -3.3575318E-03  0.0000000E+00
  2.0799350E+02  3.1326923E-03 -2.8774665E-03 -2.5709334E-04 -3.1972457E-03  0.0000000E+00
  2.0799350E+02  3.0074237E-03 -2.8117218E-03 -1.9677968E-04 -3.0380339E-03  0.0000000E+00
  2.0799350E+02  2.8726511E-03 -2.6943294E-03 -1.7823319E-04 -2.8796020E-03  0.0000000E+00
  2.0799350E+02  2.7326082E-03 -2.5274546E-03 -2.0383742E-04 -2.7217431E-03  0.0000000E+00
  2.0799350E+02  2.5918198E-03 -2.3193992E-03 -2.7029919E-04 -2.5643804E-03  0.0000000E+00
  2.0799350E+02  2.4537744E-03 -2.0842040E-03 -3.6749695E-04 -2.4076508E-03  0.0000000E+00
  2.0799350E+02  2.3206246E-03 -1.8406152E-03 -4.7881987E-04 -2.2520482E-03  0.0000000E+00
  2.0799350E+02  2.1945487E-03 -1.6104107E-03 -5.8360488E-04 -2.0986459E-03  0.0000000E+00
  2.0799350E+02  2.0814066E-03 -1.4160821E-03 -6.6227808E-04 -1.9494163E-03  0.0000000E+00
  2.0799350E+02  1.9891025E-03 -1.2846263E-03 -7.0037114E-04 -1.8058295E-03  0.0000000E+00
  2.0799350E+02  1.9074938E-03 -1.2182980E-03 -6.9021835E-04 -1.6683121E-03  0.0000000E+00
  2.0799350E+02  1.8383152E-03 -1.1732632E-03 -6.6619367E-04 -1.5371555E-03  0.0000000E+00
  2.0799350E+02  1.7767853E-03 -1.1310135E-03 -6.4584029E-04 -1.4104626E-03  0.0000000E+00
  2.0799350E+02  1.7182558E-03 -1.0856850E-03 -6.3191425E-04 -1.2873852E-03  0.0000000E+00
  2.0799350E+02  1.6590511E-03 -1.0383167E-03 -6.1999561E-04 -1.1677776E-03  0.0000000E+00
  2.0799350E+02  1.5969133E-03 -9.9263201E-04 -6.0385943E-04 -1.0519052E-03  0.0000000E+00
  2.0799350E+02  1.5311213E-03 -9.5218048E-04 -5.7889094E-04 -9.4020503E-04  0.0000000E+00
  2.0799350E+02  1.4623532E-03 -9.1867985E-04 -5.4382930E-04 -8.3309960E-04  0.0000000E+00
  2.0799350E+02  1.3923623E-03 -8.9139479E-04 -5.0112422E-04 -7.3086073E-04  0.0000000E+00
  2.0799350E+02  1.3235349E-03 -8.6739178E-04 -4.5618982E-04 -6.3352377E-04  0.0000000E+00
  2.0799350E+02  1.2583996E-03 -8.4250790E-04 -4.1584016E-04 -5.4085048E-04  0.0000000E+00
  2.0799350E+02  1.1991574E-03 -8.1287199E-04 -3.8619061E-04 -4.5233978E-04  0.0000000E+00
  2.0799350E+02 -4.4856638E-02  4.4836822E-02 -7.5209109E-09 -9.9522719E-04  0.0000000E+00
  2.0799350E+02 -6.2433203E-02  7.2538107E-02 -1.0101092E-02 -1.0947418E-03  0.0000000E+00
  2.0799350E+02 -3.1920400E-02  4.1130504E-02 -9.2350957E-03 -1.6092841E-03  0.0000000E+00
  2.0799350E+02 -1.7887771E-03  9.6531324E-03 -7.8593819E-03 -2.5291327E-03  0.0000000E+00
  2.0799350E+02  2.0137327E-02 -1.2256841E-02 -7.8828233E-03 -3.6061228E-03  0.0000000E+00
  2.0799350E+02  3.3763995E-02 -2.5099872E-02 -8.6154194E-03 -4.6377050E-03  0.0000000E+00
  2.0799350E+02  4.0943841E-02 -2.9898530E-02 -1.0859479E-02 -5.5177603E-03  0.0000000E+00
  2.0799350E+02  4.6042900E-02 -3.0194463E-02 -1.5608651E-02 -6.1929936E-03  0.0000000E+00
  2.0799350E+02  5.2082858E-02 -2.9407185E-02 -2.2561441E-02 -6.6228199E-03  0.0000000E+00
  2.0799350E+02  6.1000069E-02 -3.1124263E-02 -2.9826686E-02 -6.7888258E-03  0.0000000E+00
  2.0799350E+02  7.1796427E-02 -3.5755249E-02 -3.6034148E-02 -6.6986078E-03  0.0000000E+00
  2.0799350E+02  8.2392696E-02 -4.1198973E-02 -4.1226101E-02 -6.3821244E-03  0.0000000E+00
  2.0799350E+02  9.0666035E-02 -4.5088679E-02 -4.5565625E-02 -5.8860632E-03  0.0000000E+00
  2.0799350E+02  9.4399863E-02 -4.6325084E-02 -4.8085237E-02 -5.2663279E-03  0.0000000E+00
  2.0799350E+02  9.2677482E-02 -4.5565558E-02 -4.7242186E-02 -4.5770753E-03  0.0000000E+00
  2.0799350E+02  8.7069981E-02 -4.2793923E-02 -4.4279820E-02 -3.8557908E-03  0.0000000E+00
  2.0799350E+02  7.8124332E-02 -3.6820328E-02 -4.1480634E-02 -3.1381661E-03  0.0000000E+00
  2.0799350E+02  6.8471273E-02 -2.9810648E-02 -3.8647282E-02 -2.4387390E-03  0.0000000E+00
  2.0799350E+02  5.8340980E-02 -2.3065492E-02 -3.5161415E-02 -1.7893467E-03  0.0000000E+00
  2.0799350E+02  4.8707242E-02 -1.7664257E-02 -3.0927274E-02 -1.2224378E-03  0.0000000E+00
  2.0799350E+02  4.0368317E-02 -1.3902476E-02 -2.6362946E-02 -7.5807471E-04  0.0000000E+00
  2.0799350E+02  3.3593046E-02 -1.1387681E-02 -2.2096835E-02 -3.9969610E-04  0.0000000E+00
  2.0799350E+02  2.8302392E-02 -9.5396529E-03 -1.8658394E-02 -1.4433094E-04  0.0000000E+00
  2.0799350E+02  2.4267024E-02 -8.0307099E-03 -1.6174280E-02  1.4307550E-05  0.0000000E+00
  2.0799350E+02  2.1298268E-02 -6.9220760E-03 -1.4356046E-02  8.3828123E-05  0.0000000E+00
  2.0799350E+02  1.9106909E-02 -6.1119595E-03 -1.2904369E-02  8.3392363E-05  0.0000000E+00
  2.0799350E+02  1.7260100E-02 -5.4086663E-03 -1.1822430E-02  3.4811686E-05  0.0000000E+00
  2.0799350E+02  1.5745512E-02 -4.7294323E-03 -1.1031213E-02 -4.1141448E-05  0.0000000E+00
  2.0799350E+02  1.4590959E-02 -4.2722768E-03 -1.0311824E-02 -1.3088182E-04  0.0000000E+00
  2.0799350E+02  1.3809463E-02 -4.2724447E-03 -9.5118865E-03 -2.2471478E-04  0.0000000E+00
  2.0799350E+02  1.3334701E-02 -4.6734043E-03 -8.6332069E-03 -3.1108129E-04  0.0000000E+00
  2.0799350E+02  1.3081924E-02 -5.3159319E-03 -7.7405803E-03 -3.8187705E-04  0.0000000E+00
  2.0799350E+02  1.2982389E-02 -6.0410627E-03 -6.9143758E-03 -4.3332169E-04  0.0000000E+00
  2.0799350E+02  1.2985984E-02 -6.7389821E-03 -6.2128615E-03 -4.6618212E-04  0.0000000E+00
  2.0799350E+02  1.3054371E-02 -7.3517093E-03 -5.6622057E-03 -4.8395266E-04  0.0000000E+00
  2.0799350E+02  1.3148787E-02 -7.8491833E-03 -5.2619365E-03 -4.9076419E-04  0.0000000E+00
  2.0799350E+02  1.3224326E-02 -8.2003164E-03 -4.9996080E-03 -4.8976809E-04  0.0000000E+00
  2.0799350E+02  1.3237930E-02 -8.3442680E-03 -4.8798670E-03 -4.8273520E-04  0.0000000E+00
  2.0799350E+02  1.3183376E-02 -8.1960190E-03 -4.9505787E-03 -4.7193449E-04  0.0000000E+00
  2.0799350E+02  1.3013570E-02 -7.7493154E-03 -5.2196713E-03 -4.5687014E-04  0.0000000E+00
  2.0799350E+02  1.2789361E-02 -7.4315216E-03 -5.3379161E-03 -4.3629515E-04  0.0000000E+00
  2.0799350E+02  1.2520962E-02 -7.0977388E-03 -5.4099700E-03 -4.1058650E-04  0.0000000E+00
  2.0799350E+02  1.2165376E-02 -6.6758980E-03 -5.4807137E-03 -3.7648396E-04  0.0000000E+00
  2.0799350E+02  1.1740552E-02 -6.2111884E-03 -5.5266104E-03 -3.3337572E-04  0.0000000E+00
  2.0799350E+02  1.1284365E-02 -5.7792065E-03 -5.5082236E-03 -2.8283956E-04  0.0000000E+00
  2.0799350E+02  1.0830810E-02 -5.4354921E-03 -5.4012758E-03 -2.2798166E-04  0.0000000E+00
  2.0799350E+02  1.0395944E-02 -5.1918857E-03 -5.2086630E-03 -1.7217042E-04  0.0000000E+00
  2.0799350E+02  9.9815175E-03 -5.0207044E-03 -4.9606912E-03 -1.1868981E-04  0.0000000E+00
  2.0799350E+02  9.5776775E-03 -4.8680553E-03 -4.7040732E-03 -6.9580720E-05  0.0000000E+00
  2.0799350E+02  9.1728721E-03 -4.6783119E-03 -4.4860654E-03 -2.5172375E-05  0.0000000E+00
  2.0799350E+02  8.7636465E-03 -4.4192805E-03 -4.3373248E-03  1.6046019E-05  0.0000000E+00
  2.0799350E+02  8.3575976E-03 -4.0986868E-03 -4.2565153E-03  5.7402776E-05  0.0000000E+00
  2.0799350E+02  7.9764173E-03 -3.7717538E-03 -4.2041390E-03  1.0274051E-04  0.0000000E+00
  2.0799350E+02  7.6419444E-03 -3.5240502E-03 -4.1047517E-03  1.5505644E-04  0.0000000E+00
  2.0799350E+02  7.3990715E-03 -3.4424850E-03 -3.9449782E-03  2.1080015E-04  0.0000000E+00
  2.0799350E+02  7.1938030E-03 -3.5086035E-03 -3.6855801E-03  2.6484638E-04  0.0000000E+00
  2.0799350E+02  6.9977667E-03 -3.5405847E-03 -3.4565476E-03  3.1700446E-04  0.0000000E+00
  2.0799350E+02  6.8260659E-03 -3.4889550E-03 -3.3326036E-03  3.6618345E-04  0.0000000E+00
  2.0799350E+02  6.6785920E-03 -3.3835550E-03 -3.2881896E-03  4.1243664E-04  0.0000000E+00
  2.0799350E+02  6.5443800E-03 -3.2740376E-03 -3.2635808E-03  4.5630138E-04  0.0000000E+00
  2.0799350E+02  6.4067182E-03 -3.1960538E-03 -3.2055535E-03  4.9835221E-04  0.0000000E+00
  2.0799350E+02  6.2473589E-03 -3.1572454E-03 -3.0868661E-03  5.3925699E-04  0.0000000E+00
  2.0799350E+02  6.0526647E-03 -3.1395987E-03 -2.9108303E-03  5.7925769E-04  0.0000000E+00
  2.0799350E+02  5.8166618E-03 -3.1103098E-03 -2.7039101E-03  6.1843838E-04  0.0000000E+00
  2.0799350E+02  5.5437209E-03 -3.0381693E-03 -2.5020660E-03  6.5669061E-04  0.0000000E+00
  2.0799350E+02  5.2494629E-03 -2.9095767E-03 -2.3353989E-03  6.9370544E-04  0.0000000E+00
  2.0799350E+02  4.9565299E-03 -2.7376373E-03 -2.2143163E-03  7.2925130E-04  0.0000000E+00
  2.0799350E+02  4.6921705E-03 -2.5627071E-03 -2.1258866E-03  7.6278121E-04  0.0000000E+00
  2.0799350E+02  4.4770704E-03 -2.4348012E-03 -2.0394013E-03  7.9357035E-04  0.0000000E+00
  2.0799350E+02  4.3122591E-03 -2.3756533E-03 -1.9302720E-03  8.2041632E-04  0.0000000E+00
  2.0799350E+02  4.1681960E-03 -2.3400884E-03 -1.8175277E-03  8.4301544E-04  0.0000000E+00
  2.0799350E+02  4.0830813E-03 -2.3707113E-03 -1.7108315E-03  8.6496533E-04  0.0000000E+00
  2.0799350E+02  4.0274191E-03 -2.4292515E-03 -1.5984885E-03  8.8428275E-04  0.0000000E+00
  2.0799350E+02  3.9652311E-03 -2.4943817E-03 -1.4709915E-03  9.0223225E-04  0.0000000E+00
  2.0799350E+02  3.8847504E-03 -2.5583722E-03 -1.3264113E-03  9.1948770E-04  0.0000000E+00
  2.0799350E+02  3.7874326E-03 -2.6203858E-03 -1.1674744E-03  9.3642965E-04  0.0000000E+00
  2.0799350E+02  3.6794092E-03 -2.6818827E-03 -9.9856156E-04  9.5347248E-04  0.0000000E+00
  2.0799350E+02  3.5674285E-03 -2.7425090E-03 -8.2635229E-04  9.7101643E-04  0.0000000E+00
  2.0799350E+02  3.4555027E-03 -2.7984291E-03 -6.5845295E-04  9.8960332E-04  0.0000000E+00
  2.0799350E+02  3.3441861E-03 -2.8414669E-03 -5.0362539E-04  1.0098697E-03  0.0000000E+00
  2.0799350E+02  3.2312664E-03 -2.8595893E-03 -3.7193330E-04  1.0324431E-03  0.0000000E+00
  2.0799350E+02  3.1123992E-03 -2.8386231E-03 -2.7350198E-04  1.0580046E-03  0.0000000E+00
  2.0799350E+02  2.9840222E-03 -2.7647270E-03 -2.1879056E-04  1.0869598E-03  0.0000000E+00
  2.0799350E+02  2.8443361E-03 -2.6282411E-03 -2.1558242E-04  1.1194838E-03  0.0000000E+00
  2.0799350E+02  2.6946610E-03 -2.4281723E-03 -2.6582488E-04  1.1554057E-03  0.0000000E+00
  2.0799350E+02  2.5398306E-03 -2.1779703E-03 -3.6038966E-04  1.1940994E-03  0.0000000E+00
  2.0799350E+02  2.3857687E-03 -1.9097711E-03 -4.7277352E-04  1.2347564E-03  0.0000000E+00
  2.0799350E+02  2.2422174E-03 -1.6601959E-03 -5.7853946E-04  1.2764835E-03  0.0000000E+00
  2.0799350E+02  2.1241430E-03 -1.4551754E-03 -6.6767744E-04  1.3182771E-03  0.0000000E+00
  2.0799350E+02  2.0235586E-03 -1.3137691E-03 -7.0970608E-04  1.3577616E-03  0.0000000E+00
  2.0799350E+02  1.9355758E-03 -1.2143423E-03 -7.2164901E-04  1.3940834E-03  0.0000000E+00
  2.0799350E+02  1.8565570E-03 -1.1396029E-03 -7.1744629E-04  1.4273357E-03  0.0000000E+00
  2.0799350E+02  1.7844176E-03 -1.0784719E-03 -7.0631484E-04  1.4577906E-03  0.0000000E+00
  2.0799350E+02  1.7175562E-03 -1.0250656E-03 -6.9267678E-04  1.4858683E-03  0.0000000E+00
  2.0799350E+02  1.6546465E-03 -9.7768061E-04 -6.7697306E-04  1.5119026E-03  0.0000000E+00
  2.0799350E+02  1.5944890E-03 -9.3712168E-04 -6.5721534E-04  1.5360227E-03  0.0000000E+00
  2.0799350E+02  1.5354938E-03 -9.0454693E-04 -6.3065752E-04  1.5583039E-03  0.0000000E+00
  2.0799350E+02  1.4762928E-03 -8.8018096E-04 -5.9572622E-04  1.5785755E-03  0.0000000E+00
  2.0799350E+02  1.4154955E-03 -8.6189177E-04 -5.5321130E-04  1.5966720E-03  0.0000000E+00
  2.0799350E+02  1.3521033E-03 -8.4504588E-04 -5.0680886E-04  1.6124989E-03  0.0000000E+00
  2.0799350E+02  8.2194206E-18 -2.4587740E-05  2.9286420E-31  2.2010689E-02  0.0000000E+00
  2.0799350E+02 -4.5890219E-02  7.7929428E-02 -3.2037349E-02  2.1836769E-02  0.0000000E+00
  2.0799350E+02 -3.2175828E-02  5.9733152E-02 -2.7590699E-02  2.0663853E-02  0.0000000E+00
  2.0799350E+02 -8.3185526E-03  2.6258151E-02 -1.7933763E-02  1.8657536E-02  0.0000000E+00
  2.0799350E+02  9.7013979E-03  3.4472831E-03 -1.3087885E-02  1.6431023E-02  0.0000000E+00
  2.0799350E+02  2.2576004E-02 -9.2299732E-03 -1.3267998E-02  1.4401242E-02  0.0000000E+00
  2.0799350E+02  3.3847919E-02 -1.6442948E-02 -1.7401886E-02  1.2740678E-02  0.0000000E+00
  2.0799350E+02  4.4404810E-02 -2.0291943E-02 -2.4009121E-02  1.1466940E-02  0.0000000E+00
  2.0799350E+02  5.4158748E-02 -1.9749107E-02 -3.4277660E-02  1.0559081E-02  0.0000000E+00
  2.0799350E+02  6.4130047E-02 -1.9489633E-02 -4.4411332E-02  9.9794964E-03  0.0000000E+00
  2.0799350E+02  7.4947505E-02 -2.2236378E-02 -5.2432512E-02  9.7034532E-03  0.0000000E+00
  2.0799350E+02  8.6345974E-02 -2.8258303E-02 -5.7818923E-02  9.7123764E-03  0.0000000E+00
  2.0799350E+02  9.7154236E-02 -3.6558861E-02 -6.0343687E-02  9.9787058E-03  0.0000000E+00
  2.0799350E+02  1.0576756E-01 -4.5178347E-02 -6.0419238E-02  1.0466047E-02  0.0000000E+00
  2.0799350E+02  1.1055629E-01 -5.1190867E-02 -5.9297603E-02  1.1131888E-02  0.0000000E+00
  2.0799350E+02  1.0967286E-01 -5.2360330E-02 -5.7164829E-02  1.1931641E-02  0.0000000E+00
  2.0799350E+02  1.0391349E-01 -5.0757306E-02 -5.3198466E-02  1.2817379E-02  0.0000000E+00
  2.0799350E+02  9.5594817E-02 -4.7372322E-02 -4.8282039E-02  1.3732878E-02  0.0000000E+00
  2.0799350E+02  8.5901635E-02 -4.2766795E-02 -4.3245234E-02  1.4627067E-02  0.0000000E+00
  2.0799350E+02  7.5679833E-02 -3.7159387E-02 -3.8697109E-02  1.5453131E-02  0.0000000E+00
  2.0799350E+02  6.5583679E-02 -3.1039634E-02 -3.4735703E-02  1.6174756E-02  0.0000000E+00
  2.0799350E+02  5.6108483E-02 -2.5135657E-02 -3.1106117E-02  1.6767892E-02  0.0000000E+00
  2.0799350E+02  4.7567548E-02 -2.0054667E-02 -2.7558770E-02  1.7219703E-02  0.0000000E+00
  2.0799350E+02  4.0072999E-02 -1.5914983E-02 -2.4160078E-02  1.7526265E-02  0.0000000E+00
  2.0799350E+02  3.3580045E-02 -1.2288318E-02 -2.1307785E-02  1.7690554E-02  0.0000000E+00
  2.0799350E+02  2.8046008E-02 -8.7655688E-03 -1.9200016E-02  1.7722208E-02  0.0000000E+00
  2.0799350E+02  2.3912272E-02 -6.5126521E-03 -1.7385154E-02  1.7638483E-02  0.0000000E+00
  2.0799350E+02  2.1236896E-02 -5.7554727E-03 -1.5518675E-02  1.7462783E-02  0.0000000E+00
  2.0799350E+02  1.9320803E-02 -5.4788979E-03 -1.3842667E-02  1.7213359E-02  0.0000000E+00
  2.0799350E+02  1.7783625E-02 -5.3556644E-03 -1.2413739E-02  1.6910376E-02  0.0000000E+00
  2.0799350E+02  1.6467985E-02 -5.3306413E-03 -1.1133436E-02  1.6572402E-02  0.0000000E+00
  2.0799350E+02  1.5347427E-02 -5.4165900E-03 -9.9375777E-03  1.6213603E-02  0.0000000E+00
  2.0799350E+02  1.4451453E-02 -5.5990006E-03 -8.8545370E-03  1.5843277E-02  0.0000000E+00
  2.0799350E+02  1.3809655E-02 -5.8193484E-03 -7.9758408E-03  1.5466935E-02  0.0000000E+00
  2.0799350E+02  1.3416922E-02 -6.0061168E-03 -7.3824097E-03  1.5088143E-02  0.0000000E+00
  2.0799350E+02  1.3221698E-02 -6.1229309E-03 -7.0697926E-03  1.4710339E-02  0.0000000E+00
  2.0799350E+02  1.3139262E-02 -6.2031463E-03 -6.9157354E-03  1.4337846E-02  0.0000000E+00
  2.0799350E+02  1.3092027E-02 -6.3402392E-03 -6.7334296E-03  1.3975283E-02  0.0000000E+00
  2.0799350E+02  1.3078812E-02 -6.6033412E-03 -6.4537810E-03  1.3624594E-02  0.0000000E+00
  2.0799350E+02  1.3124065E-02 -6.7095227E-03 -6.4014115E-03  1.3280405E-02  0.0000000E+00
  2.0799350E+02  1.2956103E-02 -6.4899562E-03 -6.4517350E-03  1.2938821E-02  0.0000000E+00
  2.0799350E+02  1.2714776E-02 -6.2006601E-03 -6.5049230E-03  1.2600811E-02  0.0000000E+00
  2.0799350E+02  1.2452185E-02 -5.9205247E-03 -6.5271201E-03  1.2268220E-02  0.0000000E+00
  2.0799350E+02  1.2161049E-02 -5.6834720E-03 -6.4750832E-03  1.1944467E-02  0.0000000E+00
  2.0799350E+02  1.1820026E-02 -5.4891708E-03 -6.3280620E-03  1.1630430E-02  0.0000000E+00
  2.0799350E+02  1.1420284E-02 -5.3191672E-03 -6.0965725E-03  1.1326405E-02  0.0000000E+00
  2.0799350E+02  1.0972399E-02 -5.1497748E-03 -5.8156556E-03  1.1031740E-02  0.0000000E+00
  2.0799350E+02  1.0501582E-02 -4.9632765E-03 -5.5287420E-03  1.0745289E-02  0.0000000E+00
  2.0799350E+02  1.0036257E-02 -4.7555629E-03 -5.2687543E-03  1.0465976E-02  0.0000000E+00
  2.0799350E+02  9.5954390E-03 -4.5388157E-03 -5.0430046E-03  1.0193312E-02  0.0000000E+00
  2.0799350E+02  9.1803409E-03 -4.3378472E-03 -4.8284419E-03  9.9277052E-03  0.0000000E+00
  2.0799350E+02  8.7756693E-03 -4.1787045E-03 -4.5838086E-03  9.6704060E-03  0.0000000E+00
  2.0799350E+02  8.3660339E-03 -4.0681484E-03 -4.2852607E-03  9.4229244E-03  0.0000000E+00
  2.0799350E+02  7.9729232E-03 -3.9626160E-03 -3.9920097E-03  9.1857691E-03  0.0000000E+00
  2.0799350E+02  7.6551388E-03 -3.8165615E-03 -3.8260531E-03  8.9583364E-03  0.0000000E+00
  2.0799350E+02  7.3814902E-03 -3.7364045E-03 -3.6419541E-03  8.7436762E-03  0.0000000E+00
  2.0799350E+02  7.1651597E-03 -3.6559551E-03 -3.5055023E-03  8.5402240E-03  0.0000000E+00
  2.0799350E+02  6.9920617E-03 -3.5464722E-03 -3.4394723E-03  8.3454775E-03  0.0000000E+00
  2.0799350E+02  6.8413441E-03 -3.4065947E-03 -3.4272794E-03  8.1567170E-03  0.0000000E+00
  2.0799350E+02  6.6948279E-03 -3.2522355E-03 -3.4351738E-03  7.9727036E-03  0.0000000E+00
  2.0799350E+02  6.5398760E-03 -3.1052610E-03 -3.4280917E-03  7.7919992E-03  0.0000000E+00
  2.0799350E+02  6.3714351E-03 -2.9861012E-03 -3.3800009E-03  7.6141789E-03  0.0000000E+00
  2.0799350E+02  6.1904975E-03 -2.9072790E-03 -3.2791489E-03  7.4393273E-03  0.0000000E+00
  2.0799350E+02  6.0014165E-03 -2.8695649E-03 -3.1291512E-03  7.2677660E-03  0.0000000E+00
  2.0799350E+02  5.8087357E-03 -2.8609540E-03 -2.9465728E-03  7.0997630E-03  0.0000000E+00
  2.0799350E+02  5.6144533E-03 -2.8588706E-03 -2.7557120E-03  6.9352909E-03  0.0000000E+00
  2.0799350E+02  5.4166445E-03 -2.8360035E-03 -2.5812956E-03  6.7739007E-03  0.0000000E+00
  2.0799350E+02  5.2103615E-03 -2.7701771E-03 -2.4397932E-03  6.6147772E-03  0.0000000E+00
  2.0799350E+02  4.9917347E-03 -2.6586634E-03 -2.3300621E-03  6.4570431E-03  0.0000000E+00
  2.0799350E+02  4.7661953E-03 -2.5373374E-03 -2.2240293E-03  6.3003774E-03  0.0000000E+00
  2.0799350E+02  4.5448425E-03 -2.4701555E-03 -2.0710179E-03  6.1454114E-03  0.0000000E+00
  2.0799350E+02  4.3215692E-03 -2.4158905E-03 -1.9002171E-03  5.9921155E-03  0.0000000E+00
  2.0799350E+02  4.1407424E-03 -2.4182182E-03 -1.7186616E-03  5.8421575E-03  0.0000000E+00
  2.0799350E+02  3.9968498E-03 -2.4546424E-03 -1.5401784E-03  5.6959074E-03  0.0000000E+00
  2.0799350E+02  3.8784862E-03 -2.5002429E-03 -1.3773197E-03  5.5535577E-03  0.0000000E+00
  2.0799350E+02  3.7743568E-03 -2.5376585E-03 -1.2362320E-03  5.4150400E-03  0.0000000E+00
  2.0799350E+02  3.6770365E-03 -2.5605568E-03 -1.1162082E-03  5.2810228E-03  0.0000000E+00
  2.0799350E+02  3.5826730E-03 -2.5729842E-03 -1.0096455E-03  5.1515883E-03  0.0000000E+00
  2.0799350E+02  3.4907013E-03 -2.5848437E-03 -9.0614030E-04  5.0271618E-03  0.0000000E+00
  2.0799350E+02  3.4016959E-03 -2.6060464E-03 -7.9622772E-04  4.9082583E-03  0.0000000E+00
  2.0799350E+02  3.3151044E-03 -2.6404293E-03 -6.7533636E-04  4.7954360E-03  0.0000000E+00
  2.0799350E+02  3.2273755E-03 -2.6810285E-03 -5.4680122E-04  4.6892316E-03  0.0000000E+00
  2.0799350E+02  3.1311766E-03 -2.7082287E-03 -4.2303060E-04  4.5900834E-03  0.0000000E+00
  2.0799350E+02  3.0163920E-03 -2.6923058E-03 -3.2392188E-04  4.4982495E-03  0.0000000E+00
  2.0799350E+02  2.8735976E-03 -2.6018834E-03 -2.7162158E-04  4.4137267E-03  0.0000000E+00
  2.0799350E+02  2.7007043E-03 -2.4198217E-03 -2.8072469E-04  4.3361774E-03  0.0000000E+00
  2.0799350E+02  2.5134637E-03 -2.1680572E-03 -3.4300850E-04  4.2648692E-03  0.0000000E+00
  2.0799350E+02  2.3460078E-03 -1.9148049E-03 -4.2697795E-04  4.1993047E-03  0.0000000E+00
  2.0799350E+02  2.1970009E-03 -1.6644925E-03 -5.3154498E-04  4.1388229E-03  0.0000000E+00
  2.0799350E+02  2.0748995E-03 -1.4491411E-03 -6.2511479E-04  4.0809866E-03  0.0000000E+00
  2.0799350E+02  1.9748120E-03 -1.2739444E-03 -6.9980951E-04  4.0246870E-03  0.0000000E+00
  2.0799350E+02  1.8896665E-03 -1.1349429E-03 -7.5348934E-04  3.9690826E-03  0.0000000E+00
  2.0799350E+02  1.8134743E-03 -1.0261553E-03 -7.8636229E-04  3.9138723E-03  0.0000000E+00
  2.0799350E+02  1.7418755E-03 -9.4172251E-04 -7.9975120E-04  3.8586699E-03  0.0000000E+00
  2.0799350E+02  1.6730197E-03 -8.7818914E-04 -7.9496507E-04  3.8033089E-03  0.0000000E+00
  2.0799350E+02  1.6069618E-03 -8.3397882E-04 -7.7339570E-04  3.7477034E-03  0.0000000E+00
  2.0799350E+02  1.5447420E-03 -8.0814020E-04 -7.3694751E-04  3.6918176E-03  0.0000000E+00
  2.0799350E+02  1.4872969E-03 -7.9870248E-04 -6.8861575E-04  3.6356507E-03  0.0000000E+00
  2.0799350E+02  1.4344985E-03 -8.0123689E-04 -6.3292244E-04  3.5792384E-03  0.0000000E+00
  2.0799350E+02  1.3846168E-03 -8.0822061E-04 -5.7591938E-04  3.5226710E-03  0.0000000E+00
  2.0799350E+02  8.5588206E-02 -8.5670688E-02 -6.2923480E-08  6.8359326E-02  0.0000000E+00
  2.0799350E+02  2.5242476E-02  7.6502693E-02 -1.0176803E-01  6.8360055E-02  0.0000000E+00
  2.0799350E+02 -7.1214394E-03  1.0986938E-01 -1.0286736E-01  6.6935747E-02  0.0000000E+00
  2.0799350E+02 -8.3059794E-03  8.2979623E-02 -7.4639854E-02  6.4139371E-02  0.0000000E+00
  2.0799350E+02  3.3172914E-03  4.5869382E-02 -4.9140954E-02  6.0758944E-02  0.0000000E+00
  2.0799350E+02  1.7501897E-02  1.9114097E-02 -3.6526693E-02  5.7364607E-02  0.0000000E+00
  2.0799350E+02  3.1970889E-02  3.3894065E-03 -3.5341673E-02  5.4251269E-02  0.0000000E+00
  2.0799350E+02  4.5503142E-02 -7.5905450E-03 -3.7897432E-02  5.1549900E-02  0.0000000E+00
  2.0799350E+02  5.7531135E-02 -1.6459971E-02 -4.1050944E-02  4.9298094E-02  0.0000000E+00
  2.0799350E+02  6.8552866E-02 -2.5198833E-02 -4.3275712E-02  4.7468080E-02  0.0000000E+00
  2.0799350E+02  7.8127014E-02 -3.1992545E-02 -4.6010631E-02  4.6030136E-02  0.0000000E+00
  2.0799350E+02  8.6215686E-02 -3.5890621E-02 -5.0167362E-02  4.4921514E-02  0.0000000E+00
  2.0799350E+02  9.2681021E-02 -3.8036436E-02 -5.4398516E-02  4.4061087E-02  0.0000000E+00
  2.0799350E+02  9.6745760E-02 -4.0435577E-02 -5.6057068E-02  4.3395359E-02  0.0000000E+00
  2.0799350E+02  9.7245645E-02 -4.3233637E-02 -5.3865566E-02  4.2909843E-02  0.0000000E+00
  2.0799350E+02  9.4125915E-02 -4.3678220E-02 -5.0274268E-02  4.2573351E-02  0.0000000E+00
  2.0799350E+02  8.9741958E-02 -4.3180163E-02 -4.6505581E-02  4.2343096E-02  0.0000000E+00
  2.0799350E+02  8.3551861E-02 -3.9738711E-02 -4.3661652E-02  4.2158354E-02  0.0000000E+00
  2.0799350E+02  7.5709045E-02 -3.4621568E-02 -4.0986088E-02  4.1944500E-02  0.0000000E+00
  2.0799350E+02  6.7202658E-02 -2.9510697E-02 -3.7681842E-02  4.1637377E-02  0.0000000E+00
  2.0799350E+02  5.8908699E-02 -2.5159775E-02 -3.3761769E-02  4.1211309E-02  0.0000000E+00
  2.0799350E+02  5.1225910E-02 -2.1311824E-02 -2.9894271E-02  4.0674067E-02  0.0000000E+00
  2.0799350E+02  4.4256763E-02 -1.7398449E-02 -2.6821509E-02  4.0052938E-02  0.0000000E+00
  2.0799350E+02  3.8005267E-02 -1.3299154E-02 -2.4682719E-02  3.9370233E-02  0.0000000E+00
  2.0799350E+02  3.2554571E-02 -9.6922108E-03 -2.2812000E-02  3.8631043E-02  0.0000000E+00
  2.0799350E+02  2.7897162E-02 -7.3730094E-03 -2.0446800E-02  3.7833463E-02  0.0000000E+00
  2.0799350E+02  2.4073520E-02 -5.5667368E-03 -1.8453217E-02  3.6971176E-02  0.0000000E+00
  2.0799350E+02  2.1280124E-02 -4.5452087E-03 -1.6681806E-02  3.6061329E-02  0.0000000E+00
  2.0799350E+02  1.9189345E-02 -4.4023355E-03 -1.4760664E-02  3.5101787E-02  0.0000000E+00
  2.0799350E+02  1.7652920E-02 -4.7827001E-03 -1.2855629E-02  3.4096872E-02  0.0000000E+00
  2.0799350E+02  1.6511993E-02 -5.2992445E-03 -1.1196191E-02  3.3063239E-02  0.0000000E+00
  2.0799350E+02  1.5613377E-02 -5.6786801E-03 -9.9136294E-03  3.2014349E-02  0.0000000E+00
  2.0799350E+02  1.4842292E-02 -5.8021610E-03 -9.0184253E-03  3.0966568E-02  0.0000000E+00
  2.0799350E+02  1.4130643E-02 -5.6888479E-03 -8.4226387E-03  2.9931062E-02  0.0000000E+00
  2.0799350E+02  1.3465893E-02 -5.4360820E-03 -8.0131292E-03  2.8916053E-02  0.0000000E+00
  2.0799350E+02  1.2885042E-02 -5.1505777E-03 -7.7201524E-03  2.7929534E-02  0.0000000E+00
  2.0799350E+02  1.2446383E-02 -4.8953168E-03 -7.5437794E-03  2.6973103E-02  0.0000000E+00
  2.0799350E+02  1.2189399E-02 -4.6877551E-03 -7.5073138E-03  2.6050225E-02  0.0000000E+00
  2.0799350E+02  1.2058876E-02 -4.5676744E-03 -7.4899161E-03  2.5154746E-02  0.0000000E+00
  2.0799350E+02  1.2028109E-02 -4.7257664E-03 -7.2913429E-03  2.4284076E-02  0.0000000E+00
  2.0799350E+02  1.2045735E-02 -4.8728133E-03 -7.1743210E-03  2.3440511E-02  0.0000000E+00
  2.0799350E+02  1.1961315E-02 -4.8959070E-03 -7.0611990E-03  2.2618978E-02  0.0000000E+00
  2.0799350E+02  1.1776050E-02 -4.8287668E-03 -6.9386812E-03  2.1825738E-02  0.0000000E+00
  2.0799350E+02  1.1488947E-02 -4.7056802E-03 -6.7749805E-03  2.1060416E-02  0.0000000E+00
  2.0799350E+02  1.1109074E-02 -4.5520877E-03 -6.5512947E-03  2.0321129E-02  0.0000000E+00
  2.0799350E+02  1.0659978E-02 -4.3829344E-03 -6.2734408E-03  1.9607684E-02  0.0000000E+00
  2.0799350E+02  1.0173700E-02 -4.2043567E-03 -5.9664880E-03  1.8917589E-02  0.0000000E+00
  2.0799350E+02  9.6883635E-03 -4.0206669E-03 -5.6653015E-03  1.8253019E-02  0.0000000E+00
  2.0799350E+02  9.2363817E-03 -3.8386279E-03 -5.3971314E-03  1.7615316E-02  0.0000000E+00
  2.0799350E+02  8.8367446E-03 -3.6709023E-03 -5.1687271E-03  1.7005359E-02  0.0000000E+00
  2.0799350E+02  8.4899078E-03 -3.5348695E-03 -4.9613076E-03  1.6423908E-02  0.0000000E+00
  2.0799350E+02  8.1749949E-03 -3.4435219E-03 -4.7373988E-03  1.5867802E-02  0.0000000E+00
  2.0799350E+02  7.8599692E-03 -3.3894112E-03 -4.4701025E-03  1.5336799E-02  0.0000000E+00
  2.0799350E+02  7.5156728E-03 -3.3146417E-03 -4.1938210E-03  1.4832087E-02  0.0000000E+00
  2.0799350E+02  7.2062721E-03 -3.2806000E-03 -3.9154451E-03  1.4352358E-02  0.0000000E+00
  2.0799350E+02  6.9888555E-03 -3.3227103E-03 -3.6538161E-03  1.3896405E-02  0.0000000E+00
  2.0799350E+02  6.8027260E-03 -3.3092751E-03 -3.4831836E-03  1.3462659E-02  0.0000000E+00
  2.0799350E+02  6.6303425E-03 -3.2449886E-03 -3.3770945E-03  1.3047796E-02  0.0000000E+00
  2.0799350E+02  6.4588124E-03 -3.1365975E-03 -3.3148000E-03  1.2649352E-02  0.0000000E+00
  2.0799350E+02  6.2807264E-03 -2.9957025E-03 -3.2776639E-03  1.2265867E-02  0.0000000E+00
  2.0799350E+02  6.0941922E-03 -2.8387620E-03 -3.2481115E-03  1.1897021E-02  0.0000000E+00
  2.0799350E+02  5.9007133E-03 -2.6835967E-03 -3.2103856E-03  1.1540875E-02  0.0000000E+00
  2.0799350E+02  5.7057710E-03 -2.5474596E-03 -3.1528096E-03  1.1197351E-02  0.0000000E+00
  2.0799350E+02  5.5160146E-03 -2.4423250E-03 -3.0697126E-03  1.0865652E-02  0.0000000E+00
  2.0799350E+02  5.3378360E-03 -2.3723996E-03 -2.9627013E-03  1.0544861E-02  0.0000000E+00
  2.0799350E+02  5.1758916E-03 -2.3333672E-03 -2.8402345E-03  1.0234489E-02  0.0000000E+00
  2.0799350E+02  5.0304555E-03 -2.3143510E-03 -2.7133093E-03  9.9324880E-03  0.0000000E+00
  2.0799350E+02  4.8977242E-03 -2.3044217E-03 -2.5894498E-03  9.6384419E-03  0.0000000E+00
  2.0799350E+02  4.7678066E-03 -2.3034641E-03 -2.4598431E-03  9.3515564E-03  0.0000000E+00
  2.0799350E+02  4.6246737E-03 -2.3394676E-03 -2.2817222E-03  9.0712353E-03  0.0000000E+00
  2.0799350E+02  4.4392765E-03 -2.4359508E-03 -2.0011621E-03  8.7982370E-03  0.0000000E+00
  2.0799350E+02  4.2107028E-03 -2.4518363E-03 -1.7556145E-03  8.5322327E-03  0.0000000E+00
  2.0799350E+02  3.9976384E-03 -2.4725235E-03 -1.5223375E-03  8.2734704E-03  0.0000000E+00
  2.0799350E+02  3.8135876E-03 -2.4913272E-03 -1.3199870E-03  8.0232445E-03  0.0000000E+00
  2.0799350E+02  3.6596068E-03 -2.4963716E-03 -1.1611657E-03  7.7819537E-03  0.0000000E+00
  2.0799350E+02  3.5313681E-03 -2.4803330E-03 -1.0490124E-03  7.5499816E-03  0.0000000E+00
  2.0799350E+02  3.4225483E-03 -2.4442895E-03 -9.7631876E-04  7.3264952E-03  0.0000000E+00
  2.0799350E+02  3.3281669E-03 -2.3975203E-03 -9.2888615E-04  7.1119489E-03  0.0000000E+00
  2.0799350E+02  3.2441842E-03 -2.3540342E-03 -8.8858680E-04  6.9065895E-03  0.0000000E+00
  2.0799350E+02  3.1671680E-03 -2.3274492E-03 -8.3824555E-04  6.7108250E-03  0.0000000E+00
  2.0799350E+02  3.0933397E-03 -2.3254517E-03 -7.6635693E-04  6.5254355E-03  0.0000000E+00
  2.0799350E+02  3.0170406E-03 -2.3452452E-03 -6.7019933E-04  6.3502274E-03  0.0000000E+00
  2.0799350E+02  2.9309738E-03 -2.3712267E-03 -5.5839809E-04  6.1857511E-03  0.0000000E+00
  2.0799350E+02  2.8263370E-03 -2.3761619E-03 -4.4970920E-04  6.0319272E-03  0.0000000E+00
  2.0799350E+02  2.6952132E-03 -2.3273515E-03 -3.6883174E-04  5.8882865E-03  0.0000000E+00
  2.0799350E+02  2.5353089E-03 -2.1992885E-03 -3.3777108E-04  5.7541809E-03  0.0000000E+00
  2.0799350E+02  2.3559899E-03 -1.9925510E-03 -3.6189711E-04  5.6279966E-03  0.0000000E+00
  2.0799350E+02  2.1916936E-03 -1.7632479E-03 -4.2394969E-04  5.5090180E-03  0.0000000E+00
  2.0799350E+02  2.0500177E-03 -1.5328031E-03 -5.1730621E-04  5.3965027E-03  0.0000000E+00
  2.0799350E+02  1.9305970E-03 -1.3101028E-03 -6.2048620E-04  5.2886419E-03  0.0000000E+00
  2.0799350E+02  1.8352494E-03 -1.1144158E-03 -7.1961064E-04  5.1846244E-03  0.0000000E+00
  2.0799350E+02  1.7571526E-03 -9.5382749E-04 -8.0132901E-04  5.0834484E-03  0.0000000E+00
  2.0799350E+02  1.6882044E-03 -8.3129507E-04 -8.5494248E-04  4.9847845E-03  0.0000000E+00
  2.0799350E+02  1.6220774E-03 -7.4587940E-04 -8.7481555E-04  4.8881770E-03  0.0000000E+00
  2.0799350E+02  1.5559437E-03 -6.9454830E-04 -8.6071950E-04  4.7931795E-03  0.0000000E+00
  2.0799350E+02  1.4904865E-03 -6.7280627E-04 -8.1747786E-04  4.6995177E-03  0.0000000E+00
  2.0799350E+02  1.4282589E-03 -6.7470051E-04 -7.5345261E-04  4.6065071E-03  0.0000000E+00
  2.0799350E+02  1.3725694E-03 -6.9292538E-04 -6.7934144E-04  4.5140479E-03  0.0000000E+00
  2.0799350E+02  1.3252224E-03 -7.1866221E-04 -6.0601724E-04  4.4220639E-03  0.0000000E+00
  2.0799350E+02  1.2853029E-03 -7.4210491E-04 -5.4265726E-04  4.3307149E-03  0.0000000E+00
  2.0799350E+02  2.4640309E-01 -2.4639265E-01 -1.2401869E-05  9.7479576E-02  0.0000000E+00
  2.0799350E+02  1.2278390E-01  2.9117431E-02 -1.5187129E-01  9.6853098E-02  0.0000000E+00
  2.0799350E+02  2.1546622E-02  1.3670481E-01 -1.5827056E-01  9.4669063E-02  0.0000000E+00
  2.0799350E+02  3.9987127E-03  1.1643222E-01 -1.2033071E-01  9.0850578E-02  0.0000000E+00
  2.0799350E+02  1.2793153E-02  7.2128810E-02 -8.4923757E-02  8.6208513E-02  0.0000000E+00
  2.0799350E+02  2.4502614E-02  3.8444661E-02 -6.2832241E-02  8.1373860E-02  0.0000000E+00
  2.0799350E+02  3.5851654E-02  1.7003749E-02 -5.2740670E-02  7.6715690E-02  0.0000000E+00
  2.0799350E+02  4.6223921E-02  2.6721248E-03 -4.8851083E-02  7.2425727E-02  0.0000000E+00
  2.0799350E+02  5.4510145E-02 -6.8003630E-03 -4.7780716E-02  6.8583996E-02  0.0000000E+00
  2.0799350E+02  6.0188358E-02 -1.1692616E-02 -4.8650442E-02  6.5206080E-02  0.0000000E+00
  2.0799350E+02  6.4458379E-02 -1.5772176E-02 -4.8842743E-02  6.2270605E-02  0.0000000E+00
  2.0799350E+02  6.7639057E-02 -2.0584961E-02 -4.7160300E-02  5.9741814E-02  0.0000000E+00
  2.0799350E+02  6.9401053E-02 -2.4738219E-02 -4.4748527E-02  5.7575096E-02  0.0000000E+00
  2.0799350E+02  6.9407584E-02 -2.6150819E-02 -4.3342812E-02  5.5703407E-02  0.0000000E+00
  2.0799350E+02  6.7849291E-02 -2.4906798E-02 -4.2932898E-02  5.4041887E-02  0.0000000E+00
  2.0799350E+02  6.4645841E-02 -2.2986003E-02 -4.1484838E-02  5.2506805E-02  0.0000000E+00
  2.0799350E+02  6.0009158E-02 -2.2021239E-02 -3.7810351E-02  5.1052338E-02  0.0000000E+00
  2.0799350E+02  5.4934469E-02 -2.0420464E-02 -3.4394238E-02  4.9636605E-02  0.0000000E+00
  2.0799350E+02  4.9577902E-02 -1.7354067E-02 -3.2132302E-02  4.8233143E-02  0.0000000E+00
  2.0799350E+02  4.4294274E-02 -1.3800019E-02 -3.0411507E-02  4.6830085E-02  0.0000000E+00
  2.0799350E+02  3.9394077E-02 -1.0822160E-02 -2.8505338E-02  4.5424185E-02  0.0000000E+00
  2.0799350E+02  3.5032876E-02 -8.8816488E-03 -2.6117116E-02  4.4017084E-02  0.0000000E+00
  2.0799350E+02  3.1198028E-02 -7.8346682E-03 -2.3366484E-02  4.2613073E-02  0.0000000E+00
  2.0799350E+02  2.7757655E-02 -7.2694687E-03 -2.0514228E-02  4.1217618E-02  0.0000000E+00
  2.0799350E+02  2.4536769E-02 -6.8358320E-03 -1.7720625E-02  3.9835897E-02  0.0000000E+00
  2.0799350E+02  2.1380128E-02 -6.2184814E-03 -1.5128549E-02  3.8468314E-02  0.0000000E+00
  2.0799350E+02  1.8915369E-02 -5.4866977E-03 -1.3429473E-02  3.7120128E-02  0.0000000E+00
  2.0799350E+02  1.7094728E-02 -4.7115933E-03 -1.2410965E-02  3.5777349E-02  0.0000000E+00
  2.0799350E+02  1.5718295E-02 -3.8819675E-03 -1.1854170E-02  3.4445318E-02  0.0000000E+00
  2.0799350E+02  1.4698590E-02 -3.2584868E-03 -1.1444903E-02  3.3129604E-02  0.0000000E+00
  2.0799350E+02  1.3868760E-02 -2.9626340E-03 -1.0901601E-02  3.1834499E-02  0.0000000E+00
  2.0799350E+02  1.3109624E-02 -2.9761908E-03 -1.0122205E-02  3.0565096E-02  0.0000000E+00
  2.0799350E+02  1.2390428E-02 -3.1812752E-03 -9.1936549E-03  2.9327599E-02  0.0000000E+00
  2.0799350E+02  1.1750593E-02 -3.4225380E-03 -8.3128775E-03  2.8128475E-02  0.0000000E+00
  2.0799350E+02  1.1249734E-02 -3.5731231E-03 -7.6681050E-03  2.6973064E-02  0.0000000E+00
  2.0799350E+02  1.0913204E-02 -3.5859976E-03 -7.3293910E-03  2.5864275E-02  0.0000000E+00
  2.0799350E+02  1.0700462E-02 -3.5122551E-03 -7.1971764E-03  2.4801963E-02  0.0000000E+00
  2.0799350E+02  1.0523524E-02 -3.4679989E-03 -7.0577623E-03  2.3783610E-02  0.0000000E+00
  2.0799350E+02  1.0342765E-02 -3.5314096E-03 -6.7945475E-03  2.2806940E-02  0.0000000E+00
  2.0799350E+02  1.0216917E-02 -3.5953300E-03 -6.6112969E-03  2.1867679E-02  0.0000000E+00
  2.0799350E+02  9.9567979E-03 -3.3661856E-03 -6.5882880E-03  2.0964317E-02  0.0000000E+00
  2.0799350E+02  9.6214696E-03 -3.0585374E-03 -6.5602923E-03  2.0097746E-02  0.0000000E+00
  2.0799350E+02  9.2538921E-03 -2.8373125E-03 -6.4123679E-03  1.9265766E-02  0.0000000E+00
  2.0799350E+02  8.8818542E-03 -2.7386529E-03 -6.1382037E-03  1.8467985E-02  0.0000000E+00
  2.0799350E+02  8.5248804E-03 -2.7333167E-03 -5.7863789E-03  1.7704637E-02  0.0000000E+00
  2.0799350E+02  8.1972356E-03 -2.7699417E-03 -5.4218184E-03  1.6975913E-02  0.0000000E+00
  2.0799350E+02  7.9082393E-03 -2.8015691E-03 -5.1004585E-03  1.6281684E-02  0.0000000E+00
  2.0799350E+02  7.6611033E-03 -2.7988220E-03 -4.8551379E-03  1.5621497E-02  0.0000000E+00
  2.0799350E+02  7.4515035E-03 -2.7531352E-03 -4.6907272E-03  1.4994720E-02  0.0000000E+00
  2.0799350E+02  7.2671007E-03 -2.6734311E-03 -4.5865124E-03  1.4400727E-02  0.0000000E+00
  2.0799350E+02  7.0892203E-03 -2.5796397E-03 -4.5038452E-03  1.3838986E-02  0.0000000E+00
  2.0799350E+02  6.8979065E-03 -2.4964556E-03 -4.3970758E-03  1.3308947E-02  0.0000000E+00
  2.0799350E+02  6.6815603E-03 -2.4507309E-03 -4.2257811E-03  1.2809595E-02  0.0000000E+00
  2.0799350E+02  6.4523761E-03 -2.4758968E-03 -3.9663036E-03  1.2338559E-02  0.0000000E+00
  2.0799350E+02  6.2346460E-03 -2.5466698E-03 -3.6779619E-03  1.1892511E-02  0.0000000E+00
  2.0799350E+02  6.0095678E-03 -2.6227020E-03 -3.3810656E-03  1.1469542E-02  0.0000000E+00
  2.0799350E+02  5.8032128E-03 -2.6751569E-03 -3.1241185E-03  1.1067578E-02  0.0000000E+00
  2.0799350E+02  5.6177872E-03 -2.6649659E-03 -2.9504797E-03  1.0685769E-02  0.0000000E+00
  2.0799350E+02  5.4462376E-03 -2.5896925E-03 -2.8558861E-03  1.0323269E-02  0.0000000E+00
  2.0799350E+02  5.2805889E-03 -2.4668625E-03 -2.8144174E-03  9.9789753E-03  0.0000000E+00
  2.0799350E+02  5.1163649E-03 -2.3219058E-03 -2.7956267E-03  9.6514401E-03  0.0000000E+00
  2.0799350E+02  4.9539155E-03 -2.1800395E-03 -2.7743720E-03  9.3389322E-03  0.0000000E+00
  2.0799350E+02  4.7974751E-03 -2.0614203E-03 -2.7348863E-03  9.0395907E-03  0.0000000E+00
  2.0799350E+02  4.6527794E-03 -1.9788972E-03 -2.6706202E-03  8.7516285E-03  0.0000000E+00
  2.0799350E+02  4.5240629E-03 -1.9376911E-03 -2.5813963E-03  8.4735402E-03  0.0000000E+00
  2.0799350E+02  4.4110839E-03 -1.9363619E-03 -2.4691992E-03  8.2038160E-03  0.0000000E+00
  2.0799350E+02  4.3080945E-03 -1.9682674E-03 -2.3353575E-03  7.9428406E-03  0.0000000E+00
  2.0799350E+02  4.2028015E-03 -2.0230085E-03 -2.1776983E-03  7.6900874E-03  0.0000000E+00
  2.0799350E+02  4.0799409E-03 -2.0871821E-03 -1.9930398E-03  7.4457330E-03  0.0000000E+00
  2.0799350E+02  3.9273659E-03 -2.1436023E-03 -1.7837777E-03  7.2097325E-03  0.0000000E+00
  2.0799350E+02  3.7472879E-03 -2.1668769E-03 -1.5781920E-03  6.9812375E-03  0.0000000E+00
  2.0799350E+02  3.5767947E-03 -2.1760458E-03 -1.4019486E-03  6.7605821E-03  0.0000000E+00
  2.0799350E+02  3.4234163E-03 -2.1902007E-03 -1.2346394E-03  6.5486570E-03  0.0000000E+00
  2.0799350E+02  3.2859737E-03 -2.2024409E-03 -1.0840933E-03  6.3457340E-03  0.0000000E+00
  2.0799350E+02  3.1660689E-03 -2.2094427E-03 -9.5639127E-04  6.1518472E-03  0.0000000E+00
  2.0799350E+02  3.0646443E-03 -2.2108405E-03 -8.5327110E-04  5.9670072E-03  0.0000000E+00
  2.0799350E+02  2.9802076E-03 -2.2080766E-03 -7.7174380E-04  5.7913103E-03  0.0000000E+00
  2.0799350E+02  2.9083900E-03 -2.2029691E-03 -7.0531986E-04  5.6249647E-03  0.0000000E+00
  2.0799350E+02  2.8425059E-03 -2.1962492E-03 -6.4624371E-04  5.4682541E-03  0.0000000E+00
  2.0799350E+02  2.7747828E-03 -2.1863184E-03 -5.8813476E-04  5.3214586E-03  0.0000000E+00
  2.0799350E+02  2.6979305E-03 -2.1684746E-03 -5.2843355E-04  5.1847541E-03  0.0000000E+00
  2.0799350E+02  2.6067167E-03 -2.1348593E-03 -4.7005123E-04  5.0581098E-03  0.0000000E+00
  2.0799350E+02  2.4992181E-03 -2.0753749E-03 -4.2162089E-04  4.9412054E-03  0.0000000E+00
  2.0799350E+02  2.3774167E-03 -1.9798231E-03 -3.9574910E-04  4.8333872E-03  0.0000000E+00
  2.0799350E+02  2.2468069E-03 -1.8415146E-03 -4.0466601E-04  4.7336845E-03  0.0000000E+00
  2.0799350E+02  2.1146850E-03 -1.6626007E-03 -4.5267245E-04  4.6409065E-03  0.0000000E+00
  2.0799350E+02  1.9867872E-03 -1.4613765E-03 -5.2478244E-04  4.5538399E-03  0.0000000E+00
  2.0799350E+02  1.8679196E-03 -1.2726977E-03 -5.9332728E-04  4.4712027E-03  0.0000000E+00
  2.0799350E+02  1.7633416E-03 -1.0783759E-03 -6.8575574E-04  4.3923380E-03  0.0000000E+00
  2.0799350E+02  1.6719861E-03 -8.9752029E-04 -7.7481618E-04  4.3168296E-03  0.0000000E+00
  2.0799350E+02  1.5943195E-03 -7.5070531E-04 -8.4304372E-04  4.2438689E-03  0.0000000E+00
  2.0799350E+02  1.5267550E-03 -6.4711382E-04 -8.7867281E-04  4.1728912E-03  0.0000000E+00
  2.0799350E+02  1.4651250E-03 -5.8738689E-04 -8.7698257E-04  4.1034037E-03  0.0000000E+00
  2.0799350E+02  1.4065857E-03 -5.6615032E-04 -8.4019209E-04  4.0349159E-03  0.0000000E+00
  2.0799350E+02  1.3502788E-03 -5.7423228E-04 -7.7624528E-04  3.9669438E-03  0.0000000E+00
  2.0799350E+02  1.2970756E-03 -6.0058599E-04 -6.9682451E-04  3.8990669E-03  0.0000000E+00
  2.0799350E+02  1.2487296E-03 -6.3393153E-04 -6.1493259E-04  3.8310104E-03  0.0000000E+00
  2.0799350E+02  1.2067625E-03 -6.6413097E-04 -5.4238249E-04  3.7627301E-03  0.0000000E+00
  2.0799350E+02  1.1714092E-03 -6.8331072E-04 -4.8753420E-04  3.6944742E-03  0.0000000E+00
  2.0799350E+02  1.1409471E-03 -6.8674541E-04 -4.5361814E-04  3.6267976E-03  0.0000000E+00
  2.0799350E+02  2.9210774E-01 -2.9184869E-01 -7.1291701E-06  6.0197538E-02  0.0000000E+00
  2.0799350E+02  1.2603832E-01 -2.6427389E-03 -1.2311314E-01  5.8576524E-02  0.0000000E+00
  2.0799350E+02  4.1328654E-03  1.3064734E-01 -1.3467390E-01  5.6057738E-02  0.0000000E+00
  2.0799350E+02 -1.1161319E-02  1.1629045E-01 -1.0519049E-01  5.2335373E-02  0.0000000E+00
  2.0799350E+02  7.3363320E-04  7.1614307E-02 -7.2472815E-02  4.7910818E-02  0.0000000E+00
  2.0799350E+02  1.1459878E-02  3.8134111E-02 -4.9656761E-02  4.3302223E-02  0.0000000E+00
  2.0799350E+02  1.9173051E-02  1.8258925E-02 -3.7393015E-02  3.8874819E-02  0.0000000E+00
  2.0799350E+02  2.4833393E-02  7.9647685E-03 -3.2634807E-02  3.4854572E-02  0.0000000E+00
  2.0799350E+02  2.9403202E-02  2.3404425E-03 -3.1532407E-02  3.1358773E-02  0.0000000E+00
  2.0799350E+02  3.3196547E-02 -2.0139053E-03 -3.0978367E-02  2.8406807E-02  0.0000000E+00
  2.0799350E+02  3.5899871E-02 -5.3158252E-03 -3.0396231E-02  2.5954315E-02  0.0000000E+00
  2.0799350E+02  3.7378368E-02 -7.7721626E-03 -2.9436099E-02  2.3926224E-02  0.0000000E+00
  2.0799350E+02  3.7742376E-02 -9.9502842E-03 -2.7654147E-02  2.2242478E-02  0.0000000E+00
  2.0799350E+02  3.7171008E-02 -1.1839981E-02 -2.5217914E-02  2.0832223E-02  0.0000000E+00
  2.0799350E+02  3.5802730E-02 -1.2431655E-02 -2.3266382E-02  1.9638140E-02  0.0000000E+00
  2.0799350E+02  3.4110679E-02 -1.1433309E-02 -2.2640778E-02  1.8610611E-02  0.0000000E+00
  2.0799350E+02  3.2200858E-02 -1.0348252E-02 -2.1880309E-02  1.7702742E-02  0.0000000E+00
  2.0799350E+02  3.0470165E-02 -9.4303988E-03 -2.1130591E-02  1.6873554E-02  0.0000000E+00
  2.0799350E+02  2.8775696E-02 -8.5675778E-03 -2.0300613E-02  1.6101592E-02  0.0000000E+00
  2.0799350E+02  2.6726557E-02 -7.7315993E-03 -1.9047881E-02  1.5380648E-02  0.0000000E+00
  2.0799350E+02  2.4226966E-02 -6.9661630E-03 -1.7265530E-02  1.4710030E-02  0.0000000E+00
  2.0799350E+02  2.1544460E-02 -6.3218587E-03 -1.5190303E-02  1.4087627E-02  0.0000000E+00
  2.0799350E+02  1.9094953E-02 -5.7844266E-03 -1.3259178E-02  1.3506109E-02  0.0000000E+00
  2.0799350E+02  1.7136379E-02 -5.2424414E-03 -1.1842438E-02  1.2952606E-02  0.0000000E+00
  2.0799350E+02  1.5562671E-02 -4.5405852E-03 -1.0980954E-02  1.2412212E-02  0.0000000E+00
  2.0799350E+02  1.3989803E-02 -3.6646741E-03 -1.0255476E-02  1.1875642E-02  0.0000000E+00
  2.0799350E+02  1.2831781E-02 -3.0314692E-03 -9.7454031E-03  1.1344345E-02  0.0000000E+00
  2.0799350E+02  1.1776698E-02 -2.5290981E-03 -9.2143315E-03  1.0819997E-02  0.0000000E+00
  2.0799350E+02  1.0840932E-02 -2.2335193E-03 -8.5804323E-03  1.0302211E-02  0.0000000E+00
  2.0799350E+02  1.0135872E-02 -2.1211733E-03 -8.0051603E-03  9.7925723E-03  0.0000000E+00
  2.0799350E+02  9.6111726E-03 -2.1059028E-03 -7.5183126E-03  9.2944951E-03  0.0000000E+00
  2.0799350E+02  9.1888636E-03 -2.1305578E-03 -7.0868821E-03  8.8117065E-03  0.0000000E+00
  2.0799350E+02  8.8234747E-03 -2.1830115E-03 -6.6716401E-03  8.3473129E-03  0.0000000E+00
  2.0799350E+02  8.5100904E-03 -2.2673597E-03 -6.2663988E-03  7.9033441E-03  0.0000000E+00
  2.0799350E+02  8.2622361E-03 -2.3610788E-03 -5.9149092E-03  7.4806731E-03  0.0000000E+00
  2.0799350E+02  8.0815011E-03 -2.3889162E-03 -5.7003433E-03  7.0792119E-03  0.0000000E+00
  2.0799350E+02  7.9408040E-03 -2.2442866E-03 -5.7023172E-03  6.6982792E-03  0.0000000E+00
  2.0799350E+02  7.8032042E-03 -1.8889489E-03 -5.9164044E-03  6.3370406E-03  0.0000000E+00
  2.0799350E+02  7.6981657E-03 -1.5617377E-03 -6.1310942E-03  5.9949182E-03  0.0000000E+00
  2.0799350E+02  7.5485879E-03 -1.4828313E-03 -6.0585854E-03  5.6693647E-03  0.0000000E+00
  2.0799350E+02  7.2329271E-03 -1.3997012E-03 -5.8267914E-03  5.3568846E-03  0.0000000E+00
  2.0799350E+02  6.9952389E-03 -1.5386622E-03 -5.4540481E-03  5.0609423E-03  0.0000000E+00
  2.0799350E+02  6.8389931E-03 -1.7926870E-03 -5.0476056E-03  4.7819342E-03  0.0000000E+00
  2.0799350E+02  6.7386486E-03 -2.0677818E-03 -4.6740129E-03  4.5191444E-03  0.0000000E+00
  2.0799350E+02  6.6584549E-03 -2.2950380E-03 -4.3659149E-03  4.2717883E-03  0.0000000E+00
  2.0799350E+02  6.5654261E-03 -2.4352626E-03 -4.1301424E-03  4.0395413E-03  0.0000000E+00
  2.0799350E+02  6.4372164E-03 -2.4778274E-03 -3.9562836E-03  3.8226614E-03  0.0000000E+00
  2.0799350E+02  6.2656266E-03 -2.4353808E-03 -3.8249287E-03  3.6218219E-03  0.0000000E+00
  2.0799350E+02  6.0564719E-03 -2.3360608E-03 -3.7147780E-03  3.4377624E-03  0.0000000E+00
  2.0799350E+02  5.8265392E-03 -2.2148540E-03 -3.6078020E-03  3.2708728E-03  0.0000000E+00
  2.0799350E+02  5.5983651E-03 -2.1057400E-03 -3.4916466E-03  3.1208202E-03  0.0000000E+00
  2.0799350E+02  5.3935631E-03 -2.0362628E-03 -3.3584713E-03  2.9863330E-03  0.0000000E+00
  2.0799350E+02  5.2254297E-03 -2.0261729E-03 -3.1994114E-03  2.8652518E-03  0.0000000E+00
  2.0799350E+02  5.0915589E-03 -2.0917784E-03 -2.9938554E-03  2.7549606E-03  0.0000000E+00
  2.0799350E+02  4.9835339E-03 -2.1825138E-03 -2.7930348E-03  2.6549560E-03  0.0000000E+00
  2.0799350E+02  4.8702474E-03 -2.2279477E-03 -2.6358240E-03  2.5659696E-03  0.0000000E+00
  2.0799350E+02  4.7363938E-03 -2.2202493E-03 -2.5090928E-03  2.4864308E-03  0.0000000E+00
  2.0799350E+02  4.5913274E-03 -2.1538672E-03 -2.4295728E-03  2.4154475E-03  0.0000000E+00
  2.0799350E+02  4.4465627E-03 -2.0527957E-03 -2.3856245E-03  2.3518852E-03  0.0000000E+00
  2.0799350E+02  4.3117422E-03 -1.9499046E-03 -2.3542397E-03  2.2944270E-03  0.0000000E+00
  2.0799350E+02  4.1923395E-03 -1.8735882E-03 -2.3123794E-03  2.2416667E-03  0.0000000E+00
  2.0799350E+02  4.0888291E-03 -1.8405532E-03 -2.2435640E-03  2.1922220E-03  0.0000000E+00
  2.0799350E+02  3.9970531E-03 -1.8535635E-03 -2.1406314E-03  2.1448544E-03  0.0000000E+00
  2.0799350E+02  3.9095166E-03 -1.9029624E-03 -2.0055800E-03  2.0985837E-03  0.0000000E+00
  2.0799350E+02  3.8173436E-03 -1.9707896E-03 -1.8474122E-03  2.0527831E-03  0.0000000E+00
  2.0799350E+02  3.7126240E-03 -2.0363134E-03 -1.6788957E-03  2.0072427E-03  0.0000000E+00
  2.0799350E+02  3.5908825E-03 -2.0817959E-03 -1.5131580E-03  1.9621875E-03  0.0000000E+00
  2.0799350E+02  3.4534028E-03 -2.0973115E-03 -1.3610308E-03  1.9182376E-03  0.0000000E+00
  2.0799350E+02  3.3091353E-03 -2.0834372E-03 -1.2300609E-03  1.8762974E-03  0.0000000E+00
  2.0799350E+02  3.1759223E-03 -2.0506329E-03 -1.1261032E-03  1.8373603E-03  0.0000000E+00
  2.0799350E+02  3.0789172E-03 -2.0308099E-03 -1.0452329E-03  1.8014837E-03  0.0000000E+00
  2.0799350E+02  2.9882094E-03 -2.0638281E-03 -9.2500284E-04  1.7679730E-03  0.0000000E+00
  2.0799350E+02  2.8942670E-03 -2.1066614E-03 -7.8822036E-04  1.7381172E-03  0.0000000E+00
  2.0799350E+02  2.8059841E-03 -2.1510173E-03 -6.5464120E-04  1.7118795E-03  0.0000000E+00
  2.0799350E+02  2.7261474E-03 -2.1859270E-03 -5.3923063E-04  1.6898164E-03  0.0000000E+00
  2.0799350E+02  2.6533640E-03 -2.2013170E-03 -4.5099488E-04  1.6725735E-03  0.0000000E+00
  2.0799350E+02  2.5838262E-03 -2.1900325E-03 -3.9311328E-04  1.6605845E-03  0.0000000E+00
  2.0799350E+02  2.5128654E-03 -2.1486198E-03 -3.6401623E-04  1.6539332E-03  0.0000000E+00
  2.0799350E+02  2.4362468E-03 -2.0771747E-03 -3.5905452E-04  1.6523431E-03  0.0000000E+00
  2.0799350E+02  2.3511566E-03 -1.9785631E-03 -3.7240499E-04  1.6552555E-03  0.0000000E+00
  2.0799350E+02  2.2568348E-03 -1.8573215E-03 -3.9885802E-04  1.6619596E-03  0.0000000E+00
  2.0799350E+02  2.1548045E-03 -1.7185433E-03 -4.3513195E-04  1.6717369E-03  0.0000000E+00
  2.0799350E+02  2.0486502E-03 -1.5670585E-03 -4.8035983E-04  1.6839822E-03  0.0000000E+00
  2.0799350E+02  1.9432967E-03 -1.4072130E-03 -5.3539376E-04  1.6982637E-03  0.0000000E+00
  2.0799350E+02  1.8437418E-03 -1.2435548E-03 -6.0057192E-04  1.7142856E-03  0.0000000E+00
  2.0799350E+02  1.7531932E-03 -1.0827334E-03 -6.7159382E-04  1.7317140E-03  0.0000000E+00
  2.0799350E+02  1.6705625E-03 -9.3691998E-04 -7.3314885E-04  1.7498301E-03  0.0000000E+00
  2.0799350E+02  1.5873695E-03 -8.1727698E-04 -7.6822377E-04  1.7677493E-03  0.0000000E+00
  2.0799350E+02  1.5071042E-03 -6.9468499E-04 -8.1303356E-04  1.7859632E-03  0.0000000E+00
  2.0799350E+02  1.4353967E-03 -5.9954636E-04 -8.3627774E-04  1.8034503E-03  0.0000000E+00
  2.0799350E+02  1.3716804E-03 -5.4542580E-04 -8.2599875E-04  1.8196726E-03  0.0000000E+00
  2.0799350E+02  1.3148509E-03 -5.2904568E-04 -7.8518672E-04  1.8341171E-03  0.0000000E+00
  2.0799350E+02  1.2638676E-03 -5.3902159E-04 -7.2427470E-04  1.8463855E-03  0.0000000E+00
  2.0799350E+02  1.2180013E-03 -5.6194084E-04 -6.5573986E-04  1.8562467E-03  0.0000000E+00
  2.0799350E+02  1.1768195E-03 -5.8618006E-04 -5.9053769E-04  1.8636582E-03  0.0000000E+00
  2.0799350E+02  1.1400006E-03 -6.0385863E-04 -5.3609576E-04  1.8687635E-03  0.0000000E+00
  2.0799350E+02  1.1070684E-03 -6.1132420E-04 -4.9559409E-04  1.8718691E-03  0.0000000E+00
  2.0799350E+02  1.0771377E-03 -6.0856683E-04 -4.6825880E-04  1.8734085E-03  0.0000000E+00
  2.0799350E+02  1.0487619E-03 -5.9795817E-04 -4.5039599E-04  1.8738980E-03  0.0000000E+00
  2.0799350E+02  1.0199754E-03 -5.8271215E-04 -4.3689256E-04  1.8738909E-03  0.0000000E+00
  2.0799350E+02  5.0695083E-02 -5.0549582E-02  1.8952852E-16 -3.1931081E-02  0.0000000E+00
  2.0799350E+02  2.2876920E-02  2.8186495E-02 -5.0906354E-02 -3.2617732E-02  0.0000000E+00
  2.0799350E+02 -2.8832306E-03  5.7254511E-02 -5.4218702E-02 -3.2868901E-02  0.0000000E+00
  2.0799350E+02 -6.8999121E-03  4.4012100E-02 -3.6958433E-02 -3.3246611E-02  0.0000000E+00
  2.0799350E+02 -1.9285018E-03  1.8763354E-02 -1.6740817E-02 -3.3928769E-02  0.0000000E+00
  2.0799350E+02  3.3578728E-03 -3.8506940E-04 -2.9660706E-03 -3.4770847E-02  0.0000000E+00
  2.0799350E+02  7.0691384E-03 -9.5795953E-03  2.4895983E-03 -3.5573277E-02  0.0000000E+00
  2.0799350E+02  9.6279664E-03 -1.1859498E-02  2.2755185E-03 -3.6186485E-02  0.0000000E+00
  2.0799350E+02  1.1603017E-02 -1.0937477E-02 -5.8508240E-04 -3.6517850E-02  0.0000000E+00
  2.0799350E+02  1.3411061E-02 -9.5562507E-03 -3.7372033E-03 -3.6538966E-02  0.0000000E+00
  2.0799350E+02  1.5074297E-02 -8.9006517E-03 -6.0516314E-03 -3.6261211E-02  0.0000000E+00
  2.0799350E+02  1.6417795E-02 -8.8753329E-03 -7.4076001E-03 -3.5718777E-02  0.0000000E+00
  2.0799350E+02  1.7303086E-02 -9.0365341E-03 -8.1094033E-03 -3.4956531E-02  0.0000000E+00
  2.0799350E+02  1.7810732E-02 -9.2706049E-03 -8.4037051E-03 -3.4028988E-02  0.0000000E+00
  2.0799350E+02  1.8164115E-02 -9.6994983E-03 -8.3856290E-03 -3.2989796E-02  0.0000000E+00
  2.0799350E+02  1.8329053E-02 -9.8052943E-03 -8.4725294E-03 -3.1894669E-02  0.0000000E+00
  2.0799350E+02  1.8055083E-02 -8.8469784E-03 -9.2017286E-03 -3.0784380E-02  0.0000000E+00
  2.0799350E+02  1.7370707E-02 -7.4376633E-03 -9.8938853E-03 -2.9685358E-02  0.0000000E+00
  2.0799350E+02  1.6588815E-02 -6.2521042E-03 -1.0278078E-02 -2.8600194E-02  0.0000000E+00
  2.0799350E+02  1.5877376E-02 -5.4507241E-03 -1.0371420E-02 -2.7531574E-02  0.0000000E+00
  2.0799350E+02  1.5216561E-02 -4.9540306E-03 -1.0211829E-02 -2.6483824E-02  0.0000000E+00
  2.0799350E+02  1.4471024E-02 -4.6188394E-03 -9.7899965E-03 -2.5460780E-02  0.0000000E+00
  2.0799350E+02  1.3520869E-02 -4.3343356E-03 -9.1025118E-03 -2.4470767E-02  0.0000000E+00
  2.0799350E+02  1.2365975E-02 -4.0451726E-03 -8.2290502E-03 -2.3513124E-02  0.0000000E+00
  2.0799350E+02  1.1164016E-02 -3.7280887E-03 -7.3639196E-03 -2.2584893E-02  0.0000000E+00
  2.0799350E+02  1.0116908E-02 -3.3278052E-03 -6.7065337E-03 -2.1680239E-02  0.0000000E+00
  2.0799350E+02  9.3524999E-03 -2.9934753E-03 -6.3192676E-03 -2.0804807E-02  0.0000000E+00
  2.0799350E+02  8.9333306E-03 -2.9919191E-03 -5.9378922E-03 -1.9963318E-02  0.0000000E+00
  2.0799350E+02  8.5640067E-03 -2.8514923E-03 -5.7038395E-03 -1.9163823E-02  0.0000000E+00
  2.0799350E+02  8.1859562E-03 -2.6288427E-03 -5.5458979E-03 -1.8411096E-02  0.0000000E+00
  2.0799350E+02  7.8361622E-03 -2.5261405E-03 -5.3061044E-03 -1.7704964E-02  0.0000000E+00
  2.0799350E+02  7.5503270E-03 -2.6473494E-03 -4.9094188E-03 -1.7046064E-02  0.0000000E+00
  2.0799350E+02  7.3239753E-03 -2.9279724E-03 -4.4081853E-03 -1.6429073E-02  0.0000000E+00
  2.0799350E+02  7.1234412E-03 -3.1867105E-03 -3.9468850E-03 -1.5848695E-02  0.0000000E+00
  2.0799350E+02  6.9154564E-03 -3.2380620E-03 -3.6793944E-03 -1.5298228E-02  0.0000000E+00
  2.0799350E+02  6.7007373E-03 -3.0122804E-03 -3.6801272E-03 -1.4774256E-02  0.0000000E+00
  2.0799350E+02  6.5242011E-03 -2.6264064E-03 -3.8800570E-03 -1.4271471E-02  0.0000000E+00
  2.0799350E+02  6.4482841E-03 -2.3475988E-03 -4.0755403E-03 -1.3787331E-02  0.0000000E+00
  2.0799350E+02  6.4630129E-03 -2.3963398E-03 -4.0381361E-03 -1.3320758E-02  0.0000000E+00
  2.0799350E+02  6.4404891E-03 -2.5658612E-03 -3.8629356E-03 -1.2874093E-02  0.0000000E+00
  2.0799350E+02  6.3884105E-03 -2.6986463E-03 -3.6873260E-03 -1.2443699E-02  0.0000000E+00
  2.0799350E+02  6.2724975E-03 -2.7163872E-03 -3.5534381E-03 -1.2027436E-02  0.0000000E+00
  2.0799350E+02  6.1096092E-03 -2.6069825E-03 -3.4988601E-03 -1.1624611E-02  0.0000000E+00
  2.0799350E+02  5.9211844E-03 -2.4289405E-03 -3.4886689E-03 -1.1234635E-02  0.0000000E+00
  2.0799350E+02  5.7277291E-03 -2.2522536E-03 -3.4727065E-03 -1.0858744E-02  0.0000000E+00
  2.0799350E+02  5.5428645E-03 -2.1238603E-03 -3.4164620E-03 -1.0495331E-02  0.0000000E+00
  2.0799350E+02  5.3733427E-03 -2.0583932E-03 -3.3115078E-03 -1.0142752E-02  0.0000000E+00
  2.0799350E+02  5.2191180E-03 -2.0428401E-03 -3.1712106E-03 -9.7982941E-03  0.0000000E+00
  2.0799350E+02  5.0765568E-03 -2.0506900E-03 -3.0195091E-03 -9.4610923E-03  0.0000000E+00
  2.0799350E+02  4.9398771E-03 -2.0588833E-03 -2.8747359E-03 -9.1289183E-03  0.0000000E+00
  2.0799350E+02  4.8057930E-03 -2.0615633E-03 -2.7397886E-03 -8.8010516E-03  0.0000000E+00
  2.0799350E+02  4.6766413E-03 -2.0738744E-03 -2.6008927E-03 -8.4777939E-03  0.0000000E+00
  2.0799350E+02  4.5629989E-03 -2.1199095E-03 -2.4421355E-03 -8.1596603E-03  0.0000000E+00
  2.0799350E+02  4.4861431E-03 -2.1977286E-03 -2.2834560E-03 -7.8488863E-03  0.0000000E+00
  2.0799350E+02  4.4399724E-03 -2.2015598E-03 -2.2349938E-03 -7.5456232E-03  0.0000000E+00
  2.0799350E+02  4.3474981E-03 -2.1485877E-03 -2.1993729E-03 -7.2504343E-03  0.0000000E+00
  2.0799350E+02  4.2319564E-03 -2.0807601E-03 -2.1507446E-03 -6.9627521E-03  0.0000000E+00
  2.0799350E+02  4.1113955E-03 -2.0081862E-03 -2.1005176E-03 -6.6839207E-03  0.0000000E+00
  2.0799350E+02  3.9960492E-03 -1.9484249E-03 -2.0429038E-03 -6.4136901E-03  0.0000000E+00
  2.0799350E+02  3.8903745E-03 -1.9187923E-03 -1.9655364E-03 -6.1523471E-03  0.0000000E+00
  2.0799350E+02  3.7942082E-03 -1.9305486E-03 -1.8570291E-03 -5.9001767E-03  0.0000000E+00
  2.0799350E+02  3.7040490E-03 -1.9856837E-03 -1.7118164E-03 -5.6569780E-03  0.0000000E+00
  2.0799350E+02  3.6151627E-03 -2.0753377E-03 -1.5339870E-03 -5.4237154E-03  0.0000000E+00
  2.0799350E+02  3.5220692E-03 -2.1814919E-03 -1.3360898E-03 -5.1998198E-03  0.0000000E+00
  2.0799350E+02  3.4205480E-03 -2.2797830E-03 -1.1382409E-03 -4.9848946E-03  0.0000000E+00
  2.0799350E+02  3.3084699E-03 -2.3447411E-03 -9.6359595E-04 -4.7778891E-03  0.0000000E+00
  2.0799350E+02  3.1876289E-03 -2.3563648E-03 -8.3347090E-04 -4.5786162E-03  0.0000000E+00
  2.0799350E+02  3.0632701E-03 -2.3096342E-03 -7.5732604E-04 -4.3856541E-03  0.0000000E+00
  2.0799350E+02  2.9452884E-03 -2.2243569E-03 -7.2415285E-04 -4.1980806E-03  0.0000000E+00
  2.0799350E+02  2.8480671E-03 -2.1573239E-03 -6.9037207E-04 -4.0154535E-03  0.0000000E+00
  2.0799350E+02  2.7775459E-03 -2.1706520E-03 -6.0303258E-04 -3.8370994E-03  0.0000000E+00
  2.0799350E+02  2.6958813E-03 -2.1816740E-03 -5.1316097E-04 -3.6618662E-03  0.0000000E+00
  2.0799350E+02  2.6214840E-03 -2.2183845E-03 -4.0256244E-04 -3.4896621E-03  0.0000000E+00
  2.0799350E+02  2.5526869E-03 -2.2440572E-03 -3.0806506E-04 -3.3192381E-03  0.0000000E+00
  2.0799350E+02  2.4847973E-03 -2.2367028E-03 -2.4768222E-04 -3.1497635E-03  0.0000000E+00
  2.0799350E+02  2.4133647E-03 -2.1867754E-03 -2.2661105E-04 -2.9818833E-03  0.0000000E+00
  2.0799350E+02  2.3351133E-03 -2.0943694E-03 -2.4129680E-04 -2.8157211E-03  0.0000000E+00
  2.0799350E+02  2.2491407E-03 -1.9662931E-03 -2.8378362E-04 -2.6519235E-03  0.0000000E+00
  2.0799350E+02  2.1566178E-03 -1.8129621E-03 -3.4465975E-04 -2.4909056E-03  0.0000000E+00
  2.0799350E+02  2.0609330E-03 -1.6469498E-03 -4.1471477E-04 -2.3338586E-03  0.0000000E+00
  2.0799350E+02  1.9658267E-03 -1.4791296E-03 -4.8693439E-04 -2.1809042E-03  0.0000000E+00
  2.0799350E+02  1.8750679E-03 -1.3182023E-03 -5.5659890E-04 -2.0321926E-03  0.0000000E+00
  2.0799350E+02  1.7913895E-03 -1.1696934E-03 -6.2113728E-04 -1.8876021E-03  0.0000000E+00
  2.0799350E+02  1.7157384E-03 -1.0359762E-03 -6.7924380E-04 -1.7465481E-03  0.0000000E+00
  2.0799350E+02  1.6476618E-03 -9.1863973E-04 -7.2877379E-04 -1.6091279E-03  0.0000000E+00
  2.0799350E+02  1.5850398E-03 -8.1985868E-04 -7.6498556E-04 -1.4748333E-03  0.0000000E+00
  2.0799350E+02  1.5260749E-03 -7.4775932E-04 -7.7705766E-04 -1.3439024E-03  0.0000000E+00
  2.0799350E+02  1.4645694E-03 -7.0350078E-04 -7.5940042E-04 -1.2167892E-03  0.0000000E+00
  2.0799350E+02  1.3923631E-03 -6.4413783E-04 -7.4792166E-04 -1.0939754E-03  0.0000000E+00
  2.0799350E+02  1.3229924E-03 -6.0113487E-04 -7.2124988E-04 -9.7623909E-04  0.0000000E+00
  2.0799350E+02  1.2602910E-03 -5.8191304E-04 -6.7717695E-04 -8.6396540E-04  0.0000000E+00
  2.0799350E+02  1.2058872E-03 -5.8049328E-04 -6.2387023E-04 -7.5725918E-04  0.0000000E+00
  2.0799350E+02  1.1596205E-03 -5.8631679E-04 -5.7181546E-04 -6.5582228E-04  0.0000000E+00
  2.0799350E+02  1.1203845E-03 -5.8977292E-04 -5.2938267E-04 -5.5972764E-04  0.0000000E+00
  2.0799350E+02  1.0861592E-03 -5.8519880E-04 -5.0002952E-04 -4.6838165E-04  0.0000000E+00
  2.0799350E+02  1.0548473E-03 -5.7161629E-04 -4.8250223E-04 -3.8131207E-04  0.0000000E+00
  2.0799350E+02  1.0245539E-03 -5.5192999E-04 -4.7195936E-04 -2.9787813E-04  0.0000000E+00
  2.0799350E+02  9.9412397E-04 -5.3130588E-04 -4.6212829E-04 -2.1789765E-04  0.0000000E+00
  2.0799350E+02  9.6300595E-04 -5.1471761E-04 -4.4758706E-04 -1.4077315E-04  0.0000000E+00
  2.0799350E+02  9.3148467E-04 -5.0496868E-04 -4.2591694E-04 -6.6106548E-05  0.0000000E+00
