          atime         tdf_uu         tdf_vv         tdf_ww         pm1avg           tavg
  2.0799350E+02 -2.9729950E-05  3.1397745E-07  2.7938748E-07 -8.4116403E-02  0.0000000E+00
  2.0799350E+02  1.6120533E-02  1.4682264E-04  9.1477699E-04 -8.3523519E-02  0.0000000E+00
  2.0799350E+02  1.6042230E-03  2.1864913E-03 -4.2754539E-03 -8.2266432E-02  0.0000000E+00
  2.0799350E+02 -2.5343314E-02  5.1372517E-03 -1.6970009E-02 -8.0429800E-02  0.0000000E+00
  2.0799350E+02 -1.6475746E-02  3.4389781E-03 -2.0051480E-02 -7.8449917E-02  0.0000000E+00
  2.0799350E+02 -4.6622779E-03 -3.2793995E-03 -1.2595428E-02 -7.6577742E-02  0.0000000E+00
  2.0799350E+02  9.5106202E-05 -1.2258896E-02 -3.7816179E-03 -7.4857711E-02  0.0000000E+00
  2.0799350E+02 -9.5732732E-04 -2.0662121E-02  1.7732319E-03 -7.3235418E-02  0.0000000E+00
  2.0799350E+02 -5.2299849E-03 -2.6019291E-02  4.9363241E-03 -7.1635461E-02  0.0000000E+00
  2.0799350E+02 -1.0558286E-02 -2.8037445E-02  5.0685682E-03 -6.9996317E-02  0.0000000E+00
  2.0799350E+02 -1.5156472E-02 -2.7548938E-02  3.4670231E-03 -6.8274457E-02  0.0000000E+00
  2.0799350E+02 -1.8909980E-02 -2.5980588E-02  1.8331863E-03 -6.6451041E-02  0.0000000E+00
  2.0799350E+02 -2.2287594E-02 -2.4202556E-02  5.1076961E-04 -6.4535137E-02  0.0000000E+00
  2.0799350E+02 -2.5031295E-02 -2.1902221E-02 -9.6942363E-04 -6.2559026E-02  0.0000000E+00
  2.0799350E+02 -2.6259188E-02 -1.8342561E-02 -2.6562774E-03 -6.0563377E-02  0.0000000E+00
  2.0799350E+02 -2.6826916E-02 -1.3977204E-02 -4.1596960E-03 -5.8573726E-02  0.0000000E+00
  2.0799350E+02 -2.5899425E-02 -9.4451314E-03 -6.1628584E-03 -5.6602816E-02  0.0000000E+00
  2.0799350E+02 -2.3889647E-02 -4.8634625E-03 -6.8223717E-03 -5.4656926E-02  0.0000000E+00
  2.0799350E+02 -2.1394969E-02 -6.3775176E-04 -6.3912124E-03 -5.2745672E-02  0.0000000E+00
  2.0799350E+02 -1.8602392E-02  2.4145552E-03 -5.6894961E-03 -5.0877670E-02  0.0000000E+00
  2.0799350E+02 -1.5530605E-02  4.0189620E-03 -4.9653212E-03 -4.9058430E-02  0.0000000E+00
  2.0799350E+02 -1.2261295E-02  4.5565590E-03 -3.9002246E-03 -4.7290626E-02  0.0000000E+00
  2.0799350E+02 -9.0709067E-03  4.6936355E-03 -2.1926710E-03 -4.5575487E-02  0.0000000E+00
  2.0799350E+02 -6.3740204E-03  4.8874477E-03 -1.5299476E-04 -4.3914070E-02  0.0000000E+00
  2.0799350E+02 -4.3895514E-03  5.1273192E-03  1.2567853E-03 -4.2307157E-02  0.0000000E+00
  2.0799350E+02 -2.4409487E-03  5.2702541E-03  1.5048586E-03 -4.0752531E-02  0.0000000E+00
  2.0799350E+02 -4.2949152E-04  5.0852575E-03  2.2011253E-03 -3.9246318E-02  0.0000000E+00
  2.0799350E+02  2.3923579E-03  5.7885562E-03  1.9912946E-03 -3.7791355E-02  0.0000000E+00
  2.0799350E+02  5.0315447E-03  6.6296108E-03  1.6479181E-03 -3.6376289E-02  0.0000000E+00
  2.0799350E+02  6.5774419E-03  6.9239432E-03  1.6731044E-03 -3.5009424E-02  0.0000000E+00
  2.0799350E+02  7.0484003E-03  6.5811413E-03  1.9779519E-03 -3.3699519E-02  0.0000000E+00
  2.0799350E+02  6.8771021E-03  5.7910509E-03  2.2289941E-03 -3.2452893E-02  0.0000000E+00
  2.0799350E+02  6.5455653E-03  4.8140616E-03  2.1140742E-03 -3.1271077E-02  0.0000000E+00
  2.0799350E+02  6.3578577E-03  3.8588548E-03  1.5157387E-03 -3.0150842E-02  0.0000000E+00
  2.0799350E+02  6.3426835E-03  3.0313026E-03  5.8069911E-04 -2.9085790E-02  0.0000000E+00
  2.0799350E+02  6.2780007E-03  2.3382106E-03 -3.2609051E-04 -2.8068657E-02  0.0000000E+00
  2.0799350E+02  5.8298334E-03  1.7295931E-03 -7.9419089E-04 -2.7093501E-02  0.0000000E+00
  2.0799350E+02  4.7974393E-03  1.1631719E-03 -6.7872119E-04 -2.6156944E-02  0.0000000E+00
  2.0799350E+02  3.4569924E-03  6.7478948E-04 -5.6114046E-04 -2.5257619E-02  0.0000000E+00
  2.0799350E+02  2.2711775E-03  1.4425237E-04 -8.5193723E-04 -2.4394622E-02  0.0000000E+00
  2.0799350E+02  1.2675518E-03 -1.7431066E-04 -4.9104334E-04 -2.3563779E-02  0.0000000E+00
  2.0799350E+02  5.9803074E-04 -3.0883249E-04 -3.2927763E-04 -2.2762374E-02  0.0000000E+00
  2.0799350E+02  1.4895459E-04 -4.5515783E-04 -3.7614906E-04 -2.1989609E-02  0.0000000E+00
  2.0799350E+02 -1.0893155E-04 -6.4861893E-04 -5.1965955E-04 -2.1244587E-02  0.0000000E+00
  2.0799350E+02 -2.0339012E-04 -8.5014729E-04 -6.3695185E-04 -2.0526181E-02  0.0000000E+00
  2.0799350E+02 -1.9237424E-04 -1.0020271E-03 -6.5237421E-04 -1.9832933E-02  0.0000000E+00
  2.0799350E+02 -1.5915496E-04 -1.0591019E-03 -5.5477646E-04 -1.9162985E-02  0.0000000E+00
  2.0799350E+02 -1.8556562E-04 -1.0012454E-03 -3.8585170E-04 -1.8514094E-02  0.0000000E+00
  2.0799350E+02 -3.1803676E-04 -8.3290864E-04 -2.1133796E-04 -1.7883733E-02  0.0000000E+00
  2.0799350E+02 -5.4109459E-04 -5.7555308E-04 -8.6894354E-05 -1.7269336E-02  0.0000000E+00
  2.0799350E+02 -7.7299626E-04 -2.5878301E-04 -3.0465896E-05 -1.6668676E-02  0.0000000E+00
  2.0799350E+02 -8.9817522E-04  8.4013003E-05 -1.2951484E-05 -1.6080447E-02  0.0000000E+00
  2.0799350E+02 -8.5116969E-04  4.0969975E-04  2.1010626E-05 -1.5505037E-02  0.0000000E+00
  2.0799350E+02 -7.6670762E-04  6.4330074E-04  9.0325499E-05 -1.4945549E-02  0.0000000E+00
  2.0799350E+02 -4.4998566E-04  6.3476833E-04  2.2895039E-04 -1.4403164E-02  0.0000000E+00
  2.0799350E+02  4.6377002E-05  5.7662163E-04  1.2086090E-04 -1.3879610E-02  0.0000000E+00
  2.0799350E+02  3.2860078E-04  5.7385127E-04 -1.1826518E-04 -1.3373855E-02  0.0000000E+00
  2.0799350E+02  5.1149344E-04  6.1828710E-04 -3.1196473E-04 -1.2885140E-02  0.0000000E+00
  2.0799350E+02  6.6613081E-04  6.9351846E-04 -4.1741999E-04 -1.2412852E-02  0.0000000E+00
  2.0799350E+02  8.2779703E-04  7.8581504E-04 -4.5336206E-04 -1.1956793E-02  0.0000000E+00
  2.0799350E+02  1.0053285E-03  8.8787312E-04 -4.5444085E-04 -1.1516748E-02  0.0000000E+00
  2.0799350E+02  1.1901697E-03  9.9759136E-04 -4.4699756E-04 -1.1092292E-02  0.0000000E+00
  2.0799350E+02  1.3646404E-03  1.1139293E-03 -4.4105001E-04 -1.0682756E-02  0.0000000E+00
  2.0799350E+02  1.5089133E-03  1.2319022E-03 -4.3330156E-04 -1.0287306E-02  0.0000000E+00
  2.0799350E+02  1.6062025E-03  1.3387646E-03 -4.1598399E-04 -9.9050745E-03  0.0000000E+00
  2.0799350E+02  1.6456609E-03  1.4134373E-03 -3.8634496E-04 -9.5352792E-03  0.0000000E+00
  2.0799350E+02  1.6224873E-03  1.4312295E-03 -3.5159060E-04 -9.1772813E-03  0.0000000E+00
  2.0799350E+02  1.5347422E-03  1.3759103E-03 -3.2409366E-04 -8.8305170E-03  0.0000000E+00
  2.0799350E+02  1.3763712E-03  1.2611829E-03 -3.0167788E-04 -8.4942474E-03  0.0000000E+00
  2.0799350E+02  1.1259365E-03  1.1636139E-03 -2.2778900E-04 -8.1670671E-03  0.0000000E+00
  2.0799350E+02  7.2208319E-04  1.1383852E-03 -1.7199202E-05 -7.8474938E-03  0.0000000E+00
  2.0799350E+02  5.6506698E-04  9.7700538E-04  5.1927848E-05 -7.5357236E-03  0.0000000E+00
  2.0799350E+02  6.6137704E-04  8.8549872E-04  8.5217267E-05 -7.2294167E-03  0.0000000E+00
  2.0799350E+02  8.0809651E-04  8.1768443E-04  1.1196728E-04 -6.9290749E-03  0.0000000E+00
  2.0799350E+02  9.3273476E-04  7.4682593E-04  1.4439753E-04 -6.6347323E-03  0.0000000E+00
  2.0799350E+02  1.0302039E-03  6.6322757E-04  1.8520063E-04 -6.3464076E-03  0.0000000E+00
  2.0799350E+02  1.1201156E-03  5.7026657E-04  2.3245783E-04 -6.0643260E-03  0.0000000E+00
  2.0799350E+02  1.2210440E-03  4.7949073E-04  2.8248492E-04 -5.7889623E-03  0.0000000E+00
  2.0799350E+02  1.3384012E-03  4.0541198E-04  3.3117465E-04 -5.5209547E-03  0.0000000E+00
  2.0799350E+02  1.4625712E-03  3.6062635E-04  3.7440171E-04 -5.2609416E-03  0.0000000E+00
  2.0799350E+02  1.5739487E-03  3.5189063E-04  4.0805641E-04 -5.0093725E-03  0.0000000E+00
  2.0799350E+02  1.6515281E-03  3.7778604E-04  4.2827332E-04 -4.7663417E-03  0.0000000E+00
  2.0799350E+02  1.6816899E-03  4.2859931E-04  4.3242096E-04 -4.5314992E-03  0.0000000E+00
  2.0799350E+02  1.6638999E-03  4.8894284E-04  4.2144877E-04 -4.3044927E-03  0.0000000E+00
  2.0799350E+02  1.6095985E-03  5.4441421E-04  4.0397321E-04 -4.0835439E-03  0.0000000E+00
  2.0799350E+02  1.5317065E-03  5.9119462E-04  4.0307873E-04 -3.8683631E-03  0.0000000E+00
  2.0799350E+02  1.4206321E-03  6.5155027E-04  4.6594796E-04 -3.6592063E-03  0.0000000E+00
  2.0799350E+02  1.1469922E-03  7.3591165E-04  6.1318125E-04 -3.4563490E-03  0.0000000E+00
  2.0799350E+02  9.7046446E-04  7.2947997E-04  6.8948707E-04 -3.2587992E-03  0.0000000E+00
  2.0799350E+02  1.0162649E-03  7.0475504E-04  7.3106971E-04 -3.0690020E-03  0.0000000E+00
  2.0799350E+02  1.1485818E-03  6.8600106E-04  7.4416395E-04 -2.8869868E-03  0.0000000E+00
  2.0799350E+02  1.2802756E-03  6.7954423E-04  7.3307925E-04 -2.7126887E-03  0.0000000E+00
  2.0799350E+02  1.3684292E-03  6.8173533E-04  7.0322838E-04 -2.5458677E-03  0.0000000E+00
  2.0799350E+02  1.4058870E-03  6.8484684E-04  6.6214065E-04 -2.3860951E-03  0.0000000E+00
  2.0799350E+02  1.4101691E-03  6.8115648E-04  6.1896882E-04 -2.2327900E-03  0.0000000E+00
  2.0799350E+02  1.4111503E-03  6.6546877E-04  5.8299877E-04 -2.0852873E-03  0.0000000E+00
  2.0799350E+02  1.4388885E-03  6.3632656E-04  5.6167109E-04 -1.9429229E-03  0.0000000E+00
  2.0799350E+02  1.5129926E-03  5.9616409E-04  5.5862364E-04 -1.8051161E-03  0.0000000E+00
  2.0799350E+02  1.6349152E-03  5.5065349E-04  5.7226416E-04 -1.6714337E-03  0.0000000E+00
  2.0799350E+02  1.7845582E-03  5.0749650E-04  5.9538199E-04 -1.5416186E-03  0.0000000E+00
  2.0799350E+02 -8.2729305E-06 -3.5302015E-07  2.0042086E-07 -5.2486986E-02  0.0000000E+00
  2.0799350E+02  3.2062018E-03  8.8315336E-05 -2.7028507E-04 -5.2518810E-02  0.0000000E+00
  2.0799350E+02  1.2953586E-02  6.5913821E-04 -5.0708669E-04 -5.2529435E-02  0.0000000E+00
  2.0799350E+02 -3.2588153E-03  1.9160734E-03 -1.4789508E-03 -5.2518653E-02  0.0000000E+00
  2.0799350E+02 -2.9211127E-02  3.4578718E-03 -4.2402056E-03 -5.2464947E-02  0.0000000E+00
  2.0799350E+02 -2.8208981E-02  4.6165330E-03 -8.1711849E-03 -5.2383226E-02  0.0000000E+00
  2.0799350E+02 -1.2760098E-02  4.7273411E-03 -8.9526694E-03 -5.2308207E-02  0.0000000E+00
  2.0799350E+02  1.5614733E-03  2.3476323E-03 -7.0686755E-03 -5.2266340E-02  0.0000000E+00
  2.0799350E+02  8.0492116E-03 -2.5063940E-03 -3.9007459E-03 -5.2252684E-02  0.0000000E+00
  2.0799350E+02  8.8090548E-03 -8.4242030E-03 -6.6152151E-04 -5.2232866E-02  0.0000000E+00
  2.0799350E+02  7.1798879E-03 -1.3852307E-02  1.5644367E-03 -5.2166675E-02  0.0000000E+00
  2.0799350E+02  4.4025331E-03 -1.7617803E-02  2.1873048E-03 -5.2013716E-02  0.0000000E+00
  2.0799350E+02  3.9713038E-04 -1.9180727E-02  1.5913665E-03 -5.1741027E-02  0.0000000E+00
  2.0799350E+02 -4.4532211E-03 -1.8879580E-02  7.1135197E-04 -5.1334311E-02  0.0000000E+00
  2.0799350E+02 -8.8704566E-03 -1.7782723E-02  1.5074535E-06 -5.0794307E-02  0.0000000E+00
  2.0799350E+02 -1.2212113E-02 -1.6469812E-02 -1.3732849E-03 -5.0129194E-02  0.0000000E+00
  2.0799350E+02 -1.4924329E-02 -1.5118807E-02 -2.3979696E-03 -4.9356118E-02  0.0000000E+00
  2.0799350E+02 -1.6568726E-02 -1.3164899E-02 -3.3411906E-03 -4.8501247E-02  0.0000000E+00
  2.0799350E+02 -1.6836607E-02 -1.0381543E-02 -4.1874141E-03 -4.7584892E-02  0.0000000E+00
  2.0799350E+02 -1.6429548E-02 -7.1978295E-03 -4.6833356E-03 -4.6621091E-02  0.0000000E+00
  2.0799350E+02 -1.6042780E-02 -4.1775906E-03 -4.7163640E-03 -4.5621602E-02  0.0000000E+00
  2.0799350E+02 -1.5875436E-02 -1.7111053E-03 -4.3889968E-03 -4.4594663E-02  0.0000000E+00
  2.0799350E+02 -1.5585978E-02  8.1123602E-05 -3.9121090E-03 -4.3550973E-02  0.0000000E+00
  2.0799350E+02 -1.4604796E-02  1.3178582E-03 -3.4220978E-03 -4.2491730E-02  0.0000000E+00
  2.0799350E+02 -1.2719398E-02  2.1326451E-03 -2.8520045E-03 -4.1418264E-02  0.0000000E+00
  2.0799350E+02 -1.0838929E-02  2.3473852E-03 -1.9619491E-03 -4.0336341E-02  0.0000000E+00
  2.0799350E+02 -8.2197554E-03  2.1189897E-03 -9.0332513E-04 -3.9255908E-02  0.0000000E+00
  2.0799350E+02 -5.8148120E-03  1.4861744E-03 -4.5781504E-04 -3.8185991E-02  0.0000000E+00
  2.0799350E+02 -4.6789573E-03  1.0212373E-03  1.8374146E-05 -3.7127795E-02  0.0000000E+00
  2.0799350E+02 -4.0306262E-03  1.1413157E-03  6.0525480E-04 -3.6078868E-02  0.0000000E+00
  2.0799350E+02 -3.2533959E-03  1.7995532E-03  1.1278609E-03 -3.5038230E-02  0.0000000E+00
  2.0799350E+02 -2.0735573E-03  2.7104879E-03  1.4526588E-03 -3.4011613E-02  0.0000000E+00
  2.0799350E+02 -5.4009263E-04  3.5390466E-03  1.5903800E-03 -3.2999555E-02  0.0000000E+00
  2.0799350E+02  1.0973748E-03  4.0249195E-03  1.6519723E-03 -3.2005076E-02  0.0000000E+00
  2.0799350E+02  2.5626425E-03  4.0572598E-03  1.7403811E-03 -3.1030503E-02  0.0000000E+00
  2.0799350E+02  3.6879408E-03  3.6935377E-03  1.8371177E-03 -3.0084450E-02  0.0000000E+00
  2.0799350E+02  4.4799632E-03  3.1195471E-03  1.7543135E-03 -2.9170281E-02  0.0000000E+00
  2.0799350E+02  4.9931358E-03  2.5479959E-03  1.2157801E-03 -2.8290437E-02  0.0000000E+00
  2.0799350E+02  4.9814310E-03  2.0557434E-03  1.3334107E-04 -2.7438111E-02  0.0000000E+00
  2.0799350E+02  4.4183541E-03  1.6836262E-03 -6.1466626E-04 -2.6612305E-02  0.0000000E+00
  2.0799350E+02  3.4450304E-03  1.7087228E-03 -8.0586997E-04 -2.5809324E-02  0.0000000E+00
  2.0799350E+02  2.5493446E-03  1.7036796E-03 -8.8100695E-04 -2.5025280E-02  0.0000000E+00
  2.0799350E+02  2.1989271E-03  1.5108887E-03 -8.7130144E-04 -2.4264175E-02  0.0000000E+00
  2.0799350E+02  2.2496076E-03  1.1222074E-03 -7.9332024E-04 -2.3525349E-02  0.0000000E+00
  2.0799350E+02  2.3674524E-03  6.0936011E-04 -6.6353982E-04 -2.2810729E-02  0.0000000E+00
  2.0799350E+02  2.2788844E-03  6.8150309E-05 -5.0332800E-04 -2.2117904E-02  0.0000000E+00
  2.0799350E+02  1.8793029E-03 -4.1214679E-04 -3.3918636E-04 -2.1445815E-02  0.0000000E+00
  2.0799350E+02  1.2365790E-03 -7.6801196E-04 -1.9807765E-04 -2.0792133E-02  0.0000000E+00
  2.0799350E+02  5.3262296E-04 -9.6588559E-04 -1.0180575E-04 -2.0157602E-02  0.0000000E+00
  2.0799350E+02 -4.0911116E-05 -1.0041578E-03 -5.8561651E-05 -1.9538731E-02  0.0000000E+00
  2.0799350E+02 -3.7264205E-04 -9.0317941E-04 -5.8818766E-05 -1.8932536E-02  0.0000000E+00
  2.0799350E+02 -4.8923425E-04 -6.9701269E-04 -7.3419803E-05 -1.8335908E-02  0.0000000E+00
  2.0799350E+02 -5.3926061E-04 -4.2523661E-04 -5.7373537E-05 -1.7745907E-02  0.0000000E+00
  2.0799350E+02 -6.6809352E-04 -1.3195688E-04  3.8651038E-05 -1.7166365E-02  0.0000000E+00
  2.0799350E+02 -7.3332640E-04  6.5956834E-05  1.6120847E-04 -1.6596496E-02  0.0000000E+00
  2.0799350E+02 -6.1717663E-04  1.8228801E-04  4.3084118E-04 -1.6036622E-02  0.0000000E+00
  2.0799350E+02 -4.6939762E-04  2.3083416E-04  6.5968174E-04 -1.5490893E-02  0.0000000E+00
  2.0799350E+02 -3.6088367E-04  2.3273155E-04  7.1327641E-04 -1.4962048E-02  0.0000000E+00
  2.0799350E+02 -3.0820865E-04  2.4401327E-04  6.0491175E-04 -1.4450032E-02  0.0000000E+00
  2.0799350E+02 -2.8726622E-04  3.0908660E-04  4.0828652E-04 -1.3955280E-02  0.0000000E+00
  2.0799350E+02 -2.5109414E-04  4.4036627E-04  2.0309471E-04 -1.3477487E-02  0.0000000E+00
  2.0799350E+02 -1.5002097E-04  6.1738076E-04  4.4683906E-05 -1.3014852E-02  0.0000000E+00
  2.0799350E+02  4.8093744E-05  7.9726898E-04 -4.5534709E-05 -1.2567639E-02  0.0000000E+00
  2.0799350E+02  3.4386122E-04  9.3561548E-04 -7.8243715E-05 -1.2133559E-02  0.0000000E+00
  2.0799350E+02  6.9862605E-04  1.0046968E-03 -8.2419950E-05 -1.1711469E-02  0.0000000E+00
  2.0799350E+02  1.0389998E-03  1.0077610E-03 -8.9643058E-05 -1.1300042E-02  0.0000000E+00
  2.0799350E+02  1.2727599E-03  9.8153034E-04 -1.1970288E-04 -1.0900707E-02  0.0000000E+00
  2.0799350E+02  1.3289822E-03  9.8060041E-04 -1.7335532E-04 -1.0512915E-02  0.0000000E+00
  2.0799350E+02  1.2127475E-03  1.0377531E-03 -2.3745649E-04 -1.0136360E-02  0.0000000E+00
  2.0799350E+02  1.0876781E-03  1.0941850E-03 -3.0776546E-04 -9.7689512E-03  0.0000000E+00
  2.0799350E+02  1.2968780E-03  9.7719553E-04 -3.9545558E-04 -9.4078165E-03  0.0000000E+00
  2.0799350E+02  1.3607914E-03  1.0034703E-03 -2.9943649E-04 -9.0591493E-03  0.0000000E+00
  2.0799350E+02  1.2701597E-03  1.0832941E-03 -1.5967077E-04 -8.7168537E-03  0.0000000E+00
  2.0799350E+02  1.1503609E-03  1.1326646E-03 -6.2009747E-05 -8.3814588E-03  0.0000000E+00
  2.0799350E+02  1.0543378E-03  1.1250608E-03 -9.8578964E-06 -8.0520762E-03  0.0000000E+00
  2.0799350E+02  9.9818741E-04  1.0646105E-03  2.5810478E-05 -7.7294205E-03  0.0000000E+00
  2.0799350E+02  9.8255060E-04  9.6789796E-04  7.5566423E-05 -7.4126556E-03  0.0000000E+00
  2.0799350E+02  1.0056813E-03  8.5314406E-04  1.5487998E-04 -7.1019412E-03  0.0000000E+00
  2.0799350E+02  1.0678629E-03  7.3498497E-04  2.5998347E-04 -6.7972894E-03  0.0000000E+00
  2.0799350E+02  1.1699198E-03  6.2435967E-04  3.7102863E-04 -6.5006134E-03  0.0000000E+00
  2.0799350E+02  1.3098232E-03  5.2871978E-04  4.6238528E-04 -6.2122396E-03  0.0000000E+00
  2.0799350E+02  1.4775350E-03  4.5526738E-04  5.1281086E-04 -5.9328826E-03  0.0000000E+00
  2.0799350E+02  1.6519361E-03  4.1235368E-04  5.1500274E-04 -5.6628898E-03  0.0000000E+00
  2.0799350E+02  1.8018943E-03  4.0875408E-04  4.8005957E-04 -5.4016552E-03  0.0000000E+00
  2.0799350E+02  1.8924179E-03  4.4887165E-04  4.3419952E-04 -5.1494772E-03  0.0000000E+00
  2.0799350E+02  1.9022887E-03  5.2232879E-04  4.0318670E-04 -4.9049215E-03  0.0000000E+00
  2.0799350E+02  1.8498443E-03  5.8651959E-04  3.8263641E-04 -4.6671131E-03  0.0000000E+00
  2.0799350E+02  1.7671482E-03  6.1625474E-04  3.5945815E-04 -4.4355403E-03  0.0000000E+00
  2.0799350E+02  1.5073099E-03  6.6300030E-04  4.0956778E-04 -4.2103737E-03  0.0000000E+00
  2.0799350E+02  1.2602225E-03  6.8404618E-04  4.6778144E-04 -3.9916028E-03  0.0000000E+00
  2.0799350E+02  1.1139868E-03  7.0701441E-04  5.2748735E-04 -3.7802203E-03  0.0000000E+00
  2.0799350E+02  1.0698358E-03  7.3740033E-04  5.8088720E-04 -3.5768553E-03  0.0000000E+00
  2.0799350E+02  1.0935136E-03  7.6967795E-04  6.2102433E-04 -3.3813694E-03  0.0000000E+00
  2.0799350E+02  1.1472924E-03  7.9474828E-04  6.4300533E-04 -3.1942641E-03  0.0000000E+00
  2.0799350E+02  1.2071221E-03  8.0513848E-04  6.4541193E-04 -3.0146547E-03  0.0000000E+00
  2.0799350E+02  1.2671941E-03  7.9721448E-04  6.3039205E-04 -2.8418055E-03  0.0000000E+00
  2.0799350E+02  1.3361777E-03  7.7178220E-04  6.0352940E-04 -2.6746116E-03  0.0000000E+00
  2.0799350E+02  1.4276803E-03  7.3355293E-04  5.7329103E-04 -2.5129216E-03  0.0000000E+00
  2.0799350E+02  1.5502395E-03  6.8924878E-04  5.4930223E-04 -2.3558486E-03  0.0000000E+00
  2.0799350E+02  1.6979714E-03  6.4580451E-04  5.4045130E-04 -2.2030471E-03  0.0000000E+00
  2.0799350E+02 -3.1008981E-07 -4.5063887E-08 -1.6534983E-07 -2.0498925E-02  0.0000000E+00
  2.0799350E+02  1.8605687E-04  4.2415237E-05  4.7728489E-05 -2.0702204E-02  0.0000000E+00
  2.0799350E+02  1.0546631E-03  1.2532886E-04  3.3690747E-05 -2.0924408E-02  0.0000000E+00
  2.0799350E+02  4.3892044E-03  2.1492955E-04  3.4922023E-04 -2.1202964E-02  0.0000000E+00
  2.0799350E+02  7.3237522E-03  1.5736554E-04  4.9680513E-04 -2.1515074E-02  0.0000000E+00
  2.0799350E+02 -1.9376076E-03  1.3852533E-04  2.5080846E-04 -2.1821849E-02  0.0000000E+00
  2.0799350E+02 -2.3029246E-02  8.4106243E-04 -6.4535687E-04 -2.2107648E-02  0.0000000E+00
  2.0799350E+02 -4.0189252E-02  2.2061940E-03 -1.9516382E-03 -2.2391971E-02  0.0000000E+00
  2.0799350E+02 -3.3442698E-02  2.9441978E-03 -3.6031998E-03 -2.2701555E-02  0.0000000E+00
  2.0799350E+02 -1.5258800E-02  3.4748652E-03 -4.0858273E-03 -2.3086145E-02  0.0000000E+00
  2.0799350E+02  3.5363408E-03  3.0983323E-03 -3.8132384E-03 -2.3560343E-02  0.0000000E+00
  2.0799350E+02  1.6038278E-02  1.6396334E-03 -2.7696054E-03 -2.4117261E-02  0.0000000E+00
  2.0799350E+02  2.0604565E-02 -4.6731673E-04 -8.6050729E-04 -2.4741059E-02  0.0000000E+00
  2.0799350E+02  2.0053965E-02 -3.1231457E-03  7.5303807E-04 -2.5395211E-02  0.0000000E+00
  2.0799350E+02  1.7800923E-02 -6.5836324E-03  2.9557263E-04 -2.6031029E-02  0.0000000E+00
  2.0799350E+02  1.3197880E-02 -9.8201160E-03  1.0393517E-04 -2.6629299E-02  0.0000000E+00
  2.0799350E+02  8.5601461E-03 -1.2404257E-02 -7.7535532E-04 -2.7157388E-02  0.0000000E+00
  2.0799350E+02  4.2036517E-03 -1.3662158E-02 -1.4941429E-03 -2.7605190E-02  0.0000000E+00
  2.0799350E+02  8.4127371E-04 -1.3886300E-02 -1.6420941E-03 -2.7959116E-02  0.0000000E+00
  2.0799350E+02 -1.7535793E-03 -1.3390213E-02 -1.8462534E-03 -2.8213628E-02  0.0000000E+00
  2.0799350E+02 -4.1278754E-03 -1.2375042E-02 -2.5026703E-03 -2.8366963E-02  0.0000000E+00
  2.0799350E+02 -6.6424177E-03 -1.0940803E-02 -3.4285783E-03 -2.8420815E-02  0.0000000E+00
  2.0799350E+02 -9.1879886E-03 -9.1680118E-03 -4.0950914E-03 -2.8381583E-02  0.0000000E+00
  2.0799350E+02 -1.1234309E-02 -7.1953698E-03 -4.1003784E-03 -2.8260874E-02  0.0000000E+00
  2.0799350E+02 -1.2321950E-02 -5.2191790E-03 -3.5432798E-03 -2.8072864E-02  0.0000000E+00
  2.0799350E+02 -1.3107326E-02 -3.3401779E-03 -2.9573282E-03 -2.7826210E-02  0.0000000E+00
  2.0799350E+02 -1.2530717E-02 -2.1650166E-03 -2.8045024E-03 -2.7528494E-02  0.0000000E+00
  2.0799350E+02 -1.1123737E-02 -1.2388220E-03 -2.9939572E-03 -2.7192040E-02  0.0000000E+00
  2.0799350E+02 -1.0664237E-02 -5.9905606E-04 -2.9947542E-03 -2.6818650E-02  0.0000000E+00
  2.0799350E+02 -1.0384466E-02 -2.4946688E-04 -2.6862173E-03 -2.6413183E-02  0.0000000E+00
  2.0799350E+02 -9.5570759E-03  2.8290332E-05 -2.1718635E-03 -2.5979489E-02  0.0000000E+00
  2.0799350E+02 -7.9542664E-03  4.0600300E-04 -1.6305400E-03 -2.5520885E-02  0.0000000E+00
  2.0799350E+02 -5.8782859E-03  9.1538858E-04 -1.2095682E-03 -2.5040515E-02  0.0000000E+00
  2.0799350E+02 -3.9196857E-03  1.4722606E-03 -9.6229701E-04 -2.4541571E-02  0.0000000E+00
  2.0799350E+02 -2.5997192E-03  1.9609142E-03 -8.3246352E-04 -2.4027377E-02  0.0000000E+00
  2.0799350E+02 -2.0532824E-03  2.3212715E-03 -6.8776380E-04 -2.3501326E-02  0.0000000E+00
  2.0799350E+02 -1.9087905E-03  2.5813294E-03 -4.0503186E-04 -2.2966671E-02  0.0000000E+00
  2.0799350E+02 -1.5213851E-03  2.7774480E-03 -9.4282291E-06 -2.2426161E-02  0.0000000E+00
  2.0799350E+02 -7.1586719E-04  2.7050234E-03  1.2996203E-04 -2.1881514E-02  0.0000000E+00
  2.0799350E+02  3.3519684E-05  2.2305226E-03  3.2744727E-04 -2.1338111E-02  0.0000000E+00
  2.0799350E+02  6.4056265E-04  2.1061716E-03  6.6184966E-04 -2.0800295E-02  0.0000000E+00
  2.0799350E+02  1.0039296E-03  1.8593177E-03  5.4901799E-04 -2.0270826E-02  0.0000000E+00
  2.0799350E+02  1.3451473E-03  1.4861167E-03  2.7373629E-04 -1.9751795E-02  0.0000000E+00
  2.0799350E+02  1.6458318E-03  1.1051345E-03 -1.7036338E-05 -1.9242138E-02  0.0000000E+00
  2.0799350E+02  1.8189710E-03  8.3317859E-04 -2.4239307E-04 -1.8740049E-02  0.0000000E+00
  2.0799350E+02  1.8094907E-03  7.2177898E-04 -3.5295601E-04 -1.8244327E-02  0.0000000E+00
  2.0799350E+02  1.6370484E-03  7.4133685E-04 -3.2248956E-04 -1.7754888E-02  0.0000000E+00
  2.0799350E+02  1.3940023E-03  7.9995406E-04 -1.5453766E-04 -1.7272653E-02  0.0000000E+00
  2.0799350E+02  1.2115018E-03  7.8395975E-04  1.0702752E-04 -1.6799060E-02  0.0000000E+00
  2.0799350E+02  1.2066442E-03  6.0714911E-04  3.7465838E-04 -1.6335401E-02  0.0000000E+00
  2.0799350E+02  1.4236469E-03  2.5574952E-04  5.3209870E-04 -1.5882236E-02  0.0000000E+00
  2.0799350E+02  1.7819772E-03 -1.8387047E-04  4.7877713E-04 -1.5439091E-02  0.0000000E+00
  2.0799350E+02  2.0443906E-03 -5.2773430E-04  2.1474012E-04 -1.5004671E-02  0.0000000E+00
  2.0799350E+02  1.8178194E-03 -5.4001723E-04 -2.2763111E-05 -1.4577825E-02  0.0000000E+00
  2.0799350E+02  9.3129181E-04 -4.4194013E-04  1.2198407E-04 -1.4154337E-02  0.0000000E+00
  2.0799350E+02  3.7297000E-04 -3.7664074E-04 -6.1238651E-05 -1.3732427E-02  0.0000000E+00
  2.0799350E+02 -7.9463926E-06 -1.9629090E-04 -3.2802002E-04 -1.3312438E-02  0.0000000E+00
  2.0799350E+02 -3.3456866E-04 -1.3665838E-05 -4.6061267E-04 -1.2894012E-02  0.0000000E+00
  2.0799350E+02 -6.2122349E-04  1.1359655E-04 -4.0245542E-04 -1.2479002E-02  0.0000000E+00
  2.0799350E+02 -8.4124426E-04  1.6729525E-04 -1.9723766E-04 -1.2070177E-02  0.0000000E+00
  2.0799350E+02 -9.6700965E-04  1.5600138E-04  6.3268394E-05 -1.1670299E-02  0.0000000E+00
  2.0799350E+02 -9.8811772E-04  1.0486658E-04  2.8154763E-04 -1.1281527E-02  0.0000000E+00
  2.0799350E+02 -9.1358402E-04  4.7341787E-05  3.8579448E-04 -1.0905092E-02  0.0000000E+00
  2.0799350E+02 -7.6395172E-04  1.8243935E-05  3.4941792E-04 -1.0541219E-02  0.0000000E+00
  2.0799350E+02 -5.5920220E-04  4.7607755E-05  1.9753944E-04 -1.0189229E-02  0.0000000E+00
  2.0799350E+02 -3.0835442E-04  1.5476019E-04 -5.7599755E-07 -9.8477936E-03  0.0000000E+00
  2.0799350E+02 -6.6411742E-06  3.4205473E-04 -1.5421569E-04 -9.5152818E-03  0.0000000E+00
  2.0799350E+02  3.5384923E-04  5.8770300E-04 -1.9010141E-04 -9.1901709E-03  0.0000000E+00
  2.0799350E+02  7.5417783E-04  8.3714110E-04 -1.0851800E-04 -8.8714627E-03  0.0000000E+00
  2.0799350E+02  1.0933180E-03  9.9236786E-04 -5.7747994E-05 -8.5590680E-03  0.0000000E+00
  2.0799350E+02  1.3187068E-03  9.9076695E-04 -2.1541637E-04 -8.2541269E-03  0.0000000E+00
  2.0799350E+02  1.5893074E-03  1.0155689E-03 -1.0818066E-04 -7.9553210E-03  0.0000000E+00
  2.0799350E+02  1.5995365E-03  9.9335823E-04 -4.4781172E-05 -7.6622760E-03  0.0000000E+00
  2.0799350E+02  1.5273726E-03  9.8669928E-04 -2.9639479E-05 -7.3755501E-03  0.0000000E+00
  2.0799350E+02  1.4478229E-03  1.0149235E-03 -4.8432679E-05 -7.0949254E-03  0.0000000E+00
  2.0799350E+02  1.3794111E-03  1.0702305E-03 -7.8215996E-05 -6.8197440E-03  0.0000000E+00
  2.0799350E+02  1.3166292E-03  1.1309275E-03 -9.5374533E-05 -6.5491969E-03  0.0000000E+00
  2.0799350E+02  1.2504864E-03  1.1718945E-03 -8.1449828E-05 -6.2825603E-03  0.0000000E+00
  2.0799350E+02  1.1792847E-03  1.1723599E-03 -2.6886902E-05 -6.0193745E-03  0.0000000E+00
  2.0799350E+02  1.1117544E-03  1.1210731E-03  6.7252543E-05 -5.7595605E-03  0.0000000E+00
  2.0799350E+02  1.0646788E-03  1.0189605E-03  1.8956509E-04 -5.5034689E-03  0.0000000E+00
  2.0799350E+02  1.0571414E-03  8.7934997E-04  3.2052310E-04 -5.2518561E-03  0.0000000E+00
  2.0799350E+02  1.1035255E-03  7.2585082E-04  4.3658894E-04 -5.0057830E-03  0.0000000E+00
  2.0799350E+02  1.2073976E-03  5.8797443E-04  5.1618051E-04 -4.7664307E-03  0.0000000E+00
  2.0799350E+02  1.3584074E-03  4.9458219E-04  5.4744210E-04 -4.5348288E-03  0.0000000E+00
  2.0799350E+02  1.5343334E-03  4.6524638E-04  5.3777511E-04 -4.3114901E-03  0.0000000E+00
  2.0799350E+02  1.7104079E-03  4.9961018E-04  5.2508295E-04 -4.0959481E-03  0.0000000E+00
  2.0799350E+02  1.7984983E-03  5.7212606E-04  4.7276274E-04 -3.8871089E-03  0.0000000E+00
  2.0799350E+02  1.8944781E-03  6.2713025E-04  3.9524497E-04 -3.6847686E-03  0.0000000E+00
  2.0799350E+02  1.9843356E-03  6.5990418E-04  3.9817836E-04 -3.4873466E-03  0.0000000E+00
  2.0799350E+02  1.9557338E-03  6.8524947E-04  4.0810297E-04 -3.2949690E-03  0.0000000E+00
  2.0799350E+02  1.8079697E-03  7.0931390E-04  3.9902319E-04 -3.1082291E-03  0.0000000E+00
  2.0799350E+02  1.5925391E-03  7.3292478E-04  3.7312053E-04 -2.9278116E-03  0.0000000E+00
  2.0799350E+02  1.3728239E-03  7.5414730E-04  3.4565282E-04 -2.7542431E-03  0.0000000E+00
  2.0799350E+02  1.1998735E-03  7.7015372E-04  3.3378644E-04 -2.5877516E-03  0.0000000E+00
  2.0799350E+02  1.1012550E-03  7.7848925E-04  3.4910795E-04 -2.4282171E-03  0.0000000E+00
  2.0799350E+02  1.0799437E-03  7.7782041E-04  3.9356170E-04 -2.2751957E-03  0.0000000E+00
  2.0799350E+02  1.1202285E-03  7.6825178E-04  4.5855978E-04 -2.1279987E-03  0.0000000E+00
  2.0799350E+02  1.1976032E-03  7.5129693E-04  5.2701093E-04 -1.9858092E-03  0.0000000E+00
  2.0799350E+02  1.2896192E-03  7.2958943E-04  5.7801470E-04 -1.8478197E-03  0.0000000E+00
  2.0799350E+02  8.9821928E-07  7.3611630E-07 -4.2503992E-07 -8.6958033E-03  0.0000000E+00
  2.0799350E+02  3.6220281E-04 -1.8944296E-04  2.5874313E-04 -8.7877795E-03  0.0000000E+00
  2.0799350E+02  1.3144211E-03 -5.7433272E-04  6.8057497E-04 -8.9885203E-03  0.0000000E+00
  2.0799350E+02  2.5074874E-03  1.9756508E-05  9.7663846E-04 -9.3305973E-03  0.0000000E+00
  2.0799350E+02  5.6138848E-03  1.2133409E-03  1.7262206E-03 -9.7587292E-03  0.0000000E+00
  2.0799350E+02  1.0965676E-02  1.1557019E-03  2.3503875E-03 -1.0203615E-02  0.0000000E+00
  2.0799350E+02  1.5832299E-02 -3.5885532E-04  2.6346744E-03 -1.0608918E-02  0.0000000E+00
  2.0799350E+02  1.3625461E-02 -2.0802077E-03  1.7609003E-03 -1.0925265E-02  0.0000000E+00
  2.0799350E+02 -2.1932250E-03 -2.6846677E-03 -5.6410880E-04 -1.1106166E-02  0.0000000E+00
  2.0799350E+02 -2.8808247E-02 -3.3040694E-03 -2.2644161E-03 -1.1130144E-02  0.0000000E+00
  2.0799350E+02 -5.4759135E-02 -2.7389461E-03 -2.3125728E-03 -1.1025151E-02  0.0000000E+00
  2.0799350E+02 -6.8115115E-02 -9.8136278E-04 -2.0709195E-03 -1.0854879E-02  0.0000000E+00
  2.0799350E+02 -6.1327473E-02  7.6102995E-04 -2.8987657E-03 -1.0687750E-02  0.0000000E+00
  2.0799350E+02 -3.7390525E-02  1.9444467E-03 -4.1375053E-03 -1.0568926E-02  0.0000000E+00
  2.0799350E+02 -9.2836652E-03  3.1836909E-03 -3.5220598E-03 -1.0514741E-02  0.0000000E+00
  2.0799350E+02  1.4145230E-02  3.3639452E-03 -1.9942459E-03 -1.0539441E-02  0.0000000E+00
  2.0799350E+02  3.0589877E-02  3.3301341E-03 -2.6944284E-04 -1.0644320E-02  0.0000000E+00
  2.0799350E+02  3.6884685E-02  2.2233716E-03  1.2465906E-03 -1.0828967E-02  0.0000000E+00
  2.0799350E+02  3.5347753E-02  1.8295873E-04  1.8923420E-03 -1.1081683E-02  0.0000000E+00
  2.0799350E+02  2.9859964E-02 -2.1640584E-03  1.9186414E-03 -1.1384753E-02  0.0000000E+00
  2.0799350E+02  2.3466842E-02 -4.3906579E-03  1.8004145E-03 -1.1719794E-02  0.0000000E+00
  2.0799350E+02  1.7621185E-02 -6.3605762E-03  1.8115422E-03 -1.2068761E-02  0.0000000E+00
  2.0799350E+02  1.2491750E-02 -8.0095149E-03  1.8622611E-03 -1.2412935E-02  0.0000000E+00
  2.0799350E+02  7.7632810E-03 -9.1043298E-03  1.5985381E-03 -1.2732253E-02  0.0000000E+00
  2.0799350E+02  3.3531563E-03 -9.2677091E-03  7.6285049E-04 -1.3007319E-02  0.0000000E+00
  2.0799350E+02 -5.3629656E-04 -8.5545338E-03 -1.8504413E-04 -1.3226763E-02  0.0000000E+00
  2.0799350E+02 -3.8218635E-03 -7.5999445E-03 -1.2929108E-03 -1.3384777E-02  0.0000000E+00
  2.0799350E+02 -6.4622689E-03 -6.5640323E-03 -1.7313342E-03 -1.3486545E-02  0.0000000E+00
  2.0799350E+02 -8.3119953E-03 -5.6649289E-03 -1.5285578E-03 -1.3534298E-02  0.0000000E+00
  2.0799350E+02 -9.2127398E-03 -4.8523498E-03 -1.2680445E-03 -1.3533384E-02  0.0000000E+00
  2.0799350E+02 -9.2637051E-03 -4.1199263E-03 -1.1857894E-03 -1.3492321E-02  0.0000000E+00
  2.0799350E+02 -8.7747986E-03 -3.5000788E-03 -1.3101392E-03 -1.3418591E-02  0.0000000E+00
  2.0799350E+02 -8.1332450E-03 -3.0298356E-03 -1.5713707E-03 -1.3317028E-02  0.0000000E+00
  2.0799350E+02 -7.6406061E-03 -2.7073946E-03 -1.8799124E-03 -1.3190004E-02  0.0000000E+00
  2.0799350E+02 -7.3772004E-03 -2.4592258E-03 -2.1720950E-03 -1.3038605E-02  0.0000000E+00
  2.0799350E+02 -7.1509140E-03 -2.1375136E-03 -2.4223136E-03 -1.2864034E-02  0.0000000E+00
  2.0799350E+02 -6.5873980E-03 -1.5677353E-03 -2.6204895E-03 -1.2668422E-02  0.0000000E+00
  2.0799350E+02 -5.4186428E-03 -6.6617494E-04 -2.7137131E-03 -1.2454268E-02  0.0000000E+00
  2.0799350E+02 -4.0269236E-03  3.5282988E-04 -2.5109550E-03 -1.2221723E-02  0.0000000E+00
  2.0799350E+02 -3.2667478E-03  9.5156546E-04 -2.5608316E-03 -1.1976342E-02  0.0000000E+00
  2.0799350E+02 -2.6127681E-03  1.4677317E-03 -2.4179571E-03 -1.1722082E-02  0.0000000E+00
  2.0799350E+02 -2.0226218E-03  1.7868698E-03 -1.8147856E-03 -1.1456382E-02  0.0000000E+00
  2.0799350E+02 -1.3923629E-03  1.8803569E-03 -1.2124898E-03 -1.1185161E-02  0.0000000E+00
  2.0799350E+02 -8.0054901E-04  1.8173681E-03 -7.6145160E-04 -1.0912368E-02  0.0000000E+00
  2.0799350E+02 -3.7255413E-04  1.6880900E-03 -4.6627584E-04 -1.0640430E-02  0.0000000E+00
  2.0799350E+02 -1.9501723E-04  1.5590732E-03 -2.8615731E-04 -1.0370622E-02  0.0000000E+00
  2.0799350E+02 -2.7329796E-04  1.4547914E-03 -1.8472940E-04 -1.0103379E-02  0.0000000E+00
  2.0799350E+02 -5.2481159E-04  1.3594766E-03 -1.4352554E-04 -9.8385816E-03  0.0000000E+00
  2.0799350E+02 -8.0111493E-04  1.2332987E-03 -1.5318302E-04 -9.5758091E-03  0.0000000E+00
  2.0799350E+02 -9.3161517E-04  1.0369580E-03 -1.9651959E-04 -9.3145946E-03  0.0000000E+00
  2.0799350E+02 -7.8177337E-04  7.5875939E-04 -2.3761278E-04 -9.0546932E-03  0.0000000E+00
  2.0799350E+02 -3.1867451E-04  4.3823631E-04 -2.3101217E-04 -8.7963796E-03  0.0000000E+00
  2.0799350E+02  3.2316402E-04  1.8039423E-04 -1.6521469E-04 -8.5407945E-03  0.0000000E+00
  2.0799350E+02  7.8287377E-04  1.5464084E-04 -1.5453293E-04 -8.2903543E-03  0.0000000E+00
  2.0799350E+02  8.1748637E-04  3.0965424E-04  9.8954287E-05 -8.0437700E-03  0.0000000E+00
  2.0799350E+02  1.1400806E-03  2.7212721E-04  5.0360342E-04 -7.8014122E-03  0.0000000E+00
  2.0799350E+02  1.4593653E-03  2.2974987E-04  6.2674535E-04 -7.5642935E-03  0.0000000E+00
  2.0799350E+02  1.5957594E-03  2.3341668E-04  5.7694304E-04 -7.3297741E-03  0.0000000E+00
  2.0799350E+02  1.5057267E-03  2.8317817E-04  4.3955456E-04 -7.0962318E-03  0.0000000E+00
  2.0799350E+02  1.2265400E-03  3.5697390E-04  2.7380246E-04 -6.8629400E-03  0.0000000E+00
  2.0799350E+02  8.3325739E-04  4.2904030E-04  1.1521209E-04 -6.6299404E-03  0.0000000E+00
  2.0799350E+02  4.0714160E-04  4.7993228E-04 -1.8454883E-05 -6.3979047E-03  0.0000000E+00
  2.0799350E+02  1.4750034E-05  5.0009696E-04 -1.1964534E-04 -6.1679819E-03  0.0000000E+00
  2.0799350E+02 -3.0307508E-04  4.8893844E-04 -1.8371173E-04 -5.9416237E-03  0.0000000E+00
  2.0799350E+02 -5.3308735E-04  4.5131190E-04 -2.0373486E-04 -5.7203864E-03  0.0000000E+00
  2.0799350E+02 -6.8335534E-04  3.9327288E-04 -1.6923499E-04 -5.5053417E-03  0.0000000E+00
  2.0799350E+02 -7.6830952E-04  3.1967478E-04 -7.1201263E-05 -5.2982647E-03  0.0000000E+00
  2.0799350E+02 -7.8932363E-04  2.3398361E-04  8.5770399E-05 -5.0991324E-03  0.0000000E+00
  2.0799350E+02 -7.0664908E-04  1.4425872E-04  2.6127700E-04 -4.9072515E-03  0.0000000E+00
  2.0799350E+02 -4.0752626E-04  7.5804532E-05  3.4553942E-04 -4.7204885E-03  0.0000000E+00
  2.0799350E+02 -1.7237371E-05  5.5741119E-05  2.4991777E-04 -4.5377414E-03  0.0000000E+00
  2.0799350E+02  6.8824634E-05  8.6117449E-05  2.2761620E-04 -4.3621889E-03  0.0000000E+00
  2.0799350E+02  4.6037224E-04  2.2915393E-04  1.0005736E-04 -4.1883444E-03  0.0000000E+00
  2.0799350E+02  8.9733103E-04  4.3083819E-04 -5.2196621E-05 -4.0170930E-03  0.0000000E+00
  2.0799350E+02  1.2449893E-03  6.4296260E-04 -1.6472919E-04 -3.8486424E-03  0.0000000E+00
  2.0799350E+02  1.4541392E-03  8.3144872E-04 -2.0278410E-04 -3.6828160E-03  0.0000000E+00
  2.0799350E+02  1.5287612E-03  9.7877214E-04 -1.6350188E-04 -3.5192525E-03  0.0000000E+00
  2.0799350E+02  1.5007349E-03  1.0819824E-03 -6.9827845E-05 -3.3575318E-03  0.0000000E+00
  2.0799350E+02  1.4110576E-03  1.1478125E-03  4.0958225E-05 -3.1972457E-03  0.0000000E+00
  2.0799350E+02  1.2970516E-03  1.1863722E-03  1.3114112E-04 -3.0380339E-03  0.0000000E+00
  2.0799350E+02  1.1850432E-03  1.2049205E-03  1.7594787E-04 -2.8796020E-03  0.0000000E+00
  2.0799350E+02  1.0879950E-03  1.2032104E-03  1.7345423E-04 -2.7217431E-03  0.0000000E+00
  2.0799350E+02  1.0075724E-03  1.1719019E-03  1.4807009E-04 -2.5643804E-03  0.0000000E+00
  2.0799350E+02  9.4012699E-04  1.0955369E-03  1.4465390E-04 -2.4076508E-03  0.0000000E+00
  2.0799350E+02  8.8607890E-04  9.6157074E-04  2.1030623E-04 -2.2520482E-03  0.0000000E+00
  2.0799350E+02  8.6217864E-04  7.7695486E-04  3.6089258E-04 -2.0986459E-03  0.0000000E+00
  2.0799350E+02  9.1613154E-04  5.9376524E-04  5.2934553E-04 -1.9494163E-03  0.0000000E+00
  2.0799350E+02  1.0746298E-03  4.6253684E-04  6.0440299E-04 -1.8058295E-03  0.0000000E+00
  2.0799350E+02  1.1962486E-03  3.7118533E-04  6.3547178E-04 -1.6683121E-03  0.0000000E+00
  2.0799350E+02  1.3539787E-03  3.7778651E-04  6.0879109E-04 -1.5371555E-03  0.0000000E+00
  2.0799350E+02  1.5494856E-03  4.3653399E-04  5.7667037E-04 -1.4104626E-03  0.0000000E+00
  2.0799350E+02  1.7555736E-03  5.1586601E-04  5.4685367E-04 -1.2873852E-03  0.0000000E+00
  2.0799350E+02  1.9356725E-03  5.9499791E-04  5.0951775E-04 -1.1677776E-03  0.0000000E+00
  2.0799350E+02  2.0572282E-03  6.6138594E-04  4.5431336E-04 -1.0519052E-03  0.0000000E+00
  2.0799350E+02  2.0998105E-03  7.0889527E-04  3.7919414E-04 -9.4020503E-04  0.0000000E+00
  2.0799350E+02  2.0587570E-03  7.3644528E-04  2.9277826E-04 -8.3309960E-04  0.0000000E+00
  2.0799350E+02  1.9451686E-03  7.4690495E-04  2.1198730E-04 -7.3086073E-04  0.0000000E+00
  2.0799350E+02  1.7830715E-03  7.4601132E-04  1.5670727E-04 -6.3352377E-04  0.0000000E+00
  2.0799350E+02  1.6045644E-03  7.4108400E-04  1.4321646E-04 -5.4085048E-04  0.0000000E+00
  2.0799350E+02  1.4437651E-03  7.3930861E-04  1.7812498E-04 -4.5233978E-04  0.0000000E+00
  2.0799350E+02  5.5327546E-06  2.5880261E-06  1.1287212E-06 -9.9522719E-04  0.0000000E+00
  2.0799350E+02  9.8315887E-04 -6.6305726E-04  1.1276228E-03 -1.0947418E-03  0.0000000E+00
  2.0799350E+02  1.1028708E-03 -1.0842391E-03  1.3315028E-03 -1.6092841E-03  0.0000000E+00
  2.0799350E+02  4.8215004E-03  1.5941249E-03  1.3272670E-03 -2.5291327E-03  0.0000000E+00
  2.0799350E+02  1.0785551E-02  4.6795676E-03  2.8927354E-03 -3.6061228E-03  0.0000000E+00
  2.0799350E+02  1.7879145E-02  4.9702314E-03  4.7243318E-03 -4.6377050E-03  0.0000000E+00
  2.0799350E+02  2.4657058E-02  2.7573465E-03  3.6504833E-03 -5.5177603E-03  0.0000000E+00
  2.0799350E+02  2.6087993E-02 -5.7922075E-04 -5.5847138E-05 -6.1929936E-03  0.0000000E+00
  2.0799350E+02  2.0308383E-02 -4.8096301E-03 -3.1157852E-03 -6.6228199E-03  0.0000000E+00
  2.0799350E+02  9.7449795E-03 -9.1188598E-03 -5.5937738E-03 -6.7888258E-03  0.0000000E+00
  2.0799350E+02 -4.4815677E-03 -1.1825846E-02 -7.4376810E-03 -6.6986078E-03  0.0000000E+00
  2.0799350E+02 -2.4162664E-02 -1.2012669E-02 -7.2841868E-03 -6.3821244E-03  0.0000000E+00
  2.0799350E+02 -4.8124450E-02 -1.0295110E-02 -5.0251421E-03 -5.8860632E-03  0.0000000E+00
  2.0799350E+02 -7.0181523E-02 -7.4840726E-03 -2.4967054E-03 -5.2663279E-03  0.0000000E+00
  2.0799350E+02 -8.2111247E-02 -4.1086518E-03 -1.5458900E-03 -4.5770753E-03  0.0000000E+00
  2.0799350E+02 -7.8907980E-02 -1.6665195E-03 -8.5443672E-04 -3.8557908E-03  0.0000000E+00
  2.0799350E+02 -6.1077737E-02 -6.7778886E-04 -3.6014735E-04 -3.1381661E-03  0.0000000E+00
  2.0799350E+02 -3.7638626E-02 -3.0444322E-04  1.2318030E-03 -2.4387390E-03  0.0000000E+00
  2.0799350E+02 -1.5728181E-02  9.7127168E-04  2.6737247E-03 -1.7893467E-03  0.0000000E+00
  2.0799350E+02  9.3131494E-04  2.9679728E-03  2.9117099E-03 -1.2224378E-03  0.0000000E+00
  2.0799350E+02  1.3029253E-02  4.5390239E-03  1.9477849E-03 -7.5807471E-04  0.0000000E+00
  2.0799350E+02  2.3435759E-02  4.5494969E-03  7.2168065E-04 -3.9969610E-04  0.0000000E+00
  2.0799350E+02  3.3686298E-02  2.6882639E-03  4.4307996E-04 -1.4433094E-04  0.0000000E+00
  2.0799350E+02  4.1780862E-02 -1.8828034E-04  1.7302677E-03  1.4307550E-05  0.0000000E+00
  2.0799350E+02  4.3223365E-02 -2.5979495E-03  3.9760568E-03  8.3828123E-05  0.0000000E+00
  2.0799350E+02  3.7667508E-02 -4.2026036E-03  5.3307339E-03  8.3392363E-05  0.0000000E+00
  2.0799350E+02  3.1013271E-02 -5.4372397E-03  6.2005897E-03  3.4811686E-05  0.0000000E+00
  2.0799350E+02  2.2068738E-02 -6.1397182E-03  5.7622197E-03 -4.1141448E-05  0.0000000E+00
  2.0799350E+02  1.4660429E-02 -6.9285850E-03  4.4273643E-03 -1.3088182E-04  0.0000000E+00
  2.0799350E+02  9.1355750E-03 -7.5011920E-03  3.1602510E-03 -2.2471478E-04  0.0000000E+00
  2.0799350E+02  5.0233393E-03 -7.6667069E-03  2.2503924E-03 -3.1108129E-04  0.0000000E+00
  2.0799350E+02  1.7756826E-03 -7.3715746E-03  1.6328787E-03 -3.8187705E-04  0.0000000E+00
  2.0799350E+02 -8.7121676E-04 -6.6874964E-03  1.1258009E-03 -4.3332169E-04  0.0000000E+00
  2.0799350E+02 -2.9146530E-03 -5.7776833E-03  5.6864789E-04 -4.6618212E-04  0.0000000E+00
  2.0799350E+02 -4.2451136E-03 -4.8447278E-03 -1.0103826E-04 -4.8395266E-04  0.0000000E+00
  2.0799350E+02 -4.8587994E-03 -4.0743886E-03 -8.2880854E-04 -4.9076419E-04  0.0000000E+00
  2.0799350E+02 -4.9857093E-03 -3.5775871E-03 -1.4746257E-03 -4.8976809E-04  0.0000000E+00
  2.0799350E+02 -4.9893930E-03 -3.3591638E-03 -1.8621027E-03 -4.8273520E-04  0.0000000E+00
  2.0799350E+02 -4.9241271E-03 -3.2966774E-03 -1.8578572E-03 -4.7193449E-04  0.0000000E+00
  2.0799350E+02 -4.2720799E-03 -2.9253540E-03 -2.1191565E-03 -4.5687014E-04  0.0000000E+00
  2.0799350E+02 -3.2459154E-03 -2.4999387E-03 -2.4510194E-03 -4.3629515E-04  0.0000000E+00
  2.0799350E+02 -2.4396736E-03 -2.0648083E-03 -2.3821377E-03 -4.1058650E-04  0.0000000E+00
  2.0799350E+02 -2.1097866E-03 -1.4646744E-03 -2.2040833E-03 -3.7648396E-04  0.0000000E+00
  2.0799350E+02 -2.1197518E-03 -7.1802704E-04 -2.1022430E-03 -3.3337572E-04  0.0000000E+00
  2.0799350E+02 -2.2244138E-03  6.4018955E-05 -2.1325227E-03 -2.8283956E-04  0.0000000E+00
  2.0799350E+02 -2.2326148E-03  7.4596523E-04 -2.2422219E-03 -2.2798166E-04  0.0000000E+00
  2.0799350E+02 -2.0741089E-03  1.2257521E-03 -2.3196023E-03 -1.7217042E-04  0.0000000E+00
  2.0799350E+02 -1.7960266E-03  1.4624320E-03 -2.2529655E-03 -1.1868981E-04  0.0000000E+00
  2.0799350E+02 -1.5145498E-03  1.4943194E-03 -1.9881566E-03 -6.9580720E-05  0.0000000E+00
  2.0799350E+02 -1.3452780E-03  1.4263557E-03 -1.5656557E-03 -2.5172375E-05  0.0000000E+00
  2.0799350E+02 -1.3378567E-03  1.3911898E-03 -1.1232601E-03  1.6046019E-05  0.0000000E+00
  2.0799350E+02 -1.4402133E-03  1.4797551E-03 -8.4419314E-04  5.7402776E-05  0.0000000E+00
  2.0799350E+02 -1.5163737E-03  1.6392936E-03 -8.4671904E-04  1.0274051E-04  0.0000000E+00
  2.0799350E+02 -1.4429134E-03  1.5338337E-03 -9.8324530E-04  1.5505644E-04  0.0000000E+00
  2.0799350E+02 -1.0039221E-03  1.1381165E-03 -9.9245373E-04  2.1080015E-04  0.0000000E+00
  2.0799350E+02 -6.4752293E-04  9.2397504E-04 -9.0283360E-04  2.6484638E-04  0.0000000E+00
  2.0799350E+02 -1.7184622E-04  6.6100290E-04 -7.3466535E-04  3.1700446E-04  0.0000000E+00
  2.0799350E+02  5.8032115E-04  4.4767942E-04 -5.7931710E-04  3.6618345E-04  0.0000000E+00
  2.0799350E+02  1.4673292E-03  3.3514521E-04 -4.3550074E-04  4.1243664E-04  0.0000000E+00
  2.0799350E+02  2.2577487E-03  3.3398363E-04 -2.7885635E-04  4.5630138E-04  0.0000000E+00
  2.0799350E+02  2.7582864E-03  4.2426211E-04 -9.9622354E-05  4.9835221E-04  0.0000000E+00
  2.0799350E+02  2.8786827E-03  5.6862896E-04  8.6424730E-05  5.3925699E-04  0.0000000E+00
  2.0799350E+02  2.6374924E-03  7.2406041E-04  2.4195386E-04  5.7925769E-04  0.0000000E+00
  2.0799350E+02  2.1412520E-03  8.5393340E-04  3.2598817E-04  6.1843838E-04  0.0000000E+00
  2.0799350E+02  1.5375330E-03  9.3667849E-04  3.1420159E-04  6.5669061E-04  0.0000000E+00
  2.0799350E+02  9.6425988E-04  9.7002918E-04  2.1642179E-04  6.9370544E-04  0.0000000E+00
  2.0799350E+02  5.0385868E-04  9.6931350E-04  8.2671578E-05  7.2925130E-04  0.0000000E+00
  2.0799350E+02  1.7163100E-04  9.5761206E-04 -6.3143066E-06  7.6278121E-04  0.0000000E+00
  2.0799350E+02 -6.6271923E-05  9.4712965E-04  2.5153514E-05  7.9357035E-04  0.0000000E+00
  2.0799350E+02 -2.1491354E-04  9.0917583E-04  1.8089704E-04  8.2041632E-04  0.0000000E+00
  2.0799350E+02 -1.4408138E-04  8.0252016E-04  2.4395293E-04  8.4301544E-04  0.0000000E+00
  2.0799350E+02  9.9242029E-05  6.6947460E-04  2.1595902E-04  8.6496533E-04  0.0000000E+00
  2.0799350E+02  2.3271705E-04  4.7404862E-04  2.9901657E-04  8.8428275E-04  0.0000000E+00
  2.0799350E+02  1.8108495E-04  3.1649071E-04  4.0048434E-04  9.0223225E-04  0.0000000E+00
  2.0799350E+02  4.4005880E-05  2.3743031E-04  4.5238384E-04  9.1948770E-04  0.0000000E+00
  2.0799350E+02 -4.0026883E-05  2.4086531E-04  4.2239934E-04  9.3642965E-04  0.0000000E+00
  2.0799350E+02  2.6009626E-05  3.1149001E-04  3.1363330E-04  9.5347248E-04  0.0000000E+00
  2.0799350E+02  2.6446262E-04  4.2661536E-04  1.5717038E-04  9.7101643E-04  0.0000000E+00
  2.0799350E+02  6.2267624E-04  5.6368789E-04 -7.2812346E-07  9.8960332E-04  0.0000000E+00
  2.0799350E+02  9.9807821E-04  7.0433376E-04 -1.1358110E-04  1.0098697E-03  0.0000000E+00
  2.0799350E+02  1.2763542E-03  8.3525641E-04 -1.4893184E-04  1.0324431E-03  0.0000000E+00
  2.0799350E+02  1.3745908E-03  9.4807083E-04 -9.9085590E-05  1.0580046E-03  0.0000000E+00
  2.0799350E+02  1.2720678E-03  1.0355852E-03  1.5035916E-05  1.0869598E-03  0.0000000E+00
  2.0799350E+02  1.0280150E-03  1.0897072E-03  1.4854039E-04  1.1194838E-03  0.0000000E+00
  2.0799350E+02  7.6760801E-04  1.0983535E-03  2.4991079E-04  1.1554057E-03  0.0000000E+00
  2.0799350E+02  6.2900070E-04  1.0436423E-03  2.9321152E-04  1.1940994E-03  0.0000000E+00
  2.0799350E+02  6.5948565E-04  9.0112516E-04  3.2826671E-04  1.2347564E-03  0.0000000E+00
  2.0799350E+02  7.1617865E-04  7.3732213E-04  4.5466711E-04  1.2764835E-03  0.0000000E+00
  2.0799350E+02  7.1118347E-04  6.2569924E-04  5.8648664E-04  1.3182771E-03  0.0000000E+00
  2.0799350E+02  7.1844036E-04  4.9851041E-04  6.9450700E-04  1.3577616E-03  0.0000000E+00
  2.0799350E+02  7.9840432E-04  4.0846087E-04  7.3373437E-04  1.3940834E-03  0.0000000E+00
  2.0799350E+02  9.4794824E-04  3.7012782E-04  7.1146781E-04  1.4273357E-03  0.0000000E+00
  2.0799350E+02  1.1368179E-03  3.7717771E-04  6.5372223E-04  1.4577906E-03  0.0000000E+00
  2.0799350E+02  1.3316560E-03  4.1355811E-04  5.8549191E-04  1.4858683E-03  0.0000000E+00
  2.0799350E+02  1.5084415E-03  4.6181276E-04  5.2105261E-04  1.5119026E-03  0.0000000E+00
  2.0799350E+02  1.6561300E-03  5.0794068E-04  4.6250653E-04  1.5360227E-03  0.0000000E+00
  2.0799350E+02  1.7753103E-03  5.4402259E-04  4.0333143E-04  1.5583039E-03  0.0000000E+00
  2.0799350E+02  1.8708399E-03  5.6806068E-04  3.3579065E-04  1.5785755E-03  0.0000000E+00
  2.0799350E+02  1.9458764E-03  5.8322272E-04  2.5776907E-04  1.5966720E-03  0.0000000E+00
  2.0799350E+02  1.9959856E-03  5.9585329E-04  1.7794123E-04  1.6124989E-03  0.0000000E+00
  2.0799350E+02  1.0649384E-05  1.2823198E-06  1.9363393E-05  2.2010689E-02  0.0000000E+00
  2.0799350E+02  4.8215185E-03  7.0099705E-04  1.1806554E-03  2.1836769E-02  0.0000000E+00
  2.0799350E+02  1.3204829E-02  5.7076507E-03 -5.0731876E-03  2.0663853E-02  0.0000000E+00
  2.0799350E+02  2.5309954E-02  1.0873156E-02 -5.5789961E-03  1.8657536E-02  0.0000000E+00
  2.0799350E+02  2.7195635E-02  1.3433740E-02 -8.5034574E-04  1.6431023E-02  0.0000000E+00
  2.0799350E+02  2.4390803E-02  1.2198888E-02  4.2259632E-03  1.4401242E-02  0.0000000E+00
  2.0799350E+02  2.2734702E-02  7.3513619E-03  7.4972256E-03  1.2740678E-02  0.0000000E+00
  2.0799350E+02  1.9547607E-02  1.1977078E-04  4.9184388E-03  1.1466940E-02  0.0000000E+00
  2.0799350E+02  1.0921635E-02 -6.6825670E-03 -8.2562484E-04  1.0559081E-02  0.0000000E+00
  2.0799350E+02 -2.0905426E-03 -1.1077482E-02 -5.7693540E-03  9.9794964E-03  0.0000000E+00
  2.0799350E+02 -1.8212538E-02 -1.2897084E-02 -8.1357120E-03  9.7034532E-03  0.0000000E+00
  2.0799350E+02 -3.2949358E-02 -1.2113912E-02 -7.9130735E-03  9.7123764E-03  0.0000000E+00
  2.0799350E+02 -4.4527836E-02 -9.3578477E-03 -6.4540720E-03  9.9787058E-03  0.0000000E+00
  2.0799350E+02 -5.6175205E-02 -5.5186678E-03 -4.9053740E-03  1.0466047E-02  0.0000000E+00
  2.0799350E+02 -6.8217958E-02 -1.3101357E-03 -3.4538082E-03  1.1131888E-02  0.0000000E+00
  2.0799350E+02 -6.6931089E-02  1.1906396E-03 -4.2918608E-03  1.1931641E-02  0.0000000E+00
  2.0799350E+02 -5.5130235E-02  4.9140058E-04 -3.1348599E-03  1.2817379E-02  0.0000000E+00
  2.0799350E+02 -3.8068443E-02 -1.4698941E-04 -1.0545380E-03  1.3732878E-02  0.0000000E+00
  2.0799350E+02 -2.1578833E-02  5.6147811E-04  3.0070910E-04  1.4627067E-02  0.0000000E+00
  2.0799350E+02 -6.6163520E-03  2.8502458E-03  1.4355119E-03  1.5453131E-02  0.0000000E+00
  2.0799350E+02  6.7470601E-03  6.0228749E-03  2.7713193E-03  1.6174756E-02  0.0000000E+00
  2.0799350E+02  1.7854441E-02  8.9310940E-03  4.1898694E-03  1.6767892E-02  0.0000000E+00
  2.0799350E+02  2.5584492E-02  1.0566868E-02  5.4805210E-03  1.7219703E-02  0.0000000E+00
  2.0799350E+02  2.9121800E-02  1.0527157E-02  6.8158368E-03  1.7526265E-02  0.0000000E+00
  2.0799350E+02  2.8437403E-02  9.1100460E-03  8.3798087E-03  1.7690554E-02  0.0000000E+00
  2.0799350E+02  2.3528163E-02  6.7963035E-03  8.2682730E-03  1.7722208E-02  0.0000000E+00
  2.0799350E+02  1.9465333E-02  4.2241672E-03  5.6558154E-03  1.7638483E-02  0.0000000E+00
  2.0799350E+02  2.0932009E-02  2.3455192E-03  5.7685421E-03  1.7462783E-02  0.0000000E+00
  2.0799350E+02  2.2345533E-02  7.5441071E-04  5.9713255E-03  1.7213359E-02  0.0000000E+00
  2.0799350E+02  2.2101112E-02 -6.7133716E-04  5.6725377E-03  1.6910376E-02  0.0000000E+00
  2.0799350E+02  2.0158389E-02 -1.9592463E-03  4.9114717E-03  1.6572402E-02  0.0000000E+00
  2.0799350E+02  1.7217272E-02 -3.0701011E-03  3.9164135E-03  1.6213603E-02  0.0000000E+00
  2.0799350E+02  1.4101268E-02 -3.9295827E-03  2.8795593E-03  1.5843277E-02  0.0000000E+00
  2.0799350E+02  1.1354278E-02 -4.4605833E-03  1.8902651E-03  1.5466935E-02  0.0000000E+00
  2.0799350E+02  9.0567569E-03 -4.6131624E-03  9.6811826E-04  1.5088143E-02  0.0000000E+00
  2.0799350E+02  6.8671976E-03 -4.3891103E-03  1.3731943E-04  1.4710339E-02  0.0000000E+00
  2.0799350E+02  4.2948533E-03 -3.8580814E-03 -5.1613540E-04  1.4337846E-02  0.0000000E+00
  2.0799350E+02  1.2096424E-03 -3.1622618E-03 -8.6298489E-04  1.3975283E-02  0.0000000E+00
  2.0799350E+02 -1.4048352E-03 -2.5065346E-03 -8.8345492E-04  1.3624594E-02  0.0000000E+00
  2.0799350E+02 -1.9992504E-03 -2.1529912E-03 -5.4497065E-04  1.3280405E-02  0.0000000E+00
  2.0799350E+02 -3.3938253E-03 -2.2922985E-03 -2.1912020E-04  1.2938821E-02  0.0000000E+00
  2.0799350E+02 -4.3849171E-03 -2.3765312E-03 -1.8903547E-04  1.2600811E-02  0.0000000E+00
  2.0799350E+02 -4.4015538E-03 -2.1855455E-03 -3.0965540E-04  1.2268220E-02  0.0000000E+00
  2.0799350E+02 -3.6147492E-03 -1.7589126E-03 -4.9331840E-04  1.1944467E-02  0.0000000E+00
  2.0799350E+02 -2.4881115E-03 -1.2156723E-03 -7.0913565E-04  1.1630430E-02  0.0000000E+00
  2.0799350E+02 -1.4843752E-03 -6.5903535E-04 -9.6194726E-04  1.1326405E-02  0.0000000E+00
  2.0799350E+02 -9.0538375E-04 -1.4239019E-04 -1.2631611E-03  1.1031740E-02  0.0000000E+00
  2.0799350E+02 -8.3543980E-04  3.2247824E-04 -1.6016796E-03  1.0745289E-02  0.0000000E+00
  2.0799350E+02 -1.1625209E-03  7.3495292E-04 -1.9242228E-03  1.0465976E-02  0.0000000E+00
  2.0799350E+02 -1.6509974E-03  1.0728529E-03 -2.1342501E-03  1.0193312E-02  0.0000000E+00
  2.0799350E+02 -2.0394938E-03  1.2773257E-03 -2.1186822E-03  9.9277052E-03  0.0000000E+00
  2.0799350E+02 -2.1375298E-03  1.2752833E-03 -1.8116252E-03  9.6704060E-03  0.0000000E+00
  2.0799350E+02 -1.8945831E-03  1.0593040E-03 -1.3042980E-03  9.4229244E-03  0.0000000E+00
  2.0799350E+02 -1.4152112E-03  8.4491800E-04 -1.0103658E-03  9.1857691E-03  0.0000000E+00
  2.0799350E+02 -9.3867504E-04  1.1046140E-03 -1.0824579E-03  8.9583364E-03  0.0000000E+00
  2.0799350E+02 -5.4435556E-04  1.2301098E-03 -1.2803234E-03  8.7436762E-03  0.0000000E+00
  2.0799350E+02 -3.4770700E-04  1.2014978E-03 -1.5198421E-03  8.5402240E-03  0.0000000E+00
  2.0799350E+02 -2.8906646E-04  1.1019370E-03 -1.5507715E-03  8.3454775E-03  0.0000000E+00
  2.0799350E+02 -2.0740186E-04  9.6031269E-04 -1.3529994E-03  8.1567170E-03  0.0000000E+00
  2.0799350E+02  3.1743712E-05  7.9054756E-04 -1.0084767E-03  7.9727036E-03  0.0000000E+00
  2.0799350E+02  4.7484823E-04  6.0935878E-04 -6.1675308E-04  7.7919992E-03  0.0000000E+00
  2.0799350E+02  1.0693359E-03  4.4190795E-04 -2.5237522E-04  7.6141789E-03  0.0000000E+00
  2.0799350E+02  1.6890011E-03  3.1667293E-04  4.9331643E-05  7.4393273E-03  0.0000000E+00
  2.0799350E+02  2.1810107E-03  2.5556608E-04  2.8579222E-04  7.2677660E-03  0.0000000E+00
  2.0799350E+02  2.4199547E-03  2.6381618E-04  4.6917889E-04  7.0997630E-03  0.0000000E+00
  2.0799350E+02  2.3543423E-03  3.2433487E-04  6.0588587E-04  6.9352909E-03  0.0000000E+00
  2.0799350E+02  2.0309435E-03  4.0128822E-04  6.8248726E-04  6.7739007E-03  0.0000000E+00
  2.0799350E+02  1.5823748E-03  4.5759413E-04  6.6718622E-04  6.6147772E-03  0.0000000E+00
  2.0799350E+02  1.1633269E-03  4.9106616E-04  5.3576260E-04  6.4570431E-03  0.0000000E+00
  2.0799350E+02  8.2083459E-04  5.9392466E-04  3.3102639E-04  6.3003774E-03  0.0000000E+00
  2.0799350E+02  3.1600662E-04  8.4763540E-04  2.3867536E-04  6.1454114E-03  0.0000000E+00
  2.0799350E+02 -1.3554567E-05  9.2309953E-04  2.8389424E-04  5.9921155E-03  0.0000000E+00
  2.0799350E+02 -1.0537786E-04  1.0264692E-03  3.3114028E-04  5.8421575E-03  0.0000000E+00
  2.0799350E+02 -1.1463272E-04  1.0571482E-03  3.2924278E-04  5.6959074E-03  0.0000000E+00
  2.0799350E+02 -9.1951558E-05  9.9432303E-04  2.8997800E-04  5.5535577E-03  0.0000000E+00
  2.0799350E+02 -3.8307226E-05  8.6268026E-04  2.4271282E-04  5.4150400E-03  0.0000000E+00
  2.0799350E+02  5.8527285E-05  7.0732396E-04  2.0918720E-04  5.2810228E-03  0.0000000E+00
  2.0799350E+02  2.0407013E-04  5.7347917E-04  1.9307571E-04  5.1515883E-03  0.0000000E+00
  2.0799350E+02  3.8885486E-04  4.9494275E-04  1.8191350E-04  5.0271618E-03  0.0000000E+00
  2.0799350E+02  5.8959559E-04  4.8727913E-04  1.5590988E-04  4.9082583E-03  0.0000000E+00
  2.0799350E+02  7.7611029E-04  5.4619439E-04  1.0002013E-04  4.7954360E-03  0.0000000E+00
  2.0799350E+02  9.2078186E-04  6.5018161E-04  1.5053550E-05  4.6892316E-03  0.0000000E+00
  2.0799350E+02  1.0072775E-03  7.6670170E-04 -7.6324924E-05  4.5900834E-03  0.0000000E+00
  2.0799350E+02  1.0352464E-03  8.6116406E-04 -1.3284222E-04  4.4982495E-03  0.0000000E+00
  2.0799350E+02  1.0177152E-03  9.0797106E-04 -1.1125650E-04  4.4137267E-03  0.0000000E+00
  2.0799350E+02  9.6790352E-04  9.0289078E-04 -5.3111186E-07  4.3361774E-03  0.0000000E+00
  2.0799350E+02  8.7217634E-04  8.7602203E-04  1.2231429E-04  4.2648692E-03  0.0000000E+00
  2.0799350E+02  6.4881034E-04  8.2789787E-04  1.7468974E-04  4.1993047E-03  0.0000000E+00
  2.0799350E+02  5.5857475E-04  6.7838622E-04  4.1699088E-04  4.1388229E-03  0.0000000E+00
  2.0799350E+02  6.1295358E-04  5.4394536E-04  6.4335184E-04  4.0809866E-03  0.0000000E+00
  2.0799350E+02  6.9760639E-04  4.4511669E-04  7.9582919E-04  4.0246870E-03  0.0000000E+00
  2.0799350E+02  7.6016640E-04  3.8774898E-04  8.6607412E-04  3.9690826E-03  0.0000000E+00
  2.0799350E+02  7.9331015E-04  3.6843384E-04  8.6819745E-04  3.9138723E-03  0.0000000E+00
  2.0799350E+02  8.1823143E-04  3.7812200E-04  8.2255123E-04  3.8586699E-03  0.0000000E+00
  2.0799350E+02  8.6764369E-04  4.0584289E-04  7.4630249E-04  3.8033089E-03  0.0000000E+00
  2.0799350E+02  9.7126364E-04  4.4101702E-04  6.5083904E-04  3.7477034E-03  0.0000000E+00
  2.0799350E+02  1.1442099E-03  4.7513417E-04  5.4310854E-04  3.6918176E-03  0.0000000E+00
  2.0799350E+02  1.3796422E-03  5.0273591E-04  4.2912502E-04  3.6356507E-03  0.0000000E+00
  2.0799350E+02  1.6468394E-03  5.2176920E-04  3.1769551E-04  3.5792384E-03  0.0000000E+00
  2.0799350E+02  1.8959129E-03  5.3337838E-04  2.2241944E-04  3.5226710E-03  0.0000000E+00
  2.0799350E+02  9.5730103E-05 -6.0150544E-06  8.2225680E-05  6.8359326E-02  0.0000000E+00
  2.0799350E+02  1.4440234E-02  2.1417327E-03 -5.1946542E-03  6.8360055E-02  0.0000000E+00
  2.0799350E+02  4.1503825E-02  6.5930906E-03 -2.4296859E-02  6.6935747E-02  0.0000000E+00
  2.0799350E+02  4.3350929E-02  5.2393806E-03 -1.0670776E-02  6.4139371E-02  0.0000000E+00
  2.0799350E+02  3.5508563E-02 -9.4153501E-04  1.2647399E-02  6.0758944E-02  0.0000000E+00
  2.0799350E+02  2.5177598E-02 -7.6862910E-03  2.4634478E-02  5.7364607E-02  0.0000000E+00
  2.0799350E+02  1.4123811E-02 -1.5469485E-02  2.4675475E-02  5.4251269E-02  0.0000000E+00
  2.0799350E+02  2.8366550E-03 -2.1153545E-02  2.1083055E-02  5.1549900E-02  0.0000000E+00
  2.0799350E+02 -1.6476432E-02 -2.3496331E-02  1.6180351E-02  4.9298094E-02  0.0000000E+00
  2.0799350E+02 -2.8046714E-02 -1.8756601E-02  8.4109529E-03  4.7468080E-02  0.0000000E+00
  2.0799350E+02 -3.6003342E-02 -1.3165775E-02  2.5224760E-03  4.6030136E-02  0.0000000E+00
  2.0799350E+02 -4.4726584E-02 -1.1279433E-02 -1.8562685E-03  4.4921514E-02  0.0000000E+00
  2.0799350E+02 -5.1951471E-02 -1.1465612E-02 -8.4200266E-03  4.4061087E-02  0.0000000E+00
  2.0799350E+02 -5.8324081E-02 -9.5725253E-03 -1.6351216E-02  4.3395359E-02  0.0000000E+00
  2.0799350E+02 -6.9169337E-02 -4.3050346E-03 -2.0481680E-02  4.2909843E-02  0.0000000E+00
  2.0799350E+02 -7.2500379E-02  1.0402419E-03 -2.5558108E-02  4.2573351E-02  0.0000000E+00
  2.0799350E+02 -6.7274046E-02  6.8852992E-03 -2.3126054E-02  4.2343096E-02  0.0000000E+00
  2.0799350E+02 -5.1460449E-02  1.1181601E-02 -1.5491440E-02  4.2158354E-02  0.0000000E+00
  2.0799350E+02 -2.9794344E-02  1.2721571E-02 -7.7402561E-03  4.1944500E-02  0.0000000E+00
  2.0799350E+02 -8.5632129E-03  1.2621526E-02 -3.1659683E-03  4.1637377E-02  0.0000000E+00
  2.0799350E+02  8.9364696E-03  1.2277139E-02 -2.0378780E-03  4.1211309E-02  0.0000000E+00
  2.0799350E+02  2.2759567E-02  1.2349300E-02 -2.3468983E-03  4.0674067E-02  0.0000000E+00
  2.0799350E+02  3.4058702E-02  1.2579987E-02 -1.5838902E-03  4.0052938E-02  0.0000000E+00
  2.0799350E+02  4.2776798E-02  1.2216879E-02  1.4144743E-03  3.9370233E-02  0.0000000E+00
  2.0799350E+02  4.6811088E-02  1.0856947E-02  5.4675726E-03  3.8631043E-02  0.0000000E+00
  2.0799350E+02  4.4829997E-02  9.4993661E-03  7.8661908E-03  3.7833463E-02  0.0000000E+00
  2.0799350E+02  3.7508822E-02  7.6451124E-03  1.0080899E-02  3.6971176E-02  0.0000000E+00
  2.0799350E+02  2.9598606E-02  5.3500219E-03  1.1714112E-02  3.6061329E-02  0.0000000E+00
  2.0799350E+02  2.3861480E-02  3.7444468E-03  1.1835192E-02  3.5101787E-02  0.0000000E+00
  2.0799350E+02  2.0073745E-02  2.4661937E-03  1.0873886E-02  3.4096872E-02  0.0000000E+00
  2.0799350E+02  1.7697108E-02  1.2990784E-03  9.2001264E-03  3.3063239E-02  0.0000000E+00
  2.0799350E+02  1.6007562E-02  2.1434148E-04  7.1687831E-03  3.2014349E-02  0.0000000E+00
  2.0799350E+02  1.4335501E-02 -6.6354126E-04  5.1250058E-03  3.0966568E-02  0.0000000E+00
  2.0799350E+02  1.2269077E-02 -1.1652346E-03  3.3439910E-03  2.9931062E-02  0.0000000E+00
  2.0799350E+02  9.8068493E-03 -1.1898048E-03  1.9787342E-03  2.8916053E-02  0.0000000E+00
  2.0799350E+02  7.3621190E-03 -7.9517228E-04  1.0341072E-03  2.7929534E-02  0.0000000E+00
  2.0799350E+02  5.5256194E-03 -2.1810150E-04  3.9380365E-04  2.6973103E-02  0.0000000E+00
  2.0799350E+02  4.5753622E-03  2.0378824E-04 -4.6323628E-05  2.6050225E-02  0.0000000E+00
  2.0799350E+02  3.5722714E-03  2.6329355E-04 -1.3665244E-04  2.5154746E-02  0.0000000E+00
  2.0799350E+02  1.2115227E-03  3.6521351E-04  2.3509931E-04  2.4284076E-02  0.0000000E+00
  2.0799350E+02 -2.0364939E-04  2.2861864E-04  2.4177689E-04  2.3440511E-02  0.0000000E+00
  2.0799350E+02 -1.2220896E-03 -7.6601346E-05  1.6422385E-04  2.2618978E-02  0.0000000E+00
  2.0799350E+02 -1.9324218E-03 -3.0544570E-04  6.7200188E-05  2.1825738E-02  0.0000000E+00
  2.0799350E+02 -2.3984648E-03 -3.7865269E-04 -3.7320449E-05  2.1060416E-02  0.0000000E+00
  2.0799350E+02 -2.6694796E-03 -3.1197503E-04 -1.6792710E-04  2.0321129E-02  0.0000000E+00
  2.0799350E+02 -2.7840781E-03 -1.6430173E-04 -3.5065932E-04  1.9607684E-02  0.0000000E+00
  2.0799350E+02 -2.7698088E-03 -5.9454457E-07 -6.0030361E-04  1.8917589E-02  0.0000000E+00
  2.0799350E+02 -2.6403565E-03  1.2867272E-04 -9.0441010E-04  1.8253019E-02  0.0000000E+00
  2.0799350E+02 -2.3980808E-03  1.9951268E-04 -1.2190884E-03  1.7615316E-02  0.0000000E+00
  2.0799350E+02 -2.0427038E-03  2.1652529E-04 -1.4754997E-03  1.7005359E-02  0.0000000E+00
  2.0799350E+02 -1.5926401E-03  2.0898383E-04 -1.6016683E-03  1.6423908E-02  0.0000000E+00
  2.0799350E+02 -1.1178915E-03  2.2307459E-04 -1.5631640E-03  1.5867802E-02  0.0000000E+00
  2.0799350E+02 -8.0055911E-04  3.1323359E-04 -1.4231333E-03  1.5336799E-02  0.0000000E+00
  2.0799350E+02 -1.0116854E-03  5.3447279E-04 -1.4293762E-03  1.4832087E-02  0.0000000E+00
  2.0799350E+02 -9.5796654E-04  4.9242381E-04 -1.3565897E-03  1.4352358E-02  0.0000000E+00
  2.0799350E+02 -2.5948145E-05  3.6789687E-04 -1.3022841E-03  1.3896405E-02  0.0000000E+00
  2.0799350E+02  4.7518339E-04  3.7377671E-04 -1.4785053E-03  1.3462659E-02  0.0000000E+00
  2.0799350E+02  5.2445860E-04  3.8217963E-04 -1.6225858E-03  1.3047796E-02  0.0000000E+00
  2.0799350E+02  3.2605352E-04  3.5997793E-04 -1.6184122E-03  1.2649352E-02  0.0000000E+00
  2.0799350E+02  1.2076478E-04  3.1883361E-04 -1.4454534E-03  1.2265867E-02  0.0000000E+00
  2.0799350E+02  8.0066544E-05  2.8271684E-04 -1.1379960E-03  1.1897021E-02  0.0000000E+00
  2.0799350E+02  2.6478304E-04  2.6972938E-04 -7.5123362E-04  1.1540875E-02  0.0000000E+00
  2.0799350E+02  6.3196368E-04  2.8581783E-04 -3.4226324E-04  1.1197351E-02  0.0000000E+00
  2.0799350E+02  1.0716057E-03  3.2571440E-04  4.5089982E-05  1.0865652E-02  0.0000000E+00
  2.0799350E+02  1.4590396E-03  3.7887378E-04  3.8448962E-04  1.0544861E-02  0.0000000E+00
  2.0799350E+02  1.7048472E-03  4.3655525E-04  6.6305806E-04  1.0234489E-02  0.0000000E+00
  2.0799350E+02  1.7878236E-03  4.9738385E-04  8.7164816E-04  9.9324880E-03  0.0000000E+00
  2.0799350E+02  1.7489943E-03  5.6663515E-04  9.8306198E-04  9.6384419E-03  0.0000000E+00
  2.0799350E+02  1.6384581E-03  6.4786529E-04  9.2790623E-04  9.3515564E-03  0.0000000E+00
  2.0799350E+02  1.3913818E-03  7.2211234E-04  5.6120048E-04  9.0712353E-03  0.0000000E+00
  2.0799350E+02  9.0445163E-04  6.6568061E-04  7.4886400E-05  8.7982370E-03  0.0000000E+00
  2.0799350E+02  6.3449882E-04  6.2681270E-04  3.0470463E-04  8.5322327E-03  0.0000000E+00
  2.0799350E+02  2.8894133E-04  7.6071292E-04  3.2678351E-04  8.2734704E-03  0.0000000E+00
  2.0799350E+02  1.5373625E-05  9.2780421E-04  2.5549423E-04  8.0232445E-03  0.0000000E+00
  2.0799350E+02 -1.4296242E-04  1.0437899E-03  1.7561196E-04  7.7819537E-03  0.0000000E+00
  2.0799350E+02 -1.9462644E-04  1.0717670E-03  1.3384630E-04  7.5499816E-03  0.0000000E+00
  2.0799350E+02 -1.6583088E-04  1.0119312E-03  1.4022433E-04  7.3264952E-03  0.0000000E+00
  2.0799350E+02 -8.0662935E-05  8.8960641E-04  1.7731873E-04  7.1119489E-03  0.0000000E+00
  2.0799350E+02  4.6096268E-05  7.4348507E-04  2.1304999E-04  6.9065895E-03  0.0000000E+00
  2.0799350E+02  2.0836999E-04  6.1392857E-04  2.1558042E-04  6.7108250E-03  0.0000000E+00
  2.0799350E+02  4.0250513E-04  5.3301171E-04  1.6697796E-04  6.5254355E-03  0.0000000E+00
  2.0799350E+02  6.2080536E-04  5.1655907E-04  7.2241430E-05  6.3502274E-03  0.0000000E+00
  2.0799350E+02  8.4312072E-04  5.6097156E-04 -3.7633652E-05  6.1857511E-03  0.0000000E+00
  2.0799350E+02  1.0362756E-03  6.4300023E-04 -1.1302513E-04  6.0319272E-03  0.0000000E+00
  2.0799350E+02  1.1598573E-03  7.2583058E-04 -1.0535221E-04  5.8882865E-03  0.0000000E+00
  2.0799350E+02  1.1835257E-03  7.7139278E-04 -2.3890692E-06  5.7541809E-03  0.0000000E+00
  2.0799350E+02  1.1186297E-03  7.6032680E-04  1.1945336E-04  5.6279966E-03  0.0000000E+00
  2.0799350E+02  9.2046950E-04  7.3414936E-04  1.4936865E-04  5.5090180E-03  0.0000000E+00
  2.0799350E+02  7.3651893E-04  6.8637571E-04  3.3670667E-04  5.3965027E-03  0.0000000E+00
  2.0799350E+02  7.1826464E-04  5.9983910E-04  5.5305298E-04  5.2886419E-03  0.0000000E+00
  2.0799350E+02  7.4690185E-04  5.0963233E-04  7.3826317E-04  5.1846244E-03  0.0000000E+00
  2.0799350E+02  7.7304318E-04  4.3932136E-04  8.6704415E-04  5.0834484E-03  0.0000000E+00
  2.0799350E+02  7.9076549E-04  4.0072793E-04  9.3185449E-04  4.9847845E-03  0.0000000E+00
  2.0799350E+02  8.1694764E-04  3.9442243E-04  9.3481588E-04  4.8881770E-03  0.0000000E+00
  2.0799350E+02  8.7485315E-04  4.1269054E-04  8.8241393E-04  4.7931795E-03  0.0000000E+00
  2.0799350E+02  9.8197837E-04  4.4328688E-04  7.8399255E-04  4.6995177E-03  0.0000000E+00
  2.0799350E+02  1.1433061E-03  4.7379832E-04  6.5131336E-04  4.6065071E-03  0.0000000E+00
  2.0799350E+02  1.3469635E-03  4.9510322E-04  5.0062048E-04  4.5140479E-03  0.0000000E+00
  2.0799350E+02  1.5657240E-03  5.0437950E-04  3.5259665E-04  4.4220639E-03  0.0000000E+00
  2.0799350E+02  1.7618613E-03  5.0619012E-04  2.3130046E-04  4.3307149E-03  0.0000000E+00
  2.0799350E+02 -9.1422787E-05 -2.2663356E-06  1.0191728E-04  9.7479576E-02  0.0000000E+00
  2.0799350E+02  2.5247936E-02  2.0536610E-03 -3.4533444E-03  9.6853098E-02  0.0000000E+00
  2.0799350E+02  3.0059149E-02  6.5161480E-03 -4.6076535E-02  9.4669063E-02  0.0000000E+00
  2.0799350E+02  2.0270019E-02  6.6591576E-03 -4.0258743E-02  9.0850578E-02  0.0000000E+00
  2.0799350E+02  1.3169106E-02 -3.0616326E-03 -1.3884911E-02  8.6208513E-02  0.0000000E+00
  2.0799350E+02  2.5810394E-03 -1.7872057E-02  3.7272046E-03  8.1373860E-02  0.0000000E+00
  2.0799350E+02 -1.0909848E-02 -3.1287332E-02  1.0130346E-02  7.6715690E-02  0.0000000E+00
  2.0799350E+02 -2.6020633E-02 -3.9191400E-02  9.3522283E-03  7.2425727E-02  0.0000000E+00
  2.0799350E+02 -3.8931868E-02 -4.2381688E-02  5.7903558E-03  6.8583996E-02  0.0000000E+00
  2.0799350E+02 -4.7391595E-02 -4.1146470E-02  2.0395592E-03  6.5206080E-02  0.0000000E+00
  2.0799350E+02 -5.5369689E-02 -3.3663289E-02 -1.4429079E-03  6.2270605E-02  0.0000000E+00
  2.0799350E+02 -6.3188638E-02 -2.2590112E-02 -5.2843858E-03  5.9741814E-02  0.0000000E+00
  2.0799350E+02 -6.7480838E-02 -1.2597961E-02 -9.4094911E-03  5.7575096E-02  0.0000000E+00
  2.0799350E+02 -6.4987462E-02 -4.9188877E-03 -1.1813641E-02  5.5703407E-02  0.0000000E+00
  2.0799350E+02 -5.7596398E-02  3.5290432E-03 -1.0748446E-02  5.4041887E-02  0.0000000E+00
  2.0799350E+02 -5.2963602E-02  1.1312055E-02 -1.1322536E-02  5.2506805E-02  0.0000000E+00
  2.0799350E+02 -4.5880130E-02  1.7466155E-02 -1.0502008E-02  5.1052338E-02  0.0000000E+00
  2.0799350E+02 -3.7449248E-02  2.1874201E-02 -8.2581630E-03  4.9636605E-02  0.0000000E+00
  2.0799350E+02 -2.7732674E-02  2.3620049E-02 -5.8582221E-03  4.8233143E-02  0.0000000E+00
  2.0799350E+02 -1.6873790E-02  2.2430738E-02 -3.7016109E-03  4.6830085E-02  0.0000000E+00
  2.0799350E+02 -6.0154610E-03  1.9082053E-02 -2.0196646E-03  4.5424185E-02  0.0000000E+00
  2.0799350E+02  3.3161398E-03  1.5082255E-02 -9.6874931E-04  4.4017084E-02  0.0000000E+00
  2.0799350E+02  1.0382764E-02  1.1976022E-02 -4.2660439E-04  4.2613073E-02  0.0000000E+00
  2.0799350E+02  1.5981497E-02  1.0610634E-02  1.9828917E-04  4.1217618E-02  0.0000000E+00
  2.0799350E+02  2.1789428E-02  1.0706453E-02  1.8345110E-03  3.9835897E-02  0.0000000E+00
  2.0799350E+02  2.7332742E-02  1.1073848E-02  4.9891074E-03  3.8468314E-02  0.0000000E+00
  2.0799350E+02  2.9499813E-02  1.1307542E-02  5.5357693E-03  3.7120128E-02  0.0000000E+00
  2.0799350E+02  2.8942779E-02  1.0461416E-02  5.1022046E-03  3.5777349E-02  0.0000000E+00
  2.0799350E+02  2.6571452E-02  8.7717425E-03  5.0537407E-03  3.4445318E-02  0.0000000E+00
  2.0799350E+02  2.3896508E-02  6.8145855E-03  4.7571229E-03  3.3129604E-02  0.0000000E+00
  2.0799350E+02  2.1680536E-02  4.9496038E-03  3.9463845E-03  3.1834499E-02  0.0000000E+00
  2.0799350E+02  2.0034110E-02  3.3702857E-03  2.7568838E-03  3.0565096E-02  0.0000000E+00
  2.0799350E+02  1.8633850E-02  2.1557738E-03  1.5833853E-03  2.9327599E-02  0.0000000E+00
  2.0799350E+02  1.7000737E-02  1.3190047E-03  8.4832857E-04  2.8128475E-02  0.0000000E+00
  2.0799350E+02  1.4776933E-02  8.4588302E-04  7.6643119E-04  2.6973064E-02  0.0000000E+00
  2.0799350E+02  1.1939386E-02  7.2021374E-04  1.1917705E-03  2.5864275E-02  0.0000000E+00
  2.0799350E+02  8.8884719E-03  9.2911457E-04  1.6334893E-03  2.4801963E-02  0.0000000E+00
  2.0799350E+02  6.3499364E-03  1.4436295E-03  1.5262716E-03  2.3783610E-02  0.0000000E+00
  2.0799350E+02  5.0284024E-03  2.1692667E-03  8.4173198E-04  2.2806940E-02  0.0000000E+00
  2.0799350E+02  3.1760051E-03  2.4130613E-03  1.9499408E-04  2.1867679E-02  0.0000000E+00
  2.0799350E+02  7.4937300E-04  1.7779730E-03 -3.2836927E-04  2.0964317E-02  0.0000000E+00
  2.0799350E+02 -7.5628598E-04  1.0691504E-03 -6.1969633E-04  2.0097746E-02  0.0000000E+00
  2.0799350E+02 -1.6740458E-03  5.4427659E-04 -8.4229898E-04  1.9265766E-02  0.0000000E+00
  2.0799350E+02 -2.1969492E-03  2.6556415E-04 -1.0330094E-03  1.8467985E-02  0.0000000E+00
  2.0799350E+02 -2.4097818E-03  1.8598518E-04 -1.1905801E-03  1.7704637E-02  0.0000000E+00
  2.0799350E+02 -2.3380587E-03  2.1429787E-04 -1.3172330E-03  1.6975913E-02  0.0000000E+00
  2.0799350E+02 -2.0020770E-03  2.6063578E-04 -1.4266747E-03  1.6281684E-02  0.0000000E+00
  2.0799350E+02 -1.4638901E-03  2.6442725E-04 -1.5318939E-03  1.5621497E-02  0.0000000E+00
  2.0799350E+02 -8.5505920E-04  2.0641176E-04 -1.6260591E-03  1.4994720E-02  0.0000000E+00
  2.0799350E+02 -3.7303639E-04  1.0652035E-04 -1.6698326E-03  1.4400727E-02  0.0000000E+00
  2.0799350E+02 -2.3403485E-04  9.3870632E-06 -1.5984175E-03  1.3838986E-02  0.0000000E+00
  2.0799350E+02 -5.7024129E-04 -4.0741532E-05 -1.3616552E-03  1.3308947E-02  0.0000000E+00
  2.0799350E+02 -1.2592256E-03 -3.3931798E-05 -1.0104900E-03  1.2809595E-02  0.0000000E+00
  2.0799350E+02 -1.6734026E-03 -3.5556393E-05 -8.4311739E-04  1.2338559E-02  0.0000000E+00
  2.0799350E+02 -1.2150901E-03 -1.3245709E-04 -1.2361684E-03  1.1892511E-02  0.0000000E+00
  2.0799350E+02 -6.6225141E-04 -7.9272184E-05 -1.4054398E-03  1.1469542E-02  0.0000000E+00
  2.0799350E+02 -1.4204181E-04  1.4650464E-05 -1.4573179E-03  1.1067578E-02  0.0000000E+00
  2.0799350E+02  1.8652931E-04  7.8144553E-05 -1.4620338E-03  1.0685769E-02  0.0000000E+00
  2.0799350E+02  3.2437697E-04  1.0689842E-04 -1.4042622E-03  1.0323269E-02  0.0000000E+00
  2.0799350E+02  3.5229083E-04  1.2730893E-04 -1.2512022E-03  9.9789753E-03  0.0000000E+00
  2.0799350E+02  3.7154955E-04  1.7148799E-04 -9.9015824E-04  9.6514401E-03  0.0000000E+00
  2.0799350E+02  4.6339043E-04  2.6186528E-04 -6.4203965E-04  9.3389322E-03  0.0000000E+00
  2.0799350E+02  6.6552519E-04  4.0383090E-04 -2.5719390E-04  9.0395907E-03  0.0000000E+00
  2.0799350E+02  9.6389296E-04  5.8486153E-04  1.0000833E-04  8.7516285E-03  0.0000000E+00
  2.0799350E+02  1.2978414E-03  7.7857378E-04  3.7142010E-04  8.4735402E-03  0.0000000E+00
  2.0799350E+02  1.5773000E-03  9.5240851E-04  5.2393429E-04  8.2038160E-03  0.0000000E+00
  2.0799350E+02  1.7075780E-03  1.0757234E-03  5.5935097E-04  7.9428406E-03  0.0000000E+00
  2.0799350E+02  1.6271187E-03  1.1311519E-03  5.1214825E-04  7.6900874E-03  0.0000000E+00
  2.0799350E+02  1.3461236E-03  1.1215153E-03  4.2356959E-04  7.4457330E-03  0.0000000E+00
  2.0799350E+02  9.9229495E-04  1.0754821E-03  2.9009159E-04  7.2097325E-03  0.0000000E+00
  2.0799350E+02  7.1428035E-04  9.7677790E-04  1.5595211E-04  6.9812375E-03  0.0000000E+00
  2.0799350E+02  4.3719227E-04  7.7189567E-04  2.8627404E-04  6.7605821E-03  0.0000000E+00
  2.0799350E+02  3.1673783E-04  6.6515930E-04  3.9142760E-04  6.5486570E-03  0.0000000E+00
  2.0799350E+02  2.2014761E-04  6.3890757E-04  4.9687899E-04  6.3457340E-03  0.0000000E+00
  2.0799350E+02  1.0208731E-04  6.6195342E-04  5.6731515E-04  6.1518472E-03  0.0000000E+00
  2.0799350E+02 -2.8238795E-05  7.0101560E-04  5.6284977E-04  5.9670072E-03  0.0000000E+00
  2.0799350E+02 -1.3449640E-04  7.2859212E-04  4.6851199E-04  5.7913103E-03  0.0000000E+00
  2.0799350E+02 -1.7505120E-04  7.2765211E-04  3.0277669E-04  5.6249647E-03  0.0000000E+00
  2.0799350E+02 -1.1913017E-04  6.9352212E-04  1.1089516E-04  5.4682541E-03  0.0000000E+00
  2.0799350E+02  4.2776225E-05  6.3334346E-04 -5.1215063E-05  5.3214586E-03  0.0000000E+00
  2.0799350E+02  2.9436129E-04  5.6347670E-04 -1.3676227E-04  5.1847541E-03  0.0000000E+00
  2.0799350E+02  5.9488906E-04  5.0522971E-04 -1.2579586E-04  5.0581098E-03  0.0000000E+00
  2.0799350E+02  8.8661134E-04  4.7928565E-04 -3.5085901E-05  4.9412054E-03  0.0000000E+00
  2.0799350E+02  1.1083052E-03  4.9920713E-04  8.5591797E-05  4.8333872E-03  0.0000000E+00
  2.0799350E+02  1.2150210E-03  5.6439285E-04  1.7652395E-04  4.7336845E-03  0.0000000E+00
  2.0799350E+02  1.2041319E-03  6.5286318E-04  2.1624022E-04  4.6409065E-03  0.0000000E+00
  2.0799350E+02  1.1477741E-03  7.1425085E-04  3.0056457E-04  4.5538399E-03  0.0000000E+00
  2.0799350E+02  9.2507549E-04  7.3523192E-04  4.5306445E-04  4.4712027E-03  0.0000000E+00
  2.0799350E+02  6.7648154E-04  7.6079880E-04  4.8928648E-04  4.3923380E-03  0.0000000E+00
  2.0799350E+02  7.2914170E-04  7.2700032E-04  6.4078711E-04  4.3168296E-03  0.0000000E+00
  2.0799350E+02  8.6110405E-04  6.6803506E-04  7.9073702E-04  4.2438689E-03  0.0000000E+00
  2.0799350E+02  9.6356573E-04  6.0964952E-04  8.8428144E-04  4.1728912E-03  0.0000000E+00
  2.0799350E+02  1.0073319E-03  5.6705286E-04  9.0613745E-04  4.1034037E-03  0.0000000E+00
  2.0799350E+02  1.0120469E-03  5.4523633E-04  8.6374026E-04  4.0349159E-03  0.0000000E+00
  2.0799350E+02  1.0191859E-03  5.4105844E-04  7.7519729E-04  3.9669438E-03  0.0000000E+00
  2.0799350E+02  1.0697926E-03  5.4645717E-04  6.6130853E-04  3.8990669E-03  0.0000000E+00
  2.0799350E+02  1.1879515E-03  5.5215054E-04  5.4091225E-04  3.8310104E-03  0.0000000E+00
  2.0799350E+02  1.3709813E-03  5.5118669E-04  4.2881434E-04  3.7627301E-03  0.0000000E+00
  2.0799350E+02  1.5873367E-03  5.4170480E-04  3.3556040E-04  3.6944742E-03  0.0000000E+00
  2.0799350E+02  1.7832062E-03  5.2826805E-04  2.6830901E-04  3.6267976E-03  0.0000000E+00
  2.0799350E+02 -2.2723773E-04  4.8925085E-06  1.0765734E-05  6.0197538E-02  0.0000000E+00
  2.0799350E+02  2.5932728E-02  1.3803401E-03 -6.3625211E-03  5.8576524E-02  0.0000000E+00
  2.0799350E+02  8.2637885E-03  7.0234602E-03 -5.0985507E-02  5.6057738E-02  0.0000000E+00
  2.0799350E+02 -3.1605287E-03  7.4819543E-03 -5.2827294E-02  5.2335373E-02  0.0000000E+00
  2.0799350E+02 -3.7427324E-03 -4.1625006E-03 -2.2260391E-02  4.7910818E-02  0.0000000E+00
  2.0799350E+02 -9.5592546E-03 -2.2716138E-02  3.5430395E-03  4.3302223E-02  0.0000000E+00
  2.0799350E+02 -2.0008901E-02 -4.0781312E-02  1.5419616E-02  3.8874819E-02  0.0000000E+00
  2.0799350E+02 -3.0036653E-02 -5.1724623E-02  1.8312652E-02  3.4854572E-02  0.0000000E+00
  2.0799350E+02 -3.8299757E-02 -5.4168944E-02  1.5710561E-02  3.1358773E-02  0.0000000E+00
  2.0799350E+02 -4.6078742E-02 -4.9743047E-02  9.4561703E-03  2.8406807E-02  0.0000000E+00
  2.0799350E+02 -5.2873115E-02 -4.0651437E-02  3.6558026E-03  2.5954315E-02  0.0000000E+00
  2.0799350E+02 -5.8212250E-02 -2.9027617E-02 -1.0012175E-03  2.3926224E-02  0.0000000E+00
  2.0799350E+02 -6.1696381E-02 -1.6947667E-02 -5.1370494E-03  2.2242478E-02  0.0000000E+00
  2.0799350E+02 -6.2668292E-02 -5.9229844E-03 -6.5411697E-03  2.0832223E-02  0.0000000E+00
  2.0799350E+02 -6.0578408E-02  2.8113751E-03 -3.1017822E-03  1.9638140E-02  0.0000000E+00
  2.0799350E+02 -5.7079708E-02  8.5416272E-03 -6.5648415E-04  1.8610611E-02  0.0000000E+00
  2.0799350E+02 -4.8747087E-02  1.2095368E-02 -1.6887714E-05  1.7702742E-02  0.0000000E+00
  2.0799350E+02 -3.8306873E-02  1.4612509E-02 -1.7809460E-03  1.6873554E-02  0.0000000E+00
  2.0799350E+02 -2.8250688E-02  1.6851580E-02 -2.2598324E-03  1.6101592E-02  0.0000000E+00
  2.0799350E+02 -1.8739747E-02  1.8310563E-02 -1.6474695E-03  1.5380648E-02  0.0000000E+00
  2.0799350E+02 -9.5084961E-03  1.8884022E-02 -1.0792597E-03  1.4710030E-02  0.0000000E+00
  2.0799350E+02 -8.3196621E-04  1.8976305E-02 -1.0622612E-03  1.4087627E-02  0.0000000E+00
  2.0799350E+02  6.3133801E-03  1.8870558E-02 -1.0594382E-03  1.3506109E-02  0.0000000E+00
  2.0799350E+02  1.0765504E-02  1.8153252E-02 -1.0615239E-05  1.2952606E-02  0.0000000E+00
  2.0799350E+02  1.2239566E-02  1.5993959E-02  2.4272377E-03  1.2412212E-02  0.0000000E+00
  2.0799350E+02  1.2807817E-02  1.3080084E-02  4.1377577E-03  1.1875642E-02  0.0000000E+00
  2.0799350E+02  1.4983797E-02  1.0549025E-02  5.7560643E-03  1.1344345E-02  0.0000000E+00
  2.0799350E+02  1.8720045E-02  8.5075592E-03  5.5135720E-03  1.0819997E-02  0.0000000E+00
  2.0799350E+02  2.0174933E-02  7.3250308E-03  3.9682928E-03  1.0302211E-02  0.0000000E+00
  2.0799350E+02  1.8613329E-02  6.2358599E-03  2.6686872E-03  9.7925723E-03  0.0000000E+00
  2.0799350E+02  1.5460891E-02  4.9712959E-03  1.7901892E-03  9.2944951E-03  0.0000000E+00
  2.0799350E+02  1.2355470E-02  3.6447695E-03  1.0696398E-03  8.8117065E-03  0.0000000E+00
  2.0799350E+02  1.0223026E-02  2.5438422E-03  3.0588739E-04  8.3473129E-03  0.0000000E+00
  2.0799350E+02  9.1051193E-03  1.8995012E-03 -4.6720832E-04  7.9033441E-03  0.0000000E+00
  2.0799350E+02  8.4651106E-03  1.7035430E-03 -1.0291330E-03  7.4806731E-03  0.0000000E+00
  2.0799350E+02  7.7001457E-03  1.6447938E-03 -1.1361975E-03  7.0792119E-03  0.0000000E+00
  2.0799350E+02  6.5860428E-03  1.2349109E-03 -6.9390534E-04  6.6982792E-03  0.0000000E+00
  2.0799350E+02  5.3821764E-03  1.9451230E-04  1.6802960E-04  6.3370406E-03  0.0000000E+00
  2.0799350E+02  4.3234593E-03 -8.2961996E-04  1.2242514E-03  5.9949182E-03  0.0000000E+00
  2.0799350E+02  2.8422906E-03 -1.2661266E-03  1.7628721E-03  5.6693647E-03  0.0000000E+00
  2.0799350E+02  1.5587528E-03 -1.5150458E-03  1.0006656E-03  5.3568846E-03  0.0000000E+00
  2.0799350E+02  4.3416782E-04 -1.0642100E-03 -6.8293034E-05  5.0609423E-03  0.0000000E+00
  2.0799350E+02 -4.6432563E-04 -4.7690443E-04 -9.9462036E-04  4.7819342E-03  0.0000000E+00
  2.0799350E+02 -1.0094346E-03 -4.6708134E-05 -1.5556463E-03  4.5191444E-03  0.0000000E+00
  2.0799350E+02 -1.1460437E-03  1.4424157E-04 -1.7205236E-03  4.2717883E-03  0.0000000E+00
  2.0799350E+02 -9.3894672E-04  1.5240334E-04 -1.5906889E-03  4.0395413E-03  0.0000000E+00
  2.0799350E+02 -5.5766609E-04  9.6028207E-05 -1.3284680E-03  3.8226614E-03  0.0000000E+00
  2.0799350E+02 -2.2004948E-04  8.5020811E-05 -1.0866162E-03  3.6218219E-03  0.0000000E+00
  2.0799350E+02 -1.1633154E-04  1.6808803E-04 -9.5158625E-04  3.4377624E-03  0.0000000E+00
  2.0799350E+02 -3.3534977E-04  3.0779797E-04 -9.1331520E-04  3.2708728E-03  0.0000000E+00
  2.0799350E+02 -8.1460303E-04  3.9417201E-04 -8.7432172E-04  3.1208202E-03  0.0000000E+00
  2.0799350E+02 -1.3358413E-03  3.0743271E-04 -7.1090635E-04  2.9863330E-03  0.0000000E+00
  2.0799350E+02 -1.5878756E-03  4.0530265E-05 -3.9924577E-04  2.8652518E-03  0.0000000E+00
  2.0799350E+02 -1.3182957E-03 -1.0792959E-04 -2.1917320E-04  2.7549606E-03  0.0000000E+00
  2.0799350E+02 -7.8387033E-04 -1.0337984E-04 -5.7846770E-04  2.6549560E-03  0.0000000E+00
  2.0799350E+02 -1.0205310E-04 -1.4919017E-04 -8.3929276E-04  2.5659696E-03  0.0000000E+00
  2.0799350E+02  4.8153368E-04 -8.8943465E-05 -1.0214489E-03  2.4864308E-03  0.0000000E+00
  2.0799350E+02  8.0343129E-04 -6.4071449E-05 -1.1183386E-03  2.4154475E-03  0.0000000E+00
  2.0799350E+02  9.1955891E-04 -7.3881087E-05 -1.1138541E-03  2.3518852E-03  0.0000000E+00
  2.0799350E+02  9.6023239E-04 -6.2080619E-05 -1.0022929E-03  2.2944270E-03  0.0000000E+00
  2.0799350E+02  1.0399756E-03  2.7131869E-05 -7.9702403E-04  2.2416667E-03  0.0000000E+00
  2.0799350E+02  1.2124044E-03  2.1850366E-04 -5.3037294E-04  2.1922220E-03  0.0000000E+00
  2.0799350E+02  1.4604643E-03  4.9577268E-04 -2.4719893E-04  2.1448544E-03  0.0000000E+00
  2.0799350E+02  1.7123008E-03  8.0740907E-04  5.3659136E-06  2.0985837E-03  0.0000000E+00
  2.0799350E+02  1.8730437E-03  1.0831394E-03  1.8954446E-04  2.0527831E-03  0.0000000E+00
  2.0799350E+02  1.8627853E-03  1.2563398E-03  2.8743810E-04  2.0072427E-03  0.0000000E+00
  2.0799350E+02  1.6510327E-03  1.2873841E-03  3.0797527E-04  1.9621875E-03  0.0000000E+00
  2.0799350E+02  1.2779141E-03  1.1830336E-03  2.8781391E-04  1.9182376E-03  0.0000000E+00
  2.0799350E+02  8.5242049E-04  1.0069543E-03  2.8372691E-04  1.8762974E-03  0.0000000E+00
  2.0799350E+02  5.1796132E-04  8.7644859E-04  3.5399954E-04  1.8373603E-03  0.0000000E+00
  2.0799350E+02  2.6898383E-04  7.9743815E-04  4.9543369E-04  1.8014837E-03  0.0000000E+00
  2.0799350E+02  2.0325422E-04  5.7328458E-04  5.5316204E-04  1.7679730E-03  0.0000000E+00
  2.0799350E+02  3.8435976E-04  4.7970729E-04  5.4162168E-04  1.7381172E-03  0.0000000E+00
  2.0799350E+02  5.4621805E-04  4.5577166E-04  4.6879532E-04  1.7118795E-03  0.0000000E+00
  2.0799350E+02  6.0269280E-04  4.6682198E-04  3.5850616E-04  1.6898164E-03  0.0000000E+00
  2.0799350E+02  5.6839959E-04  4.9203991E-04  2.3827358E-04  1.6725735E-03  0.0000000E+00
  2.0799350E+02  5.0061486E-04  5.1741530E-04  1.3168782E-04  1.6605845E-03  0.0000000E+00
  2.0799350E+02  4.5971131E-04  5.3282851E-04  5.4521794E-05  1.6539332E-03  0.0000000E+00
  2.0799350E+02  4.8554206E-04  5.3194303E-04  1.3798390E-05  1.6523431E-03  0.0000000E+00
  2.0799350E+02  5.8719689E-04  5.1360751E-04  9.0313359E-06  1.6552555E-03  0.0000000E+00
  2.0799350E+02  7.4355288E-04  4.8346619E-04  3.4857971E-05  1.6619596E-03  0.0000000E+00
  2.0799350E+02  9.1204264E-04  4.5447671E-04  8.4282065E-05  1.6717369E-03  0.0000000E+00
  2.0799350E+02  1.0430628E-03  4.4503429E-04  1.5174494E-04  1.6839822E-03  0.0000000E+00
  2.0799350E+02  1.0974452E-03  4.7340125E-04  2.3524312E-04  1.6982637E-03  0.0000000E+00
  2.0799350E+02  1.0644150E-03  5.4714093E-04  3.3671068E-04  1.7142856E-03  0.0000000E+00
  2.0799350E+02  9.7745558E-04  6.4625495E-04  4.5988459E-04  1.7317140E-03  0.0000000E+00
  2.0799350E+02  9.2550727E-04  6.9872284E-04  6.0487122E-04  1.7498301E-03  0.0000000E+00
  2.0799350E+02  9.3206100E-04  6.6336915E-04  7.1888349E-04  1.7677493E-03  0.0000000E+00
  2.0799350E+02  9.5873836E-04  6.5394054E-04  7.4813223E-04  1.7859632E-03  0.0000000E+00
  2.0799350E+02  1.0437168E-03  6.2292355E-04  7.7614919E-04  1.8034503E-03  0.0000000E+00
  2.0799350E+02  1.0977404E-03  6.1004555E-04  8.0170129E-04  1.8196726E-03  0.0000000E+00
  2.0799350E+02  1.1046053E-03  6.1930383E-04  8.0933038E-04  1.8341171E-03  0.0000000E+00
  2.0799350E+02  1.0874668E-03  6.3921619E-04  7.8549270E-04  1.8463855E-03  0.0000000E+00
  2.0799350E+02  1.0830470E-03  6.5588003E-04  7.2651189E-04  1.8562467E-03  0.0000000E+00
  2.0799350E+02  1.1232397E-03  6.6011794E-04  6.4018568E-04  1.8636582E-03  0.0000000E+00
  2.0799350E+02  1.2236074E-03  6.4998790E-04  5.4288617E-04  1.8687635E-03  0.0000000E+00
  2.0799350E+02  1.3782673E-03  6.2993593E-04  4.5399373E-04  1.8718691E-03  0.0000000E+00
  2.0799350E+02  1.5606618E-03  6.0786952E-04  3.8950464E-04  1.8734085E-03  0.0000000E+00
  2.0799350E+02  1.7297107E-03  5.9142953E-04  3.5665238E-04  1.8738980E-03  0.0000000E+00
  2.0799350E+02  1.8408393E-03  5.8473884E-04  3.5138256E-04  1.8738909E-03  0.0000000E+00
  2.0799350E+02 -1.9901699E-04 -3.1526939E-08  2.9019754E-06 -3.1931081E-02  0.0000000E+00
  2.0799350E+02  2.1458547E-02  6.8691132E-04 -4.0044201E-04 -3.2617732E-02  0.0000000E+00
  2.0799350E+02 -1.0702228E-02  4.6865894E-03 -2.3784853E-02 -3.2868901E-02  0.0000000E+00
  2.0799350E+02 -2.2922254E-02  5.5266689E-03 -3.4032045E-02 -3.3246611E-02  0.0000000E+00
  2.0799350E+02 -1.3986914E-02 -3.5522978E-03 -1.8466278E-02 -3.3928769E-02  0.0000000E+00
  2.0799350E+02 -1.1184571E-02 -1.8360062E-02  2.2419335E-03 -3.4770847E-02  0.0000000E+00
  2.0799350E+02 -1.4347920E-02 -3.3536660E-02  1.5543744E-02 -3.5573277E-02  0.0000000E+00
  2.0799350E+02 -1.9893108E-02 -4.3802127E-02  2.1277491E-02 -3.6186485E-02  0.0000000E+00
  2.0799350E+02 -2.6386867E-02 -4.8292113E-02  1.9896739E-02 -3.6517850E-02  0.0000000E+00
  2.0799350E+02 -3.1102886E-02 -4.8534802E-02  1.4772020E-02 -3.6538966E-02  0.0000000E+00
  2.0799350E+02 -3.3582070E-02 -4.4649501E-02  8.9899330E-03 -3.6261211E-02  0.0000000E+00
  2.0799350E+02 -3.5356353E-02 -3.7112984E-02  3.5698600E-03 -3.5718777E-02  0.0000000E+00
  2.0799350E+02 -3.7323604E-02 -2.7334832E-02 -7.5862711E-04 -3.4956531E-02  0.0000000E+00
  2.0799350E+02 -3.8949898E-02 -1.6989850E-02 -3.5377488E-03 -3.4028988E-02  0.0000000E+00
  2.0799350E+02 -3.8579490E-02 -7.5997396E-03 -5.2195580E-03 -3.2989796E-02  0.0000000E+00
  2.0799350E+02 -3.6107582E-02 -1.1651465E-03 -6.0956935E-03 -3.1894669E-02  0.0000000E+00
  2.0799350E+02 -3.2781941E-02  3.2893385E-03 -4.2181346E-03 -3.0784380E-02  0.0000000E+00
  2.0799350E+02 -2.8908199E-02  6.1347867E-03 -2.9371117E-03 -2.9685358E-02  0.0000000E+00
  2.0799350E+02 -2.5100949E-02  7.9805080E-03 -2.4755631E-03 -2.8600194E-02  0.0000000E+00
  2.0799350E+02 -2.0657146E-02  9.2246548E-03 -2.0509576E-03 -2.7531574E-02  0.0000000E+00
  2.0799350E+02 -1.5003014E-02  1.0152106E-02 -1.3366308E-03 -2.6483824E-02  0.0000000E+00
  2.0799350E+02 -8.3180807E-03  1.0953260E-02 -6.1498246E-04 -2.5460780E-02  0.0000000E+00
  2.0799350E+02 -1.6077840E-03  1.1699483E-02 -2.5536627E-04 -2.4470767E-02  0.0000000E+00
  2.0799350E+02  3.7654268E-03  1.2330588E-02 -1.2482875E-04 -2.3513124E-02  0.0000000E+00
  2.0799350E+02  6.6441335E-03  1.2660467E-02  4.0914872E-04 -2.2584893E-02  0.0000000E+00
  2.0799350E+02  6.7105533E-03  1.2455455E-02  1.2796581E-03 -2.1680239E-02  0.0000000E+00
  2.0799350E+02  9.2005247E-03  1.1930595E-02  1.9157307E-03 -2.0804807E-02  0.0000000E+00
  2.0799350E+02  1.0163514E-02  1.1020895E-02  3.0904654E-03 -1.9963318E-02  0.0000000E+00
  2.0799350E+02  9.8150071E-03  9.4905749E-03  3.7151854E-03 -1.9163823E-02  0.0000000E+00
  2.0799350E+02  9.8402039E-03  7.5389471E-03  3.5827601E-03 -1.8411096E-02  0.0000000E+00
  2.0799350E+02  1.0415433E-02  5.4899170E-03  2.7935017E-03 -1.7704964E-02  0.0000000E+00
  2.0799350E+02  1.1016218E-02  3.6684199E-03  1.6553443E-03 -1.7046064E-02  0.0000000E+00
  2.0799350E+02  1.1021365E-02  2.2808331E-03  5.4550963E-04 -1.6429073E-02  0.0000000E+00
  2.0799350E+02  1.0088291E-02  1.3798808E-03 -2.1226775E-04 -1.5848695E-02  0.0000000E+00
  2.0799350E+02  8.3139281E-03  8.6021406E-04 -4.5215712E-04 -1.5298228E-02  0.0000000E+00
  2.0799350E+02  6.1996813E-03  5.1591797E-04 -2.2210880E-04 -1.4774256E-02  0.0000000E+00
  2.0799350E+02  4.3683667E-03  1.4907553E-04  2.2758638E-04 -1.4271471E-02  0.0000000E+00
  2.0799350E+02  3.1026904E-03 -2.4960522E-04  5.5430518E-04 -1.3787331E-02  0.0000000E+00
  2.0799350E+02  1.6557932E-03 -2.5727976E-04  5.4536235E-04 -1.3320758E-02  0.0000000E+00
  2.0799350E+02  9.1249610E-05  8.9063911E-05  3.3068791E-04 -1.2874093E-02  0.0000000E+00
  2.0799350E+02  4.2440558E-04 -5.2583891E-05 -4.5745746E-05 -1.2443699E-02  0.0000000E+00
  2.0799350E+02  6.3866308E-04 -1.9524309E-04 -4.1129648E-04 -1.2027436E-02  0.0000000E+00
  2.0799350E+02  4.7734191E-04 -3.6914759E-04 -6.8128727E-04 -1.1624611E-02  0.0000000E+00
  2.0799350E+02  3.7320437E-05 -5.2976419E-04 -8.3604557E-04 -1.1234635E-02  0.0000000E+00
  2.0799350E+02 -4.6955048E-04 -6.1421260E-04 -8.9154297E-04 -1.0858744E-02  0.0000000E+00
  2.0799350E+02 -8.6391290E-04 -5.7988917E-04 -8.7876695E-04 -1.0495331E-02  0.0000000E+00
  2.0799350E+02 -1.0585222E-03 -4.2164995E-04 -8.2643275E-04 -1.0142752E-02  0.0000000E+00
  2.0799350E+02 -1.0631971E-03 -1.7465848E-04 -7.5146865E-04 -9.7982941E-03  0.0000000E+00
  2.0799350E+02 -9.5250203E-04  9.3407298E-05 -6.5604340E-04 -9.4610923E-03  0.0000000E+00
  2.0799350E+02 -8.1670308E-04  3.0508986E-04 -5.2942038E-04 -9.1289183E-03  0.0000000E+00
  2.0799350E+02 -7.1758158E-04  3.9869664E-04 -3.5732165E-04 -8.8010516E-03  0.0000000E+00
  2.0799350E+02 -6.7064055E-04  3.6065010E-04 -1.3681220E-04 -8.4777939E-03  0.0000000E+00
  2.0799350E+02 -6.7419570E-04  2.5931840E-04  1.0296350E-04 -8.1596603E-03  0.0000000E+00
  2.0799350E+02 -8.0652618E-04  2.7937176E-04  2.7163562E-04 -7.8488863E-03  0.0000000E+00
  2.0799350E+02 -7.1350424E-04  3.4528218E-04  1.6038326E-04 -7.5456232E-03  0.0000000E+00
  2.0799350E+02 -2.1170098E-04  3.1110112E-04 -1.6272634E-04 -7.2504343E-03  0.0000000E+00
  2.0799350E+02  3.1269048E-04  3.4814387E-04 -4.8913521E-04 -6.9627521E-03  0.0000000E+00
  2.0799350E+02  8.4147367E-04  4.0993250E-04 -7.3373184E-04 -6.6839207E-03  0.0000000E+00
  2.0799350E+02  1.3145376E-03  4.8176750E-04 -8.6543418E-04 -6.4136901E-03  0.0000000E+00
  2.0799350E+02  1.6755002E-03  5.6716288E-04 -8.8545649E-04 -6.1523471E-03  0.0000000E+00
  2.0799350E+02  1.8967335E-03  6.7593352E-04 -8.1342703E-04 -5.9001767E-03  0.0000000E+00
  2.0799350E+02  1.9842122E-03  8.1462857E-04 -6.7663194E-04 -5.6569780E-03  0.0000000E+00
  2.0799350E+02  1.9684979E-03  9.7846448E-04 -5.0407462E-04 -5.4237154E-03  0.0000000E+00
  2.0799350E+02  1.8893333E-03  1.1494191E-03 -3.2069733E-04 -5.1998198E-03  0.0000000E+00
  2.0799350E+02  1.7768593E-03  1.2962305E-03 -1.4630255E-04 -4.9848946E-03  0.0000000E+00
  2.0799350E+02  1.6378069E-03  1.3807152E-03  5.2860152E-06 -4.7778891E-03  0.0000000E+00
  2.0799350E+02  1.4527385E-03  1.3691415E-03  1.2457302E-04 -4.5786162E-03  0.0000000E+00
  2.0799350E+02  1.1867562E-03  1.2517034E-03  2.0704313E-04 -4.3856541E-03  0.0000000E+00
  2.0799350E+02  8.2436054E-04  1.0675076E-03  2.5121064E-04 -4.1980806E-03  0.0000000E+00
  2.0799350E+02  4.3077664E-04  9.3866067E-04  2.5893358E-04 -4.0154535E-03  0.0000000E+00
  2.0799350E+02  2.2082562E-04  9.2608358E-04  2.3350796E-04 -3.8370994E-03  0.0000000E+00
  2.0799350E+02  2.9147835E-04  7.2839622E-04  2.0838565E-04 -3.6618662E-03  0.0000000E+00
  2.0799350E+02  4.6737468E-04  6.3709644E-04  1.9954257E-04 -3.4896621E-03  0.0000000E+00
  2.0799350E+02  6.2115239E-04  5.8663646E-04  1.9767398E-04 -3.3192381E-03  0.0000000E+00
  2.0799350E+02  7.1870719E-04  5.4980448E-04  1.9756534E-04 -3.1497635E-03  0.0000000E+00
  2.0799350E+02  7.7467937E-04  5.1838140E-04  1.9650099E-04 -2.9818833E-03  0.0000000E+00
  2.0799350E+02  8.2161181E-04  4.9079794E-04  1.9349565E-04 -2.8157211E-03  0.0000000E+00
  2.0799350E+02  8.8803487E-04  4.6645582E-04  1.8907812E-04 -2.6519235E-03  0.0000000E+00
  2.0799350E+02  9.8706255E-04  4.4407154E-04  1.8538067E-04 -2.4909056E-03  0.0000000E+00
  2.0799350E+02  1.1115942E-03  4.2306319E-04  1.8631260E-04 -2.3338586E-03  0.0000000E+00
  2.0799350E+02  1.2378028E-03  4.0569189E-04  1.9745061E-04 -2.1809042E-03  0.0000000E+00
  2.0799350E+02  1.3318624E-03  3.9912777E-04  2.2555399E-04 -2.0321926E-03  0.0000000E+00
  2.0799350E+02  1.3609981E-03  4.1521934E-04  2.7732362E-04 -1.8876021E-03  0.0000000E+00
  2.0799350E+02  1.3063146E-03  4.6671937E-04  3.5736946E-04 -1.7465481E-03  0.0000000E+00
  2.0799350E+02  1.1770562E-03  5.5759342E-04  4.6414849E-04 -1.6091279E-03  0.0000000E+00
  2.0799350E+02  1.0229145E-03  6.6734033E-04  5.8591708E-04 -1.4748333E-03  0.0000000E+00
  2.0799350E+02  9.4495324E-04  7.2592433E-04  6.9357051E-04 -1.3439024E-03  0.0000000E+00
  2.0799350E+02  9.9463108E-04  6.7623847E-04  7.3904580E-04 -1.2167892E-03  0.0000000E+00
  2.0799350E+02  1.0525012E-03  6.3432126E-04  7.3952347E-04 -1.0939754E-03  0.0000000E+00
  2.0799350E+02  1.1549967E-03  5.8229129E-04  7.3561177E-04 -9.7623909E-04  0.0000000E+00
  2.0799350E+02  1.2448332E-03  5.5697575E-04  7.3561988E-04 -8.6396540E-04  0.0000000E+00
  2.0799350E+02  1.2991979E-03  5.6205990E-04  7.3285234E-04 -7.5725918E-04  0.0000000E+00
  2.0799350E+02  1.3202077E-03  5.8556205E-04  7.1797968E-04 -6.5582228E-04  0.0000000E+00
  2.0799350E+02  1.3248600E-03  6.1145317E-04  6.8607324E-04 -5.5972764E-04  0.0000000E+00
  2.0799350E+02  1.3355832E-03  6.2707665E-04  6.3897303E-04 -4.6838165E-04  0.0000000E+00
  2.0799350E+02  1.3715640E-03  6.2627928E-04  5.8460581E-04 -3.8131207E-04  0.0000000E+00
  2.0799350E+02  1.4423903E-03  6.0978456E-04  5.3401110E-04 -2.9787813E-04  0.0000000E+00
  2.0799350E+02  1.5435587E-03  5.8370819E-04  4.9781309E-04 -2.1789765E-04  0.0000000E+00
  2.0799350E+02  1.6568002E-03  5.5659654E-04  4.8188224E-04 -1.4077315E-04  0.0000000E+00
  2.0799350E+02  1.7534218E-03  5.3653043E-04  4.8522199E-04 -6.6106548E-05  0.0000000E+00
