          atime        pres_st        turb_df           diss        visc_df        garbage
  2.0799350E+02  4.9499187E-06 -1.4568293E-05 -1.0742675E-01  1.0804379E-01 -5.4949753E-09
  2.0799350E+02  6.3307962E-06  8.5910663E-03 -7.5531208E-02  3.6441503E-02  2.0373758E-02
  2.0799350E+02  4.6432168E-06 -2.4236981E-04 -4.6368199E-02 -4.1628529E-02  6.7835911E-02
  2.0799350E+02  1.1594403E-05 -1.8588036E-02 -3.8269914E-02 -2.9213649E-02  6.2464691E-02
  2.0799350E+02 -8.9993294E-06 -1.6544124E-02 -3.3288293E-02 -9.3816141E-03  3.4856321E-02
  2.0799350E+02 -1.9530033E-05 -1.0268553E-02 -2.9189769E-02 -2.0257014E-03  1.6487603E-02
  2.0799350E+02 -2.4721169E-05 -7.9727040E-03 -2.7171782E-02  1.3994693E-04  6.8362579E-03
  2.0799350E+02 -4.2809984E-06 -9.9231083E-03 -2.6152525E-02  4.1380996E-04  2.4298456E-03
  2.0799350E+02  2.0589162E-05 -1.3156476E-02 -2.5539961E-02  5.8692368E-04  5.5526405E-04
  2.0799350E+02  4.0096679E-05 -1.6763581E-02 -2.4999847E-02  3.9263427E-04  1.8953933E-04
  2.0799350E+02  5.0243998E-05 -1.9619193E-02 -2.4511812E-02  3.0709691E-04  6.8071981E-04
  2.0799350E+02  5.6715230E-05 -2.1528691E-02 -2.3943975E-02  1.4987772E-04  1.5214373E-03
  2.0799350E+02  5.4050103E-05 -2.2989690E-02 -2.3153043E-02 -2.7008858E-04  2.3832585E-03
  2.0799350E+02  4.5296159E-05 -2.3951469E-02 -2.2234885E-02 -7.7750328E-04  3.1487824E-03
  2.0799350E+02  4.0617685E-05 -2.3629013E-02 -2.1500673E-02 -8.0793978E-04  3.8753380E-03
  2.0799350E+02  2.1156382E-05 -2.2481908E-02 -2.0934441E-02 -4.2664237E-04  4.6295428E-03
  2.0799350E+02  2.6032469E-05 -2.0753708E-02 -2.0072226E-02 -3.4461592E-04  5.3132825E-03
  2.0799350E+02  2.7965328E-05 -1.7787741E-02 -1.9061190E-02 -2.8610888E-04  5.8056320E-03
  2.0799350E+02  2.3610198E-05 -1.4211966E-02 -1.8085945E-02 -2.8621865E-04  6.0732531E-03
  2.0799350E+02  1.5265731E-05 -1.0938666E-02 -1.7175756E-02 -2.5197928E-04  6.1633562E-03
  2.0799350E+02  7.1700984E-06 -8.2384820E-03 -1.6320487E-02 -1.7817009E-04  6.1711754E-03
  2.0799350E+02  2.5175438E-06 -5.8024804E-03 -1.5518348E-02 -1.4873627E-04  6.1961250E-03
  2.0799350E+02  1.8263686E-06 -3.2849711E-03 -1.4779314E-02 -2.3196838E-04  6.2990248E-03
  2.0799350E+02  3.2893222E-06 -8.1978373E-04 -1.4108051E-02 -3.7758805E-04  6.4727863E-03
  2.0799350E+02  5.7373739E-06  9.9727657E-04 -1.3490235E-02 -4.2388670E-04  6.6389498E-03
  2.0799350E+02  1.4847844E-05  2.1670820E-03 -1.2906113E-02 -3.2306443E-04  6.6824633E-03
  2.0799350E+02  9.5131289E-06  3.4284456E-03 -1.2310724E-02 -3.7009747E-04  6.5444895E-03
  2.0799350E+02  3.5404135E-07  5.0861043E-03 -1.1677329E-02 -3.2862390E-04  6.3151559E-03
  2.0799350E+02 -1.0198084E-06  6.6545368E-03 -1.1045257E-02 -1.9536297E-04  5.9925450E-03
  2.0799350E+02 -8.0555895E-07  7.5872447E-03 -1.0445658E-02 -3.0152153E-05  5.6044042E-03
  2.0799350E+02 -1.6318443E-06  7.8037468E-03 -9.9032319E-03  1.1391634E-04  5.2049796E-03
  2.0799350E+02 -3.4730196E-06  7.4485736E-03 -9.4294875E-03  2.0820871E-04  4.8525861E-03
  2.0799350E+02 -4.9447239E-06  6.7368505E-03 -9.0217099E-03  2.5115762E-04  4.5914406E-03
  2.0799350E+02 -4.6293315E-06  5.8662256E-03 -8.6666707E-03  2.6076391E-04  4.4393619E-03
  2.0799350E+02 -2.1091348E-06  4.9773426E-03 -8.3469810E-03  2.6195584E-04  4.3826019E-03
  2.0799350E+02  1.6149006E-06  4.1450604E-03 -8.0479865E-03  2.7376993E-04  4.3790757E-03
  2.0799350E+02  4.6409651E-06  3.3826178E-03 -7.7631027E-03  3.0131704E-04  4.3712554E-03
  2.0799350E+02  5.9429779E-06  2.6409450E-03 -7.4954878E-03  3.3749787E-04  4.3099940E-03
  2.0799350E+02  8.7280604E-06  1.7853207E-03 -7.2539540E-03  3.7943157E-04  4.1905449E-03
  2.0799350E+02  9.1307342E-06  7.8174632E-04 -6.9852962E-03  3.0882230E-04  4.1214819E-03
  2.0799350E+02  5.3817902E-06  3.0109891E-04 -6.6647490E-03  2.0047262E-04  4.0605836E-03
  2.0799350E+02  5.1090466E-06 -2.0039686E-05 -6.3700939E-03  1.4400629E-04  3.9780908E-03
  2.0799350E+02  4.9758796E-06 -3.4117615E-04 -6.1138350E-03  1.0283272E-04  3.8994345E-03
  2.0799350E+02  3.7451584E-06 -6.3860502E-04 -5.8950535E-03  7.1783818E-05  3.8359591E-03
  2.0799350E+02  1.6234996E-06 -8.4524463E-04 -5.7080511E-03  5.5019580E-05  3.7877672E-03
  2.0799350E+02 -4.4933208E-07 -9.2338778E-04 -5.5468489E-03  5.4448937E-05  3.7474661E-03
  2.0799350E+02 -1.4726180E-06 -8.8651665E-04 -5.4066280E-03  6.6046012E-05  3.7042851E-03
  2.0799350E+02 -9.2521732E-07 -7.8633138E-04 -5.2831999E-03  8.1441989E-05  3.6480407E-03
  2.0799350E+02  9.1882298E-07 -6.8114168E-04 -5.1715936E-03  9.2172770E-05  3.5724199E-03
  2.0799350E+02  2.9928372E-06 -6.0177101E-04 -5.0648476E-03  9.3962637E-05  3.4770580E-03
  2.0799350E+02  3.8515483E-06 -5.3112259E-04 -4.9540921E-03  8.8424096E-05  3.3678803E-03
  2.0799350E+02  2.5897707E-06 -4.1355685E-04 -4.8310113E-03  7.9554094E-05  3.2551849E-03
  2.0799350E+02  3.5906852E-07 -2.1022966E-04 -4.6937714E-03  6.2406814E-05  3.1489373E-03
  2.0799350E+02  2.5756253E-06 -1.6540688E-05 -4.5575016E-03  1.3232301E-06  3.0507511E-03
  2.0799350E+02  2.0584129E-06  2.0686653E-04 -4.4323225E-03 -8.0125441E-05  2.9709922E-03
  2.0799350E+02 -8.6820860E-07  3.7192977E-04 -4.3139461E-03 -7.6742636E-05  2.9410428E-03
  2.0799350E+02  2.6160654E-07  3.9209344E-04 -4.1961279E-03 -6.9485361E-05  2.9213158E-03
  2.0799350E+02  1.1347934E-06  4.0890790E-04 -4.0696559E-03 -7.3883939E-05  2.8931614E-03
  2.0799350E+02  8.5403039E-07  4.7111464E-04 -3.9381319E-03 -9.0722977E-05  2.8506143E-03
  2.0799350E+02 -2.8195000E-08  5.8012500E-04 -3.8096381E-03 -1.1295284E-04  2.7950720E-03
  2.0799350E+02 -7.2142304E-07  7.1938038E-04 -3.6914945E-03 -1.3104807E-04  2.7312357E-03
  2.0799350E+02 -7.9532787E-07  8.7038176E-04 -3.5876952E-03 -1.3686107E-04  2.6642443E-03
  2.0799350E+02 -3.1863345E-07  1.0187599E-03 -3.4983804E-03 -1.2603559E-04  2.5978567E-03
  2.0799350E+02  3.0662021E-07  1.1537570E-03 -3.4206979E-03 -9.9044997E-05  2.5335321E-03
  2.0799350E+02  6.6092031E-07  1.2644916E-03 -3.3504125E-03 -6.0919703E-05  2.4702618E-03
  2.0799350E+02  6.1869338E-07  1.3363766E-03 -3.2836167E-03 -1.9728775E-05  2.4050033E-03
  2.0799350E+02  5.0074602E-07  1.3510631E-03 -3.2179012E-03  1.6119783E-05  2.3335692E-03
  2.0799350E+02  9.1319383E-07  1.2932794E-03 -3.1523387E-03  4.1695258E-05  2.2518231E-03
  2.0799350E+02  2.1183380E-06  1.1679381E-03 -3.0856387E-03  6.0412301E-05  2.1570334E-03
  2.0799350E+02  2.7829495E-06  1.0308807E-03 -3.0118278E-03  8.9886118E-05  2.0492383E-03
  2.0799350E+02  8.8372411E-07  9.2163458E-04 -2.9166885E-03  1.3146369E-04  1.9339312E-03
  2.0799350E+02  1.0851177E-06  7.9700011E-04 -2.8193898E-03  1.1768084E-04  1.8286902E-03
  2.0799350E+02  3.5318490E-07  8.1604651E-04 -2.7291005E-03  1.1647368E-04  1.7338562E-03
  2.0799350E+02 -1.1953194E-07  8.6887411E-04 -2.6451947E-03  1.1754711E-04  1.6466005E-03
  2.0799350E+02 -1.1020362E-07  9.1197911E-04 -2.5656882E-03  1.1355461E-04  1.5644138E-03
  2.0799350E+02  1.8340059E-07  9.3931607E-04 -2.4889363E-03  1.0133946E-04  1.4854403E-03
  2.0799350E+02  4.8636261E-07  9.6142002E-04 -2.4144321E-03  8.1846979E-05  1.4086235E-03
  2.0799350E+02  6.2405097E-07  9.9150982E-04 -2.3429053E-03  5.9076413E-05  1.3336977E-03
  2.0799350E+02  5.7319236E-07  1.0374939E-03 -2.2759274E-03  3.8440822E-05  1.2610525E-03
  2.0799350E+02  4.2623004E-07  1.0987996E-03 -2.2152226E-03  2.4903490E-05  1.1915013E-03
  2.0799350E+02  3.0861952E-07  1.1669479E-03 -2.1618897E-03  2.1259273E-05  1.1259844E-03
  2.0799350E+02  2.8871223E-07  1.2287937E-03 -2.1157363E-03  2.6929353E-05  1.0652354E-03
  2.0799350E+02  3.1987760E-07  1.2713551E-03 -2.0749284E-03  3.7637857E-05  1.0094426E-03
  2.0799350E+02  2.5481803E-07  1.2871457E-03 -2.0362284E-03  4.6329515E-05  9.5802431E-04
  2.0799350E+02 -2.9709590E-08  1.2789930E-03 -1.9956066E-03  4.5774181E-05  9.0900443E-04
  2.0799350E+02 -3.5633434E-07  1.2629899E-03 -1.9504606E-03  3.2976689E-05  8.5939228E-04
  2.0799350E+02  2.2019353E-07  1.2690652E-03 -1.9022727E-03  1.6144146E-05  8.0474113E-04
  2.0799350E+02  8.1781183E-07  1.2480425E-03 -1.8575879E-03  1.7101188E-05  7.3967988E-04
  2.0799350E+02 -3.1212167E-07  1.1947157E-03 -1.8116007E-03  1.4221462E-05  6.7830423E-04
  2.0799350E+02 -8.1373844E-08  1.2260448E-03 -1.7665959E-03  1.0834166E-05  6.2347056E-04
  2.0799350E+02  3.4333932E-07  1.2893734E-03 -1.7241784E-03  1.3771689E-05  5.7139765E-04
  2.0799350E+02  5.4120687E-07  1.3464495E-03 -1.6849175E-03  2.4124815E-05  5.2005829E-04
  2.0799350E+02  4.9085298E-07  1.3766965E-03 -1.6487795E-03  3.9650845E-05  4.6871824E-04
  2.0799350E+02  3.3017045E-07  1.3764372E-03 -1.6154523E-03  5.6686819E-05  4.1752536E-04
  2.0799350E+02  2.0603174E-07  1.3551472E-03 -1.5845704E-03  7.1588910E-05  3.6715244E-04
  2.0799350E+02  1.9745172E-07  1.3298089E-03 -1.5558527E-03  8.1719031E-05  3.1849794E-04
  2.0799350E+02  2.9577623E-07  1.3184431E-03 -1.5291646E-03  8.5999725E-05  2.7244822E-04
  2.0799350E+02  4.2547062E-07  1.3338902E-03 -1.5045149E-03  8.5058388E-05  2.2970535E-04
  2.0799350E+02  4.8908249E-07  1.3789164E-03 -1.4819986E-03  8.0981879E-05  1.9068432E-04
  2.0799350E+02  4.1995258E-07  1.4437184E-03 -1.4616973E-03  7.6702590E-05  1.5548341E-04
  2.0799350E+02  1.0692525E-05 -4.2127649E-06 -3.8452873E-02  3.8320636E-02  0.0000000E+00
  2.0799350E+02  6.6905190E-06  1.5121160E-03 -3.3809420E-02  2.7886791E-02  4.0241142E-03
  2.0799350E+02  2.1735363E-05  6.5528186E-03 -3.8929254E-02  1.1688261E-02  3.0450399E-02
  2.0799350E+02  1.3165615E-05 -1.4108463E-03 -3.9033562E-02 -1.5478689E-02  7.3379859E-02
  2.0799350E+02  1.4532956E-05 -1.4996731E-02 -3.8272525E-02 -2.1246131E-02  9.3395719E-02
  2.0799350E+02 -1.7949353E-06 -1.5881816E-02 -3.5514469E-02 -1.3002443E-02  8.1225830E-02
  2.0799350E+02 -9.9100348E-06 -8.4927132E-03 -3.0397494E-02 -5.0810499E-03  5.8341177E-02
  2.0799350E+02 -7.5918865E-06 -1.5797850E-03 -2.6186970E-02 -8.7372449E-04  3.9298677E-02
  2.0799350E+02  2.1522123E-06  8.2103584E-04 -2.3475323E-02  8.5413465E-04  2.6949078E-02
  2.0799350E+02  9.7417802E-06 -1.3833483E-04 -2.1914690E-02  1.3667323E-03  1.9469917E-02
  2.0799350E+02  1.0719368E-05 -2.5539910E-03 -2.0943027E-02  1.2089406E-03  1.5120960E-02
  2.0799350E+02  8.2275260E-06 -5.5139826E-03 -2.0259892E-02  8.8245512E-04  1.2678944E-02
  2.0799350E+02 -6.5554310E-07 -8.5961149E-03 -1.9740764E-02  5.0599984E-04  1.1359938E-02
  2.0799350E+02  3.6673406E-06 -1.1310724E-02 -1.9319348E-02  1.0977817E-04  1.0681498E-02
  2.0799350E+02  2.8237984E-05 -1.3325836E-02 -1.8910652E-02 -1.2017294E-04  1.0330934E-02
  2.0799350E+02  2.3810647E-05 -1.5027605E-02 -1.8522537E-02 -2.8577529E-04  1.0159082E-02
  2.0799350E+02  3.4357709E-05 -1.6220552E-02 -1.8030609E-02 -4.4012274E-04  1.0164385E-02
  2.0799350E+02  2.6554649E-05 -1.6537408E-02 -1.7483087E-02 -4.6276587E-04  1.0262569E-02
  2.0799350E+02  2.9202512E-05 -1.5702782E-02 -1.6928083E-02 -4.5498408E-04  1.0398289E-02
  2.0799350E+02  3.2325871E-05 -1.4155357E-02 -1.6353899E-02 -4.7006719E-04  1.0533338E-02
  2.0799350E+02  2.8694512E-05 -1.2468367E-02 -1.5772204E-02 -4.8561267E-04  1.0619770E-02
  2.0799350E+02  2.3006935E-05 -1.0987769E-02 -1.5218899E-02 -4.3905063E-04  1.0612235E-02
  2.0799350E+02  2.3330960E-05 -9.7084816E-03 -1.4719915E-02 -2.9487753E-04  1.0496948E-02
  2.0799350E+02  2.9065092E-05 -8.3545178E-03 -1.4249411E-02 -1.0921697E-04  1.0313643E-02
  2.0799350E+02  3.0179776E-05 -6.7193785E-03 -1.3742752E-02 -6.0076134E-05  1.0147643E-02
  2.0799350E+02  3.1994673E-05 -5.2267467E-03 -1.3190181E-02 -4.1112734E-04  1.0069497E-02
  2.0799350E+02  2.3986751E-05 -3.5020454E-03 -1.2654766E-02 -7.1099973E-04  1.0014529E-02
  2.0799350E+02  9.6312559E-06 -2.3932263E-03 -1.2157868E-02 -4.6691976E-04  9.9122628E-03
  2.0799350E+02  2.0356787E-06 -1.8196730E-03 -1.1649534E-02 -2.5791381E-04  9.6762303E-03
  2.0799350E+02 -3.5319948E-06 -1.1420279E-03 -1.1120441E-02 -1.8672290E-04  9.3006974E-03
  2.0799350E+02 -5.6220437E-06 -1.6299090E-04 -1.0603019E-02 -2.0062848E-04  8.8340429E-03
  2.0799350E+02 -2.9391623E-06  1.0447947E-03 -1.0129437E-02 -2.2224576E-04  8.3429381E-03
  2.0799350E+02  3.3399639E-06  2.2946670E-03 -9.7078428E-03 -2.0983664E-04  7.8820360E-03
  2.0799350E+02  1.0055629E-05  3.3871333E-03 -9.3274120E-03 -1.6603701E-04  7.4842912E-03
  2.0799350E+02  1.3971474E-05  4.1801417E-03 -8.9689782E-03 -1.1573588E-04  7.1565167E-03
  2.0799350E+02  1.3811726E-05  4.6092981E-03 -8.6224829E-03 -7.3662422E-05  6.8861176E-03
  2.0799350E+02  1.1209141E-05  4.6769119E-03 -8.2924366E-03 -2.0409111E-05  6.6476093E-03
  2.0799350E+02  9.1084570E-06  4.3784559E-03 -7.9958376E-03  9.0993588E-05  6.4183580E-03
  2.0799350E+02  6.4498131E-06  3.5852577E-03 -7.7341683E-03  2.7973592E-04  6.1918660E-03
  2.0799350E+02  1.8307499E-06  2.7436571E-03 -7.4435635E-03  3.5641080E-04  5.9964706E-03
  2.0799350E+02  1.1902274E-06  2.1739416E-03 -7.1006045E-03  3.4315693E-04  5.7926850E-03
  2.0799350E+02 -1.4292680E-07  1.6860086E-03 -6.7601454E-03  3.1092795E-04  5.5747099E-03
  2.0799350E+02 -8.5089207E-07  1.4192572E-03 -6.4495028E-03  2.5057157E-04  5.3605446E-03
  2.0799350E+02 -5.8234833E-07  1.2892474E-03 -6.1773002E-03  1.7606126E-04  5.1614074E-03
  2.0799350E+02  4.5945156E-07  1.1566363E-03 -5.9434347E-03  1.0745127E-04  4.9829472E-03
  2.0799350E+02  1.8441766E-06  9.2185334E-04 -5.7419475E-03  5.9532052E-05  4.8239961E-03
  2.0799350E+02  3.1477619E-06  5.6398490E-04 -5.5668135E-03  3.7733797E-05  4.6797186E-03
  2.0799350E+02  4.0989440E-06  1.3524470E-04 -5.4131480E-03  3.7883378E-05  4.5430997E-03
  2.0799350E+02  4.6333655E-06 -2.6753419E-04 -5.2787541E-03  4.9237767E-05  4.4081153E-03
  2.0799350E+02  4.8806736E-06 -5.5181528E-04 -5.1617117E-03  5.9510057E-05  4.2702530E-03
  2.0799350E+02  5.0523174E-06 -6.6732011E-04 -5.0597689E-03  6.0480304E-05  4.1289006E-03
  2.0799350E+02  5.2605582E-06 -6.2983337E-04 -4.9675855E-03  5.2861395E-05  3.9876085E-03
  2.0799350E+02  5.2583404E-06 -5.1093538E-04 -4.8736365E-03  4.9180749E-05  3.8531475E-03
  2.0799350E+02  4.1045744E-06 -3.8069968E-04 -4.7577612E-03  7.3373354E-05  3.7341917E-03
  2.0799350E+02  9.1461557E-07 -2.5308055E-04 -4.5975209E-03  3.3529060E-05  3.6031368E-03
  2.0799350E+02 -1.2623079E-06 -2.0237193E-06 -4.4337221E-03 -4.3768837E-05  3.4838948E-03
  2.0799350E+02 -2.0969298E-06  2.1055914E-04 -4.2808682E-03 -7.8987852E-05  3.3988026E-03
  2.0799350E+02 -1.9916842E-06  2.9256214E-04 -4.1404334E-03 -9.4322953E-05  3.3313842E-03
  2.0799350E+02 -1.4507071E-06  2.7035819E-04 -4.0104349E-03 -1.0118849E-04  3.2673575E-03
  2.0799350E+02 -8.8097450E-07  2.1505345E-04 -3.8886654E-03 -1.0440689E-04  3.1975220E-03
  2.0799350E+02 -5.1346899E-07  1.9618342E-04 -3.7736283E-03 -1.0533539E-04  3.1181943E-03
  2.0799350E+02 -4.0314971E-07  2.5602185E-04 -3.6648411E-03 -1.0375066E-04  3.0303988E-03
  2.0799350E+02 -4.8249385E-07  3.9991401E-04 -3.5635353E-03 -9.8884108E-05  2.9389834E-03
  2.0799350E+02 -6.3920283E-07  6.0061650E-04 -3.4710084E-03 -8.9830929E-05  2.8496170E-03
  2.0799350E+02 -7.9320586E-07  8.1045143E-04 -3.3887030E-03 -7.5656983E-05  2.7672348E-03
  2.0799350E+02 -9.4138461E-07  9.7855887E-04 -3.3170948E-03 -5.5409894E-05  2.6938299E-03
  2.0799350E+02 -1.1424183E-06  1.0672937E-03 -3.2554777E-03 -2.8556173E-05  2.6276424E-03
  2.0799350E+02 -1.4167854E-06  1.0681137E-03 -3.2007330E-03  4.4527615E-06  2.5620542E-03
  2.0799350E+02 -1.5291933E-06  1.0065221E-03 -3.1478120E-03  4.0490838E-05  2.4871848E-03
  2.0799350E+02 -6.2901931E-07  9.3704883E-04 -3.0901155E-03  7.1181831E-05  2.3925490E-03
  2.0799350E+02  1.3219624E-06  9.3930900E-04 -3.0092034E-03  7.4309776E-05  2.2748902E-03
  2.0799350E+02  8.2277699E-07  1.0324126E-03 -2.9034989E-03  8.0362628E-05  2.1562981E-03
  2.0799350E+02  8.3398984E-07  1.0968915E-03 -2.8091195E-03  1.0038903E-04  2.0409409E-03
  2.0799350E+02  7.3166510E-07  1.1105079E-03 -2.7213626E-03  1.1304992E-04  1.9306604E-03
  2.0799350E+02  4.3582191E-07  1.0847704E-03 -2.6375100E-03  1.1256188E-04  1.8253163E-03
  2.0799350E+02  8.7844901E-08  1.0443042E-03 -2.5567487E-03  1.0089638E-04  1.7246859E-03
  2.0799350E+02 -1.5247238E-07  1.0130075E-03 -2.4787623E-03  8.2668951E-05  1.6280410E-03
  2.0799350E+02 -2.0295388E-07  1.0068527E-03 -2.4039657E-03  6.2247369E-05  1.5352584E-03
  2.0799350E+02 -8.0828898E-08  1.0314157E-03 -2.3329586E-03  4.2566544E-05  1.4465329E-03
  2.0799350E+02  1.2562358E-07  1.0826541E-03 -2.2668306E-03  2.5296164E-05  1.3628632E-03
  2.0799350E+02  3.1480464E-07  1.1504641E-03 -2.2062333E-03  1.1329806E-05  1.2848252E-03
  2.0799350E+02  4.2879972E-07  1.2228066E-03 -2.1517445E-03  1.7969519E-06  1.2129025E-03
  2.0799350E+02  4.8786401E-07  1.2896463E-03 -2.1035551E-03 -1.4649678E-06  1.1470406E-03
  2.0799350E+02  5.7691567E-07  1.3453540E-03 -2.0611562E-03  3.7450163E-06  1.0863718E-03
  2.0799350E+02  7.5794990E-07  1.3877445E-03 -2.0232987E-03  1.8186218E-05  1.0296619E-03
  2.0799350E+02  8.8583352E-07  1.4139021E-03 -1.9870814E-03  3.7572874E-05  9.7495331E-04
  2.0799350E+02  3.0031538E-07  1.4095002E-03 -1.9476512E-03  4.6484251E-05  9.2065153E-04
  2.0799350E+02 -3.3352578E-07  1.3714305E-03 -1.9046700E-03  3.2890104E-05  8.6494436E-04
  2.0799350E+02  2.9863012E-07  1.2899390E-03 -1.8620038E-03  2.9922099E-05  8.0118015E-04
  2.0799350E+02  1.1250205E-07  1.2060251E-03 -1.8134039E-03  2.4621558E-05  7.3459153E-04
  2.0799350E+02 -1.0255411E-07  1.1742443E-03 -1.7637057E-03  2.1701333E-05  6.6939447E-04
  2.0799350E+02 -1.1150713E-07  1.1940617E-03 -1.7165218E-03  2.3711939E-05  6.0721650E-04
  2.0799350E+02  4.5792103E-08  1.2421079E-03 -1.6739239E-03  3.1183791E-05  5.4813458E-04
  2.0799350E+02  2.3936336E-07  1.2925230E-03 -1.6367953E-03  4.2924603E-05  4.9191494E-04
  2.0799350E+02  3.6033419E-07  1.3288363E-03 -1.6046479E-03  5.6635836E-05  4.3792367E-04
  2.0799350E+02  3.6750434E-07  1.3474003E-03 -1.5763558E-03  6.9500280E-05  3.8586847E-04
  2.0799350E+02  2.8933616E-07  1.3557447E-03 -1.5505018E-03  7.8865767E-05  3.3572460E-04
  2.0799350E+02  1.9682895E-07  1.3672621E-03 -1.5260087E-03  8.2809209E-05  2.8806888E-04
  2.0799350E+02  1.6040625E-07  1.3943952E-03 -1.5022057E-03  8.0759580E-05  2.4341298E-04
  2.0799350E+02  2.1003507E-07  1.4421136E-03 -1.4791708E-03  7.3758311E-05  2.0238343E-04
  2.0799350E+02 -1.0906998E-06 -2.6025176E-07 -1.9459023E-02  1.9418379E-02 -1.3311731E-11
  2.0799350E+02  2.0386966E-06  1.3810030E-04 -9.5568621E-03  5.0849064E-03  2.9110607E-04
  2.0799350E+02  4.1911883E-09  6.0684137E-04 -1.1896974E-02  7.7142256E-03  2.2396984E-03
  2.0799350E+02  2.8736679E-06  2.4766771E-03 -1.9137233E-02  1.1664503E-02  8.3102065E-03
  2.0799350E+02  6.5826115E-06  3.9889615E-03 -2.6980830E-02  8.8980496E-03  2.3478277E-02
  2.0799350E+02  2.1215621E-05 -7.7413689E-04 -3.2555632E-02 -1.8363689E-03  5.0795716E-02
  2.0799350E+02  5.8466251E-07 -1.1416770E-02 -3.6187481E-02 -1.1863053E-02  8.2462914E-02
  2.0799350E+02  9.1679445E-07 -1.9967348E-02 -3.8729152E-02 -1.4682420E-02  1.0225610E-01
  2.0799350E+02 -1.6794394E-05 -1.7050850E-02 -3.7325170E-02 -1.1008785E-02  1.0100103E-01
  2.0799350E+02  8.9569153E-06 -7.9348809E-03 -3.3785876E-02 -5.7773080E-03  8.4859508E-02
  2.0799350E+02  2.1183998E-05  1.4107174E-03 -2.9901890E-02 -2.0305628E-03  6.4427620E-02
  2.0799350E+02  2.0612876E-05  7.4541530E-03 -2.6206198E-02  1.3402588E-04  4.6802951E-02
  2.0799350E+02  2.2170070E-05  9.6383707E-03 -2.3107758E-02  1.1039699E-03  3.4082690E-02
  2.0799350E+02  2.0085067E-05  8.8419286E-03 -2.0841873E-02  1.2767450E-03  2.5466095E-02
  2.0799350E+02  9.6954860E-06  5.7564315E-03 -1.9225381E-02  1.2825911E-03  1.9872089E-02
  2.0799350E+02  1.5726066E-05  1.7408495E-03 -1.8142226E-02  1.1430356E-03  1.6322160E-02
  2.0799350E+02 -9.6226089E-08 -2.3097333E-03 -1.7299615E-02  5.4789211E-04  1.4115695E-02
  2.0799350E+02  5.5221671E-06 -5.4763247E-03 -1.6663959E-02  2.4639138E-04  1.2825330E-02
  2.0799350E+02  1.1235368E-05 -7.3435602E-03 -1.6213336E-02  1.4300877E-04  1.2111053E-02
  2.0799350E+02  1.2498931E-05 -8.4950230E-03 -1.5844449E-02  1.2788469E-04  1.1708416E-02
  2.0799350E+02  1.1981240E-05 -9.5027938E-03 -1.5490099E-02  1.2424971E-04  1.1450629E-02
  2.0799350E+02  1.2603881E-05 -1.0505899E-02 -1.5141946E-02  9.1333885E-05  1.1264445E-02
  2.0799350E+02  1.3997930E-05 -1.1225546E-02 -1.4819091E-02  7.9490293E-06  1.1146393E-02
  2.0799350E+02  1.3163111E-05 -1.1265029E-02 -1.4523011E-02 -1.3806674E-04  1.1125884E-02
  2.0799350E+02  1.0116776E-05 -1.0542204E-02 -1.4219371E-02 -3.2935336E-04  1.1221756E-02
  2.0799350E+02  1.9319647E-05 -9.7024159E-03 -1.3887260E-02 -4.4229292E-04  1.1398768E-02
  2.0799350E+02  1.5239646E-05 -8.7501178E-03 -1.3529296E-02 -3.8351360E-04  1.1392194E-02
  2.0799350E+02  1.7479258E-05 -7.6782580E-03 -1.3012681E-02 -2.5670068E-04  1.1303169E-02
  2.0799350E+02  2.1690498E-05 -7.1290236E-03 -1.2475507E-02 -1.5609930E-04  1.1235615E-02
  2.0799350E+02  1.7853304E-05 -6.6600750E-03 -1.1979651E-02 -1.4492303E-04  1.1162167E-02
  2.0799350E+02  1.0607877E-05 -5.8503245E-03 -1.1535436E-02 -2.0919267E-04  1.1055003E-02
  2.0799350E+02  6.0691595E-06 -4.5894017E-03 -1.1133725E-02 -2.9781669E-04  1.0896435E-02
  2.0799350E+02  6.2981284E-06 -3.0862328E-03 -1.0762766E-02 -3.5508989E-04  1.0680919E-02
  2.0799350E+02  9.0929387E-06 -1.7048610E-03 -1.0414091E-02 -3.4434655E-04  1.0411603E-02
  2.0799350E+02  1.0762922E-05 -7.3563428E-04 -1.0081753E-02 -2.6150393E-04  1.0094526E-02
  2.0799350E+02  9.5484640E-06 -2.0988733E-04 -9.7592095E-03 -1.3723244E-04  9.7335760E-03
  2.0799350E+02  7.3497701E-06  1.3375353E-04 -9.4381327E-03 -2.6488261E-05  9.3293115E-03
  2.0799350E+02  7.4275493E-06  6.2331733E-04 -9.1134500E-03  1.5855265E-05  8.8847742E-03
  2.0799350E+02  5.7386208E-06  1.0595591E-03 -8.7989095E-03 -2.5458433E-05  8.4213863E-03
  2.0799350E+02  4.3157066E-06  1.2957448E-03 -8.4354282E-03 -2.6754890E-04  8.0682907E-03
  2.0799350E+02  4.1197437E-06  1.7042920E-03 -8.0420517E-03 -2.2706496E-04  7.7889243E-03
  2.0799350E+02  3.0260697E-08  1.7061326E-03 -7.6906756E-03  2.9200532E-06  7.5260542E-03
  2.0799350E+02 -1.2693418E-06  1.5525001E-03 -7.3614008E-03  1.8712360E-04  7.2913556E-03
  2.0799350E+02  3.2177923E-08  1.3669650E-03 -7.0494085E-03  2.6881915E-04  7.0763333E-03
  2.0799350E+02  1.9397827E-06  1.2048783E-03 -6.7559350E-03  2.7001555E-04  6.8641010E-03
  2.0799350E+02  3.1610414E-06  1.0891568E-03 -6.4831978E-03  2.3081337E-04  6.6384969E-03
  2.0799350E+02  3.7411556E-06  1.0279478E-03 -6.2323212E-03  1.7966788E-04  6.3904135E-03
  2.0799350E+02  4.5072621E-06  1.0197094E-03 -6.0033125E-03  1.2628840E-04  6.1212255E-03
  2.0799350E+02  6.0051462E-06  1.0512445E-03 -5.7961378E-03  6.8903941E-05  5.8431940E-03
  2.0799350E+02  7.6115030E-06  1.0942259E-03 -5.6119473E-03  7.6247003E-06  5.5767296E-03
  2.0799350E+02  7.5048795E-06  1.1057475E-03 -5.4535002E-03 -4.4370686E-05  5.3443960E-03
  2.0799350E+02  4.1784340E-06  1.0384419E-03 -5.3238383E-03 -6.0092417E-05  5.1615323E-03
  2.0799350E+02  1.7764851E-07  8.6569820E-04 -5.2222584E-03 -1.6711562E-05  5.0233780E-03
  2.0799350E+02  8.7461279E-06  6.2751952E-04 -5.1366343E-03  5.9482906E-05  4.8885801E-03
  2.0799350E+02  1.0175825E-05  3.0566787E-04 -5.0091420E-03  8.0562805E-05  4.6945578E-03
  2.0799350E+02  9.2718762E-07 -3.2454693E-05 -4.8564219E-03  1.3596963E-04  4.4826723E-03
  2.0799350E+02  1.9118420E-06 -2.6612866E-04 -4.6974460E-03  1.5676845E-04  4.2800298E-03
  2.0799350E+02  3.4416721E-06 -4.0442358E-04 -4.5306338E-03  1.1937072E-04  4.1029706E-03
  2.0799350E+02  2.8572942E-06 -4.5504118E-04 -4.3629287E-03  4.3653045E-05  3.9570863E-03
  2.0799350E+02  7.7696006E-07 -4.3559334E-04 -4.2031005E-03 -3.7415849E-05  3.8399521E-03
  2.0799350E+02 -1.3013814E-06 -3.7386994E-04 -4.0577798E-03 -9.6361587E-05  3.7439750E-03
  2.0799350E+02 -2.2994958E-06 -3.0085175E-04 -3.9297123E-03 -1.2013372E-04  3.6591756E-03
  2.0799350E+02 -2.0143765E-06 -2.4022388E-04 -3.8177144E-03 -1.1150791E-04  3.5757180E-03
  2.0799350E+02 -9.8449151E-07 -1.9814493E-04 -3.7178151E-03 -8.5090325E-05  3.4860067E-03
  2.0799350E+02 -2.1393465E-08 -1.5702750E-04 -3.6250686E-03 -6.0053792E-05  3.3861644E-03
  2.0799350E+02  3.3867674E-07 -7.7085111E-05 -3.5355206E-03 -5.1735304E-05  3.2767089E-03
  2.0799350E+02  2.0856210E-07  9.0598932E-05 -3.4478131E-03 -6.4224435E-05  3.1622450E-03
  2.0799350E+02  2.9470734E-07  3.7572541E-04 -3.3639111E-03 -8.6072235E-05  3.0499877E-03
  2.0799350E+02  1.1577919E-06  7.4140047E-04 -3.2884361E-03 -9.1250189E-05  2.9469333E-03
  2.0799350E+02  1.5348479E-06  1.0139689E-03 -3.2260894E-03 -4.7488787E-05  2.8554950E-03
  2.0799350E+02 -5.1681372E-07  1.0470287E-03 -3.1785192E-03  1.7103860E-05  2.7763653E-03
  2.0799350E+02  5.1327373E-07  1.2483478E-03 -3.1092758E-03  2.4580400E-05  2.6967458E-03
  2.0799350E+02  1.0348312E-08  1.2740568E-03 -3.0145550E-03  6.1128426E-05  2.5930262E-03
  2.0799350E+02 -2.4199410E-07  1.2422162E-03 -2.9132903E-03  9.4955837E-05  2.4756475E-03
  2.0799350E+02  7.7921647E-08  1.2071569E-03 -2.8157994E-03  1.1458681E-04  2.3525978E-03
  2.0799350E+02  6.7328205E-07  1.1857128E-03 -2.7262801E-03  1.1950888E-04  2.2292800E-03
  2.0799350E+02  1.1506891E-06  1.1760911E-03 -2.6449828E-03  1.1371334E-04  2.1087453E-03
  2.0799350E+02  1.2835928E-06  1.1704655E-03 -2.5700387E-03  1.0168159E-04  1.9921891E-03
  2.0799350E+02  1.0803099E-06  1.1623788E-03 -2.4989289E-03  8.6370079E-05  1.8796045E-03
  2.0799350E+02  7.1968285E-07  1.1500400E-03 -2.4295731E-03  6.8746452E-05  1.7704903E-03
  2.0799350E+02  4.1743899E-07  1.1366022E-03 -2.3610220E-03  4.8429533E-05  1.6645069E-03
  2.0799350E+02  2.8630354E-07  1.1285073E-03 -2.2937340E-03  2.4985769E-05  1.5619789E-03
  2.0799350E+02  2.5292481E-07  1.1329826E-03 -2.2294192E-03 -5.6522542E-07  1.4641373E-03
  2.0799350E+02  9.4667485E-08  1.1557763E-03 -2.1704314E-03 -2.4483416E-05  1.3729987E-03
  2.0799350E+02 -3.4066917E-07  1.2002158E-03 -2.1186911E-03 -3.9726740E-05  1.2907772E-03
  2.0799350E+02 -6.6915173E-07  1.2686774E-03 -2.0741197E-03 -3.6502526E-05  1.2187233E-03
  2.0799350E+02  8.0402503E-07  1.3675505E-03 -2.0325697E-03 -4.3993133E-06  1.1552877E-03
  2.0799350E+02  1.8838891E-06  1.4216936E-03 -1.9856982E-03  1.5477747E-05  1.0939362E-03
  2.0799350E+02 -5.5948400E-07  1.4584267E-03 -1.9395807E-03  1.8581816E-07  1.0336453E-03
  2.0799350E+02 -3.4056427E-07  1.5212091E-03 -1.8948459E-03  9.0628096E-06  9.7117918E-04
  2.0799350E+02  3.1145616E-07  1.5245431E-03 -1.8504011E-03  2.4414566E-05  9.0418852E-04
  2.0799350E+02  6.0032631E-07  1.4581534E-03 -1.8058673E-03  3.8380943E-05  8.3317892E-04
  2.0799350E+02  4.8126990E-07  1.3492922E-03 -1.7614772E-03  4.8671120E-05  7.6004316E-04
  2.0799350E+02  1.9702429E-07  1.2363120E-03 -1.7179243E-03  5.5655042E-05  6.8703719E-04
  2.0799350E+02 -4.1583635E-09  1.1519068E-03 -1.6761770E-03  6.0563841E-05  6.1613534E-04
  2.0799350E+02 -4.0907904E-09  1.1144261E-03 -1.6372758E-03  6.4552014E-05  5.4869968E-04
  2.0799350E+02  1.6064560E-07  1.1256629E-03 -1.6021287E-03  6.8374202E-05  4.8539912E-04
  2.0799350E+02  3.4932972E-07  1.1735200E-03 -1.5713213E-03  7.2429359E-05  4.2631319E-04
  2.0799350E+02  4.0751938E-07  1.2379555E-03 -1.5449574E-03  7.6925142E-05  3.7115596E-04
  2.0799350E+02  2.6171631E-07  1.2986116E-03 -1.5225465E-03  8.1915327E-05  3.1955522E-04
  2.0799350E+02 -3.6722891E-06  6.0464783E-07 -2.4291771E-02  2.4274066E-02 -4.3943670E-12
  2.0799350E+02 -4.2697920E-07  2.1575149E-04 -7.6748787E-03  5.5643158E-04  4.5817903E-05
  2.0799350E+02 -3.9467226E-06  7.1033170E-04 -5.6197069E-03 -1.0320817E-04  4.2858267E-04
  2.0799350E+02 -1.7644474E-06  1.7519412E-03 -7.4941744E-03  2.9512976E-03  1.4311709E-03
  2.0799350E+02 -3.2326702E-06  4.2767231E-03 -1.1130611E-02  5.7768741E-03  3.4912623E-03
  2.0799350E+02  1.1650525E-05  7.2358826E-03 -1.5807130E-02  7.0649991E-03  8.0458333E-03
  2.0799350E+02  7.3782740E-06  9.0540588E-03 -2.1349549E-02  6.2589188E-03  1.7205133E-02
  2.0799350E+02  3.0745210E-06  6.6530767E-03 -2.7597010E-02  3.8001472E-03  3.3034756E-02
  2.0799350E+02 -2.6684492E-05 -2.7210007E-03 -3.2502066E-02 -1.6580590E-04  5.6236911E-02
  2.0799350E+02 -1.6504933E-05 -1.7188366E-02 -3.5580000E-02 -4.8916844E-03  8.3585204E-02
  2.0799350E+02  2.0146130E-05 -2.9905327E-02 -3.7569608E-02 -8.2626569E-03  1.0703065E-01
  2.0799350E+02  3.9966736E-05 -3.5583699E-02 -3.8591642E-02 -9.6372043E-03  1.1959759E-01
  2.0799350E+02  1.7564478E-05 -3.1732604E-02 -3.8494390E-02 -9.4872231E-03  1.1869375E-01
  2.0799350E+02  1.1299432E-05 -1.9791792E-02 -3.7100938E-02 -7.6109219E-03  1.0644281E-01
  2.0799350E+02  6.9856798E-05 -4.8110171E-03 -3.4513458E-02 -3.6655873E-03  8.8004013E-02
  2.0799350E+02  5.4483183E-05  7.7574648E-03 -3.1054536E-02 -1.8076413E-03  6.8876257E-02
  2.0799350E+02  4.6856757E-05  1.6825284E-02 -2.7186001E-02 -6.1451048E-05  5.2475331E-02
  2.0799350E+02  1.8461112E-05  2.0177324E-02 -2.3773505E-02  1.1545548E-03  3.9584527E-02
  2.0799350E+02  1.3216944E-05  1.8711527E-02 -2.0946446E-02  1.5052529E-03  2.9971018E-02
  2.0799350E+02  2.1071077E-05  1.4807274E-02 -1.8776724E-02  1.4345069E-03  2.3095712E-02
  2.0799350E+02  2.7930890E-05  1.0438299E-02 -1.7236757E-02  1.3306901E-03  1.8374278E-02
  2.0799350E+02  3.0342662E-05  6.5360755E-03 -1.6204989E-02  1.2645797E-03  1.5281555E-02
  2.0799350E+02  3.0445312E-05  3.1722479E-03 -1.5504341E-02  1.0919693E-03  1.3361059E-02
  2.0799350E+02  2.6730993E-05  1.2874463E-04 -1.4959046E-02  7.1334497E-04  1.2201282E-02
  2.0799350E+02  1.6143984E-05 -2.5758511E-03 -1.4455318E-02  2.8297233E-04  1.1440514E-02
  2.0799350E+02  2.3123005E-05 -4.6379372E-03 -1.3990603E-02  1.5994266E-04  1.0861047E-02
  2.0799350E+02  8.3724755E-06 -6.3573594E-03 -1.3637714E-02 -1.9229072E-05  1.0434243E-02
  2.0799350E+02 -6.6644386E-06 -7.3788177E-03 -1.3298045E-02  2.3841258E-05  1.0295619E-02
  2.0799350E+02 -2.7688414E-07 -7.7527410E-03 -1.2965201E-02  1.4696199E-04  1.0330642E-02
  2.0799350E+02  7.6502195E-06 -7.6665671E-03 -1.2618962E-02  1.4061379E-04  1.0399535E-02
  2.0799350E+02  1.2295590E-05 -7.2847104E-03 -1.2245542E-02  3.1093100E-06  1.0436492E-02
  2.0799350E+02  1.4340408E-05 -6.7925083E-03 -1.1852797E-02 -1.7860243E-04  1.0430721E-02
  2.0799350E+02  1.5015157E-05 -6.3672256E-03 -1.1466628E-02 -3.1076915E-04  1.0402789E-02
  2.0799350E+02  1.4493488E-05 -6.1139566E-03 -1.1116564E-02 -3.4131328E-04  1.0380424E-02
  2.0799350E+02  1.2372124E-05 -6.0042606E-03 -1.0818535E-02 -2.7896228E-04  1.0377933E-02
  2.0799350E+02  8.9758351E-06 -5.8553707E-03 -1.0562811E-02 -1.8703873E-04  1.0383370E-02
  2.0799350E+02  6.2264779E-06 -5.3878114E-03 -1.0315126E-02 -1.5591752E-04  1.0357641E-02
  2.0799350E+02  6.8151364E-06 -4.3992654E-03 -1.0038961E-02 -2.5815773E-04  1.0249665E-02
  2.0799350E+02  1.0416369E-05 -3.0925244E-03 -9.7469991E-03 -4.9031647E-04  1.0031769E-02
  2.0799350E+02  8.6745057E-06 -2.4380070E-03 -9.4771507E-03 -4.0446419E-04  9.8503304E-03
  2.0799350E+02  7.9050018E-06 -1.7814968E-03 -9.1034551E-03 -2.1775145E-04  9.6505346E-03
  2.0799350E+02  9.5681713E-06 -1.0252688E-03 -8.6975446E-03 -1.8122125E-04  9.3569966E-03
  2.0799350E+02  1.1644346E-05 -3.6224792E-04 -8.3029912E-03 -1.7413054E-04  9.0224346E-03
  2.0799350E+02  1.2553053E-05  1.2768373E-04 -7.9440210E-03 -1.4010305E-04  8.6829538E-03
  2.0799350E+02  1.1498307E-05  4.2463000E-04 -7.6277266E-03 -6.5938682E-05  8.3599021E-03
  2.0799350E+02  8.5194369E-06  5.3894932E-04 -7.3487433E-03  3.5758871E-05  8.0625553E-03
  2.0799350E+02  4.3269920E-06  4.9838200E-04 -7.0952377E-03  1.4046412E-04  7.7912869E-03
  2.0799350E+02  3.2681917E-09  3.4556972E-04 -6.8550618E-03  2.2244899E-04  7.5408738E-03
  2.0799350E+02 -3.3529998E-06  1.3950038E-04 -6.6209204E-03  2.6266707E-04  7.3035911E-03
  2.0799350E+02 -4.9582400E-06 -4.5588358E-05 -6.3934063E-03  2.5413059E-04  7.0717492E-03
  2.0799350E+02 -4.5723957E-06 -1.3031338E-04 -6.1807500E-03  2.0510780E-04  6.8393238E-03
  2.0799350E+02 -2.5444848E-06 -5.5725188E-05 -5.9941385E-03  1.4046863E-04  6.6023349E-03
  2.0799350E+02  4.0417537E-07  1.6917178E-04 -5.8374504E-03  1.0150616E-04  6.3576236E-03
  2.0799350E+02  3.7386210E-06  3.9149084E-04 -5.6902615E-03  1.4456184E-04  6.0996830E-03
  2.0799350E+02  4.3084348E-06  6.1304745E-04 -5.5002608E-03  3.6928995E-05  5.8302027E-03
  2.0799350E+02  3.4296980E-06  9.5790562E-04 -5.2939627E-03 -9.5009015E-05  5.6218185E-03
  2.0799350E+02  3.1942827E-06  1.1579303E-03 -5.1113718E-03 -5.3542574E-05  5.4403685E-03
  2.0799350E+02  2.8712105E-06  1.2030595E-03 -4.9552967E-03  5.8911845E-05  5.2555338E-03
  2.0799350E+02  2.3393494E-06  1.1142297E-03 -4.8127655E-03  1.6522577E-04  5.0575151E-03
  2.0799350E+02  1.7712659E-06  9.2865819E-04 -4.6699070E-03  2.2032302E-04  4.8492488E-03
  2.0799350E+02  1.4057274E-06  6.8875489E-04 -4.5195611E-03  2.1057913E-04  4.6401202E-03
  2.0799350E+02  1.4010191E-06  4.3430950E-04 -4.3632547E-03  1.4777195E-04  4.4411064E-03
  2.0799350E+02  1.7612406E-06  1.9760083E-04 -4.2091817E-03  5.9499023E-05  4.2612813E-03
  2.0799350E+02  2.3277486E-06  1.0758138E-06 -4.0678251E-03 -2.2022274E-05  4.1056153E-03
  2.0799350E+02  2.8279094E-06 -1.4275516E-04 -3.9468589E-03 -7.0856014E-05  3.9740009E-03
  2.0799350E+02  2.9731486E-06 -2.2965872E-04 -3.8468120E-03 -7.6008241E-05  3.8612573E-03
  2.0799350E+02  2.5986599E-06 -2.5991800E-04 -3.7600769E-03 -4.6047885E-05  3.7591354E-03
  2.0799350E+02  1.8392404E-06 -2.3478481E-04 -3.6724858E-03 -7.6397179E-06  3.6574924E-03
  2.0799350E+02  1.3268601E-06 -1.5055668E-04 -3.5724326E-03  4.0374635E-06  3.5483328E-03
  2.0799350E+02  2.4090961E-06  6.9088472E-06 -3.4665689E-03 -3.5408088E-05  3.4297465E-03
  2.0799350E+02  4.0123344E-06  1.4421076E-04 -3.3859360E-03 -7.4695158E-05  3.3138529E-03
  2.0799350E+02  6.7895179E-07  1.9127914E-04 -3.2914203E-03 -4.9449442E-05  3.2082835E-03
  2.0799350E+02 -6.8662462E-07  3.9479177E-04 -3.1986001E-03 -3.8426173E-05  3.1012736E-03
  2.0799350E+02 -1.0731734E-06  6.3798630E-04 -3.1078224E-03 -2.4636710E-05  2.9929169E-03
  2.0799350E+02 -1.1076350E-06  8.6161138E-04 -3.0183321E-03 -4.7482664E-06  2.8827231E-03
  2.0799350E+02 -1.1003087E-06  1.0414019E-03 -2.9296170E-03  1.8318175E-05  2.7701817E-03
  2.0799350E+02 -1.1230341E-06  1.1720157E-03 -2.8419992E-03  4.0110803E-05  2.6550641E-03
  2.0799350E+02 -1.1053710E-06  1.2564447E-03 -2.7566514E-03  5.7196722E-05  2.5375216E-03
  2.0799350E+02 -9.3379284E-07  1.2999142E-03 -2.6752186E-03  6.8044476E-05  2.4180379E-03
  2.0799350E+02 -5.3890584E-07  1.3072825E-03 -2.5992273E-03  7.2745308E-05  2.2972947E-03
  2.0799350E+02  4.4290761E-08  1.2829558E-03 -2.5294592E-03  7.2079126E-05  2.1760078E-03
  2.0799350E+02  6.5809026E-07  1.2323298E-03 -2.4654721E-03  6.6431134E-05  2.0547927E-03
  2.0799350E+02  1.0606957E-06  1.1637722E-03 -2.4054479E-03  5.5065095E-05  1.9341175E-03
  2.0799350E+02  1.0367544E-06  1.0901589E-03 -2.3465464E-03  3.6259195E-05  1.8144014E-03
  2.0799350E+02  5.9479721E-07  1.0289779E-03 -2.2859473E-03  8.8104560E-06  1.6963168E-03
  2.0799350E+02  2.6656617E-07  1.0000130E-03 -2.2227584E-03 -2.4586312E-05  1.5813541E-03
  2.0799350E+02  1.5232194E-06  1.0196212E-03 -2.1609720E-03 -5.1579085E-05  1.4727059E-03
  2.0799350E+02  2.0525418E-06  1.0707848E-03 -2.1037653E-03 -4.9610915E-05  1.3771741E-03
  2.0799350E+02 -5.1130196E-07  1.1014529E-03 -2.0441447E-03 -4.1459953E-05  1.2986361E-03
  2.0799350E+02 -5.7083998E-07  1.1702782E-03 -1.9880361E-03 -3.7480427E-05  1.2288560E-03
  2.0799350E+02 -3.4232576E-08  1.2813450E-03 -1.9336856E-03 -3.6541981E-05  1.1617919E-03
  2.0799350E+02  3.2827292E-07  1.4091466E-03 -1.8820438E-03 -3.4249895E-05  1.0937006E-03
  2.0799350E+02  3.6937042E-07  1.5200941E-03 -1.8345890E-03 -2.6315174E-05  1.0227222E-03
  2.0799350E+02  2.1095253E-07  1.5864638E-03 -1.7921282E-03 -1.0471749E-05  9.4845453E-04
  2.0799350E+02  2.4939311E-08  1.5939499E-03 -1.7543716E-03  1.2799836E-05  8.7153418E-04
  2.0799350E+02 -7.7979392E-08  1.5439903E-03 -1.7200765E-03  4.0482896E-05  7.9323971E-04
  2.0799350E+02 -7.8346077E-08  1.4520304E-03 -1.6875548E-03  6.7909842E-05  7.1513451E-04
  2.0799350E+02 -2.3339864E-08  1.3428950E-03 -1.6553402E-03  9.0062843E-05  6.3876491E-04
  2.0799350E+02  2.5759147E-08  1.2444324E-03 -1.6228106E-03  1.0303053E-04  5.6543020E-04
  2.0799350E+02  4.7387601E-08  1.1805993E-03 -1.5905603E-03  1.0536139E-04  4.9604099E-04
  2.0799350E+02 -9.9114916E-06  4.6247510E-06 -5.4348844E-02  5.4239410E-02 -2.5066715E-13
  2.0799350E+02  1.9060094E-06  7.2386222E-04 -1.5983963E-02 -2.1833831E-03  7.6230338E-04
  2.0799350E+02 -1.2495939E-05  6.7506727E-04 -1.2095035E-02 -3.3078408E-03  1.7596664E-03
  2.0799350E+02  2.4866843E-06  3.8714462E-03 -1.4062506E-02  1.0104588E-03  2.6456420E-03
  2.0799350E+02 -1.1685293E-06  9.1789270E-03 -1.6673509E-02  2.8132538E-03  4.7757273E-03
  2.0799350E+02  2.4351619E-05  1.3786854E-02 -1.9756272E-02  2.7326932E-03  9.0886177E-03
  2.0799350E+02  9.2916362E-05  1.5532444E-02 -2.3219024E-02  2.0252166E-03  1.6348738E-02
  2.0799350E+02  1.1989339E-04  1.2726462E-02 -2.7304835E-02  2.2409371E-03  2.6970973E-02
  2.0799350E+02  5.7115885E-05  6.1914841E-03 -3.0925248E-02  1.9465965E-03  4.1155645E-02
  2.0799350E+02  2.4560189E-05 -2.4838271E-03 -3.4036235E-02  3.6076714E-04  5.8467982E-02
  2.0799350E+02  3.5152716E-06 -1.1872547E-02 -3.7062091E-02 -1.1038824E-03  7.8068708E-02
  2.0799350E+02 -1.6188967E-05 -2.1729760E-02 -3.9880371E-02 -2.4147868E-03  9.8219572E-02
  2.0799350E+02  5.8657241E-06 -3.1722351E-02 -4.2091146E-02 -4.2647818E-03  1.1604152E-01
  2.0799350E+02 -5.2289525E-06 -4.0081151E-02 -4.3390026E-02 -5.7520574E-03  1.2799030E-01
  2.0799350E+02 -6.5130733E-05 -4.3882895E-02 -4.3951198E-02 -4.6554908E-03  1.3157123E-01
  2.0799350E+02 -1.8811219E-06 -4.0714468E-02 -4.3270425E-02 -5.1036597E-03  1.2728919E-01
  2.0799350E+02 -8.8314948E-05 -3.1057837E-02 -3.9916061E-02 -5.0485446E-03  1.1577574E-01
  2.0799350E+02  6.6717623E-06 -1.8355633E-02 -3.6372754E-02 -3.1800521E-03  1.0056095E-01
  2.0799350E+02  5.7036301E-05 -6.0415924E-03 -3.3030715E-02 -1.4150314E-03  8.4155747E-02
  2.0799350E+02  5.7855485E-05  3.4054988E-03 -2.9894014E-02 -1.4119200E-04  6.8410953E-02
  2.0799350E+02  5.1447758E-05  9.7580311E-03 -2.6946332E-02  6.6728170E-04  5.4524344E-02
  2.0799350E+02  5.4265060E-05  1.4353468E-02 -2.4238131E-02  1.0434808E-03  4.3025361E-02
  2.0799350E+02  5.2172545E-05  1.8408821E-02 -2.1873852E-02  1.0300016E-03  3.4044099E-02
  2.0799350E+02  3.1017433E-05  2.1661425E-02 -1.9903039E-02  8.3248356E-04  2.7357763E-02
  2.0799350E+02  1.0072877E-05  2.2300736E-02 -1.8292831E-02  8.1861250E-04  2.2534353E-02
  2.0799350E+02  4.5289980E-05  1.9397819E-02 -1.7056137E-02  1.0874961E-03  1.8991496E-02
  2.0799350E+02  1.4501935E-05  1.5888310E-02 -1.5757987E-02  9.4526540E-04  1.6202170E-02
  2.0799350E+02 -7.5667737E-06  1.0845620E-02 -1.4584539E-02  7.3079720E-04  1.4167133E-02
  2.0799350E+02  3.4290081E-06  6.0796041E-03 -1.3720151E-02  4.8581138E-04  1.2731171E-02
  2.0799350E+02  1.2565659E-05  2.3973170E-03 -1.3049304E-02  2.7120377E-04  1.1770410E-02
  2.0799350E+02  1.4044990E-05 -1.9648760E-04 -1.2517764E-02  1.4275586E-04  1.1165975E-02
  2.0799350E+02  1.2705755E-05 -1.9815066E-03 -1.2090727E-02  1.0074656E-04  1.0802254E-02
  2.0799350E+02  1.3475394E-05 -3.2164561E-03 -1.1739958E-02  9.4188982E-05  1.0580030E-02
  2.0799350E+02  1.7070169E-05 -4.0618442E-03 -1.1436486E-02  5.4645617E-05  1.0421687E-02
  2.0799350E+02  2.0228128E-05 -4.5954398E-03 -1.1156634E-02 -5.7415975E-05  1.0280840E-02
  2.0799350E+02  1.8833464E-05 -4.8809982E-03 -1.0890247E-02 -2.1592087E-04  1.0146187E-02
  2.0799350E+02  1.2200761E-05 -5.0189611E-03 -1.0643576E-02 -3.2436920E-04  1.0036037E-02
  2.0799350E+02  6.8975104E-06 -5.1053297E-03 -1.0437603E-02 -2.5905930E-04  9.9835116E-03
  2.0799350E+02  1.8388930E-05 -5.0393308E-03 -1.0286999E-02  1.2798428E-05  1.0004292E-02
  2.0799350E+02  2.2291521E-05 -4.6582952E-03 -1.0016357E-02 -1.8009492E-04  1.0040413E-02
  2.0799350E+02  9.9618273E-06 -4.0984367E-03 -9.6190302E-03 -3.4449647E-04  1.0038999E-02
  2.0799350E+02  6.6265720E-06 -3.4433098E-03 -9.2401870E-03 -2.3919364E-04  9.9990202E-03
  2.0799350E+02  4.3821714E-06 -2.8892722E-03 -8.8804903E-03 -1.0851692E-04  9.9097286E-03
  2.0799350E+02  1.3766955E-06 -2.4700109E-03 -8.5435056E-03 -2.5589755E-05  9.7660011E-03
  2.0799350E+02 -1.5324831E-06 -2.1464587E-03 -8.2315606E-03  1.3688297E-05  9.5700697E-03
  2.0799350E+02 -2.9787748E-06 -1.8644357E-03 -7.9445650E-03  3.3840204E-05  9.3314791E-03
  2.0799350E+02 -2.3022361E-06 -1.5839795E-03 -7.6787034E-03  5.2655563E-05  9.0633598E-03
  2.0799350E+02  6.0923090E-08 -1.2932801E-03 -7.4310828E-03  7.4804841E-05  8.7818469E-03
  2.0799350E+02  2.7745198E-06 -1.0041935E-03 -7.1998174E-03  9.8306063E-05  8.5012181E-03
  2.0799350E+02  4.2473582E-06 -7.4228893E-04 -6.9858294E-03  1.2497219E-04  8.2312627E-03
  2.0799350E+02  3.5206410E-06 -5.3496349E-04 -6.7927470E-03  1.6649369E-04  7.9756613E-03
  2.0799350E+02  1.1977156E-06 -4.0232568E-04 -6.6225609E-03  2.3814691E-04  7.7298759E-03
  2.0799350E+02  2.6224664E-07 -3.6189958E-04 -6.4708144E-03  3.3064120E-04  7.4854896E-03
  2.0799350E+02  6.5712561E-06 -4.4616246E-04 -6.3138769E-03  3.5287053E-04  7.2331444E-03
  2.0799350E+02  5.8041406E-06 -4.2912967E-04 -6.0504174E-03  1.7548662E-04  6.9603971E-03
  2.0799350E+02 -1.9029901E-07 -3.1319075E-04 -5.7793443E-03  8.9410069E-05  6.6746706E-03
  2.0799350E+02  3.1719787E-07 -1.2275433E-04 -5.5466892E-03  3.8810443E-05  6.4121562E-03
  2.0799350E+02  2.2536866E-06  2.2434174E-04 -5.3365438E-03 -9.7297321E-06  6.1830958E-03
  2.0799350E+02  3.4237064E-06  6.8348683E-04 -5.1462166E-03 -4.8958138E-05  5.9820798E-03
  2.0799350E+02  3.3808416E-06  1.1564380E-03 -4.9766592E-03 -6.2756583E-05  5.7969694E-03
  2.0799350E+02  2.5555039E-06  1.5414631E-03 -4.8273158E-03 -4.3584331E-05  5.6151726E-03
  2.0799350E+02  1.6237182E-06  1.7668682E-03 -4.6934208E-03  1.8392113E-06  5.4262477E-03
  2.0799350E+02  1.1178276E-06  1.8017533E-03 -4.5683187E-03  5.4798345E-05  5.2256712E-03
  2.0799350E+02  1.2209579E-06  1.6605868E-03 -4.4448096E-03  9.2349487E-05  5.0141026E-03
  2.0799350E+02  1.7427460E-06  1.3942065E-03 -4.3182635E-03  9.7105562E-05  4.7969432E-03
  2.0799350E+02  2.2436551E-06  1.0753554E-03 -4.1891104E-03  6.6050632E-05  4.5830559E-03
  2.0799350E+02  2.2881626E-06  7.7792188E-04 -4.0626141E-03  1.4798232E-05  4.3811488E-03
  2.0799350E+02  1.7883899E-06  5.6146438E-04 -3.9481485E-03 -2.4825677E-05  4.1994975E-03
  2.0799350E+02  1.4339352E-06  4.5300562E-04 -3.8525717E-03 -1.8165354E-05  4.0421229E-03
  2.0799350E+02  3.1668828E-06  4.3757967E-04 -3.7698875E-03  4.5459759E-05  3.9071665E-03
  2.0799350E+02  5.2899491E-06  4.5119586E-04 -3.6514865E-03  3.3311456E-05  3.7787571E-03
  2.0799350E+02  7.6920716E-07  4.9233783E-04 -3.4978364E-03 -6.8983495E-05  3.6467141E-03
  2.0799350E+02 -1.6043860E-07  5.0289112E-04 -3.3699173E-03 -6.1773392E-05  3.5249296E-03
  2.0799350E+02 -7.1001799E-08  4.4903000E-04 -3.2589435E-03 -2.7442310E-05  3.4048700E-03
  2.0799350E+02 -1.6534770E-08  3.6691001E-04 -3.1597314E-03  1.8082975E-07  3.2829645E-03
  2.0799350E+02 -2.1378111E-07  3.1161888E-04 -3.0691868E-03  1.3868051E-05  3.1589608E-03
  2.0799350E+02 -5.1754342E-07  3.2556647E-04 -2.9847092E-03  1.8020318E-05  3.0336216E-03
  2.0799350E+02 -7.1641032E-07  4.2412418E-04 -2.9045969E-03  1.9266605E-05  2.9088525E-03
  2.0799350E+02 -6.8966227E-07  5.9281801E-04 -2.8273115E-03  2.1883473E-05  2.7860925E-03
  2.0799350E+02 -4.5310591E-07  7.9441543E-04 -2.7517456E-03  2.6506507E-05  2.6660378E-03
  2.0799350E+02 -1.2811215E-07  9.8133939E-04 -2.6775485E-03  3.1153747E-05  2.5486339E-03
  2.0799350E+02  1.3707878E-07  1.1117880E-03 -2.6047896E-03  3.3413805E-05  2.4323510E-03
  2.0799350E+02  2.5231455E-07  1.1613444E-03 -2.5346723E-03  3.2520530E-05  2.3156353E-03
  2.0799350E+02  2.5632686E-07  1.1331313E-03 -2.4686838E-03  3.0336586E-05  2.1966076E-03
  2.0799350E+02  3.3193130E-07  1.0579362E-03 -2.4079003E-03  2.9953611E-05  2.0739217E-03
  2.0799350E+02  7.3532300E-07  9.8292725E-04 -2.3516551E-03  3.0807860E-05  1.9477912E-03
  2.0799350E+02  1.6120573E-06  9.4443877E-04 -2.2950112E-03  1.9178519E-05  1.8200787E-03
  2.0799350E+02  1.7410097E-06  9.5408395E-04 -2.2278553E-03 -2.5195226E-05  1.6918766E-03
  2.0799350E+02  6.4507585E-07  9.6168467E-04 -2.1586023E-03 -3.5951678E-05  1.5703559E-03
  2.0799350E+02  4.1700539E-08  9.5572888E-04 -2.0906077E-03 -3.5140123E-05  1.4652841E-03
  2.0799350E+02 -2.0774986E-07  9.7029978E-04 -2.0243865E-03 -3.7908486E-05  1.3738003E-03
  2.0799350E+02 -2.4610320E-07  1.0147719E-03 -1.9615315E-03 -4.6134722E-05  1.2914750E-03
  2.0799350E+02 -1.8460224E-07  1.0838589E-03 -1.9039881E-03 -5.5426308E-05  1.2143057E-03
  2.0799350E+02 -9.3122653E-08  1.1653530E-03 -1.8528464E-03 -5.9934120E-05  1.1388109E-03
  2.0799350E+02 -3.6074841E-09  1.2456534E-03 -1.8081934E-03 -5.5288251E-05  1.0625925E-03
  2.0799350E+02  7.5970899E-08  1.3132886E-03 -1.7692853E-03 -4.0021874E-05  9.8460064E-04
  2.0799350E+02  1.4467126E-07  1.3613322E-03 -1.7346472E-03 -1.5628525E-05  9.0453222E-04
  2.0799350E+02  1.9283101E-07  1.3873456E-03 -1.7029146E-03  1.3973826E-05  8.2337570E-04
  2.0799350E+02  1.9623424E-07  1.3934341E-03 -1.6729980E-03  4.3758217E-05  7.4255767E-04
  2.0799350E+02  1.2429615E-07  1.3848900E-03 -1.6444272E-03  6.9006991E-05  6.6368393E-04
  2.0799350E+02 -1.2293870E-05  1.5647549E-05 -1.1150464E-01  1.1100019E-01  0.0000000E+00
  2.0799350E+02  9.2962949E-07  3.3515855E-03 -3.2984907E-02 -6.9893308E-03 -3.8239306E-04
  2.0799350E+02 -1.6686967E-05  6.9196462E-03 -2.6415771E-02 -7.8496124E-03 -1.6968185E-03
  2.0799350E+02  2.9179726E-06  1.5302057E-02 -2.7628273E-02 -2.7420337E-03  2.4776378E-03
  2.0799350E+02  3.0397751E-05  1.9889515E-02 -2.9941872E-02 -4.9712263E-04  1.1405665E-02
  2.0799350E+02  3.9016768E-05  2.0407827E-02 -3.3150993E-02  5.6248270E-04  2.2174871E-02
  2.0799350E+02  1.5429429E-06  1.8791645E-02 -3.6490732E-02 -2.0168149E-05  3.3175847E-02
  2.0799350E+02  5.1872997E-05  1.2292908E-02 -4.0290788E-02  3.4074325E-04  4.4405209E-02
  2.0799350E+02  6.5990369E-05  1.7067217E-03 -4.3157095E-02 -6.2162960E-05  5.7094442E-02
  2.0799350E+02  1.1454095E-04 -9.4686892E-03 -4.5302643E-02 -8.0670762E-04  7.2027029E-02
  2.0799350E+02  1.3930721E-04 -1.9622667E-02 -4.7219558E-02 -9.3256083E-04  8.7309761E-02
  2.0799350E+02  1.3437400E-04 -2.6488172E-02 -4.8836531E-02 -1.1559581E-03  1.0104657E-01
  2.0799350E+02  1.2584393E-04 -3.0169878E-02 -5.0024177E-02 -2.3249904E-03  1.1240843E-01
  2.0799350E+02  8.4985764E-05 -3.3299623E-02 -5.0813855E-02 -3.4222907E-03  1.2146878E-01
  2.0799350E+02  3.3910185E-05 -3.6490951E-02 -5.1319655E-02 -2.8746651E-03  1.2799739E-01
  2.0799350E+02  7.3848402E-05 -3.5016155E-02 -4.9960218E-02 -3.7329924E-03  1.2984735E-01
  2.0799350E+02 -2.1141782E-05 -2.8886847E-02 -4.6409078E-02 -3.3452151E-03  1.2716297E-01
  2.0799350E+02 -2.9771767E-05 -1.9634985E-02 -4.2641650E-02 -3.3009777E-03  1.2110597E-01
  2.0799350E+02 -5.5197194E-05 -1.0358323E-02 -3.8932909E-02 -3.1844225E-03  1.1190061E-01
  2.0799350E+02 -8.8332083E-05 -1.1652971E-03 -3.5641844E-02 -2.2473493E-03  1.0000043E-01
  2.0799350E+02 -9.5828819E-05  7.7706272E-03 -3.2816794E-02 -5.7095456E-04  8.6412518E-02
  2.0799350E+02 -6.6645557E-05  1.5487702E-02 -3.0242304E-02  1.0273899E-03  7.2552917E-02
  2.0799350E+02 -2.2944928E-05  2.0815940E-02 -2.7703123E-02  1.7341989E-03  5.9835055E-02
  2.0799350E+02 -1.0307129E-06  2.3232397E-02 -2.5241547E-02  1.5186425E-03  4.9193446E-02
  2.0799350E+02 -8.0290998E-06  2.2963629E-02 -2.3184344E-02  1.3418877E-03  4.0744729E-02
  2.0799350E+02  4.0211723E-05  1.9296370E-02 -2.1713242E-02  2.1908870E-03  3.3777366E-02
  2.0799350E+02  7.2331015E-06  1.4672658E-02 -1.8885532E-02  7.8513848E-04  2.7890348E-02
  2.0799350E+02 -1.8625773E-05  1.4523035E-02 -1.6658042E-02 -3.6517520E-05  2.3678919E-02
  2.0799350E+02 -3.8105570E-07  1.4535634E-02 -1.5321573E-02  1.6050058E-04  2.0599215E-02
  2.0799350E+02  7.1107440E-06  1.3551156E-02 -1.4350081E-02  5.0402758E-04  1.8280802E-02
  2.0799350E+02  1.9535626E-06  1.1555307E-02 -1.3525749E-02  6.7465218E-04  1.6497588E-02
  2.0799350E+02 -3.3701220E-06  9.0317922E-03 -1.2792136E-02  6.2797047E-04  1.5117079E-02
  2.0799350E+02 -1.0420707E-06  6.5256225E-03 -1.2156257E-02  4.2900360E-04  1.4058779E-02
  2.0799350E+02  7.2330234E-06  4.3919799E-03 -1.1631276E-02  1.6920010E-04  1.3262676E-02
  2.0799350E+02  1.4197891E-05  2.7058564E-03 -1.1211512E-02 -6.3556926E-05  1.2668785E-02
  2.0799350E+02  1.4487051E-05  1.3077033E-03 -1.0871450E-02 -1.9151704E-04  1.2208693E-02
  2.0799350E+02  1.0190150E-05 -3.9681770E-05 -1.0580459E-02 -1.5978408E-04  1.1810066E-02
  2.0799350E+02  9.1792302E-06 -1.4078021E-03 -1.0324893E-02  1.5228585E-05  1.1415074E-02
  2.0799350E+02  1.0844892E-05 -2.3974123E-03 -1.0129290E-02  1.3202933E-04  1.1013696E-02
  2.0799350E+02  6.5652178E-06 -2.3486061E-03 -9.8026652E-03 -1.3564302E-04  1.0719783E-02
  2.0799350E+02  7.2060146E-06 -2.9526220E-03 -9.4286095E-03 -1.3485306E-04  1.0559395E-02
  2.0799350E+02  4.5962246E-06 -3.4752419E-03 -9.1301650E-03 -6.1924241E-05  1.0446044E-02
  2.0799350E+02  2.2701484E-06 -3.4483774E-03 -8.8283432E-03 -5.6801682E-05  1.0350944E-02
  2.0799350E+02  1.2471841E-06 -2.9334901E-03 -8.5148373E-03 -1.1565687E-04  1.0257213E-02
  2.0799350E+02  1.3966834E-06 -2.2064597E-03 -8.2090516E-03 -1.8243614E-04  1.0152174E-02
  2.0799350E+02  2.2720238E-06 -1.5526789E-03 -7.9340833E-03 -2.0457839E-04  1.0024718E-02
  2.0799350E+02  3.4841673E-06 -1.1554675E-03 -7.7020828E-03 -1.5944097E-04  9.8645745E-03
  2.0799350E+02  4.7816297E-06 -1.0573206E-03 -7.5096221E-03 -5.8859300E-05  9.6635612E-03
  2.0799350E+02  5.9700795E-06 -1.1758954E-03 -7.3403367E-03  6.1220583E-05  9.4177801E-03
  2.0799350E+02  6.8093877E-06 -1.3561973E-03 -7.1725922E-03  1.5902034E-04  9.1298909E-03
  2.0799350E+02  7.0259482E-06 -1.4404252E-03 -6.9899273E-03  2.0610249E-04  8.8105957E-03
  2.0799350E+02  6.5780889E-06 -1.3369359E-03 -6.7920233E-03  2.0042224E-04  8.4784655E-03
  2.0799350E+02  6.3123942E-06 -1.0697886E-03 -6.6039522E-03  1.6624190E-04  8.1572419E-03
  2.0799350E+02  9.1487588E-06 -7.9032950E-04 -6.4814546E-03  1.3389165E-04  7.8697450E-03
  2.0799350E+02  6.2620663E-06 -4.5825948E-04 -6.2863819E-03  6.7882532E-05  7.6692833E-03
  2.0799350E+02  1.5657805E-06 -2.9728458E-04 -5.9988163E-03  9.0246478E-05  7.4263787E-03
  2.0799350E+02  1.8511551E-06 -3.3302566E-04 -5.7503891E-03  1.2983824E-04  7.1194987E-03
  2.0799350E+02  3.0586520E-06 -3.6895051E-04 -5.5198865E-03  1.2003039E-04  6.7996650E-03
  2.0799350E+02  3.7349719E-06 -3.0004431E-04 -5.3045386E-03  6.0872510E-05  6.4998450E-03
  2.0799350E+02  3.7092704E-06 -9.3092727E-05 -5.1097313E-03 -1.8902896E-05  6.2377467E-03
  2.0799350E+02  3.2616907E-06  2.3372696E-04 -4.9395685E-03 -8.7640199E-05  6.0153512E-03
  2.0799350E+02  2.6665220E-06  6.2943432E-04 -4.7946409E-03 -1.2434318E-04  5.8246717E-03
  2.0799350E+02  2.0347909E-06  1.0275028E-03 -4.6707971E-03 -1.2379095E-04  5.6516011E-03
  2.0799350E+02  1.3502364E-06  1.3611845E-03 -4.5603154E-03 -9.4980906E-05  5.4804402E-03
  2.0799350E+02  6.0446219E-07  1.5764749E-03 -4.4543240E-03 -5.5223418E-05  5.2980875E-03
  2.0799350E+02 -6.4662614E-08  1.6422815E-03 -4.3456825E-03 -2.2150860E-05  5.0973920E-03
  2.0799350E+02 -3.2727858E-07  1.5573595E-03 -4.2315386E-03 -5.9031725E-06  4.8791653E-03
  2.0799350E+02  1.9558549E-07  1.3535776E-03 -4.1147750E-03 -3.7524024E-06  4.6523531E-03
  2.0799350E+02  1.5046048E-06  1.0950778E-03 -4.0035608E-03  5.7141254E-07  4.4318658E-03
  2.0799350E+02  2.4142949E-06  8.7289282E-04 -3.9082198E-03  3.0590663E-05  4.2335663E-03
  2.0799350E+02  1.8345755E-06  7.0115869E-04 -3.8021701E-03  3.9219636E-05  4.0611388E-03
  2.0799350E+02  2.7308371E-06  5.9671960E-04 -3.6268866E-03 -3.6039613E-05  3.8926637E-03
  2.0799350E+02  1.9312777E-06  6.2611583E-04 -3.4720270E-03 -4.9161593E-05  3.7338568E-03
  2.0799350E+02  1.0144710E-06  6.3587913E-04 -3.3397075E-03 -3.4866634E-05  3.5834615E-03
  2.0799350E+02  4.6176403E-07  5.9617473E-04 -3.2275023E-03 -1.0810367E-05  3.4394211E-03
  2.0799350E+02  2.3313015E-07  5.3354292E-04 -3.1306257E-03  1.4616150E-05  3.2996347E-03
  2.0799350E+02  1.3579963E-07  4.8751922E-04 -3.0442523E-03  3.7125836E-05  3.1633774E-03
  2.0799350E+02  2.1627974E-08  4.8531251E-04 -2.9637281E-03  5.4091515E-05  3.0300471E-03
  2.0799350E+02 -1.4137043E-07  5.3285555E-04 -2.8858925E-03  6.3395321E-05  2.8999328E-03
  2.0799350E+02 -2.8912333E-07  6.1639230E-04 -2.8091581E-03  6.3663418E-05  2.7736399E-03
  2.0799350E+02 -3.3063995E-07  7.1116241E-04 -2.7334137E-03  5.5064196E-05  2.6516620E-03
  2.0799350E+02 -2.2711996E-07  7.9300851E-04 -2.6596468E-03  4.0151786E-05  2.5339631E-03
  2.0799350E+02 -4.1366667E-08  8.4882716E-04 -2.5893558E-03  2.4194471E-05  2.4196691E-03
  2.0799350E+02  8.2161109E-08  8.8178410E-04 -2.5238184E-03  1.4427505E-05  2.3069645E-03
  2.0799350E+02  4.6324012E-08  9.0721489E-04 -2.4632871E-03  1.7669905E-05  2.1932936E-03
  2.0799350E+02  7.8969365E-08  9.3513160E-04 -2.4061789E-03  3.5744748E-05  2.0759623E-03
  2.0799350E+02  1.1989562E-06  9.3525633E-04 -2.3483280E-03  5.8142519E-05  1.9532396E-03
  2.0799350E+02  2.1124805E-06  8.2569897E-04 -2.2740350E-03  2.0384301E-05  1.8198997E-03
  2.0799350E+02  4.8167738E-07  8.2697592E-04 -2.1913331E-03 -3.0824481E-05  1.6844470E-03
  2.0799350E+02  3.2184326E-07  9.0012539E-04 -2.1191610E-03 -3.8067984E-05  1.5645589E-03
  2.0799350E+02  5.2908816E-07  9.6927613E-04 -2.0541580E-03 -3.1759203E-05  1.4597808E-03
  2.0799350E+02  6.1710082E-07  1.0069947E-03 -1.9940798E-03 -2.6564946E-05  1.3669546E-03
  2.0799350E+02  4.7836172E-07  1.0149707E-03 -1.9379860E-03 -2.7020041E-05  1.2824069E-03
  2.0799350E+02  2.0088742E-07  1.0094523E-03 -1.8854127E-03 -3.1808899E-05  1.2021439E-03
  2.0799350E+02 -6.7258251E-08  1.0098945E-03 -1.8365173E-03 -3.7046907E-05  1.1231530E-03
  2.0799350E+02 -2.0637005E-07  1.0315599E-03 -1.7917178E-03 -3.8523965E-05  1.0435649E-03
  2.0799350E+02 -1.7287347E-07  1.0812263E-03 -1.7514469E-03 -3.3126494E-05  9.6269707E-04
  2.0799350E+02 -1.0647880E-08  1.1557515E-03 -1.7159356E-03 -1.9564444E-05  8.8088696E-04
  2.0799350E+02  1.6960094E-07  1.2431521E-03 -1.6850420E-03  1.4582455E-06  7.9918693E-04
  2.0799350E+02  2.3842057E-07  1.3258553E-03 -1.6581410E-03  2.7491333E-05  7.1899264E-04
  2.0799350E+02 -4.1272250E-05  8.5970364E-05 -2.2469474E-01  2.2373751E-01 -1.6397311E-12
  2.0799350E+02 -1.1431459E-05  5.6936565E-03 -6.5510285E-02 -1.5319370E-02 -5.7043285E-03
  2.0799350E+02 -5.9713863E-05  1.1900028E-02 -4.1877668E-02 -2.9217168E-02 -5.5362844E-03
  2.0799350E+02  1.6894915E-05  1.8959767E-02 -4.0767345E-02 -1.3091993E-02  7.3008493E-03
  2.0799350E+02  2.2859465E-05  2.3607214E-02 -4.2698165E-02 -4.2754575E-03  2.1783992E-02
  2.0799350E+02  4.4650727E-05  2.1062893E-02 -4.4897309E-02 -9.6461192E-04  3.5460635E-02
  2.0799350E+02  9.3112624E-06  1.1664900E-02 -4.7032002E-02  2.5318828E-04  4.8107632E-02
  2.0799350E+02  7.5824994E-06  1.3830828E-03 -4.9157890E-02  1.8017870E-04  6.0609431E-02
  2.0799350E+02  1.0110394E-05 -1.1896206E-02 -4.9973263E-02 -1.1538031E-03  7.2950946E-02
  2.0799350E+02  3.9160030E-05 -1.9196181E-02 -5.0384166E-02 -1.0757290E-03  8.3742047E-02
  2.0799350E+02  6.1918740E-05 -2.3323321E-02 -5.0640568E-02 -4.7601124E-04  9.2943407E-02
  2.0799350E+02  7.8851433E-05 -2.8931143E-02 -5.0437091E-02 -5.3456570E-04  1.0083412E-01
  2.0799350E+02  1.2303443E-04 -3.5918555E-02 -4.9801798E-02 -1.1944816E-03  1.0726608E-01
  2.0799350E+02  1.2655753E-04 -4.2123911E-02 -4.8974190E-02 -1.5405368E-03  1.1163452E-01
  2.0799350E+02  7.3220852E-05 -4.6978026E-02 -4.7983581E-02 -8.2172280E-04  1.1311624E-01
  2.0799350E+02  8.6713579E-05 -4.8509123E-02 -4.6136428E-02 -3.0469936E-04  1.1113677E-01
  2.0799350E+02  2.8106898E-05 -4.1757400E-02 -4.2784139E-02 -1.5296621E-03  1.0684457E-01
  2.0799350E+02  7.5749445E-05 -2.7885144E-02 -3.9524308E-02 -1.9670176E-03  1.0080602E-01
  2.0799350E+02  5.0694807E-05 -1.2406514E-02 -3.6613224E-02 -1.6770055E-03  9.3586885E-02
  2.0799350E+02  5.0595454E-06  4.4617249E-04 -3.3898287E-02 -1.1370731E-03  8.5620548E-02
  2.0799350E+02 -6.4221058E-06  9.5878652E-03 -3.1286871E-02 -7.4210946E-04  7.7242013E-02
  2.0799350E+02  9.9074679E-06  1.6380984E-02 -2.8831849E-02 -6.2919638E-04  6.8700306E-02
  2.0799350E+02  1.8402348E-05  2.2527400E-02 -2.6660826E-02 -7.1000748E-04  6.0313584E-02
  2.0799350E+02  1.1697030E-05  2.8204076E-02 -2.4820233E-02 -7.7229842E-04  5.2435614E-02
  2.0799350E+02  2.5180533E-05  3.1567804E-02 -2.3259084E-02 -5.3801966E-04  4.5392852E-02
  2.0799350E+02  3.8676169E-05  3.1097777E-02 -2.2086357E-02  4.4899704E-04  3.9268411E-02
  2.0799350E+02  2.6783284E-05  2.7617417E-02 -1.9938405E-02  1.4327448E-03  3.3589968E-02
  2.0799350E+02  2.6554729E-05  2.3331370E-02 -1.7579974E-02  1.4021342E-03  2.8509877E-02
  2.0799350E+02  1.3172997E-05  1.9720559E-02 -1.5833370E-02  1.2085235E-03  2.4348565E-02
  2.0799350E+02  7.2955431E-06  1.6706913E-02 -1.4494218E-02  1.0286880E-03  2.1136508E-02
  2.0799350E+02  8.2789290E-06  1.4098156E-02 -1.3450867E-02  8.9494726E-04  1.8755316E-02
  2.0799350E+02  1.0533806E-05  1.1695343E-02 -1.2625877E-02  7.7674293E-04  1.7011262E-02
  2.0799350E+02  1.0852907E-05  9.3984827E-03 -1.1961128E-02  6.3585203E-04  1.5719170E-02
  2.0799350E+02  9.5782569E-06  7.2239165E-03 -1.1404404E-02  4.5540790E-04  1.4722147E-02
  2.0799350E+02  8.3408915E-06  5.2978893E-03 -1.0916410E-02  2.5036148E-04  1.3912262E-02
  2.0799350E+02  7.1559237E-06  3.8005270E-03 -1.0479847E-02  6.2481375E-05  1.3230460E-02
  2.0799350E+02  3.6433072E-06  2.8506608E-03 -1.0100430E-02 -5.7325043E-05  1.2647238E-02
  2.0799350E+02 -2.8349400E-06  2.3664134E-03 -9.8028002E-03 -7.0293780E-05  1.2144019E-02
  2.0799350E+02  6.4250601E-07  1.8494562E-03 -9.5988583E-03  2.2916621E-05  1.1675995E-02
  2.0799350E+02  5.4997955E-06  9.0591776E-04 -9.2474100E-03 -2.1637913E-05  1.1227329E-02
  2.0799350E+02 -6.9953338E-07  1.3337307E-04 -8.8719099E-03 -5.6290625E-05  1.0832917E-02
  2.0799350E+02  2.1043680E-06 -5.6723353E-04 -8.5771777E-03 -4.8586550E-05  1.0492724E-02
  2.0799350E+02  4.3011285E-06 -1.0853336E-03 -8.2992749E-03 -7.6178336E-05  1.0226246E-02
  2.0799350E+02  4.1429931E-06 -1.4072190E-03 -8.0338962E-03 -1.1787526E-04  1.0021830E-02
  2.0799350E+02  2.8459660E-06 -1.5746909E-03 -7.7945047E-03 -1.3031550E-04  9.8541658E-03
  2.0799350E+02  1.8011806E-06 -1.6495196E-03 -7.5895651E-03 -8.8924033E-05  9.6958869E-03
  2.0799350E+02  1.4274332E-06 -1.6853535E-03 -7.4132351E-03 -5.8726121E-07  9.5233861E-03
  2.0799350E+02  1.1975504E-06 -1.7080469E-03 -7.2499505E-03  1.0231363E-04  9.3216919E-03
  2.0799350E+02  3.1121592E-07 -1.7088283E-03 -7.0816293E-03  1.7969025E-04  9.0842961E-03
  2.0799350E+02 -1.4424285E-06 -1.6508391E-03 -6.8982701E-03  2.0430583E-04  8.8127399E-03
  2.0799350E+02 -3.1346661E-06 -1.4926623E-03 -6.7056019E-03  1.7711157E-04  8.5159046E-03
  2.0799350E+02 -2.9629316E-06 -1.2289905E-03 -6.5237075E-03  1.2861518E-04  8.2072095E-03
  2.0799350E+02  2.2772448E-07 -9.5522942E-04 -6.3770880E-03  9.9077528E-05  7.9082794E-03
  2.0799350E+02  3.6050172E-06 -9.5329441E-04 -6.2650830E-03  8.8100417E-05  7.6500704E-03
  2.0799350E+02  5.1135173E-06 -9.1106622E-04 -6.0358409E-03 -5.0219885E-05  7.4319250E-03
  2.0799350E+02  6.1645893E-06 -4.8016768E-04 -5.7618107E-03 -1.0416498E-04  7.1612186E-03
  2.0799350E+02  5.1337018E-06 -3.1477259E-04 -5.5317612E-03 -7.4253384E-05  6.8565011E-03
  2.0799350E+02  4.1296987E-06 -3.5797379E-04 -5.3303185E-03 -3.3370967E-05  6.5424437E-03
  2.0799350E+02  3.7074152E-06 -4.6619035E-04 -5.1496465E-03 -6.9173502E-06  6.2418653E-03
  2.0799350E+02  3.6799578E-06 -5.0292751E-04 -4.9859832E-03  2.5275212E-06  5.9709942E-03
  2.0799350E+02  3.6593137E-06 -3.8760631E-04 -4.8373439E-03 -1.2610725E-07  5.7374726E-03
  2.0799350E+02  3.3654738E-06 -1.0836061E-04 -4.7011823E-03 -1.0290770E-05  5.5387845E-03
  2.0799350E+02  2.7509082E-06  2.8775914E-04 -4.5753789E-03 -2.5869253E-05  5.3662349E-03
  2.0799350E+02  1.9885167E-06  7.2120504E-04 -4.4573380E-03 -4.5893213E-05  5.2061823E-03
  2.0799350E+02  1.3675792E-06  1.1112015E-03 -4.3446797E-03 -6.7567616E-05  5.0439965E-03
  2.0799350E+02  1.1449583E-06  1.4022302E-03 -4.2358957E-03 -8.3697745E-05  4.8680541E-03
  2.0799350E+02  1.3975838E-06  1.5784278E-03 -4.1298731E-03 -8.2632551E-05  4.6718415E-03
  2.0799350E+02  1.9263428E-06  1.6493457E-03 -4.0267126E-03 -5.2290763E-05  4.4580940E-03
  2.0799350E+02  2.2496884E-06  1.6071148E-03 -3.9259407E-03  9.1085904E-06  4.2386258E-03
  2.0799350E+02  1.7419840E-06  1.3373473E-03 -3.8245654E-03  7.4114581E-05  4.0336013E-03
  2.0799350E+02  1.0818251E-06  8.2250932E-04 -3.6931139E-03  3.1983075E-05  3.8561027E-03
  2.0799350E+02  1.6259529E-06  7.8300808E-04 -3.5260576E-03 -5.0507375E-05  3.6798107E-03
  2.0799350E+02  1.3886857E-06  6.8821888E-04 -3.3890436E-03 -5.3864318E-05  3.5173038E-03
  2.0799350E+02  1.1367253E-06  5.9933603E-04 -3.2717227E-03 -2.6510038E-05  3.3622404E-03
  2.0799350E+02  1.0347399E-06  5.3821973E-04 -3.1674995E-03  5.3523178E-06  3.2122614E-03
  2.0799350E+02  1.0113016E-06  5.0549345E-04 -3.0724508E-03  2.9835533E-05  3.0674851E-03
  2.0799350E+02  9.7002402E-07  4.9316231E-04 -2.9837949E-03  4.3639168E-05  2.9282611E-03
  2.0799350E+02  8.8024791E-07  4.9313110E-04 -2.9001989E-03  4.7651229E-05  2.7957313E-03
  2.0799350E+02  7.8159330E-07  5.0131567E-04 -2.8207230E-03  4.4442185E-05  2.6703096E-03
  2.0799350E+02  7.3662618E-07  5.1893949E-04 -2.7447483E-03  3.6706718E-05  2.5516717E-03
  2.0799350E+02  7.6557908E-07  5.5124740E-04 -2.6719850E-03  2.6687769E-05  2.4389190E-03
  2.0799350E+02  7.9806227E-07  6.0480293E-04 -2.6019598E-03  1.6157868E-05  2.3299989E-03
  2.0799350E+02  6.7449635E-07  6.8322931E-04 -2.5347405E-03  6.9510773E-06  2.2231156E-03
  2.0799350E+02  2.3294519E-07  7.8312533E-04 -2.4704225E-03  1.4296806E-06  2.1163327E-03
  2.0799350E+02 -4.8500423E-07  8.9016784E-04 -2.4091619E-03  2.8688815E-06  2.0081441E-03
  2.0799350E+02 -8.7535350E-07  9.7626472E-04 -2.3510602E-03  1.5359399E-05  1.8980022E-03
  2.0799350E+02  7.7088807E-07  9.9920494E-04 -2.2954079E-03  4.3139632E-05  1.7858314E-03
  2.0799350E+02  2.2480037E-06  9.0199376E-04 -2.2287436E-03  4.8447613E-05  1.6622086E-03
  2.0799350E+02 -4.5784756E-08  8.7980066E-04 -2.1448352E-03  4.4148831E-06  1.5346038E-03
  2.0799350E+02  3.9990207E-09  9.3557836E-04 -2.0709546E-03 -1.7579881E-05  1.4265174E-03
  2.0799350E+02  6.1150192E-07  9.9739868E-04 -2.0083127E-03 -2.1742256E-05  1.3342031E-03
  2.0799350E+02  9.9807429E-07  1.0397043E-03 -1.9540084E-03 -1.6836404E-05  1.2522028E-03
  2.0799350E+02  9.8342546E-07  1.0616740E-03 -1.9046004E-03 -1.1057426E-05  1.1756488E-03
  2.0799350E+02  6.9120537E-07  1.0730930E-03 -1.8574096E-03 -9.3388276E-06  1.1005195E-03
  2.0799350E+02  3.3792786E-07  1.0849788E-03 -1.8113778E-03 -1.2496870E-05  1.0242625E-03
  2.0799350E+02  1.0118638E-07  1.1046289E-03 -1.7671253E-03 -1.7804605E-05  9.4603010E-04
  2.0799350E+02  5.2902920E-08  1.1342089E-03 -1.7261124E-03 -2.0551842E-05  8.6597768E-04
  2.0799350E+02  1.5128997E-07  1.1713436E-03 -1.6902433E-03 -1.5951744E-05  7.8567211E-04
  2.0799350E+02  2.7147204E-07  1.2113501E-03 -1.6606529E-03 -1.1285789E-06  7.0707274E-04
  2.0799350E+02  2.7035694E-07  1.2496759E-03 -1.6370290E-03  2.3448986E-05  6.3210959E-04
  2.0799350E+02 -9.8145967E-07  4.1140799E-06 -3.1406914E-01  3.1319679E-01 -1.4222191E-09
  2.0799350E+02  1.5022730E-05  1.1924126E-02 -9.3316724E-02 -2.5245052E-02 -3.9484870E-03
  2.0799350E+02 -9.5645427E-06 -4.7506189E-03 -4.6022058E-02 -5.5691594E-02 -6.6365959E-03
  2.0799350E+02  5.0108550E-05 -6.6647830E-03 -4.5224585E-02 -2.0369661E-02 -1.5642419E-03
  2.0799350E+02 -8.9665158E-07 -1.8887190E-03 -4.7594672E-02 -3.8980042E-03  1.0046006E-02
  2.0799350E+02  5.7516942E-05 -5.7819066E-03 -4.8931663E-02  1.5136384E-03  2.3146063E-02
  2.0799350E+02  5.7366561E-05 -1.6033417E-02 -4.8968273E-02  1.8937109E-03  3.5179721E-02
  2.0799350E+02  2.2481692E-05 -2.7929902E-02 -4.9026520E-02  1.3184599E-03  4.5866517E-02
  2.0799350E+02 -3.5467188E-05 -3.7761600E-02 -4.8380227E-02  1.9177510E-04  5.4644530E-02
  2.0799350E+02 -7.7349987E-05 -4.3249253E-02 -4.7356435E-02 -1.1598895E-03  6.1885560E-02
  2.0799350E+02 -7.8270315E-05 -4.5237943E-02 -4.6569992E-02 -1.2894422E-03  6.8106294E-02
  2.0799350E+02 -5.3102404E-05 -4.5531568E-02 -4.5737514E-02 -9.9885816E-04  7.3011229E-02
  2.0799350E+02 -4.2846453E-05 -4.4744145E-02 -4.4298644E-02 -1.7063637E-03  7.6051881E-02
  2.0799350E+02 -4.3023604E-05 -4.0859996E-02 -4.2186329E-02 -3.1591318E-03  7.7054915E-02
  2.0799350E+02  4.7978974E-06 -3.2407901E-02 -4.0073387E-02 -3.1939020E-03  7.6282886E-02
  2.0799350E+02  8.7500184E-05 -2.6487041E-02 -3.8221877E-02 -1.9202029E-03  7.4099102E-02
  2.0799350E+02  8.8784028E-05 -1.9457992E-02 -3.5455558E-02 -1.6626125E-03  6.9912144E-02
  2.0799350E+02  5.9883262E-05 -1.1916605E-02 -3.2564784E-02 -1.8980222E-03  6.4581624E-02
  2.0799350E+02  4.5766976E-05 -4.9854233E-03 -3.0065983E-02 -1.8254772E-03  5.9339004E-02
  2.0799350E+02  4.1374010E-05  9.2766839E-04 -2.8042128E-02 -1.1194329E-03  5.4483182E-02
  2.0799350E+02  3.3289657E-05  5.5234637E-03 -2.6334166E-02 -4.9453280E-05  4.9848964E-02
  2.0799350E+02  1.7055606E-05  8.7148229E-03 -2.4728411E-02  8.0621223E-04  4.5171446E-02
  2.0799350E+02 -1.5619213E-06  1.0966091E-02 -2.3102638E-02  1.0065167E-03  4.0331401E-02
  2.0799350E+02 -1.3020891E-05  1.3395210E-02 -2.1493565E-02  6.0630835E-04  3.5466773E-02
  2.0799350E+02 -9.8440826E-06  1.7165196E-02 -2.0048430E-02  1.8116907E-04  3.0935370E-02
  2.0799350E+02  1.6548829E-05  2.1697849E-02 -1.8821352E-02  2.7221272E-04  2.7108055E-02
  2.0799350E+02 -4.0106681E-07  2.3171562E-02 -1.7221642E-02  2.5030798E-04  2.3896700E-02
  2.0799350E+02 -1.3914882E-05  2.2253200E-02 -1.5683519E-02  5.2457179E-04  2.1142766E-02
  2.0799350E+02 -8.9209322E-06  2.0198468E-02 -1.4363185E-02  7.2657116E-04  1.8751963E-02
  2.0799350E+02 -2.3997626E-06  1.7734108E-02 -1.3230588E-02  6.8832788E-04  1.6679645E-02
  2.0799350E+02  2.2623668E-06  1.5288262E-02 -1.2295517E-02  5.0762391E-04  1.4939778E-02
  2.0799350E+02  5.6141269E-06  1.3080640E-02 -1.1557203E-02  3.3150877E-04  1.3542223E-02
  2.0799350E+02  7.7487903E-06  1.1186505E-02 -1.0986132E-02  2.4369346E-04  1.2463383E-02
  2.0799350E+02  7.5890339E-06  9.5840352E-03 -1.0528839E-02  2.3304604E-04  1.1642486E-02
  2.0799350E+02  4.2529800E-06  8.1946234E-03 -1.0126424E-02  2.2040414E-04  1.0995741E-02
  2.0799350E+02 -1.0924162E-06  6.9256850E-03 -9.7375681E-03  1.2091949E-04  1.0440605E-02
  2.0799350E+02 -4.4845264E-06  5.7255379E-03 -9.3567972E-03 -8.0850415E-05  9.9224343E-03
  2.0799350E+02 -1.1186488E-06  4.6599188E-03 -9.0187502E-03 -2.6588814E-04  9.4357292E-03
  2.0799350E+02  8.4040595E-06  4.0197006E-03 -8.7792208E-03 -1.4848472E-04  9.0322573E-03
  2.0799350E+02  5.1451573E-06  2.8920302E-03 -8.5458314E-03  1.3185578E-04  8.7050127E-03
  2.0799350E+02  1.1621257E-06  1.0994883E-03 -8.1733426E-03 -4.6397271E-05  8.4435526E-03
  2.0799350E+02  1.3199090E-06 -1.5341597E-04 -7.8532423E-03 -1.5489429E-04  8.2889529E-03
  2.0799350E+02  2.1058754E-06 -9.8603411E-04 -7.6160368E-03 -1.2431696E-04  8.1934066E-03
  2.0799350E+02  2.4987997E-06 -1.4821972E-03 -7.4317239E-03 -1.1883724E-05  8.1143876E-03
  2.0799350E+02  2.5923886E-06 -1.7071883E-03 -7.2584561E-03  9.9417339E-05  8.0192170E-03
  2.0799350E+02  2.7377257E-06 -1.7204969E-03 -7.0686813E-03  1.5429388E-04  7.8878736E-03
  2.0799350E+02  3.1058514E-06 -1.5840579E-03 -6.8578009E-03  1.4230394E-04  7.7139531E-03
  2.0799350E+02  3.5716987E-06 -1.3656784E-03 -6.6403798E-03  8.9691005E-05  7.5036809E-03
  2.0799350E+02  3.8206003E-06 -1.1373533E-03 -6.4389468E-03  3.6890268E-05  7.2728846E-03
  2.0799350E+02  3.5785884E-06 -9.6817434E-04 -6.2704211E-03  1.2697385E-05  7.0418312E-03
  2.0799350E+02  2.8677012E-06 -9.1153265E-04 -6.1352022E-03  1.6090532E-05  6.8278336E-03
  2.0799350E+02  2.1875190E-06 -9.8631900E-04 -6.0139598E-03  1.6696889E-05  6.6355330E-03
  2.0799350E+02  2.5241434E-06 -1.1518237E-03 -5.8771617E-03 -1.5105456E-05  6.4447608E-03
  2.0799350E+02  5.0878411E-06 -1.2760382E-03 -5.7123743E-03 -3.7459159E-05  6.1958866E-03
  2.0799350E+02  5.0071576E-06 -1.2918578E-03 -5.5109921E-03 -3.5620799E-05  5.8985627E-03
  2.0799350E+02  2.9001493E-06 -1.0734817E-03 -5.2873835E-03 -9.1339523E-05  5.6416136E-03
  2.0799350E+02  1.9687247E-06 -7.9235461E-04 -5.1011017E-03 -8.5131689E-05  5.3991350E-03
  2.0799350E+02  1.1708199E-06 -5.9867995E-04 -4.9496632E-03 -3.5517034E-05  5.1891195E-03
  2.0799350E+02  3.2948758E-07 -4.8649340E-04 -4.8184766E-03  2.2847968E-05  5.0135845E-03
  2.0799350E+02 -3.4551941E-07 -3.8580120E-04 -4.6925797E-03  5.9181186E-05  4.8652018E-03
  2.0799350E+02 -5.8378450E-07 -2.2356035E-04 -4.5628133E-03  5.7065660E-05  4.7324778E-03
  2.0799350E+02 -2.4801944E-07  4.1608031E-05 -4.4276317E-03  1.7348891E-05  4.6035968E-03
  2.0799350E+02  5.8425330E-07  4.0608110E-04 -4.2917497E-03 -4.4620694E-05  4.4690404E-03
  2.0799350E+02  1.6309927E-06  8.2438141E-04 -4.1628267E-03 -1.0549137E-04  4.3230955E-03
  2.0799350E+02  2.4877708E-06  1.2239176E-03 -4.0473869E-03 -1.4221112E-04  4.1643644E-03
  2.0799350E+02  2.7614150E-06  1.5268214E-03 -3.9470171E-03 -1.4016850E-04  3.9950948E-03
  2.0799350E+02  2.2348210E-06  1.6713262E-03 -3.8570080E-03 -9.9419375E-05  3.8212030E-03
  2.0799350E+02  1.0473708E-06  1.6352094E-03 -3.7661776E-03 -3.6811123E-05  3.6487221E-03
  2.0799350E+02 -1.4050907E-07  1.4456043E-03 -3.6624535E-03  1.7862052E-05  3.4825856E-03
  2.0799350E+02 -7.0513881E-09  1.1789343E-03 -3.5428031E-03  3.3443135E-05  3.3235567E-03
  2.0799350E+02  1.1094913E-06  9.2350518E-04 -3.4222711E-03  1.4493291E-05  3.1658770E-03
  2.0799350E+02 -5.9985749E-07  7.4768098E-04 -3.3003540E-03  1.0706808E-05  3.0263199E-03
  2.0799350E+02 -7.1192437E-07  6.8666236E-04 -3.1888683E-03  9.2446033E-06  2.9016990E-03
  2.0799350E+02 -2.8024924E-07  6.7796708E-04 -3.0879310E-03  1.8970649E-05  2.7809658E-03
  2.0799350E+02  1.1748545E-07  6.6567794E-04 -2.9958312E-03  3.6436714E-05  2.6598088E-03
  2.0799350E+02  2.6635368E-07  6.1781329E-04 -2.9102781E-03  5.4226589E-05  2.5379838E-03
  2.0799350E+02  1.9362082E-07  5.3130386E-04 -2.8292033E-03  6.5948228E-05  2.4172719E-03
  2.0799350E+02  5.0557205E-08  4.2768880E-04 -2.7511876E-03  6.8539642E-05  2.2999989E-03
  2.0799350E+02  6.4728244E-09  3.4264355E-04 -2.6755870E-03  6.2554348E-05  2.1880504E-03
  2.0799350E+02  1.6481584E-07  3.1245231E-04 -2.6024280E-03  5.1092189E-05  2.0823185E-03
  2.0799350E+02  5.1117740E-07  3.6053786E-04 -2.5321465E-03  3.8041352E-05  1.9825132E-03
  2.0799350E+02  9.0304544E-07  4.8716145E-04 -2.4652415E-03  2.6297401E-05  1.8872740E-03
  2.0799350E+02  1.1111500E-06  6.6540554E-04 -2.4019162E-03  1.6625123E-05  1.7945170E-03
  2.0799350E+02  9.2224262E-07  8.4655205E-04 -2.3417795E-03  7.8290296E-06  1.7019503E-03
  2.0799350E+02  3.1315250E-07  9.7796891E-04 -2.2836796E-03 -1.1016815E-06  1.6076938E-03
  2.0799350E+02 -2.9403805E-07  1.0366177E-03 -2.2257421E-03 -6.2078939E-06  1.5109384E-03
  2.0799350E+02  3.1414365E-07  1.0812948E-03 -2.1656854E-03  9.5307619E-06  1.4125769E-03
  2.0799350E+02  9.4730240E-07  1.0566859E-03 -2.1030531E-03  3.2442663E-05  1.3116089E-03
  2.0799350E+02 -3.9501953E-07  9.6328341E-04 -2.0355970E-03  1.1454399E-06  1.2210867E-03
  2.0799350E+02 -1.7518340E-07  1.0484646E-03 -1.9711688E-03 -1.5408295E-05  1.1459076E-03
  2.0799350E+02  2.8525522E-07  1.1599381E-03 -1.9151864E-03 -1.8685197E-05  1.0780343E-03
  2.0799350E+02  4.8418911E-07  1.2287483E-03 -1.8669638E-03 -1.3267304E-05  1.0118890E-03
  2.0799350E+02  3.7777457E-07  1.2402611E-03 -1.8236576E-03 -4.1786941E-06  9.4419547E-04
  2.0799350E+02  1.2166572E-07  1.2105117E-03 -1.7826662E-03  4.7387595E-06  8.7367696E-04
  2.0799350E+02 -9.9361994E-08  1.1677208E-03 -1.7427739E-03  1.1577296E-05  8.0064523E-04
  2.0799350E+02 -1.6742895E-07  1.1387792E-03 -1.7043295E-03  1.6419620E-05  7.2652030E-04
  2.0799350E+02 -6.7239071E-08  1.1405071E-03 -1.6687535E-03  2.0876461E-05  6.5331786E-04
  2.0799350E+02  1.2453207E-07  1.1754911E-03 -1.6376640E-03  2.7282109E-05  5.8314246E-04
  2.0799350E+02  2.8211882E-07  1.2323010E-03 -1.6119122E-03  3.7724698E-05  5.1772412E-04
  2.0799350E+02  2.9178686E-07  1.2898916E-03 -1.5908211E-03  5.3088008E-05  4.5803621E-04
  2.0799350E+02  1.2596098E-04 -1.0578974E-04 -3.0121158E-01  3.0031207E-01  7.2737613E-10
  2.0799350E+02  1.4122066E-04  1.0475273E-02 -1.0090771E-01 -1.9026083E-02  8.4207776E-03
  2.0799350E+02  5.3152732E-05 -1.7849129E-02 -4.6698059E-02 -6.0856333E-02  8.4375514E-03
  2.0799350E+02 -3.0681077E-05 -2.4252934E-02 -4.2362156E-02 -2.1513874E-02  4.0240679E-04
  2.0799350E+02 -6.2437530E-05 -1.5082812E-02 -4.1872725E-02 -5.9859066E-03  1.4123045E-03
  2.0799350E+02 -3.1385788E-05 -1.4366176E-02 -4.2336904E-02 -9.2037048E-04  6.3722349E-03
  2.0799350E+02  1.9480052E-05 -2.2685299E-02 -4.2546320E-02  1.1686204E-03  1.1717912E-02
  2.0799350E+02  8.1677411E-05 -3.1724312E-02 -4.2013908E-02  5.8179439E-04  1.6263586E-02
  2.0799350E+02  1.0561856E-04 -3.8379070E-02 -4.0879646E-02 -4.8914823E-04  2.0275836E-02
  2.0799350E+02  1.0213761E-04 -4.3182810E-02 -3.9547798E-02 -1.1615219E-03  2.3641788E-02
  2.0799350E+02  9.3907171E-05 -4.4934375E-02 -3.8124444E-02 -1.6394393E-03  2.6198336E-02
  2.0799350E+02  8.5053189E-05 -4.4120542E-02 -3.6586124E-02 -2.2361405E-03  2.7950334E-02
  2.0799350E+02  6.8972191E-05 -4.1890548E-02 -3.5027986E-02 -2.7737501E-03  2.9045997E-02
  2.0799350E+02  5.6556515E-05 -3.7566223E-02 -3.3547457E-02 -2.9539621E-03  2.9582602E-02
  2.0799350E+02  5.2346527E-05 -3.0434408E-02 -3.2164644E-02 -2.4146214E-03  2.9612368E-02
  2.0799350E+02  1.8295606E-05 -2.4597282E-02 -3.0867839E-02 -1.1376681E-03  2.9444814E-02
  2.0799350E+02 -1.3851602E-05 -1.8334303E-02 -2.8715864E-02 -1.1239606E-03  2.8500730E-02
  2.0799350E+02 -4.5412553E-05 -1.2737655E-02 -2.6720600E-02 -6.1012475E-04  2.7323284E-02
  2.0799350E+02 -4.6247427E-05 -6.8294702E-03 -2.5087499E-02  3.2856005E-05  2.6040695E-02
  2.0799350E+02 -2.6461592E-05 -1.0383265E-03 -2.3570805E-02  3.3996325E-04  2.4514191E-02
  2.0799350E+02 -2.3635901E-06  4.1481330E-03 -2.2008191E-02  1.9519811E-04  2.2676759E-02
  2.0799350E+02  1.6149328E-05  8.5410388E-03 -2.0450206E-02 -1.6631249E-04  2.0622196E-02
  2.0799350E+02  2.5674211E-05  1.2062250E-02 -1.9049667E-02 -3.9755958E-04  1.8538427E-02
  2.0799350E+02  2.5750029E-05  1.4454071E-02 -1.7876160E-02 -3.2064762E-04  1.6579131E-02
  2.0799350E+02  2.0565992E-05  1.5330381E-02 -1.6820798E-02 -4.9943838E-05  1.4767650E-02
  2.0799350E+02  3.4826636E-05  1.5012830E-02 -1.5756390E-02  2.4221692E-04  1.3027202E-02
  2.0799350E+02  2.7454548E-05  1.5644443E-02 -1.4502863E-02  4.3008769E-05  1.1430228E-02
  2.0799350E+02  1.6633959E-05  1.6370588E-02 -1.3269625E-02 -1.0831739E-04  1.0216462E-02
  2.0799350E+02  1.3490311E-05  1.5734128E-02 -1.2305474E-02  9.4249491E-05  9.2704741E-03
  2.0799350E+02  4.7691866E-06  1.3758938E-02 -1.1546267E-02  3.8633108E-04  8.4933188E-03
  2.0799350E+02 -6.5213707E-06  1.1111188E-02 -1.0911714E-02  5.7172116E-04  7.8277517E-03
  2.0799350E+02 -1.4288204E-05  8.5349396E-03 -1.0347616E-02  5.7342261E-04  7.2443413E-03
  2.0799350E+02 -1.5588473E-05  6.5363775E-03 -9.8367435E-03  4.2477723E-04  6.7322887E-03
  2.0799350E+02 -1.1834071E-05  5.2687061E-03 -9.3887059E-03  2.2306248E-04  6.2933353E-03
  2.0799350E+02 -6.8759404E-06  4.5697604E-03 -9.0191736E-03  6.7929426E-05  5.9371344E-03
  2.0799350E+02 -3.8791842E-06  4.1043710E-03 -8.7288185E-03  7.0558024E-06  5.6764616E-03
  2.0799350E+02 -2.8998908E-06  3.5635242E-03 -8.4923273E-03  1.1388441E-05  5.5206421E-03
  2.0799350E+02 -1.0745698E-06  2.8723591E-03 -8.2678510E-03  2.3491311E-06  5.4655696E-03
  2.0799350E+02  2.6668899E-06  2.3590454E-03 -8.0372477E-03 -4.6621961E-05  5.4786935E-03
  2.0799350E+02  3.5855922E-06  1.6695181E-03 -7.7709913E-03  1.0531602E-04  5.5363420E-03
  2.0799350E+02  3.2172505E-06  5.2218629E-04 -7.4911183E-03  2.6630726E-04  5.6183031E-03
  2.0799350E+02  1.2643075E-06 -3.4916759E-04 -7.2357524E-03  3.0447732E-04  5.6383449E-03
  2.0799350E+02 -6.4974168E-07 -9.6792521E-04 -6.9807898E-03  2.6213985E-04  5.5943362E-03
  2.0799350E+02 -1.5730159E-06 -1.3058945E-03 -6.7267915E-03  1.8002803E-04  5.5108502E-03
  2.0799350E+02 -1.2490094E-06 -1.3611629E-03 -6.4847872E-03  9.2414926E-05  5.4169533E-03
  2.0799350E+02  1.0563962E-08 -1.1886162E-03 -6.2666941E-03  2.3977910E-05  5.3328570E-03
  2.0799350E+02  1.5526870E-06 -8.9505293E-04 -6.0796773E-03 -1.1701521E-05  5.2639829E-03
  2.0799350E+02  2.6585609E-06 -6.1082242E-04 -5.9237822E-03 -1.2111828E-05  5.2009901E-03
  2.0799350E+02  2.8165750E-06 -4.4991488E-04 -5.7921669E-03  1.5631672E-05  5.1243154E-03
  2.0799350E+02  1.9415701E-06 -4.7043350E-04 -5.6732642E-03  5.7538016E-05  5.0117762E-03
  2.0799350E+02  4.8923824E-07 -6.4737637E-04 -5.5542004E-03  9.6690877E-05  4.8477855E-03
  2.0799350E+02 -5.8549626E-07 -8.6965749E-04 -5.4248018E-03  1.1828889E-04  4.6327283E-03
  2.0799350E+02 -7.7271416E-08 -9.7329554E-04 -5.2815161E-03  1.1566696E-04  4.3910513E-03
  2.0799350E+02  2.9625873E-06 -8.2269925E-04 -5.1305777E-03  9.7189572E-05  4.1766128E-03
  2.0799350E+02  3.9926796E-06 -7.3285893E-04 -4.9783996E-03  4.5530083E-05  4.0085552E-03
  2.0799350E+02  3.2378586E-06 -5.4526802E-04 -4.8327064E-03  3.1211434E-05  3.8899611E-03
  2.0799350E+02  3.5258486E-06 -3.1442934E-04 -4.6976170E-03  5.6159350E-05  3.8235551E-03
  2.0799350E+02  3.9437313E-06 -1.8948940E-04 -4.5666357E-03  7.6092530E-05  3.7759898E-03
  2.0799350E+02  4.0712679E-06 -1.3408813E-04 -4.4348514E-03  6.9200606E-05  3.7261542E-03
  2.0799350E+02  3.7989393E-06 -5.2070581E-05 -4.3005951E-03  3.2568598E-05  3.6622508E-03
  2.0799350E+02  3.1859236E-06  1.3504170E-04 -4.1655839E-03 -2.3234291E-05  3.5794366E-03
  2.0799350E+02  2.3559643E-06  4.5026755E-04 -4.0339804E-03 -8.0546008E-05  3.4779139E-03
  2.0799350E+02  1.4290848E-06  8.5451901E-04 -3.9107932E-03 -1.2112760E-04  3.3613617E-03
  2.0799350E+02  4.8710469E-07  1.2625379E-03 -3.8000469E-03 -1.3194820E-04  3.2355956E-03
  2.0799350E+02 -4.2908775E-07  1.5728638E-03 -3.7031472E-03 -1.0938362E-04  3.1073433E-03
  2.0799350E+02 -1.2925514E-06  1.7032816E-03 -3.6178707E-03 -6.0972885E-05  2.9830271E-03
  2.0799350E+02 -2.0356414E-06  1.6231960E-03 -3.5384034E-03 -3.8772984E-06  2.8674392E-03
  2.0799350E+02 -2.4697372E-06  1.3743808E-03 -3.4568579E-03  4.0813548E-05  2.7621999E-03
  2.0799350E+02 -2.1813929E-06  1.0715509E-03 -3.3666944E-03  5.8784349E-05  2.6638868E-03
  2.0799350E+02 -4.0695656E-07  8.7420473E-04 -3.2684743E-03  5.9060754E-05  2.5617241E-03
  2.0799350E+02  1.4372458E-06  7.8092783E-04 -3.1706016E-03  6.7218644E-05  2.4407217E-03
  2.0799350E+02 -3.1076890E-07  6.6485042E-04 -3.0581095E-03  2.6327751E-05  2.3321826E-03
  2.0799350E+02 -3.0741286E-07  7.0284437E-04 -2.9552909E-03  1.0187634E-05  2.2345868E-03
  2.0799350E+02  1.6280119E-07  7.3539252E-04 -2.8678160E-03  2.7348359E-05  2.1410648E-03
  2.0799350E+02  4.9490440E-07  7.1401047E-04 -2.7915697E-03  6.4138659E-05  2.0478907E-03
  2.0799350E+02  5.2606628E-07  6.4935653E-04 -2.7197357E-03  1.0105618E-04  1.9536517E-03
  2.0799350E+02  3.4022289E-07  5.7485899E-04 -2.6469769E-03  1.2263689E-04  1.8585039E-03
  2.0799350E+02  1.1469962E-07  5.2353081E-04 -2.5712757E-03  1.2201969E-04  1.7635230E-03
  2.0799350E+02  8.7892824E-09  5.1564174E-04 -2.4939959E-03  1.0142235E-04  1.6701580E-03
  2.0799350E+02  9.4246484E-08  5.5491787E-04 -2.4187274E-03  6.9744842E-05  1.5797971E-03
  2.0799350E+02  3.2765896E-07  6.3093852E-04 -2.3494776E-03  3.8516111E-05  1.4934531E-03
  2.0799350E+02  5.6465683E-07  7.2540071E-04 -2.2887703E-03  1.7400391E-05  1.4115785E-03
  2.0799350E+02  6.1592056E-07  8.1992100E-04 -2.2362149E-03  1.0479129E-05  1.3340170E-03
  2.0799350E+02  3.4494841E-07  9.0304481E-04 -2.1881084E-03  1.4524606E-05  1.2601009E-03
  2.0799350E+02 -1.9245568E-07  9.7413328E-04 -2.1386314E-03  2.0481316E-05  1.1889029E-03
  2.0799350E+02 -5.6701302E-07  1.0417976E-03 -2.0832010E-03  1.9371193E-05  1.1196500E-03
  2.0799350E+02  2.4684087E-07  1.1145507E-03 -2.0245433E-03  1.3838753E-05  1.0523091E-03
  2.0799350E+02  9.3439230E-07  1.1571568E-03 -1.9739079E-03  2.0942217E-05  9.8850801E-04
  2.0799350E+02 -3.0718204E-07  1.1804056E-03 -1.9138991E-03  2.0114251E-06  9.2954550E-04
  2.0799350E+02 -2.1370848E-07  1.2213947E-03 -1.8570262E-03 -1.6411243E-05  8.7136239E-04
  2.0799350E+02  1.2789998E-07  1.2547436E-03 -1.8092041E-03 -2.0069121E-05  8.1145423E-04
  2.0799350E+02  3.0924054E-07  1.2666198E-03 -1.7692766E-03 -9.9585314E-06  7.4917753E-04
  2.0799350E+02  2.8566454E-07  1.2560878E-03 -1.7337108E-03  7.0816000E-06  6.8513019E-04
  2.0799350E+02  1.6030483E-07  1.2327195E-03 -1.6994054E-03  2.4187105E-05  6.2061699E-04
  2.0799350E+02  5.0858461E-08  1.2117717E-03 -1.6649818E-03  3.7370067E-05  5.5720377E-04
  2.0799350E+02  2.3097148E-08  1.2082408E-03 -1.6309239E-03  4.6181580E-05  4.9636393E-04
  2.0799350E+02  7.5077596E-08  1.2310985E-03 -1.5989357E-03  5.2812941E-05  4.3922055E-04
  2.0799350E+02  1.5602389E-07  1.2790180E-03 -1.5708831E-03  6.0312400E-05  3.8638794E-04
  2.0799350E+02  2.0385416E-07  1.3388963E-03 -1.5476889E-03  7.0594630E-05  3.3791587E-04
  2.0799350E+02  1.8532380E-07  1.3884804E-03 -1.5285465E-03  8.2920064E-05  2.9334023E-04
  2.0799350E+02  7.2750527E-05 -9.8073273E-05 -2.1941325E-01  2.1956073E-01  0.0000000E+00
  2.0799350E+02  7.8530448E-05  1.0872508E-02 -9.5887147E-02  3.4621260E-03  2.4487074E-02
  2.0799350E+02  7.6289633E-05 -1.4900246E-02 -4.6316101E-02 -5.9646895E-02  3.9904736E-02
  2.0799350E+02  7.6877711E-05 -2.5713815E-02 -3.9066874E-02 -2.3213611E-02  1.4613484E-02
  2.0799350E+02  4.7017426E-05 -1.8002745E-02 -3.6025274E-02 -6.0502522E-03 -1.5816799E-03
  2.0799350E+02  3.3663734E-06 -1.3651350E-02 -3.4702323E-02 -1.2556250E-03 -6.8245650E-03
  2.0799350E+02 -1.0429335E-05 -1.6170418E-02 -3.3922644E-02  5.0993663E-04 -7.6536929E-03
  2.0799350E+02  2.1993336E-05 -2.1208872E-02 -3.3305465E-02  8.3355381E-04 -6.7031577E-03
  2.0799350E+02  4.0228961E-05 -2.7391121E-02 -3.2426330E-02  6.1950787E-04 -5.0133716E-03
  2.0799350E+02  5.8803606E-05 -3.2432834E-02 -3.1510859E-02  2.5487024E-04 -2.9634119E-03
  2.0799350E+02  6.1006999E-05 -3.4620819E-02 -3.0503415E-02 -1.8907373E-04 -7.4120739E-04
  2.0799350E+02  6.7430998E-05 -3.4449739E-02 -2.9389194E-02 -6.5870919E-04  1.4184071E-03
  2.0799350E+02  7.8574457E-05 -3.2708531E-02 -2.8262351E-02 -8.0669689E-04  3.3313034E-03
  2.0799350E+02  6.8211026E-05 -2.9738749E-02 -2.7118733E-02 -7.6043283E-04  4.8263075E-03
  2.0799350E+02  3.9493713E-05 -2.5699394E-02 -2.5839544E-02 -1.1793663E-03  5.8511213E-03
  2.0799350E+02  2.5614795E-05 -2.1684211E-02 -2.4665571E-02 -1.3357247E-03  6.6359642E-03
  2.0799350E+02  3.1878997E-06 -1.6855369E-02 -2.3233077E-02 -9.5734601E-04  7.2380626E-03
  2.0799350E+02  1.9579233E-05 -1.2855262E-02 -2.1842094E-02 -5.4658952E-04  7.5418730E-03
  2.0799350E+02  2.9316646E-05 -9.7980019E-03 -2.0580330E-02 -3.2799831E-04  7.5118562E-03
  2.0799350E+02  2.7615775E-05 -6.7417245E-03 -1.9376028E-02 -3.3123074E-04  7.2946856E-03
  2.0799350E+02  2.5350686E-05 -3.0937693E-03 -1.8188941E-02 -4.6699037E-04  7.0642553E-03
  2.0799350E+02  3.1093830E-05  1.0100983E-03 -1.7054735E-02 -5.9330230E-04  6.9229797E-03
  2.0799350E+02  4.2010826E-05  4.9181666E-03 -1.6049813E-02 -5.7966385E-04  6.8607789E-03
  2.0799350E+02  4.5876328E-05  7.9855930E-03 -1.5203480E-02 -3.8178832E-04  6.7679200E-03
  2.0799350E+02  3.6004000E-05  9.8568748E-03 -1.4456409E-02 -1.3027498E-04  6.5058557E-03
  2.0799350E+02  4.1284524E-05  1.0222833E-02 -1.3690062E-02 -2.4778824E-04  6.0298147E-03
  2.0799350E+02  1.9878514E-05  1.1523425E-02 -1.2768298E-02 -7.9739143E-04  5.6008483E-03
  2.0799350E+02  1.7596032E-06  1.2137437E-02 -1.1943706E-02 -5.8465551E-04  5.1965370E-03
  2.0799350E+02  4.3374317E-06  1.1510384E-02 -1.1248713E-02 -1.4477378E-04  4.7808053E-03
  2.0799350E+02  5.6077791E-06  1.0480956E-02 -1.0634106E-02  2.1155447E-04  4.3931579E-03
  2.0799350E+02  1.9586425E-06  9.3494259E-03 -1.0077831E-02  3.8736556E-04  4.0660379E-03
  2.0799350E+02 -3.2205602E-06  8.1699912E-03 -9.5776276E-03  4.0252960E-04  3.8219292E-03
  2.0799350E+02 -6.0912058E-06  6.9238539E-03 -9.1349858E-03  3.2648720E-04  3.6676516E-03
  2.0799350E+02 -5.0771723E-06  5.6279522E-03 -8.7512758E-03  2.3123736E-04  3.5972418E-03
  2.0799350E+02 -9.9998355E-07  4.3609925E-03 -8.4211608E-03  1.6661821E-04  3.5936620E-03
  2.0799350E+02  4.1648622E-06  3.2467452E-03 -8.1337093E-03  1.5238745E-04  3.6324481E-03
  2.0799350E+02  8.8688636E-06  2.3725143E-03 -7.8724395E-03  1.8262841E-04  3.6864128E-03
  2.0799350E+02  1.2572468E-05  1.7036952E-03 -7.6269194E-03  2.4154206E-04  3.7308068E-03
  2.0799350E+02  1.4268494E-05  9.7193791E-04 -7.4073840E-03  3.2531316E-04  3.7481872E-03
  2.0799350E+02  5.8461761E-06  2.5550072E-04 -7.1545644E-03  3.1895811E-04  3.7672556E-03
  2.0799350E+02  1.2190642E-06  1.6303797E-04 -6.8554100E-03  2.2931943E-04  3.7976649E-03
  2.0799350E+02  1.3361038E-06  1.6061757E-05 -6.5895068E-03  1.6543689E-04  3.8227297E-03
  2.0799350E+02  1.8832944E-06 -2.8654648E-04 -6.3474264E-03  1.1136146E-04  3.8486948E-03
  2.0799350E+02  1.7874930E-06 -6.6424467E-04 -6.1253938E-03  6.3811896E-05  3.8727505E-03
  2.0799350E+02  1.3844883E-06 -9.8765302E-04 -5.9242112E-03  2.5836332E-05  3.8870267E-03
  2.0799350E+02  1.2711006E-06 -1.1612845E-03 -5.7445093E-03  1.4863188E-06  3.8824571E-03
  2.0799350E+02  1.7208496E-06 -1.1533024E-03 -5.5864635E-03 -6.9214847E-06  3.8514771E-03
  2.0799350E+02  2.5336316E-06 -9.9466210E-04 -5.4478327E-03 -4.2766978E-07  3.7900258E-03
  2.0799350E+02  3.1788242E-06 -7.5756906E-04 -5.3243621E-03  1.6311331E-05  3.6992490E-03
  2.0799350E+02  3.1289494E-06 -5.2051680E-04 -5.2086682E-03  3.6135521E-05  3.5850389E-03
  2.0799350E+02  2.2205702E-06 -3.3810329E-04 -5.0927063E-03  5.1426753E-05  3.4575247E-03
  2.0799350E+02  9.3711612E-07 -2.2340132E-04 -4.9701817E-03  5.7054427E-05  3.3289005E-03
  2.0799350E+02  4.7691651E-07 -1.5595690E-04 -4.8403852E-03  5.4023541E-05  3.2098384E-03
  2.0799350E+02  2.4792083E-06 -1.2775940E-04 -4.7147830E-03  5.3731926E-05  3.1055290E-03
  2.0799350E+02  1.7094435E-06 -1.0391940E-04 -4.5983801E-03  3.5134299E-05  3.0249555E-03
  2.0799350E+02 -2.3123711E-07 -3.1663099E-05 -4.4771837E-03  5.0412953E-06  3.0035143E-03
  2.0799350E+02  2.2586679E-07  8.5849572E-05 -4.3542137E-03 -1.2996577E-05  3.0035974E-03
  2.0799350E+02  1.3458362E-06  2.5883717E-04 -4.2266543E-03 -3.3319238E-05  2.9980009E-03
  2.0799350E+02  2.3603078E-06  4.6543546E-04 -4.0953773E-03 -6.3327078E-05  2.9735389E-03
  2.0799350E+02  3.0229314E-06  6.7860328E-04 -3.9642217E-03 -1.0205086E-04  2.9266414E-03
  2.0799350E+02  3.3152513E-06  8.7962001E-04 -3.8382016E-03 -1.4158858E-04  2.8597912E-03
  2.0799350E+02  3.2744916E-06  1.0611044E-03 -3.7218582E-03 -1.7034408E-04  2.7785400E-03
  2.0799350E+02  2.9190154E-06  1.2214439E-03 -3.6188601E-03 -1.7694208E-04  2.6899379E-03
  2.0799350E+02  2.2437570E-06  1.3590275E-03 -3.5298715E-03 -1.5466488E-04  2.6000224E-03
  2.0799350E+02  1.2620273E-06  1.4633936E-03 -3.4530030E-03 -1.0437173E-04  2.5132618E-03
  2.0799350E+02  6.6411384E-08  1.5119041E-03 -3.3836291E-03 -3.5778043E-05  2.4315562E-03
  2.0799350E+02 -1.1034018E-06  1.4732265E-03 -3.3157072E-03  3.3399131E-05  2.3544152E-03
  2.0799350E+02 -1.8450391E-06  1.3227514E-03 -3.2426793E-03  8.3271512E-05  2.2779294E-03
  2.0799350E+02 -1.6106325E-06  1.0715394E-03 -3.1605048E-03  1.0088376E-04  2.1953855E-03
  2.0799350E+02  1.8557366E-07  8.1418544E-04 -3.0710769E-03  9.5376911E-05  2.0972156E-03
  2.0799350E+02  1.9306752E-06  6.9020858E-04 -2.9773219E-03  9.3473519E-05  1.9818886E-03
  2.0799350E+02  5.2315439E-07  6.1413011E-04 -2.8789456E-03  8.0188010E-05  1.8883850E-03
  2.0799350E+02  2.6852944E-07  6.5200684E-04 -2.7933418E-03  8.8956990E-05  1.8031338E-03
  2.0799350E+02  2.8230762E-07  7.0273141E-04 -2.7130878E-03  1.0182731E-04  1.7237431E-03
  2.0799350E+02  2.0615523E-07  7.3303850E-04 -2.6342464E-03  1.0886173E-04  1.6470871E-03
  2.0799350E+02 -1.0869263E-08  7.4478088E-04 -2.5560520E-03  1.0638263E-04  1.5709542E-03
  2.0799350E+02 -2.7643529E-07  7.5295270E-04 -2.4791547E-03  9.5242397E-05  1.4938252E-03
  2.0799350E+02 -4.6800974E-07  7.7178441E-04 -2.4053031E-03  7.8949786E-05  1.4156038E-03
  2.0799350E+02 -5.0202976E-07  8.0825738E-04 -2.3362818E-03  6.1983273E-05  1.3371927E-03
  2.0799350E+02 -3.6582172E-07  8.6048498E-04 -2.2737297E-03  4.8461635E-05  1.2606765E-03
  2.0799350E+02 -1.1861234E-07  9.2047265E-04 -2.2179103E-03  4.0828429E-05  1.1879444E-03
  2.0799350E+02  1.3336535E-07  9.7827211E-04 -2.1679801E-03  3.9299725E-05  1.1206731E-03
  2.0799350E+02  2.7942020E-07  1.0267705E-03 -2.1219124E-03  4.1693394E-05  1.0596356E-03
  2.0799350E+02  2.5919447E-07  1.0652017E-03 -2.0768165E-03  4.3939366E-05  1.0041792E-03
  2.0799350E+02  1.2416279E-07  1.0993991E-03 -2.0300618E-03  4.1326781E-05  9.5239760E-04
  2.0799350E+02  9.7785018E-08  1.1380860E-03 -1.9800573E-03  3.0668400E-05  9.0062950E-04
  2.0799350E+02  6.2897095E-07  1.1822240E-03 -1.9283364E-03  1.3365704E-05  8.4434742E-04
  2.0799350E+02  8.3408520E-07  1.2049577E-03 -1.8799335E-03  8.8836380E-07  7.8439671E-04
  2.0799350E+02  1.5183007E-07  1.2131730E-03 -1.8304413E-03 -9.8520341E-06  7.3150260E-04
  2.0799350E+02  3.0381518E-07  1.2364499E-03 -1.7841651E-03 -1.2135627E-05  6.7832916E-04
  2.0799350E+02  6.0052532E-07  1.2687144E-03 -1.7432260E-03 -1.2467550E-06  6.2378644E-04
  2.0799350E+02  7.6186324E-07  1.2970551E-03 -1.7065189E-03  1.8364941E-05  5.6807338E-04
  2.0799350E+02  7.4411134E-07  1.3118747E-03 -1.6720261E-03  3.9644080E-05  5.1199010E-04
  2.0799350E+02  6.1446208E-07  1.3111932E-03 -1.6384335E-03  5.6697999E-05  4.5689975E-04
  2.0799350E+02  4.6541644E-07  1.3008164E-03 -1.6053319E-03  6.6854030E-05  4.0380969E-04
  2.0799350E+02  3.6437592E-07  1.2912246E-03 -1.5734277E-03  7.0682693E-05  3.5358039E-04
  2.0799350E+02  3.3227417E-07  1.2930930E-03 -1.5439877E-03  7.1094307E-05  3.0664807E-04
  2.0799350E+02  3.4490056E-07  1.3125400E-03 -1.5183969E-03  7.1760658E-05  2.6334487E-04
  2.0799350E+02  3.5064212E-07  1.3476395E-03 -1.4971801E-03  7.5375313E-05  2.2345249E-04
  2.0799350E+02  2.9952507E-07  1.3875871E-03 -1.4797563E-03  8.2261348E-05  1.8666020E-04
