          atime            tkk            imb            div        garbage        garbage
  2.0799350E+02 -1.1213540E-10  6.0177735E-04  4.8048358E-18 -5.4949753E-09  3.9330198E-06
  2.0799350E+02  6.3927039E-03  7.3245786E-05  0.0000000E+00  2.0373758E-02  6.4946227E-03
  2.0799350E+02  1.7678960E-02 -8.1240069E-04  0.0000000E+00  6.7835911E-02  4.8102574E-03
  2.0799350E+02  2.4173340E-02  3.0548040E-04  0.0000000E+00  6.2464691E-02  3.5878602E-03
  2.0799350E+02  2.6439885E-02 -7.3676463E-04  0.0000000E+00  3.4856321E-02  1.8677098E-03
  2.0799350E+02  2.7149488E-02 -3.2715899E-05  0.0000000E+00  1.6487603E-02  8.0011407E-04
  2.0799350E+02  2.7478338E-02 -2.3585194E-04  0.0000000E+00  6.8362579E-03  1.6679869E-03
  2.0799350E+02  2.7804496E-02 -7.9669292E-04  0.0000000E+00  2.4298456E-03  4.1827137E-03
  2.0799350E+02  2.8204845E-02 -4.0442689E-04 -2.4068089E-19  5.5526405E-04  7.3030436E-03
  2.0799350E+02  2.8688340E-02 -5.4352700E-04  0.0000000E+00  1.8953933E-04  9.8541098E-03
  2.0799350E+02  2.9214849E-02 -4.4192220E-04  0.0000000E+00  6.8071981E-04  1.1452543E-02
  2.0799350E+02  2.9740713E-02 -3.3140582E-05  0.0000000E+00  1.5214373E-03  1.2256868E-02
  2.0799350E+02  3.0222440E-02  2.1428255E-04  0.0000000E+00  2.3832585E-03  1.2579082E-02
  2.0799350E+02  3.0603016E-02  1.0272009E-04  0.0000000E+00  3.1487824E-03  1.2606065E-02
  2.0799350E+02  3.0823844E-02  3.0197671E-05  0.0000000E+00  3.8753380E-03  1.2268819E-02
  2.0799350E+02  3.0896767E-02 -1.7787698E-04  0.0000000E+00  4.6295428E-03  1.1393203E-02
  2.0799350E+02  3.0864536E-02 -1.5670984E-04  0.0000000E+00  5.3132825E-03  1.0440655E-02
  2.0799350E+02  3.0745253E-02  2.2597897E-04  0.0000000E+00  5.8056320E-03  9.2981558E-03
  2.0799350E+02  3.0548990E-02  6.3416781E-04  0.0000000E+00  6.0732531E-03  7.9954005E-03
  2.0799350E+02  3.0281889E-02  8.5882614E-04  0.0000000E+00  6.1633562E-03  6.6273786E-03
  2.0799350E+02  2.9951833E-02  8.2600469E-04  0.0000000E+00  6.1711754E-03  5.2462285E-03
  2.0799350E+02  2.9568509E-02  5.9001654E-04  0.0000000E+00  6.1961250E-03  3.8977637E-03
  2.0799350E+02  2.9140730E-02  3.0030169E-04  0.0000000E+00  6.2990248E-03  2.6981969E-03
  2.0799350E+02  2.8673901E-02  1.3056790E-04  0.0000000E+00  6.4727863E-03  1.8465886E-03
  2.0799350E+02  2.8170520E-02  1.5880038E-04  0.0000000E+00  6.6389498E-03  1.4685469E-03
  2.0799350E+02  2.7636584E-02  1.8673315E-04  0.0000000E+00  6.6824633E-03  1.1867048E-03
  2.0799350E+02  2.7086701E-02 -3.9742676E-05  0.0000000E+00  6.5444895E-03  1.0278534E-03
  2.0799350E+02  2.6505846E-02  4.6073342E-05  0.0000000E+00  6.3151559E-03  5.4438829E-04
  2.0799350E+02  2.5906222E-02  1.0245919E-04  0.0000000E+00  5.9925450E-03  3.9534044E-05
  2.0799350E+02  2.5304271E-02  1.0747510E-04  0.0000000E+00  5.6044042E-03 -7.5585015E-05
  2.0799350E+02  2.4711662E-02  1.5262818E-04  6.2395732E-21  5.2049796E-03  1.8291470E-04
  2.0799350E+02  2.4137238E-02  2.7366651E-04  0.0000000E+00  4.8525861E-03  6.2571684E-04
  2.0799350E+02  2.3587406E-02  4.1491705E-04  0.0000000E+00  4.5914406E-03  1.0542074E-03
  2.0799350E+02  2.3066267E-02  4.7718869E-04  0.0000000E+00  4.4393619E-03  1.3483323E-03
  2.0799350E+02  2.2575726E-02  3.9926652E-04  0.0000000E+00  4.3826019E-03  1.4922078E-03
  2.0799350E+02  2.2115857E-02  2.2302282E-04  0.0000000E+00  4.3790757E-03  1.5512829E-03
  2.0799350E+02  2.1685780E-02  9.2170566E-05  0.0000000E+00  4.3712554E-03  1.6148508E-03
  2.0799350E+02  2.1285303E-02  1.3468517E-04  0.0000000E+00  4.3099940E-03  1.7177074E-03
  2.0799350E+02  2.0917596E-02  1.7891986E-04  0.0000000E+00  4.1905449E-03  1.7547566E-03
  2.0799350E+02  2.0594447E-02 -1.5006992E-04  0.0000000E+00  4.1214819E-03  1.6800532E-03
  2.0799350E+02  2.0305828E-02  1.0310710E-05  0.0000000E+00  4.0605836E-03  1.5945160E-03
  2.0799350E+02  2.0039664E-02  1.8955056E-04  0.0000000E+00  3.9780908E-03  1.4465753E-03
  2.0799350E+02  1.9788727E-02  2.2626178E-04  0.0000000E+00  3.8994345E-03  1.3188683E-03
  2.0799350E+02  1.9545631E-02  1.7022628E-04  0.0000000E+00  3.8359591E-03  1.2469275E-03
  2.0799350E+02  1.9304254E-02  1.1603358E-04  0.0000000E+00  3.7877672E-03  1.2308391E-03
  2.0799350E+02  1.9060570E-02  1.1878436E-04  0.0000000E+00  3.7474661E-03  1.2478770E-03
  2.0799350E+02  1.8812967E-02  1.7154870E-04  0.0000000E+00  3.7042851E-03  1.2651045E-03
  2.0799350E+02  1.8562117E-02  2.2426756E-04  0.0000000E+00  3.6480407E-03  1.2509378E-03
  2.0799350E+02  1.8310483E-02  2.2378647E-04  0.0000000E+00  3.5724199E-03  1.1846653E-03
  2.0799350E+02  1.8061536E-02  1.5471006E-04  0.0000000E+00  3.4770580E-03  1.0629145E-03
  2.0799350E+02  1.7818746E-02  6.0766278E-05  0.0000000E+00  3.3678803E-03  9.0206147E-04
  2.0799350E+02  1.7584442E-02  2.6368767E-05  0.0000000E+00  3.2551849E-03  7.3557637E-04
  2.0799350E+02  1.7358593E-02  9.8067149E-05  0.0000000E+00  3.1489373E-03  6.0529721E-04
  2.0799350E+02  1.7137603E-02  1.2557224E-04  0.0000000E+00  3.0507511E-03  5.4562655E-04
  2.0799350E+02  1.6918298E-02  2.8397179E-05  0.0000000E+00  2.9709922E-03  4.9777397E-04
  2.0799350E+02  1.6690625E-02  8.1065016E-05  0.0000000E+00  2.9410428E-03  4.6661938E-04
  2.0799350E+02  1.6457005E-02  1.4284190E-04 -4.1854066E-19  2.9213158E-03  4.3525314E-04
  2.0799350E+02  1.6220145E-02  2.2283556E-04  0.0000000E+00  2.8931614E-03  3.6830486E-04
  2.0799350E+02  1.5977460E-02  2.9488899E-04  0.0000000E+00  2.8506143E-03  2.6719447E-04
  2.0799350E+02  1.5725232E-02  3.3412038E-04  0.0000000E+00  2.7950720E-03  1.4928317E-04
  2.0799350E+02  1.5460815E-02  3.3355756E-04  0.0000000E+00  2.7312357E-03  3.4551791E-05
  2.0799350E+02  1.5183603E-02  3.0579486E-04  0.0000000E+00  2.6642443E-03 -6.1564306E-05
  2.0799350E+02  1.4895062E-02  2.7473373E-04  0.0000000E+00  2.5978567E-03 -1.3065991E-04
  2.0799350E+02  1.4598132E-02  2.6246744E-04  0.0000000E+00  2.5335321E-03 -1.7064011E-04
  2.0799350E+02  1.4296310E-02  2.7637034E-04  0.0000000E+00  2.4702618E-03 -1.8327201E-04
  2.0799350E+02  1.3992710E-02  3.0145213E-04  2.6584939E-20  2.4050033E-03 -1.7148392E-04
  2.0799350E+02  1.3689419E-02  3.0303709E-04  0.0000000E+00  2.3335692E-03 -1.3788803E-04
  2.0799350E+02  1.3387434E-02  2.4483042E-04  0.0000000E+00  2.2518231E-03 -8.6002615E-05
  2.0799350E+02  1.3087512E-02  1.2742919E-04  0.0000000E+00  2.1570334E-03 -2.5649687E-05
  2.0799350E+02  1.2792218E-02  5.2341374E-05  0.0000000E+00  2.0492383E-03  1.5995829E-05
  2.0799350E+02  1.2509132E-02  1.2042731E-04  0.0000000E+00  1.9339312E-03  4.8262611E-06
  2.0799350E+02  1.2240692E-02  6.7280680E-05  0.0000000E+00  1.8286902E-03 -3.4711052E-06
  2.0799350E+02  1.1985951E-02  1.3467774E-04  0.0000000E+00  1.7338562E-03 -1.9205923E-05
  2.0799350E+02  1.1745341E-02  2.0998059E-04  0.0000000E+00  1.6466005E-03 -2.2830742E-05
  2.0799350E+02  1.1518098E-02  2.4893983E-04  0.0000000E+00  1.5644138E-03 -9.5439301E-06
  2.0799350E+02  1.1302398E-02  2.4663742E-04  0.0000000E+00  1.4854403E-03  1.6464836E-05
  2.0799350E+02  1.1095637E-02  2.1652087E-04  0.0000000E+00  1.4086235E-03  4.6575527E-05
  2.0799350E+02  1.0894825E-02  1.7639679E-04  0.0000000E+00  1.3336977E-03  7.1201761E-05
  2.0799350E+02  1.0697017E-02  1.4025239E-04  0.0000000E+00  1.2610525E-03  8.2254439E-05
  2.0799350E+02  1.0499723E-02  1.1477328E-04  0.0000000E+00  1.1915013E-03  7.4701631E-05
  2.0799350E+02  1.0301248E-02  9.9425837E-05  0.0000000E+00  1.1259844E-03  4.7321288E-05
  2.0799350E+02  1.0100891E-02  8.8972695E-05  0.0000000E+00  1.0652354E-03  2.7434049E-06
  2.0799350E+02  9.8989409E-03  7.7289547E-05  0.0000000E+00  1.0094426E-03 -5.3121790E-05
  2.0799350E+02  9.6967987E-03  6.1383783E-05  0.0000000E+00  9.5802431E-04 -1.1206830E-04
  2.0799350E+02  9.4949287E-03  4.4286176E-05  0.0000000E+00  9.0900443E-04 -1.6554084E-04
  2.0799350E+02  9.2941248E-03  3.6165409E-05  0.0000000E+00  8.5939228E-04 -2.0579914E-04
  2.0799350E+02  9.0926573E-03  5.1935039E-05  0.0000000E+00  8.0474113E-04 -2.2842062E-04
  2.0799350E+02  8.8875471E-03  5.2848751E-05  0.0000000E+00  7.3967988E-04 -2.3732969E-04
  2.0799350E+02  8.6823714E-03  2.4279499E-05  0.0000000E+00  6.7830423E-04 -2.3168925E-04
  2.0799350E+02  8.4749161E-03  3.3360240E-05 -5.3168646E-19  6.2347056E-04 -2.1799054E-04
  2.0799350E+02  8.2660115E-03  5.5319027E-05  0.0000000E+00  5.7139765E-04 -2.0616734E-04
  2.0799350E+02  8.0576655E-03  7.4993948E-05  0.0000000E+00  5.2005829E-04 -1.9949215E-04
  2.0799350E+02  7.8523290E-03  8.5067576E-05  0.0000000E+00  4.6871824E-04 -1.9717422E-04
  2.0799350E+02  7.6523751E-03  8.4152158E-05  0.0000000E+00  4.1752536E-04 -1.9649004E-04
  2.0799350E+02  7.4597670E-03  7.4832909E-05  0.0000000E+00  3.6715244E-04 -1.9444408E-04
  2.0799350E+02  7.2758849E-03  6.1776758E-05  0.0000000E+00  3.1849794E-04 -1.8895750E-04
  2.0799350E+02  7.1014876E-03  5.0013913E-05  0.0000000E+00  2.7244822E-04 -1.7958223E-04
  2.0799350E+02  6.9367798E-03  4.3499584E-05  0.0000000E+00  2.2970535E-04 -1.6773832E-04
  2.0799350E+02  6.7815591E-03  4.4063227E-05  0.0000000E+00  1.9068432E-04 -1.5647211E-04
  2.0799350E+02  6.6354151E-03  5.0852668E-05  1.1107913E-19  1.5548341E-04 -1.4973276E-04
  2.0799350E+02  0.0000000E+00 -1.3798988E-04 -1.5424325E-06  0.0000000E+00  9.7506424E-06
  2.0799350E+02  2.3024711E-03 -1.0957776E-04  2.8904118E-09  4.0241142E-03  1.6900598E-03
  2.0799350E+02  8.5221873E-03  3.2812376E-05  0.0000000E+00  3.0450399E-02 -4.6361606E-03
  2.0799350E+02  1.6277788E-02 -1.7068839E-04  0.0000000E+00  7.3379859E-02 -9.5834934E-03
  2.0799350E+02  2.2029027E-02  4.4921617E-04  0.0000000E+00  9.3395719E-02 -1.0678426E-02
  2.0799350E+02  2.4826360E-02 -7.4670999E-04  0.0000000E+00  8.1225830E-02 -9.9862474E-03
  2.0799350E+02  2.5712565E-02 -5.8063103E-04  0.0000000E+00  5.8341177E-02 -8.9730637E-03
  2.0799350E+02  2.5807091E-02 -4.0943701E-04 -1.6110946E-07  3.9298677E-02 -8.2447063E-03
  2.0799350E+02  2.5736654E-02 -3.7156637E-04  7.6904883E-08  2.6949078E-02 -7.1240613E-03
  2.0799350E+02  2.5762545E-02 -6.2436986E-04 -9.5705163E-08  1.9469917E-02 -5.3820134E-03
  2.0799350E+02  2.5950702E-02 -6.5401184E-04  3.1005812E-08  1.5120960E-02 -3.1241154E-03
  2.0799350E+02  2.6271261E-02 -3.9087097E-04  3.9926195E-08  1.2678944E-02 -7.3661004E-04
  2.0799350E+02  2.6664058E-02 -2.2932245E-04 -3.8474957E-08  1.1359938E-02  1.3514233E-03
  2.0799350E+02  2.7069123E-02 -1.5677117E-04  2.7633116E-09  1.0681498E-02  2.8970246E-03
  2.0799350E+02  2.7445638E-02  2.1856580E-04  7.2346337E-09  1.0330934E-02  3.8600008E-03
  2.0799350E+02  2.7777325E-02  9.4425742E-05  0.0000000E+00  1.0159082E-02  4.2325114E-03
  2.0799350E+02  2.8055169E-02 -1.4795115E-04  0.0000000E+00  1.0164385E-02  4.2702159E-03
  2.0799350E+02  2.8275418E-02 -4.3693849E-04  0.0000000E+00  1.0262569E-02  4.2045003E-03
  2.0799350E+02  2.8436911E-02 -3.6648305E-04  0.0000000E+00  1.0398289E-02  4.1966000E-03
  2.0799350E+02  2.8530411E-02  3.0779324E-05  0.0000000E+00  1.0533338E-02  4.1317915E-03
  2.0799350E+02  2.8544258E-02  4.0087603E-04  0.0000000E+00  1.0619770E-02  3.8397689E-03
  2.0799350E+02  2.8472707E-02  4.1055495E-04  0.0000000E+00  1.0612235E-02  3.2338330E-03
  2.0799350E+02  2.8323665E-02  7.1092806E-05  0.0000000E+00  1.0496948E-02  2.3777130E-03
  2.0799350E+02  2.8118603E-02 -2.0378937E-04  0.0000000E+00  1.0313643E-02  1.4621677E-03
  2.0799350E+02  2.7882324E-02 -5.1414941E-05  0.0000000E+00  1.0147643E-02  7.1415473E-04
  2.0799350E+02  2.7615640E-02 -3.6937428E-04  0.0000000E+00  1.0069497E-02  2.2342785E-04
  2.0799350E+02  2.7298701E-02 -5.8414036E-05 -2.0575413E-07  1.0014529E-02 -5.8537243E-05
  2.0799350E+02  2.6892533E-02  1.3442623E-04  1.9790825E-07  9.9122628E-03 -3.2417587E-05
  2.0799350E+02  2.6439490E-02 -1.0651562E-04  9.9160831E-09  9.6762303E-03  1.3417763E-05
  2.0799350E+02  2.5970544E-02 -8.3861235E-05 -9.8227501E-08  9.3006974E-03 -4.9873792E-05
  2.0799350E+02  2.5493168E-02  1.6749933E-04 -5.1112102E-08  8.8340429E-03 -2.3662073E-04
  2.0799350E+02  2.5009115E-02  3.9999047E-04  3.3869287E-08  8.3429381E-03 -4.9650334E-04
  2.0799350E+02  2.4517143E-02  4.4076243E-04  5.9521247E-08  7.8820360E-03 -7.5210123E-04
  2.0799350E+02  2.4019449E-02  2.8891589E-04  1.8042533E-08  7.4842912E-03 -9.2200368E-04
  2.0799350E+02  2.3519714E-02  8.3688583E-05 -3.2470838E-08  7.1565167E-03 -9.3917091E-04
  2.0799350E+02  2.3024886E-02 -3.1367349E-06 -3.4365161E-08  6.8861176E-03 -7.6843033E-04
  2.0799350E+02  2.2538012E-02  9.6999018E-05  8.4060057E-09  6.6476093E-03 -4.2818532E-04
  2.0799350E+02  2.2061716E-02  2.4811763E-04  2.6294886E-08  6.4183580E-03 -2.0453535E-05
  2.0799350E+02  2.1599661E-02  8.8804650E-05 -1.5072593E-08  6.1918660E-03  2.2426578E-04
  2.0799350E+02  2.1175075E-02 -1.8572713E-04  0.0000000E+00  5.9964706E-03  2.5327457E-04
  2.0799350E+02  2.0786587E-02  3.5660231E-05  0.0000000E+00  5.7926850E-03  3.0455214E-04
  2.0799350E+02  2.0434435E-02  1.9527110E-04  0.0000000E+00  5.5747099E-03  3.3162851E-04
  2.0799350E+02  2.0119095E-02  2.5499165E-04  0.0000000E+00  5.3605446E-03  4.0414785E-04
  2.0799350E+02  1.9832119E-02  2.5803792E-04  0.0000000E+00  5.1614074E-03  5.2379569E-04
  2.0799350E+02  1.9563913E-02  2.5208264E-04  0.0000000E+00  4.9829472E-03  6.6454666E-04
  2.0799350E+02  1.9304368E-02  2.5526790E-04  0.0000000E+00  4.8239961E-03  7.9835520E-04
  2.0799350E+02  1.9046904E-02  2.5374948E-04  0.0000000E+00  4.6797186E-03  9.0547497E-04
  2.0799350E+02  1.8788053E-02  2.1885912E-04  0.0000000E+00  4.5430997E-03  9.7643592E-04
  2.0799350E+02  1.8528893E-02  1.3266825E-04  0.0000000E+00  4.4081153E-03  1.0076205E-03
  2.0799350E+02  1.8271191E-02  9.2210284E-06  0.0000000E+00  4.2702530E-03  9.9609517E-04
  2.0799350E+02  1.8017890E-02 -9.9200346E-05  0.0000000E+00  4.1289006E-03  9.3487652E-04
  2.0799350E+02  1.7771360E-02 -1.2303482E-04  0.0000000E+00  3.9876085E-03  8.1446832E-04
  2.0799350E+02  1.7532114E-02 -3.4909878E-05  0.0000000E+00  3.8531475E-03  6.3312340E-04
  2.0799350E+02  1.7300451E-02  3.9057946E-05  0.0000000E+00  3.7341917E-03  4.2195294E-04
  2.0799350E+02  1.7079072E-02 -1.6440527E-04 -5.0239871E-07  3.6031368E-03  2.4324418E-04
  2.0799350E+02  1.6863961E-02 -2.0460023E-05  1.7885680E-07  3.4838948E-03  1.2521632E-04
  2.0799350E+02  1.6643020E-02  1.7663800E-04  1.3394570E-07  3.3988026E-03  6.5080936E-05
  2.0799350E+02  1.6413779E-02  2.4340207E-04 -2.9165589E-08  3.3313842E-03  3.8844895E-05
  2.0799350E+02  1.6175594E-02  1.9933982E-04 -9.8643553E-08  3.2673575E-03  2.4780022E-05
  2.0799350E+02  1.5929261E-02  1.2700763E-04 -6.5176640E-08  3.1975220E-03  6.0798049E-06
  2.0799350E+02  1.5675492E-02  9.3610825E-05  6.9193985E-09  3.1181943E-03 -2.7834844E-05
  2.0799350E+02  1.5413981E-02  1.1876998E-04  5.5388000E-08  3.0303988E-03 -8.0717966E-05
  2.0799350E+02  1.5145317E-02  1.7580108E-04  5.3584585E-08  2.9389834E-03 -1.4915348E-04
  2.0799350E+02  1.4868522E-02  2.1509675E-04  1.4158022E-08  2.8496170E-03 -2.2403465E-04
  2.0799350E+02  1.4583421E-02  1.9587313E-04 -2.7962100E-08  2.7672348E-03 -2.9197786E-04
  2.0799350E+02  1.4290138E-02  1.1406350E-04 -4.0405656E-08  2.6938299E-03 -3.3810755E-04
  2.0799350E+02  1.3991530E-02  1.4866731E-05 -1.5685656E-08  2.6276424E-03 -3.4934825E-04
  2.0799350E+02  1.3689982E-02 -2.5381947E-05  2.0106110E-08  2.5620542E-03 -3.1951127E-04
  2.0799350E+02  1.3388939E-02  4.2740817E-05  2.3887682E-08  2.4871848E-03 -2.5444426E-04
  2.0799350E+02  1.3091137E-02  1.2911095E-04 -1.2052498E-08  2.3925490E-03 -1.7872702E-04
  2.0799350E+02  1.2798640E-02  2.8369596E-05  0.0000000E+00  2.2748902E-03 -9.9467900E-05
  2.0799350E+02  1.2514780E-02  1.2537322E-04  0.0000000E+00  2.1562981E-03 -3.8417160E-05
  2.0799350E+02  1.2237804E-02  1.5934593E-04  0.0000000E+00  2.0409409E-03 -5.8453945E-05
  2.0799350E+02  1.1973282E-02  1.5424746E-04  0.0000000E+00  1.9306604E-03 -9.3092329E-05
  2.0799350E+02  1.1723753E-02  1.3806380E-04  0.0000000E+00  1.8253163E-03 -1.1168712E-04
  2.0799350E+02  1.1490720E-02  1.3091761E-04  0.0000000E+00  1.7246859E-03 -1.0602514E-04
  2.0799350E+02  1.1272363E-02  1.4004333E-04  0.0000000E+00  1.6280410E-03 -8.0591193E-05
  2.0799350E+02  1.1065880E-02  1.6062200E-04  0.0000000E+00  1.5352584E-03 -4.5322765E-05
  2.0799350E+02  1.0867268E-02  1.8017919E-04  0.0000000E+00  1.4465329E-03 -1.0982382E-05
  2.0799350E+02  1.0673334E-02  1.8480967E-04  0.0000000E+00  1.3628632E-03  1.3284244E-05
  2.0799350E+02  1.0480132E-02  1.6600978E-04  0.0000000E+00  1.2848252E-03  2.1567715E-05
  2.0799350E+02  1.0284868E-02  1.2553777E-04  0.0000000E+00  1.2129025E-03  1.1164638E-05
  2.0799350E+02  1.0085870E-02  7.7193381E-05  0.0000000E+00  1.1470406E-03 -1.7621100E-05
  2.0799350E+02  9.8823507E-03  4.3478866E-05  0.0000000E+00  1.0863718E-03 -6.1858998E-05
  2.0799350E+02  9.6757616E-03  4.5703598E-05  0.0000000E+00  1.0296619E-03 -1.1547920E-04
  2.0799350E+02  9.4671805E-03  8.4877771E-05  0.0000000E+00  9.7495331E-04 -1.6867046E-04
  2.0799350E+02  9.2579925E-03  1.1306153E-04  0.0000000E+00  9.2065153E-04 -2.0507826E-04
  2.0799350E+02  9.0484861E-03  6.2018946E-05 -7.5750404E-07  8.6494436E-04 -2.1318926E-04
  2.0799350E+02  8.8378939E-03  5.5315763E-05  1.2918246E-07  8.0118015E-04 -2.0945258E-04
  2.0799350E+02  8.6268074E-03  6.0080698E-05  1.7042850E-07  7.3459153E-04 -1.9441805E-04
  2.0799350E+02  8.4165382E-03  6.9515689E-05  1.1154106E-08  6.6939447E-04 -1.8017997E-04
  2.0799350E+02  8.2076370E-03  7.8203038E-05 -8.9650103E-08  6.0721650E-04 -1.7248438E-04
  2.0799350E+02  8.0003747E-03  8.2730797E-05 -8.5344318E-08  5.4813458E-04 -1.7243312E-04
  2.0799350E+02  7.7966291E-03  8.1791705E-05 -2.1519991E-08  4.9191494E-04 -1.7810984E-04
  2.0799350E+02  7.5976979E-03  7.5968232E-05  3.9980489E-08  4.3792367E-04 -1.8610341E-04
  2.0799350E+02  7.4055894E-03  6.7143507E-05  6.0674639E-08  3.8586847E-04 -1.9284206E-04
  2.0799350E+02  7.2219720E-03  5.7789206E-05  3.7024103E-08  3.3572460E-04 -1.9564301E-04
  2.0799350E+02  7.0490679E-03  5.0271170E-05 -6.8447935E-09  2.8806888E-04 -1.9342227E-04
  2.0799350E+02  6.8873079E-03  4.6037248E-05 -3.7887895E-08  2.4341298E-04 -1.8704374E-04
  2.0799350E+02  6.7364529E-03  4.5154862E-05 -3.4815869E-08  2.0238343E-04 -1.7912819E-04
  2.0799350E+02  3.7167929E-12 -4.0270680E-05 -4.5393152E-06 -1.3311731E-11 -5.8189021E-07
  2.0799350E+02  8.4647970E-04  5.4825474E-05  8.5352509E-09  2.9110607E-04  4.3596595E-03
  2.0799350E+02  2.6379459E-03 -5.3640840E-05  0.0000000E+00  2.2396984E-03  2.6396700E-03
  2.0799350E+02  5.6362791E-03 -2.2104232E-04  0.0000000E+00  8.3102065E-03  7.2931478E-04
  2.0799350E+02  1.0338815E-02  1.5903971E-04  0.0000000E+00  2.3478277E-02 -6.5723977E-04
  2.0799350E+02  1.6307743E-02 -3.1735727E-04  0.0000000E+00  5.0795716E-02 -1.6537087E-03
  2.0799350E+02  2.2065499E-02  4.5089420E-04  0.0000000E+00  8.2462914E-02 -2.3491587E-03
  2.0799350E+02  2.6209057E-02 -1.6318777E-03 -4.7490317E-07  1.0225610E-01 -2.9236731E-03
  2.0799350E+02  2.8288329E-02  6.6572315E-04  2.2609026E-07  1.0100103E-01 -3.4647081E-03
  2.0799350E+02  2.8750528E-02  4.1027959E-04 -2.8163429E-07  8.4859508E-02 -3.3451994E-03
  2.0799350E+02  2.8306132E-02 -6.9356913E-04  9.1633391E-08  6.4427620E-02 -2.9237591E-03
  2.0799350E+02  2.7544228E-02 -4.8463382E-04  1.1718343E-07  4.6802951E-02 -2.3248357E-03
  2.0799350E+02  2.6827632E-02 -2.3696925E-04 -1.1327353E-07  3.4082690E-02 -1.4361589E-03
  2.0799350E+02  2.6303838E-02 -6.9128559E-04  8.2532095E-09  2.5466095E-02 -2.8661542E-04
  2.0799350E+02  2.5988391E-02  1.8655655E-06  2.1071820E-08  1.9872089E-02  8.7526374E-04
  2.0799350E+02  2.5866770E-02 -2.3415361E-04  0.0000000E+00  1.6322160E-02  2.0967176E-03
  2.0799350E+02  2.5895406E-02 -2.1847599E-05  0.0000000E+00  1.4115695E-02  3.2029904E-03
  2.0799350E+02  2.6002382E-02  3.9184753E-05  0.0000000E+00  1.2825330E-02  4.0698075E-03
  2.0799350E+02  2.6154665E-02  1.8197194E-05  0.0000000E+00  1.2111053E-02  4.6066751E-03
  2.0799350E+02  2.6338311E-02  1.1682550E-04  0.0000000E+00  1.1708416E-02  4.8387843E-03
  2.0799350E+02  2.6538455E-02  2.5537779E-04  0.0000000E+00  1.1450629E-02  4.8017258E-03
  2.0799350E+02  2.6735085E-02  1.9641660E-04  0.0000000E+00  1.1264445E-02  4.5245174E-03
  2.0799350E+02  2.6907478E-02 -1.2652250E-04  0.0000000E+00  1.1146393E-02  4.0541711E-03
  2.0799350E+02  2.7040118E-02 -4.0723108E-04  0.0000000E+00  1.1125884E-02  3.4750257E-03
  2.0799350E+02  2.7122986E-02 -2.2430190E-04  0.0000000E+00  1.1221756E-02  2.8760709E-03
  2.0799350E+02  2.7139044E-02 -8.9932146E-05  0.0000000E+00  1.1398768E-02  2.2194901E-03
  2.0799350E+02  2.7082683E-02 -3.6546411E-04 -6.0427396E-07  1.1392194E-02  1.6859238E-03
  2.0799350E+02  2.6962390E-02  1.2472743E-04  5.8241051E-07  1.1303169E-02  1.3136185E-03
  2.0799350E+02  2.6790550E-02  2.0487845E-04  2.8497769E-08  1.1235615E-02  9.7690835E-04
  2.0799350E+02  2.6579580E-02  5.9055812E-05 -2.8924578E-07  1.1162167E-02  6.8944953E-04
  2.0799350E+02  2.6331085E-02  1.2151317E-05 -1.5040408E-07  1.1055003E-02  4.3162658E-04
  2.0799350E+02  2.6042236E-02  1.7077507E-04  9.9826555E-08  1.0896435E-02  1.8739308E-04
  2.0799350E+02  2.5710525E-02  3.8962120E-04  1.7517672E-07  1.0680919E-02 -4.2641521E-05
  2.0799350E+02  2.5336871E-02  4.3098357E-04  5.2865610E-08  1.0411603E-02 -2.4430756E-04
  2.0799350E+02  2.4927059E-02  1.8509879E-04 -9.5594005E-08  1.0094526E-02 -4.0158206E-04
  2.0799350E+02  2.4491501E-02 -1.8100577E-04 -1.0112664E-07  9.7335760E-03 -5.0933571E-04
  2.0799350E+02  2.4043302E-02 -2.7848156E-04  2.4860293E-08  9.3293115E-03 -5.7954860E-04
  2.0799350E+02  2.3594616E-02  1.1223138E-04  7.7336926E-08  8.8847742E-03 -6.3342351E-04
  2.0799350E+02  2.3151266E-02  1.8183221E-04 -4.4361519E-08  8.4213863E-03 -6.7182543E-04
  2.0799350E+02  2.2724703E-02 -3.1993704E-04  0.0000000E+00  8.0682907E-03 -5.9020551E-04
  2.0799350E+02  2.2279255E-02  1.0451169E-04  0.0000000E+00  7.7889243E-03 -4.7825113E-04
  2.0799350E+02  2.1818119E-02  2.0425462E-04  0.0000000E+00  7.5260542E-03 -3.6095346E-04
  2.0799350E+02  2.1368930E-02  2.0998388E-04  0.0000000E+00  7.2913556E-03 -2.2218902E-04
  2.0799350E+02  2.0949365E-02  2.2208871E-04  0.0000000E+00  7.0763333E-03 -7.8521191E-05
  2.0799350E+02  2.0568110E-02  2.5774894E-04  0.0000000E+00  6.8641010E-03  4.4463381E-05
  2.0799350E+02  2.0226265E-02  2.9222043E-04  0.0000000E+00  6.6384969E-03  1.2791442E-04
  2.0799350E+02  1.9919074E-02  2.9242069E-04  0.0000000E+00  6.3904135E-03  1.6828526E-04
  2.0799350E+02  1.9637848E-02  2.4092295E-04  0.0000000E+00  6.1212255E-03  1.7941926E-04
  2.0799350E+02  1.9371976E-02  1.4846717E-04  0.0000000E+00  5.8431940E-03  1.8886690E-04
  2.0799350E+02  1.9110890E-02  5.3096109E-05  0.0000000E+00  5.5767296E-03  2.2914530E-04
  2.0799350E+02  1.8845875E-02  4.0248599E-06  0.0000000E+00  5.3443960E-03  3.2465142E-04
  2.0799350E+02  1.8571602E-02  2.8352209E-05  0.0000000E+00  5.1615323E-03  4.7494081E-04
  2.0799350E+02  1.8287265E-02  7.8722032E-05  0.0000000E+00  5.0233780E-03  6.3508325E-04
  2.0799350E+02  1.7997196E-02 -3.9956888E-05  0.0000000E+00  4.8885801E-03  6.9380700E-04
  2.0799350E+02  1.7717075E-02 -1.5497925E-04 -1.4748990E-06  4.6945578E-03  6.2301172E-04
  2.0799350E+02  1.7443696E-02  1.0926684E-04  5.2722855E-07  4.4826723E-03  5.6831589E-04
  2.0799350E+02  1.7186053E-02  2.4312180E-04  3.9430944E-07  4.2800298E-03  4.6697133E-04
  2.0799350E+02  1.6947452E-02  2.2815395E-04 -8.6015079E-08  4.1029706E-03  3.4278436E-04
  2.0799350E+02  1.6720988E-02  1.4617226E-04 -2.9041309E-07  3.9570863E-03  2.2457248E-04
  2.0799350E+02  1.6496822E-02  8.3551494E-05 -1.9163369E-07  3.8399521E-03  1.3314824E-04
  2.0799350E+02  1.6266618E-02  8.4209511E-05  2.0696682E-08  3.7439750E-03  7.5833595E-05
  2.0799350E+02  1.6025664E-02  1.3965155E-04  1.6306923E-07  3.6591756E-03  4.6719467E-05
  2.0799350E+02  1.5773201E-02  2.0449649E-04  1.5769528E-07  3.5757180E-03  3.0885607E-05
  2.0799350E+02  1.5511495E-02  2.2589998E-04  4.1532520E-08  3.4860067E-03  1.0795623E-05
  2.0799350E+02  1.5244166E-02  1.7528930E-04 -8.2449120E-08  3.3861644E-03 -2.6917872E-05
  2.0799350E+02  1.4974306E-02  7.0824919E-05 -1.1894551E-07  3.2767089E-03 -8.6063046E-05
  2.0799350E+02  1.4702917E-02 -2.0996340E-05 -4.6124332E-08  3.1622450E-03 -1.5867863E-04
  2.0799350E+02  1.4428182E-02 -1.6181679E-05  5.9257098E-08  3.0499877E-03 -2.2778879E-04
  2.0799350E+02  1.4146107E-02  1.1188874E-04  7.0238444E-08  2.9469333E-03 -2.7690806E-04
  2.0799350E+02  1.3853056E-02  2.0197918E-04 -3.5636580E-08  2.8554950E-03 -3.0808153E-04
  2.0799350E+02  1.3553755E-02 -6.8445816E-05  0.0000000E+00  2.7763653E-03 -3.4414628E-04
  2.0799350E+02  1.3254680E-02  3.2942165E-05  0.0000000E+00  2.6967458E-03 -3.1201565E-04
  2.0799350E+02  1.2953078E-02  1.7548290E-04  0.0000000E+00  2.5930262E-03 -2.6359816E-04
  2.0799350E+02  1.2655969E-02  2.2295018E-04  0.0000000E+00  2.4756475E-03 -2.2415556E-04
  2.0799350E+02  1.2367991E-02  1.7979824E-04  0.0000000E+00  2.3525978E-03 -2.0218618E-04
  2.0799350E+02  1.2092138E-02  1.0295117E-04  0.0000000E+00  2.2292800E-03 -1.9550812E-04
  2.0799350E+02  1.1830188E-02  4.7797839E-05  0.0000000E+00  2.1087453E-03 -1.9636319E-04
  2.0799350E+02  1.1582922E-02  4.1862191E-05  0.0000000E+00  1.9921891E-03 -1.9552747E-04
  2.0799350E+02  1.1350180E-02  7.9618654E-05  0.0000000E+00  1.8796045E-03 -1.8541441E-04
  2.0799350E+02  1.1130844E-02  1.3192255E-04  0.0000000E+00  1.7704903E-03 -1.6215641E-04
  2.0799350E+02  1.0922814E-02  1.6352529E-04  0.0000000E+00  1.6645069E-03 -1.2665070E-04
  2.0799350E+02  1.0723040E-02  1.5214419E-04  0.0000000E+00  1.5619789E-03 -8.4555560E-05
  2.0799350E+02  1.0527700E-02  1.0255672E-04  0.0000000E+00  1.4641373E-03 -4.5222618E-05
  2.0799350E+02  1.0332581E-02  4.9189027E-05  0.0000000E+00  1.3729987E-03 -1.9551305E-05
  2.0799350E+02  1.0133740E-02  4.0668524E-05  0.0000000E+00  1.2907772E-03 -1.6751240E-05
  2.0799350E+02  9.9285153E-03  9.9810378E-05  0.0000000E+00  1.2187233E-03 -3.9998518E-05
  2.0799350E+02  9.7169697E-03  1.5250773E-04  0.0000000E+00  1.1552877E-03 -8.0971793E-05
  2.0799350E+02  9.5034810E-03  4.3703481E-05 -2.2299079E-06  1.0939362E-03 -1.3684125E-04
  2.0799350E+02  9.2887232E-03  5.0046490E-05  3.8067388E-07  1.0336453E-03 -1.8832077E-04
  2.0799350E+02  9.0703782E-03  9.5312686E-05  5.0140185E-07  9.7117918E-04 -2.0478204E-04
  2.0799350E+02  8.8489557E-03  1.3090225E-04  3.2290953E-08  9.0418852E-04 -1.9980121E-04
  2.0799350E+02  8.6262152E-03  1.4321143E-04 -2.6413073E-07  8.3317892E-04 -1.8329773E-04
  2.0799350E+02  8.4043476E-03  1.3614510E-04 -2.5120626E-07  7.6004316E-04 -1.6260436E-04
  2.0799350E+02  8.1854703E-03  1.1944041E-04 -6.3213839E-08  6.8703719E-04 -1.4311385E-04
  2.0799350E+02  7.9713729E-03  1.0180426E-04  1.1783383E-07  6.1613534E-04 -1.2860721E-04
  2.0799350E+02  7.7634537E-03  8.7867567E-05  1.7859940E-07  5.4869968E-04 -1.2136857E-04
  2.0799350E+02  7.5627856E-03  7.7959089E-05  1.0898433E-07  4.8539912E-04 -1.2219143E-04
  2.0799350E+02  7.3702489E-03  6.9701682E-05 -2.0209493E-08  4.2631319E-04 -1.3038123E-04
  2.0799350E+02  7.1866720E-03  6.0433837E-05 -1.1157569E-07  3.7115596E-04 -1.4385918E-04
  2.0799350E+02  7.0129167E-03  4.9459353E-05 -1.0241220E-07  3.1955522E-04 -1.5947219E-04
  2.0799350E+02  8.2453062E-12 -1.6285335E-05  0.0000000E+00 -4.3943670E-12 -2.9560199E-06
  2.0799350E+02  9.3393994E-04  1.2062504E-05  0.0000000E+00  4.5817903E-05  6.7657710E-03
  2.0799350E+02  2.1855056E-03  1.7899047E-05  0.0000000E+00  4.2858267E-04  4.4098736E-03
  2.0799350E+02  3.4390183E-03 -1.5245479E-04  0.0000000E+00  1.4311709E-03  1.4722870E-03
  2.0799350E+02  5.1173320E-03  3.7532974E-05  0.0000000E+00  3.4912623E-03 -4.7297341E-04
  2.0799350E+02  7.6465058E-03 -2.5984632E-06  0.0000000E+00  8.0458333E-03 -1.1214120E-03
  2.0799350E+02  1.1248892E-02 -1.2788736E-04  0.0000000E+00  1.7205133E-02 -7.6032234E-04
  2.0799350E+02  1.5844881E-02 -3.5428029E-04  0.0000000E+00  3.3034756E-02  6.1761028E-05
  2.0799350E+02  2.1031713E-02  1.6279293E-04  0.0000000E+00  5.6236911E-02  2.7563342E-04
  2.0799350E+02  2.6129952E-02  5.8059207E-04  0.0000000E+00  8.3585204E-02 -1.2037736E-03
  2.0799350E+02  3.0453283E-02  1.5507759E-03  0.0000000E+00  1.0703065E-01 -3.1117544E-03
  2.0799350E+02  3.3517359E-02  1.3530981E-03  0.0000000E+00  1.1959759E-01 -4.2255979E-03
  2.0799350E+02  3.5111381E-02 -7.7016152E-04  0.0000000E+00  1.1869375E-01 -4.2877457E-03
  2.0799350E+02  3.5298176E-02 -1.7923552E-03  0.0000000E+00  1.0644281E-01 -3.3559847E-03
  2.0799350E+02  3.4385070E-02  1.7692248E-04  0.0000000E+00  8.8004013E-02 -1.5875962E-03
  2.0799350E+02  3.2926442E-02 -1.9793616E-03  0.0000000E+00  6.8876257E-02 -5.0699595E-04
  2.0799350E+02  3.1261237E-02  3.2259415E-04  0.0000000E+00  5.2475331E-02  9.5784819E-04
  2.0799350E+02  2.9709734E-02  7.5421003E-04  0.0000000E+00  3.9584527E-02  2.0699308E-03
  2.0799350E+02  2.8436645E-02  4.6018797E-05  0.0000000E+00  2.9971018E-02  2.7677287E-03
  2.0799350E+02  2.7462904E-02 -7.0614488E-04  0.0000000E+00  2.3095712E-02  3.3553849E-03
  2.0799350E+02  2.6760299E-02 -9.0666442E-04  0.0000000E+00  1.8374278E-02  3.9488234E-03
  2.0799350E+02  2.6293765E-02 -5.9206375E-04  0.0000000E+00  1.5281555E-02  4.4339584E-03
  2.0799350E+02  2.6029118E-02 -1.3972620E-04  0.0000000E+00  1.3361059E-02  4.6805974E-03
  2.0799350E+02  2.5924030E-02  1.3619634E-04  0.0000000E+00  1.2201282E-02  4.7556381E-03
  2.0799350E+02  2.5920026E-02  1.9128979E-04  0.0000000E+00  1.1440514E-02  4.8791575E-03
  2.0799350E+02  2.5953366E-02 -5.1640069E-05  0.0000000E+00  1.0861047E-02  4.8661813E-03
  2.0799350E+02  2.6010314E-02 -4.8544219E-04  0.0000000E+00  1.0434243E-02  4.2891357E-03
  2.0799350E+02  2.6052204E-02 -1.9571461E-04  0.0000000E+00  1.0295619E-02  3.8664374E-03
  2.0799350E+02  2.6076822E-02  2.9412842E-04  0.0000000E+00  1.0330642E-02  3.3901425E-03
  2.0799350E+02  2.6088966E-02  6.4759296E-04  0.0000000E+00  1.0399535E-02  2.8918755E-03
  2.0799350E+02  2.6082900E-02  7.0640249E-04  0.0000000E+00  1.0436492E-02  2.4274925E-03
  2.0799350E+02  2.6046704E-02  5.0253719E-04  0.0000000E+00  1.0430721E-02  2.0450373E-03
  2.0799350E+02  2.5967501E-02  1.9066513E-04  0.0000000E+00  1.0402789E-02  1.7631308E-03
  2.0799350E+02  2.5836389E-02 -5.7172399E-05  0.0000000E+00  1.0380424E-02  1.5613428E-03
  2.0799350E+02  2.5651965E-02 -1.5275909E-04  0.0000000E+00  1.0377933E-02  1.3840928E-03
  2.0799350E+02  2.5421297E-02 -1.4692319E-04  0.0000000E+00  1.0383370E-02  1.1596314E-03
  2.0799350E+02  2.5157206E-02 -1.9691622E-04  0.0000000E+00  1.0357641E-02  8.3564904E-04
  2.0799350E+02  2.4870728E-02 -4.0408855E-04  0.0000000E+00  1.0249665E-02  4.3306175E-04
  2.0799350E+02  2.4557604E-02 -4.7999962E-04  0.0000000E+00  1.0031769E-02  1.1952209E-04
  2.0799350E+02  2.4197752E-02 -5.2624834E-04  0.0000000E+00  9.8503304E-03 -8.8193610E-05
  2.0799350E+02  2.3800986E-02 -3.0408101E-04  0.0000000E+00  9.6505346E-03 -1.9628303E-04
  2.0799350E+02  2.3388916E-02  1.7603418E-04  0.0000000E+00  9.3569966E-03 -1.6414357E-04
  2.0799350E+02  2.2970682E-02  4.3682140E-04  0.0000000E+00  9.0224346E-03 -1.2396786E-04
  2.0799350E+02  2.2545702E-02  4.6267292E-04  0.0000000E+00  8.6829538E-03 -1.0385716E-04
  2.0799350E+02  2.2114086E-02  3.8293586E-04  0.0000000E+00  8.3599021E-03 -8.9965940E-05
  2.0799350E+02  2.1681126E-02  3.0345115E-04  0.0000000E+00  8.0625553E-03 -6.3037431E-05
  2.0799350E+02  2.1257366E-02  2.4980564E-04  0.0000000E+00  7.7912869E-03 -1.4951989E-05
  2.0799350E+02  2.0855738E-02  1.8575851E-04  0.0000000E+00  7.5408738E-03  4.9089664E-05
  2.0799350E+02  2.0487272E-02  7.0303100E-05  0.0000000E+00  7.3035911E-03  1.1712638E-04
  2.0799350E+02  2.0156861E-02 -8.3174862E-05  0.0000000E+00  7.0717492E-03  1.8011773E-04
  2.0799350E+02  1.9860592E-02 -1.8218143E-04  0.0000000E+00  6.8393238E-03  2.3912434E-04
  2.0799350E+02  1.9586122E-02 -1.0138004E-04  0.0000000E+00  6.6023349E-03  3.0436550E-04
  2.0799350E+02  1.9317608E-02  1.6362264E-04  0.0000000E+00  6.3576236E-03  3.8053201E-04
  2.0799350E+02  1.9046680E-02  1.9843163E-04  0.0000000E+00  6.0996830E-03  4.3273230E-04
  2.0799350E+02  1.8784947E-02 -2.4005549E-04  0.0000000E+00  5.8302027E-03  3.3184042E-04
  2.0799350E+02  1.8514582E-02 -7.0736644E-05  0.0000000E+00  5.6218185E-03  3.3878525E-04
  2.0799350E+02  1.8220591E-02  1.6118535E-04  0.0000000E+00  5.4403685E-03  4.0027327E-04
  2.0799350E+02  1.7909945E-02  3.0313954E-04  0.0000000E+00  5.2555338E-03  4.2607094E-04
  2.0799350E+02  1.7596720E-02  3.2646315E-04  0.0000000E+00  5.0575151E-03  3.9906987E-04
  2.0799350E+02  1.7293820E-02  2.6550571E-04  0.0000000E+00  4.8492488E-03  3.3626455E-04
  2.0799350E+02  1.7008654E-02  1.7451930E-04  0.0000000E+00  4.6401202E-03  2.6314250E-04
  2.0799350E+02  1.6741932E-02  1.0004622E-04  0.0000000E+00  4.4411064E-03  1.9915287E-04
  2.0799350E+02  1.6488730E-02  6.6515335E-05  0.0000000E+00  4.2612813E-03  1.5191962E-04
  2.0799350E+02  1.6241003E-02  7.2758532E-05  0.0000000E+00  4.1056153E-03  1.1786551E-04
  2.0799350E+02  1.5990698E-02  9.7158505E-05  0.0000000E+00  3.9740009E-03  8.6912960E-05
  2.0799350E+02  1.5732181E-02  1.0913301E-04  0.0000000E+00  3.8612573E-03  4.8853680E-05
  2.0799350E+02  1.5465818E-02  8.4632986E-05  0.0000000E+00  3.7591354E-03 -5.1884333E-07
  2.0799350E+02  1.5195229E-02  2.3659088E-05  0.0000000E+00  3.6574924E-03 -5.6858087E-05
  2.0799350E+02  1.4926163E-02 -3.3118681E-05  0.0000000E+00  3.5483328E-03 -1.0937552E-04
  2.0799350E+02  1.4659619E-02  9.6464340E-06  0.0000000E+00  3.4297465E-03 -1.5083423E-04
  2.0799350E+02  1.4386277E-02  1.0689436E-04  0.0000000E+00  3.3138529E-03 -1.8409492E-04
  2.0799350E+02  1.4109246E-02  5.7301463E-06  0.0000000E+00  3.2082835E-03 -2.1025826E-04
  2.0799350E+02  1.3823483E-02  7.9452320E-05  0.0000000E+00  3.1012736E-03 -2.4597539E-04
  2.0799350E+02  1.3531132E-02  1.9423632E-04  0.0000000E+00  2.9929169E-03 -2.7849852E-04
  2.0799350E+02  1.3234808E-02  2.7425394E-04  0.0000000E+00  2.8827231E-03 -3.0254848E-04
  2.0799350E+02  1.2937551E-02  2.9018587E-04  0.0000000E+00  2.7701817E-03 -3.1747048E-04
  2.0799350E+02  1.2642681E-02  2.4623271E-04  0.0000000E+00  2.6550641E-03 -3.2492100E-04
  2.0799350E+02  1.2353577E-02  1.6668013E-04  0.0000000E+00  2.5375216E-03 -3.2708858E-04
  2.0799350E+02  1.2073401E-02  8.3073270E-05  0.0000000E+00  2.4180379E-03 -3.2545166E-04
  2.0799350E+02  1.1804804E-02  2.3055948E-05  0.0000000E+00  2.2972947E-03 -3.2007622E-04
  2.0799350E+02  1.1549634E-02  1.9298350E-06  0.0000000E+00  2.1760078E-03 -3.0945638E-04
  2.0799350E+02  1.1308678E-02  1.7989133E-05  0.0000000E+00  2.0547927E-03 -2.9090076E-04
  2.0799350E+02  1.1081462E-02  5.2686005E-05  0.0000000E+00  1.9341175E-03 -2.6146769E-04
  2.0799350E+02  1.0866138E-02  7.6682161E-05  0.0000000E+00  1.8144014E-03 -2.1945203E-04
  2.0799350E+02  1.0659484E-02  6.2841937E-05  0.0000000E+00  1.6963168E-03 -1.6642686E-04
  2.0799350E+02  1.0457047E-02  7.2222493E-06  0.0000000E+00  1.5813541E-03 -1.0984264E-04
  2.0799350E+02  1.0253453E-02 -4.0885244E-05  0.0000000E+00  1.4727059E-03 -6.6187125E-05
  2.0799350E+02  1.0046091E-02  3.1866720E-05  0.0000000E+00  1.3771741E-03 -4.9676522E-05
  2.0799350E+02  9.8355775E-03  5.8536284E-05  0.0000000E+00  1.2986361E-03 -4.8745237E-05
  2.0799350E+02  9.6206794E-03  4.6249874E-05  0.0000000E+00  1.2288560E-03 -7.3941376E-05
  2.0799350E+02  9.4025535E-03  4.4859611E-05  0.0000000E+00  1.1617919E-03 -1.1375715E-04
  2.0799350E+02  9.1807428E-03  6.4637834E-05  0.0000000E+00  1.0937006E-03 -1.5455963E-04
  2.0799350E+02  8.9547427E-03  9.6212795E-05  0.0000000E+00  1.0227222E-03 -1.8485294E-04
  2.0799350E+02  8.7248782E-03  1.2442117E-04  0.0000000E+00  9.4845453E-04 -1.9766814E-04
  2.0799350E+02  8.4926245E-03  1.3695156E-04  0.0000000E+00  8.7153418E-04 -1.9140154E-04
  2.0799350E+02  8.2605043E-03  1.2865310E-04  0.0000000E+00  7.9323971E-04 -1.6942259E-04
  2.0799350E+02  8.0316926E-03  1.0238338E-04  0.0000000E+00  7.1513451E-04 -1.3877220E-04
  2.0799350E+02  7.8094632E-03  6.7269803E-05  0.0000000E+00  6.3876491E-04 -1.0827244E-04
  2.0799350E+02  7.5966078E-03  3.5258548E-05  0.0000000E+00  5.6543020E-04 -8.6368556E-05
  2.0799350E+02  7.3949614E-03  1.6825295E-05  0.0000000E+00  4.9604099E-04 -7.9024293E-05
  2.0799350E+02  2.2584132E-13 -1.0527714E-04  0.0000000E+00 -2.5066715E-13 -1.0097022E-05
  2.0799350E+02  2.2301894E-03  7.2914507E-05  0.0000000E+00  7.6230338E-04  1.6503847E-02
  2.0799350E+02  4.7830760E-03  1.6084339E-04  0.0000000E+00  1.7596664E-03  1.1830271E-02
  2.0799350E+02  6.7854402E-03 -1.4509343E-04  0.0000000E+00  2.6456420E-03  4.6378179E-03
  2.0799350E+02  8.8827230E-03  9.8732989E-05  0.0000000E+00  4.7757273E-03 -8.0837841E-04
  2.0799350E+02  1.1397784E-02  1.6792121E-04  0.0000000E+00  9.0886177E-03 -4.2177588E-03
  2.0799350E+02  1.4378459E-02  3.6703164E-05  0.0000000E+00  1.6348738E-02 -5.8604849E-03
  2.0799350E+02  1.7773963E-02 -2.7430074E-04  0.0000000E+00  2.6970973E-02 -5.9097580E-03
  2.0799350E+02  2.1581759E-02 -3.2092978E-04  0.0000000E+00  4.1155645E-02 -5.4711540E-03
  2.0799350E+02  2.5679179E-02 -1.2235342E-04  0.0000000E+00  5.8467982E-02 -5.6784397E-03
  2.0799350E+02  2.9790694E-02  1.5111854E-03  0.0000000E+00  7.8068708E-02 -6.5681442E-03
  2.0799350E+02  3.3616199E-02  2.9672436E-03  0.0000000E+00  9.8219572E-02 -8.2066769E-03
  2.0799350E+02  3.6876900E-02  1.9848898E-03  0.0000000E+00  1.1604152E-01 -1.0463073E-02
  2.0799350E+02  3.9327709E-02 -4.9191831E-04  0.0000000E+00  1.2799030E-01 -1.2388215E-02
  2.0799350E+02  4.0818857E-02 -1.1920949E-03  0.0000000E+00  1.3157123E-01 -1.2355945E-02
  2.0799350E+02  4.1483819E-02 -2.0402053E-03  0.0000000E+00  1.2728919E-01 -1.0908646E-02
  2.0799350E+02  4.1251533E-02  1.9778442E-04  0.0000000E+00  1.1577574E-01 -8.0641155E-03
  2.0799350E+02  4.0172648E-02  1.7843909E-03  0.0000000E+00  1.0056095E-01 -5.3129464E-03
  2.0799350E+02  3.8537100E-02  1.9021956E-03  0.0000000E+00  8.4155747E-02 -3.5626532E-03
  2.0799350E+02  3.6632475E-02  1.1865963E-03  0.0000000E+00  6.8410953E-02 -2.3355746E-03
  2.0799350E+02  3.4695632E-02  4.2958204E-04  0.0000000E+00  5.4524344E-02 -1.2648921E-03
  2.0799350E+02  3.2878117E-02  3.6494707E-05  0.0000000E+00  4.3025361E-02 -4.2229959E-04
  2.0799350E+02  3.1266900E-02 -6.2713679E-07  0.0000000E+00  3.4044099E-02 -1.5112593E-05
  2.0799350E+02  2.9887716E-02  1.0499865E-04  0.0000000E+00  2.7357763E-02  7.6019612E-05
  2.0799350E+02  2.8733547E-02  1.4666974E-04  0.0000000E+00  2.2534353E-02  3.8314973E-04
  2.0799350E+02  2.7792849E-02 -1.2233299E-04  0.0000000E+00  1.8991496E-02  1.0621625E-03
  2.0799350E+02  2.7067209E-02  2.3581677E-04  0.0000000E+00  1.6202170E-02  1.5104883E-03
  2.0799350E+02  2.6514320E-02  6.2025091E-04  0.0000000E+00  1.4167133E-02  2.0885518E-03
  2.0799350E+02  2.6117148E-02  6.6486377E-04  0.0000000E+00  1.2731171E-02  2.4827893E-03
  2.0799350E+02  2.5847463E-02  6.2367870E-04  0.0000000E+00  1.1770410E-02  2.6800199E-03
  2.0799350E+02  2.5670712E-02  5.6376708E-04  0.0000000E+00  1.1165975E-02  2.6956507E-03
  2.0799350E+02  2.5555954E-02  4.8046186E-04  0.0000000E+00  1.0802254E-02  2.5575343E-03
  2.0799350E+02  2.5480538E-02  3.6555942E-04  0.0000000E+00  1.0580030E-02  2.3016929E-03
  2.0799350E+02  2.5426752E-02  2.3531887E-04  0.0000000E+00  1.0421687E-02  1.9741690E-03
  2.0799350E+02  2.5377909E-02  1.2825418E-04  0.0000000E+00  1.0280840E-02  1.6319724E-03
  2.0799350E+02  2.5314923E-02  8.0795039E-05  0.0000000E+00  1.0146187E-02  1.3381881E-03
  2.0799350E+02  2.5215924E-02  8.9353847E-05  0.0000000E+00  1.0036037E-02  1.1423238E-03
  2.0799350E+02  2.5063398E-02  6.8256448E-05  0.0000000E+00  9.9835116E-03  1.0470979E-03
  2.0799350E+02  2.4859789E-02 -1.8949125E-04  0.0000000E+00  1.0004292E-02  9.4538017E-04
  2.0799350E+02  2.4659168E-02 -4.9195913E-04  0.0000000E+00  1.0040413E-02  7.6365735E-04
  2.0799350E+02  2.4424110E-02 -3.4713760E-05  0.0000000E+00  1.0038999E-02  6.2031306E-04
  2.0799350E+02  2.4138345E-02  3.1388710E-04  0.0000000E+00  9.9990202E-03  3.9282799E-04
  2.0799350E+02  2.3816875E-02  3.8165630E-04  0.0000000E+00  9.9097286E-03  1.3372957E-04
  2.0799350E+02  2.3470040E-02  3.0915207E-04  0.0000000E+00  9.7660011E-03 -8.7334066E-05
  2.0799350E+02  2.3105344E-02  2.6613724E-04  0.0000000E+00  9.5700697E-03 -2.2000832E-04
  2.0799350E+02  2.2729170E-02  3.2158473E-04  0.0000000E+00  9.3314791E-03 -2.4805481E-04
  2.0799350E+02  2.2345007E-02  4.2710091E-04  0.0000000E+00  9.0633598E-03 -1.8794040E-04
  2.0799350E+02  2.1957728E-02  4.7091807E-04  0.0000000E+00  8.7818469E-03 -7.6665030E-05
  2.0799350E+02  2.1571427E-02  3.6421392E-04  0.0000000E+00  8.5012181E-03  4.4773198E-05
  2.0799350E+02  2.1190284E-02  1.1808285E-04  0.0000000E+00  8.2312627E-03  1.4775141E-04
  2.0799350E+02  2.0819400E-02 -1.2896048E-04  0.0000000E+00  7.9756613E-03  2.2587314E-04
  2.0799350E+02  2.0462647E-02 -1.7582427E-04  0.0000000E+00  7.7298759E-03  2.9351043E-04
  2.0799350E+02  2.0126824E-02  5.0337819E-05  0.0000000E+00  7.4854896E-03  3.6567621E-04
  2.0799350E+02  1.9819834E-02  1.2664073E-04  0.0000000E+00  7.2331444E-03  4.1607801E-04
  2.0799350E+02  1.9551087E-02 -6.5034196E-05  0.0000000E+00  6.9603971E-03  3.6753704E-04
  2.0799350E+02  1.9288616E-02  7.9345127E-05  0.0000000E+00  6.6746706E-03  3.8466831E-04
  2.0799350E+02  1.9028757E-02  1.1086882E-04  0.0000000E+00  6.4121562E-03  3.9384384E-04
  2.0799350E+02  1.8768743E-02  1.4669819E-04  0.0000000E+00  6.1830958E-03  3.5723714E-04
  2.0799350E+02  1.8500416E-02  2.2133533E-04  0.0000000E+00  5.9820798E-03  2.8947613E-04
  2.0799350E+02  1.8217413E-02  3.1958544E-04  0.0000000E+00  5.7969694E-03  2.1902549E-04
  2.0799350E+02  1.7918829E-02  4.0453529E-04  0.0000000E+00  5.6151726E-03  1.6672137E-04
  2.0799350E+02  1.7607557E-02  4.4025733E-04  0.0000000E+00  5.4262477E-03  1.3733655E-04
  2.0799350E+02  1.7291700E-02  4.0649241E-04  0.0000000E+00  5.2256712E-03  1.2166330E-04
  2.0799350E+02  1.6979910E-02  3.0783719E-04  0.0000000E+00  5.0141026E-03  1.0363130E-04
  2.0799350E+02  1.6678880E-02  1.7437248E-04  0.0000000E+00  4.7969432E-03  7.0209512E-05
  2.0799350E+02  1.6391374E-02  5.4283750E-05  0.0000000E+00  4.5830559E-03  1.9854131E-05
  2.0799350E+02  1.6113269E-02 -3.3883312E-06  0.0000000E+00  4.3811488E-03 -3.4670166E-05
  2.0799350E+02  1.5837558E-02  2.6609997E-05  0.0000000E+00  4.1994975E-03 -7.1398387E-05
  2.0799350E+02  1.5556588E-02  1.0869211E-04  0.0000000E+00  4.0421229E-03 -7.7694056E-05
  2.0799350E+02  1.5270592E-02  9.9788863E-05  0.0000000E+00  3.9071665E-03 -8.4671363E-05
  2.0799350E+02  1.4998996E-02 -9.0393513E-05  0.0000000E+00  3.7787571E-03 -1.9616743E-04
  2.0799350E+02  1.4726843E-02 -1.1285933E-06  0.0000000E+00  3.6467141E-03 -2.8321749E-04
  2.0799350E+02  1.4443496E-02  4.7523848E-05  0.0000000E+00  3.5249296E-03 -3.1733498E-04
  2.0799350E+02  1.4153669E-02  8.9354391E-05  0.0000000E+00  3.4048700E-03 -3.2507191E-04
  2.0799350E+02  1.3860790E-02  1.3371959E-04  0.0000000E+00  3.2829645E-03 -3.2090897E-04
  2.0799350E+02  1.3567759E-02  1.7631689E-04  0.0000000E+00  3.1589608E-03 -3.1268195E-04
  2.0799350E+02  1.3275280E-02  2.0778131E-04  0.0000000E+00  3.0336216E-03 -3.0489946E-04
  2.0799350E+02  1.2985072E-02  2.1918848E-04  0.0000000E+00  2.9088525E-03 -3.0059498E-04
  2.0799350E+02  1.2698176E-02  2.0613997E-04  0.0000000E+00  2.7860925E-03 -3.0182447E-04
  2.0799350E+02  1.2415639E-02  1.7046706E-04  0.0000000E+00  2.6660378E-03 -3.0944549E-04
  2.0799350E+02  1.2139117E-02  1.2026785E-04  0.0000000E+00  2.5486339E-03 -3.2248437E-04
  2.0799350E+02  1.1869089E-02  6.7833684E-05  0.0000000E+00  2.4323510E-03 -3.3766746E-04
  2.0799350E+02  1.1607567E-02  2.6997166E-05  0.0000000E+00  2.3156353E-03 -3.4916779E-04
  2.0799350E+02  1.1356058E-02  8.3058168E-06  0.0000000E+00  2.1966076E-03 -3.4943968E-04
  2.0799350E+02  1.1115696E-02  1.3466984E-05  0.0000000E+00  2.0739217E-03 -3.3123717E-04
  2.0799350E+02  1.0887104E-02  2.8741509E-05  0.0000000E+00  1.9477912E-03 -2.9143090E-04
  2.0799350E+02  1.0668202E-02  1.7729825E-05  0.0000000E+00  1.8200787E-03 -2.3653500E-04
  2.0799350E+02  1.0457383E-02 -8.3807659E-06  0.0000000E+00  1.6918766E-03 -1.9873259E-04
  2.0799350E+02  1.0246765E-02  2.2997376E-05  0.0000000E+00  1.5703559E-03 -1.6441557E-04
  2.0799350E+02  1.0033549E-02  3.6206156E-05  0.0000000E+00  1.4652841E-03 -1.2901970E-04
  2.0799350E+02  9.8192510E-03  4.6069438E-05  0.0000000E+00  1.3738003E-03 -1.0732093E-04
  2.0799350E+02  9.6026096E-03  5.6131937E-05  0.0000000E+00  1.2914750E-03 -1.0083931E-04
  2.0799350E+02  9.3828079E-03  6.4247496E-05  0.0000000E+00  1.2143057E-03 -1.0520957E-04
  2.0799350E+02  9.1588123E-03  6.6732545E-05  0.0000000E+00  1.1388109E-03 -1.1457906E-04
  2.0799350E+02  8.9302212E-03  6.1027684E-05  0.0000000E+00  1.0625925E-03 -1.2415305E-04
  2.0799350E+02  8.6979094E-03  4.7151711E-05  0.0000000E+00  9.8460064E-04 -1.3109581E-04
  2.0799350E+02  8.4625252E-03  2.7930949E-05  0.0000000E+00  9.0453222E-04 -1.3439274E-04
  2.0799350E+02  8.2267083E-03  8.5669516E-06  0.0000000E+00  8.2337570E-04 -1.3401003E-04
  2.0799350E+02  7.9933113E-03 -4.7749314E-06  0.0000000E+00  7.4255767E-04 -1.3008625E-04
  2.0799350E+02  7.7654604E-03 -6.8636621E-06  0.0000000E+00  6.6368393E-04 -1.2245913E-04
  2.0799350E+02  0.0000000E+00 -4.8999961E-04  0.0000000E+00  0.0000000E+00 -1.3580098E-05
  2.0799350E+02  4.7903605E-03  2.1414557E-04  0.0000000E+00 -3.8239306E-04  3.5167146E-02
  2.0799350E+02  1.0122332E-02  3.1252475E-04  0.0000000E+00 -1.6968185E-03  2.3145198E-02
  2.0799350E+02  1.4095063E-02  8.7784965E-05  0.0000000E+00  2.4776378E-03  4.3079649E-03
  2.0799350E+02  1.7530443E-02 -2.5968676E-04  0.0000000E+00  1.1405665E-02 -9.0520581E-03
  2.0799350E+02  2.0812188E-02 -4.1068888E-04  0.0000000E+00  2.2174871E-02 -1.6943501E-02
  2.0799350E+02  2.4105822E-02 -3.0521181E-04  0.0000000E+00  3.3175847E-02 -2.1118870E-02
  2.0799350E+02  2.7415795E-02 -7.2814590E-04  0.0000000E+00  4.4405209E-02 -2.2216537E-02
  2.0799350E+02  3.0787480E-02 -1.5207621E-03 -4.8062577E-19  5.7094442E-02 -2.1814211E-02
  2.0799350E+02  3.4105207E-02 -2.7196533E-04  4.1974589E-20  7.2027029E-02 -2.0956328E-02
  2.0799350E+02  3.7243846E-02  8.5835190E-04  0.0000000E+00  8.7309761E-02 -2.1034785E-02
  2.0799350E+02  4.0134828E-02  1.2402763E-03  0.0000000E+00  1.0104657E-01 -2.2678057E-02
  2.0799350E+02  4.2709356E-02  5.4594575E-04  2.1549021E-20  1.1240843E-01 -2.5443605E-02
  2.0799350E+02  4.4841877E-02 -1.2341799E-03  0.0000000E+00  1.2146878E-01 -2.7949110E-02
  2.0799350E+02  4.6374657E-02 -2.5455269E-03  0.0000000E+00  1.2799739E-01 -2.8527824E-02
  2.0799350E+02  4.7283588E-02 -3.0944961E-03  0.0000000E+00  1.2984735E-01 -2.6697580E-02
  2.0799350E+02  4.7396362E-02 -1.5086548E-03  0.0000000E+00  1.2716297E-01 -2.4640151E-02
  2.0799350E+02  4.6793082E-02  1.9797785E-03  0.0000000E+00  1.2110597E-01 -2.2430407E-02
  2.0799350E+02  4.5534093E-02  3.5451554E-03  0.0000000E+00  1.1190061E-01 -2.0126433E-02
  2.0799350E+02  4.3708899E-02  3.0437211E-03  0.0000000E+00  1.0000043E-01 -1.7916635E-02
  2.0799350E+02  4.1508676E-02  1.6499653E-03  0.0000000E+00  8.6412518E-02 -1.5859999E-02
  2.0799350E+02  3.9185463E-02  4.5923355E-04  0.0000000E+00  7.2552917E-02 -1.3842701E-02
  2.0799350E+02  3.6960539E-02 -1.1682979E-04  0.0000000E+00  5.9835055E-02 -1.1671002E-02
  2.0799350E+02  3.4944424E-02 -3.3507245E-04  0.0000000E+00  4.9193446E-02 -9.2207538E-03
  2.0799350E+02  3.3130942E-02 -6.5892133E-04  0.0000000E+00  4.0744729E-02 -6.5637960E-03
  2.0799350E+02  3.1525396E-02 -1.0229309E-03  0.0000000E+00  3.3777366E-02 -3.9875977E-03
  2.0799350E+02  3.0303048E-02 -8.2478820E-04  0.0000000E+00  2.7890348E-02 -2.5066584E-03
  2.0799350E+02  2.9285221E-02  1.9363880E-04  0.0000000E+00  2.3678919E-02 -1.5622638E-03
  2.0799350E+02  2.8383828E-02  1.0090628E-03  0.0000000E+00  2.0599215E-02 -1.1189249E-03
  2.0799350E+02  2.7590618E-02  1.1878730E-03  7.1812554E-21  1.8280802E-02 -1.0112722E-03
  2.0799350E+02  2.6920563E-02  8.7680478E-04  0.0000000E+00  1.6497588E-02 -8.9971817E-04
  2.0799350E+02  2.6384016E-02  4.2029426E-04  0.0000000E+00  1.5117079E-02 -5.9028422E-04
  2.0799350E+02  2.5974307E-02  1.1478148E-04  0.0000000E+00  1.4058779E-02 -1.2014091E-04
  2.0799350E+02  2.5666902E-02  8.2720288E-05  0.0000000E+00  1.3262676E-02  3.1279608E-04
  2.0799350E+02  2.5426264E-02  2.4905155E-04  0.0000000E+00  1.2668785E-02  4.9787103E-04
  2.0799350E+02  2.5216551E-02  4.0289708E-04  0.0000000E+00  1.2208693E-02  3.5895153E-04
  2.0799350E+02  2.5012266E-02  3.2723164E-04  0.0000000E+00  1.1810066E-02  2.2607098E-05
  2.0799350E+02  2.4805012E-02 -2.0709997E-05  0.0000000E+00  1.1415074E-02 -2.7114000E-04
  2.0799350E+02  2.4602464E-02 -2.9553347E-04  9.6328905E-20  1.1013696E-02 -4.9383443E-04
  2.0799350E+02  2.4423874E-02  9.4095869E-05  0.0000000E+00  1.0719783E-02 -8.1649660E-04
  2.0799350E+02  2.4228115E-02  4.5754517E-05  0.0000000E+00  1.0559395E-02 -7.6364648E-04
  2.0799350E+02  2.4016417E-02  1.6857500E-06  0.0000000E+00  1.0446044E-02 -6.4689854E-04
  2.0799350E+02  2.3792304E-02  1.7358391E-04  0.0000000E+00  1.0350944E-02 -5.5662201E-04
  2.0799350E+02  2.3547668E-02  4.4500895E-04  0.0000000E+00  1.0257213E-02 -5.3217049E-04
  2.0799350E+02  2.3271997E-02  6.3718311E-04  0.0000000E+00  1.0152174E-02 -5.6896562E-04
  2.0799350E+02  2.2960330E-02  6.4615332E-04  0.0000000E+00  1.0024718E-02 -6.3321956E-04
  2.0799350E+02  2.2615410E-02  4.8438578E-04  0.0000000E+00  9.8645745E-03 -6.7873244E-04
  2.0799350E+02  2.2247158E-02  2.5479258E-04  0.0000000E+00  9.6635612E-03 -6.6405798E-04
  2.0799350E+02  2.1870030E-02  8.6284623E-05  0.0000000E+00  9.4177801E-03 -5.6699685E-04
  2.0799350E+02  2.1499176E-02  5.9834760E-05  0.0000000E+00  9.1298909E-03 -3.9356512E-04
  2.0799350E+02  2.1146362E-02  1.5403464E-04  0.0000000E+00  8.8105957E-03 -1.7858575E-04
  2.0799350E+02  2.0816553E-02  2.3912915E-04  0.0000000E+00  8.4784655E-03  2.4949469E-05
  2.0799350E+02  2.0506113E-02  1.4851203E-04  0.0000000E+00  8.1572419E-03  1.7059973E-04
  2.0799350E+02  2.0203539E-02 -1.4333354E-04  0.0000000E+00  7.8697450E-03  2.6012925E-04
  2.0799350E+02  1.9914988E-02 -1.1937309E-04  0.0000000E+00  7.6692833E-03  3.0801918E-04
  2.0799350E+02  1.9627321E-02  3.7005060E-05  0.0000000E+00  7.4263787E-03  2.8348953E-04
  2.0799350E+02  1.9344149E-02  1.3849372E-04  0.0000000E+00  7.1194987E-03  2.4669799E-04
  2.0799350E+02  1.9074286E-02  2.2068312E-04  1.0676573E-19  6.7996650E-03  2.0445862E-04
  2.0799350E+02  1.8813497E-02  2.8308158E-04  3.2448133E-19  6.4998450E-03  1.5521640E-04
  2.0799350E+02  1.8554163E-02  3.1579982E-04  0.0000000E+00  6.2377467E-03  9.5599735E-05
  2.0799350E+02  1.8287771E-02  3.1454472E-04  0.0000000E+00  6.0153512E-03  2.4130416E-05
  2.0799350E+02  1.8009301E-02  2.8472651E-04  0.0000000E+00  5.8246717E-03 -5.6183526E-05
  2.0799350E+02  1.7717580E-02  2.3934726E-04  0.0000000E+00  5.6516011E-03 -1.3739380E-04
  2.0799350E+02  1.7414739E-02  1.9292435E-04  0.0000000E+00  5.4804402E-03 -2.0770392E-04
  2.0799350E+02  1.7104851E-02  1.5452762E-04  0.0000000E+00  5.2980875E-03 -2.5404467E-04
  2.0799350E+02  1.6792280E-02  1.2288736E-04  0.0000000E+00  5.0973920E-03 -2.6599589E-04
  2.0799350E+02  1.6480255E-02  8.6530187E-05  0.0000000E+00  4.8791653E-03 -2.4091737E-04
  2.0799350E+02  1.6170203E-02  3.1899845E-05  0.0000000E+00  4.6523531E-03 -1.9015179E-04
  2.0799350E+02  1.5862360E-02 -3.7579986E-05  0.0000000E+00  4.4318658E-03 -1.4616257E-04
  2.0799350E+02  1.5558181E-02 -6.8543765E-05  0.0000000E+00  4.2335663E-03 -1.7046949E-04
  2.0799350E+02  1.5265657E-02 -5.3581180E-05  0.0000000E+00  4.0611388E-03 -2.3710894E-04
  2.0799350E+02  1.4981079E-02 -3.5340830E-05  0.0000000E+00  3.8926637E-03 -1.8102475E-04
  2.0799350E+02  1.4692204E-02  9.3192100E-05  0.0000000E+00  3.7338568E-03 -2.2396343E-04
  2.0799350E+02  1.4397627E-02  1.5421516E-04  0.0000000E+00  3.5834615E-03 -2.8769784E-04
  2.0799350E+02  1.4098367E-02  1.3240594E-04  0.0000000E+00  3.4394211E-03 -3.3263291E-04
  2.0799350E+02  1.3796392E-02  7.7198738E-05  0.0000000E+00  3.2996347E-03 -3.4613614E-04
  2.0799350E+02  1.3495778E-02  4.2504286E-05  0.0000000E+00  3.1633774E-03 -3.3247149E-04
  2.0799350E+02  1.3199031E-02  5.5367491E-05  0.0000000E+00  3.0300471E-03 -3.0453996E-04
  2.0799350E+02  1.2908567E-02  1.0892361E-04  0.0000000E+00  2.8999328E-03 -2.7707601E-04
  2.0799350E+02  1.2625879E-02  1.7108252E-04  0.0000000E+00  2.7736399E-03 -2.6180009E-04
  2.0799350E+02  1.2351402E-02  2.0262428E-04  0.0000000E+00  2.6516620E-03 -2.6432686E-04
  2.0799350E+02  1.2084587E-02  1.7772476E-04  0.0000000E+00  2.5339631E-03 -2.8292266E-04
  2.0799350E+02  1.1824189E-02  1.0001036E-04  0.0000000E+00  2.4196691E-03 -3.0915752E-04
  2.0799350E+02  1.1568804E-02  7.2406883E-06  0.0000000E+00  2.3069645E-03 -3.3049655E-04
  2.0799350E+02  1.1317649E-02 -4.2281700E-05  0.0000000E+00  2.1932936E-03 -3.3487566E-04
  2.0799350E+02  1.1071613E-02 -8.4757322E-06  0.0000000E+00  2.0759623E-03 -3.1730683E-04
  2.0799350E+02  1.0834575E-02  5.9678713E-05  0.0000000E+00  1.9532396E-03 -2.8855767E-04
  2.0799350E+02  1.0612931E-02 -1.3375908E-05  0.0000000E+00  1.8198997E-03 -2.6465002E-04
  2.0799350E+02  1.0398107E-02 -2.1133507E-05  0.0000000E+00  1.6844470E-03 -2.3023674E-04
  2.0799350E+02  1.0184055E-02  2.2818128E-05 -1.0635042E-18  1.5645589E-03 -2.0790233E-04
  2.0799350E+02  9.9687110E-03  6.5581159E-05  0.0000000E+00  1.4597808E-03 -1.9450321E-04
  2.0799350E+02  9.7509656E-03  8.7426331E-05  2.1641682E-19  1.3669546E-03 -1.8419270E-04
  2.0799350E+02  9.5312890E-03  8.7246550E-05  0.0000000E+00  1.2824069E-03 -1.7200167E-04
  2.0799350E+02  9.3091464E-03  7.2568641E-05  8.1673769E-20  1.2021439E-03 -1.5549265E-04
  2.0799350E+02  9.0842999E-03  5.2748104E-05  0.0000000E+00  1.1231530E-03 -1.3517659E-04
  2.0799350E+02  8.8565402E-03  3.5327955E-05  0.0000000E+00  1.0435649E-03 -1.1385362E-04
  2.0799350E+02  8.6259115E-03  2.4584460E-05  0.0000000E+00  9.6269707E-04 -9.5363832E-05
  2.0799350E+02  8.3929890E-03  2.1645590E-05  0.0000000E+00  8.8088696E-04 -8.3118340E-05
  2.0799350E+02  8.1591265E-03  2.5512577E-05  0.0000000E+00  7.9918693E-04 -7.8799384E-05
  2.0799350E+02  7.9265911E-03  3.4314926E-05  0.0000000E+00  7.1899264E-04 -8.1617666E-05
  2.0799350E+02  1.6701164E-12 -8.6701133E-04 -1.5428324E-06 -1.6397311E-12 -3.5087723E-05
  2.0799350E+02  9.3291068E-03  8.0550734E-05  2.9218284E-09 -5.7043285E-03  7.3234050E-02
  2.0799350E+02  1.9315760E-02  1.1822485E-03  0.0000000E+00 -5.5362844E-03  5.2960014E-02
  2.0799350E+02  2.4840348E-02 -4.8258127E-04  0.0000000E+00  7.3008493E-03  1.7780031E-02
  2.0799350E+02  2.8102395E-02 -1.1911546E-03  0.0000000E+00  2.1783992E-02 -6.4423782E-03
  2.0799350E+02  3.0630718E-02 -6.1950055E-04  0.0000000E+00  3.5460635E-02 -1.8674898E-02
  2.0799350E+02  3.3041531E-02 -1.8602927E-04  0.0000000E+00  4.8107632E-02 -2.4000778E-02
  2.0799350E+02  3.5577972E-02  1.3179046E-03 -1.6268154E-07  6.0609431E-02 -2.6834165E-02
  2.0799350E+02  3.8188395E-02 -7.5305883E-04  7.7069593E-08  7.2950946E-02 -2.9732906E-02
  2.0799350E+02  4.0609826E-02  8.5520982E-04 -9.5707930E-08  8.3742047E-02 -3.1566952E-02
  2.0799350E+02  4.2754785E-02  2.7028340E-03  3.1044707E-08  9.2943407E-02 -3.3876973E-02
  2.0799350E+02  4.4600339E-02  1.9647645E-03  3.9866033E-08  1.0083412E-01 -3.6015319E-02
  2.0799350E+02  4.6093434E-02  5.8704960E-04 -3.8455946E-08  1.0726608E-01 -3.6143894E-02
  2.0799350E+02  4.7157492E-02  4.9078100E-04  2.7457962E-09  1.1163452E-01 -3.4894854E-02
  2.0799350E+02  4.7750702E-02 -1.0556845E-04  7.2198003E-09  1.1311624E-01 -3.4770169E-02
  2.0799350E+02  4.7925774E-02 -4.0632757E-04  0.0000000E+00  1.1113677E-01 -3.3891665E-02
  2.0799350E+02  4.7694996E-02 -4.1840982E-04  0.0000000E+00  1.0684457E-01 -3.2836401E-02
  2.0799350E+02  4.6956165E-02  1.2137583E-03  0.0000000E+00  1.0080602E-01 -3.0699948E-02
  2.0799350E+02  4.5749447E-02  3.0299852E-03  0.0000000E+00  9.3586885E-02 -2.8593731E-02
  2.0799350E+02  4.4193449E-02  3.1290471E-03  0.0000000E+00  8.5620548E-02 -2.6629892E-02
  2.0799350E+02  4.2423666E-02  1.4980997E-03  0.0000000E+00  7.7242013E-02 -2.4716154E-02
  2.0799350E+02  4.0544528E-02 -3.5481720E-04  0.0000000E+00  6.8700306E-02 -2.2747846E-02
  2.0799350E+02  3.8634432E-02 -9.9922167E-04  0.0000000E+00  6.0313584E-02 -2.0550025E-02
  2.0799350E+02  3.6737910E-02 -5.7167573E-04  0.0000000E+00  5.2435614E-02 -1.7811801E-02
  2.0799350E+02  3.4883124E-02 -7.0337950E-04  0.0000000E+00  4.5392852E-02 -1.4365986E-02
  2.0799350E+02  3.3104284E-02 -1.4889853E-03  0.0000000E+00  3.9268411E-02 -1.1104573E-02
  2.0799350E+02  3.1505592E-02 -3.2991149E-04 -2.0675358E-07  3.3589968E-02 -9.5320110E-03
  2.0799350E+02  3.0181027E-02  2.3321637E-04  1.9791624E-07  2.8509877E-02 -8.2468348E-03
  2.0799350E+02  2.9091239E-02  5.7923054E-04  9.7922070E-09  2.4348565E-02 -7.0260028E-03
  2.0799350E+02  2.8197964E-02  6.5959011E-04 -9.8251092E-08  2.1136508E-02 -5.8096940E-03
  2.0799350E+02  2.7463586E-02  5.5225144E-04 -5.1230613E-08  1.8755316E-02 -4.6904688E-03
  2.0799350E+02  2.6852751E-02  3.8534973E-04  3.3830353E-08  1.7011262E-02 -3.7654560E-03
  2.0799350E+02  2.6340953E-02  2.7336752E-04  5.9519349E-08  1.5719170E-02 -3.0881833E-03
  2.0799350E+02  2.5907670E-02  2.6918035E-04  1.7991695E-08  1.4722147E-02 -2.6561780E-03
  2.0799350E+02  2.5534643E-02  3.4281819E-04 -3.2464952E-08  1.3912262E-02 -2.4378376E-03
  2.0799350E+02  2.5203858E-02  3.9426310E-04 -3.4395976E-08  1.3230460E-02 -2.4009628E-03
  2.0799350E+02  2.4895228E-02  3.0867191E-04  8.3895219E-09  1.2647238E-02 -2.5194173E-03
  2.0799350E+02  2.4593810E-02  6.0517192E-05  2.6287977E-08  1.2144019E-02 -2.7323609E-03
  2.0799350E+02  2.4297516E-02 -1.2253556E-04 -1.5052933E-08  1.1675995E-02 -2.8292178E-03
  2.0799350E+02  2.4034524E-02 -4.7939534E-05  0.0000000E+00  1.1227329E-02 -2.7895149E-03
  2.0799350E+02  2.3780217E-02  6.2519298E-05  0.0000000E+00  1.0832917E-02 -2.5114386E-03
  2.0799350E+02  2.3530162E-02  1.9145724E-04  0.0000000E+00  1.0492724E-02 -2.0459765E-03
  2.0799350E+02  2.3279883E-02  2.4466724E-04  0.0000000E+00  1.0226246E-02 -1.6551079E-03
  2.0799350E+02  2.3016209E-02  2.4924114E-04  0.0000000E+00  1.0021830E-02 -1.3929643E-03
  2.0799350E+02  2.2728825E-02  2.5443818E-04  0.0000000E+00  9.8541658E-03 -1.2237852E-03
  2.0799350E+02  2.2415906E-02  2.8320714E-04  0.0000000E+00  9.6958869E-03 -1.0937867E-03
  2.0799350E+02  2.2082487E-02  3.2188336E-04  0.0000000E+00  9.5233861E-03 -9.6555920E-04
  2.0799350E+02  2.1740976E-02  3.3424591E-04  0.0000000E+00  9.3216919E-03 -8.2788525E-04
  2.0799350E+02  2.1404760E-02  2.8818165E-04  0.0000000E+00  9.0842961E-03 -6.8675180E-04
  2.0799350E+02  2.1084096E-02  1.8146694E-04  0.0000000E+00  8.8127399E-03 -5.5046413E-04
  2.0799350E+02  2.0783155E-02  5.4193722E-05  0.0000000E+00  8.5159046E-03 -4.1761428E-04
  2.0799350E+02  2.0497236E-02 -2.6333610E-05  0.0000000E+00  8.2072095E-03 -2.7664211E-04
  2.0799350E+02  2.0218981E-02 -1.7542275E-05  0.0000000E+00  7.9082794E-03 -1.3004768E-04
  2.0799350E+02  1.9945054E-02 -8.0689549E-06  0.0000000E+00  7.6500704E-03 -4.8776338E-05
  2.0799350E+02  1.9686446E-02 -4.0557639E-05 -5.0134912E-07  7.4319250E-03  3.4361007E-05
  2.0799350E+02  1.9415140E-02  2.0444561E-05  1.7882692E-07  7.1612186E-03  1.2505506E-04
  2.0799350E+02  1.9134431E-02  3.4224689E-05  1.3414867E-07  6.8565011E-03  1.1116807E-04
  2.0799350E+02  1.8854084E-02  3.2922621E-05 -2.9101769E-08  6.5424437E-03  5.6098192E-05
  2.0799350E+02  1.8577794E-02  4.3760443E-05 -9.8646039E-08  6.2418653E-03 -9.4974102E-06
  2.0799350E+02  1.8305740E-02  7.8647680E-05 -6.5112452E-08  5.9709942E-03 -7.3713198E-05
  2.0799350E+02  1.8036556E-02  1.3241373E-04  6.9235198E-09  5.7374726E-03 -1.3344101E-04
  2.0799350E+02  1.7766603E-02  1.8764501E-04  5.5363884E-08  5.5387845E-03 -1.8860667E-04
  2.0799350E+02  1.7493339E-02  2.2216542E-04  5.3591148E-08  5.3662349E-03 -2.3840422E-04
  2.0799350E+02  1.7213972E-02  2.1863584E-04  1.4135321E-08  5.2061823E-03 -2.8079461E-04
  2.0799350E+02  1.6926198E-02  1.7244216E-04 -2.8000140E-08  5.0439965E-03 -3.1303899E-04
  2.0799350E+02  1.6628986E-02  9.6050316E-05 -4.0417299E-08  4.8680541E-03 -3.3313761E-04
  2.0799350E+02  1.6320918E-02  1.6430960E-05 -1.5714008E-08  4.6718415E-03 -3.4150757E-04
  2.0799350E+02  1.6003709E-02 -3.4761738E-05  2.0105444E-08  4.4580940E-03 -3.4173518E-04
  2.0799350E+02  1.5681089E-02 -4.3484874E-05  2.3872075E-08  4.2386258E-03 -3.4035349E-04
  2.0799350E+02  1.5360549E-02 -4.8599757E-05 -1.2098161E-08  4.0336013E-03 -3.4436580E-04
  2.0799350E+02  1.5055368E-02 -9.3740218E-05  0.0000000E+00  3.8561027E-03 -2.9709250E-04
  2.0799350E+02  1.4755391E-02 -2.7274794E-05  0.0000000E+00  3.6798107E-03 -1.8833329E-04
  2.0799350E+02  1.4452119E-02  4.8436805E-06  0.0000000E+00  3.5173038E-03 -1.6457678E-04
  2.0799350E+02  1.4147310E-02  2.9088816E-05  0.0000000E+00  3.3622404E-03 -1.7235240E-04
  2.0799350E+02  1.3842959E-02  5.1004095E-05  0.0000000E+00  3.2122614E-03 -1.8332391E-04
  2.0799350E+02  1.3541702E-02  6.7681944E-05  0.0000000E+00  3.0674851E-03 -1.8634587E-04
  2.0799350E+02  1.3244637E-02  7.5373167E-05  0.0000000E+00  2.9282611E-03 -1.8097778E-04
  2.0799350E+02  1.2954129E-02  7.2848340E-05  0.0000000E+00  2.7957313E-03 -1.7232280E-04
  2.0799350E+02  1.2671579E-02  6.2124538E-05  0.0000000E+00  2.6703096E-03 -1.6717162E-04
  2.0799350E+02  1.2397755E-02  4.7107156E-05  0.0000000E+00  2.5516717E-03 -1.7121517E-04
  2.0799350E+02  1.2133111E-02  3.1390880E-05  0.0000000E+00  2.4389190E-03 -1.8724737E-04
  2.0799350E+02  1.1876051E-02  1.6055962E-05  0.0000000E+00  2.3299989E-03 -2.1443793E-04
  2.0799350E+02  1.1625724E-02 -1.1263150E-06  0.0000000E+00  2.2231156E-03 -2.4810079E-04
  2.0799350E+02  1.1380579E-02 -2.4590967E-05  0.0000000E+00  2.1163327E-03 -2.8038680E-04
  2.0799350E+02  1.1139375E-02 -5.6549013E-05  0.0000000E+00  2.0081441E-03 -3.0144212E-04
  2.0799350E+02  1.0902390E-02 -8.8328587E-05  0.0000000E+00  1.8980022E-03 -3.0106109E-04
  2.0799350E+02  1.0670960E-02 -8.6778227E-05  0.0000000E+00  1.7858314E-03 -2.7061868E-04
  2.0799350E+02  1.0448424E-02 -5.4794033E-05 -7.5898382E-07  1.6622086E-03 -2.4371595E-04
  2.0799350E+02  1.0233934E-02 -5.9421482E-05  1.2913589E-07  1.5346038E-03 -2.3578062E-04
  2.0799350E+02  1.0022170E-02 -3.9997166E-05  1.7035305E-07  1.4265174E-03 -2.1390287E-04
  2.0799350E+02  9.8084359E-03 -1.9834614E-05  1.1204506E-08  1.3342031E-03 -1.9808752E-04
  2.0799350E+02  9.5908435E-03 -4.5070878E-06 -8.9668389E-08  1.2522028E-03 -1.9055319E-04
  2.0799350E+02  9.3702844E-03  7.3219502E-06 -8.5373675E-08  1.1756488E-03 -1.8591487E-04
  2.0799350E+02  9.1476753E-03  1.7799733E-05 -2.1513851E-08  1.1005195E-03 -1.7760440E-04
  2.0799350E+02  8.9236476E-03  2.7052014E-05  4.0017273E-08  1.0242625E-03 -1.6157329E-04
  2.0799350E+02  8.6987761E-03  3.2931196E-05  6.0675005E-08  9.4603010E-04 -1.3771266E-04
  2.0799350E+02  8.4722934E-03  3.2440196E-05  3.7069576E-08  8.6597768E-04 -1.0935123E-04
  2.0799350E+02  8.2447569E-03  2.3777196E-05 -6.8268820E-09  7.8567211E-04 -8.2070667E-05
  2.0799350E+02  8.0170210E-03  8.3121222E-06 -3.7892889E-08  7.0707274E-04 -6.1607398E-05
  2.0799350E+02  7.7909713E-03 -8.6007107E-06 -3.4793677E-08  6.3210959E-04 -5.2013371E-05
  2.0799350E+02  2.7662021E-10 -8.6519883E-04 -4.5383902E-06 -1.4222191E-09  1.0070868E-05
  2.0799350E+02  1.2825616E-02  6.0286366E-04  8.5778733E-09 -3.9484870E-03  1.0010216E-01
  2.0799350E+02  2.6032742E-02 -7.3797349E-04  0.0000000E+00 -6.6365959E-03  9.6146680E-02
  2.0799350E+02  3.1438763E-02 -2.8950626E-04  0.0000000E+00 -1.5642419E-03  6.6011300E-02
  2.0799350E+02  3.3525305E-02 -2.3524187E-04  0.0000000E+00  1.0046006E-02  3.9578423E-02
  2.0799350E+02  3.4885897E-02 -8.0398532E-04  0.0000000E+00  2.3146063E-02  2.3434092E-02
  2.0799350E+02  3.6340528E-02 -7.1734256E-04  0.0000000E+00  3.5179721E-02  1.3990797E-02
  2.0799350E+02  3.7941632E-02 -3.2291264E-04 -4.7840466E-07  4.5866517E-02  7.2651912E-03
  2.0799350E+02  3.9568355E-02  7.1941322E-05  2.2682686E-07  5.4644530E-02  1.6284502E-03
  2.0799350E+02  4.1080953E-02 -7.5150564E-04 -2.8174612E-07  6.1885560E-02 -4.9391158E-03
  2.0799350E+02  4.2357405E-02 -6.6529795E-04  9.1377479E-08  6.8106294E-02 -1.0900603E-02
  2.0799350E+02  4.3388783E-02  2.4888011E-06  1.1733795E-07  7.3011229E-02 -1.5576745E-02
  2.0799350E+02  4.4196892E-02 -9.5954172E-04 -1.1318106E-07  7.6051881E-02 -1.9930843E-02
  2.0799350E+02  4.4714201E-02 -2.9180058E-03  8.0055382E-09  7.7054915E-02 -2.3757504E-02
  2.0799350E+02  4.4780453E-02 -1.9475082E-03  2.1347499E-08  7.6282886E-02 -2.5053641E-02
  2.0799350E+02  4.4390440E-02 -1.6910349E-03  0.0000000E+00  7.4099102E-02 -2.5137559E-02
  2.0799350E+02  4.3669378E-02 -3.7121118E-04  0.0000000E+00  6.9912144E-02 -2.3409126E-02
  2.0799350E+02  4.2724034E-02  1.2214634E-03  0.0000000E+00  6.4581624E-02 -2.1647583E-02
  2.0799350E+02  4.1566083E-02  1.6001552E-03  0.0000000E+00  5.9339004E-02 -1.9902772E-02
  2.0799350E+02  4.0210068E-02  1.3756916E-03  0.0000000E+00  5.4483182E-02 -1.7798268E-02
  2.0799350E+02  3.8723494E-02  1.3073217E-03  0.0000000E+00  4.9848964E-02 -1.5436380E-02
  2.0799350E+02  3.7209583E-02  1.4793407E-03  0.0000000E+00  4.5171446E-02 -1.3368475E-02
  2.0799350E+02  3.5758402E-02  1.3375740E-03  0.0000000E+00  4.0331401E-02 -1.2096021E-02
  2.0799350E+02  3.4402048E-02  3.1972006E-04  0.0000000E+00  3.5466773E-02 -1.1567786E-02
  2.0799350E+02  3.3109561E-02 -1.1864533E-03  0.0000000E+00  3.0935370E-02 -1.1138565E-02
  2.0799350E+02  3.1855215E-02 -8.1836002E-04  0.0000000E+00  2.7108055E-02 -1.0454091E-02
  2.0799350E+02  3.0702569E-02 -6.7699448E-04 -6.0411962E-07  2.3896700E-02 -9.4630272E-03
  2.0799350E+02  2.9614223E-02 -5.7826408E-04  5.8241047E-07  2.1142766E-02 -7.5845365E-03
  2.0799350E+02  2.8648559E-02  1.7970747E-04  2.8522618E-08  1.8751963E-02 -5.9275420E-03
  2.0799350E+02  2.7815625E-02  6.0966578E-04 -2.8924141E-07  1.6679645E-02 -4.7184496E-03
  2.0799350E+02  2.7097604E-02  6.2767431E-04 -1.5043824E-07  1.4939778E-02 -3.9215578E-03
  2.0799350E+02  2.6469610E-02  4.7240946E-04  9.9793292E-08  1.3542223E-02 -3.4339585E-03
  2.0799350E+02  2.5910934E-02  3.6982173E-04  1.7518577E-07  1.2463383E-02 -3.1712044E-03
  2.0799350E+02  2.5408933E-02  3.9143003E-04  5.2910596E-08  1.1642486E-02 -3.0782752E-03
  2.0799350E+02  2.4957709E-02  4.5451683E-04 -9.5565042E-08  1.0995741E-02 -3.1003777E-03
  2.0799350E+02  2.4553769E-02  4.1249134E-04 -1.0115537E-07  1.0440605E-02 -3.1481121E-03
  2.0799350E+02  2.4190825E-02  1.8368820E-04  2.4808515E-08  9.9224343E-03 -3.0915383E-03
  2.0799350E+02  2.3855915E-02 -1.3313090E-04  7.7361139E-08  9.4357292E-03 -2.8176771E-03
  2.0799350E+02  2.3529002E-02 -2.0830529E-04 -4.4321005E-08  9.0322573E-03 -2.3859779E-03
  2.0799350E+02  2.3198175E-02  3.6396982E-04  0.0000000E+00  8.7050127E-03 -1.9041832E-03
  2.0799350E+02  2.2903822E-02  2.3852547E-04  0.0000000E+00  8.4435526E-03 -1.3853079E-03
  2.0799350E+02  2.2608227E-02 -6.8307436E-05  0.0000000E+00  8.2889529E-03 -9.6920333E-04
  2.0799350E+02  2.2296341E-02 -1.2008307E-04  0.0000000E+00  8.1934066E-03 -6.1592395E-04
  2.0799350E+02  2.1975150E-02  6.9630794E-05  0.0000000E+00  8.1143876E-03 -3.3389791E-04
  2.0799350E+02  2.1657633E-02  3.2368010E-04  0.0000000E+00  8.0192170E-03 -1.3888422E-04
  2.0799350E+02  2.1353760E-02  4.7490161E-04  0.0000000E+00  7.8878736E-03 -3.2534355E-05
  2.0799350E+02  2.1066971E-02  4.4863043E-04  0.0000000E+00  7.7139531E-03  3.7685644E-06
  2.0799350E+02  2.0794589E-02  2.7591846E-04  0.0000000E+00  7.5036809E-03  4.1204213E-06
  2.0799350E+02  2.0530577E-02  5.9244290E-05  0.0000000E+00  7.2728846E-03  6.6835423E-06
  2.0799350E+02  2.0269105E-02 -8.7504983E-05  0.0000000E+00  7.0418312E-03  3.9978215E-05
  2.0799350E+02  2.0007348E-02 -1.0299937E-04  0.0000000E+00  6.8278336E-03  1.1120541E-04
  2.0799350E+02  1.9745962E-02 -2.4598626E-05  0.0000000E+00  6.6355330E-03  2.0092789E-04
  2.0799350E+02  1.9485666E-02  5.1286395E-06  0.0000000E+00  6.4447608E-03  2.6843683E-04
  2.0799350E+02  1.9218382E-02 -2.0672001E-04  0.0000000E+00  6.1958866E-03  2.7213120E-04
  2.0799350E+02  1.8942777E-02 -1.4046808E-04 -1.4797647E-06  5.8985627E-03  2.7495145E-04
  2.0799350E+02  1.8675105E-02  3.9124486E-05  5.2660808E-07  5.6416136E-03  2.5901185E-04
  2.0799350E+02  1.8401692E-02 -3.4412403E-06  3.9492614E-07  5.3991350E-03  1.7534417E-04
  2.0799350E+02  1.8127820E-02 -7.1612331E-05 -8.5513569E-08  5.1891195E-03  6.8466480E-05
  2.0799350E+02  1.7859324E-02 -7.8215492E-05 -2.9037273E-07  5.0135845E-03 -2.0650396E-05
  2.0799350E+02  1.7599101E-02 -1.1532806E-05 -1.9190271E-07  4.8652018E-03 -6.9648037E-05
  2.0799350E+02  1.7345843E-02  9.6131407E-05  2.0406170E-08  4.7324778E-03 -7.8553587E-05
  2.0799350E+02  1.7094473E-02  1.9603347E-04  1.6296319E-07  4.6035968E-03 -6.5349314E-05
  2.0799350E+02  1.6837729E-02  2.4536388E-04  1.5780980E-07  4.4690404E-03 -5.6427034E-05
  2.0799350E+02  1.6568363E-02  2.2305231E-04  4.1752183E-08  4.3230955E-03 -7.5015815E-05
  2.0799350E+02  1.6281411E-02  1.3764511E-04 -8.2300134E-08  4.1643644E-03 -1.3067141E-04
  2.0799350E+02  1.5975455E-02  2.5712596E-05 -1.1894466E-07  3.9950948E-03 -2.1306390E-04
  2.0799350E+02  1.5655539E-02 -5.9382282E-05 -4.6125062E-08  3.8212030E-03 -2.9222607E-04
  2.0799350E+02  1.5329264E-02 -7.2864677E-05  5.9253162E-08  3.6487221E-03 -3.3070082E-04
  2.0799350E+02  1.5005985E-02 -1.5186039E-05  7.0244529E-08  3.4825856E-03 -3.0763310E-04
  2.0799350E+02  1.4690814E-02  1.5620555E-05 -3.5623816E-08  3.3235567E-03 -2.6004872E-04
  2.0799350E+02  1.4379801E-02 -5.5766051E-05  0.0000000E+00  3.1658770E-03 -2.5274822E-04
  2.0799350E+02  1.4075499E-02 -1.7854768E-06  0.0000000E+00  3.0263199E-03 -1.6028577E-04
  2.0799350E+02  1.3772541E-02 -3.0982943E-05  0.0000000E+00  2.9016990E-03 -1.1729586E-04
  2.0799350E+02  1.3471843E-02 -2.8859531E-05  0.0000000E+00  2.7809658E-03 -9.9070652E-05
  2.0799350E+02  1.3175343E-02  1.6277074E-05  0.0000000E+00  2.6598088E-03 -9.1299528E-05
  2.0799350E+02  1.2885276E-02  7.5322002E-05  0.0000000E+00  2.5379838E-03 -8.6787917E-05
  2.0799350E+02  1.2603652E-02  1.1641855E-04  0.0000000E+00  2.4172719E-03 -8.2933437E-05
  2.0799350E+02  1.2331899E-02  1.2368777E-04  0.0000000E+00  2.2999989E-03 -7.9844675E-05
  2.0799350E+02  1.2070677E-02  1.0129071E-04  0.0000000E+00  2.1880504E-03 -7.8987938E-05
  2.0799350E+02  1.1819824E-02  6.7471538E-05  0.0000000E+00  2.0823185E-03 -8.2247299E-05
  2.0799350E+02  1.1578422E-02  4.3229942E-05  0.0000000E+00  1.9825132E-03 -9.1283255E-05
  2.0799350E+02  1.1344964E-02  4.0271202E-05  0.0000000E+00  1.8872740E-03 -1.0707534E-04
  2.0799350E+02  1.1117598E-02  5.2882151E-05  0.0000000E+00  1.7945170E-03 -1.2953399E-04
  2.0799350E+02  1.0894441E-02  5.8381451E-05  0.0000000E+00  1.7019503E-03 -1.5706703E-04
  2.0799350E+02  1.0673923E-02  3.0792496E-05  0.0000000E+00  1.6076938E-03 -1.8598607E-04
  2.0799350E+02  1.0455159E-02 -2.7612727E-05  0.0000000E+00  1.5109384E-03 -2.0963815E-04
  2.0799350E+02  1.0238325E-02 -3.2250468E-05  0.0000000E+00  1.4125769E-03 -2.1714793E-04
  2.0799350E+02  1.0024047E-02  3.9237619E-05 -2.2344607E-06  1.3116089E-03 -2.2246026E-04
  2.0799350E+02  9.8155949E-03 -1.4201950E-05  3.7977629E-07  1.2210867E-03 -2.3311295E-04
  2.0799350E+02  9.6076139E-03 -7.5256849E-06  5.0178353E-07  1.1459076E-03 -2.2100495E-04
  2.0799350E+02  9.3954858E-03  1.1512485E-05  3.2760759E-08  1.0780343E-03 -2.0380100E-04
  2.0799350E+02  9.1785957E-03  2.4948072E-05 -2.6398439E-07  1.0118890E-03 -1.8859347E-04
  2.0799350E+02  8.9581773E-03  3.0518906E-05 -2.5135788E-07  9.4419547E-04 -1.7597418E-04
  2.0799350E+02  8.7359553E-03  3.2089361E-05 -6.3465658E-08  8.7367696E-04 -1.6337598E-04
  2.0799350E+02  8.5134374E-03  3.3846086E-05  1.1767173E-07  8.0064523E-04 -1.4767457E-04
  2.0799350E+02  8.2917043E-03  3.7525432E-05  1.7861327E-07  7.2652030E-04 -1.2704144E-04
  2.0799350E+02  8.0715470E-03  4.1932726E-05  1.0913704E-07  6.5331786E-04 -1.0203854E-04
  2.0799350E+02  7.8538024E-03  4.4013590E-05 -2.0037938E-08  5.8314246E-04 -7.5945404E-05
  2.0799350E+02  7.6397357E-03  4.0737444E-05 -1.1151079E-07  5.1772412E-04 -5.4309436E-05
  2.0799350E+02  7.4313201E-03  3.1053389E-05 -1.0250193E-07  4.5803621E-04 -4.3710013E-05
  2.0799350E+02  1.9825988E-10 -1.0221381E-03  0.0000000E+00  7.2737613E-10  1.3021199E-04
  2.0799350E+02  1.2607299E-02  7.5471803E-04  0.0000000E+00  8.4207776E-03  8.4164484E-02
  2.0799350E+02  2.6175960E-02  1.7292274E-04  0.0000000E+00  8.4375514E-03  8.8749734E-02
  2.0799350E+02  3.1573888E-02 -8.4981904E-04  0.0000000E+00  4.0240679E-04  6.6087753E-02
  2.0799350E+02  3.3457893E-02  6.9797562E-04  0.0000000E+00  1.4123045E-03  4.4393708E-02
  2.0799350E+02  3.4331290E-02 -9.0431845E-05  0.0000000E+00  6.3722349E-03  3.1700547E-02
  2.0799350E+02  3.5037696E-02 -1.2914338E-03  0.0000000E+00  1.1717912E-02  2.6986717E-02
  2.0799350E+02  3.5872304E-02 -1.4039133E-03  0.0000000E+00  1.6263586E-02  2.5932598E-02
  2.0799350E+02  3.6765732E-02 -4.8533878E-04  0.0000000E+00  2.0275836E-02  2.4469559E-02
  2.0799350E+02  3.7610197E-02  1.3327364E-04  0.0000000E+00  2.3641788E-02  2.1784776E-02
  2.0799350E+02  3.8363541E-02  1.2258817E-03  0.0000000E+00  2.6198336E-02  1.7975118E-02
  2.0799350E+02  3.8980759E-02  1.6679899E-03  0.0000000E+00  2.7950334E-02  1.3465101E-02
  2.0799350E+02  3.9393544E-02  4.6948937E-04  0.0000000E+00  2.9045997E-02  8.9071328E-03
  2.0799350E+02  3.9535074E-02 -8.4494772E-04  0.0000000E+00  2.9582602E-02  4.9185162E-03
  2.0799350E+02  3.9375334E-02 -4.2664536E-04  0.0000000E+00  2.9612368E-02  1.9181826E-03
  2.0799350E+02  3.8943649E-02 -4.7488849E-04  0.0000000E+00  2.9444814E-02 -5.8299179E-05
  2.0799350E+02  3.8342095E-02 -6.7441537E-04  0.0000000E+00  2.8500730E-02 -1.1866361E-03
  2.0799350E+02  3.7555210E-02 -3.7680372E-04  0.0000000E+00  2.7323284E-02 -2.2332495E-03
  2.0799350E+02  3.6638093E-02  1.1087846E-03  0.0000000E+00  2.6040695E-02 -3.4806488E-03
  2.0799350E+02  3.5664830E-02  1.9275604E-03  0.0000000E+00  2.4514191E-02 -4.6833504E-03
  2.0799350E+02  3.4679310E-02  1.2791154E-03  0.0000000E+00  2.2676759E-02 -5.5935305E-03
  2.0799350E+02  3.3690156E-02 -1.9676161E-05  0.0000000E+00  2.0622196E-02 -6.1133198E-03
  2.0799350E+02  3.2690602E-02 -6.6468832E-04  0.0000000E+00  1.8538427E-02 -6.2322880E-03
  2.0799350E+02  3.1684140E-02 -3.4333150E-04  0.0000000E+00  1.6579131E-02 -5.9086671E-03
  2.0799350E+02  3.0696738E-02 -2.1792506E-04  0.0000000E+00  1.4767650E-02 -5.0528639E-03
  2.0799350E+02  2.9756469E-02 -1.0694795E-03  0.0000000E+00  1.3027202E-02 -3.7718095E-03
  2.0799350E+02  2.8886458E-02 -2.9900104E-04  0.0000000E+00  1.1430228E-02 -2.2729715E-03
  2.0799350E+02  2.8078161E-02  2.8555099E-04  0.0000000E+00  1.0216462E-02 -8.3799266E-04
  2.0799350E+02  2.7291643E-02  5.1037150E-04  0.0000000E+00  9.2704741E-03  1.0190392E-04
  2.0799350E+02  2.6541801E-02  5.5982740E-04  0.0000000E+00  8.4933188E-03  5.8161957E-04
  2.0799350E+02  2.5853639E-02  5.3944163E-04  0.0000000E+00  7.8277517E-03  7.4529021E-04
  2.0799350E+02  2.5243605E-02  5.0202386E-04  0.0000000E+00  7.2443413E-03  7.3790670E-04
  2.0799350E+02  2.4712915E-02  4.6632105E-04  0.0000000E+00  6.7322887E-03  6.5617840E-04
  2.0799350E+02  2.4249277E-02  4.3031936E-04  0.0000000E+00  6.2933353E-03  5.4259262E-04
  2.0799350E+02  2.3833431E-02  3.8132854E-04  0.0000000E+00  5.9371344E-03  4.0662263E-04
  2.0799350E+02  2.3446902E-02  3.0498038E-04  0.0000000E+00  5.6764616E-03  2.5703678E-04
  2.0799350E+02  2.3077384E-02  1.9527239E-04  0.0000000E+00  5.5206421E-03  1.2926160E-04
  2.0799350E+02  2.2718164E-02  6.7788146E-05  0.0000000E+00  5.4655696E-03  9.1751267E-05
  2.0799350E+02  2.2357990E-02 -2.1774399E-05  0.0000000E+00  5.4786935E-03  2.1531631E-04
  2.0799350E+02  2.1989978E-02 -4.9314796E-05  0.0000000E+00  5.5363420E-03  4.8526086E-04
  2.0799350E+02  2.1637185E-02 -7.1218525E-05  0.0000000E+00  5.6183031E-03  5.9496872E-04
  2.0799350E+02  2.1314687E-02 -1.7883483E-06  0.0000000E+00  5.6383449E-03  6.3249857E-04
  2.0799350E+02  2.1031209E-02  1.1000696E-04  0.0000000E+00  5.5943362E-03  6.8130650E-04
  2.0799350E+02  2.0779532E-02  1.9580365E-04  0.0000000E+00  5.5108502E-03  7.4854802E-04
  2.0799350E+02  2.0545973E-02  2.1902424E-04  0.0000000E+00  5.4169533E-03  8.1016133E-04
  2.0799350E+02  2.0316667E-02  1.8752555E-04  0.0000000E+00  5.3328570E-03  8.4014682E-04
  2.0799350E+02  2.0081175E-02  1.4007115E-04  0.0000000E+00  5.2639829E-03  8.2651101E-04
  2.0799350E+02  1.9833966E-02  1.1898604E-04  0.0000000E+00  5.2009901E-03  7.7634328E-04
  2.0799350E+02  1.9574293E-02  1.4135103E-04  0.0000000E+00  5.1243154E-03  7.1249377E-04
  2.0799350E+02  1.9305001E-02  1.8109483E-04  0.0000000E+00  5.0117762E-03  6.6432076E-04
  2.0799350E+02  1.9030807E-02  1.7434111E-04  0.0000000E+00  4.8477855E-03  6.5497591E-04
  2.0799350E+02  1.8756571E-02  6.0368687E-05  0.0000000E+00  4.6327283E-03  6.8769561E-04
  2.0799350E+02  1.8486103E-02 -1.2945794E-04  0.0000000E+00  4.3910513E-03  7.3356680E-04
  2.0799350E+02  1.8222035E-02 -1.2242962E-04  0.0000000E+00  4.1766128E-03  7.2323576E-04
  2.0799350E+02  1.7968364E-02 -3.5869336E-05  0.0000000E+00  4.0085552E-03  6.0119915E-04
  2.0799350E+02  1.7719285E-02 -8.1462011E-05  0.0000000E+00  3.8899611E-03  5.2390975E-04
  2.0799350E+02  1.7473866E-02  9.7310362E-06  0.0000000E+00  3.8235551E-03  4.6324668E-04
  2.0799350E+02  1.7232706E-02  9.8788051E-05  0.0000000E+00  3.7759898E-03  3.9583656E-04
  2.0799350E+02  1.6993849E-02  1.4416438E-04  0.0000000E+00  3.7261542E-03  3.1911413E-04
  2.0799350E+02  1.6753358E-02  1.5246261E-04  0.0000000E+00  3.6622508E-03  2.3804793E-04
  2.0799350E+02  1.6506241E-02  1.4569787E-04  0.0000000E+00  3.5794366E-03  1.5785797E-04
  2.0799350E+02  1.6247557E-02  1.4224223E-04  0.0000000E+00  3.4779139E-03  8.1301340E-05
  2.0799350E+02  1.5973540E-02  1.4863240E-04  0.0000000E+00  3.3613617E-03  9.1012363E-06
  2.0799350E+02  1.5682559E-02  1.5942476E-04  0.0000000E+00  3.2355956E-03 -5.7904648E-05
  2.0799350E+02  1.5375757E-02  1.6228177E-04  0.0000000E+00  3.1073433E-03 -1.1632086E-04
  2.0799350E+02  1.5057191E-02  1.4547383E-04  0.0000000E+00  2.9830271E-03 -1.5888023E-04
  2.0799350E+02  1.4733310E-02  1.0498079E-04  0.0000000E+00  2.8674392E-03 -1.7568357E-04
  2.0799350E+02  1.4411595E-02  4.8376953E-05  0.0000000E+00  2.7621999E-03 -1.5941726E-04
  2.0799350E+02  1.4098203E-02 -7.3161267E-06  0.0000000E+00  2.6638868E-03 -1.1597308E-04
  2.0799350E+02  1.3794429E-02 -4.6625099E-05  0.0000000E+00  2.5617241E-03 -8.1894518E-05
  2.0799350E+02  1.3494969E-02 -1.8664921E-05  0.0000000E+00  2.4407217E-03 -8.2166291E-05
  2.0799350E+02  1.3208431E-02  5.6536454E-05  0.0000000E+00  2.3321826E-03 -3.1454338E-05
  2.0799350E+02  1.2925513E-02  4.5845862E-05  0.0000000E+00  2.2345868E-03 -2.7617912E-05
  2.0799350E+02  1.2643698E-02  1.7462632E-05  0.0000000E+00  2.1410648E-03 -3.2697146E-05
  2.0799350E+02  1.2366441E-02  5.9890091E-06  0.0000000E+00  2.0478907E-03 -2.9565668E-05
  2.0799350E+02  1.2098696E-02  2.0639641E-05  0.0000000E+00  1.9536517E-03 -1.4271051E-05
  2.0799350E+02  1.1844216E-02  5.3924257E-05  0.0000000E+00  1.8585039E-03  9.7054404E-06
  2.0799350E+02  1.1604286E-02  9.0141355E-05  0.0000000E+00  1.7635230E-03  3.5554453E-05
  2.0799350E+02  1.1377585E-02  1.1302072E-04  0.0000000E+00  1.6701580E-03  5.5894133E-05
  2.0799350E+02  1.1160829E-02  1.1185262E-04  0.0000000E+00  1.5797971E-03  6.4460361E-05
  2.0799350E+02  1.0949882E-02  8.5441498E-05  0.0000000E+00  1.4934531E-03  5.7016270E-05
  2.0799350E+02  1.0741012E-02  4.3221979E-05  0.0000000E+00  1.4115785E-03  3.1765707E-05
  2.0799350E+02  1.0531956E-02  2.8750441E-06  0.0000000E+00  1.3340170E-03 -1.0444736E-05
  2.0799350E+02  1.0322478E-02 -1.6217819E-05  0.0000000E+00  1.2601009E-03 -6.5850451E-05
  2.0799350E+02  1.0114091E-02 -4.3446526E-06  0.0000000E+00  1.1889029E-03 -1.2713567E-04
  2.0799350E+02  9.9086175E-03  2.1680580E-05  0.0000000E+00  1.1196500E-03 -1.8215781E-04
  2.0799350E+02  9.7052607E-03 -4.4869363E-06  0.0000000E+00  1.0523091E-03 -2.1174460E-04
  2.0799350E+02  9.4994204E-03 -3.8341297E-05  0.0000000E+00  9.8850801E-04 -2.1665353E-04
  2.0799350E+02  9.2960271E-03  2.0204349E-05  0.0000000E+00  9.2954550E-04 -2.2657735E-04
  2.0799350E+02  9.0885452E-03  5.3062235E-06  0.0000000E+00  8.7136239E-04 -2.1841839E-04
  2.0799350E+02  8.8750212E-03 -1.2618441E-05  0.0000000E+00  8.1145423E-04 -2.0379538E-04
  2.0799350E+02  8.6570552E-03 -1.2619885E-05  0.0000000E+00  7.4917753E-04 -1.8880817E-04
  2.0799350E+02  8.4375931E-03  2.1027875E-06  0.0000000E+00  6.8513019E-04 -1.7538713E-04
  2.0799350E+02  8.2195684E-03  2.0770285E-05  0.0000000E+00  6.2061699E-04 -1.6282937E-04
  2.0799350E+02  8.0052314E-03  3.4414110E-05  0.0000000E+00  5.5720377E-04 -1.4935708E-04
  2.0799350E+02  7.7960013E-03  3.9662142E-05  0.0000000E+00  4.9636393E-04 -1.3353327E-04
  2.0799350E+02  7.5926777E-03  3.8491070E-05  0.0000000E+00  4.3922055E-04 -1.1537030E-04
  2.0799350E+02  7.3958475E-03  3.5517953E-05  0.0000000E+00  3.8638794E-04 -9.6966299E-05
  2.0799350E+02  7.2063235E-03  3.4403164E-05  0.0000000E+00  3.3791587E-04 -8.2505032E-05
  2.0799350E+02  7.0254511E-03  3.4937008E-05  0.0000000E+00  2.9334023E-04 -7.7454274E-05
  2.0799350E+02  0.0000000E+00  5.0036407E-05  0.0000000E+00  0.0000000E+00  7.1777933E-05
  2.0799350E+02  1.0490467E-02  7.5343021E-04  0.0000000E+00  2.4487074E-02  4.4827012E-02
  2.0799350E+02  2.3435499E-02 -2.9762313E-04  0.0000000E+00  3.9904736E-02  5.1798772E-02
  2.0799350E+02  2.8747068E-02 -1.0915042E-03  0.0000000E+00  1.4613484E-02  4.2224795E-02
  2.0799350E+02  3.0402626E-02 -1.5247502E-04  0.0000000E+00 -1.5816799E-03  3.0804368E-02
  2.0799350E+02  3.1043354E-02  1.4646668E-04  0.0000000E+00 -6.8245650E-03  2.4023091E-02
  2.0799350E+02  3.1457345E-02 -9.6102848E-05  0.0000000E+00 -7.6536929E-03  2.2423793E-02
  2.0799350E+02  3.1913032E-02 -9.3808008E-05  0.0000000E+00 -6.7031577E-03  2.3808778E-02
  2.0799350E+02  3.2441759E-02 -4.4040667E-04  0.0000000E+00 -5.0133716E-03  2.5338774E-02
  2.0799350E+02  3.3004213E-02 -2.8134667E-04  0.0000000E+00 -2.9634119E-03  2.6045342E-02
  2.0799350E+02  3.3543166E-02  5.1300947E-04  0.0000000E+00 -7.4120739E-04  2.5462839E-02
  2.0799350E+02  3.3997476E-02  7.8661455E-04  0.0000000E+00  1.4184071E-03  2.3633458E-02
  2.0799350E+02  3.4321007E-02  5.6295861E-04  0.0000000E+00  3.3313034E-03  2.0875899E-02
  2.0799350E+02  3.4494823E-02  5.2602546E-04  0.0000000E+00  4.8263075E-03  1.7574449E-02
  2.0799350E+02  3.4517762E-02  5.3353501E-04  0.0000000E+00  5.8511213E-03  1.4078880E-02
  2.0799350E+02  3.4358673E-02 -4.0409505E-04  0.0000000E+00  6.6359642E-03  1.1048596E-02
  2.0799350E+02  3.4016029E-02  2.0845956E-04  0.0000000E+00  7.2380626E-03  8.9952417E-03
  2.0799350E+02  3.3535058E-02  4.5649929E-04  0.0000000E+00  7.5418730E-03  7.6535202E-03
  2.0799350E+02  3.2979594E-02  1.4288885E-04  0.0000000E+00  7.5118562E-03  6.6519467E-03
  2.0799350E+02  3.2388915E-02 -3.8740116E-05  0.0000000E+00  7.2946856E-03  5.6858005E-03
  2.0799350E+02  3.1768858E-02  1.1925935E-04  0.0000000E+00  7.0642553E-03  4.6335557E-03
  2.0799350E+02  3.1104971E-02  2.7467813E-04  0.0000000E+00  6.9229797E-03  3.5313133E-03
  2.0799350E+02  3.0391002E-02  1.0458723E-04  0.0000000E+00  6.8607789E-03  2.4876996E-03
  2.0799350E+02  2.9641112E-02 -1.6738294E-04  0.0000000E+00  6.7679200E-03  1.5839582E-03
  2.0799350E+02  2.8895960E-02  2.5089952E-05  0.0000000E+00  6.5058557E-03  8.7491964E-04
  2.0799350E+02  2.8190309E-02 -1.7352297E-05  0.0000000E+00  6.0298147E-03  5.3553828E-04
  2.0799350E+02  2.7520567E-02 -2.7133014E-04  0.0000000E+00  5.6008483E-03  2.5699120E-04
  2.0799350E+02  2.6833392E-02  1.5999940E-04  0.0000000E+00  5.1965370E-03  4.8612900E-04
  2.0799350E+02  2.6140279E-02  2.5302561E-04  0.0000000E+00  4.7808053E-03  1.0893999E-03
  2.0799350E+02  2.5469459E-02  3.1412392E-04  0.0000000E+00  4.3931579E-03  1.7431919E-03
  2.0799350E+02  2.4839075E-02  4.3342638E-04  0.0000000E+00  4.0660379E-03  2.3086651E-03
  2.0799350E+02  2.4260026E-02  5.5977695E-04  0.0000000E+00  3.8219292E-03  2.7039017E-03
  2.0799350E+02  2.3730618E-02  5.9346530E-04  0.0000000E+00  3.6676516E-03  2.8705444E-03
  2.0799350E+02  2.3244559E-02  4.7047258E-04  0.0000000E+00  3.5972418E-03  2.7818011E-03
  2.0799350E+02  2.2793081E-02  2.1954376E-04  0.0000000E+00  3.5936620E-03  2.4750498E-03
  2.0799350E+02  2.2371720E-02 -2.7143621E-05  0.0000000E+00  3.6324481E-03  2.0742150E-03
  2.0799350E+02  2.1977433E-02 -9.8932144E-05  0.0000000E+00  3.6864128E-03  1.7609236E-03
  2.0799350E+02  2.1611007E-02  6.1553179E-05  0.0000000E+00  3.7308068E-03  1.6741817E-03
  2.0799350E+02  2.1270748E-02  1.3113221E-04  0.0000000E+00  3.7481872E-03  1.6982311E-03
  2.0799350E+02  2.0962840E-02 -3.9852681E-05  0.0000000E+00  3.7672556E-03  1.5712623E-03
  2.0799350E+02  2.0686235E-02  7.0157953E-05  0.0000000E+00  3.7976649E-03  1.5684885E-03
  2.0799350E+02  2.0428806E-02  1.1607411E-04  0.0000000E+00  3.8227297E-03  1.5398224E-03
  2.0799350E+02  2.0186464E-02  1.6353567E-04  0.0000000E+00  3.8486948E-03  1.5000817E-03
  2.0799350E+02  1.9951617E-02  2.1989067E-04  0.0000000E+00  3.8727505E-03  1.4622477E-03
  2.0799350E+02  1.9717713E-02  2.6767719E-04  0.0000000E+00  3.8870267E-03  1.4283433E-03
  2.0799350E+02  1.9478604E-02  2.8723573E-04  0.0000000E+00  3.8824571E-03  1.3890992E-03
  2.0799350E+02  1.9231230E-02  2.6826828E-04  0.0000000E+00  3.8514771E-03  1.3303981E-03
  2.0799350E+02  1.8974980E-02  2.1385007E-04  0.0000000E+00  3.7900258E-03  1.2418452E-03
  2.0799350E+02  1.8713202E-02  1.3903063E-04  0.0000000E+00  3.6992490E-03  1.1256056E-03
  2.0799350E+02  1.8449615E-02  6.4448582E-05  0.0000000E+00  3.5850389E-03  9.9949241E-04
  2.0799350E+02  1.8188972E-02  9.0699559E-06  0.0000000E+00  3.4575247E-03  8.9410090E-04
  2.0799350E+02  1.7935238E-02 -1.7318614E-05  0.0000000E+00  3.3289005E-03  8.3839274E-04
  2.0799350E+02  1.7689717E-02 -1.9346155E-05  0.0000000E+00  3.2098384E-03  8.3117756E-04
  2.0799350E+02  1.7451410E-02 -1.7135932E-05  0.0000000E+00  3.1055290E-03  7.9477961E-04
  2.0799350E+02  1.7219950E-02 -2.8007712E-05  0.0000000E+00  3.0249555E-03  6.8931735E-04
  2.0799350E+02  1.6992555E-02  3.6123393E-05  0.0000000E+00  3.0035143E-03  6.3235522E-04
  2.0799350E+02  1.6763193E-02  1.1804507E-04  0.0000000E+00  3.0035974E-03  5.4507765E-04
  2.0799350E+02  1.6530426E-02  1.7345287E-04  0.0000000E+00  2.9980009E-03  4.3398387E-04
  2.0799350E+02  1.6290613E-02  1.9367956E-04  0.0000000E+00  2.9735389E-03  3.1368714E-04
  2.0799350E+02  1.6040530E-02  1.8771903E-04  0.0000000E+00  2.9266414E-03  1.9920478E-04
  2.0799350E+02  1.5777706E-02  1.7025923E-04  0.0000000E+00  2.8597912E-03  1.0137805E-04
  2.0799350E+02  1.5500427E-02  1.5397937E-04  0.0000000E+00  2.7785400E-03  2.5277608E-05
  2.0799350E+02  1.5210026E-02  1.4570681E-04  0.0000000E+00  2.6899379E-03 -2.8652150E-05
  2.0799350E+02  1.4907953E-02  1.4529097E-04  0.0000000E+00  2.6000224E-03 -6.3500561E-05
  2.0799350E+02  1.4597565E-02  1.4712217E-04  0.0000000E+00  2.5132618E-03 -8.2974548E-05
  2.0799350E+02  1.4282672E-02  1.4305455E-04  0.0000000E+00  2.4315562E-03 -8.9671119E-05
  2.0799350E+02  1.3969186E-02  1.2630756E-04  0.0000000E+00  2.3544152E-03 -8.4456719E-05
  2.0799350E+02  1.3660878E-02  9.5479762E-05  0.0000000E+00  2.2779294E-03 -6.8090911E-05
  2.0799350E+02  1.3360582E-02  5.8046926E-05  0.0000000E+00  2.1953855E-03 -4.5710788E-05
  2.0799350E+02  1.3068361E-02  3.2612307E-05  0.0000000E+00  2.0972156E-03 -3.5255829E-05
  2.0799350E+02  1.2783719E-02  2.0746027E-05  0.0000000E+00  1.9818886E-03 -3.3008630E-05
  2.0799350E+02  1.2511690E-02  4.3032214E-05  0.0000000E+00  1.8883850E-03  1.0511194E-05
  2.0799350E+02  1.2245984E-02  9.3043335E-05  0.0000000E+00  1.8031338E-03  1.6677903E-05
  2.0799350E+02  1.1990679E-02  1.1246951E-04  0.0000000E+00  1.7237431E-03  1.8362158E-05
  2.0799350E+02  1.1747300E-02  1.0082597E-04  0.0000000E+00  1.6470871E-03  2.9828545E-05
  2.0799350E+02  1.1516740E-02  7.8866506E-05  0.0000000E+00  1.5709542E-03  5.2787251E-05
  2.0799350E+02  1.1297041E-02  6.6230489E-05  0.0000000E+00  1.4938252E-03  8.1621434E-05
  2.0799350E+02  1.1085703E-02  7.1098270E-05  0.0000000E+00  1.4156038E-03  1.0743841E-04
  2.0799350E+02  1.0879471E-02  8.8699108E-05  0.0000000E+00  1.3371927E-03  1.2124589E-04
  2.0799350E+02  1.0676387E-02  1.0564190E-04  0.0000000E+00  1.2606765E-03  1.1614936E-04
  2.0799350E+02  1.0474065E-02  1.0780494E-04  0.0000000E+00  1.1879444E-03  8.8967904E-05
  2.0799350E+02  1.0271498E-02  8.8172783E-05  0.0000000E+00  1.1206731E-03  4.0774374E-05
  2.0799350E+02  1.0068764E-02  5.2271480E-05  0.0000000E+00  1.0596356E-03 -2.3096616E-05
  2.0799350E+02  9.8664214E-03  1.8132242E-05  0.0000000E+00  1.0041792E-03 -9.3855853E-05
  2.0799350E+02  9.6663234E-03  8.2847478E-06  0.0000000E+00  9.5239760E-04 -1.6000704E-04
  2.0799350E+02  9.4683299E-03  2.9931767E-05  0.0000000E+00  9.0062950E-04 -2.0994855E-04
  2.0799350E+02  9.2701084E-03  4.1894082E-05  0.0000000E+00  8.4434742E-04 -2.3373829E-04
  2.0799350E+02  9.0669767E-03  1.1838270E-05  0.0000000E+00  7.8439671E-04 -2.3078109E-04
  2.0799350E+02  8.8618528E-03  1.9040226E-05  0.0000000E+00  7.3150260E-04 -2.1965003E-04
  2.0799350E+02  8.6518169E-03  6.4675321E-06  0.0000000E+00  6.7832916E-04 -2.0580788E-04
  2.0799350E+02  8.4383642E-03  6.5764046E-06  0.0000000E+00  6.2378644E-04 -1.9398426E-04
  2.0799350E+02  8.2244149E-03  2.1575576E-05  0.0000000E+00  5.6807338E-04 -1.8573899E-04
  2.0799350E+02  8.0127080E-03  4.1734213E-05  0.0000000E+00  5.1199010E-04 -1.8042728E-04
  2.0799350E+02  7.8066005E-03  5.6532307E-05  0.0000000E+00  4.5689975E-04 -1.7623207E-04
  2.0799350E+02  7.6074756E-03  6.0566126E-05  0.0000000E+00  4.0380969E-04 -1.7106379E-04
  2.0799350E+02  7.4162836E-03  5.4716699E-05  0.0000000E+00  3.5358039E-04 -1.6342353E-04
  2.0799350E+02  7.2330581E-03  4.4501304E-05  0.0000000E+00  3.0664807E-04 -1.5298753E-04
  2.0799350E+02  7.0585483E-03  3.6820422E-05  0.0000000E+00  2.6334487E-04 -1.4102295E-04
  2.0799350E+02  6.8925891E-03  3.6145543E-05  0.0000000E+00  2.2345249E-04 -1.3024416E-04
  2.0799350E+02  6.7356836E-03  4.1903649E-05  0.0000000E+00  1.8666020E-04 -1.2441613E-04
