          atime          uvari          vvari          wvari          pvari          tvari
  2.0799350E+02 -2.9651795E-10  1.0488252E-11  6.1758890E-11  5.5606304E-04  0.0000000E+00
  2.0799350E+02  9.2708990E-03  4.0133430E-05  3.4743753E-03  5.5365346E-04  0.0000000E+00
  2.0799350E+02  2.5000803E-02  4.0385725E-04  9.9532590E-03  5.5516044E-04  0.0000000E+00
  2.0799350E+02  3.1361569E-02  1.3371260E-03  1.5647985E-02  5.5569635E-04  0.0000000E+00
  2.0799350E+02  3.1050043E-02  2.7706372E-03  1.9059091E-02  5.5870879E-04  0.0000000E+00
  2.0799350E+02  2.9425927E-02  4.4660397E-03  2.0407008E-02  5.6668186E-04  0.0000000E+00
  2.0799350E+02  2.8289894E-02  6.2011602E-03  2.0465621E-02  5.7919665E-04  0.0000000E+00
  2.0799350E+02  2.7825318E-02  7.8263106E-03  1.9957364E-02  5.9470394E-04  0.0000000E+00
  2.0799350E+02  2.7801425E-02  9.2499931E-03  1.9358271E-02  6.1080797E-04  0.0000000E+00
  2.0799350E+02  2.8086672E-02  1.0421378E-02  1.8868629E-02  6.2467841E-04  0.0000000E+00
  2.0799350E+02  2.8573239E-02  1.1318959E-02  1.8537500E-02  6.3260820E-04  0.0000000E+00
  2.0799350E+02  2.9172902E-02  1.1953943E-02  1.8354581E-02  6.3202046E-04  0.0000000E+00
  2.0799350E+02  2.9809888E-02  1.2362060E-02  1.8272932E-02  6.2311135E-04  0.0000000E+00
  2.0799350E+02  3.0408350E-02  1.2586903E-02  1.8210778E-02  6.0914431E-04  0.0000000E+00
  2.0799350E+02  3.0899612E-02  1.2665479E-02  1.8082598E-02  5.9458040E-04  0.0000000E+00
  2.0799350E+02  3.1270509E-02  1.2628581E-02  1.7894444E-02  5.8110726E-04  0.0000000E+00
  2.0799350E+02  3.1524128E-02  1.2505017E-02  1.7699928E-02  5.6821246E-04  0.0000000E+00
  2.0799350E+02  3.1678783E-02  1.2324051E-02  1.7487671E-02  5.5577869E-04  0.0000000E+00
  2.0799350E+02  3.1742561E-02  1.2110253E-02  1.7245166E-02  5.4348369E-04  0.0000000E+00
  2.0799350E+02  3.1713507E-02  1.1882203E-02  1.6968067E-02  5.3081331E-04  0.0000000E+00
  2.0799350E+02  3.1590990E-02  1.1654443E-02  1.6658233E-02  5.1748986E-04  0.0000000E+00
  2.0799350E+02  3.1377289E-02  1.1436688E-02  1.6323042E-02  5.0351118E-04  0.0000000E+00
  2.0799350E+02  3.1074825E-02  1.1232017E-02  1.5974619E-02  4.8898118E-04  0.0000000E+00
  2.0799350E+02  3.0684437E-02  1.1035731E-02  1.5627635E-02  4.7391249E-04  0.0000000E+00
  2.0799350E+02  3.0210132E-02  1.0836582E-02  1.5294326E-02  4.5818185E-04  0.0000000E+00
  2.0799350E+02  2.9675704E-02  1.0622079E-02  1.4975385E-02  4.4181893E-04  0.0000000E+00
  2.0799350E+02  2.9113725E-02  1.0395842E-02  1.4663835E-02  4.2524958E-04  0.0000000E+00
  2.0799350E+02  2.8497907E-02  1.0165709E-02  1.4348076E-02  4.0800028E-04  0.0000000E+00
  2.0799350E+02  2.7833787E-02  9.9300900E-03  1.4048567E-02  3.8992825E-04  0.0000000E+00
  2.0799350E+02  2.7150594E-02  9.6953726E-03  1.3762575E-02  3.7206218E-04  0.0000000E+00
  2.0799350E+02  2.6475674E-02  9.4693793E-03  1.3478271E-02  3.5558084E-04  0.0000000E+00
  2.0799350E+02  2.5822874E-02  9.2595078E-03  1.3192093E-02  3.4125864E-04  0.0000000E+00
  2.0799350E+02  2.5191615E-02  9.0710734E-03  1.2912124E-02  3.2925982E-04  0.0000000E+00
  2.0799350E+02  2.4573486E-02  8.9062958E-03  1.2652753E-02  3.1920711E-04  0.0000000E+00
  2.0799350E+02  2.3962153E-02  8.7639578E-03  1.2425341E-02  3.1041968E-04  0.0000000E+00
  2.0799350E+02  2.3362344E-02  8.6397594E-03  1.2229609E-02  3.0221568E-04  0.0000000E+00
  2.0799350E+02  2.2793716E-02  8.5273969E-03  1.2050447E-02  2.9417430E-04  0.0000000E+00
  2.0799350E+02  2.2285348E-02  8.4203915E-03  1.1864867E-02  2.8625260E-04  0.0000000E+00
  2.0799350E+02  2.1856680E-02  8.3146944E-03  1.1663817E-02  2.7865212E-04  0.0000000E+00
  2.0799350E+02  2.1504619E-02  8.2114468E-03  1.1472827E-02  2.7139540E-04  0.0000000E+00
  2.0799350E+02  2.1215915E-02  8.1133443E-03  1.1282395E-02  2.6447903E-04  0.0000000E+00
  2.0799350E+02  2.0961511E-02  8.0191518E-03  1.1098665E-02  2.5797592E-04  0.0000000E+00
  2.0799350E+02  2.0726797E-02  7.9274864E-03  1.0923172E-02  2.5182430E-04  0.0000000E+00
  2.0799350E+02  2.0500445E-02  7.8373774E-03  1.0753440E-02  2.4590573E-04  0.0000000E+00
  2.0799350E+02  2.0274911E-02  7.7480813E-03  1.0585516E-02  2.4010113E-04  0.0000000E+00
  2.0799350E+02  2.0046499E-02  7.6589192E-03  1.0415723E-02  2.3431981E-04  0.0000000E+00
  2.0799350E+02  1.9815044E-02  7.5691515E-03  1.0241740E-02  2.2850803E-04  0.0000000E+00
  2.0799350E+02  1.9583240E-02  7.4779068E-03  1.0063088E-02  2.2264444E-04  0.0000000E+00
  2.0799350E+02  1.9355668E-02  7.3841793E-03  9.8811190E-03  2.1672924E-04  0.0000000E+00
  2.0799350E+02  1.9137557E-02  7.2869113E-03  9.6986030E-03  2.1077393E-04  0.0000000E+00
  2.0799350E+02  1.8933322E-02  7.1851746E-03  9.5189946E-03  2.0479885E-04  0.0000000E+00
  2.0799350E+02  1.8744932E-02  7.0784691E-03  9.3454827E-03  1.9884533E-04  0.0000000E+00
  2.0799350E+02  1.8570128E-02  6.9671510E-03  9.1799067E-03  1.9300952E-04  0.0000000E+00
  2.0799350E+02  1.8400563E-02  6.8530089E-03  9.0216337E-03  1.8750479E-04  0.0000000E+00
  2.0799350E+02  1.8232905E-02  6.7368718E-03  8.8668194E-03  1.8242239E-04  0.0000000E+00
  2.0799350E+02  1.8051088E-02  6.6230625E-03  8.7070987E-03  1.7778237E-04  0.0000000E+00
  2.0799350E+02  1.7848752E-02  6.5133804E-03  8.5518776E-03  1.7358050E-04  0.0000000E+00
  2.0799350E+02  1.7627141E-02  6.4074797E-03  8.4056692E-03  1.6964868E-04  0.0000000E+00
  2.0799350E+02  1.7383394E-02  6.3051107E-03  8.2664152E-03  1.6586014E-04  0.0000000E+00
  2.0799350E+02  1.7114649E-02  6.2060874E-03  8.1297275E-03  1.6213131E-04  0.0000000E+00
  2.0799350E+02  1.6820136E-02  6.1101413E-03  7.9913524E-03  1.5841490E-04  0.0000000E+00
  2.0799350E+02  1.6501922E-02  6.0168541E-03  7.8484296E-03  1.5469292E-04  0.0000000E+00
  2.0799350E+02  1.6164642E-02  5.9256562E-03  7.6998258E-03  1.5096955E-04  0.0000000E+00
  2.0799350E+02  1.5814564E-02  5.8358730E-03  7.5458266E-03  1.4726400E-04  0.0000000E+00
  2.0799350E+02  1.5458346E-02  5.7468043E-03  7.3874691E-03  1.4360300E-04  0.0000000E+00
  2.0799350E+02  1.5101805E-02  5.6578198E-03  7.2257964E-03  1.4001312E-04  0.0000000E+00
  2.0799350E+02  1.4749063E-02  5.5684562E-03  7.0613179E-03  1.3651257E-04  0.0000000E+00
  2.0799350E+02  1.4402412E-02  5.4784980E-03  6.8939568E-03  1.3310269E-04  0.0000000E+00
  2.0799350E+02  1.4063229E-02  5.3880282E-03  6.7237674E-03  1.2975881E-04  0.0000000E+00
  2.0799350E+02  1.3734301E-02  5.2974313E-03  6.5527038E-03  1.2642059E-04  0.0000000E+00
  2.0799350E+02  1.3423490E-02  5.2065535E-03  6.3882200E-03  1.2305932E-04  0.0000000E+00
  2.0799350E+02  1.3135084E-02  5.1155818E-03  6.2307178E-03  1.1970255E-04  0.0000000E+00
  2.0799350E+02  1.2862486E-02  5.0258236E-03  6.0835936E-03  1.1624789E-04  0.0000000E+00
  2.0799350E+02  1.2602002E-02  4.9364576E-03  5.9522224E-03  1.1277029E-04  0.0000000E+00
  2.0799350E+02  1.2352052E-02  4.8474524E-03  5.8366915E-03  1.0929672E-04  0.0000000E+00
  2.0799350E+02  1.2111282E-02  4.7592164E-03  5.7342971E-03  1.0583927E-04  0.0000000E+00
  2.0799350E+02  1.1877604E-02  4.6723359E-03  5.6413330E-03  1.0241333E-04  0.0000000E+00
  2.0799350E+02  1.1647992E-02  4.5873909E-03  5.5542666E-03  9.9043870E-05  0.0000000E+00
  2.0799350E+02  1.1418800E-02  4.5048390E-03  5.4703941E-03  9.5763056E-05  0.0000000E+00
  2.0799350E+02  1.1186421E-02  4.4249554E-03  5.3880694E-03  9.2602422E-05  0.0000000E+00
  2.0799350E+02  1.0948078E-02  4.3478189E-03  5.3066000E-03  8.9582753E-05  0.0000000E+00
  2.0799350E+02  1.0702547E-02  4.2733318E-03  5.2259023E-03  8.6704883E-05  0.0000000E+00
  2.0799350E+02  1.0450604E-02  4.2012658E-03  5.1460119E-03  8.3944586E-05  0.0000000E+00
  2.0799350E+02  1.0195468E-02  4.1314447E-03  5.0666851E-03  8.1259626E-05  0.0000000E+00
  2.0799350E+02  9.9402332E-03  4.0633020E-03  4.9863221E-03  7.8583038E-05  0.0000000E+00
  2.0799350E+02  9.6890948E-03  3.9966937E-03  4.9024612E-03  7.5878552E-05  0.0000000E+00
  2.0799350E+02  9.4428312E-03  3.9314215E-03  4.8110619E-03  7.3164228E-05  0.0000000E+00
  2.0799350E+02  9.1985958E-03  3.8674405E-03  4.7090579E-03  7.0502771E-05  0.0000000E+00
  2.0799350E+02  8.9596022E-03  3.8044887E-03  4.6006519E-03  6.7909954E-05  0.0000000E+00
  2.0799350E+02  8.7214257E-03  3.7439054E-03  4.4845011E-03  6.5479384E-05  0.0000000E+00
  2.0799350E+02  8.4828013E-03  3.6872624E-03  4.3619593E-03  6.3212965E-05  0.0000000E+00
  2.0799350E+02  8.2440896E-03  3.6354971E-03  4.2357443E-03  6.1112621E-05  0.0000000E+00
  2.0799350E+02  8.0065140E-03  3.5888808E-03  4.1092631E-03  5.9175050E-05  0.0000000E+00
  2.0799350E+02  7.7716022E-03  3.5470829E-03  3.9860651E-03  5.7389494E-05  0.0000000E+00
  2.0799350E+02  7.5408114E-03  3.5093057E-03  3.8694168E-03  5.5737901E-05  0.0000000E+00
  2.0799350E+02  7.3153149E-03  3.4744655E-03  3.7619893E-03  5.4196860E-05  0.0000000E+00
  2.0799350E+02  7.0959278E-03  3.4413947E-03  3.6656527E-03  5.2740668E-05  0.0000000E+00
  2.0799350E+02  6.8831506E-03  3.4090403E-03  3.5813688E-03  5.1344916E-05  0.0000000E+00
  2.0799350E+02  6.6773094E-03  3.3766336E-03  3.5091751E-03  4.9989964E-05  0.0000000E+00
  2.0799350E+02  6.4787695E-03  3.3438071E-03  3.4482536E-03  4.8663670E-05  0.0000000E+00
  2.0799350E+02  0.0000000E+00  0.0000000E+00  0.0000000E+00  3.6372041E-04  0.0000000E+00
  2.0799350E+02  3.1210331E-03  8.6648560E-05  1.3972606E-03  3.6357337E-04  0.0000000E+00
  2.0799350E+02  1.2913264E-02  3.8137781E-04  3.7497322E-03  3.7491979E-04  0.0000000E+00
  2.0799350E+02  2.5158488E-02  8.6816736E-04  6.5289210E-03  3.9299966E-04  0.0000000E+00
  2.0799350E+02  3.2965027E-02  1.5063705E-03  9.5866579E-03  4.1066162E-04  0.0000000E+00
  2.0799350E+02  3.4934994E-02  2.3007148E-03  1.2417012E-02  4.2433480E-04  0.0000000E+00
  2.0799350E+02  3.3639533E-02  3.2541071E-03  1.4531490E-02  4.3482692E-04  0.0000000E+00
  2.0799350E+02  3.1483806E-02  4.3407751E-03  1.5789601E-02  4.4390428E-04  0.0000000E+00
  2.0799350E+02  2.9612278E-02  5.5034932E-03  1.6357537E-02  4.5306089E-04  0.0000000E+00
  2.0799350E+02  2.8308777E-02  6.6728085E-03  1.6543505E-02  4.6253072E-04  0.0000000E+00
  2.0799350E+02  2.7563677E-02  7.7789875E-03  1.6558741E-02  4.7187952E-04  0.0000000E+00
  2.0799350E+02  2.7254064E-02  8.7692670E-03  1.6519192E-02  4.8020735E-04  0.0000000E+00
  2.0799350E+02  2.7240656E-02  9.6135145E-03  1.6473946E-02  4.8650486E-04  0.0000000E+00
  2.0799350E+02  2.7415997E-02  1.0295161E-02  1.6427087E-02  4.9010339E-04  0.0000000E+00
  2.0799350E+02  2.7715411E-02  1.0815702E-02  1.6360162E-02  4.9080944E-04  0.0000000E+00
  2.0799350E+02  2.8098881E-02  1.1186049E-02  1.6269719E-02  4.8875811E-04  0.0000000E+00
  2.0799350E+02  2.8512292E-02  1.1423848E-02  1.6174198E-02  4.8461974E-04  0.0000000E+00
  2.0799350E+02  2.8888509E-02  1.1552690E-02  1.6109637E-02  4.7916954E-04  0.0000000E+00
  2.0799350E+02  2.9201923E-02  1.1591843E-02  1.6080056E-02  4.7343182E-04  0.0000000E+00
  2.0799350E+02  2.9447567E-02  1.1557605E-02  1.6055650E-02  4.6774924E-04  0.0000000E+00
  2.0799350E+02  2.9625804E-02  1.1465913E-02  1.5996800E-02  4.6204848E-04  0.0000000E+00
  2.0799350E+02  2.9737078E-02  1.1332871E-02  1.5875464E-02  4.5608087E-04  0.0000000E+00
  2.0799350E+02  2.9781681E-02  1.1175235E-02  1.5690415E-02  4.4965653E-04  0.0000000E+00
  2.0799350E+02  2.9762405E-02  1.1007051E-02  1.5467751E-02  4.4266840E-04  0.0000000E+00
  2.0799350E+02  2.9681255E-02  1.0837302E-02  1.5246092E-02  4.3507682E-04  0.0000000E+00
  2.0799350E+02  2.9528340E-02  1.0664712E-02  1.5038228E-02  4.2663869E-04  0.0000000E+00
  2.0799350E+02  2.9296283E-02  1.0486158E-02  1.4814961E-02  4.1677170E-04  0.0000000E+00
  2.0799350E+02  2.8931754E-02  1.0301566E-02  1.4551746E-02  4.0624247E-04  0.0000000E+00
  2.0799350E+02  2.8477703E-02  1.0120375E-02  1.4280901E-02  3.9581413E-04  0.0000000E+00
  2.0799350E+02  2.7977612E-02  9.9433704E-03  1.4020106E-02  3.8547192E-04  0.0000000E+00
  2.0799350E+02  2.7451754E-02  9.7656635E-03  1.3768919E-02  3.7490197E-04  0.0000000E+00
  2.0799350E+02  2.6910663E-02  9.5843987E-03  1.3523168E-02  3.6388543E-04  0.0000000E+00
  2.0799350E+02  2.6356124E-02  9.3995036E-03  1.3278658E-02  3.5235537E-04  0.0000000E+00
  2.0799350E+02  2.5789188E-02  9.2148670E-03  1.3034844E-02  3.4051844E-04  0.0000000E+00
  2.0799350E+02  2.5210612E-02  9.0359134E-03  1.2792903E-02  3.2876422E-04  0.0000000E+00
  2.0799350E+02  2.4626165E-02  8.8684019E-03  1.2555206E-02  3.1762514E-04  0.0000000E+00
  2.0799350E+02  2.4040811E-02  8.7143579E-03  1.2320854E-02  3.0747563E-04  0.0000000E+00
  2.0799350E+02  2.3463129E-02  8.5726385E-03  1.2087664E-02  2.9842152E-04  0.0000000E+00
  2.0799350E+02  2.2904002E-02  8.4400411E-03  1.1855278E-02  2.9006920E-04  0.0000000E+00
  2.0799350E+02  2.2396814E-02  8.3146325E-03  1.1638704E-02  2.8194535E-04  0.0000000E+00
  2.0799350E+02  2.1933658E-02  8.1969968E-03  1.1442519E-02  2.7393390E-04  0.0000000E+00
  2.0799350E+02  2.1528273E-02  8.0835960E-03  1.1257000E-02  2.6605915E-04  0.0000000E+00
  2.0799350E+02  2.1185990E-02  7.9723595E-03  1.1079841E-02  2.5858051E-04  0.0000000E+00
  2.0799350E+02  2.0890989E-02  7.8636716E-03  1.0909577E-02  2.5160907E-04  0.0000000E+00
  2.0799350E+02  2.0623474E-02  7.7591955E-03  1.0745155E-02  2.4518654E-04  0.0000000E+00
  2.0799350E+02  2.0365540E-02  7.6595504E-03  1.0583645E-02  2.3924047E-04  0.0000000E+00
  2.0799350E+02  2.0107378E-02  7.5645983E-03  1.0421833E-02  2.3366463E-04  0.0000000E+00
  2.0799350E+02  1.9846573E-02  7.4730710E-03  1.0256462E-02  2.2832300E-04  0.0000000E+00
  2.0799350E+02  1.9587853E-02  7.3835378E-03  1.0086396E-02  2.2311006E-04  0.0000000E+00
  2.0799350E+02  1.9336870E-02  7.2939161E-03  9.9115959E-03  2.1791028E-04  0.0000000E+00
  2.0799350E+02  1.9098663E-02  7.2026385E-03  9.7344793E-03  2.1264610E-04  0.0000000E+00
  2.0799350E+02  1.8874987E-02  7.1088505E-03  9.5588820E-03  2.0726893E-04  0.0000000E+00
  2.0799350E+02  1.8664183E-02  7.0122995E-03  9.3877461E-03  2.0173963E-04  0.0000000E+00
  2.0799350E+02  1.8466563E-02  6.9136409E-03  9.2206981E-03  1.9604726E-04  0.0000000E+00
  2.0799350E+02  1.8281303E-02  6.8145962E-03  9.0622452E-03  1.9031310E-04  0.0000000E+00
  2.0799350E+02  1.8114099E-02  6.7133272E-03  8.9004968E-03  1.8472662E-04  0.0000000E+00
  2.0799350E+02  1.7946359E-02  6.6099310E-03  8.7297509E-03  1.7947748E-04  0.0000000E+00
  2.0799350E+02  1.7762270E-02  6.5066514E-03  8.5586367E-03  1.7471448E-04  0.0000000E+00
  2.0799350E+02  1.7554959E-02  6.4042464E-03  8.3919837E-03  1.7039901E-04  0.0000000E+00
  2.0799350E+02  1.7323104E-02  6.3031112E-03  8.2323066E-03  1.6642350E-04  0.0000000E+00
  2.0799350E+02  1.7067711E-02  6.2033777E-03  8.0798951E-03  1.6265832E-04  0.0000000E+00
  2.0799350E+02  1.6789975E-02  6.1049368E-03  7.9330492E-03  1.5898220E-04  0.0000000E+00
  2.0799350E+02  1.6492688E-02  6.0082577E-03  7.7896874E-03  1.5532884E-04  0.0000000E+00
  2.0799350E+02  1.6177298E-02  5.9133691E-03  7.6463760E-03  1.5165421E-04  0.0000000E+00
  2.0799350E+02  1.5846305E-02  5.8205406E-03  7.4999956E-03  1.4795913E-04  0.0000000E+00
  2.0799350E+02  1.5502651E-02  5.7298537E-03  7.3477705E-03  1.4426476E-04  0.0000000E+00
  2.0799350E+02  1.5152471E-02  5.6417023E-03  7.1888866E-03  1.4062355E-04  0.0000000E+00
  2.0799350E+02  1.4801073E-02  5.5556196E-03  7.0232718E-03  1.3706248E-04  0.0000000E+00
  2.0799350E+02  1.4454224E-02  5.4706934E-03  6.8529612E-03  1.3359457E-04  0.0000000E+00
  2.0799350E+02  1.4115198E-02  5.3851249E-03  6.6819515E-03  1.3020214E-04  0.0000000E+00
  2.0799350E+02  1.3783491E-02  5.2977204E-03  6.5160686E-03  1.2682677E-04  0.0000000E+00
  2.0799350E+02  1.3461196E-02  5.2110346E-03  6.3573292E-03  1.2347473E-04  0.0000000E+00
  2.0799350E+02  1.3148958E-02  5.1220464E-03  6.2046039E-03  1.2010650E-04  0.0000000E+00
  2.0799350E+02  1.2853582E-02  5.0319608E-03  6.0610208E-03  1.1668047E-04  0.0000000E+00
  2.0799350E+02  1.2576980E-02  4.9412249E-03  5.9293011E-03  1.1318261E-04  0.0000000E+00
  2.0799350E+02  1.2319346E-02  4.8505551E-03  5.8115389E-03  1.0964149E-04  0.0000000E+00
  2.0799350E+02  1.2077228E-02  4.7601858E-03  5.7073114E-03  1.0608207E-04  0.0000000E+00
  2.0799350E+02  1.1846418E-02  4.6706247E-03  5.6147171E-03  1.0254386E-04  0.0000000E+00
  2.0799350E+02  1.1621765E-02  4.5823430E-03  5.5304283E-03  9.9062847E-05  0.0000000E+00
  2.0799350E+02  1.1399359E-02  4.4963487E-03  5.4509606E-03  9.5691730E-05  0.0000000E+00
  2.0799350E+02  1.1174586E-02  4.4131342E-03  5.3725434E-03  9.2458199E-05  0.0000000E+00
  2.0799350E+02  1.0944097E-02  4.3332012E-03  5.2924376E-03  8.9386412E-05  0.0000000E+00
  2.0799350E+02  1.0705666E-02  4.2568010E-03  5.2092730E-03  8.6486957E-05  0.0000000E+00
  2.0799350E+02  1.0457925E-02  4.1837472E-03  5.1230290E-03  8.3748077E-05  0.0000000E+00
  2.0799350E+02  1.0202290E-02  4.1139411E-03  5.0352924E-03  8.1150423E-05  0.0000000E+00
  2.0799350E+02  9.9403707E-03  4.0466885E-03  4.9473018E-03  7.8632160E-05  0.0000000E+00
  2.0799350E+02  9.6757915E-03  3.9814542E-03  4.8587393E-03  7.6102242E-05  0.0000000E+00
  2.0799350E+02  9.4119677E-03  3.9177223E-03  4.7672822E-03  7.3501393E-05  0.0000000E+00
  2.0799350E+02  9.1482747E-03  3.8556570E-03  4.6718560E-03  7.0887453E-05  0.0000000E+00
  2.0799350E+02  8.8897962E-03  3.7947801E-03  4.5690385E-03  6.8282509E-05  0.0000000E+00
  2.0799350E+02  8.6385646E-03  3.7354614E-03  4.4590505E-03  6.5789649E-05  0.0000000E+00
  2.0799350E+02  8.3938272E-03  3.6787781E-03  4.3426687E-03  6.3465255E-05  0.0000000E+00
  2.0799350E+02  8.1536358E-03  3.6257258E-03  4.2213878E-03  6.1326008E-05  0.0000000E+00
  2.0799350E+02  7.9177487E-03  3.5771821E-03  4.0983275E-03  5.9374011E-05  0.0000000E+00
  2.0799350E+02  7.6855636E-03  3.5331588E-03  3.9766734E-03  5.7583101E-05  0.0000000E+00
  2.0799350E+02  7.4578586E-03  3.4932021E-03  3.8601180E-03  5.5922848E-05  0.0000000E+00
  2.0799350E+02  7.2356311E-03  3.4563712E-03  3.7519417E-03  5.4358781E-05  0.0000000E+00
  2.0799350E+02  7.0211706E-03  3.4217172E-03  3.6552481E-03  5.2868864E-05  0.0000000E+00
  2.0799350E+02  6.8151297E-03  3.3881378E-03  3.5713484E-03  5.1430342E-05  0.0000000E+00
  2.0799350E+02  6.6177492E-03  3.3548684E-03  3.5002882E-03  5.0032638E-05  0.0000000E+00
  2.0799350E+02  4.0168929E-12  1.1020215E-12  2.3146713E-12  2.7438950E-04  0.0000000E+00
  2.0799350E+02  8.7914644E-04  7.3897151E-05  7.3991581E-04  2.7305950E-04  0.0000000E+00
  2.0799350E+02  3.1381064E-03  2.7403372E-04  1.8637516E-03  2.8191751E-04  0.0000000E+00
  2.0799350E+02  7.7258186E-03  6.1652676E-04  2.9302128E-03  3.0201302E-04  0.0000000E+00
  2.0799350E+02  1.5587217E-02  1.0856742E-03  4.0047381E-03  3.3173409E-04  0.0000000E+00
  2.0799350E+02  2.5727099E-02  1.6175953E-03  5.2707910E-03  3.6597799E-04  0.0000000E+00
  2.0799350E+02  3.5142145E-02  2.1438585E-03  6.8449953E-03  3.9821054E-04  0.0000000E+00
  2.0799350E+02  4.1103260E-02  2.6354773E-03  8.6793764E-03  4.2372839E-04  0.0000000E+00
  2.0799350E+02  4.2899226E-02  3.1151290E-03  1.0562303E-02  4.4006347E-04  0.0000000E+00
  2.0799350E+02  4.1602618E-02  3.6392962E-03  1.2259141E-02  4.4764316E-04  0.0000000E+00
  2.0799350E+02  3.8780830E-02  4.2522706E-03  1.3579164E-02  4.4847068E-04  0.0000000E+00
  2.0799350E+02  3.5666284E-02  4.9591867E-03  1.4462986E-02  4.4548449E-04  0.0000000E+00
  2.0799350E+02  3.2949254E-02  5.7314446E-03  1.4974565E-02  4.4132652E-04  0.0000000E+00
  2.0799350E+02  3.0854588E-02  6.5273092E-03  1.5225779E-02  4.3737691E-04  0.0000000E+00
  2.0799350E+02  2.9352129E-02  7.3100337E-03  1.5314619E-02  4.3381359E-04  0.0000000E+00
  2.0799350E+02  2.8346991E-02  8.0504685E-03  1.5336080E-02  4.3102262E-04  0.0000000E+00
  2.0799350E+02  2.7736062E-02  8.7299838E-03  1.5324766E-02  4.2880637E-04  0.0000000E+00
  2.0799350E+02  2.7415963E-02  9.3330419E-03  1.5255760E-02  4.2824937E-04  0.0000000E+00
  2.0799350E+02  2.7313393E-02  9.8442290E-03  1.5151709E-02  4.2882308E-04  0.0000000E+00
  2.0799350E+02  2.7367575E-02  1.0253583E-02  1.5055464E-02  4.2928331E-04  0.0000000E+00
  2.0799350E+02  2.7519407E-02  1.0560606E-02  1.4996896E-02  4.2867589E-04  0.0000000E+00
  2.0799350E+02  2.7715128E-02  1.0773308E-02  1.4981735E-02  4.2670654E-04  0.0000000E+00
  2.0799350E+02  2.7915707E-02  1.0904245E-02  1.4995004E-02  4.2366856E-04  0.0000000E+00
  2.0799350E+02  2.8103142E-02  1.0965515E-02  1.5011579E-02  4.2012188E-04  0.0000000E+00
  2.0799350E+02  2.8274857E-02  1.0964680E-02  1.5006435E-02  4.1651709E-04  0.0000000E+00
  2.0799350E+02  2.8417383E-02  1.0903568E-02  1.4957137E-02  4.1295812E-04  0.0000000E+00
  2.0799350E+02  2.8513454E-02  1.0797370E-02  1.4854542E-02  4.0937177E-04  0.0000000E+00
  2.0799350E+02  2.8553264E-02  1.0663869E-02  1.4707648E-02  4.0591179E-04  0.0000000E+00
  2.0799350E+02  2.8524849E-02  1.0519359E-02  1.4536891E-02  4.0214225E-04  0.0000000E+00
  2.0799350E+02  2.8429467E-02  1.0371161E-02  1.4358532E-02  3.9762618E-04  0.0000000E+00
  2.0799350E+02  2.8263066E-02  1.0218890E-02  1.4180214E-02  3.9214152E-04  0.0000000E+00
  2.0799350E+02  2.8019535E-02  1.0060692E-02  1.4004244E-02  3.8570798E-04  0.0000000E+00
  2.0799350E+02  2.7695450E-02  9.8961152E-03  1.3829484E-02  3.7852407E-04  0.0000000E+00
  2.0799350E+02  2.7294733E-02  9.7265866E-03  1.3652422E-02  3.7085383E-04  0.0000000E+00
  2.0799350E+02  2.6831660E-02  9.5544525E-03  1.3468005E-02  3.6290235E-04  0.0000000E+00
  2.0799350E+02  2.6330630E-02  9.3815661E-03  1.3270805E-02  3.5471969E-04  0.0000000E+00
  2.0799350E+02  2.5821120E-02  9.2083842E-03  1.3057100E-02  3.4617229E-04  0.0000000E+00
  2.0799350E+02  2.5326250E-02  9.0345469E-03  1.2828435E-02  3.3702150E-04  0.0000000E+00
  2.0799350E+02  2.4843375E-02  8.8619089E-03  1.2597248E-02  3.2714826E-04  0.0000000E+00
  2.0799350E+02  2.4362334E-02  8.6971532E-03  1.2389919E-02  3.1724325E-04  0.0000000E+00
  2.0799350E+02  2.3857403E-02  8.5375132E-03  1.2163594E-02  3.0740415E-04  0.0000000E+00
  2.0799350E+02  2.3334128E-02  8.3844264E-03  1.1917683E-02  2.9757873E-04  0.0000000E+00
  2.0799350E+02  2.2825359E-02  8.2411349E-03  1.1671366E-02  2.8804791E-04  0.0000000E+00
  2.0799350E+02  2.2349382E-02  8.1098834E-03  1.1439465E-02  2.7896848E-04  0.0000000E+00
  2.0799350E+02  2.1915062E-02  7.9908279E-03  1.1230330E-02  2.7041184E-04  0.0000000E+00
  2.0799350E+02  2.1524968E-02  7.8820051E-03  1.1045558E-02  2.6239401E-04  0.0000000E+00
  2.0799350E+02  2.1177044E-02  7.7800312E-03  1.0881073E-02  2.5489820E-04  0.0000000E+00
  2.0799350E+02  2.0865384E-02  7.6811955E-03  1.0729117E-02  2.4789096E-04  0.0000000E+00
  2.0799350E+02  2.0580649E-02  7.5826160E-03  1.0580687E-02  2.4133340E-04  0.0000000E+00
  2.0799350E+02  2.0310697E-02  7.4831245E-03  1.0427958E-02  2.3518837E-04  0.0000000E+00
  2.0799350E+02  2.0041959E-02  7.3835482E-03  1.0266242E-02  2.2942513E-04  0.0000000E+00
  2.0799350E+02  1.9762140E-02  7.2860537E-03  1.0095011E-02  2.2402247E-04  0.0000000E+00
  2.0799350E+02  1.9464776E-02  7.1922217E-03  9.9175319E-03  2.1897166E-04  0.0000000E+00
  2.0799350E+02  1.9156215E-02  7.0995178E-03  9.7386586E-03  2.1428032E-04  0.0000000E+00
  2.0799350E+02  1.8865766E-02  7.0045950E-03  9.5637887E-03  2.0944183E-04  0.0000000E+00
  2.0799350E+02  1.8600055E-02  6.9087477E-03  9.3785886E-03  2.0436145E-04  0.0000000E+00
  2.0799350E+02  1.8364550E-02  6.8102600E-03  9.1972959E-03  1.9914607E-04  0.0000000E+00
  2.0799350E+02  1.8157837E-02  6.7102676E-03  9.0268006E-03  1.9372083E-04  0.0000000E+00
  2.0799350E+02  1.7969358E-02  6.6091721E-03  8.8634460E-03  1.8820366E-04  0.0000000E+00
  2.0799350E+02  1.7785426E-02  6.5073630E-03  8.7008555E-03  1.8277748E-04  0.0000000E+00
  2.0799350E+02  1.7593264E-02  6.4055260E-03  8.5344471E-03  1.7760726E-04  0.0000000E+00
  2.0799350E+02  1.7383392E-02  6.3046424E-03  8.3632937E-03  1.7279463E-04  0.0000000E+00
  2.0799350E+02  1.7150633E-02  6.2057818E-03  8.1899882E-03  1.6836262E-04  0.0000000E+00
  2.0799350E+02  1.6894028E-02  6.1097923E-03  8.0191703E-03  1.6426306E-04  0.0000000E+00
  2.0799350E+02  1.6615965E-02  6.0169910E-03  7.8553753E-03  1.6039925E-04  0.0000000E+00
  2.0799350E+02  1.6320792E-02  5.9269583E-03  7.7008611E-03  1.5665649E-04  0.0000000E+00
  2.0799350E+02  1.6013221E-02  5.8385391E-03  7.5540728E-03  1.5293302E-04  0.0000000E+00
  2.0799350E+02  1.5696805E-02  5.7501543E-03  7.4094037E-03  1.4916399E-04  0.0000000E+00
  2.0799350E+02  1.5372778E-02  5.6605264E-03  7.2589095E-03  1.4533102E-04  0.0000000E+00
  2.0799350E+02  1.5039554E-02  5.5699219E-03  7.0966356E-03  1.4144990E-04  0.0000000E+00
  2.0799350E+02  1.4697320E-02  5.4807245E-03  6.9294662E-03  1.3765090E-04  0.0000000E+00
  2.0799350E+02  1.4355742E-02  5.3924784E-03  6.7611399E-03  1.3404660E-04  0.0000000E+00
  2.0799350E+02  1.4012081E-02  5.3069700E-03  6.5871055E-03  1.3042619E-04  0.0000000E+00
  2.0799350E+02  1.3672447E-02  5.2233716E-03  6.4161182E-03  1.2687096E-04  0.0000000E+00
  2.0799350E+02  1.3342136E-02  5.1405257E-03  6.2533208E-03  1.2337634E-04  0.0000000E+00
  2.0799350E+02  1.3025311E-02  5.0572928E-03  6.1016721E-03  1.1989971E-04  0.0000000E+00
  2.0799350E+02  1.2724785E-02  4.9727881E-03  5.9628037E-03  1.1639366E-04  0.0000000E+00
  2.0799350E+02  1.2441887E-02  4.8865213E-03  5.8374356E-03  1.1282662E-04  0.0000000E+00
  2.0799350E+02  1.2176429E-02  4.7984525E-03  5.7254782E-03  1.0919305E-04  0.0000000E+00
  2.0799350E+02  1.1926757E-02  4.7089793E-03  5.6259513E-03  1.0551519E-04  0.0000000E+00
  2.0799350E+02  1.1689911E-02  4.6188675E-03  5.5368492E-03  1.0183832E-04  0.0000000E+00
  2.0799350E+02  1.1461859E-02  4.5291396E-03  5.4550809E-03  9.8221835E-05  0.0000000E+00
  2.0799350E+02  1.1237850E-02  4.4409355E-03  5.3766148E-03  9.4727815E-05  0.0000000E+00
  2.0799350E+02  1.1012847E-02  4.3553584E-03  5.2969575E-03  9.1409515E-05  0.0000000E+00
  2.0799350E+02  1.0782064E-02  4.2733198E-03  5.2120960E-03  8.8301552E-05  0.0000000E+00
  2.0799350E+02  1.0541601E-02  4.1953977E-03  5.1200318E-03  8.5413979E-05  0.0000000E+00
  2.0799350E+02  1.0289180E-02  4.1217215E-03  5.0230377E-03  8.2732242E-05  0.0000000E+00
  2.0799350E+02  1.0027256E-02  4.0513258E-03  4.9283801E-03  8.0150065E-05  0.0000000E+00
  2.0799350E+02  9.7580941E-03  3.9841268E-03  4.8352256E-03  7.7590310E-05  0.0000000E+00
  2.0799350E+02  9.4798320E-03  3.9194311E-03  4.7414933E-03  7.5025763E-05  0.0000000E+00
  2.0799350E+02  9.1970114E-03  3.8561912E-03  4.6447088E-03  7.2403636E-05  0.0000000E+00
  2.0799350E+02  8.9147567E-03  3.7944458E-03  4.5432279E-03  6.9762776E-05  0.0000000E+00
  2.0799350E+02  8.6375477E-03  3.7347761E-03  4.4363715E-03  6.7177028E-05  0.0000000E+00
  2.0799350E+02  8.3685780E-03  3.6779118E-03  4.3244508E-03  6.4718070E-05  0.0000000E+00
  2.0799350E+02  8.1095802E-03  3.6244681E-03  4.2086974E-03  6.2434515E-05  0.0000000E+00
  2.0799350E+02  7.8609991E-03  3.5747930E-03  4.0911153E-03  6.0344077E-05  0.0000000E+00
  2.0799350E+02  7.6223947E-03  3.5289087E-03  3.9742677E-03  5.8435603E-05  0.0000000E+00
  2.0799350E+02  7.3929553E-03  3.4865250E-03  3.8610176E-03  5.6677771E-05  0.0000000E+00
  2.0799350E+02  7.1720025E-03  3.4471079E-03  3.7542336E-03  5.5031248E-05  0.0000000E+00
  2.0799350E+02  6.9593699E-03  3.4099832E-03  3.6564804E-03  5.3461108E-05  0.0000000E+00
  2.0799350E+02  1.1546061E-11  7.4274186E-13  4.2018095E-12  3.4842288E-04  0.0000000E+00
  2.0799350E+02  1.0789005E-03  1.1144615E-04  6.7753325E-04  3.4421810E-04  0.0000000E+00
  2.0799350E+02  2.4119423E-03  3.6883711E-04  1.5902317E-03  3.5611387E-04  0.0000000E+00
  2.0799350E+02  3.8317070E-03  7.5890827E-04  2.2874214E-03  3.8665956E-04  0.0000000E+00
  2.0799350E+02  6.0797161E-03  1.2887099E-03  2.8662380E-03  4.3514794E-04  0.0000000E+00
  2.0799350E+02  9.8662621E-03  1.9432193E-03  3.4835303E-03  4.9773441E-04  0.0000000E+00
  2.0799350E+02  1.5604554E-02  2.6584435E-03  4.2347865E-03  5.6938243E-04  0.0000000E+00
  2.0799350E+02  2.3225228E-02  3.3549668E-03  5.1095664E-03  6.4381422E-04  0.0000000E+00
  2.0799350E+02  3.1986100E-02  3.9732310E-03  6.1040940E-03  7.1093092E-04  0.0000000E+00
  2.0799350E+02  4.0517199E-02  4.4721842E-03  7.2705204E-03  7.5995658E-04  0.0000000E+00
  2.0799350E+02  4.7496022E-02  4.8179479E-03  8.5925950E-03  7.8462053E-04  0.0000000E+00
  2.0799350E+02  5.1991889E-02  5.0365280E-03  1.0006301E-02  7.8420840E-04  0.0000000E+00
  2.0799350E+02  5.3606185E-02  5.2017737E-03  1.1414803E-02  7.6291645E-04  0.0000000E+00
  2.0799350E+02  5.2507656E-02  5.3866018E-03  1.2702094E-02  7.2795195E-04  0.0000000E+00
  2.0799350E+02  4.9391222E-02  5.6265107E-03  1.3752408E-02  6.8642940E-04  0.0000000E+00
  2.0799350E+02  4.5397430E-02  5.9410313E-03  1.4514423E-02  6.4277549E-04  0.0000000E+00
  2.0799350E+02  4.1212020E-02  6.3361380E-03  1.4974316E-02  5.9996274E-04  0.0000000E+00
  2.0799350E+02  3.7422381E-02  6.7965551E-03  1.5200532E-02  5.6022459E-04  0.0000000E+00
  2.0799350E+02  3.4316971E-02  7.2947204E-03  1.5261598E-02  5.2575723E-04  0.0000000E+00
  2.0799350E+02  3.1919796E-02  7.8020784E-03  1.5203934E-02  4.9725452E-04  0.0000000E+00
  2.0799350E+02  3.0154721E-02  8.2963204E-03  1.5069557E-02  4.7466513E-04  0.0000000E+00
  2.0799350E+02  2.8924618E-02  8.7627570E-03  1.4900155E-02  4.5750653E-04  0.0000000E+00
  2.0799350E+02  2.8133335E-02  9.1920287E-03  1.4732873E-02  4.4493416E-04  0.0000000E+00
  2.0799350E+02  2.7678541E-02  9.5763564E-03  1.4593163E-02  4.3576412E-04  0.0000000E+00
  2.0799350E+02  2.7443470E-02  9.9065362E-03  1.4490045E-02  4.2864777E-04  0.0000000E+00
  2.0799350E+02  2.7315419E-02  1.0172274E-02  1.4419038E-02  4.2258712E-04  0.0000000E+00
  2.0799350E+02  2.7259849E-02  1.0368279E-02  1.4392499E-02  4.1705457E-04  0.0000000E+00
  2.0799350E+02  2.7240211E-02  1.0494699E-02  1.4369498E-02  4.1203161E-04  0.0000000E+00
  2.0799350E+02  2.7249648E-02  1.0559324E-02  1.4344670E-02  4.0730650E-04  0.0000000E+00
  2.0799350E+02  2.7300766E-02  1.0571552E-02  1.4305614E-02  4.0270598E-04  0.0000000E+00
  2.0799350E+02  2.7389893E-02  1.0540308E-02  1.4235598E-02  3.9829259E-04  0.0000000E+00
  2.0799350E+02  2.7491822E-02  1.0474197E-02  1.4127390E-02  3.9418576E-04  0.0000000E+00
  2.0799350E+02  2.7566962E-02  1.0381236E-02  1.3986804E-02  3.9043288E-04  0.0000000E+00
  2.0799350E+02  2.7575228E-02  1.0268380E-02  1.3829170E-02  3.8693362E-04  0.0000000E+00
  2.0799350E+02  2.7490995E-02  1.0141005E-02  1.3671930E-02  3.8342077E-04  0.0000000E+00
  2.0799350E+02  2.7313445E-02  1.0002568E-02  1.3526580E-02  3.7950067E-04  0.0000000E+00
  2.0799350E+02  2.7066641E-02  9.8546076E-03  1.3393164E-02  3.7475666E-04  0.0000000E+00
  2.0799350E+02  2.6783640E-02  9.6972932E-03  1.3260523E-02  3.6891853E-04  0.0000000E+00
  2.0799350E+02  2.6468989E-02  9.5307028E-03  1.3115515E-02  3.6210137E-04  0.0000000E+00
  2.0799350E+02  2.6075425E-02  9.3546084E-03  1.2965471E-02  3.5496863E-04  0.0000000E+00
  2.0799350E+02  2.5618289E-02  9.1780919E-03  1.2805590E-02  3.4772227E-04  0.0000000E+00
  2.0799350E+02  2.5147502E-02  8.9999567E-03  1.2630374E-02  3.3987370E-04  0.0000000E+00
  2.0799350E+02  2.4680715E-02  8.8196609E-03  1.2440989E-02  3.3131733E-04  0.0000000E+00
  2.0799350E+02  2.4212230E-02  8.6405170E-03  1.2238657E-02  3.2220951E-04  0.0000000E+00
  2.0799350E+02  2.3735204E-02  8.4669549E-03  1.2026013E-02  3.1278016E-04  0.0000000E+00
  2.0799350E+02  2.3251930E-02  8.3028350E-03  1.1807487E-02  3.0323395E-04  0.0000000E+00
  2.0799350E+02  2.2775174E-02  8.1506054E-03  1.1588952E-02  2.9371850E-04  0.0000000E+00
  2.0799350E+02  2.2323521E-02  8.0111012E-03  1.1376854E-02  2.8433746E-04  0.0000000E+00
  2.0799350E+02  2.1913713E-02  7.8837785E-03  1.1177052E-02  2.7518604E-04  0.0000000E+00
  2.0799350E+02  2.1552927E-02  7.7671821E-03  1.0993613E-02  2.6638676E-04  0.0000000E+00
  2.0799350E+02  2.1233976E-02  7.6594392E-03  1.0827768E-02  2.5810309E-04  0.0000000E+00
  2.0799350E+02  2.0936384E-02  7.5585775E-03  1.0677282E-02  2.5050858E-04  0.0000000E+00
  2.0799350E+02  2.0636314E-02  7.4624616E-03  1.0536441E-02  2.4368931E-04  0.0000000E+00
  2.0799350E+02  2.0328304E-02  7.3681442E-03  1.0396912E-02  2.3745726E-04  0.0000000E+00
  2.0799350E+02  2.0043732E-02  7.2719496E-03  1.0254213E-02  2.3146778E-04  0.0000000E+00
  2.0799350E+02  1.9762557E-02  7.1763428E-03  1.0090264E-02  2.2579379E-04  0.0000000E+00
  2.0799350E+02  1.9461132E-02  7.0798569E-03  9.9001932E-03  2.2038599E-04  0.0000000E+00
  2.0799350E+02  1.9144110E-02  6.9813851E-03  9.6943955E-03  2.1517029E-04  0.0000000E+00
  2.0799350E+02  1.8827994E-02  6.8807601E-03  9.4846862E-03  2.1000115E-04  0.0000000E+00
  2.0799350E+02  1.8528950E-02  6.7782999E-03  9.2803894E-03  2.0476015E-04  0.0000000E+00
  2.0799350E+02  1.8256240E-02  6.6745171E-03  9.0865516E-03  1.9940292E-04  0.0000000E+00
  2.0799350E+02  1.8010100E-02  6.5699597E-03  8.9038043E-03  1.9396614E-04  0.0000000E+00
  2.0799350E+02  1.7782911E-02  6.4651523E-03  8.7293968E-03  1.8854622E-04  0.0000000E+00
  2.0799350E+02  1.7562478E-02  6.3606036E-03  8.5589252E-03  1.8326156E-04  0.0000000E+00
  2.0799350E+02  1.7336268E-02  6.2568511E-03  8.3882781E-03  1.7821002E-04  0.0000000E+00
  2.0799350E+02  1.7094999E-02  6.1543360E-03  8.2150275E-03  1.7342536E-04  0.0000000E+00
  2.0799350E+02  1.6836952E-02  6.0541173E-03  8.0405666E-03  1.6889234E-04  0.0000000E+00
  2.0799350E+02  1.6565598E-02  5.9567832E-03  7.8680764E-03  1.6451144E-04  0.0000000E+00
  2.0799350E+02  1.6287563E-02  5.8630183E-03  7.7017449E-03  1.6018763E-04  0.0000000E+00
  2.0799350E+02  1.6003715E-02  5.7731699E-03  7.5423530E-03  1.5593145E-04  0.0000000E+00
  2.0799350E+02  1.5700712E-02  5.6869068E-03  7.3849346E-03  1.5195263E-04  0.0000000E+00
  2.0799350E+02  1.5389854E-02  5.6018663E-03  7.2267711E-03  1.4816801E-04  0.0000000E+00
  2.0799350E+02  1.5070195E-02  5.5164475E-03  7.0603226E-03  1.4447489E-04  0.0000000E+00
  2.0799350E+02  1.4741747E-02  5.4310479E-03  6.8894692E-03  1.4077175E-04  0.0000000E+00
  2.0799350E+02  1.4405326E-02  5.3464691E-03  6.7178211E-03  1.3703215E-04  0.0000000E+00
  2.0799350E+02  1.4063240E-02  5.2633561E-03  6.5485060E-03  1.3326719E-04  0.0000000E+00
  2.0799350E+02  1.3719357E-02  5.1818989E-03  6.3841062E-03  1.2949927E-04  0.0000000E+00
  2.0799350E+02  1.3378714E-02  5.1017463E-03  6.2266936E-03  1.2574575E-04  0.0000000E+00
  2.0799350E+02  1.3046799E-02  5.0220840E-03  6.0779184E-03  1.2201085E-04  0.0000000E+00
  2.0799350E+02  1.2728679E-02  4.9418272E-03  5.9391013E-03  1.1828457E-04  0.0000000E+00
  2.0799350E+02  1.2428104E-02  4.8598803E-03  5.8112830E-03  1.1454695E-04  0.0000000E+00
  2.0799350E+02  1.2146761E-02  4.7754135E-03  5.6951817E-03  1.1077635E-04  0.0000000E+00
  2.0799350E+02  1.1883804E-02  4.6881082E-03  5.5910125E-03  1.0696020E-04  0.0000000E+00
  2.0799350E+02  1.1635834E-02  4.5983227E-03  5.4981192E-03  1.0310676E-04  0.0000000E+00
  2.0799350E+02  1.1397467E-02  4.5071283E-03  5.4143723E-03  9.9256490E-05  0.0000000E+00
  2.0799350E+02  1.1162641E-02  4.4161686E-03  5.3352839E-03  9.5491455E-05  0.0000000E+00
  2.0799350E+02  1.0926822E-02  4.3272915E-03  5.2527930E-03  9.1941420E-05  0.0000000E+00
  2.0799350E+02  1.0691077E-02  4.2422270E-03  5.1588782E-03  8.8685322E-05  0.0000000E+00
  2.0799350E+02  1.0449584E-02  4.1623110E-03  5.0592604E-03  8.5699634E-05  0.0000000E+00
  2.0799350E+02  1.0197091E-02  4.0872948E-03  4.9569729E-03  8.2948441E-05  0.0000000E+00
  2.0799350E+02  9.9334502E-03  4.0163333E-03  4.8553235E-03  8.0283315E-05  0.0000000E+00
  2.0799350E+02  9.6588934E-03  3.9483375E-03  4.7542547E-03  7.7623640E-05  0.0000000E+00
  2.0799350E+02  9.3747374E-03  3.8824693E-03  4.6522787E-03  7.4942650E-05  0.0000000E+00
  2.0799350E+02  9.0836022E-03  3.8183729E-03  4.5477812E-03  7.2252813E-05  0.0000000E+00
  2.0799350E+02  8.7892545E-03  3.7562001E-03  4.4397944E-03  6.9591298E-05  0.0000000E+00
  2.0799350E+02  8.4961852E-03  3.6964864E-03  4.3283369E-03  6.7006252E-05  0.0000000E+00
  2.0799350E+02  8.2090295E-03  3.6399340E-03  4.2144217E-03  6.4544628E-05  0.0000000E+00
  2.0799350E+02  7.9319387E-03  3.5871577E-03  4.0998300E-03  6.2242281E-05  0.0000000E+00
  2.0799350E+02  7.6680135E-03  3.5384518E-03  3.9867502E-03  6.0117083E-05  0.0000000E+00
  2.0799350E+02  7.4189062E-03  3.4936333E-03  3.8773832E-03  5.8165771E-05  0.0000000E+00
  2.0799350E+02  3.9229712E-13  1.6865580E-14  4.2519945E-14  5.6830781E-04  0.0000000E+00
  2.0799350E+02  2.8211146E-03  1.5236427E-04  1.4869000E-03  5.6227584E-04  0.0000000E+00
  2.0799350E+02  5.5639247E-03  6.8154238E-04  3.3206850E-03  5.9776684E-04  0.0000000E+00
  2.0799350E+02  7.4863226E-03  1.5994715E-03  4.4850862E-03  6.7632943E-04  0.0000000E+00
  2.0799350E+02  9.7699751E-03  2.7563548E-03  5.2391160E-03  7.8636355E-04  0.0000000E+00
  2.0799350E+02  1.2912305E-02  4.0181242E-03  5.8651400E-03  9.1329740E-04  0.0000000E+00
  2.0799350E+02  1.6949139E-02  5.2979246E-03  6.5098545E-03  1.0454206E-03  0.0000000E+00
  2.0799350E+02  2.1784261E-02  6.4998992E-03  7.2637663E-03  1.1735647E-03  0.0000000E+00
  2.0799350E+02  2.7465111E-02  7.5297460E-03  8.1686619E-03  1.2860758E-03  0.0000000E+00
  2.0799350E+02  3.3813656E-02  8.3307581E-03  9.2139439E-03  1.3750456E-03  0.0000000E+00
  2.0799350E+02  4.0419399E-02  8.8668360E-03  1.0295153E-02  1.4336634E-03  0.0000000E+00
  2.0799350E+02  4.6719524E-02  9.1488149E-03  1.1364060E-02  1.4599323E-03  0.0000000E+00
  2.0799350E+02  5.2119507E-02  9.2221754E-03  1.2412118E-02  1.4560273E-03  0.0000000E+00
  2.0799350E+02  5.6140344E-02  9.1333725E-03  1.3381701E-02  1.4246015E-03  0.0000000E+00
  2.0799350E+02  5.8561829E-02  8.9170031E-03  1.4158882E-02  1.3680428E-03  0.0000000E+00
  2.0799350E+02  5.9533602E-02  8.6442466E-03  1.4789789E-02  1.2910248E-03  0.0000000E+00
  2.0799350E+02  5.8856317E-02  8.3787135E-03  1.5268035E-02  1.1971709E-03  0.0000000E+00
  2.0799350E+02  5.6536616E-02  8.1610039E-03  1.5647676E-02  1.0965156E-03  0.0000000E+00
  2.0799350E+02  5.3134036E-02  8.0148170E-03  1.5925348E-02  9.9574737E-04  0.0000000E+00
  2.0799350E+02  4.9263188E-02  7.9462393E-03  1.6055524E-02  9.0057172E-04  0.0000000E+00
  2.0799350E+02  4.5403197E-02  7.9571482E-03  1.6030918E-02  8.1485530E-04  0.0000000E+00
  2.0799350E+02  4.1816130E-02  8.0482316E-03  1.5891872E-02  7.4001489E-04  0.0000000E+00
  2.0799350E+02  3.8621153E-02  8.2157148E-03  1.5696932E-02  6.7641600E-04  0.0000000E+00
  2.0799350E+02  3.5844227E-02  8.4466103E-03  1.5484595E-02  6.2350155E-04  0.0000000E+00
  2.0799350E+02  3.3492489E-02  8.7170241E-03  1.5257582E-02  5.8043586E-04  0.0000000E+00
  2.0799350E+02  3.1566922E-02  8.9973634E-03  1.5021413E-02  5.4600863E-04  0.0000000E+00
  2.0799350E+02  3.0038094E-02  9.2689575E-03  1.4827367E-02  5.1742840E-04  0.0000000E+00
  2.0799350E+02  2.8889054E-02  9.5143181E-03  1.4625268E-02  4.9340845E-04  0.0000000E+00
  2.0799350E+02  2.8072583E-02  9.7252032E-03  1.4436509E-02  4.7339595E-04  0.0000000E+00
  2.0799350E+02  2.7513978E-02  9.9002365E-03  1.4280713E-02  4.5678274E-04  0.0000000E+00
  2.0799350E+02  2.7139073E-02  1.0038707E-02  1.4163645E-02  4.4301666E-04  0.0000000E+00
  2.0799350E+02  2.6896189E-02  1.0139390E-02  1.4076329E-02  4.3149178E-04  0.0000000E+00
  2.0799350E+02  2.6761075E-02  1.0199357E-02  1.4000644E-02  4.2171756E-04  0.0000000E+00
  2.0799350E+02  2.6721487E-02  1.0216502E-02  1.3915515E-02  4.1328113E-04  0.0000000E+00
  2.0799350E+02  2.6759868E-02  1.0191238E-02  1.3804712E-02  4.0592358E-04  0.0000000E+00
  2.0799350E+02  2.6838584E-02  1.0128100E-02  1.3663161E-02  3.9956316E-04  0.0000000E+00
  2.0799350E+02  2.6898112E-02  1.0035328E-02  1.3498409E-02  3.9419911E-04  0.0000000E+00
  2.0799350E+02  2.6874604E-02  9.9232693E-03  1.3328922E-02  3.8982013E-04  0.0000000E+00
  2.0799350E+02  2.6748654E-02  9.7985423E-03  1.3172382E-02  3.8607390E-04  0.0000000E+00
  2.0799350E+02  2.6607536E-02  9.6670112E-03  1.3043790E-02  3.8183454E-04  0.0000000E+00
  2.0799350E+02  2.6408783E-02  9.5259667E-03  1.2913470E-02  3.7655416E-04  0.0000000E+00
  2.0799350E+02  2.6116562E-02  9.3780051E-03  1.2782122E-02  3.7061228E-04  0.0000000E+00
  2.0799350E+02  2.5750505E-02  9.2275965E-03  1.2655649E-02  3.6408293E-04  0.0000000E+00
  2.0799350E+02  2.5339300E-02  9.0735149E-03  1.2527266E-02  3.5692119E-04  0.0000000E+00
  2.0799350E+02  2.4908054E-02  8.9143213E-03  1.2388313E-02  3.4910218E-04  0.0000000E+00
  2.0799350E+02  2.4473155E-02  8.7511125E-03  1.2234072E-02  3.4069234E-04  0.0000000E+00
  2.0799350E+02  2.4038863E-02  8.5867922E-03  1.2064359E-02  3.3179463E-04  0.0000000E+00
  2.0799350E+02  2.3604768E-02  8.4266589E-03  1.1884030E-02  3.2259979E-04  0.0000000E+00
  2.0799350E+02  2.3167916E-02  8.2755192E-03  1.1699419E-02  3.1328155E-04  0.0000000E+00
  2.0799350E+02  2.2728795E-02  8.1360890E-03  1.1515684E-02  3.0396349E-04  0.0000000E+00
  2.0799350E+02  2.2295811E-02  8.0079433E-03  1.1335047E-02  2.9470969E-04  0.0000000E+00
  2.0799350E+02  2.1883002E-02  7.8867203E-03  1.1155571E-02  2.8547951E-04  0.0000000E+00
  2.0799350E+02  2.1510113E-02  7.7673956E-03  1.0976139E-02  2.7629667E-04  0.0000000E+00
  2.0799350E+02  2.1188793E-02  7.6480679E-03  1.0802808E-02  2.6734352E-04  0.0000000E+00
  2.0799350E+02  2.0909969E-02  7.5353066E-03  1.0656899E-02  2.5891078E-04  0.0000000E+00
  2.0799350E+02  2.0635997E-02  7.4284302E-03  1.0512805E-02  2.5140243E-04  0.0000000E+00
  2.0799350E+02  2.0367116E-02  7.3257303E-03  1.0364667E-02  2.4446945E-04  0.0000000E+00
  2.0799350E+02  2.0100652E-02  7.2260686E-03  1.0210766E-02  2.3780669E-04  0.0000000E+00
  2.0799350E+02  1.9826829E-02  7.1278197E-03  1.0046183E-02  2.3132389E-04  0.0000000E+00
  2.0799350E+02  1.9537891E-02  7.0295560E-03  9.8673792E-03  2.2502243E-04  0.0000000E+00
  2.0799350E+02  1.9232664E-02  6.9304611E-03  9.6745335E-03  2.1892515E-04  0.0000000E+00
  2.0799350E+02  1.8914966E-02  6.8297145E-03  9.4704329E-03  2.1300039E-04  0.0000000E+00
  2.0799350E+02  1.8594659E-02  6.7273935E-03  9.2613476E-03  2.0722008E-04  0.0000000E+00
  2.0799350E+02  1.8282201E-02  6.6236480E-03  9.0539698E-03  2.0153675E-04  0.0000000E+00
  2.0799350E+02  1.7985354E-02  6.5186799E-03  8.8537266E-03  1.9592106E-04  0.0000000E+00
  2.0799350E+02  1.7706547E-02  6.4127766E-03  8.6634254E-03  1.9039541E-04  0.0000000E+00
  2.0799350E+02  1.7439766E-02  6.3055613E-03  8.4812107E-03  1.8500730E-04  0.0000000E+00
  2.0799350E+02  1.7174878E-02  6.1971704E-03  8.3030680E-03  1.7986854E-04  0.0000000E+00
  2.0799350E+02  1.6901210E-02  6.0878886E-03  8.1240777E-03  1.7506402E-04  0.0000000E+00
  2.0799350E+02  1.6618489E-02  5.9789452E-03  7.9437490E-03  1.7055690E-04  0.0000000E+00
  2.0799350E+02  1.6355057E-02  5.8724564E-03  7.7704793E-03  1.6605292E-04  0.0000000E+00
  2.0799350E+02  1.6081572E-02  5.7701886E-03  7.6019261E-03  1.6156607E-04  0.0000000E+00
  2.0799350E+02  1.5778342E-02  5.6738360E-03  7.4348131E-03  1.5720896E-04  0.0000000E+00
  2.0799350E+02  1.5461768E-02  5.5815852E-03  7.2639844E-03  1.5297028E-04  0.0000000E+00
  2.0799350E+02  1.5140172E-02  5.4926280E-03  7.0887804E-03  1.4885776E-04  0.0000000E+00
  2.0799350E+02  1.4817118E-02  5.4068329E-03  6.9115685E-03  1.4488177E-04  0.0000000E+00
  2.0799350E+02  1.4491599E-02  5.3238190E-03  6.7351406E-03  1.4101721E-04  0.0000000E+00
  2.0799350E+02  1.4163176E-02  5.2435566E-03  6.5634117E-03  1.3724044E-04  0.0000000E+00
  2.0799350E+02  1.3831258E-02  5.1656301E-03  6.3994633E-03  1.3350643E-04  0.0000000E+00
  2.0799350E+02  1.3496609E-02  5.0893114E-03  6.2453568E-03  1.2976376E-04  0.0000000E+00
  2.0799350E+02  1.3162381E-02  5.0136976E-03  6.1021557E-03  1.2597158E-04  0.0000000E+00
  2.0799350E+02  1.2831847E-02  4.9372953E-03  5.9690350E-03  1.2208463E-04  0.0000000E+00
  2.0799350E+02  1.2511212E-02  4.8589302E-03  5.8449910E-03  1.1809922E-04  0.0000000E+00
  2.0799350E+02  1.2206290E-02  4.7774639E-03  5.7283624E-03  1.1403176E-04  0.0000000E+00
  2.0799350E+02  1.1921430E-02  4.6921955E-03  5.6177665E-03  1.0992182E-04  0.0000000E+00
  2.0799350E+02  1.1657737E-02  4.6033379E-03  5.5131330E-03  1.0582664E-04  0.0000000E+00
  2.0799350E+02  1.1408585E-02  4.5117850E-03  5.4160338E-03  1.0177029E-04  0.0000000E+00
  2.0799350E+02  1.1163093E-02  4.4203343E-03  5.3313377E-03  9.7787053E-05  0.0000000E+00
  2.0799350E+02  1.0920971E-02  4.3294143E-03  5.2431452E-03  9.3932734E-05  0.0000000E+00
  2.0799350E+02  1.0678857E-02  4.2415834E-03  5.1466588E-03  9.0334336E-05  0.0000000E+00
  2.0799350E+02  1.0434466E-02  4.1587436E-03  5.0452925E-03  8.7046692E-05  0.0000000E+00
  2.0799350E+02  1.0183673E-02  4.0807160E-03  4.9408307E-03  8.4005402E-05  0.0000000E+00
  2.0799350E+02  9.9240978E-03  4.0069480E-03  4.8345701E-03  8.1127281E-05  0.0000000E+00
  2.0799350E+02  9.6541957E-03  3.9365620E-03  4.7268670E-03  7.8331361E-05  0.0000000E+00
  2.0799350E+02  9.3739785E-03  3.8688779E-03  4.6175859E-03  7.5567768E-05  0.0000000E+00
  2.0799350E+02  9.0855136E-03  3.8037054E-03  4.5065998E-03  7.2829308E-05  0.0000000E+00
  2.0799350E+02  8.7907548E-03  3.7409417E-03  4.3933540E-03  7.0128293E-05  0.0000000E+00
  2.0799350E+02  8.4940373E-03  3.6811335E-03  4.2782458E-03  6.7511273E-05  0.0000000E+00
  2.0799350E+02  8.1996707E-03  3.6248664E-03  4.1620854E-03  6.5024353E-05  0.0000000E+00
  2.0799350E+02  7.9118923E-03  3.5726581E-03  4.0463705E-03  6.2701876E-05  0.0000000E+00
  2.0799350E+02  0.0000000E+00  0.0000000E+00  0.0000000E+00  9.1175114E-04  0.0000000E+00
  2.0799350E+02  4.5657310E-03  1.3142405E-04  4.8835659E-03  9.0234487E-04  0.0000000E+00
  2.0799350E+02  9.0135406E-03  1.0560604E-03  1.0175064E-02  9.5223492E-04  0.0000000E+00
  2.0799350E+02  1.2883249E-02  2.8073538E-03  1.2499524E-02  1.0574720E-03  0.0000000E+00
  2.0799350E+02  1.7009783E-02  4.9139993E-03  1.3137104E-02  1.1924041E-03  0.0000000E+00
  2.0799350E+02  2.1349628E-02  6.9829780E-03  1.3291771E-02  1.3284227E-03  0.0000000E+00
  2.0799350E+02  2.5831217E-02  8.8138957E-03  1.3566531E-02  1.4512642E-03  0.0000000E+00
  2.0799350E+02  3.0319059E-02  1.0352900E-02  1.4159631E-02  1.5598881E-03  0.0000000E+00
  2.0799350E+02  3.4881094E-02  1.1611101E-02  1.5082765E-02  1.6552600E-03  0.0000000E+00
  2.0799350E+02  3.9401063E-02  1.2583917E-02  1.6225433E-02  1.7414084E-03  0.0000000E+00
  2.0799350E+02  4.3951166E-02  1.3244661E-02  1.7291864E-02  1.8153506E-03  0.0000000E+00
  2.0799350E+02  4.8470114E-02  1.3595536E-02  1.8204006E-02  1.8709675E-03  0.0000000E+00
  2.0799350E+02  5.2711572E-02  1.3673302E-02  1.9033838E-02  1.9024135E-03  0.0000000E+00
  2.0799350E+02  5.6433469E-02  1.3529846E-02  1.9720440E-02  1.9048129E-03  0.0000000E+00
  2.0799350E+02  5.9533184E-02  1.3209023E-02  2.0007107E-02  1.8743809E-03  0.0000000E+00
  2.0799350E+02  6.1880716E-02  1.2758179E-02  1.9928280E-02  1.8088822E-03  0.0000000E+00
  2.0799350E+02  6.2973569E-02  1.2221802E-02  1.9597354E-02  1.7153970E-03  0.0000000E+00
  2.0799350E+02  6.2653336E-02  1.1630425E-02  1.9302404E-02  1.6077624E-03  0.0000000E+00
  2.0799350E+02  6.0944521E-02  1.1045576E-02  1.9078088E-02  1.4932213E-03  0.0000000E+00
  2.0799350E+02  5.8071765E-02  1.0514493E-02  1.8831539E-02  1.3761354E-03  0.0000000E+00
  2.0799350E+02  5.4456323E-02  1.0064378E-02  1.8496652E-02  1.2596251E-03  0.0000000E+00
  2.0799350E+02  5.0591215E-02  9.7050749E-03  1.8074637E-02  1.1464414E-03  0.0000000E+00
  2.0799350E+02  4.6878419E-02  9.4360605E-03  1.7606597E-02  1.0392787E-03  0.0000000E+00
  2.0799350E+02  4.3511180E-02  9.2536951E-03  1.7123973E-02  9.4075283E-04  0.0000000E+00
  2.0799350E+02  4.0484517E-02  9.1547204E-03  1.6622647E-02  8.5326567E-04  0.0000000E+00
  2.0799350E+02  3.7813081E-02  9.1319727E-03  1.6105738E-02  7.7887072E-04  0.0000000E+00
  2.0799350E+02  3.5742556E-02  9.1640266E-03  1.5699513E-02  7.1640759E-04  0.0000000E+00
  2.0799350E+02  3.3942703E-02  9.2463230E-03  1.5381415E-02  6.6418820E-04  0.0000000E+00
  2.0799350E+02  3.2328346E-02  9.3510799E-03  1.5088231E-02  6.1982741E-04  0.0000000E+00
  2.0799350E+02  3.0911444E-02  9.4566828E-03  1.4813109E-02  5.8112635E-04  0.0000000E+00
  2.0799350E+02  2.9723738E-02  9.5510759E-03  1.4566311E-02  5.4716836E-04  0.0000000E+00
  2.0799350E+02  2.8782829E-02  9.6286159E-03  1.4356587E-02  5.1767975E-04  0.0000000E+00
  2.0799350E+02  2.8078341E-02  9.6873610E-03  1.4182913E-02  4.9259109E-04  0.0000000E+00
  2.0799350E+02  2.7572976E-02  9.7268918E-03  1.4033936E-02  4.7176706E-04  0.0000000E+00
  2.0799350E+02  2.7213269E-02  9.7467628E-03  1.3892496E-02  4.5487238E-04  0.0000000E+00
  2.0799350E+02  2.6944851E-02  9.7456795E-03  1.3742571E-02  4.4134152E-04  0.0000000E+00
  2.0799350E+02  2.6727016E-02  9.7215019E-03  1.3576013E-02  4.3041998E-04  0.0000000E+00
  2.0799350E+02  2.6541422E-02  9.6721687E-03  1.3396432E-02  4.2124481E-04  0.0000000E+00
  2.0799350E+02  2.6389708E-02  9.5976415E-03  1.3217578E-02  4.1293205E-04  0.0000000E+00
  2.0799350E+02  2.6268491E-02  9.5058534E-03  1.3073403E-02  4.0533293E-04  0.0000000E+00
  2.0799350E+02  2.6130838E-02  9.4016251E-03  1.2923768E-02  3.9849423E-04  0.0000000E+00
  2.0799350E+02  2.5967380E-02  9.2871592E-03  1.2778295E-02  3.9178508E-04  0.0000000E+00
  2.0799350E+02  2.5766654E-02  9.1670317E-03  1.2650923E-02  3.8504839E-04  0.0000000E+00
  2.0799350E+02  2.5516772E-02  9.0447778E-03  1.2533786E-02  3.7815706E-04  0.0000000E+00
  2.0799350E+02  2.5209654E-02  8.9218862E-03  1.2412454E-02  3.7097700E-04  0.0000000E+00
  2.0799350E+02  2.4845310E-02  8.7989704E-03  1.2276379E-02  3.6342534E-04  0.0000000E+00
  2.0799350E+02  2.4432047E-02  8.6760563E-03  1.2122715E-02  3.5546225E-04  0.0000000E+00
  2.0799350E+02  2.3985069E-02  8.5530670E-03  1.1956181E-02  3.4708612E-04  0.0000000E+00
  2.0799350E+02  2.3523747E-02  8.4302173E-03  1.1786095E-02  3.3832472E-04  0.0000000E+00
  2.0799350E+02  2.3068192E-02  8.3082227E-03  1.1621937E-02  3.2922617E-04  0.0000000E+00
  2.0799350E+02  2.2635718E-02  8.1882277E-03  1.1468778E-02  3.1985313E-04  0.0000000E+00
  2.0799350E+02  2.2237816E-02  8.0713583E-03  1.1323932E-02  3.1028422E-04  0.0000000E+00
  2.0799350E+02  2.1878232E-02  7.9578045E-03  1.1176191E-02  3.0062600E-04  0.0000000E+00
  2.0799350E+02  2.1552770E-02  7.8453374E-03  1.1008971E-02  2.9103951E-04  0.0000000E+00
  2.0799350E+02  2.1265666E-02  7.7322109E-03  1.0832099E-02  2.8163144E-04  0.0000000E+00
  2.0799350E+02  2.0976830E-02  7.6178872E-03  1.0659926E-02  2.7249011E-04  0.0000000E+00
  2.0799350E+02  2.0693462E-02  7.5010791E-03  1.0493757E-02  2.6381971E-04  0.0000000E+00
  2.0799350E+02  2.0427737E-02  7.3836045E-03  1.0337230E-02  2.5565577E-04  0.0000000E+00
  2.0799350E+02  2.0175560E-02  7.2667403E-03  1.0184694E-02  2.4795174E-04  0.0000000E+00
  2.0799350E+02  1.9927424E-02  7.1518909E-03  1.0029011E-02  2.4065298E-04  0.0000000E+00
  2.0799350E+02  1.9672088E-02  7.0394234E-03  9.8640319E-03  2.3364636E-04  0.0000000E+00
  2.0799350E+02  1.9401792E-02  6.9295013E-03  9.6873091E-03  2.2683641E-04  0.0000000E+00
  2.0799350E+02  1.9113313E-02  6.8219908E-03  9.4998564E-03  2.2015339E-04  0.0000000E+00
  2.0799350E+02  1.8807850E-02  6.7165773E-03  9.3050499E-03  2.1356879E-04  0.0000000E+00
  2.0799350E+02  1.8489851E-02  6.6128730E-03  9.1069779E-03  2.0710249E-04  0.0000000E+00
  2.0799350E+02  1.8165260E-02  6.5104893E-03  8.9088105E-03  2.0081924E-04  0.0000000E+00
  2.0799350E+02  1.7839700E-02  6.4090501E-03  8.7117598E-03  1.9481207E-04  0.0000000E+00
  2.0799350E+02  1.7517088E-02  6.3081197E-03  8.5151989E-03  1.8917006E-04  0.0000000E+00
  2.0799350E+02  1.7199189E-02  6.2070211E-03  8.3185105E-03  1.8392820E-04  0.0000000E+00
  2.0799350E+02  1.6886608E-02  6.1045184E-03  8.1252344E-03  1.7899679E-04  0.0000000E+00
  2.0799350E+02  1.6583462E-02  5.9986908E-03  7.9491607E-03  1.7422201E-04  0.0000000E+00
  2.0799350E+02  1.6296298E-02  5.8911953E-03  7.7746650E-03  1.6966541E-04  0.0000000E+00
  2.0799350E+02  1.6005445E-02  5.7831619E-03  7.5958008E-03  1.6511535E-04  0.0000000E+00
  2.0799350E+02  1.5702325E-02  5.6761278E-03  7.4168004E-03  1.6064903E-04  0.0000000E+00
  2.0799350E+02  1.5386986E-02  5.5720726E-03  7.2376746E-03  1.5627397E-04  0.0000000E+00
  2.0799350E+02  1.5062826E-02  5.4725628E-03  7.0573953E-03  1.5196659E-04  0.0000000E+00
  2.0799350E+02  1.4735610E-02  5.3789884E-03  6.8769571E-03  1.4772622E-04  0.0000000E+00
  2.0799350E+02  1.4408465E-02  5.2914027E-03  6.6981943E-03  1.4354271E-04  0.0000000E+00
  2.0799350E+02  1.4083297E-02  5.2092036E-03  6.5246322E-03  1.3942359E-04  0.0000000E+00
  2.0799350E+02  1.3760376E-02  5.1311202E-03  6.3602613E-03  1.3537838E-04  0.0000000E+00
  2.0799350E+02  1.3438995E-02  5.0554599E-03  6.2083503E-03  1.3140708E-04  0.0000000E+00
  2.0799350E+02  1.3118434E-02  4.9803988E-03  6.0703410E-03  1.2748981E-04  0.0000000E+00
  2.0799350E+02  1.2798950E-02  4.9042674E-03  5.9451599E-03  1.2358184E-04  0.0000000E+00
  2.0799350E+02  1.2482537E-02  4.8257833E-03  5.8292874E-03  1.1961824E-04  0.0000000E+00
  2.0799350E+02  1.2173196E-02  4.7441823E-03  5.7179203E-03  1.1553228E-04  0.0000000E+00
  2.0799350E+02  1.1876459E-02  4.6592001E-03  5.6075660E-03  1.1129184E-04  0.0000000E+00
  2.0799350E+02  1.1597887E-02  4.5708557E-03  5.5004068E-03  1.0695805E-04  0.0000000E+00
  2.0799350E+02  1.1338910E-02  4.4798608E-03  5.4070917E-03  1.0268121E-04  0.0000000E+00
  2.0799350E+02  1.1090808E-02  4.3881871E-03  5.3172187E-03  9.8466520E-05  0.0000000E+00
  2.0799350E+02  1.0845828E-02  4.2982586E-03  5.2240235E-03  9.4472992E-05  0.0000000E+00
  2.0799350E+02  1.0599185E-02  4.2122424E-03  5.1259946E-03  9.0735686E-05  0.0000000E+00
  2.0799350E+02  1.0348278E-02  4.1307128E-03  5.0229404E-03  8.7234303E-05  0.0000000E+00
  2.0799350E+02  1.0092935E-02  4.0537622E-03  4.9158809E-03  8.3942629E-05  0.0000000E+00
  2.0799350E+02  9.8321315E-03  3.9806557E-03  4.8055056E-03  8.0812828E-05  0.0000000E+00
  2.0799350E+02  9.5653233E-03  3.9107206E-03  4.6925559E-03  7.7810745E-05  0.0000000E+00
  2.0799350E+02  9.2920777E-03  3.8434455E-03  4.5775572E-03  7.4916048E-05  0.0000000E+00
  2.0799350E+02  9.0123444E-03  3.7786168E-03  4.4608619E-03  7.2123650E-05  0.0000000E+00
  2.0799350E+02  8.7268215E-03  3.7163636E-03  4.3427930E-03  6.9441562E-05  0.0000000E+00
  2.0799350E+02  8.4372904E-03  3.6571167E-03  4.2238458E-03  6.6886271E-05  0.0000000E+00
  2.0799350E+02  8.1467875E-03  3.6014912E-03  4.1049035E-03  6.4476774E-05  0.0000000E+00
  2.0799350E+02  5.8128824E-13  9.3911810E-14  2.6650328E-12  1.5827814E-03  0.0000000E+00
  2.0799350E+02  6.4138865E-03  3.6180318E-04  1.1882524E-02  1.5567862E-03  0.0000000E+00
  2.0799350E+02  1.4250417E-02  1.6917880E-03  2.2689315E-02  1.5764186E-03  0.0000000E+00
  2.0799350E+02  2.0002210E-02  3.9355980E-03  2.5742887E-02  1.6376881E-03  0.0000000E+00
  2.0799350E+02  2.4322772E-02  6.5602825E-03  2.5321735E-02  1.7241046E-03  0.0000000E+00
  2.0799350E+02  2.8115129E-02  9.1210389E-03  2.4025268E-02  1.8141349E-03  0.0000000E+00
  2.0799350E+02  3.1814533E-02  1.1364590E-02  2.2903939E-02  1.8938256E-03  0.0000000E+00
  2.0799350E+02  3.5478567E-02  1.3168635E-02  2.2508741E-02  1.9588027E-03  0.0000000E+00
  2.0799350E+02  3.9116167E-02  1.4490843E-02  2.2769780E-02  2.0099594E-03  0.0000000E+00
  2.0799350E+02  4.2765726E-02  1.5323683E-02  2.3130244E-02  2.0510389E-03  0.0000000E+00
  2.0799350E+02  4.6447118E-02  1.5741141E-02  2.3321311E-02  2.0780380E-03  0.0000000E+00
  2.0799350E+02  5.0016167E-02  1.5840363E-02  2.3344148E-02  2.0856884E-03  0.0000000E+00
  2.0799350E+02  5.3192614E-02  1.5694122E-02  2.3300131E-02  2.0711387E-03  0.0000000E+00
  2.0799350E+02  5.5712358E-02  1.5343590E-02  2.3259036E-02  2.0335876E-03  0.0000000E+00
  2.0799350E+02  5.7481882E-02  1.4814515E-02  2.3205006E-02  1.9737964E-03  0.0000000E+00
  2.0799350E+02  5.8594240E-02  1.4149418E-02  2.3107889E-02  1.8936283E-03  0.0000000E+00
  2.0799350E+02  5.9006177E-02  1.3420807E-02  2.2963007E-02  1.7981435E-03  0.0000000E+00
  2.0799350E+02  5.8600429E-02  1.2714468E-02  2.2597433E-02  1.6895170E-03  0.0000000E+00
  2.0799350E+02  5.7450043E-02  1.2079468E-02  2.1969383E-02  1.5772449E-03  0.0000000E+00
  2.0799350E+02  5.5691336E-02  1.1533397E-02  2.1162166E-02  1.4709570E-03  0.0000000E+00
  2.0799350E+02  5.3448921E-02  1.1082801E-02  2.0315609E-02  1.3732362E-03  0.0000000E+00
  2.0799350E+02  5.0815119E-02  1.0725142E-02  1.9548795E-02  1.2797523E-03  0.0000000E+00
  2.0799350E+02  4.7903168E-02  1.0451255E-02  1.8914441E-02  1.1852875E-03  0.0000000E+00
  2.0799350E+02  4.4860645E-02  1.0240791E-02  1.8374384E-02  1.0885613E-03  0.0000000E+00
  2.0799350E+02  4.1859584E-02  1.0069800E-02  1.7836865E-02  9.9443552E-04  0.0000000E+00
  2.0799350E+02  3.9008680E-02  9.9333470E-03  1.7266541E-02  9.0875205E-04  0.0000000E+00
  2.0799350E+02  3.6407878E-02  9.8278022E-03  1.6775504E-02  8.3119628E-04  0.0000000E+00
  2.0799350E+02  3.4300743E-02  9.7571356E-03  1.6304176E-02  7.6309265E-04  0.0000000E+00
  2.0799350E+02  3.2626180E-02  9.7151414E-03  1.5841156E-02  7.0426877E-04  0.0000000E+00
  2.0799350E+02  3.1301895E-02  9.6873092E-03  1.5406723E-02  6.5457078E-04  0.0000000E+00
  2.0799350E+02  3.0238888E-02  9.6674844E-03  1.5020799E-02  6.1290960E-04  0.0000000E+00
  2.0799350E+02  2.9364534E-02  9.6523876E-03  1.4688579E-02  5.7767742E-04  0.0000000E+00
  2.0799350E+02  2.8639987E-02  9.6388692E-03  1.4403049E-02  5.4757221E-04  0.0000000E+00
  2.0799350E+02  2.8044782E-02  9.6227119E-03  1.4147847E-02  5.2150785E-04  0.0000000E+00
  2.0799350E+02  2.7563581E-02  9.5989414E-03  1.3906763E-02  4.9872896E-04  0.0000000E+00
  2.0799350E+02  2.7172186E-02  9.5629604E-03  1.3672571E-02  4.7877683E-04  0.0000000E+00
  2.0799350E+02  2.6828965E-02  9.5115907E-03  1.3449900E-02  4.6124623E-04  0.0000000E+00
  2.0799350E+02  2.6488789E-02  9.4444245E-03  1.3254406E-02  4.4587433E-04  0.0000000E+00
  2.0799350E+02  2.6134525E-02  9.3637672E-03  1.3096741E-02  4.3235390E-04  0.0000000E+00
  2.0799350E+02  2.5820101E-02  9.2752378E-03  1.2973710E-02  4.1993978E-04  0.0000000E+00
  2.0799350E+02  2.5523032E-02  9.1807813E-03  1.2856620E-02  4.0839635E-04  0.0000000E+00
  2.0799350E+02  2.5248494E-02  9.0798522E-03  1.2731978E-02  3.9799522E-04  0.0000000E+00
  2.0799350E+02  2.4987530E-02  8.9741829E-03  1.2598053E-02  3.8858063E-04  0.0000000E+00
  2.0799350E+02  2.4716475E-02  8.8651128E-03  1.2450831E-02  3.7991888E-04  0.0000000E+00
  2.0799350E+02  2.4414480E-02  8.7538408E-03  1.2289329E-02  3.7172790E-04  0.0000000E+00
  2.0799350E+02  2.4072646E-02  8.6416969E-03  1.2117468E-02  3.6372206E-04  0.0000000E+00
  2.0799350E+02  2.3693612E-02  8.5294398E-03  1.1941923E-02  3.5560226E-04  0.0000000E+00
  2.0799350E+02  2.3292287E-02  8.4183750E-03  1.1771291E-02  3.4717953E-04  0.0000000E+00
  2.0799350E+02  2.2888216E-02  8.3095252E-03  1.1611780E-02  3.3835717E-04  0.0000000E+00
  2.0799350E+02  2.2499863E-02  8.2036431E-03  1.1464686E-02  3.2915962E-04  0.0000000E+00
  2.0799350E+02  2.2140038E-02  8.1010949E-03  1.1325178E-02  3.1973359E-04  0.0000000E+00
  2.0799350E+02  2.1811432E-02  8.0007679E-03  1.1182272E-02  3.1022956E-04  0.0000000E+00
  2.0799350E+02  2.1513040E-02  7.9005292E-03  1.1024392E-02  3.0079036E-04  0.0000000E+00
  2.0799350E+02  2.1247373E-02  7.7958046E-03  1.0846930E-02  2.9132075E-04  0.0000000E+00
  2.0799350E+02  2.1017388E-02  7.6843499E-03  1.0671153E-02  2.8176892E-04  0.0000000E+00
  2.0799350E+02  2.0772065E-02  7.5698439E-03  1.0488372E-02  2.7270718E-04  0.0000000E+00
  2.0799350E+02  2.0512069E-02  7.4517970E-03  1.0304996E-02  2.6395585E-04  0.0000000E+00
  2.0799350E+02  2.0245329E-02  7.3316637E-03  1.0131175E-02  2.5553278E-04  0.0000000E+00
  2.0799350E+02  1.9977743E-02  7.2102731E-03  9.9675721E-03  2.4744760E-04  0.0000000E+00
  2.0799350E+02  1.9712223E-02  7.0885856E-03  9.8106711E-03  2.3969542E-04  0.0000000E+00
  2.0799350E+02  1.9448849E-02  6.9680745E-03  9.6561886E-03  2.3226300E-04  0.0000000E+00
  2.0799350E+02  1.9183650E-02  6.8498222E-03  9.4997334E-03  2.2508506E-04  0.0000000E+00
  2.0799350E+02  1.8912308E-02  6.7354471E-03  9.3389238E-03  2.1813094E-04  0.0000000E+00
  2.0799350E+02  1.8629788E-02  6.6259363E-03  9.1722185E-03  2.1136968E-04  0.0000000E+00
  2.0799350E+02  1.8332207E-02  6.5215139E-03  8.9986760E-03  2.0479597E-04  0.0000000E+00
  2.0799350E+02  1.8018587E-02  6.4215994E-03  8.8177848E-03  1.9844791E-04  0.0000000E+00
  2.0799350E+02  1.7689498E-02  6.3241772E-03  8.6281606E-03  1.9236190E-04  0.0000000E+00
  2.0799350E+02  1.7350230E-02  6.2271534E-03  8.4300357E-03  1.8661846E-04  0.0000000E+00
  2.0799350E+02  1.7007804E-02  6.1284844E-03  8.2258910E-03  1.8126256E-04  0.0000000E+00
  2.0799350E+02  1.6669318E-02  6.0276892E-03  8.0240911E-03  1.7625399E-04  0.0000000E+00
  2.0799350E+02  1.6341895E-02  5.9266408E-03  7.8422007E-03  1.7147495E-04  0.0000000E+00
  2.0799350E+02  1.6022287E-02  5.8262298E-03  7.6622639E-03  1.6689935E-04  0.0000000E+00
  2.0799350E+02  1.5700334E-02  5.7273312E-03  7.4765724E-03  1.6239869E-04  0.0000000E+00
  2.0799350E+02  1.5377453E-02  5.6285582E-03  7.2886086E-03  1.5798974E-04  0.0000000E+00
  2.0799350E+02  1.5054996E-02  5.5301482E-03  7.1007750E-03  1.5365520E-04  0.0000000E+00
  2.0799350E+02  1.4734596E-02  5.4332516E-03  6.9155574E-03  1.4937947E-04  0.0000000E+00
  2.0799350E+02  1.4415948E-02  5.3386637E-03  6.7346627E-03  1.4513509E-04  0.0000000E+00
  2.0799350E+02  1.4099994E-02  5.2473865E-03  6.5608765E-03  1.4092968E-04  0.0000000E+00
  2.0799350E+02  1.3786840E-02  5.1597526E-03  6.3965661E-03  1.3677399E-04  0.0000000E+00
  2.0799350E+02  1.3476392E-02  5.0755156E-03  6.2436023E-03  1.3268084E-04  0.0000000E+00
  2.0799350E+02  1.3169010E-02  4.9940350E-03  6.1031761E-03  1.2866197E-04  0.0000000E+00
  2.0799350E+02  1.2863644E-02  4.9138813E-03  5.9745774E-03  1.2469287E-04  0.0000000E+00
  2.0799350E+02  1.2561087E-02  4.8338525E-03  5.8565083E-03  1.2074873E-04  0.0000000E+00
  2.0799350E+02  1.2262122E-02  4.7526646E-03  5.7463704E-03  1.1678073E-04  0.0000000E+00
  2.0799350E+02  1.1968216E-02  4.6693260E-03  5.6412068E-03  1.1273620E-04  0.0000000E+00
  2.0799350E+02  1.1682153E-02  4.5834898E-03  5.5391373E-03  1.0859246E-04  0.0000000E+00
  2.0799350E+02  1.1406263E-02  4.4950226E-03  5.4406338E-03  1.0437207E-04  0.0000000E+00
  2.0799350E+02  1.1141442E-02  4.4054704E-03  5.3499353E-03  1.0013954E-04  0.0000000E+00
  2.0799350E+02  1.0889650E-02  4.3159715E-03  5.2622461E-03  9.5913020E-05  0.0000000E+00
  2.0799350E+02  1.0643702E-02  4.2286384E-03  5.1720000E-03  9.1929125E-05  0.0000000E+00
  2.0799350E+02  1.0395048E-02  4.1456093E-03  5.0762145E-03  8.8218525E-05  0.0000000E+00
  2.0799350E+02  1.0140641E-02  4.0671873E-03  4.9738584E-03  8.4738207E-05  0.0000000E+00
  2.0799350E+02  9.8817175E-03  3.9933016E-03  4.8655497E-03  8.1446693E-05  0.0000000E+00
  2.0799350E+02  9.6197905E-03  3.9234067E-03  4.7521535E-03  7.8302670E-05  0.0000000E+00
  2.0799350E+02  9.3558071E-03  3.8569390E-03  4.6345491E-03  7.5283290E-05  0.0000000E+00
  2.0799350E+02  9.0902039E-03  3.7936079E-03  4.5137404E-03  7.2391432E-05  0.0000000E+00
  2.0799350E+02  8.8213762E-03  3.7330577E-03  4.3901528E-03  6.9632345E-05  0.0000000E+00
  2.0799350E+02  8.5489630E-03  3.6754944E-03  4.2650564E-03  6.7034092E-05  0.0000000E+00
  2.0799350E+02  8.2728651E-03  3.6211857E-03  4.1399912E-03  6.4617817E-05  0.0000000E+00
  2.0799350E+02  7.9943833E-03  3.5704495E-03  4.0171097E-03  6.2393252E-05  0.0000000E+00
  2.0799350E+02 -1.7323327E-11  3.6550683E-11  5.3401306E-10  2.1573976E-03  0.0000000E+00
  2.0799350E+02  8.1350494E-03  6.1775782E-04  1.6898424E-02  2.1079012E-03  0.0000000E+00
  2.0799350E+02  1.7935888E-02  1.9597873E-03  3.2169809E-02  2.0883113E-03  0.0000000E+00
  2.0799350E+02  2.2947680E-02  4.0490453E-03  3.5880802E-02  2.0887229E-03  0.0000000E+00
  2.0799350E+02  2.6076169E-02  6.5598297E-03  3.4414612E-02  2.1040498E-03  0.0000000E+00
  2.0799350E+02  2.9074986E-02  9.0751262E-03  3.1621682E-02  2.1260838E-03  0.0000000E+00
  2.0799350E+02  3.2369377E-02  1.1333823E-02  2.8977857E-02  2.1471402E-03  0.0000000E+00
  2.0799350E+02  3.5791540E-02  1.3202735E-02  2.6888990E-02  2.1619013E-03  0.0000000E+00
  2.0799350E+02  3.9066112E-02  1.4624942E-02  2.5445656E-02  2.1638760E-03  0.0000000E+00
  2.0799350E+02  4.2080945E-02  1.5595733E-02  2.4485226E-02  2.1483667E-03  0.0000000E+00
  2.0799350E+02  4.4728397E-02  1.6128281E-02  2.3858131E-02  2.1154362E-03  0.0000000E+00
  2.0799350E+02  4.7012891E-02  1.6279070E-02  2.3485605E-02  2.0625092E-03  0.0000000E+00
  2.0799350E+02  4.8968210E-02  1.6132554E-02  2.3293021E-02  1.9866425E-03  0.0000000E+00
  2.0799350E+02  5.0513387E-02  1.5766359E-02  2.3148657E-02  1.8908650E-03  0.0000000E+00
  2.0799350E+02  5.1443870E-02  1.5236790E-02  2.2880245E-02  1.7862273E-03  0.0000000E+00
  2.0799350E+02  5.1739860E-02  1.4614436E-02  2.2426584E-02  1.6818569E-03  0.0000000E+00
  2.0799350E+02  5.1490015E-02  1.3953596E-02  2.1895145E-02  1.5794319E-03  0.0000000E+00
  2.0799350E+02  5.0813250E-02  1.3287338E-02  2.1347481E-02  1.4791666E-03  0.0000000E+00
  2.0799350E+02  4.9663954E-02  1.2664131E-02  2.0804080E-02  1.3819754E-03  0.0000000E+00
  2.0799350E+02  4.8026893E-02  1.2122430E-02  2.0270813E-02  1.2890775E-03  0.0000000E+00
  2.0799350E+02  4.6019614E-02  1.1677861E-02  1.9749514E-02  1.2017789E-03  0.0000000E+00
  2.0799350E+02  4.3854054E-02  1.1323299E-02  1.9241812E-02  1.1208154E-03  0.0000000E+00
  2.0799350E+02  4.1731049E-02  1.1037070E-02  1.8748685E-02  1.0457186E-03  0.0000000E+00
  2.0799350E+02  3.9741462E-02  1.0794489E-02  1.8268145E-02  9.7467065E-04  0.0000000E+00
  2.0799350E+02  3.7847636E-02  1.0577954E-02  1.7793533E-02  9.0531089E-04  0.0000000E+00
  2.0799350E+02  3.6015921E-02  1.0380501E-02  1.7314007E-02  8.3684542E-04  0.0000000E+00
  2.0799350E+02  3.4384083E-02  1.0202566E-02  1.6818489E-02  7.7241243E-04  0.0000000E+00
  2.0799350E+02  3.2877201E-02  1.0043229E-02  1.6308016E-02  7.1388393E-04  0.0000000E+00
  2.0799350E+02  3.1559908E-02  9.9105396E-03  1.5826670E-02  6.6295830E-04  0.0000000E+00
  2.0799350E+02  3.0441182E-02  9.8054636E-03  1.5384604E-02  6.1942499E-04  0.0000000E+00
  2.0799350E+02  2.9495897E-02  9.7236023E-03  1.4975709E-02  5.8226280E-04  0.0000000E+00
  2.0799350E+02  2.8687548E-02  9.6584804E-03  1.4593192E-02  5.5030574E-04  0.0000000E+00
  2.0799350E+02  2.7981862E-02  9.6034802E-03  1.4236526E-02  5.2254566E-04  0.0000000E+00
  2.0799350E+02  2.7353193E-02  9.5527415E-03  1.3911931E-02  4.9818444E-04  0.0000000E+00
  2.0799350E+02  2.6785557E-02  9.5013403E-03  1.3628520E-02  4.7654821E-04  0.0000000E+00
  2.0799350E+02  2.6270203E-02  9.4450641E-03  1.3392271E-02  4.5697600E-04  0.0000000E+00
  2.0799350E+02  2.5801596E-02  9.3800971E-03  1.3199958E-02  4.3879562E-04  0.0000000E+00
  2.0799350E+02  2.5373685E-02  9.3029324E-03  1.3035213E-02  4.2149904E-04  0.0000000E+00
  2.0799350E+02  2.4978344E-02  9.2108264E-03  1.2868833E-02  4.0523002E-04  0.0000000E+00
  2.0799350E+02  2.4603617E-02  9.1070525E-03  1.2685680E-02  3.9112565E-04  0.0000000E+00
  2.0799350E+02  2.4293783E-02  8.9946265E-03  1.2519234E-02  3.7910011E-04  0.0000000E+00
  2.0799350E+02  2.3988821E-02  8.8750938E-03  1.2352539E-02  3.6875980E-04  0.0000000E+00
  2.0799350E+02  2.3658210E-02  8.7523038E-03  1.2182168E-02  3.5953574E-04  0.0000000E+00
  2.0799350E+02  2.3309747E-02  8.6290447E-03  1.2011508E-02  3.5089178E-04  0.0000000E+00
  2.0799350E+02  2.2962632E-02  8.5076275E-03  1.1845007E-02  3.4241908E-04  0.0000000E+00
  2.0799350E+02  2.2632340E-02  8.3900293E-03  1.1685150E-02  3.3387116E-04  0.0000000E+00
  2.0799350E+02  2.2324678E-02  8.2777413E-03  1.1531524E-02  3.2515426E-04  0.0000000E+00
  2.0799350E+02  2.2036389E-02  8.1714653E-03  1.1381324E-02  3.1628803E-04  0.0000000E+00
  2.0799350E+02  2.1759714E-02  8.0708025E-03  1.1230637E-02  3.0735134E-04  0.0000000E+00
  2.0799350E+02  2.1488264E-02  7.9740795E-03  1.1075866E-02  2.9842807E-04  0.0000000E+00
  2.0799350E+02  2.1221602E-02  7.8784554E-03  1.0914640E-02  2.8956787E-04  0.0000000E+00
  2.0799350E+02  2.0965912E-02  7.7804546E-03  1.0745557E-02  2.8077666E-04  0.0000000E+00
  2.0799350E+02  2.0728145E-02  7.6770695E-03  1.0566118E-02  2.7205184E-04  0.0000000E+00
  2.0799350E+02  2.0501004E-02  7.5675771E-03  1.0368183E-02  2.6347702E-04  0.0000000E+00
  2.0799350E+02  2.0275321E-02  7.4537223E-03  1.0156511E-02  2.5528922E-04  0.0000000E+00
  2.0799350E+02  2.0050789E-02  7.3345887E-03  9.9648321E-03  2.4739700E-04  0.0000000E+00
  2.0799350E+02  1.9804837E-02  7.2126153E-03  9.7859324E-03  2.3968811E-04  0.0000000E+00
  2.0799350E+02  1.9544064E-02  7.0900931E-03  9.6214825E-03  2.3215399E-04  0.0000000E+00
  2.0799350E+02  1.9277520E-02  6.9691203E-03  9.4720080E-03  2.2483618E-04  0.0000000E+00
  2.0799350E+02  1.9011598E-02  6.8513783E-03  9.3352255E-03  2.1778748E-04  0.0000000E+00
  2.0799350E+02  1.8747860E-02  6.7379683E-03  9.2058579E-03  2.1104812E-04  0.0000000E+00
  2.0799350E+02  1.8483102E-02  6.6293170E-03  9.0765279E-03  2.0463448E-04  0.0000000E+00
  2.0799350E+02  1.8210974E-02  6.5251569E-03  8.9393275E-03  1.9853761E-04  0.0000000E+00
  2.0799350E+02  1.7924480E-02  6.4245864E-03  8.7876602E-03  1.9272871E-04  0.0000000E+00
  2.0799350E+02  1.7618646E-02  6.3262179E-03  8.6179576E-03  1.8716910E-04  0.0000000E+00
  2.0799350E+02  1.7292125E-02  6.2282520E-03  8.4305330E-03  1.8181273E-04  0.0000000E+00
  2.0799350E+02  1.6950447E-02  6.1294832E-03  8.2311474E-03  1.7665277E-04  0.0000000E+00
  2.0799350E+02  1.6601773E-02  6.0287514E-03  8.0280025E-03  1.7167373E-04  0.0000000E+00
  2.0799350E+02  1.6255631E-02  5.9261647E-03  7.8301741E-03  1.6688835E-04  0.0000000E+00
  2.0799350E+02  1.5915663E-02  5.8236100E-03  7.6423539E-03  1.6231931E-04  0.0000000E+00
  2.0799350E+02  1.5573874E-02  5.7244852E-03  7.4612425E-03  1.5795601E-04  0.0000000E+00
  2.0799350E+02  1.5243744E-02  5.6288960E-03  7.2783576E-03  1.5365835E-04  0.0000000E+00
  2.0799350E+02  1.4917310E-02  5.5375948E-03  7.0901771E-03  1.4943640E-04  0.0000000E+00
  2.0799350E+02  1.4591078E-02  5.4488858E-03  6.9037220E-03  1.4529033E-04  0.0000000E+00
  2.0799350E+02  1.4266842E-02  5.3610901E-03  6.7227528E-03  1.4121715E-04  0.0000000E+00
  2.0799350E+02  1.3948219E-02  5.2729797E-03  6.5493534E-03  1.3721469E-04  0.0000000E+00
  2.0799350E+02  1.3638439E-02  5.1839634E-03  6.3849008E-03  1.3328201E-04  0.0000000E+00
  2.0799350E+02  1.3339175E-02  5.0940816E-03  6.2305404E-03  1.2941729E-04  0.0000000E+00
  2.0799350E+02  1.3050204E-02  5.0038615E-03  6.0872890E-03  1.2561469E-04  0.0000000E+00
  2.0799350E+02  1.2769679E-02  4.9140854E-03  5.9558846E-03  1.2186100E-04  0.0000000E+00
  2.0799350E+02  1.2494814E-02  4.8255265E-03  5.8365038E-03  1.1813359E-04  0.0000000E+00
  2.0799350E+02  1.2222755E-02  4.7387045E-03  5.7284677E-03  1.1440067E-04  0.0000000E+00
  2.0799350E+02  1.1951425E-02  4.6537142E-03  5.6300563E-03  1.1062514E-04  0.0000000E+00
  2.0799350E+02  1.1680149E-02  4.5701805E-03  5.5385522E-03  1.0677305E-04  0.0000000E+00
  2.0799350E+02  1.1409819E-02  4.4873932E-03  5.4506339E-03  1.0282821E-04  0.0000000E+00
  2.0799350E+02  1.1142405E-02  4.4046736E-03  5.3632391E-03  9.8813705E-05  0.0000000E+00
  2.0799350E+02  1.0879603E-02  4.3220274E-03  5.2750186E-03  9.4821847E-05  0.0000000E+00
  2.0799350E+02  1.0619960E-02  4.2406806E-03  5.1874536E-03  9.0963861E-05  0.0000000E+00
  2.0799350E+02  1.0372527E-02  4.1601828E-03  5.0984799E-03  8.7240310E-05  0.0000000E+00
  2.0799350E+02  1.0128010E-02  4.0815916E-03  5.0056260E-03  8.3746022E-05  0.0000000E+00
  2.0799350E+02  9.8782172E-03  4.0059206E-03  4.9068337E-03  8.0450795E-05  0.0000000E+00
  2.0799350E+02  9.6226131E-03  3.9337791E-03  4.8007993E-03  7.7321302E-05  0.0000000E+00
  2.0799350E+02  9.3637343E-03  3.8655268E-03  4.6870935E-03  7.4333919E-05  0.0000000E+00
  2.0799350E+02  9.1043370E-03  3.8013690E-03  4.5662045E-03  7.1480130E-05  0.0000000E+00
  2.0799350E+02  8.8459604E-03  3.7414056E-03  4.4395087E-03  6.8766148E-05  0.0000000E+00
  2.0799350E+02  8.5885896E-03  3.6856448E-03  4.3091741E-03  6.6208384E-05  0.0000000E+00
  2.0799350E+02  8.3311000E-03  3.6339953E-03  4.1779986E-03  6.3826390E-05  0.0000000E+00
  2.0799350E+02  8.0721678E-03  3.5862481E-03  4.0491889E-03  6.1634923E-05  0.0000000E+00
  2.0799350E+02  7.8113269E-03  3.5420609E-03  3.9260837E-03  5.9636743E-05  0.0000000E+00
  2.0799350E+02  7.5498587E-03  3.5009571E-03  3.8118244E-03  5.7817800E-05  0.0000000E+00
  2.0799350E+02  1.0442102E-10  3.6419028E-11  2.5567972E-10  1.4677550E-03  0.0000000E+00
  2.0799350E+02  1.0136388E-02  6.2352461E-04  1.4454686E-02  1.4183639E-03  0.0000000E+00
  2.0799350E+02  2.1329937E-02  1.6976487E-03  2.9324333E-02  1.3956890E-03  0.0000000E+00
  2.0799350E+02  2.5247508E-02  3.5282187E-03  3.4372050E-02  1.3932799E-03  0.0000000E+00
  2.0799350E+02  2.6962541E-02  5.9507816E-03  3.4002464E-02  1.4152409E-03  0.0000000E+00
  2.0799350E+02  2.8589226E-02  8.4939651E-03  3.1579388E-02  1.4544205E-03  0.0000000E+00
  2.0799350E+02  3.0412224E-02  1.0836178E-02  2.8826991E-02  1.4960733E-03  0.0000000E+00
  2.0799350E+02  3.2410428E-02  1.2794851E-02  2.6539330E-02  1.5261078E-03  0.0000000E+00
  2.0799350E+02  3.4401301E-02  1.4280234E-02  2.4849930E-02  1.5351273E-03  0.0000000E+00
  2.0799350E+02  3.6294472E-02  1.5282527E-02  2.3643395E-02  1.5204022E-03  0.0000000E+00
  2.0799350E+02  3.8040005E-02  1.5854091E-02  2.2832985E-02  1.4854989E-03  0.0000000E+00
  2.0799350E+02  3.9550825E-02  1.6067994E-02  2.2342699E-02  1.4365118E-03  0.0000000E+00
  2.0799350E+02  4.0736852E-02  1.5989979E-02  2.2060258E-02  1.3794752E-03  0.0000000E+00
  2.0799350E+02  4.1571510E-02  1.5672300E-02  2.1826339E-02  1.3190164E-03  0.0000000E+00
  2.0799350E+02  4.2083616E-02  1.5169792E-02  2.1497260E-02  1.2579594E-03  0.0000000E+00
  2.0799350E+02  4.2221501E-02  1.4571744E-02  2.1094054E-02  1.1980675E-03  0.0000000E+00
  2.0799350E+02  4.2102157E-02  1.3951463E-02  2.0630569E-02  1.1404864E-03  0.0000000E+00
  2.0799350E+02  4.1603458E-02  1.3355303E-02  2.0151660E-02  1.0856093E-03  0.0000000E+00
  2.0799350E+02  4.0785055E-02  1.2812866E-02  1.9678264E-02  1.0318235E-03  0.0000000E+00
  2.0799350E+02  3.9786254E-02  1.2335543E-02  1.9207863E-02  9.7692805E-04  0.0000000E+00
  2.0799350E+02  3.8695786E-02  1.1921273E-02  1.8741561E-02  9.1973216E-04  0.0000000E+00
  2.0799350E+02  3.7531031E-02  1.1560730E-02  1.8288551E-02  8.6053745E-04  0.0000000E+00
  2.0799350E+02  3.6280439E-02  1.1243346E-02  1.7857419E-02  8.0087137E-04  0.0000000E+00
  2.0799350E+02  3.4962910E-02  1.0961606E-02  1.7443764E-02  7.4284041E-04  0.0000000E+00
  2.0799350E+02  3.3657849E-02  1.0712024E-02  1.7023602E-02  6.8847064E-04  0.0000000E+00
  2.0799350E+02  3.2459682E-02  1.0491241E-02  1.6562016E-02  6.3940373E-04  0.0000000E+00
  2.0799350E+02  3.1399391E-02  1.0291459E-02  1.6082066E-02  5.9607155E-04  0.0000000E+00
  2.0799350E+02  3.0443691E-02  1.0104770E-02  1.5607861E-02  5.5812805E-04  0.0000000E+00
  2.0799350E+02  2.9526271E-02  9.9229750E-03  1.5134040E-02  5.2574938E-04  0.0000000E+00
  2.0799350E+02  2.8646231E-02  9.7541879E-03  1.4683183E-02  4.9781083E-04  0.0000000E+00
  2.0799350E+02  2.7822967E-02  9.6081947E-03  1.4276116E-02  4.7299121E-04  0.0000000E+00
  2.0799350E+02  2.7075043E-02  9.4882317E-03  1.3923935E-02  4.5030286E-04  0.0000000E+00
  2.0799350E+02  2.6409917E-02  9.3893238E-03  1.3626589E-02  4.2927855E-04  0.0000000E+00
  2.0799350E+02  2.5821828E-02  9.3010074E-03  1.3375719E-02  4.0991205E-04  0.0000000E+00
  2.0799350E+02  2.5295163E-02  9.2122611E-03  1.3159439E-02  3.9244961E-04  0.0000000E+00
  2.0799350E+02  2.4810596E-02  9.1164676E-03  1.2966740E-02  3.7712919E-04  0.0000000E+00
  2.0799350E+02  2.4351315E-02  9.0142309E-03  1.2789221E-02  3.6396463E-04  0.0000000E+00
  2.0799350E+02  2.3906641E-02  8.9118704E-03  1.2617816E-02  3.5267165E-04  0.0000000E+00
  2.0799350E+02  2.3470345E-02  8.8134175E-03  1.2432218E-02  3.4283278E-04  0.0000000E+00
  2.0799350E+02  2.3059941E-02  8.7100017E-03  1.2210013E-02  3.3432486E-04  0.0000000E+00
  2.0799350E+02  2.2680115E-02  8.6095895E-03  1.1984665E-02  3.2650711E-04  0.0000000E+00
  2.0799350E+02  2.2344979E-02  8.5100204E-03  1.1774374E-02  3.1850647E-04  0.0000000E+00
  2.0799350E+02  2.2064066E-02  8.4095428E-03  1.1588809E-02  3.1017916E-04  0.0000000E+00
  2.0799350E+02  2.1824685E-02  8.3086944E-03  1.1425684E-02  3.0171500E-04  0.0000000E+00
  2.0799350E+02  2.1606549E-02  8.2084201E-03  1.1276977E-02  2.9335800E-04  0.0000000E+00
  2.0799350E+02  2.1391072E-02  8.1090647E-03  1.1133197E-02  2.8526049E-04  0.0000000E+00
  2.0799350E+02  2.1166258E-02  8.0100467E-03  1.0986045E-02  2.7743986E-04  0.0000000E+00
  2.0799350E+02  2.0928153E-02  7.9100228E-03  1.0829756E-02  2.6980732E-04  0.0000000E+00
  2.0799350E+02  2.0679761E-02  7.8073510E-03  1.0661473E-02  2.6223771E-04  0.0000000E+00
  2.0799350E+02  2.0428397E-02  7.7006595E-03  1.0480945E-02  2.5464969E-04  0.0000000E+00
  2.0799350E+02  2.0182391E-02  7.5893301E-03  1.0289893E-02  2.4706553E-04  0.0000000E+00
  2.0799350E+02  1.9948100E-02  7.4737037E-03  1.0091338E-02  2.3961962E-04  0.0000000E+00
  2.0799350E+02  1.9728155E-02  7.3548169E-03  9.8892336E-03  2.3248503E-04  0.0000000E+00
  2.0799350E+02  1.9521888E-02  7.2334767E-03  9.6887052E-03  2.2568732E-04  0.0000000E+00
  2.0799350E+02  1.9322603E-02  7.1091904E-03  9.5049346E-03  2.1905144E-04  0.0000000E+00
  2.0799350E+02  1.9109566E-02  6.9857438E-03  9.3432614E-03  2.1254978E-04  0.0000000E+00
  2.0799350E+02  1.8882428E-02  6.8648164E-03  9.2004873E-03  2.0625123E-04  0.0000000E+00
  2.0799350E+02  1.8643248E-02  6.7480273E-03  9.0741365E-03  2.0026144E-04  0.0000000E+00
  2.0799350E+02  1.8393518E-02  6.6368937E-03  8.9572860E-03  1.9460696E-04  0.0000000E+00
  2.0799350E+02  1.8133377E-02  6.5320846E-03  8.8412550E-03  1.8926701E-04  0.0000000E+00
  2.0799350E+02  1.7861588E-02  6.4331480E-03  8.7177455E-03  1.8419713E-04  0.0000000E+00
  2.0799350E+02  1.7576085E-02  6.3386052E-03  8.5804238E-03  1.7934567E-04  0.0000000E+00
  2.0799350E+02  1.7274839E-02  6.2463049E-03  8.4259362E-03  1.7466442E-04  0.0000000E+00
  2.0799350E+02  1.6956838E-02  6.1539309E-03  8.2543499E-03  1.7011442E-04  0.0000000E+00
  2.0799350E+02  1.6622949E-02  6.0595554E-03  8.0690101E-03  1.6566799E-04  0.0000000E+00
  2.0799350E+02  1.6276445E-02  5.9621315E-03  7.8758061E-03  1.6130826E-04  0.0000000E+00
  2.0799350E+02  1.5922965E-02  5.8618175E-03  7.6818368E-03  1.5702710E-04  0.0000000E+00
  2.0799350E+02  1.5569696E-02  5.7600267E-03  7.4934679E-03  1.5282277E-04  0.0000000E+00
  2.0799350E+02  1.5223540E-02  5.6590944E-03  7.3137723E-03  1.4869830E-04  0.0000000E+00
  2.0799350E+02  1.4888054E-02  5.5614574E-03  7.1393456E-03  1.4466169E-04  0.0000000E+00
  2.0799350E+02  1.4560986E-02  5.4681799E-03  6.9607712E-03  1.4069270E-04  0.0000000E+00
  2.0799350E+02  1.4249768E-02  5.3792513E-03  6.7878436E-03  1.3680624E-04  0.0000000E+00
  2.0799350E+02  1.3942587E-02  5.2936122E-03  6.6148272E-03  1.3306430E-04  0.0000000E+00
  2.0799350E+02  1.3635066E-02  5.2092204E-03  6.4431103E-03  1.2940842E-04  0.0000000E+00
  2.0799350E+02  1.3330892E-02  5.1244060E-03  6.2775843E-03  1.2580608E-04  0.0000000E+00
  2.0799350E+02  1.3035783E-02  5.0381708E-03  6.1234385E-03  1.2223994E-04  0.0000000E+00
  2.0799350E+02  1.2753884E-02  4.9502765E-03  5.9842707E-03  1.1870001E-04  0.0000000E+00
  2.0799350E+02  1.2486134E-02  4.8611681E-03  5.8612689E-03  1.1517847E-04  0.0000000E+00
  2.0799350E+02  1.2230171E-02  4.7717807E-03  5.7532189E-03  1.1166702E-04  0.0000000E+00
  2.0799350E+02  1.1981289E-02  4.6832766E-03  5.6570923E-03  1.0815606E-04  0.0000000E+00
  2.0799350E+02  1.1734033E-02  4.5967613E-03  5.5689700E-03  1.0463584E-04  0.0000000E+00
  2.0799350E+02  1.1483946E-02  4.5130233E-03  5.4850552E-03  1.0109881E-04  0.0000000E+00
  2.0799350E+02  1.1229031E-02  4.4323481E-03  5.4025323E-03  9.7543158E-05  0.0000000E+00
  2.0799350E+02  1.0970480E-02  4.3544518E-03  5.3200241E-03  9.3977148E-05  0.0000000E+00
  2.0799350E+02  1.0712197E-02  4.2785821E-03  5.2374038E-03  9.0423806E-05  0.0000000E+00
  2.0799350E+02  1.0458683E-02  4.2038351E-03  5.1547170E-03  8.6925797E-05  0.0000000E+00
  2.0799350E+02  1.0210823E-02  4.1297331E-03  5.0699655E-03  8.3550087E-05  0.0000000E+00
  2.0799350E+02  9.9640677E-03  4.0569301E-03  4.9778429E-03  8.0326400E-05  0.0000000E+00
  2.0799350E+02  9.7240664E-03  3.9857755E-03  4.8822123E-03  7.7225428E-05  0.0000000E+00
  2.0799350E+02  9.4808324E-03  3.9165588E-03  4.7796992E-03  7.4283757E-05  0.0000000E+00
  2.0799350E+02  9.2318277E-03  3.8500814E-03  4.6681333E-03  7.1473988E-05  0.0000000E+00
  2.0799350E+02  8.9790880E-03  3.7872529E-03  4.5477696E-03  6.8796153E-05  0.0000000E+00
  2.0799350E+02  8.7258860E-03  3.7288058E-03  4.4204944E-03  6.6263547E-05  0.0000000E+00
  2.0799350E+02  8.4748098E-03  3.6751322E-03  4.2891949E-03  6.3892300E-05  0.0000000E+00
  2.0799350E+02  8.2269744E-03  3.6262216E-03  4.1572667E-03  6.1694276E-05  0.0000000E+00
  2.0799350E+02  7.9820865E-03  3.5816807E-03  4.0282354E-03  5.9672854E-05  0.0000000E+00
  2.0799350E+02  7.7390798E-03  3.5408127E-03  3.9054630E-03  5.7821198E-05  0.0000000E+00
  2.0799350E+02  7.4970404E-03  3.5027390E-03  3.7919157E-03  5.6122558E-05  0.0000000E+00
  2.0799350E+02  7.2561402E-03  3.4665409E-03  3.6899659E-03  5.4552212E-05  0.0000000E+00
  2.0799350E+02  7.0182977E-03  3.4314018E-03  3.6012026E-03  5.3080601E-05  0.0000000E+00
  2.0799350E+02  0.0000000E+00  0.0000000E+00  0.0000000E+00  5.8360032E-04  0.0000000E+00
  2.0799350E+02  1.1991604E-02  2.8792336E-04  8.7014059E-03  5.7563974E-04  0.0000000E+00
  2.0799350E+02  2.5425882E-02  9.8214306E-04  2.0462972E-02  5.9198569E-04  0.0000000E+00
  2.0799350E+02  2.8472015E-02  2.4745214E-03  2.6547599E-02  6.2336533E-04  0.0000000E+00
  2.0799350E+02  2.8235922E-02  4.5890211E-03  2.7980309E-02  6.6766824E-04  0.0000000E+00
  2.0799350E+02  2.8133734E-02  6.8629159E-03  2.7090059E-02  7.1870307E-04  0.0000000E+00
  2.0799350E+02  2.8559880E-02  8.9669915E-03  2.5387819E-02  7.6896139E-04  0.0000000E+00
  2.0799350E+02  2.9393420E-02  1.0728930E-02  2.3703713E-02  8.1333074E-04  0.0000000E+00
  2.0799350E+02  3.0385830E-02  1.2093705E-02  2.2403984E-02  8.4725330E-04  0.0000000E+00
  2.0799350E+02  3.1380405E-02  1.3089738E-02  2.1538283E-02  8.6757281E-04  0.0000000E+00
  2.0799350E+02  3.2343171E-02  1.3757756E-02  2.0985404E-02  8.7333284E-04  0.0000000E+00
  2.0799350E+02  3.3244438E-02  1.4139276E-02  2.0611238E-02  8.6548965E-04  0.0000000E+00
  2.0799350E+02  3.4030926E-02  1.4278409E-02  2.0332681E-02  8.4645058E-04  0.0000000E+00
  2.0799350E+02  3.4655384E-02  1.4225629E-02  2.0108634E-02  8.2007149E-04  0.0000000E+00
  2.0799350E+02  3.5112120E-02  1.4034960E-02  1.9888444E-02  7.9111789E-04  0.0000000E+00
  2.0799350E+02  3.5386217E-02  1.3746510E-02  1.9584619E-02  7.6387559E-04  0.0000000E+00
  2.0799350E+02  3.5453576E-02  1.3403662E-02  1.9174820E-02  7.4052761E-04  0.0000000E+00
  2.0799350E+02  3.5294836E-02  1.3040056E-02  1.8735222E-02  7.1904219E-04  0.0000000E+00
  2.0799350E+02  3.4967029E-02  1.2677752E-02  1.8314408E-02  6.9581157E-04  0.0000000E+00
  2.0799350E+02  3.4531473E-02  1.2328988E-02  1.7917368E-02  6.6956442E-04  0.0000000E+00
  2.0799350E+02  3.4012759E-02  1.1998035E-02  1.7526922E-02  6.4133953E-04  0.0000000E+00
  2.0799350E+02  3.3402634E-02  1.1683730E-02  1.7123578E-02  6.1305692E-04  0.0000000E+00
  2.0799350E+02  3.2693697E-02  1.1384812E-02  1.6703495E-02  5.8595756E-04  0.0000000E+00
  2.0799350E+02  3.1903738E-02  1.1099036E-02  1.6279451E-02  5.5916748E-04  0.0000000E+00
  2.0799350E+02  3.1090118E-02  1.0826680E-02  1.5875121E-02  5.3043088E-04  0.0000000E+00
  2.0799350E+02  3.0314616E-02  1.0568846E-02  1.5497155E-02  4.9919740E-04  0.0000000E+00
  2.0799350E+02  2.9586497E-02  1.0325083E-02  1.5129555E-02  4.6879957E-04  0.0000000E+00
  2.0799350E+02  2.8813690E-02  1.0088918E-02  1.4764175E-02  4.4068000E-04  0.0000000E+00
  2.0799350E+02  2.8032621E-02  9.8581123E-03  1.4389825E-02  4.1641343E-04  0.0000000E+00
  2.0799350E+02  2.7281427E-02  9.6390321E-03  1.4018458E-02  3.9583385E-04  0.0000000E+00
  2.0799350E+02  2.6572022E-02  9.4394077E-03  1.3666720E-02  3.7832311E-04  0.0000000E+00
  2.0799350E+02  2.5904351E-02  9.2650726E-03  1.3350629E-02  3.6327253E-04  0.0000000E+00
  2.0799350E+02  2.5267832E-02  9.1160764E-03  1.3077327E-02  3.5007671E-04  0.0000000E+00
  2.0799350E+02  2.4654439E-02  8.9885804E-03  1.2846099E-02  3.3832370E-04  0.0000000E+00
  2.0799350E+02  2.4062094E-02  8.8760259E-03  1.2648042E-02  3.2772353E-04  0.0000000E+00
  2.0799350E+02  2.3501495E-02  8.7721801E-03  1.2469765E-02  3.1812434E-04  0.0000000E+00
  2.0799350E+02  2.2988176E-02  8.6719361E-03  1.2294754E-02  3.0934251E-04  0.0000000E+00
  2.0799350E+02  2.2540151E-02  8.5730476E-03  1.2108816E-02  3.0122726E-04  0.0000000E+00
  2.0799350E+02  2.2163451E-02  8.4747749E-03  1.1903271E-02  2.9369783E-04  0.0000000E+00
  2.0799350E+02  2.1858125E-02  8.3760437E-03  1.1691511E-02  2.8683797E-04  0.0000000E+00
  2.0799350E+02  2.1605146E-02  8.2802820E-03  1.1487042E-02  2.8043980E-04  0.0000000E+00
  2.0799350E+02  2.1373048E-02  8.1887483E-03  1.1295815E-02  2.7424642E-04  0.0000000E+00
  2.0799350E+02  2.1151015E-02  8.1009373E-03  1.1120975E-02  2.6805914E-04  0.0000000E+00
  2.0799350E+02  2.0930932E-02  8.0153690E-03  1.0956933E-02  2.6176341E-04  0.0000000E+00
  2.0799350E+02  2.0708719E-02  7.9303163E-03  1.0796390E-02  2.5534535E-04  0.0000000E+00
  2.0799350E+02  2.0481744E-02  7.8432043E-03  1.0632260E-02  2.4880123E-04  0.0000000E+00
  2.0799350E+02  2.0250121E-02  7.7516527E-03  1.0460686E-02  2.4216512E-04  0.0000000E+00
  2.0799350E+02  2.0015533E-02  7.6535905E-03  1.0280835E-02  2.3547327E-04  0.0000000E+00
  2.0799350E+02  1.9782419E-02  7.5483668E-03  1.0095618E-02  2.2880406E-04  0.0000000E+00
  2.0799350E+02  1.9554737E-02  7.4359449E-03  9.9085484E-03  2.2220119E-04  0.0000000E+00
  2.0799350E+02  1.9336716E-02  7.3176108E-03  9.7236172E-03  2.1572009E-04  0.0000000E+00
  2.0799350E+02  1.9131202E-02  7.1955047E-03  9.5437692E-03  2.0941663E-04  0.0000000E+00
  2.0799350E+02  1.8937746E-02  7.0717002E-03  9.3699879E-03  2.0333875E-04  0.0000000E+00
  2.0799350E+02  1.8751988E-02  6.9479078E-03  9.2029240E-03  1.9757310E-04  0.0000000E+00
  2.0799350E+02  1.8570441E-02  6.8245997E-03  9.0448597E-03  1.9214741E-04  0.0000000E+00
  2.0799350E+02  1.8381075E-02  6.7069154E-03  8.8971198E-03  1.8707592E-04  0.0000000E+00
  2.0799350E+02  1.8171721E-02  6.5941049E-03  8.7605605E-03  1.8236704E-04  0.0000000E+00
  2.0799350E+02  1.7941451E-02  6.4866931E-03  8.6327091E-03  1.7795936E-04  0.0000000E+00
  2.0799350E+02  1.7689285E-02  6.3847555E-03  8.5071855E-03  1.7374180E-04  0.0000000E+00
  2.0799350E+02  1.7415279E-02  6.2880356E-03  8.3777447E-03  1.6962678E-04  0.0000000E+00
  2.0799350E+02  1.7120086E-02  6.1955077E-03  8.2398191E-03  1.6555988E-04  0.0000000E+00
  2.0799350E+02  1.6804489E-02  6.1053409E-03  8.0910240E-03  1.6151526E-04  0.0000000E+00
  2.0799350E+02  1.6471914E-02  6.0158994E-03  7.9322379E-03  1.5751649E-04  0.0000000E+00
  2.0799350E+02  1.6125235E-02  5.9252501E-03  7.7654218E-03  1.5357832E-04  0.0000000E+00
  2.0799350E+02  1.5769102E-02  5.8322803E-03  7.5937489E-03  1.4971967E-04  0.0000000E+00
  2.0799350E+02  1.5408636E-02  5.7367049E-03  7.4200022E-03  1.4593654E-04  0.0000000E+00
  2.0799350E+02  1.5051609E-02  5.6398616E-03  7.2469009E-03  1.4222374E-04  0.0000000E+00
  2.0799350E+02  1.4703706E-02  5.5434171E-03  7.0746336E-03  1.3854147E-04  0.0000000E+00
  2.0799350E+02  1.4369776E-02  5.4493077E-03  6.9020815E-03  1.3486704E-04  0.0000000E+00
  2.0799350E+02  1.4051231E-02  5.3582265E-03  6.7272648E-03  1.3123432E-04  0.0000000E+00
  2.0799350E+02  1.3747027E-02  5.2686396E-03  6.5517712E-03  1.2773482E-04  0.0000000E+00
  2.0799350E+02  1.3457497E-02  5.1817352E-03  6.3841478E-03  1.2427050E-04  0.0000000E+00
  2.0799350E+02  1.3171967E-02  5.0955190E-03  6.2244830E-03  1.2084774E-04  0.0000000E+00
  2.0799350E+02  1.2893626E-02  5.0096372E-03  6.0780947E-03  1.1742149E-04  0.0000000E+00
  2.0799350E+02  1.2624510E-02  4.9234942E-03  5.9465956E-03  1.1397303E-04  0.0000000E+00
  2.0799350E+02  1.2366391E-02  4.8372006E-03  5.8298890E-03  1.1052338E-04  0.0000000E+00
  2.0799350E+02  1.2117614E-02  4.7507805E-03  5.7256876E-03  1.0708643E-04  0.0000000E+00
  2.0799350E+02  1.1875375E-02  4.6647711E-03  5.6312600E-03  1.0368555E-04  0.0000000E+00
  2.0799350E+02  1.1635513E-02  4.5797938E-03  5.5436356E-03  1.0033522E-04  0.0000000E+00
  2.0799350E+02  1.1395146E-02  4.4969756E-03  5.4606536E-03  9.7060642E-05  0.0000000E+00
  2.0799350E+02  1.1151030E-02  4.4168260E-03  5.3802742E-03  9.3859351E-05  0.0000000E+00
  2.0799350E+02  1.0902054E-02  4.3396729E-03  5.3012704E-03  9.0725336E-05  0.0000000E+00
  2.0799350E+02  1.0649210E-02  4.2653990E-03  5.2229203E-03  8.7645218E-05  0.0000000E+00
  2.0799350E+02  1.0395012E-02  4.1933200E-03  5.1445105E-03  8.4597497E-05  0.0000000E+00
  2.0799350E+02  1.0144460E-02  4.1228615E-03  5.0653252E-03  8.1581644E-05  0.0000000E+00
  2.0799350E+02  9.9005041E-03  4.0531527E-03  4.9830030E-03  7.8595281E-05  0.0000000E+00
  2.0799350E+02  9.6629931E-03  3.9841606E-03  4.8930631E-03  7.5668897E-05  0.0000000E+00
  2.0799350E+02  9.4265578E-03  3.9167151E-03  4.7906806E-03  7.2838043E-05  0.0000000E+00
  2.0799350E+02  9.1896641E-03  3.8511619E-03  4.6828796E-03  7.0133013E-05  0.0000000E+00
  2.0799350E+02  8.9474157E-03  3.7888774E-03  4.5673407E-03  6.7578628E-05  0.0000000E+00
  2.0799350E+02  8.7013017E-03  3.7308612E-03  4.4445655E-03  6.5170582E-05  0.0000000E+00
  2.0799350E+02  8.4544096E-03  3.6776922E-03  4.3167280E-03  6.2914175E-05  0.0000000E+00
  2.0799350E+02  8.2092806E-03  3.6293983E-03  4.1867371E-03  6.0811758E-05  0.0000000E+00
  2.0799350E+02  7.9687796E-03  3.5858217E-03  4.0585998E-03  5.8871978E-05  0.0000000E+00
  2.0799350E+02  7.7332111E-03  3.5461841E-03  3.9355559E-03  5.7084421E-05  0.0000000E+00
  2.0799350E+02  7.5023304E-03  3.5095667E-03  3.8206702E-03  5.5434613E-05  0.0000000E+00
  2.0799350E+02  7.2750396E-03  3.4749019E-03  3.7161746E-03  5.3898842E-05  0.0000000E+00
  2.0799350E+02  7.0516920E-03  3.4413658E-03  3.6240389E-03  5.2457639E-05  0.0000000E+00
  2.0799350E+02  6.8322827E-03  3.4081374E-03  3.5447580E-03  5.1082713E-05  0.0000000E+00
  2.0799350E+02  6.6185138E-03  3.3747459E-03  3.4781075E-03  4.9751768E-05  0.0000000E+00
