          atime         vdf_uu         vdf_vv         vdf_ww         pm1avg           tavg
  2.0799350E+02  1.4526445E-01 -3.8774709E-05  7.0861904E-02 -8.4116403E-02  0.0000000E+00
  2.0799350E+02  5.0752250E-02  2.3099949E-03  1.9820762E-02 -8.3523519E-02  0.0000000E+00
  2.0799350E+02 -8.1198716E-02  4.2649606E-03 -6.3233032E-03 -8.2266432E-02  0.0000000E+00
  2.0799350E+02 -4.5849623E-02  3.7060947E-03 -1.6283770E-02 -8.0429800E-02  0.0000000E+00
  2.0799350E+02 -6.3700246E-03  1.8991026E-03 -1.4292306E-02 -7.8449917E-02  0.0000000E+00
  2.0799350E+02  4.7834571E-03  1.4990744E-04 -8.9847674E-03 -7.6577742E-02  0.0000000E+00
  2.0799350E+02  5.2932489E-03 -1.0693088E-03 -3.9440462E-03 -7.4857711E-02  0.0000000E+00
  2.0799350E+02  3.0971034E-03 -1.8472777E-03 -4.2220573E-04 -7.3235418E-02  0.0000000E+00
  2.0799350E+02  2.5672544E-03 -2.3332523E-03  9.3984528E-04 -7.1635461E-02  0.0000000E+00
  2.0799350E+02  2.0581779E-03 -2.4919351E-03  1.2190257E-03 -6.9996317E-02  0.0000000E+00
  2.0799350E+02  1.6900714E-03 -2.2029287E-03  1.1270512E-03 -6.8274457E-02  0.0000000E+00
  2.0799350E+02  1.1558740E-03 -1.6314014E-03  7.7528288E-04 -6.6451041E-02  0.0000000E+00
  2.0799350E+02  4.6586338E-04 -1.1016417E-03  9.5601133E-05 -6.4535137E-02  0.0000000E+00
  2.0799350E+02 -1.0338000E-04 -7.8990783E-04 -6.6171873E-04 -6.2559026E-02  0.0000000E+00
  2.0799350E+02 -3.2151309E-04 -5.6445613E-04 -7.2991034E-04 -6.0563377E-02  0.0000000E+00
  2.0799350E+02 -3.0946566E-04 -3.2657095E-04 -2.1724814E-04 -5.8573726E-02  0.0000000E+00
  2.0799350E+02 -3.1769044E-04 -1.9535507E-05 -3.5200588E-04 -5.6602816E-02  0.0000000E+00
  2.0799350E+02 -4.1649849E-04  2.1396261E-04 -3.6968188E-04 -5.4656926E-02  0.0000000E+00
  2.0799350E+02 -5.8937234E-04  3.4899655E-04 -3.3206151E-04 -5.2745672E-02  0.0000000E+00
  2.0799350E+02 -7.2090455E-04  4.5949024E-04 -2.4254425E-04 -5.0877670E-02  0.0000000E+00
  2.0799350E+02 -7.9209550E-04  5.6313609E-04 -1.2738078E-04 -4.9058430E-02  0.0000000E+00
  2.0799350E+02 -8.6467932E-04  5.9950804E-04 -3.2301249E-05 -4.7290626E-02  0.0000000E+00
  2.0799350E+02 -9.7007587E-04  4.8954145E-04  1.6597663E-05 -4.5575487E-02  0.0000000E+00
  2.0799350E+02 -1.0185673E-03  2.2455183E-04  3.8839354E-05 -4.3914070E-02  0.0000000E+00
  2.0799350E+02 -8.4429716E-04 -6.7036087E-05  6.3559844E-05 -4.2307157E-02  0.0000000E+00
  2.0799350E+02 -5.0169057E-04 -1.2707700E-04 -1.7361289E-05 -4.0752531E-02  0.0000000E+00
  2.0799350E+02 -6.0619064E-04 -7.7260646E-05 -5.6743657E-05 -3.9246318E-02  0.0000000E+00
  2.0799350E+02 -6.8790014E-04 -4.7637702E-05  7.8290040E-05 -3.7791355E-02  0.0000000E+00
  2.0799350E+02 -5.1922250E-04  5.1982441E-05  7.6514108E-05 -3.6376289E-02  0.0000000E+00
  2.0799350E+02 -2.4588839E-04  1.7616416E-04  9.4199199E-06 -3.5009424E-02  0.0000000E+00
  2.0799350E+02 -4.6241829E-05  2.9158057E-04 -1.7506064E-05 -3.3699519E-02  0.0000000E+00
  2.0799350E+02 -8.0019419E-07  3.7501075E-04  4.2206864E-05 -3.2452893E-02  0.0000000E+00
  2.0799350E+02 -6.6582731E-05  4.1208854E-04  1.5680943E-04 -3.1271077E-02  0.0000000E+00
  2.0799350E+02 -1.2131247E-04  3.9680505E-04  2.4603523E-04 -3.0150842E-02  0.0000000E+00
  2.0799350E+02 -4.2958588E-05  3.3172317E-04  2.3514710E-04 -2.9085790E-02  0.0000000E+00
  2.0799350E+02  2.0991379E-04  2.2886251E-04  1.0876356E-04 -2.8068657E-02  0.0000000E+00
  2.0799350E+02  5.5151918E-04  1.1121316E-04 -6.0098254E-05 -2.7093501E-02  0.0000000E+00
  2.0799350E+02  7.9048575E-04  1.4836646E-05 -1.3032665E-04 -2.6156944E-02  0.0000000E+00
  2.0799350E+02  7.5428070E-04 -8.4876471E-06  1.3070084E-05 -2.5257619E-02  0.0000000E+00
  2.0799350E+02  5.3096987E-04  2.7344900E-05  5.9329822E-05 -2.4394622E-02  0.0000000E+00
  2.0799350E+02  3.3833448E-04  2.4353452E-05  3.8257316E-05 -2.3563779E-02  0.0000000E+00
  2.0799350E+02  1.9536558E-04  2.6916375E-05  6.5730619E-05 -2.2762374E-02  0.0000000E+00
  2.0799350E+02  1.0392025E-04  3.4878686E-05  6.6866506E-05 -2.1989609E-02  0.0000000E+00
  2.0799350E+02  6.1584301E-05  4.3433939E-05  3.8549396E-05 -2.1244587E-02  0.0000000E+00
  2.0799350E+02  6.0227912E-05  4.6992493E-05  2.8187566E-06 -2.0526181E-02  0.0000000E+00
  2.0799350E+02  8.6993432E-05  4.1563680E-05 -1.9659237E-05 -1.9832933E-02  0.0000000E+00
  2.0799350E+02  1.2680508E-04  2.5903607E-05 -2.0616659E-05 -1.9162985E-02  0.0000000E+00
  2.0799350E+02  1.6548996E-04  1.6802788E-06 -4.2862642E-06 -1.8514094E-02  0.0000000E+00
  2.0799350E+02  1.9260006E-04 -2.7092251E-05  1.8837732E-05 -1.7883733E-02  0.0000000E+00
  2.0799350E+02  2.0302457E-04 -5.5098978E-05  3.9999679E-05 -1.7269336E-02  0.0000000E+00
  2.0799350E+02  1.9648236E-04 -7.6996611E-05  5.7362444E-05 -1.6668676E-02  0.0000000E+00
  2.0799350E+02  1.7398383E-04 -8.8662077E-05  7.3786439E-05 -1.6080447E-02  0.0000000E+00
  2.0799350E+02  1.3035195E-04 -8.8165169E-05  8.2626850E-05 -1.5505037E-02  0.0000000E+00
  2.0799350E+02  4.1891873E-05 -7.6213630E-05  3.6968217E-05 -1.4945549E-02  0.0000000E+00
  2.0799350E+02 -1.2589555E-04 -2.6132186E-05 -8.2231449E-06 -1.4403164E-02  0.0000000E+00
  2.0799350E+02 -2.1283739E-04  1.1865412E-05  4.7486709E-05 -1.3879610E-02  0.0000000E+00
  2.0799350E+02 -2.3430253E-04  2.2828610E-05  7.2503195E-05 -1.3373855E-02  0.0000000E+00
  2.0799350E+02 -2.3419882E-04  2.3238072E-05  6.3192866E-05 -1.2885140E-02  0.0000000E+00
  2.0799350E+02 -2.3420685E-04  1.9968426E-05  3.2792467E-05 -1.2412852E-02  0.0000000E+00
  2.0799350E+02 -2.3895928E-04  1.5109642E-05 -2.0560359E-06 -1.1956793E-02  0.0000000E+00
  2.0799350E+02 -2.4228835E-04  9.0809931E-06 -2.8888785E-05 -1.1516748E-02  0.0000000E+00
  2.0799350E+02 -2.3358591E-04  2.2820195E-06 -4.2418243E-05 -1.1092292E-02  0.0000000E+00
  2.0799350E+02 -2.0357651E-04 -4.3645197E-06 -4.4130157E-05 -1.0682756E-02  0.0000000E+00
  2.0799350E+02 -1.4880413E-04 -9.6227073E-06 -3.9663155E-05 -1.0287306E-02  0.0000000E+00
  2.0799350E+02 -7.4133005E-05 -1.2551556E-05 -3.5154845E-05 -9.9050745E-03  0.0000000E+00
  2.0799350E+02  7.4368839E-06 -1.3156128E-05 -3.3738305E-05 -9.5352792E-03  0.0000000E+00
  2.0799350E+02  7.8339084E-05 -1.2726700E-05 -3.3372818E-05 -9.1772813E-03  0.0000000E+00
  2.0799350E+02  1.2409424E-04 -1.3510976E-05 -2.7192751E-05 -8.8305170E-03  0.0000000E+00
  2.0799350E+02  1.4574740E-04 -1.7364360E-05 -7.5584385E-06 -8.4942474E-03  0.0000000E+00
  2.0799350E+02  1.7778848E-04 -2.3023295E-05  2.5007049E-05 -8.1670671E-03  0.0000000E+00
  2.0799350E+02  2.3580302E-04 -1.8149467E-05  4.5273830E-05 -7.8474938E-03  0.0000000E+00
  2.0799350E+02  1.6801931E-04 -3.3958045E-06  7.0738179E-05 -7.5357236E-03  0.0000000E+00
  2.0799350E+02  1.2845535E-04  7.0577013E-06  9.7434317E-05 -7.2294167E-03  0.0000000E+00
  2.0799350E+02  1.1491251E-04  1.6239177E-05  1.0394252E-04 -6.9290749E-03  0.0000000E+00
  2.0799350E+02  1.1309459E-04  2.5072035E-05  8.8942588E-05 -6.6347323E-03  0.0000000E+00
  2.0799350E+02  1.0837609E-04  3.3366557E-05  6.0936265E-05 -6.3464076E-03  0.0000000E+00
  2.0799350E+02  9.2179453E-05  4.0533442E-05  3.0981062E-05 -6.0643260E-03  0.0000000E+00
  2.0799350E+02  6.4057925E-05  4.6052426E-05  8.0424748E-06 -5.7889623E-03  0.0000000E+00
  2.0799350E+02  3.0580941E-05  4.9729052E-05 -3.4283493E-06 -5.5209547E-03  0.0000000E+00
  2.0799350E+02  2.1187557E-06  5.1772704E-05 -4.0844789E-06 -5.2609416E-03  0.0000000E+00
  2.0799350E+02 -1.1376870E-05  5.2728989E-05  1.1664271E-06 -5.0093725E-03  0.0000000E+00
  2.0799350E+02 -4.4991409E-06  5.3299579E-05  5.0582687E-06 -4.7663417E-03  0.0000000E+00
  2.0799350E+02  2.0676926E-05  5.4082585E-05  5.1620404E-07 -4.5314992E-03  0.0000000E+00
  2.0799350E+02  5.3885458E-05  5.5264268E-05 -1.6490695E-05 -4.3044927E-03  0.0000000E+00
  2.0799350E+02  7.9665162E-05  5.6310419E-05 -4.4427218E-05 -4.0835439E-03  0.0000000E+00
  2.0799350E+02  8.4152325E-05  5.5652995E-05 -7.3851942E-05 -3.8683631E-03  0.0000000E+00
  2.0799350E+02  6.8114313E-05  5.0451536E-05 -8.6277558E-05 -3.6592063E-03  0.0000000E+00
  2.0799350E+02  6.1258002E-05  4.4181566E-05 -7.1237193E-05 -3.4563490E-03  0.0000000E+00
  2.0799350E+02  4.0401831E-05  5.3248249E-05 -6.5207157E-05 -3.2587992E-03  0.0000000E+00
  2.0799350E+02  9.9373253E-06  6.4568927E-05 -5.2837921E-05 -3.0690020E-03  0.0000000E+00
  2.0799350E+02 -1.2738384E-05  7.2654906E-05 -3.2373144E-05 -2.8869868E-03  0.0000000E+00
  2.0799350E+02 -2.0168651E-05  7.4782540E-05 -6.3642587E-06 -2.7126887E-03  0.0000000E+00
  2.0799350E+02 -1.2105016E-05  7.0395181E-05  2.1011525E-05 -2.5458677E-03  0.0000000E+00
  2.0799350E+02  7.1856675E-06  6.0496927E-05  4.5691044E-05 -2.3860951E-03  0.0000000E+00
  2.0799350E+02  3.1427422E-05  4.7060477E-05  6.4689921E-05 -2.2327900E-03  0.0000000E+00
  2.0799350E+02  5.4507348E-05  3.2471402E-05  7.6459312E-05 -2.0852873E-03  0.0000000E+00
  2.0799350E+02  7.2166572E-05  1.9031126E-05  8.0801752E-05 -1.9429229E-03  0.0000000E+00
  2.0799350E+02  8.3062649E-05  8.5409266E-06  7.8513200E-05 -1.8051161E-03  0.0000000E+00
  2.0799350E+02  8.9056136E-05  1.9892533E-06  7.0918368E-05 -1.6714337E-03  0.0000000E+00
  2.0799350E+02  9.4574075E-05 -6.3532613E-07  5.9466431E-05 -1.5416186E-03  0.0000000E+00
  2.0799350E+02  4.1464065E-02  1.3059670E-03  3.3871239E-02 -5.2486986E-02  0.0000000E+00
  2.0799350E+02  4.9683802E-02  1.5354920E-03  4.5542888E-03 -5.2518810E-02  0.0000000E+00
  2.0799350E+02  1.9057315E-02  1.2773109E-03  3.0418965E-03 -5.2529435E-02  0.0000000E+00
  2.0799350E+02 -3.4103202E-02  8.6278925E-04  2.2830341E-03 -5.2518653E-02  0.0000000E+00
  2.0799350E+02 -4.1850354E-02  8.3508716E-04 -1.4769950E-03 -5.2464947E-02  0.0000000E+00
  2.0799350E+02 -2.1882689E-02  8.9481272E-04 -5.0170099E-03 -5.2383226E-02  0.0000000E+00
  2.0799350E+02 -5.2202698E-03  8.2911643E-04 -5.7709463E-03 -5.2308207E-02  0.0000000E+00
  2.0799350E+02  2.2061738E-03  5.7690888E-04 -4.5305316E-03 -5.2266340E-02  0.0000000E+00
  2.0799350E+02  4.0761061E-03  4.6407146E-05 -2.4142439E-03 -5.2252684E-02  0.0000000E+00
  2.0799350E+02  4.2983690E-03 -5.0724802E-04 -1.0576563E-03 -5.2232866E-02  0.0000000E+00
  2.0799350E+02  3.6664043E-03 -9.1145466E-04 -3.3706852E-04 -5.2166675E-02  0.0000000E+00
  2.0799350E+02  2.8926658E-03 -1.1253670E-03 -2.3885530E-06 -5.2013716E-02  0.0000000E+00
  2.0799350E+02  2.2205358E-03 -1.2089410E-03  4.0483518E-07 -5.1741027E-02  0.0000000E+00
  2.0799350E+02  1.6787120E-03 -1.2489336E-03 -2.1022207E-04 -5.1334311E-02  0.0000000E+00
  2.0799350E+02  1.3309884E-03 -1.2866429E-03 -2.8469136E-04 -5.0794307E-02  0.0000000E+00
  2.0799350E+02  8.3574330E-04 -1.2575352E-03 -1.4975864E-04 -5.0129194E-02  0.0000000E+00
  2.0799350E+02  6.5661659E-05 -1.0666865E-03  1.2077942E-04 -4.9356118E-02  0.0000000E+00
  2.0799350E+02 -2.7917021E-04 -8.1624599E-04  1.6988446E-04 -4.8501247E-02  0.0000000E+00
  2.0799350E+02 -2.8648502E-04 -5.6869649E-04 -5.4786648E-05 -4.7584892E-02  0.0000000E+00
  2.0799350E+02 -2.2134696E-04 -3.4814061E-04 -3.7064682E-04 -4.6621091E-02  0.0000000E+00
  2.0799350E+02 -2.4756412E-04 -1.5278516E-04 -5.7087606E-04 -4.5621602E-02  0.0000000E+00
  2.0799350E+02 -3.6236194E-04  2.3025638E-05 -5.3876495E-04 -4.4594663E-02  0.0000000E+00
  2.0799350E+02 -4.6605193E-04  1.6692049E-04 -2.9062361E-04 -4.3550973E-02  0.0000000E+00
  2.0799350E+02 -4.9233438E-04  2.4281282E-04  3.1087622E-05 -4.2491730E-02  0.0000000E+00
  2.0799350E+02 -5.1559404E-04  2.0635058E-04  1.8909120E-04 -4.1418264E-02  0.0000000E+00
  2.0799350E+02 -7.6106287E-04  5.7320768E-05 -1.1851258E-04 -4.0336341E-02  0.0000000E+00
  2.0799350E+02 -1.1026821E-03  3.1011035E-06 -3.2241843E-04 -3.9255908E-02  0.0000000E+00
  2.0799350E+02 -8.7239592E-04  4.3860212E-05 -1.0530382E-04 -3.8185991E-02  0.0000000E+00
  2.0799350E+02 -6.0554085E-04  4.5041419E-05  4.4671815E-05 -3.7127795E-02  0.0000000E+00
  2.0799350E+02 -4.7891396E-04  1.1168558E-05  9.4299615E-05 -3.6078868E-02  0.0000000E+00
  2.0799350E+02 -4.5853122E-04 -2.0175254E-05  7.7449526E-05 -3.5038230E-02  0.0000000E+00
  2.0799350E+02 -4.6680660E-04 -1.9305803E-05  4.1620885E-05 -3.4011613E-02  0.0000000E+00
  2.0799350E+02 -4.5651839E-04  1.8431594E-05  1.8413523E-05 -3.2999555E-02  0.0000000E+00
  2.0799350E+02 -4.2048043E-04  7.4212769E-05  1.4193641E-05 -3.2005076E-02  0.0000000E+00
  2.0799350E+02 -3.6542896E-04  1.1832919E-04  1.5628009E-05 -3.1030503E-02  0.0000000E+00
  2.0799350E+02 -2.8007427E-04  1.2736110E-04  5.3883223E-06 -3.0084450E-02  0.0000000E+00
  2.0799350E+02 -1.2470682E-04  1.0049436E-04 -1.6605767E-05 -2.9170281E-02  0.0000000E+00
  2.0799350E+02  1.2676370E-04  6.6635845E-05 -1.1412372E-05 -2.8290437E-02  0.0000000E+00
  2.0799350E+02  3.6504821E-04  7.7351175E-05  1.1707245E-04 -2.7438111E-02  0.0000000E+00
  2.0799350E+02  3.8757364E-04  1.1298766E-04  2.1226030E-04 -2.6612305E-02  0.0000000E+00
  2.0799350E+02  4.5286056E-04  8.7272914E-05  1.4618039E-04 -2.5809324E-02  0.0000000E+00
  2.0799350E+02  4.4530124E-04  5.9615976E-05  1.1693868E-04 -2.5025280E-02  0.0000000E+00
  2.0799350E+02  3.6220253E-04  4.2231325E-05  9.6709279E-05 -2.4264175E-02  0.0000000E+00
  2.0799350E+02  2.4410024E-04  3.4183096E-05  7.3839174E-05 -2.3525349E-02  0.0000000E+00
  2.0799350E+02  1.3886350E-04  2.9378406E-05  4.6660638E-05 -2.2810729E-02  0.0000000E+00
  2.0799350E+02  7.8833508E-05  2.1676585E-05  1.8554012E-05 -2.2117904E-02  0.0000000E+00
  2.0799350E+02  7.2885108E-05  7.7827673E-06 -5.2002810E-06 -2.1445815E-02  0.0000000E+00
  2.0799350E+02  1.0730800E-04 -1.1886540E-05 -1.9654707E-05 -2.0792133E-02  0.0000000E+00
  2.0799350E+02  1.5351769E-04 -3.3586053E-05 -2.1456105E-05 -2.0157602E-02  0.0000000E+00
  2.0799350E+02  1.8085282E-04 -5.2028986E-05 -9.8037160E-06 -1.9538731E-02  0.0000000E+00
  2.0799350E+02  1.7019865E-04 -6.2400803E-05  1.3162764E-05 -1.8932536E-02  0.0000000E+00
  2.0799350E+02  1.2660386E-04 -6.2684946E-05  4.1803880E-05 -1.8335908E-02  0.0000000E+00
  2.0799350E+02  8.7808415E-05 -5.5649802E-05  6.6202884E-05 -1.7745907E-02  0.0000000E+00
  2.0799350E+02  1.2632833E-04 -5.0192458E-05  7.0610838E-05 -1.7166365E-02  0.0000000E+00
  2.0799350E+02  1.3610152E-04 -5.7197077E-05 -1.1846327E-05 -1.6596496E-02  0.0000000E+00
  2.0799350E+02  1.8200610E-05 -5.8206488E-05 -4.7531795E-05 -1.6036622E-02  0.0000000E+00
  2.0799350E+02 -8.2121376E-05 -5.5025294E-05 -2.0829034E-05 -1.5490893E-02  0.0000000E+00
  2.0799350E+02 -1.5461803E-04 -5.2067051E-05  1.8039175E-05 -1.4962048E-02  0.0000000E+00
  2.0799350E+02 -1.9651439E-04 -5.0482475E-05  4.4619890E-05 -1.4450032E-02  0.0000000E+00
  2.0799350E+02 -2.1056402E-04 -4.9298409E-05  5.1048651E-05 -1.3955280E-02  0.0000000E+00
  2.0799350E+02 -2.0331274E-04 -4.6567041E-05  3.9208997E-05 -1.3477487E-02  0.0000000E+00
  2.0799350E+02 -1.8274172E-04 -4.0430912E-05  1.5671320E-05 -1.3014852E-02  0.0000000E+00
  2.0799350E+02 -1.5614839E-04 -3.0064508E-05 -1.1555318E-05 -1.2567639E-02  0.0000000E+00
  2.0799350E+02 -1.2803441E-04 -1.6194358E-05 -3.5433090E-05 -1.2133559E-02  0.0000000E+00
  2.0799350E+02 -9.9199383E-05 -1.2932227E-06 -5.0821361E-05 -1.1711469E-02  0.0000000E+00
  2.0799350E+02 -6.6821836E-05  1.0824501E-05 -5.4822453E-05 -1.1300042E-02  0.0000000E+00
  2.0799350E+02 -2.6487801E-05  1.5957398E-05 -4.6581942E-05 -1.0900707E-02  0.0000000E+00
  2.0799350E+02  2.4330570E-05  1.1472167E-05 -2.6897214E-05 -1.0512915E-02  0.0000000E+00
  2.0799350E+02  7.9828901E-05 -1.0957982E-06  2.2485721E-06 -1.0136360E-02  0.0000000E+00
  2.0799350E+02  1.1688073E-04 -1.2308770E-05  3.7791698E-05 -9.7689512E-03  0.0000000E+00
  2.0799350E+02  1.1161023E-04 -1.1475180E-05  4.8484505E-05 -9.4078165E-03  0.0000000E+00
  2.0799350E+02  1.4837546E-04 -2.1056741E-05  3.3406535E-05 -9.0591493E-03  0.0000000E+00
  2.0799350E+02  1.6867877E-04 -2.2975504E-05  5.5074785E-05 -8.7168537E-03  0.0000000E+00
  2.0799350E+02  1.6060488E-04 -1.7326888E-05  8.2821845E-05 -8.3814588E-03  0.0000000E+00
  2.0799350E+02  1.3031906E-04 -5.3563568E-06  1.0016106E-04 -8.0520762E-03  0.0000000E+00
  2.0799350E+02  9.0150121E-05  1.0774764E-05  1.0086787E-04 -7.7294205E-03  0.0000000E+00
  2.0799350E+02  5.0987038E-05  2.8510610E-05  8.5840254E-05 -7.4126556E-03  0.0000000E+00
  2.0799350E+02  1.9193164E-05  4.5226968E-05  6.0074606E-05 -7.1019412E-03  0.0000000E+00
  2.0799350E+02 -3.8017295E-06  5.8655350E-05  3.0279468E-05 -6.7972894E-03  0.0000000E+00
  2.0799350E+02 -1.9735588E-05  6.7129011E-05  3.1989055E-06 -6.5006134E-03  0.0000000E+00
  2.0799350E+02 -3.1173369E-05  6.9981476E-05 -1.6148496E-05 -6.2122396E-03  0.0000000E+00
  2.0799350E+02 -3.8782089E-05  6.7567174E-05 -2.5191181E-05 -5.9328826E-03  0.0000000E+00
  2.0799350E+02 -3.9865474E-05  6.1259742E-05 -2.4324204E-05 -5.6628898E-03  0.0000000E+00
  2.0799350E+02 -2.8840217E-05  5.3216475E-05 -1.6886226E-05 -5.4016552E-03  0.0000000E+00
  2.0799350E+02 -8.7124742E-07  4.5992081E-05 -8.7483982E-06 -5.1494772E-03  0.0000000E+00
  2.0799350E+02  4.0675181E-05  4.1734559E-05 -7.2639919E-06 -4.9049215E-03  0.0000000E+00
  2.0799350E+02  7.1624883E-05  4.1238336E-05 -1.9894717E-05 -4.6671131E-03  0.0000000E+00
  2.0799350E+02  7.0034517E-05  3.8863756E-05 -4.3118066E-05 -4.4355403E-03  0.0000000E+00
  2.0799350E+02  8.9589621E-05  2.9029918E-05 -5.8775342E-05 -4.2103737E-03  0.0000000E+00
  2.0799350E+02  8.9818903E-05  2.6266746E-05 -6.6842533E-05 -3.9916028E-03  0.0000000E+00
  2.0799350E+02  7.3544851E-05  3.2388124E-05 -6.2530308E-05 -3.7802203E-03  0.0000000E+00
  2.0799350E+02  5.0294500E-05  4.3496482E-05 -4.6367104E-05 -3.5768553E-03  0.0000000E+00
  2.0799350E+02  2.9929197E-05  5.4151368E-05 -2.1712982E-05 -3.3813694E-03  0.0000000E+00
  2.0799350E+02  1.9206959E-05  5.9858558E-05  6.7836888E-06 -3.1942641E-03  0.0000000E+00
  2.0799350E+02  2.0195747E-05  5.8454959E-05  3.4620965E-05 -3.0146547E-03  0.0000000E+00
  2.0799350E+02  3.0783998E-05  5.0252194E-05  5.7964370E-05 -2.8418055E-03  0.0000000E+00
  2.0799350E+02  4.6153809E-05  3.7524916E-05  7.4052810E-05 -2.6746116E-03  0.0000000E+00
  2.0799350E+02  6.0754826E-05  2.3646410E-05  8.1217182E-05 -2.5129216E-03  0.0000000E+00
  2.0799350E+02  7.0648201E-05  1.1801297E-05  7.9069663E-05 -2.3558486E-03  0.0000000E+00
  2.0799350E+02  7.5080581E-05  4.0442083E-06  6.8391833E-05 -2.2030471E-03  0.0000000E+00
  2.0799350E+02  1.8940297E-02  1.5414411E-03  1.8355019E-02 -2.0498925E-02  0.0000000E+00
  2.0799350E+02  7.8110884E-03  8.3967923E-04  1.5190452E-03 -2.0702204E-02  0.0000000E+00
  2.0799350E+02  1.5104021E-02  9.7412141E-04 -6.4969164E-04 -2.0924408E-02  0.0000000E+00
  2.0799350E+02  2.2649726E-02  8.0245694E-04 -1.2317638E-04 -2.1202964E-02  0.0000000E+00
  2.0799350E+02  1.6330109E-02  2.4017564E-04  1.2258142E-03 -2.1515074E-02  0.0000000E+00
  2.0799350E+02 -5.3746850E-03 -2.9308619E-04  1.9950334E-03 -2.1821849E-02  0.0000000E+00
  2.0799350E+02 -2.4978500E-02 -4.8429789E-04  1.7366927E-03 -2.2107648E-02  0.0000000E+00
  2.0799350E+02 -2.9409417E-02 -2.5838506E-04  3.0296122E-04 -2.2391971E-02  0.0000000E+00
  2.0799350E+02 -2.1055399E-02  2.1962647E-04 -1.1817980E-03 -2.2701555E-02  0.0000000E+00
  2.0799350E+02 -9.8816146E-03  6.1711110E-04 -2.2901126E-03 -2.3086145E-02  0.0000000E+00
  2.0799350E+02 -2.0899761E-03  7.1814823E-04 -2.6892978E-03 -2.3560343E-02  0.0000000E+00
  2.0799350E+02  2.0230059E-03  5.7795148E-04 -2.3329057E-03 -2.4117261E-02  0.0000000E+00
  2.0799350E+02  3.4486822E-03  3.6684824E-04 -1.6075907E-03 -2.4741059E-02  0.0000000E+00
  2.0799350E+02  3.3127950E-03  1.9891292E-04 -9.5821796E-04 -2.5395211E-02  0.0000000E+00
  2.0799350E+02  2.8921022E-03  5.7233624E-05 -3.8415365E-04 -2.6031029E-02  0.0000000E+00
  2.0799350E+02  2.4603564E-03 -6.7702736E-05 -1.0658247E-04 -2.6629299E-02  0.0000000E+00
  2.0799350E+02  1.7347680E-03 -2.4333136E-04 -3.9565242E-04 -2.7157388E-02  0.0000000E+00
  2.0799350E+02  1.2444092E-03 -4.7362241E-04 -2.7800407E-04 -2.7605190E-02  0.0000000E+00
  2.0799350E+02  9.6213775E-04 -6.5260616E-04 -2.3514037E-05 -2.7959116E-02  0.0000000E+00
  2.0799350E+02  7.8807333E-04 -7.1001196E-04  1.7770801E-04 -2.8213628E-02  0.0000000E+00
  2.0799350E+02  6.4736911E-04 -6.4154643E-04  2.4267675E-04 -2.8366963E-02  0.0000000E+00
  2.0799350E+02  5.1243132E-04 -5.0442041E-04  1.7465686E-04 -2.8420815E-02  0.0000000E+00
  2.0799350E+02  3.8254544E-04 -3.8630956E-04  1.9662177E-05 -2.8381583E-02  0.0000000E+00
  2.0799350E+02  2.5386650E-04 -3.5593370E-04 -1.7406629E-04 -2.8260874E-02  0.0000000E+00
  2.0799350E+02  1.1273129E-04 -4.0343958E-04 -3.6799843E-04 -2.8072864E-02  0.0000000E+00
  2.0799350E+02 -1.4749709E-05 -3.7877229E-04 -4.9106384E-04 -2.7826210E-02  0.0000000E+00
  2.0799350E+02 -1.5390060E-04 -2.1661487E-04 -3.9651173E-04 -2.7528494E-02  0.0000000E+00
  2.0799350E+02 -3.1846891E-04 -2.5884539E-05 -1.6904792E-04 -2.7192040E-02  0.0000000E+00
  2.0799350E+02 -3.7186072E-04  8.2384304E-05 -2.2722195E-05 -2.6818650E-02  0.0000000E+00
  2.0799350E+02 -3.8887580E-04  8.4173038E-05  1.4856702E-05 -2.6413183E-02  0.0000000E+00
  2.0799350E+02 -4.4759751E-04  3.5696453E-05 -6.4842861E-06 -2.5979489E-02  0.0000000E+00
  2.0799350E+02 -5.5371512E-04 -2.3617646E-06 -3.9556497E-05 -2.5520885E-02  0.0000000E+00
  2.0799350E+02 -6.4285433E-04 -4.7543684E-08 -6.7277910E-05 -2.5040515E-02  0.0000000E+00
  2.0799350E+02 -6.2971424E-04  3.6622635E-05 -9.5601492E-05 -2.4541571E-02  0.0000000E+00
  2.0799350E+02 -4.7280869E-04  7.9769948E-05 -1.2996912E-04 -2.4027377E-02  0.0000000E+00
  2.0799350E+02 -2.2361038E-04  1.0250216E-04 -1.5335666E-04 -2.3501326E-02  0.0000000E+00
  2.0799350E+02 -2.8895616E-05  9.9894835E-05 -1.2397574E-04 -2.2966671E-02  0.0000000E+00
  2.0799350E+02 -5.5088002E-05  9.7496453E-05 -1.0697922E-05 -2.2426161E-02  0.0000000E+00
  2.0799350E+02 -3.0339911E-04  1.3674891E-04  1.1573334E-04 -2.1881514E-02  0.0000000E+00
  2.0799350E+02 -5.6533510E-04  1.6163291E-04 -1.3139561E-04 -2.1338111E-02  0.0000000E+00
  2.0799350E+02 -4.7368553E-04  1.8449768E-04 -1.6494206E-04 -2.0800295E-02  0.0000000E+00
  2.0799350E+02 -2.1974585E-04  2.2484029E-04  7.4566709E-07 -2.0270826E-02  0.0000000E+00
  2.0799350E+02 -2.5664107E-05  2.4621056E-04  1.5370075E-04 -1.9751795E-02  0.0000000E+00
  2.0799350E+02  7.1009952E-05  2.3736883E-04  2.2925952E-04 -1.9242138E-02  0.0000000E+00
  2.0799350E+02  1.0545307E-04  2.0239895E-04  2.3217907E-04 -1.8740049E-02  0.0000000E+00
  2.0799350E+02  1.1953469E-04  1.5286347E-04  1.8922859E-04 -1.8244327E-02  0.0000000E+00
  2.0799350E+02  1.3200185E-04  1.0189244E-04  1.2544146E-04 -1.7754888E-02  0.0000000E+00
  2.0799350E+02  1.3526345E-04  6.0097778E-05  5.7215568E-05 -1.7272653E-02  0.0000000E+00
  2.0799350E+02  1.0915453E-04  3.3204531E-05 -4.5511800E-06 -1.6799060E-02  0.0000000E+00
  2.0799350E+02  4.2061091E-05  2.1290976E-05 -4.8102666E-05 -1.6335401E-02  0.0000000E+00
  2.0799350E+02 -5.0213763E-05  1.9529036E-05 -5.8056645E-05 -1.5882236E-02  0.0000000E+00
  2.0799350E+02 -1.1746181E-04  2.0316756E-05 -2.3039775E-05 -1.5439091E-02  0.0000000E+00
  2.0799350E+02 -8.9579192E-05  1.6694473E-05  3.9461596E-05 -1.5004671E-02  0.0000000E+00
  2.0799350E+02  7.7807341E-05  6.9363326E-06  3.4222139E-05 -1.4577825E-02  0.0000000E+00
  2.0799350E+02  1.8094477E-04  1.6358400E-05 -3.6177561E-05 -1.4154337E-02  0.0000000E+00
  2.0799350E+02  2.0890822E-04  2.6613849E-05  3.6417187E-05 -1.3732427E-02  0.0000000E+00
  2.0799350E+02  2.2050856E-04  1.7869436E-05  7.5158901E-05 -1.3312438E-02  0.0000000E+00
  2.0799350E+02  1.8021580E-04 -1.2561676E-06  5.9781815E-05 -1.2894012E-02  0.0000000E+00
  2.0799350E+02  9.6296118E-05 -2.1509113E-05  1.2519084E-05 -1.2479002E-02  0.0000000E+00
  2.0799350E+02 -4.5177161E-06 -3.6468649E-05 -3.3845333E-05 -1.2070177E-02  0.0000000E+00
  2.0799350E+02 -9.4034171E-05 -4.3831070E-05 -5.4857933E-05 -1.1670299E-02  0.0000000E+00
  2.0799350E+02 -1.5254962E-04 -4.5051226E-05 -4.2666594E-05 -1.1281527E-02  0.0000000E+00
  2.0799350E+02 -1.7299455E-04 -4.3883547E-05 -6.1377238E-06 -1.0905092E-02  0.0000000E+00
  2.0799350E+02 -1.6053999E-04 -4.4364479E-05  3.4723819E-05 -1.0541219E-02  0.0000000E+00
  2.0799350E+02 -1.2892482E-04 -4.8778264E-05  5.7595499E-05 -1.0189229E-02  0.0000000E+00
  2.0799350E+02 -9.4764635E-05 -5.6147985E-05  4.7442011E-05 -9.8477936E-03  0.0000000E+00
  2.0799350E+02 -7.1102865E-05 -6.1793796E-05  4.4477913E-06 -9.5152818E-03  0.0000000E+00
  2.0799350E+02 -6.1464787E-05 -5.8500251E-05 -5.2179433E-05 -9.1901709E-03  0.0000000E+00
  2.0799350E+02 -5.5675129E-05 -3.9834669E-05 -8.6990580E-05 -8.8714627E-03  0.0000000E+00
  2.0799350E+02 -2.8699935E-05 -6.1584415E-06 -6.0119198E-05 -8.5590680E-03  0.0000000E+00
  2.0799350E+02  2.8781350E-05  2.1514596E-05 -1.6088226E-05 -8.2541269E-03  0.0000000E+00
  2.0799350E+02  5.5792064E-05  2.7127313E-05 -3.3758578E-05 -7.9553210E-03  0.0000000E+00
  2.0799350E+02  9.0292564E-05  2.6020999E-05  5.9432894E-06 -7.6622760E-03  0.0000000E+00
  2.0799350E+02  1.2083461E-04  1.8872057E-05  5.0205005E-05 -7.3755501E-03  0.0000000E+00
  2.0799350E+02  1.4045216E-04  9.1260905E-06  7.9595376E-05 -7.0949254E-03  0.0000000E+00
  2.0799350E+02  1.4608942E-04  7.3335063E-07  9.2194998E-05 -6.8197440E-03  0.0000000E+00
  2.0799350E+02  1.3777439E-04 -3.2518530E-06  9.2904150E-05 -6.5491969E-03  0.0000000E+00
  2.0799350E+02  1.1765677E-04 -1.3562708E-06  8.7062687E-05 -6.2825603E-03  0.0000000E+00
  2.0799350E+02  8.9029376E-05  6.1941881E-06  7.7516594E-05 -6.0193745E-03  0.0000000E+00
  2.0799350E+02  5.5452107E-05  1.7774906E-05  6.4265891E-05 -5.7595605E-03  0.0000000E+00
  2.0799350E+02  2.0097401E-05  3.0933093E-05  4.5828572E-05 -5.5034689E-03  0.0000000E+00
  2.0799350E+02 -1.4563663E-05  4.3079942E-05  2.1455260E-05 -5.2518561E-03  0.0000000E+00
  2.0799350E+02 -4.6615660E-05  5.2155941E-05 -6.6707317E-06 -5.0057830E-03  0.0000000E+00
  2.0799350E+02 -7.3974443E-05  5.7120872E-05 -3.2113262E-05 -4.7664307E-03  0.0000000E+00
  2.0799350E+02 -9.2965064E-05  5.8120034E-05 -4.4608451E-05 -4.5348288E-03  0.0000000E+00
  2.0799350E+02 -9.6082957E-05  5.6178230E-05 -3.3100326E-05 -4.3114901E-03  0.0000000E+00
  2.0799350E+02 -6.8819346E-05  5.2273040E-05  7.7476786E-06 -4.0959481E-03  0.0000000E+00
  2.0799350E+02 -3.4206006E-05  4.4125275E-05  2.1036225E-05 -3.8871089E-03  0.0000000E+00
  2.0799350E+02 -2.4516234E-05  3.6874078E-05 -1.1986207E-05 -3.6847686E-03  0.0000000E+00
  2.0799350E+02  1.2294231E-05  3.2672238E-05 -2.6840849E-05 -3.4873466E-03  0.0000000E+00
  2.0799350E+02  5.5768706E-05  2.9858000E-05 -3.6797574E-05 -3.2949690E-03  0.0000000E+00
  2.0799350E+02  9.2093917E-05  2.8575174E-05 -4.3907204E-05 -3.1082291E-03  0.0000000E+00
  2.0799350E+02  1.1401355E-04  2.9232211E-05 -4.5903523E-05 -2.9278116E-03  0.0000000E+00
  2.0799350E+02  1.2002019E-04  3.1707035E-05 -4.0417140E-05 -2.7542431E-03  0.0000000E+00
  2.0799350E+02  1.1302077E-04  3.5132337E-05 -2.7025424E-05 -2.5877516E-03  0.0000000E+00
  2.0799350E+02  9.8670697E-05  3.8096079E-05 -7.6627480E-06 -2.4282171E-03  0.0000000E+00
  2.0799350E+02  8.3571764E-05  3.9091898E-05  1.4084742E-05 -2.2751957E-03  0.0000000E+00
  2.0799350E+02  7.3528967E-05  3.7054162E-05  3.4275590E-05 -2.1279987E-03  0.0000000E+00
  2.0799350E+02  7.2061399E-05  3.1812374E-05  4.9976513E-05 -1.9858092E-03  0.0000000E+00
  2.0799350E+02  7.9362330E-05  2.4299662E-05  6.0168662E-05 -1.8478197E-03  0.0000000E+00
  2.0799350E+02  2.9712700E-02  2.4178447E-03  1.6417587E-02 -8.6958033E-03  0.0000000E+00
  2.0799350E+02 -4.2429963E-04  9.2166006E-04  6.1550273E-04 -8.7877795E-03  0.0000000E+00
  2.0799350E+02  3.7409306E-04  9.4680269E-04 -1.5273121E-03 -8.9885203E-03  0.0000000E+00
  2.0799350E+02  5.5292998E-03  1.0684395E-03 -6.9514419E-04 -9.3305973E-03  0.0000000E+00
  2.0799350E+02  1.0223960E-02  9.8582453E-04  3.4396355E-04 -9.7587292E-03  0.0000000E+00
  2.0799350E+02  1.2675615E-02  4.9054995E-04  9.6383331E-04 -1.0203615E-02  0.0000000E+00
  2.0799350E+02  1.1630305E-02  3.4096914E-05  8.5343539E-04 -1.0608918E-02  0.0000000E+00
  2.0799350E+02  6.9592200E-03 -1.8344635E-04  8.2452083E-04 -1.0925265E-02  0.0000000E+00
  2.0799350E+02 -1.4289242E-03 -3.0294226E-04  1.4002547E-03 -1.1106166E-02  0.0000000E+00
  2.0799350E+02 -1.0380457E-02 -6.1842028E-04  1.2155085E-03 -1.1130144E-02  0.0000000E+00
  2.0799350E+02 -1.6615471E-02 -6.2887991E-04  7.1903739E-04 -1.1025151E-02  0.0000000E+00
  2.0799350E+02 -1.9129988E-02 -2.7996144E-04  1.3554125E-04 -1.0854879E-02  0.0000000E+00
  2.0799350E+02 -1.8409956E-02  7.4794780E-05 -6.3928464E-04 -1.0687750E-02  0.0000000E+00
  2.0799350E+02 -1.3981487E-02  1.9814377E-04 -1.4385004E-03 -1.0568926E-02  0.0000000E+00
  2.0799350E+02 -5.9010071E-03  2.9778141E-04 -1.7279490E-03 -1.0514741E-02  0.0000000E+00
  2.0799350E+02 -2.1125591E-03  3.8790141E-04 -1.8906250E-03 -1.0539441E-02  0.0000000E+00
  2.0799350E+02  1.0593029E-03  2.6362513E-04 -1.4458301E-03 -1.0644320E-02  0.0000000E+00
  2.0799350E+02  3.1493773E-03  1.0414667E-04 -9.4441435E-04 -1.0828967E-02  0.0000000E+00
  2.0799350E+02  3.7286179E-03 -6.6053684E-05 -6.5205840E-04 -1.1081683E-02  0.0000000E+00
  2.0799350E+02  3.5112740E-03 -1.9386770E-04 -4.4839251E-04 -1.1384753E-02  0.0000000E+00
  2.0799350E+02  3.1350941E-03 -2.5384054E-04 -2.1987342E-04 -1.1719794E-02  0.0000000E+00
  2.0799350E+02  2.7679647E-03 -2.6273083E-04  2.3925569E-05 -1.2068761E-02  0.0000000E+00
  2.0799350E+02  2.2473334E-03 -2.6520433E-04  2.0180956E-04 -1.2412935E-02  0.0000000E+00
  2.0799350E+02  1.4587657E-03 -3.0351572E-04  2.7143991E-04 -1.2732253E-02  0.0000000E+00
  2.0799350E+02  6.5998491E-04 -3.8403350E-04  2.8999325E-04 -1.3007319E-02  0.0000000E+00
  2.0799350E+02  4.5721906E-04 -4.5351319E-04  3.1617944E-04 -1.3226763E-02  0.0000000E+00
  2.0799350E+02  3.5644977E-04 -4.7546932E-04  8.0561402E-05 -1.3384777E-02  0.0000000E+00
  2.0799350E+02  4.8041446E-04 -4.0185099E-04 -3.0880951E-05 -1.3486545E-02  0.0000000E+00
  2.0799350E+02  7.0777042E-04 -3.0700443E-04 -1.0684201E-04 -1.3534298E-02  0.0000000E+00
  2.0799350E+02  7.1595834E-04 -2.4010306E-04 -1.9462770E-04 -1.3533384E-02  0.0000000E+00
  2.0799350E+02  4.5736698E-04 -2.0341067E-04 -2.4773769E-04 -1.3492321E-02  0.0000000E+00
  2.0799350E+02  4.8157270E-05 -1.8103568E-04 -2.2432645E-04 -1.3418591E-02  0.0000000E+00
  2.0799350E+02 -3.3606704E-04 -1.5745103E-04 -1.2802024E-04 -1.3317028E-02  0.0000000E+00
  2.0799350E+02 -5.4879300E-04 -1.2701380E-04 -6.8197600E-06 -1.3190004E-02  0.0000000E+00
  2.0799350E+02 -5.3638731E-04 -9.5718894E-05  7.4181638E-05 -1.3038605E-02  0.0000000E+00
  2.0799350E+02 -3.6819134E-04 -7.6420770E-05  7.0534649E-05 -1.2864034E-02  0.0000000E+00
  2.0799350E+02 -2.2397315E-04 -7.8757563E-05 -9.1043342E-06 -1.2668422E-02  0.0000000E+00
  2.0799350E+02 -3.2978752E-04 -9.5011671E-05 -9.1516279E-05 -1.2454268E-02  0.0000000E+00
  2.0799350E+02 -8.3329487E-04 -8.3141024E-05 -6.4197052E-05 -1.2221723E-02  0.0000000E+00
  2.0799350E+02 -7.7759018E-04  8.6165594E-06 -3.9954758E-05 -1.1976342E-02  0.0000000E+00
  2.0799350E+02 -3.4389896E-04  6.9818925E-06 -9.8585836E-05 -1.1722082E-02  0.0000000E+00
  2.0799350E+02 -2.4193814E-04 -9.1625615E-06 -1.1134180E-04 -1.1456382E-02  0.0000000E+00
  2.0799350E+02 -2.5999005E-04  9.6256104E-06 -9.7896645E-05 -1.1185161E-02  0.0000000E+00
  2.0799350E+02 -2.7187037E-04  5.8839354E-05 -6.7175079E-05 -1.0912368E-02  0.0000000E+00
  2.0799350E+02 -2.2410173E-04  1.1650241E-04 -2.4278052E-05 -1.0640430E-02  0.0000000E+00
  2.0799350E+02 -1.1780004E-04  1.6370684E-04  2.5610935E-05 -1.0370622E-02  0.0000000E+00
  2.0799350E+02  1.2432981E-05  1.9278544E-04  7.5709813E-05 -1.0103379E-02  0.0000000E+00
  2.0799350E+02  1.2031778E-04  2.0669677E-04  1.1788343E-04 -9.8385816E-03  0.0000000E+00
  2.0799350E+02  1.6811201E-04  2.1320046E-04  1.4402169E-04 -9.5758091E-03  0.0000000E+00
  2.0799350E+02  1.4293923E-04  2.1740037E-04  1.4792158E-04 -9.3145946E-03  0.0000000E+00
  2.0799350E+02  6.6937908E-05  2.1623348E-04  1.2704422E-04 -9.0546932E-03  0.0000000E+00
  2.0799350E+02 -1.0626723E-06  1.9848191E-04  8.3518015E-05 -8.7963796E-03  0.0000000E+00
  2.0799350E+02  2.5366978E-05  1.5388599E-04  2.3759353E-05 -8.5407945E-03  0.0000000E+00
  2.0799350E+02  2.3810609E-04  9.4935871E-05 -4.3918289E-05 -8.2903543E-03  0.0000000E+00
  2.0799350E+02  1.5662300E-04  8.4177236E-05 -1.6694225E-04 -8.0437700E-03  0.0000000E+00
  2.0799350E+02 -7.8934829E-05  8.2315701E-05 -1.9339890E-04 -7.8014122E-03  0.0000000E+00
  2.0799350E+02 -6.9470822E-05  8.1184480E-05 -1.1879881E-04 -7.5642935E-03  0.0000000E+00
  2.0799350E+02  5.3993560E-05  8.3153950E-05 -1.9323820E-05 -7.3297741E-03  0.0000000E+00
  2.0799350E+02  1.8807590E-04  8.3000300E-05  5.9375353E-05 -7.0962318E-03  0.0000000E+00
  2.0799350E+02  2.6821137E-04  7.5147782E-05  9.7286889E-05 -6.8629400E-03  0.0000000E+00
  2.0799350E+02  2.6980330E-04  5.7378268E-05  9.3976698E-05 -6.6299404E-03  0.0000000E+00
  2.0799350E+02  2.0184829E-04  3.1792777E-05  6.1902837E-05 -6.3979047E-03  0.0000000E+00
  2.0799350E+02  9.5538507E-05  3.8096570E-06  1.9649881E-05 -6.1679819E-03  0.0000000E+00
  2.0799350E+02 -9.6563080E-06 -2.0015927E-05 -1.4372313E-05 -5.9416237E-03  0.0000000E+00
  2.0799350E+02 -7.9924457E-05 -3.4566513E-05 -2.7221057E-05 -5.7203864E-03  0.0000000E+00
  2.0799350E+02 -9.8551104E-05 -3.8344603E-05 -1.5120776E-05 -5.5053417E-03  0.0000000E+00
  2.0799350E+02 -7.2372469E-05 -3.4479755E-05  1.4756453E-05 -5.2982647E-03  0.0000000E+00
  2.0799350E+02 -3.0912117E-05 -2.9804247E-05  4.5436929E-05 -5.0991324E-03  0.0000000E+00
  2.0799350E+02 -1.5113189E-05 -3.1108449E-05  5.4296565E-05 -4.9072515E-03  0.0000000E+00
  2.0799350E+02 -5.3877380E-05 -3.7924070E-05  2.0985273E-05 -4.7204885E-03  0.0000000E+00
  2.0799350E+02 -7.1860810E-05 -3.6520653E-05 -4.1008852E-05 -4.5377414E-03  0.0000000E+00
  2.0799350E+02 -2.6935916E-05 -2.2692486E-05 -4.9270483E-05 -4.3621889E-03  0.0000000E+00
  2.0799350E+02 -4.0269661E-05  4.4640389E-07 -3.7029089E-05 -4.1883444E-03  0.0000000E+00
  2.0799350E+02 -5.6708253E-05  2.1900401E-05 -1.4465566E-05 -4.0170930E-03  0.0000000E+00
  2.0799350E+02 -5.5077924E-05  3.5708529E-05  9.8728619E-06 -3.8486424E-03  0.0000000E+00
  2.0799350E+02 -3.3656394E-05  3.9704781E-05  3.0587963E-05 -3.6828160E-03  0.0000000E+00
  2.0799350E+02  1.2847762E-07  3.4429690E-05  4.5663438E-05 -3.5192525E-03  0.0000000E+00
  2.0799350E+02  3.6440210E-05  2.2185562E-05  5.5767672E-05 -3.3575318E-03  0.0000000E+00
  2.0799350E+02  6.6882717E-05  6.2277753E-06  6.2978459E-05 -3.1972457E-03  0.0000000E+00
  2.0799350E+02  8.6124188E-05 -9.9154443E-06  6.9281873E-05 -3.0380339E-03  0.0000000E+00
  2.0799350E+02  9.1963163E-05 -2.3002357E-05  7.5197445E-05 -2.8796020E-03  0.0000000E+00
  2.0799350E+02  8.4504169E-05 -3.0523741E-05  7.8881840E-05 -2.7217431E-03  0.0000000E+00
  2.0799350E+02  6.5110238E-05 -3.1043214E-05  7.6063166E-05 -2.5643804E-03  0.0000000E+00
  2.0799350E+02  3.5799692E-05 -2.4439434E-05  6.1158132E-05 -2.4076508E-03  0.0000000E+00
  2.0799350E+02 -2.4550351E-07 -1.2057760E-05  2.9924176E-05 -2.2520482E-03  0.0000000E+00
  2.0799350E+02 -3.6392426E-05  3.2210251E-06 -1.6001224E-05 -2.0986459E-03  0.0000000E+00
  2.0799350E+02 -5.7823608E-05  1.6987354E-05 -6.2321915E-05 -1.9494163E-03  0.0000000E+00
  2.0799350E+02 -8.0304263E-05  2.5100602E-05 -4.4018170E-05 -1.8058295E-03  0.0000000E+00
  2.0799350E+02 -1.1164077E-04  2.7145039E-05  1.5758244E-06 -1.6683121E-03  0.0000000E+00
  2.0799350E+02 -1.0732113E-04  2.2322972E-05  1.0037308E-05 -1.5371555E-03  0.0000000E+00
  2.0799350E+02 -8.9063491E-05  1.4462702E-05  1.5168278E-06 -1.4104626E-03  0.0000000E+00
  2.0799350E+02 -6.4731086E-05  7.9146614E-06 -1.1683364E-05 -1.2873852E-03  0.0000000E+00
  2.0799350E+02 -3.5778974E-05  5.8541821E-06 -2.2705556E-05 -1.1677776E-03  0.0000000E+00
  2.0799350E+02 -2.0936914E-06  9.4940988E-06 -2.8343906E-05 -1.0519052E-03  0.0000000E+00
  2.0799350E+02  3.5339082E-05  1.8016522E-05 -2.7755932E-05 -9.4020503E-04  0.0000000E+00
  2.0799350E+02  7.3503871E-05  2.9033117E-05 -2.1571195E-05 -8.3309960E-04  0.0000000E+00
  2.0799350E+02  1.0772672E-04  3.9383223E-05 -1.1290264E-05 -7.3086073E-04  0.0000000E+00
  2.0799350E+02  1.3291351E-04  4.6079157E-05  1.1330150E-06 -6.3352377E-04  0.0000000E+00
  2.0799350E+02  1.4522018E-04  4.7208027E-05  1.3632862E-05 -5.4085048E-04  0.0000000E+00
  2.0799350E+02  1.4371990E-04  4.2599403E-05  2.4403470E-05 -4.5233978E-04  0.0000000E+00
  2.0799350E+02  7.2908202E-02  2.2652195E-03  3.3305399E-02 -9.9522719E-04  0.0000000E+00
  2.0799350E+02 -6.8132928E-03  2.3223526E-03  1.2417402E-04 -1.0947418E-03  0.0000000E+00
  2.0799350E+02 -4.8862749E-03  2.3479078E-03 -4.0773145E-03 -1.6092841E-03  0.0000000E+00
  2.0799350E+02  2.7476637E-03  1.4040758E-03 -2.1308218E-03 -2.5291327E-03  0.0000000E+00
  2.0799350E+02  5.4509098E-03  6.5960784E-04 -4.8401000E-04 -3.6061228E-03  0.0000000E+00
  2.0799350E+02  5.2847791E-03  8.2394063E-05  9.8213305E-05 -4.6377050E-03  0.0000000E+00
  2.0799350E+02  3.9900428E-03 -6.4191740E-04  7.0230772E-04 -5.5177603E-03  0.0000000E+00
  2.0799350E+02  4.7155131E-03 -1.2238746E-03  9.9023566E-04 -6.1929936E-03  0.0000000E+00
  2.0799350E+02  4.2514311E-03 -1.3591125E-03  1.0008743E-03 -6.6228199E-03  0.0000000E+00
  2.0799350E+02  1.9996459E-03 -1.5745703E-03  2.9645870E-04 -6.7888258E-03  0.0000000E+00
  2.0799350E+02 -9.4289080E-04 -1.4959710E-03  2.3109698E-04 -6.6986078E-03  0.0000000E+00
  2.0799350E+02 -4.0941945E-03 -1.1207037E-03  3.8532449E-04 -6.3821244E-03  0.0000000E+00
  2.0799350E+02 -7.3891253E-03 -8.4198236E-04 -2.9845597E-04 -5.8860632E-03  0.0000000E+00
  2.0799350E+02 -9.4387898E-03 -7.2365015E-04 -1.3416750E-03 -5.2663279E-03  0.0000000E+00
  2.0799350E+02 -8.1880905E-03 -2.4682177E-04 -8.7606924E-04 -4.5770753E-03  0.0000000E+00
  2.0799350E+02 -9.5033671E-03  1.3980267E-04 -8.4375511E-04 -3.8557908E-03  0.0000000E+00
  2.0799350E+02 -9.8433444E-03  3.2392942E-04 -5.7767434E-04 -3.1381661E-03  0.0000000E+00
  2.0799350E+02 -6.2766402E-03  3.4693841E-04 -4.3040243E-04 -2.4387390E-03  0.0000000E+00
  2.0799350E+02 -2.3827268E-03  2.2024796E-04 -6.6758389E-04 -1.7893467E-03  0.0000000E+00
  2.0799350E+02  2.9200113E-04  1.8073680E-04 -7.5512194E-04 -1.2224378E-03  0.0000000E+00
  2.0799350E+02  1.5170040E-03  2.8275843E-04 -4.6519901E-04 -7.5807471E-04  0.0000000E+00
  2.0799350E+02  1.7678648E-03  3.6930448E-04 -5.0207618E-05 -3.9969610E-04  0.0000000E+00
  2.0799350E+02  1.7148019E-03  2.4742728E-04  9.7774127E-05 -1.4433094E-04  0.0000000E+00
  2.0799350E+02  1.8550873E-03 -9.7689846E-05 -9.2430308E-05  1.4307550E-05  0.0000000E+00
  2.0799350E+02  2.2647422E-03 -4.2345609E-04 -2.0406111E-04  8.3828123E-05  0.0000000E+00
  2.0799350E+02  2.4956869E-03 -4.5560682E-04  1.3491211E-04  8.3392363E-05  0.0000000E+00
  2.0799350E+02  2.4022086E-03 -4.5206178E-04 -5.9616037E-05  3.4811686E-05  0.0000000E+00
  2.0799350E+02  1.9036805E-03 -4.6295572E-04  2.0869634E-05 -4.1141448E-05  0.0000000E+00
  2.0799350E+02  1.2541756E-03 -4.8622828E-04  2.0367539E-04 -1.3088182E-04  0.0000000E+00
  2.0799350E+02  8.0965376E-04 -5.2736475E-04  2.6011854E-04 -2.2471478E-04  0.0000000E+00
  2.0799350E+02  6.6467904E-04 -5.6574786E-04  1.8658054E-04 -3.1108129E-04  0.0000000E+00
  2.0799350E+02  7.2422711E-04 -5.7695769E-04  5.4223706E-05 -3.8187705E-04  0.0000000E+00
  2.0799350E+02  8.0219545E-04 -5.4524560E-04 -6.8571886E-05 -4.3332169E-04  0.0000000E+00
  2.0799350E+02  7.2257248E-04 -4.6936090E-04 -1.4392034E-04 -4.6618212E-04  0.0000000E+00
  2.0799350E+02  4.0763684E-04 -3.6226343E-04 -1.6020536E-04 -4.8395266E-04  0.0000000E+00
  2.0799350E+02 -6.8558337E-05 -2.4705865E-04 -1.1622475E-04 -4.9076419E-04  0.0000000E+00
  2.0799350E+02 -4.8634037E-04 -1.4962147E-04 -1.2776555E-05 -4.8976809E-04  0.0000000E+00
  2.0799350E+02 -5.5277605E-04 -9.2590107E-05  1.2724755E-04 -4.8273520E-04  0.0000000E+00
  2.0799350E+02 -7.7987752E-05 -8.8377707E-05  1.9196231E-04 -4.7193449E-04  0.0000000E+00
  2.0799350E+02 -2.5486078E-04 -1.3792726E-04  3.2598214E-05 -4.5687014E-04  0.0000000E+00
  2.0799350E+02 -6.5090955E-04 -8.3798169E-05  4.5714784E-05 -4.3629515E-04  0.0000000E+00
  2.0799350E+02 -5.5691957E-04  5.1016742E-06  7.3430617E-05 -4.1058650E-04  0.0000000E+00
  2.0799350E+02 -3.3605697E-04  7.2770864E-05  4.6252263E-05 -3.7648396E-04  0.0000000E+00
  2.0799350E+02 -1.5465837E-04  1.1634518E-04 -1.2866314E-05 -3.3337572E-04  0.0000000E+00
  2.0799350E+02 -6.1459948E-05  1.4922034E-04 -6.0383799E-05 -2.8283956E-04  0.0000000E+00
  2.0799350E+02 -4.3583256E-05  1.8100547E-04 -6.9741802E-05 -2.2798166E-04  0.0000000E+00
  2.0799350E+02 -6.2837791E-05  2.1077440E-04 -4.2625481E-05 -1.7217042E-04  0.0000000E+00
  2.0799350E+02 -7.7234152E-05  2.2891886E-04 -2.0750275E-06 -1.1868981E-04  0.0000000E+00
  2.0799350E+02 -5.2323611E-05  2.2480953E-04  2.4126212E-05 -6.9580720E-05  0.0000000E+00
  2.0799350E+02  3.2235808E-05  1.9561927E-04  2.2089301E-05 -2.5172375E-05  0.0000000E+00
  2.0799350E+02  1.7607024E-04  1.5281627E-04  4.1008792E-06  1.6046019E-05  0.0000000E+00
  2.0799350E+02  3.4812863E-04  1.2193789E-04  6.2272996E-06  5.7402776E-05  0.0000000E+00
  2.0799350E+02  4.6448777E-04  1.3301300E-04  6.3781635E-05  1.0274051E-04  0.0000000E+00
  2.0799350E+02  3.5401100E-04  1.9613271E-04  1.5559735E-04  1.5505644E-04  0.0000000E+00
  2.0799350E+02  9.2017454E-05  2.0733148E-04  5.1624301E-05  2.1080015E-04  0.0000000E+00
  2.0799350E+02  5.6192100E-05  1.6181292E-04 -3.9184886E-05  2.6484638E-04  0.0000000E+00
  2.0799350E+02  2.4371218E-05  1.1802440E-04 -6.4774733E-05  3.1700446E-04  0.0000000E+00
  2.0799350E+02 -1.5351429E-05  7.6460283E-05 -8.0568318E-05  3.6618345E-04  0.0000000E+00
  2.0799350E+02 -4.3433181E-05  3.9514930E-05 -9.3998024E-05  4.1243664E-04  0.0000000E+00
  2.0799350E+02 -4.0002283E-05  9.6396246E-06 -9.5150507E-05  4.5630138E-04  0.0000000E+00
  2.0799350E+02 -1.6452614E-07 -1.1728375E-05 -7.5275761E-05  4.9835221E-04  0.0000000E+00
  2.0799350E+02  6.3426131E-05 -2.4717861E-05 -3.5029848E-05  5.3925699E-04  0.0000000E+00
  2.0799350E+02  1.2579933E-04 -3.0710497E-05  1.4507856E-05  5.7925769E-04  0.0000000E+00
  2.0799350E+02  1.6043394E-04 -3.2022434E-05  5.6287466E-05  6.1843838E-04  0.0000000E+00
  2.0799350E+02  1.5096170E-04 -3.1156333E-05  7.4405759E-05  6.5669061E-04  0.0000000E+00
  2.0799350E+02  1.0049509E-04 -3.0017789E-05  6.1623963E-05  6.9370544E-04  0.0000000E+00
  2.0799350E+02  3.4188188E-05 -2.9192383E-05  2.4600659E-05  7.2925130E-04  0.0000000E+00
  2.0799350E+02 -7.1132948E-06 -2.7459363E-05 -1.5078696E-05  7.6278121E-04  0.0000000E+00
  2.0799350E+02  1.2285676E-05 -2.1647018E-05 -2.6969367E-05  7.9357035E-04  0.0000000E+00
  2.0799350E+02  8.5095941E-05 -7.0139995E-06  1.2837576E-05  8.2041632E-04  0.0000000E+00
  2.0799350E+02  1.5501211E-06  1.8162323E-05  4.6910468E-05  8.4301544E-04  0.0000000E+00
  2.0799350E+02 -1.5846224E-04  2.6576899E-05 -6.0816488E-06  8.6496533E-04  0.0000000E+00
  2.0799350E+02 -1.1734473E-04  2.1623739E-05 -2.7825792E-05  8.8428275E-04  0.0000000E+00
  2.0799350E+02 -3.4845042E-05  1.2950733E-05 -3.2990310E-05  9.0223225E-04  0.0000000E+00
  2.0799350E+02  1.9637471E-05  7.2696375E-06 -2.6545449E-05  9.1948770E-04  0.0000000E+00
  2.0799350E+02  3.1015918E-05  7.5246763E-06 -1.0804492E-05  9.3642965E-04  0.0000000E+00
  2.0799350E+02  1.1802504E-05  1.3116026E-05  1.1122105E-05  9.5347248E-04  0.0000000E+00
  2.0799350E+02 -1.6525572E-05  2.0846563E-05  3.4212219E-05  9.7101643E-04  0.0000000E+00
  2.0799350E+02 -3.5051387E-05  2.6316909E-05  5.2501425E-05  9.8960332E-04  0.0000000E+00
  2.0799350E+02 -3.3452380E-05  2.5500089E-05  6.0965305E-05  1.0098697E-03  0.0000000E+00
  2.0799350E+02 -1.1559362E-05  1.6207809E-05  5.7659047E-05  1.0324431E-03  0.0000000E+00
  2.0799350E+02  2.2573838E-05 -9.6218994E-07  4.5215962E-05  1.0580046E-03  0.0000000E+00
  2.0799350E+02  5.6197596E-05 -2.2210858E-05  3.1054321E-05  1.0869598E-03  0.0000000E+00
  2.0799350E+02  7.6568812E-05 -4.1258062E-05  2.5362422E-05  1.1194838E-03  0.0000000E+00
  2.0799350E+02  7.5105349E-05 -5.1295818E-05  3.6097691E-05  1.1554057E-03  0.0000000E+00
  2.0799350E+02  4.9993557E-05 -4.8541101E-05  6.0163263E-05  1.1940994E-03  0.0000000E+00
  2.0799350E+02  5.6756268E-06 -3.7586020E-05  7.0267432E-05  1.2347564E-03  0.0000000E+00
  2.0799350E+02 -1.6077365E-05 -2.9919393E-05 -4.3936945E-06  1.2764835E-03  0.0000000E+00
  2.0799350E+02 -1.8131076E-05 -1.0809236E-05 -4.2963043E-05  1.3182771E-03  0.0000000E+00
  2.0799350E+02 -4.5830511E-05  4.5227005E-06 -2.8972436E-05  1.3577616E-03  0.0000000E+00
  2.0799350E+02 -7.7275570E-05  1.0155908E-05 -8.6973095E-06  1.3940834E-03  0.0000000E+00
  2.0799350E+02 -1.0061667E-04  7.5557723E-06  7.9145671E-07  1.4273357E-03  0.0000000E+00
  2.0799350E+02 -1.1047770E-04  1.3648212E-06 -1.7397418E-06  1.4577906E-03  0.0000000E+00
  2.0799350E+02 -1.0579368E-04 -3.4292128E-06 -1.0645349E-05  1.4858683E-03  0.0000000E+00
  2.0799350E+02 -8.8057377E-05 -3.2968246E-06 -1.9222301E-05  1.5119026E-03  0.0000000E+00
  2.0799350E+02 -6.0230542E-05  2.9662511E-06 -2.2779458E-05  1.5360227E-03  0.0000000E+00
  2.0799350E+02 -2.5816042E-05  1.4205945E-05 -1.9646954E-05  1.5583039E-03  0.0000000E+00
  2.0799350E+02  1.1301594E-05  2.7349698E-05 -1.0703639E-05  1.5785755E-03  0.0000000E+00
  2.0799350E+02  4.7342155E-05  3.8368058E-05  1.8062218E-06  1.5966720E-03  0.0000000E+00
  2.0799350E+02  7.8905834E-05  4.3454653E-05  1.5653495E-05  1.6124989E-03  0.0000000E+00
  2.0799350E+02  1.1740778E-01 -4.6347187E-06  1.0459723E-01  2.2010689E-02  0.0000000E+00
  2.0799350E+02 -1.2729703E-02  5.1600705E-03 -6.4090291E-03  2.1836769E-02  0.0000000E+00
  2.0799350E+02 -1.8717546E-03  4.9716434E-03 -1.8799114E-02  2.0663853E-02  0.0000000E+00
  2.0799350E+02  2.0693571E-03  2.1383632E-03 -9.6917878E-03  1.8657536E-02  0.0000000E+00
  2.0799350E+02  1.6785377E-03 -1.4135046E-04 -2.5314325E-03  1.6431023E-02  0.0000000E+00
  2.0799350E+02  1.4853190E-03 -1.2329018E-03  8.7254812E-04  1.4401242E-02  0.0000000E+00
  2.0799350E+02 -9.0401964E-04 -1.3496974E-03  2.2133808E-03  1.2740678E-02  0.0000000E+00
  2.0799350E+02 -3.9898480E-04 -1.2495753E-03  2.3300466E-03  1.1466940E-02  0.0000000E+00
  2.0799350E+02 -4.4955713E-04 -1.4680645E-03  1.7932957E-03  1.0559081E-02  0.0000000E+00
  2.0799350E+02  9.8302905E-04 -1.9982361E-03 -5.9820823E-04  9.9794964E-03  0.0000000E+00
  2.0799350E+02  1.3046255E-03 -2.0389547E-03 -1.1307925E-03  9.7034532E-03  0.0000000E+00
  2.0799350E+02 -5.3183901E-04 -1.5520626E-03 -2.2801451E-04  9.7123764E-03  0.0000000E+00
  2.0799350E+02 -3.0604557E-03 -9.9371910E-04 -5.9580602E-04  9.9787058E-03  0.0000000E+00
  2.0799350E+02 -3.8850709E-03 -5.7804512E-04 -2.3814653E-03  1.0466047E-02  0.0000000E+00
  2.0799350E+02 -3.5155604E-03  5.7162546E-05 -2.2909323E-03  1.1131888E-02  0.0000000E+00
  2.0799350E+02 -6.4688683E-03  5.2683258E-04 -1.5239492E-03  1.1931641E-02  0.0000000E+00
  2.0799350E+02 -7.1682739E-03  5.9943394E-04 -1.2159012E-04  1.2817379E-02  0.0000000E+00
  2.0799350E+02 -7.8835965E-03  8.7465356E-04  4.0698749E-04  1.3732878E-02  0.0000000E+00
  2.0799350E+02 -7.4112986E-03  1.0723729E-03 -2.9919367E-05  1.4627067E-02  0.0000000E+00
  2.0799350E+02 -5.0014802E-03  1.0930300E-03 -5.8624835E-04  1.5453131E-02  0.0000000E+00
  2.0799350E+02 -1.4462312E-03  1.0003339E-03 -6.9601175E-04  1.6174756E-02  0.0000000E+00
  2.0799350E+02  1.5397399E-03  9.1961224E-04 -4.0457235E-04  1.6767892E-02  0.0000000E+00
  2.0799350E+02  2.6799206E-03  9.1746402E-04 -1.2898681E-04  1.7219703E-02  0.0000000E+00
  2.0799350E+02  2.2721077E-03  9.2841318E-04 -1.6323594E-04  1.7526265E-02  0.0000000E+00
  2.0799350E+02  2.1336756E-03  7.9426083E-04 -2.4416106E-04  1.7690554E-02  0.0000000E+00
  2.0799350E+02  3.3918571E-03  4.8133917E-04  5.0857781E-04  1.7722208E-02  0.0000000E+00
  2.0799350E+02  7.7830979E-04  3.6581251E-04  4.2615466E-04  1.7638483E-02  0.0000000E+00
  2.0799350E+02 -2.2908817E-04  1.2253464E-04  3.3518489E-05  1.7462783E-02  0.0000000E+00
  2.0799350E+02  3.1968736E-04 -7.2564462E-05  7.3878251E-05  1.7213359E-02  0.0000000E+00
  2.0799350E+02  9.7216605E-04 -1.5657663E-04  1.9246573E-04  1.6910376E-02  0.0000000E+00
  2.0799350E+02  1.2753898E-03 -1.7820333E-04  2.5211793E-04  1.6572402E-02  0.0000000E+00
  2.0799350E+02  1.2178921E-03 -1.8991372E-04  2.2796250E-04  1.6213603E-02  0.0000000E+00
  2.0799350E+02  9.2038951E-04 -2.0637505E-04  1.4399274E-04  1.5843277E-02  0.0000000E+00
  2.0799350E+02  5.0646411E-04 -2.0816633E-04  4.0102418E-05  1.5466935E-02  0.0000000E+00
  2.0799350E+02  8.4520844E-05 -1.6978599E-04 -4.1848703E-05  1.5088143E-02  0.0000000E+00
  2.0799350E+02 -2.2770151E-04 -9.0964392E-05 -6.4368183E-05  1.4710339E-02  0.0000000E+00
  2.0799350E+02 -3.0478360E-04 -1.0292066E-05 -4.4924987E-06  1.4337846E-02  0.0000000E+00
  2.0799350E+02 -1.1016209E-04  1.9825540E-05  1.2079372E-04  1.3975283E-02  0.0000000E+00
  2.0799350E+02  4.3731285E-05  1.7875985E-05  2.0245139E-04  1.3624594E-02  0.0000000E+00
  2.0799350E+02 -3.4419033E-04  6.1808153E-05  1.1096147E-05  1.3280405E-02  0.0000000E+00
  2.0799350E+02 -4.2935897E-04  1.2067661E-04  3.8976244E-05  1.2938821E-02  0.0000000E+00
  2.0799350E+02 -4.4751019E-04  1.8988586E-04  1.3377584E-04  1.2600811E-02  0.0000000E+00
  2.0799350E+02 -4.7929783E-04  2.2545856E-04  1.4023590E-04  1.2268220E-02  0.0000000E+00
  2.0799350E+02 -5.1440193E-04  2.2289429E-04  6.0193891E-05  1.1944467E-02  0.0000000E+00
  2.0799350E+02 -5.1677069E-04  1.9509964E-04 -4.3201233E-05  1.1630430E-02  0.0000000E+00
  2.0799350E+02 -4.6037913E-04  1.5798355E-04 -1.0676121E-04  1.1326405E-02  0.0000000E+00
  2.0799350E+02 -3.4289280E-04  1.2317826E-04 -9.9167410E-05  1.1031740E-02  0.0000000E+00
  2.0799350E+02 -1.8365662E-04  9.5749371E-05 -2.9811353E-05  1.0745289E-02  0.0000000E+00
  2.0799350E+02 -1.2673329E-05  7.5365668E-05  5.9748828E-05  1.0465976E-02  0.0000000E+00
  2.0799350E+02  1.4280001E-04  5.9307355E-05  1.1593331E-04  1.0193312E-02  0.0000000E+00
  2.0799350E+02  2.6740896E-04  4.5691703E-05  9.9104312E-05  9.9277052E-03  0.0000000E+00
  2.0799350E+02  3.5598363E-04  3.5294935E-05  9.5659139E-06  9.6704060E-03  0.0000000E+00
  2.0799350E+02  3.9431714E-04  3.0349215E-05 -9.2182560E-05  9.4229244E-03  0.0000000E+00
  2.0799350E+02  3.1581200E-04  2.8693635E-05 -7.6722324E-05  9.1857691E-03  0.0000000E+00
  2.0799350E+02  8.1012317E-05  1.5221961E-05  3.9530785E-05  8.9583364E-03  0.0000000E+00
  2.0799350E+02  8.6116887E-05  2.3862491E-05  7.0513578E-05  8.7436762E-03  0.0000000E+00
  2.0799350E+02  1.5422737E-04  3.9164367E-05  6.6284741E-05  8.5402240E-03  0.0000000E+00
  2.0799350E+02  1.6877647E-04  4.4723313E-05  2.6561000E-05  8.3454775E-03  0.0000000E+00
  2.0799350E+02  1.1067139E-04  3.7045076E-05 -2.5971446E-05  8.1567170E-03  0.0000000E+00
  2.0799350E+02  9.4943492E-06  1.9648537E-05 -6.6948678E-05  7.9727036E-03  0.0000000E+00
  2.0799350E+02 -9.1624898E-05 -1.3879815E-06 -8.2267518E-05  7.7919992E-03  0.0000000E+00
  2.0799350E+02 -1.5733448E-04 -2.0335774E-05 -7.1016094E-05  7.6141789E-03  0.0000000E+00
  2.0799350E+02 -1.7095785E-04 -3.3518967E-05 -4.3105089E-05  7.4393273E-03  0.0000000E+00
  2.0799350E+02 -1.3666979E-04 -3.9963987E-05 -1.3328039E-05  7.2677660E-03  0.0000000E+00
  2.0799350E+02 -7.5058326E-05 -4.1183182E-05  5.7946734E-06  7.0997630E-03  0.0000000E+00
  2.0799350E+02 -1.4140121E-05 -4.0278461E-05  1.0116860E-05  6.9352909E-03  0.0000000E+00
  2.0799350E+02  2.2103131E-05 -4.0550829E-05  6.6413528E-06  6.7739007E-03  0.0000000E+00
  2.0799350E+02  2.5599544E-05 -4.3801694E-05  1.0697345E-05  6.6147772E-03  0.0000000E+00
  2.0799350E+02  1.4405614E-05 -4.8511796E-05  3.5249007E-05  6.4570431E-03  0.0000000E+00
  2.0799350E+02  3.9200879E-05 -4.8083654E-05  7.0064102E-05  6.3003774E-03  0.0000000E+00
  2.0799350E+02  8.4678830E-05 -3.0843839E-05  2.4604282E-05  6.1454114E-03  0.0000000E+00
  2.0799350E+02 -3.1603612E-05 -6.8424455E-06 -3.3633169E-05  5.9921155E-03  0.0000000E+00
  2.0799350E+02 -8.4461083E-05  1.3971044E-05 -2.7833146E-05  5.8421575E-03  0.0000000E+00
  2.0799350E+02 -8.3278487E-05  2.9387378E-05 -1.5842160E-05  5.6959074E-03  0.0000000E+00
  2.0799350E+02 -4.9005730E-05  3.9129026E-05 -1.1744029E-05  5.5535577E-03  0.0000000E+00
  2.0799350E+02 -4.0998064E-06  4.3808661E-05 -1.0476555E-05  5.4150400E-03  0.0000000E+00
  2.0799350E+02  3.3405882E-05  4.4264307E-05 -3.4185175E-06  5.2810228E-03  0.0000000E+00
  2.0799350E+02  5.3492417E-05  4.1281709E-05  1.3408904E-05  5.1515883E-03  0.0000000E+00
  2.0799350E+02  5.4398136E-05  3.5474553E-05  3.6917952E-05  5.0271618E-03  0.0000000E+00
  2.0799350E+02  4.1323493E-05  2.7371108E-05  5.8632235E-05  4.9082583E-03  0.0000000E+00
  2.0799350E+02  2.3741267E-05  1.7564398E-05  6.8822727E-05  4.7954360E-03  0.0000000E+00
  2.0799350E+02  1.1988293E-05  6.8556867E-06  6.1459592E-05  4.6892316E-03  0.0000000E+00
  2.0799350E+02  1.3743867E-05 -3.6906191E-06  3.8335694E-05  4.5900834E-03  0.0000000E+00
  2.0799350E+02  3.0999938E-05 -1.2862551E-05  1.0717624E-05  4.4982495E-03  0.0000000E+00
  2.0799350E+02  5.8128202E-05 -1.9668529E-05 -3.1198631E-06  4.4137267E-03  0.0000000E+00
  2.0799350E+02  8.1649251E-05 -2.4039574E-05  1.3879820E-05  4.3361774E-03  0.0000000E+00
  2.0799350E+02  8.2308858E-05 -2.7947690E-05  6.1923871E-05  4.2648692E-03  0.0000000E+00
  2.0799350E+02  2.7663677E-05 -2.4991303E-05  3.8096227E-05  4.1993047E-03  0.0000000E+00
  2.0799350E+02 -2.4822741E-05 -8.2446193E-06 -2.8581602E-05  4.1388229E-03  0.0000000E+00
  2.0799350E+02 -4.3088195E-05  3.2258625E-06 -3.6273635E-05  4.0809866E-03  0.0000000E+00
  2.0799350E+02 -4.7062559E-05  9.2173644E-06 -2.5673211E-05  4.0246870E-03  0.0000000E+00
  2.0799350E+02 -4.8200851E-05  1.0466445E-05 -1.5395486E-05  3.9690826E-03  0.0000000E+00
  2.0799350E+02 -5.1546624E-05  8.5552759E-06 -1.1048733E-05  3.9138723E-03  0.0000000E+00
  2.0799350E+02 -5.7612058E-05  5.6028000E-06 -1.1608541E-05  3.8586699E-03  0.0000000E+00
  2.0799350E+02 -6.4064549E-05  3.7998081E-06 -1.3829073E-05  3.8033089E-03  0.0000000E+00
  2.0799350E+02 -6.7210913E-05  4.9175142E-06 -1.4754532E-05  3.7477034E-03  0.0000000E+00
  2.0799350E+02 -6.3274369E-05  9.8525488E-06 -1.2831167E-05  3.6918176E-03  0.0000000E+00
  2.0799350E+02 -4.9461786E-05  1.8302061E-05 -7.9691635E-06  3.6356507E-03  0.0000000E+00
  2.0799350E+02 -2.4816600E-05  2.8656982E-05 -9.2389116E-07  3.5792384E-03  0.0000000E+00
  2.0799350E+02  9.1471683E-06  3.8201497E-05  7.6340008E-06  3.5226710E-03  0.0000000E+00
  2.0799350E+02  1.5958366E-01  4.9287855E-03  2.8296256E-01  6.8359326E-02  0.0000000E+00
  2.0799350E+02 -2.5040412E-03  6.0715301E-03 -3.4206230E-02  6.8360055E-02  0.0000000E+00
  2.0799350E+02 -1.4659108E-02  5.6274572E-03 -4.9402685E-02  6.6935747E-02  0.0000000E+00
  2.0799350E+02 -8.8174065E-03  2.0078892E-03 -1.9374469E-02  6.4139371E-02  0.0000000E+00
  2.0799350E+02 -3.1336334E-03 -5.1903222E-04 -4.8982493E-03  6.0758944E-02  0.0000000E+00
  2.0799350E+02 -1.2137067E-03 -1.6623397E-03  9.4682254E-04  5.7364607E-02  0.0000000E+00
  2.0799350E+02 -1.9528790E-03 -1.9744590E-03  4.4337145E-03  5.4251269E-02  0.0000000E+00
  2.0799350E+02 -1.8242106E-03 -1.8839587E-03  4.0685267E-03  5.1549900E-02  0.0000000E+00
  2.0799350E+02 -3.0090870E-04 -1.8683765E-03 -1.3832110E-04  4.9298094E-02  0.0000000E+00
  2.0799350E+02  1.0194687E-03 -1.3332555E-03 -1.8376711E-03  4.7468080E-02  0.0000000E+00
  2.0799350E+02  1.0774314E-03 -6.8996245E-04 -1.3394915E-03  4.6030136E-02  0.0000000E+00
  2.0799350E+02 -2.9555276E-04 -2.7095156E-04 -5.0262708E-04  4.4921514E-02  0.0000000E+00
  2.0799350E+02 -2.2505416E-03  1.8095094E-05 -1.5651659E-04  4.4061087E-02  0.0000000E+00
  2.0799350E+02 -3.2014727E-03  3.9635502E-04 -2.7595599E-04  4.3395359E-02  0.0000000E+00
  2.0799350E+02 -2.1486843E-03  8.6482997E-04 -3.5959130E-04  4.2909843E-02  0.0000000E+00
  2.0799350E+02 -2.2915939E-03  1.5945877E-03  8.7607480E-05  4.2573351E-02  0.0000000E+00
  2.0799350E+02 -3.8980166E-03  2.2149738E-03 -1.3762814E-03  4.2343096E-02  0.0000000E+00
  2.0799350E+02 -4.0066674E-03  2.1425697E-03 -2.0699375E-03  4.2158354E-02  0.0000000E+00
  2.0799350E+02 -3.3584900E-03  1.6651967E-03 -1.6607177E-03  4.1944500E-02  0.0000000E+00
  2.0799350E+02 -2.7783369E-03  1.1084729E-03 -6.0428222E-04  4.1637377E-02  0.0000000E+00
  2.0799350E+02 -2.5289956E-03  6.5357016E-04  3.9120654E-04  4.1211309E-02  0.0000000E+00
  2.0799350E+02 -2.3805895E-03  3.2415612E-04  7.9804061E-04  4.0674067E-02  0.0000000E+00
  2.0799350E+02 -2.0167679E-03  7.4719635E-05  5.2203333E-04  4.0052938E-02  0.0000000E+00
  2.0799350E+02 -1.3925745E-03 -1.1239254E-04 -3.9629788E-05  3.9370233E-02  0.0000000E+00
  2.0799350E+02 -6.7083289E-04 -1.8659699E-04 -2.1860945E-04  3.8631043E-02  0.0000000E+00
  2.0799350E+02  6.4250275E-04 -1.2821892E-04  3.8371024E-04  3.7833463E-02  0.0000000E+00
  2.0799350E+02  2.8621523E-03  9.8648022E-05 -9.5310830E-05  3.6971176E-02  0.0000000E+00
  2.0799350E+02  2.8966788E-03  1.9254456E-04 -2.8495483E-04  3.6061329E-02  0.0000000E+00
  2.0799350E+02  2.2319462E-03  2.0242682E-04 -1.7325930E-05  3.5101787E-02  0.0000000E+00
  2.0799350E+02  1.6058407E-03  2.2107755E-04  2.3045770E-04  3.4096872E-02  0.0000000E+00
  2.0799350E+02  1.2112119E-03  2.5144783E-04  3.2723475E-04  3.3063239E-02  0.0000000E+00
  2.0799350E+02  9.8568192E-04  2.6849513E-04  2.9930882E-04  3.2014349E-02  0.0000000E+00
  2.0799350E+02  8.0246323E-04  2.5236209E-04  2.1687873E-04  3.0966568E-02  0.0000000E+00
  2.0799350E+02  5.7012005E-04  2.0098825E-04  1.3970749E-04  2.9931062E-02  0.0000000E+00
  2.0799350E+02  2.7203749E-04  1.2807401E-04  1.0061146E-04  2.8916053E-02  0.0000000E+00
  2.0799350E+02 -3.8465279E-05  5.3655329E-05  1.0977270E-04  2.7929534E-02  0.0000000E+00
  2.0799350E+02 -2.6935881E-04 -6.6491640E-06  1.6135789E-04  2.6973103E-02  0.0000000E+00
  2.0799350E+02 -3.1908358E-04 -4.5003094E-05  2.2349911E-04  2.6050225E-02  0.0000000E+00
  2.0799350E+02 -9.4547193E-05 -5.3109681E-05  1.9349012E-04  2.5154746E-02  0.0000000E+00
  2.0799350E+02 -2.8514731E-05 -3.1297954E-05  1.6536858E-05  2.4284076E-02  0.0000000E+00
  2.0799350E+02 -4.5684020E-05 -2.8263944E-05 -3.8633286E-05  2.3440511E-02  0.0000000E+00
  2.0799350E+02  4.4404401E-07 -2.6357306E-05 -7.1259838E-05  2.2618978E-02  0.0000000E+00
  2.0799350E+02 -3.6284748E-05 -2.3492647E-05 -9.2579277E-05  2.1825738E-02  0.0000000E+00
  2.0799350E+02 -1.2150663E-04 -2.0276166E-05 -9.3967732E-05  2.1060416E-02  0.0000000E+00
  2.0799350E+02 -1.7639859E-04 -1.6100548E-05 -6.8131857E-05  2.0321129E-02  0.0000000E+00
  2.0799350E+02 -1.5033078E-04 -8.6441650E-06 -1.8873126E-05  1.9607684E-02  0.0000000E+00
  2.0799350E+02 -4.4254900E-05  4.5673459E-06  3.8513031E-05  1.8917589E-02  0.0000000E+00
  2.0799350E+02  9.8986013E-05  2.3605821E-05  8.2035420E-05  1.8253019E-02  0.0000000E+00
  2.0799350E+02  2.2329895E-04  4.4078464E-05  9.2003088E-05  1.7615316E-02  0.0000000E+00
  2.0799350E+02  2.9170431E-04  5.6669928E-05  6.0237426E-05  1.7005359E-02  0.0000000E+00
  2.0799350E+02  3.0729500E-04  4.9641920E-05 -2.7137920E-06  1.6423908E-02  0.0000000E+00
  2.0799350E+02  3.0777103E-04  1.5387241E-05 -6.5927902E-05  1.5867802E-02  0.0000000E+00
  2.0799350E+02  3.1856148E-04 -3.7454803E-05 -8.2951616E-05  1.5336799E-02  0.0000000E+00
  2.0799350E+02  2.4965195E-04 -6.5212892E-05 -8.2382211E-06  1.4832087E-02  0.0000000E+00
  2.0799350E+02 -9.7489596E-05 -9.6489167E-06  6.6987437E-06  1.4352358E-02  0.0000000E+00
  2.0799350E+02 -2.1948144E-04 -1.2630382E-06  1.2414519E-05  1.3896405E-02  0.0000000E+00
  2.0799350E+02 -1.8213359E-04 -1.5892026E-05  4.9518844E-05  1.3462659E-02  0.0000000E+00
  2.0799350E+02 -1.0281044E-04 -2.3645964E-05  5.9714475E-05  1.3047796E-02  0.0000000E+00
  2.0799350E+02 -3.8770268E-05 -1.5053926E-05  3.9989493E-05  1.2649352E-02  0.0000000E+00
  2.0799350E+02 -1.0119600E-05  7.5177299E-06  7.6569120E-06  1.2265867E-02  0.0000000E+00
  2.0799350E+02 -1.6249552E-05  3.6188530E-05 -2.0191192E-05  1.1897021E-02  0.0000000E+00
  2.0799350E+02 -4.6764208E-05  6.2181209E-05 -3.5998542E-05  1.1540875E-02  0.0000000E+00
  2.0799350E+02 -8.7831568E-05  7.8284932E-05 -4.2191869E-05  1.1197351E-02  0.0000000E+00
  2.0799350E+02 -1.2552079E-04  8.0506055E-05 -4.6771687E-05  1.0865652E-02  0.0000000E+00
  2.0799350E+02 -1.4732446E-04  6.8467169E-05 -5.6277935E-05  1.0544861E-02  0.0000000E+00
  2.0799350E+02 -1.4313201E-04  4.5204492E-05 -6.9467972E-05  1.0234489E-02  0.0000000E+00
  2.0799350E+02 -1.0680085E-04  1.6366135E-05 -7.4830383E-05  9.9324880E-03  0.0000000E+00
  2.0799350E+02 -3.9801535E-05 -1.0223745E-05 -5.4556246E-05  9.6384419E-03  0.0000000E+00
  2.0799350E+02  4.1880718E-05 -2.5137354E-05  1.4738176E-06  9.3515564E-03  0.0000000E+00
  2.0799350E+02  9.6374625E-05 -1.7168235E-05  6.9022773E-05  9.0712353E-03  0.0000000E+00
  2.0799350E+02  3.8273405E-05  2.6493060E-06  2.3043439E-05  8.7982370E-03  0.0000000E+00
  2.0799350E+02 -3.9872190E-05 -8.9723207E-06 -5.2170241E-05  8.5322327E-03  0.0000000E+00
  2.0799350E+02 -6.0181256E-05 -4.0587098E-06 -4.3488670E-05  8.2734704E-03  0.0000000E+00
  2.0799350E+02 -4.7168562E-05  7.0654627E-06 -1.2916976E-05  8.0232445E-03  0.0000000E+00
  2.0799350E+02 -2.1582909E-05  1.8294605E-05  1.3992940E-05  7.7819537E-03  0.0000000E+00
  2.0799350E+02  1.9111737E-06  2.6405328E-05  3.1354565E-05  7.5499816E-03  0.0000000E+00
  2.0799350E+02  1.5539194E-05  3.0103810E-05  4.1635332E-05  7.3264952E-03  0.0000000E+00
  2.0799350E+02  1.7521290E-05  2.9222387E-05  4.8558780E-05  7.1119489E-03  0.0000000E+00
  2.0799350E+02  1.0706255E-05  2.4297909E-05  5.3880205E-05  6.9065895E-03  0.0000000E+00
  2.0799350E+02  4.6340197E-07  1.6258908E-05  5.6691126E-05  6.7108250E-03  0.0000000E+00
  2.0799350E+02 -7.4954989E-06  6.2902440E-06  5.4580792E-05  6.5254355E-03  0.0000000E+00
  2.0799350E+02 -9.0805146E-06 -4.2925721E-06  4.5688823E-05  6.3502274E-03  0.0000000E+00
  2.0799350E+02 -2.9867940E-06 -1.3944105E-05  3.0833054E-05  6.1857511E-03  0.0000000E+00
  2.0799350E+02  9.0376795E-06 -2.0952562E-05  1.4774244E-05  6.0319272E-03  0.0000000E+00
  2.0799350E+02  2.3455700E-05 -2.3462295E-05  5.7443575E-06  5.8882865E-03  0.0000000E+00
  2.0799350E+02  3.8002818E-05 -1.9610097E-05  1.2326076E-05  5.7541809E-03  0.0000000E+00
  2.0799350E+02  5.7090908E-05 -7.7439876E-06  3.6932342E-05  5.6279966E-03  0.0000000E+00
  2.0799350E+02  5.8644702E-05  1.3197252E-05  2.5053273E-05  5.5090180E-03  0.0000000E+00
  2.0799350E+02 -1.3946240E-06  3.4990018E-05 -2.4765627E-05  5.3965027E-03  0.0000000E+00
  2.0799350E+02 -4.2786095E-05  5.0297505E-05 -4.2671172E-05  5.2886419E-03  0.0000000E+00
  2.0799350E+02 -5.6957512E-05  5.7495680E-05 -4.4022681E-05  5.1846244E-03  0.0000000E+00
  2.0799350E+02 -5.2058149E-05  5.7260513E-05 -3.8875171E-05  5.0834484E-03  0.0000000E+00
  2.0799350E+02 -4.0952634E-05  5.1610979E-05 -3.2773196E-05  4.9847845E-03  0.0000000E+00
  2.0799350E+02 -3.4093963E-05  4.3189152E-05 -2.7772844E-05  4.8881770E-03  0.0000000E+00
  2.0799350E+02 -3.6018845E-05  3.4585338E-05 -2.3560235E-05  4.7931795E-03  0.0000000E+00
  2.0799350E+02 -4.4841312E-05  2.7837885E-05 -1.8605782E-05  4.6995177E-03  0.0000000E+00
  2.0799350E+02 -5.3973758E-05  2.4050547E-05 -1.1180474E-05  4.6065071E-03  0.0000000E+00
  2.0799350E+02 -5.4963063E-05  2.3309481E-05 -2.4990602E-07  4.5140479E-03  0.0000000E+00
  2.0799350E+02 -4.0956079E-05  2.4687110E-05  1.4011812E-05  4.4220639E-03  0.0000000E+00
  2.0799350E+02 -9.7298459E-06  2.6540084E-05  3.0087734E-05  4.3307149E-03  0.0000000E+00
  2.0799350E+02  1.8041751E-01  1.4470042E-02  4.3150603E-01  9.7479576E-02  0.0000000E+00
  2.0799350E+02 -2.3113380E-03  3.8164875E-03 -5.1995253E-02  9.6853098E-02  0.0000000E+00
  2.0799350E+02 -3.5587766E-02  5.2512694E-03 -8.1046690E-02  9.4669063E-02  0.0000000E+00
  2.0799350E+02 -1.0969811E-02  2.6897329E-03 -3.2459244E-02  9.0850578E-02  0.0000000E+00
  2.0799350E+02  1.2348467E-04  5.0545971E-05 -7.9700390E-03  8.6208513E-02  0.0000000E+00
  2.0799350E+02  2.4926291E-03 -1.2036505E-03  1.7382984E-03  8.1373860E-02  0.0000000E+00
  2.0799350E+02  1.0546026E-03 -1.5509987E-03  4.2838179E-03  7.6715690E-02  0.0000000E+00
  2.0799350E+02 -7.1556474E-04 -1.7933779E-03  5.1458624E-03  7.2425727E-02  0.0000000E+00
  2.0799350E+02 -1.5096555E-03 -1.8223532E-03  3.7155590E-03  6.8583996E-02  0.0000000E+00
  2.0799350E+02 -2.4770817E-03 -2.1510203E-03  2.3083231E-03  6.5206080E-02  0.0000000E+00
  2.0799350E+02 -2.4539184E-03 -1.9877946E-03  1.8628286E-03  6.2270605E-02  0.0000000E+00
  2.0799350E+02 -2.3677117E-03 -1.2501882E-03  1.6201835E-03  5.9741814E-02  0.0000000E+00
  2.0799350E+02 -3.4144111E-03 -6.4315516E-04  6.4483879E-04  5.7575096E-02  0.0000000E+00
  2.0799350E+02 -4.8377452E-03 -5.6803194E-04 -9.1248643E-04  5.5703407E-02  0.0000000E+00
  2.0799350E+02 -4.4663805E-03 -4.0197887E-04 -1.5194446E-03  5.4041887E-02  0.0000000E+00
  2.0799350E+02 -3.4550174E-03  1.2133078E-05 -3.9752142E-04  5.2506805E-02  0.0000000E+00
  2.0799350E+02 -3.4449446E-03  2.0374654E-04 -8.4026973E-05  5.1052338E-02  0.0000000E+00
  2.0799350E+02 -4.2052376E-03  4.6585452E-04 -5.6661321E-05  4.9636605E-02  0.0000000E+00
  2.0799350E+02 -4.3037758E-03  6.7446520E-04 -2.1643919E-05  4.8233143E-02  0.0000000E+00
  2.0799350E+02 -3.1493057E-03  8.0249318E-04  1.0794678E-04  4.6830085E-02  0.0000000E+00
  2.0799350E+02 -1.1732991E-03  8.0840927E-04  2.6598331E-04  4.5424185E-02  0.0000000E+00
  2.0799350E+02  6.2100611E-04  6.5194002E-04  3.3947834E-04  4.4017084E-02  0.0000000E+00
  2.0799350E+02  1.3794444E-03  3.5995285E-04  2.7363624E-04  4.2613073E-02  0.0000000E+00
  2.0799350E+02  1.0247033E-03  6.5662429E-05  1.2225094E-04  4.1217618E-02  0.0000000E+00
  2.0799350E+02  4.2811051E-04 -5.5705622E-05 -1.0066743E-05  3.9835897E-02  0.0000000E+00
  2.0799350E+02  7.6410643E-04 -3.1749356E-05 -1.8793164E-04  3.8468314E-02  0.0000000E+00
  2.0799350E+02  7.3868677E-04 -9.5115172E-05 -1.4295565E-04  3.7120128E-02  0.0000000E+00
  2.0799350E+02  1.0129773E-03 -3.2789760E-05  6.8956044E-05  3.5777349E-02  0.0000000E+00
  2.0799350E+02  1.2619098E-03  4.0015572E-05  1.5121697E-04  3.4445318E-02  0.0000000E+00
  2.0799350E+02  1.1234022E-03  9.6413275E-05  1.5684025E-04  3.3129604E-02  0.0000000E+00
  2.0799350E+02  7.4998400E-04  1.2804093E-04  1.3722289E-04  3.1834499E-02  0.0000000E+00
  2.0799350E+02  4.0098049E-04  1.2783267E-04  1.3420438E-04  3.0565096E-02  0.0000000E+00
  2.0799350E+02  2.3159930E-04  8.7508892E-05  1.6827873E-04  2.9327599E-02  0.0000000E+00
  2.0799350E+02  2.3293691E-04  3.8519433E-06  2.2930323E-04  2.8128475E-02  0.0000000E+00
  2.0799350E+02  2.7692510E-04 -1.1216426E-04  2.7604744E-04  2.6973064E-02  0.0000000E+00
  2.0799350E+02  2.2023615E-04 -2.2932305E-04  2.5092587E-04  2.5864275E-02  0.0000000E+00
  2.0799350E+02  2.1165975E-05 -2.9912436E-04  1.1625755E-04  2.4801963E-02  0.0000000E+00
  2.0799350E+02 -1.7648563E-04 -2.7368685E-04 -8.1603785E-05  2.3783610E-02  0.0000000E+00
  2.0799350E+02 -3.8518551E-05 -1.4452508E-04 -1.1392581E-04  2.2806940E-02  0.0000000E+00
  2.0799350E+02  2.2050182E-04 -5.2056900E-05  9.5266647E-05  2.1867679E-02  0.0000000E+00
  2.0799350E+02 -3.9463345E-05 -6.2333600E-05  9.0024024E-06  2.0964317E-02  0.0000000E+00
  2.0799350E+02 -1.7743418E-04 -7.6359026E-05 -5.5995377E-05  2.0097746E-02  0.0000000E+00
  2.0799350E+02 -1.2740423E-04 -7.1069033E-05 -5.0160657E-05  1.9265766E-02  0.0000000E+00
  2.0799350E+02  2.3219526E-05 -4.5475526E-05 -1.5114481E-06  1.8467985E-02  0.0000000E+00
  2.0799350E+02  1.6220837E-04 -9.9853735E-06  4.6611685E-05  1.7704637E-02  0.0000000E+00
  2.0799350E+02  2.1990442E-04  2.1694303E-05  6.6989027E-05  1.6975913E-02  0.0000000E+00
  2.0799350E+02  1.8946099E-04  3.8231174E-05  5.6915725E-05  1.6281684E-02  0.0000000E+00
  2.0799350E+02  1.1397707E-04  3.4089785E-05  3.1315152E-05  1.5621497E-02  0.0000000E+00
  2.0799350E+02  5.4572845E-05  1.0867380E-05  8.3403113E-06  1.4994720E-02  0.0000000E+00
  2.0799350E+02  5.3452585E-05 -2.3289814E-05 -4.7680011E-06  1.4400727E-02  0.0000000E+00
  2.0799350E+02  1.0600176E-04 -5.6023153E-05 -1.7797547E-05  1.3838986E-02  0.0000000E+00
  2.0799350E+02  1.5596487E-04 -7.4684275E-05 -4.7886814E-05  1.3308947E-02  0.0000000E+00
  2.0799350E+02  1.2775060E-04 -7.1677230E-05 -8.6284279E-05  1.2809595E-02  0.0000000E+00
  2.0799350E+02  9.9110585E-06 -5.1053322E-05 -3.3776054E-05  1.2338559E-02  0.0000000E+00
  2.0799350E+02 -1.6698899E-04 -3.8633932E-05  1.3438132E-04  1.1892511E-02  0.0000000E+00
  2.0799350E+02 -3.0110476E-04 -3.0485299E-05  1.4891101E-04  1.1469542E-02  0.0000000E+00
  2.0799350E+02 -2.8619692E-04 -1.7867790E-05  1.3380133E-04  1.1067578E-02  0.0000000E+00
  2.0799350E+02 -1.8237571E-04  6.4011719E-07  1.1070152E-04  1.0685769E-02  0.0000000E+00
  2.0799350E+02 -6.1695060E-05  2.5135458E-05  8.2255539E-05  1.0323269E-02  0.0000000E+00
  2.0799350E+02  2.0537888E-05  5.2648500E-05  4.5175984E-05  9.9789753E-03  0.0000000E+00
  2.0799350E+02  3.8683486E-05  7.7401984E-05 -1.9541489E-06  9.6514401E-03  0.0000000E+00
  2.0799350E+02 -2.5083415E-06  9.2422952E-05 -5.5216830E-05  9.3389322E-03  0.0000000E+00
  2.0799350E+02 -7.5803504E-05  9.1858240E-05 -1.0529613E-04  9.0395907E-03  0.0000000E+00
  2.0799350E+02 -1.4444554E-04  7.3344686E-05 -1.3988189E-04  8.7516285E-03  0.0000000E+00
  2.0799350E+02 -1.7660265E-04  3.9785131E-05 -1.4760473E-04  8.4735402E-03  0.0000000E+00
  2.0799350E+02 -1.5765505E-04 -1.8501954E-07 -1.2249693E-04  8.2038160E-03  0.0000000E+00
  2.0799350E+02 -9.7145264E-05 -3.3267947E-05 -6.8425540E-05  7.9428406E-03  0.0000000E+00
  2.0799350E+02 -2.6023240E-05 -4.5852892E-05 -1.7461150E-06  7.6900874E-03  0.0000000E+00
  2.0799350E+02  1.8669317E-05 -3.0829236E-05  4.7884022E-05  7.4457330E-03  0.0000000E+00
  2.0799350E+02  2.5511262E-05  1.4115059E-06  3.9963503E-05  7.2097325E-03  0.0000000E+00
  2.0799350E+02  5.1754659E-05  9.4371118E-06 -3.2205190E-05  6.9812375E-03  0.0000000E+00
  2.0799350E+02  4.2208238E-05  3.9246807E-06 -2.4719302E-05  6.7605821E-03  0.0000000E+00
  2.0799350E+02  1.7539105E-05  2.3613586E-06 -1.4112569E-06  6.5486570E-03  0.0000000E+00
  2.0799350E+02  1.6230162E-05  1.0542659E-06  2.0656870E-05  6.3457340E-03  0.0000000E+00
  2.0799350E+02  3.7285956E-05 -2.2500982E-07  3.5812482E-05  6.1518472E-03  0.0000000E+00
  2.0799350E+02  6.4526574E-05 -4.1732737E-07  4.4343931E-05  5.9670072E-03  0.0000000E+00
  2.0799350E+02  8.1689488E-05  1.4732307E-06  4.8733737E-05  5.7913103E-03  0.0000000E+00
  2.0799350E+02  8.0061366E-05  5.7061650E-06  5.1311754E-05  5.6249647E-03  0.0000000E+00
  2.0799350E+02  6.0361840E-05  1.1660397E-05  5.3086460E-05  5.4682541E-03  0.0000000E+00
  2.0799350E+02  3.0601226E-05  1.8070582E-05  5.3512569E-05  5.3214586E-03  0.0000000E+00
  2.0799350E+02  1.6342065E-06  2.3495350E-05  5.0953148E-05  5.1847541E-03  0.0000000E+00
  2.0799350E+02 -1.7868537E-05  2.6868909E-05  4.3594430E-05  5.0581098E-03  0.0000000E+00
  2.0799350E+02 -2.5308732E-05  2.7987473E-05  3.0571504E-05  4.9412054E-03  0.0000000E+00
  2.0799350E+02 -2.5186977E-05  2.7781947E-05  1.3063089E-05  4.8333872E-03  0.0000000E+00
  2.0799350E+02 -2.5545242E-05  2.8228327E-05 -4.8864483E-06  4.7336845E-03  0.0000000E+00
  2.0799350E+02 -2.8103425E-05  3.1747250E-05 -1.6059612E-05  4.6409065E-03  0.0000000E+00
  2.0799350E+02 -1.0367956E-05  3.9944150E-05 -1.0514670E-05  4.5538399E-03  0.0000000E+00
  2.0799350E+02  2.8755499E-05  4.5996230E-05 -9.8664018E-06  4.4712027E-03  0.0000000E+00
  2.0799350E+02 -1.3811899E-05  5.1779471E-05 -3.5676692E-05  4.3923380E-03  0.0000000E+00
  2.0799350E+02 -4.5326728E-05  6.1862023E-05 -4.7351884E-05  4.3168296E-03  0.0000000E+00
  2.0799350E+02 -5.5034399E-05  7.0287462E-05 -5.2623458E-05  4.2438689E-03  0.0000000E+00
  2.0799350E+02 -4.7279142E-05  7.4683751E-05 -5.3939218E-05  4.1728912E-03  0.0000000E+00
  2.0799350E+02 -3.1972977E-05  7.4701263E-05 -5.1085675E-05  4.1034037E-03  0.0000000E+00
  2.0799350E+02 -1.8409167E-05  7.0943830E-05 -4.3057144E-05  4.0349159E-03  0.0000000E+00
  2.0799350E+02 -1.1888270E-05  6.4308814E-05 -2.9265952E-05  3.9669438E-03  0.0000000E+00
  2.0799350E+02 -1.2624867E-05  5.5652193E-05 -1.0188086E-05  3.8990669E-03  0.0000000E+00
  2.0799350E+02 -1.6403077E-05  4.5694644E-05  1.2461354E-05  3.8310104E-03  0.0000000E+00
  2.0799350E+02 -1.6448935E-05  3.5084617E-05  3.5928536E-05  3.7627301E-03  0.0000000E+00
  2.0799350E+02 -5.9877562E-06  2.4534390E-05  5.6902762E-05  3.6944742E-03  0.0000000E+00
  2.0799350E+02  1.9045453E-05  1.4945098E-05  7.2185465E-05  3.6267976E-03  0.0000000E+00
  2.0799350E+02  2.1355767E-01  1.7148543E-02  3.6991793E-01  6.0197538E-02  0.0000000E+00
  2.0799350E+02 -1.2588983E-02  1.3212350E-03 -2.6784418E-02  5.8576524E-02  0.0000000E+00
  2.0799350E+02 -5.5253305E-02  6.2891552E-03 -7.2748518E-02  5.6057738E-02  0.0000000E+00
  2.0799350E+02 -1.2011163E-02  4.4815902E-03 -3.5498174E-02  5.2335373E-02  0.0000000E+00
  2.0799350E+02  3.4501355E-05  8.5363697E-04 -1.2859952E-02  4.7910818E-02  0.0000000E+00
  2.0799350E+02  8.4786340E-04 -1.3329467E-03 -1.3556576E-03  4.3302223E-02  0.0000000E+00
  2.0799350E+02  8.4193871E-04 -2.3861615E-03  3.8814636E-03  3.8874819E-02  0.0000000E+00
  2.0799350E+02 -3.4667418E-04 -2.9519323E-03  4.4621953E-03  3.4854572E-02  0.0000000E+00
  2.0799350E+02 -1.0266996E-03 -3.3751753E-03  3.4235784E-03  3.1358773E-02  0.0000000E+00
  2.0799350E+02 -1.5912939E-03 -3.4022788E-03  2.6705289E-03  2.8406807E-02  0.0000000E+00
  2.0799350E+02 -2.5096761E-03 -3.1525062E-03  2.3833037E-03  2.5954315E-02  0.0000000E+00
  2.0799350E+02 -3.2839647E-03 -2.9044637E-03  1.7161474E-03  2.3926224E-02  0.0000000E+00
  2.0799350E+02 -3.0699392E-03 -2.7691251E-03  2.9156409E-04  2.2242478E-02  0.0000000E+00
  2.0799350E+02 -2.5735947E-03 -2.4115079E-03 -9.2282166E-04  2.0832223E-02  0.0000000E+00
  2.0799350E+02 -2.9096893E-03 -1.3684358E-03 -5.5111764E-04  1.9638140E-02  0.0000000E+00
  2.0799350E+02 -1.6401252E-03 -3.6903513E-04 -2.6617580E-04  1.8610611E-02  0.0000000E+00
  2.0799350E+02 -2.5702608E-03  2.4783476E-04  7.4504795E-05  1.7702742E-02  0.0000000E+00
  2.0799350E+02 -2.1755101E-03  6.3278538E-04  3.2247519E-04  1.6873554E-02  0.0000000E+00
  2.0799350E+02 -9.8829854E-04  8.0441447E-04  2.4959607E-04  1.6101592E-02  0.0000000E+00
  2.0799350E+02 -2.8210481E-04  8.4016170E-04  1.2186961E-04  1.5380648E-02  0.0000000E+00
  2.0799350E+02 -5.2713895E-04  7.8444893E-04  1.3308625E-04  1.4710030E-02  0.0000000E+00
  2.0799350E+02 -1.2053625E-03  6.4114462E-04  2.3159287E-04  1.4087627E-02  0.0000000E+00
  2.0799350E+02 -1.4185237E-03  4.1234778E-04  2.1105675E-04  1.3506109E-02  0.0000000E+00
  2.0799350E+02 -7.2288228E-04  1.4548708E-04 -6.3900046E-05  1.2952606E-02  0.0000000E+00
  2.0799350E+02  3.7570330E-04 -4.9269466E-05 -4.2632151E-04  1.2412212E-02  0.0000000E+00
  2.0799350E+02  8.3265170E-04 -4.9298719E-05 -2.9891914E-04  1.1875642E-02  0.0000000E+00
  2.0799350E+02  1.7531517E-04  4.9970968E-06 -9.4294727E-05  1.1344345E-02  0.0000000E+00
  2.0799350E+02 -1.8446447E-04  4.7180748E-05 -7.9351071E-05  1.0819997E-02  0.0000000E+00
  2.0799350E+02 -8.9283235E-05  1.8780617E-04  8.9976050E-05  1.0302211E-02  0.0000000E+00
  2.0799350E+02  1.7422539E-04  3.3119914E-04  2.6723763E-04  9.7925723E-03  0.0000000E+00
  2.0799350E+02  4.0978722E-04  3.7106354E-04  3.6259156E-04  9.2944951E-03  0.0000000E+00
  2.0799350E+02  5.1942315E-04  2.7055052E-04  3.5687156E-04  8.8117065E-03  0.0000000E+00
  2.0799350E+02  4.9025498E-04  7.5207639E-05  2.8409184E-04  8.3473129E-03  0.0000000E+00
  2.0799350E+02  3.6756202E-04 -1.1853341E-04  1.9709635E-04  7.9033441E-03  0.0000000E+00
  2.0799350E+02  2.2146920E-04 -2.1667180E-04  1.3106145E-04  7.4806731E-03  0.0000000E+00
  2.0799350E+02  1.1464741E-04 -1.8009655E-04  7.9560740E-05  7.0792119E-03  0.0000000E+00
  2.0799350E+02  7.8406748E-05 -5.3530887E-05 -2.0989802E-06  6.6982792E-03  0.0000000E+00
  2.0799350E+02  1.0456350E-04  5.1696729E-05 -1.5156197E-04  6.3370406E-03  0.0000000E+00
  2.0799350E+02  1.6046155E-04  4.3713610E-05 -2.9741909E-04  5.9949182E-03  0.0000000E+00
  2.0799350E+02  2.3011299E-04  6.2404776E-05 -8.1885729E-05  5.6693647E-03  0.0000000E+00
  2.0799350E+02  3.0803604E-04  8.1038303E-05  1.4354018E-04  5.3568846E-03  0.0000000E+00
  2.0799350E+02  3.1534609E-04  7.4471030E-05  2.1913752E-04  5.0609423E-03  0.0000000E+00
  2.0799350E+02  2.4646390E-04  7.3552745E-05  2.0426305E-04  4.7819342E-03  0.0000000E+00
  2.0799350E+02  1.4133383E-04  7.6208228E-05  1.4251401E-04  4.5191444E-03  0.0000000E+00
  2.0799350E+02  4.6725558E-05  7.2176307E-05  6.5927985E-05  4.2717883E-03  0.0000000E+00
  2.0799350E+02 -5.1299737E-06  5.6028296E-05 -2.9425022E-06  4.0395413E-03  0.0000000E+00
  2.0799350E+02 -4.3569797E-06  3.1209606E-05 -5.0255669E-05  3.8226614E-03  0.0000000E+00
  2.0799350E+02  3.8509873E-05  7.8482941E-06 -7.0581823E-05  3.6218219E-03  0.0000000E+00
  2.0799350E+02  1.0044463E-04 -2.9256899E-06 -6.6255592E-05  3.4377624E-03  0.0000000E+00
  2.0799350E+02  1.5603710E-04  4.5932203E-06 -4.5554285E-05  3.2708728E-03  0.0000000E+00
  2.0799350E+02  1.8600124E-04  2.6258169E-05 -1.8877652E-05  3.1208202E-03  0.0000000E+00
  2.0799350E+02  1.8029821E-04  4.8383853E-05  7.8957099E-06  2.9863330E-03  0.0000000E+00
  2.0799350E+02  1.3208762E-04  5.5546265E-05  4.3700044E-05  2.8652518E-03  0.0000000E+00
  2.0799350E+02  1.8720176E-05  4.8611999E-05  1.2704697E-04  2.7549606E-03  0.0000000E+00
  2.0799350E+02 -1.5173639E-04  5.8366967E-05  1.8442959E-04  2.6549560E-03  0.0000000E+00
  2.0799350E+02 -1.6463073E-04  6.9412493E-05  1.5764111E-04  2.5659696E-03  0.0000000E+00
  2.0799350E+02 -1.0557348E-04  8.9133264E-05  1.2875891E-04  2.4864308E-03  0.0000000E+00
  2.0799350E+02 -4.8004861E-05  1.1504253E-04  8.5147389E-05  2.4154475E-03  0.0000000E+00
  2.0799350E+02 -2.4906652E-05  1.3698621E-04  2.6321657E-05  2.3518852E-03  0.0000000E+00
  2.0799350E+02 -4.0700128E-05  1.4516097E-04 -3.9323649E-05  2.2944270E-03  0.0000000E+00
  2.0799350E+02 -8.2297418E-05  1.3451032E-04 -9.8681487E-05  2.2416667E-03  0.0000000E+00
  2.0799350E+02 -1.2890449E-04  1.0620190E-04 -1.3838942E-04  2.1922220E-03  0.0000000E+00
  2.0799350E+02 -1.6017412E-04  6.6889440E-05 -1.4897051E-04  2.1448544E-03  0.0000000E+00
  2.0799350E+02 -1.6230710E-04  2.6462858E-05 -1.2805216E-04  2.0985837E-03  0.0000000E+00
  2.0799350E+02 -1.3170011E-04 -5.0103915E-06 -8.2056738E-05  2.0527831E-03  0.0000000E+00
  2.0799350E+02 -7.5738462E-05 -2.0449102E-05 -2.5758206E-05  2.0072427E-03  0.0000000E+00
  2.0799350E+02 -1.0332067E-05 -1.8323989E-05  2.0901459E-05  1.9621875E-03  0.0000000E+00
  2.0799350E+02  4.6207027E-05 -3.9218557E-06  3.9341926E-05  1.9182376E-03  0.0000000E+00
  2.0799350E+02  8.3347253E-05  1.1395122E-05  2.2826323E-05  1.8762974E-03  0.0000000E+00
  2.0799350E+02  1.1298197E-04  1.3638364E-05 -8.4988276E-06  1.8373603E-03  0.0000000E+00
  2.0799350E+02  1.3953696E-04 -1.9328653E-06 -3.1668015E-06  1.8014837E-03  0.0000000E+00
  2.0799350E+02  7.9782466E-05 -1.6390426E-05 -1.0736539E-05  1.7679730E-03  0.0000000E+00
  2.0799350E+02  5.9966715E-05 -2.9387651E-05 -1.0203797E-05  1.7381172E-03  0.0000000E+00
  2.0799350E+02  8.0319549E-05 -3.5099376E-05  9.4765441E-06  1.7118795E-03  0.0000000E+00
  2.0799350E+02  1.1872747E-04 -3.1193750E-05  4.0743596E-05  1.6898164E-03  0.0000000E+00
  2.0799350E+02  1.4988801E-04 -1.8184938E-05  7.0409294E-05  1.6725735E-03  0.0000000E+00
  2.0799350E+02  1.5636625E-04  1.3556631E-06  8.7551878E-05  1.6605845E-03  0.0000000E+00
  2.0799350E+02  1.3310684E-04  2.3663427E-05  8.7269110E-05  1.6539332E-03  0.0000000E+00
  2.0799350E+02  8.6954959E-05  4.4653433E-05  7.1236307E-05  1.6523431E-03  0.0000000E+00
  2.0799350E+02  3.2739355E-05  6.0736064E-05  4.6014265E-05  1.6552555E-03  0.0000000E+00
  2.0799350E+02 -1.2528942E-05  6.9508989E-05  2.0052175E-05  1.6619596E-03  0.0000000E+00
  2.0799350E+02 -3.5789071E-05  7.0259260E-05  3.3059339E-07  1.6717369E-03  0.0000000E+00
  2.0799350E+02 -3.2840528E-05  6.4209230E-05 -1.0410444E-05  1.6839822E-03  0.0000000E+00
  2.0799350E+02 -1.0477752E-05  5.4440043E-05 -1.4913079E-05  1.6982637E-03  0.0000000E+00
  2.0799350E+02  1.5704222E-05  4.5426390E-05 -2.0167980E-05  1.7142856E-03  0.0000000E+00
  2.0799350E+02  2.9386409E-05  4.2116283E-05 -3.2760305E-05  1.7317140E-03  0.0000000E+00
  2.0799350E+02  2.9038142E-05  4.8489549E-05 -4.9850184E-05  1.7498301E-03  0.0000000E+00
  2.0799350E+02  2.7468690E-05  5.7324920E-05 -4.2909176E-05  1.7677493E-03  0.0000000E+00
  2.0799350E+02 -6.6787556E-06  5.7697126E-05 -4.6995521E-05  1.7859632E-03  0.0000000E+00
  2.0799350E+02 -3.1537095E-05  5.9930369E-05 -6.1215760E-05  1.8034503E-03  0.0000000E+00
  2.0799350E+02 -3.7354679E-05  6.2501149E-05 -6.5284713E-05  1.8196726E-03  0.0000000E+00
  2.0799350E+02 -2.9161657E-05  6.4027286E-05 -5.4782692E-05  1.8341171E-03  0.0000000E+00
  2.0799350E+02 -1.6137071E-05  6.3312481E-05 -3.3012210E-05  1.8463855E-03  0.0000000E+00
  2.0799350E+02 -5.4064186E-06  5.9474650E-05 -5.6940200E-06  1.8562467E-03  0.0000000E+00
  2.0799350E+02  6.0554320E-07  5.2110177E-05  2.2024413E-05  1.8636582E-03  0.0000000E+00
  2.0799350E+02  4.1419374E-06  4.1446265E-05  4.6774958E-05  1.8687635E-03  0.0000000E+00
  2.0799350E+02  1.0276072E-05  2.8433525E-05  6.6916285E-05  1.8718691E-03  0.0000000E+00
  2.0799350E+02  2.4144116E-05  1.4730973E-05  8.1749711E-05  1.8734085E-03  0.0000000E+00
  2.0799350E+02  4.8123342E-05  2.5355968E-06  9.0530322E-05  1.8738980E-03  0.0000000E+00
  2.0799350E+02  7.9831166E-05 -5.7913622E-06  9.1800324E-05  1.8738909E-03  0.0000000E+00
  2.0799350E+02  2.3687042E-01  7.2203076E-03  1.9503072E-01 -3.1931081E-02  0.0000000E+00
  2.0799350E+02 -8.0149169E-03  1.9843522E-03  1.2954817E-02 -3.2617732E-02  0.0000000E+00
  2.0799350E+02 -8.1647910E-02  6.4421986E-03 -4.4088079E-02 -3.2868901E-02  0.0000000E+00
  2.0799350E+02 -1.8813756E-02  4.7605875E-03 -3.2374053E-02 -3.3246611E-02  0.0000000E+00
  2.0799350E+02  2.4397018E-03  1.2806547E-03 -1.5820861E-02 -3.3928769E-02  0.0000000E+00
  2.0799350E+02  4.4994427E-03 -1.3453206E-03 -5.6653721E-03 -3.4770847E-02  0.0000000E+00
  2.0799350E+02  3.9690621E-03 -2.8252183E-03 -1.2397053E-04 -3.5573277E-02  0.0000000E+00
  2.0799350E+02  2.3042548E-03 -3.0016973E-03  2.3645501E-03 -3.6186485E-02  0.0000000E+00
  2.0799350E+02  8.2356785E-04 -2.4220826E-03  2.8375305E-03 -3.6517850E-02  0.0000000E+00
  2.0799350E+02  4.7625349E-04 -1.9105930E-03  1.9440800E-03 -3.6538966E-02  0.0000000E+00
  2.0799350E+02  2.4030924E-04 -1.5735085E-03  9.5505183E-04 -3.6261211E-02  0.0000000E+00
  2.0799350E+02 -5.2931541E-04 -1.2102894E-03  4.2218641E-04 -3.5718777E-02  0.0000000E+00
  2.0799350E+02 -1.0927156E-03 -7.9342633E-04  2.7274819E-04 -3.4956531E-02  0.0000000E+00
  2.0799350E+02 -1.0259128E-03 -5.3287701E-04  3.7924134E-05 -3.4028988E-02  0.0000000E+00
  2.0799350E+02 -1.1342724E-03 -5.6383740E-04 -6.6062268E-04 -3.2989796E-02  0.0000000E+00
  2.0799350E+02 -1.2338690E-03 -4.8607027E-04 -9.5151011E-04 -3.1894669E-02  0.0000000E+00
  2.0799350E+02 -1.3407496E-03 -2.8653895E-04 -2.8740346E-04 -3.0784380E-02  0.0000000E+00
  2.0799350E+02 -1.2059032E-03 -5.6968500E-05  1.6969269E-04 -2.9685358E-02  0.0000000E+00
  2.0799350E+02 -1.0384275E-03  1.0477183E-04  2.7765909E-04 -2.8600194E-02  0.0000000E+00
  2.0799350E+02 -9.6486453E-04  1.3599326E-04  1.6640979E-04 -2.7531574E-02  0.0000000E+00
  2.0799350E+02 -9.9986042E-04  4.2912630E-05  2.2967057E-05 -2.6483824E-02  0.0000000E+00
  2.0799350E+02 -1.0459666E-03 -1.1168233E-04 -2.8955706E-05 -2.5460780E-02  0.0000000E+00
  2.0799350E+02 -9.4247981E-04 -2.4540345E-04  2.8555551E-05 -2.4470767E-02  0.0000000E+00
  2.0799350E+02 -5.8501570E-04 -3.0320938E-04  1.2464844E-04 -2.3513124E-02  0.0000000E+00
  2.0799350E+02 -1.3238450E-04 -2.8866367E-04  1.6049821E-04 -2.2584893E-02  0.0000000E+00
  2.0799350E+02 -3.2463343E-04 -2.6468821E-04  9.3745160E-05 -2.1680239E-02  0.0000000E+00
  2.0799350E+02 -1.2227160E-03 -3.3920698E-04 -3.2859928E-05 -2.0804807E-02  0.0000000E+00
  2.0799350E+02 -7.9763738E-04 -2.7883830E-04 -9.2835345E-05 -1.9963318E-02  0.0000000E+00
  2.0799350E+02 -1.6071450E-04 -9.1280334E-05 -3.7552734E-05 -1.9163823E-02  0.0000000E+00
  2.0799350E+02  2.1892905E-04  1.1788977E-04  8.6290118E-05 -1.8411096E-02  0.0000000E+00
  2.0799350E+02  2.9228169E-04  2.6896788E-04  2.1348154E-04 -1.7704964E-02  0.0000000E+00
  2.0799350E+02  1.8916012E-04  3.2502611E-04  2.9087297E-04 -1.7046064E-02  0.0000000E+00
  2.0799350E+02  6.6984472E-05  2.9270808E-04  2.9328185E-04 -1.6429073E-02  0.0000000E+00
  2.0799350E+02  3.0890913E-05  2.0745512E-04  2.2412868E-04 -1.5848695E-02  0.0000000E+00
  2.0799350E+02  1.1039223E-04  1.1397232E-04  1.0887187E-04 -1.5298228E-02  0.0000000E+00
  2.0799350E+02  2.7213299E-04  4.7139375E-05 -1.4497461E-05 -1.4774256E-02  0.0000000E+00
  2.0799350E+02  4.5459065E-04  1.7341930E-05 -1.0667577E-04 -1.4271471E-02  0.0000000E+00
  2.0799350E+02  6.0406552E-04  1.0126405E-05 -1.3110780E-04 -1.3787331E-02  0.0000000E+00
  2.0799350E+02  6.9638838E-04  3.6029741E-06 -4.9365031E-05 -1.3320758E-02  0.0000000E+00
  2.0799350E+02  5.3422013E-04  2.6585942E-05  7.7110152E-05 -1.2874093E-02  0.0000000E+00
  2.0799350E+02  2.6377542E-04  6.0399489E-05  1.3446395E-04 -1.2443699E-02  0.0000000E+00
  2.0799350E+02  1.0634837E-04  7.2849691E-05  1.5167572E-04 -1.2027436E-02  0.0000000E+00
  2.0799350E+02  3.4083655E-05  6.3451646E-05  1.2518762E-04 -1.1624611E-02  0.0000000E+00
  2.0799350E+02  1.8979255E-05  3.4384048E-05  7.4260488E-05 -1.1234635E-02  0.0000000E+00
  2.0799350E+02  3.6887747E-05 -8.1360695E-06  2.2920987E-05 -1.0858744E-02  0.0000000E+00
  2.0799350E+02  6.9218431E-05 -5.4958095E-05 -1.1287699E-05 -1.0495331E-02  0.0000000E+00
  2.0799350E+02  1.0323810E-04 -9.5804346E-05 -2.1276727E-05 -1.0142752E-02  0.0000000E+00
  2.0799350E+02  1.3108618E-04 -1.2185259E-04 -1.0088929E-05 -9.7982941E-03  0.0000000E+00
  2.0799350E+02  1.4807732E-04 -1.2794246E-04  1.2487798E-05 -9.4610923E-03  0.0000000E+00
  2.0799350E+02  1.5149549E-04 -1.1439456E-04  3.5170111E-05 -9.1289183E-03  0.0000000E+00
  2.0799350E+02  1.3939562E-04 -8.6779206E-05  5.0237089E-05 -8.8010516E-03  0.0000000E+00
  2.0799350E+02  1.1077617E-04 -5.3770284E-05  5.7102965E-05 -8.4777939E-03  0.0000000E+00
  2.0799350E+02  6.7243209E-05 -2.1990533E-05  6.2794406E-05 -8.1596603E-03  0.0000000E+00
  2.0799350E+02  1.7301395E-05  1.2459325E-05  7.7703132E-05 -7.8488863E-03  0.0000000E+00
  2.0799350E+02 -1.0040744E-04  5.9698172E-05  1.1097787E-04 -7.5456232E-03  0.0000000E+00
  2.0799350E+02 -1.8309097E-04  7.8214839E-05  1.1495872E-04 -7.2504343E-03  0.0000000E+00
  2.0799350E+02 -2.0025204E-04  8.6077522E-05  8.8181362E-05 -6.9627521E-03  0.0000000E+00
  2.0799350E+02 -2.0401983E-04  9.0951567E-05  4.6429789E-05 -6.6839207E-03  0.0000000E+00
  2.0799350E+02 -2.1829473E-04  9.0246960E-05  1.3936127E-06 -6.4136901E-03  0.0000000E+00
  2.0799350E+02 -2.4579981E-04  7.9892281E-05 -3.8194199E-05 -6.1523471E-03  0.0000000E+00
  2.0799350E+02 -2.7585923E-04  5.8963824E-05 -6.6281759E-05 -5.9001767E-03  0.0000000E+00
  2.0799350E+02 -2.9204584E-04  3.0957864E-05 -7.9600184E-05 -5.6569780E-03  0.0000000E+00
  2.0799350E+02 -2.7903120E-04  2.9636891E-06 -7.7816657E-05 -5.4237154E-03  0.0000000E+00
  2.0799350E+02 -2.2841208E-04 -1.7160994E-05 -6.3756687E-05 -5.1998198E-03  0.0000000E+00
  2.0799350E+02 -1.4216600E-04 -2.3629723E-05 -4.2947738E-05 -4.9848946E-03  0.0000000E+00
  2.0799350E+02 -3.3525866E-05 -1.5409102E-05 -2.2621119E-05 -4.7778891E-03  0.0000000E+00
  2.0799350E+02  7.4391438E-05  2.3178291E-06 -9.9110049E-06 -4.5786162E-03  0.0000000E+00
  2.0799350E+02  1.5590326E-04  1.9096752E-05 -8.4569846E-06 -4.3856541E-03  0.0000000E+00
  2.0799350E+02  1.9256787E-04  2.3134999E-05 -1.3935362E-05 -4.1980806E-03  0.0000000E+00
  2.0799350E+02  1.8908691E-04  9.3128859E-06 -7.6459719E-06 -4.0154535E-03  0.0000000E+00
  2.0799350E+02  1.5968410E-04 -1.1161153E-06  2.8379048E-05 -3.8370994E-03  0.0000000E+00
  2.0799350E+02  1.0960180E-04  3.8525911E-06  4.6921626E-05 -3.6618662E-03  0.0000000E+00
  2.0799350E+02  1.0925259E-04  1.7404701E-07  6.8487338E-05 -3.4896621E-03  0.0000000E+00
  2.0799350E+02  1.2722587E-04 -4.3655144E-06  8.0794260E-05 -3.3192381E-03  0.0000000E+00
  2.0799350E+02  1.4082859E-04 -3.5080409E-06  8.0402915E-05 -3.1497635E-03  0.0000000E+00
  2.0799350E+02  1.3751346E-04  5.8355701E-06  6.9416220E-05 -2.9818833E-03  0.0000000E+00
  2.0799350E+02  1.1460890E-04  2.3231503E-05  5.2644387E-05 -2.8157211E-03  0.0000000E+00
  2.0799350E+02  7.7252410E-05  4.5334871E-05  3.5312290E-05 -2.6519235E-03  0.0000000E+00
  2.0799350E+02  3.5444600E-05  6.7154541E-05  2.1367406E-05 -2.4909056E-03  0.0000000E+00
  2.0799350E+02  9.5255257E-07  8.3452129E-05  1.2518589E-05 -2.3338586E-03  0.0000000E+00
  2.0799350E+02 -1.6597397E-05  9.0555325E-05  7.6989297E-06 -2.1809042E-03  0.0000000E+00
  2.0799350E+02 -1.2351150E-05  8.7443032E-05  3.5075679E-06 -2.0321926E-03  0.0000000E+00
  2.0799350E+02  1.1709433E-05  7.6417076E-05 -4.7397201E-06 -1.8876021E-03  0.0000000E+00
  2.0799350E+02  4.6284663E-05  6.2772290E-05 -2.1178222E-05 -1.7465481E-03  0.0000000E+00
  2.0799350E+02  7.5866053E-05  5.3341135E-05 -4.6553626E-05 -1.6091279E-03  0.0000000E+00
  2.0799350E+02  8.2959388E-05  5.3195579E-05 -7.4818168E-05 -1.4748333E-03  0.0000000E+00
  2.0799350E+02  5.4537851E-05  6.0741394E-05 -8.8547837E-05 -1.3439024E-03  0.0000000E+00
  2.0799350E+02  1.6196916E-06  6.4957470E-05 -6.4800434E-05 -1.2167892E-03  0.0000000E+00
  2.0799350E+02 -3.1325645E-05  6.7864199E-05 -5.6242622E-05 -1.0939754E-03  0.0000000E+00
  2.0799350E+02 -4.0594578E-05  6.9299034E-05 -5.2975709E-05 -9.7623909E-04  0.0000000E+00
  2.0799350E+02 -3.0273355E-05  6.9220149E-05 -4.1440303E-05 -8.6396540E-04  0.0000000E+00
  2.0799350E+02 -1.0617036E-05  6.7107555E-05 -1.9760638E-05 -7.5725918E-04  0.0000000E+00
  2.0799350E+02  8.6306848E-06  6.2371269E-05  8.2862067E-06 -6.5582228E-04  0.0000000E+00
  2.0799350E+02  2.1622626E-05  5.4697936E-05  3.7075435E-05 -5.5972764E-04  0.0000000E+00
  2.0799350E+02  2.7662096E-05  4.4198249E-05  6.1847715E-05 -4.6838165E-04  0.0000000E+00
  2.0799350E+02  3.0233165E-05  3.1523760E-05  7.9608461E-05 -3.8131207E-04  0.0000000E+00
  2.0799350E+02  3.5044018E-05  1.7817860E-05  8.9326737E-05 -2.9787813E-04  0.0000000E+00
  2.0799350E+02  4.7429193E-05  4.6929641E-06  9.1399159E-05 -2.1789765E-04  0.0000000E+00
  2.0799350E+02  6.9920812E-05 -6.1494102E-06  8.6979225E-05 -1.4077315E-04  0.0000000E+00
  2.0799350E+02  1.0050970E-04 -1.3149243E-05  7.7162237E-05 -6.6106548E-05  0.0000000E+00
