          atime           uavg           vavg           wavg         pm1avg           tavg
  2.0799350E+02  6.6964987E-05 -1.1959906E-05 -2.6855938E-06 -5.1768939E-02  0.0000000E+00
  2.0799350E+02  8.8599232E-02 -1.0884660E-02 -1.6231580E-03 -5.1810476E-02  0.0000000E+00
  2.0799350E+02  2.2928843E-01 -2.1176701E-02 -2.0964021E-03 -5.1832752E-02  0.0000000E+00
  2.0799350E+02  3.9075134E-01 -2.8154845E-02 -1.7983633E-03 -5.1839544E-02  0.0000000E+00
  2.0799350E+02  5.3675586E-01 -3.0901827E-02 -1.1455516E-03 -5.1809062E-02  0.0000000E+00
  2.0799350E+02  6.4642749E-01 -3.0482216E-02 -5.9731525E-04 -5.1753684E-02  0.0000000E+00
  2.0799350E+02  7.1964587E-01 -2.8529295E-02 -5.0678551E-04 -5.1705599E-02  0.0000000E+00
  2.0799350E+02  7.6565983E-01 -2.6178920E-02 -9.8551795E-04 -5.1690854E-02  0.0000000E+00
  2.0799350E+02  7.9464004E-01 -2.3936892E-02 -1.8968970E-03 -5.1704730E-02  0.0000000E+00
  2.0799350E+02  8.1366360E-01 -2.1927605E-02 -2.9693887E-03 -5.1713309E-02  0.0000000E+00
  2.0799350E+02  8.2701701E-01 -2.0173616E-02 -3.9852264E-03 -5.1676756E-02  0.0000000E+00
  2.0799350E+02  8.3729789E-01 -1.8650621E-02 -4.8293223E-03 -5.1554776E-02  0.0000000E+00
  2.0799350E+02  8.4595226E-01 -1.7326279E-02 -5.4642400E-03 -5.1314032E-02  0.0000000E+00
  2.0799350E+02  8.5370577E-01 -1.6181428E-02 -5.8952539E-03 -5.0939513E-02  0.0000000E+00
  2.0799350E+02  8.6096021E-01 -1.5187963E-02 -6.1462831E-03 -5.0430306E-02  0.0000000E+00
  2.0799350E+02  8.6786367E-01 -1.4308556E-02 -6.2282829E-03 -4.9795416E-02  0.0000000E+00
  2.0799350E+02  8.7457110E-01 -1.3512854E-02 -6.1687264E-03 -4.9052061E-02  0.0000000E+00
  2.0799350E+02  8.8121590E-01 -1.2798526E-02 -5.9716139E-03 -4.8221614E-02  0.0000000E+00
  2.0799350E+02  8.8783168E-01 -1.2162811E-02 -5.6555746E-03 -4.7328864E-02  0.0000000E+00
  2.0799350E+02  8.9447001E-01 -1.1581916E-02 -5.2748027E-03 -4.6384967E-02  0.0000000E+00
  2.0799350E+02  9.0111256E-01 -1.1036193E-02 -4.8998681E-03 -4.5405385E-02  0.0000000E+00
  2.0799350E+02  9.0775888E-01 -1.0509830E-02 -4.5874986E-03 -4.4398823E-02  0.0000000E+00
  2.0799350E+02  9.1439625E-01 -9.9956813E-03 -4.3618187E-03 -4.3370604E-02  0.0000000E+00
  2.0799350E+02  9.2097552E-01 -9.4965333E-03 -4.2053266E-03 -4.2327541E-02  0.0000000E+00
  2.0799350E+02  9.2750440E-01 -9.0182251E-03 -4.0650886E-03 -4.1269159E-02  0.0000000E+00
  2.0799350E+02  9.3404812E-01 -8.5741267E-03 -3.8880186E-03 -4.0201255E-02  0.0000000E+00
  2.0799350E+02  9.4064775E-01 -8.1639933E-03 -3.6746696E-03 -3.9133389E-02  0.0000000E+00
  2.0799350E+02  9.4733545E-01 -7.8021026E-03 -3.4165566E-03 -3.8073019E-02  0.0000000E+00
  2.0799350E+02  9.5402788E-01 -7.4586853E-03 -3.1455302E-03 -3.7025380E-02  0.0000000E+00
  2.0799350E+02  9.6064387E-01 -7.1213378E-03 -2.9006076E-03 -3.5986310E-02  0.0000000E+00
  2.0799350E+02  9.6712681E-01 -6.8002476E-03 -2.7098241E-03 -3.4955008E-02  0.0000000E+00
  2.0799350E+02  9.7341969E-01 -6.5132985E-03 -2.5874288E-03 -3.3937170E-02  0.0000000E+00
  2.0799350E+02  9.7954432E-01 -6.2719844E-03 -2.5337427E-03 -3.2931404E-02  0.0000000E+00
  2.0799350E+02  9.8550178E-01 -6.0805110E-03 -2.5422798E-03 -3.1944134E-02  0.0000000E+00
  2.0799350E+02  9.9133746E-01 -5.9319241E-03 -2.6052520E-03 -3.0977458E-02  0.0000000E+00
  2.0799350E+02  9.9709412E-01 -5.8122886E-03 -2.7196205E-03 -3.0034851E-02  0.0000000E+00
  2.0799350E+02  1.0027723E+00 -5.7057338E-03 -2.8879177E-03 -2.9125082E-02  0.0000000E+00
  2.0799350E+02  1.0083898E+00 -5.5990826E-03 -3.1156763E-03 -2.8249235E-02  0.0000000E+00
  2.0799350E+02  1.0139580E+00 -5.4885112E-03 -3.3995208E-03 -2.7400717E-02  0.0000000E+00
  2.0799350E+02  1.0194620E+00 -5.3814393E-03 -3.7014932E-03 -2.6578645E-02  0.0000000E+00
  2.0799350E+02  1.0249330E+00 -5.2642321E-03 -3.9985405E-03 -2.5777846E-02  0.0000000E+00
  2.0799350E+02  1.0303361E+00 -5.1469653E-03 -4.2316371E-03 -2.4996998E-02  0.0000000E+00
  2.0799350E+02  1.0356665E+00 -5.0385528E-03 -4.3589237E-03 -2.4238723E-02  0.0000000E+00
  2.0799350E+02  1.0409309E+00 -4.9421412E-03 -4.3645800E-03 -2.3502439E-02  0.0000000E+00
  2.0799350E+02  1.0461144E+00 -4.8580378E-03 -4.2500697E-03 -2.2790135E-02  0.0000000E+00
  2.0799350E+02  1.0512424E+00 -4.7844252E-03 -4.0267685E-03 -2.2098245E-02  0.0000000E+00
  2.0799350E+02  1.0563033E+00 -4.7199037E-03 -3.7127956E-03 -2.1428244E-02  0.0000000E+00
  2.0799350E+02  1.0613107E+00 -4.6633017E-03 -3.3278650E-03 -2.0777739E-02  0.0000000E+00
  2.0799350E+02  1.0662746E+00 -4.6144176E-03 -2.8926524E-03 -2.0144029E-02  0.0000000E+00
  2.0799350E+02  1.0711742E+00 -4.5740155E-03 -2.4316614E-03 -1.9527093E-02  0.0000000E+00
  2.0799350E+02  1.0760117E+00 -4.5426449E-03 -1.9693015E-03 -1.8922789E-02  0.0000000E+00
  2.0799350E+02  1.0807857E+00 -4.5198959E-03 -1.5335977E-03 -1.8326928E-02  0.0000000E+00
  2.0799350E+02  1.0854669E+00 -4.5029747E-03 -1.1601079E-03 -1.7739732E-02  0.0000000E+00
  2.0799350E+02  1.0900593E+00 -4.4845785E-03 -8.8819682E-04 -1.7160781E-02  0.0000000E+00
  2.0799350E+02  1.0945537E+00 -4.4616405E-03 -7.2011798E-04 -1.6592342E-02  0.0000000E+00
  2.0799350E+02  1.0989306E+00 -4.4342409E-03 -6.4307076E-04 -1.6033649E-02  0.0000000E+00
  2.0799350E+02  1.1032247E+00 -4.3969545E-03 -6.3341417E-04 -1.5488873E-02  0.0000000E+00
  2.0799350E+02  1.1074539E+00 -4.3476059E-03 -6.4764348E-04 -1.4960795E-02  0.0000000E+00
  2.0799350E+02  1.1116454E+00 -4.2827400E-03 -6.6222951E-04 -1.4448522E-02  0.0000000E+00
  2.0799350E+02  1.1157830E+00 -4.2004023E-03 -6.7040115E-04 -1.3954389E-02  0.0000000E+00
  2.0799350E+02  1.1198676E+00 -4.1003081E-03 -6.7788917E-04 -1.3477196E-02  0.0000000E+00
  2.0799350E+02  1.1238990E+00 -3.9841249E-03 -6.9782937E-04 -1.3015156E-02  0.0000000E+00
  2.0799350E+02  1.1278590E+00 -3.8557355E-03 -7.4547172E-04 -1.2568524E-02  0.0000000E+00
  2.0799350E+02  1.1317637E+00 -3.7189241E-03 -8.3375609E-04 -1.2134223E-02  0.0000000E+00
  2.0799350E+02  1.1356066E+00 -3.5783568E-03 -9.6859500E-04 -1.1712648E-02  0.0000000E+00
  2.0799350E+02  1.1394074E+00 -3.4373166E-03 -1.1473002E-03 -1.1302395E-02  0.0000000E+00
  2.0799350E+02  1.1431870E+00 -3.2983680E-03 -1.3578134E-03 -1.0902713E-02  0.0000000E+00
  2.0799350E+02  1.1469430E+00 -3.1648370E-03 -1.5790266E-03 -1.0515254E-02  0.0000000E+00
  2.0799350E+02  1.1506840E+00 -3.0410961E-03 -1.7878126E-03 -1.0139014E-02  0.0000000E+00
  2.0799350E+02  1.1544003E+00 -2.9365336E-03 -1.9659544E-03 -9.7712642E-03  0.0000000E+00
  2.0799350E+02  1.1580437E+00 -2.8611109E-03 -2.1061742E-03 -9.4110534E-03  0.0000000E+00
  2.0799350E+02  1.1616159E+00 -2.8071458E-03 -2.2111368E-03 -9.0619972E-03  0.0000000E+00
  2.0799350E+02  1.1650902E+00 -2.7833523E-03 -2.2923495E-03 -8.7199815E-03  0.0000000E+00
  2.0799350E+02  1.1684757E+00 -2.7796793E-03 -2.3485905E-03 -8.3848788E-03  0.0000000E+00
  2.0799350E+02  1.1717796E+00 -2.7904735E-03 -2.3802308E-03 -8.0557821E-03  0.0000000E+00
  2.0799350E+02  1.1749901E+00 -2.8115946E-03 -2.3892224E-03 -7.7333888E-03  0.0000000E+00
  2.0799350E+02  1.1781177E+00 -2.8390891E-03 -2.3789567E-03 -7.4162857E-03  0.0000000E+00
  2.0799350E+02  1.1811500E+00 -2.8683254E-03 -2.3534090E-03 -7.1057605E-03  0.0000000E+00
  2.0799350E+02  1.1840918E+00 -2.8943965E-03 -2.3162974E-03 -6.8017851E-03  0.0000000E+00
  2.0799350E+02  1.1869486E+00 -2.9124841E-03 -2.2702898E-03 -6.5046502E-03  0.0000000E+00
  2.0799350E+02  1.1897122E+00 -2.9185416E-03 -2.2167949E-03 -6.2163099E-03  0.0000000E+00
  2.0799350E+02  1.1923922E+00 -2.9102415E-03 -2.1552611E-03 -5.9369508E-03  0.0000000E+00
  2.0799350E+02  1.1949992E+00 -2.8872635E-03 -2.0836534E-03 -5.6664618E-03  0.0000000E+00
  2.0799350E+02  1.1975311E+00 -2.8515511E-03 -1.9998574E-03 -5.4056889E-03  0.0000000E+00
  2.0799350E+02  1.2000039E+00 -2.8062848E-03 -1.9024779E-03 -5.1530684E-03  0.0000000E+00
  2.0799350E+02  1.2024129E+00 -2.7547405E-03 -1.7947610E-03 -4.9085502E-03  0.0000000E+00
  2.0799350E+02  1.2047606E+00 -2.6969700E-03 -1.6872236E-03 -4.6707719E-03  0.0000000E+00
  2.0799350E+02  1.2070469E+00 -2.6312712E-03 -1.5943809E-03 -4.4392335E-03  0.0000000E+00
  2.0799350E+02  1.2092493E+00 -2.5565974E-03 -1.5213930E-03 -4.2141158E-03  0.0000000E+00
  2.0799350E+02  1.2113529E+00 -2.4734189E-03 -1.4797423E-03 -3.9949426E-03  0.0000000E+00
  2.0799350E+02  1.2133483E+00 -2.3881960E-03 -1.4653177E-03 -3.7835312E-03  0.0000000E+00
  2.0799350E+02  1.2152405E+00 -2.3030839E-03 -1.4703627E-03 -3.5801251E-03  0.0000000E+00
  2.0799350E+02  1.2170339E+00 -2.2179285E-03 -1.4863119E-03 -3.3845907E-03  0.0000000E+00
  2.0799350E+02  1.2187226E+00 -2.1319486E-03 -1.5053662E-03 -3.1974324E-03  0.0000000E+00
  2.0799350E+02  1.2203086E+00 -2.0437273E-03 -1.5219035E-03 -3.0177691E-03  0.0000000E+00
  2.0799350E+02  1.2217919E+00 -1.9522713E-03 -1.5330452E-03 -2.8445645E-03  0.0000000E+00
  2.0799350E+02  1.2231634E+00 -1.8578685E-03 -1.5387673E-03 -2.6776344E-03  0.0000000E+00
  2.0799350E+02  1.2244244E+00 -1.7610293E-03 -1.5417163E-03 -2.5156268E-03  0.0000000E+00
  2.0799350E+02  1.2255674E+00 -1.6637127E-03 -1.5463727E-03 -2.3585385E-03  0.0000000E+00
  2.0799350E+02  1.2265932E+00 -1.5677897E-03 -1.5579853E-03 -2.2057215E-03  0.0000000E+00
  2.0799350E+02  0.0000000E+00  0.0000000E+00  0.0000000E+00 -2.1404089E-02  0.0000000E+00
  2.0799350E+02 -5.3091250E-03  2.3872607E-03 -1.6985344E-03 -2.1611591E-02  0.0000000E+00
  2.0799350E+02  1.6623963E-02  1.4533062E-04 -2.8260046E-03 -2.1834745E-02  0.0000000E+00
  2.0799350E+02  6.8222005E-02 -5.5520159E-03 -3.4646982E-03 -2.2112740E-02  0.0000000E+00
  2.0799350E+02  1.4919338E-01 -1.3326907E-02 -3.6778211E-03 -2.2422798E-02  0.0000000E+00
  2.0799350E+02  2.5299968E-01 -2.1398341E-02 -3.4747241E-03 -2.2729033E-02  0.0000000E+00
  2.0799350E+02  3.6737205E-01 -2.8089229E-02 -2.9587352E-03 -2.3022453E-02  0.0000000E+00
  2.0799350E+02  4.7809134E-01 -3.2451562E-02 -2.3462818E-03 -2.3324628E-02  0.0000000E+00
  2.0799350E+02  5.7394490E-01 -3.4464869E-02 -1.8828607E-03 -2.3661799E-02  0.0000000E+00
  2.0799350E+02  6.4960101E-01 -3.4683578E-02 -1.8703917E-03 -2.4079126E-02  0.0000000E+00
  2.0799350E+02  7.0545947E-01 -3.3810768E-02 -2.3717546E-03 -2.4583760E-02  0.0000000E+00
  2.0799350E+02  7.4539405E-01 -3.2412095E-02 -3.2204938E-03 -2.5165339E-02  0.0000000E+00
  2.0799350E+02  7.7381791E-01 -3.0857043E-02 -4.1606506E-03 -2.5805059E-02  0.0000000E+00
  2.0799350E+02  7.9453199E-01 -2.9354140E-02 -4.9893843E-03 -2.6465556E-02  0.0000000E+00
  2.0799350E+02  8.1014254E-01 -2.8012590E-02 -5.6325085E-03 -2.7095307E-02  0.0000000E+00
  2.0799350E+02  8.2250886E-01 -2.6846470E-02 -6.1065474E-03 -2.7677602E-02  0.0000000E+00
  2.0799350E+02  8.3285177E-01 -2.5869312E-02 -6.4279036E-03 -2.8182152E-02  0.0000000E+00
  2.0799350E+02  8.4194824E-01 -2.5032446E-02 -6.5838757E-03 -2.8600846E-02  0.0000000E+00
  2.0799350E+02  8.5024262E-01 -2.4299110E-02 -6.5639321E-03 -2.8919326E-02  0.0000000E+00
  2.0799350E+02  8.5803715E-01 -2.3640647E-02 -6.3869093E-03 -2.9134591E-02  0.0000000E+00
  2.0799350E+02  8.6548641E-01 -2.3043859E-02 -6.0956815E-03 -2.9246864E-02  0.0000000E+00
  2.0799350E+02  8.7267540E-01 -2.2503460E-02 -5.7488400E-03 -2.9259640E-02  0.0000000E+00
  2.0799350E+02  8.7968438E-01 -2.2012983E-02 -5.4075120E-03 -2.9180511E-02  0.0000000E+00
  2.0799350E+02  8.8657371E-01 -2.1562508E-02 -5.1222256E-03 -2.9022257E-02  0.0000000E+00
  2.0799350E+02  8.9346143E-01 -2.1135559E-02 -4.9117538E-03 -2.8799244E-02  0.0000000E+00
  2.0799350E+02  9.0043787E-01 -2.0727270E-02 -4.7473181E-03 -2.8519545E-02  0.0000000E+00
  2.0799350E+02  9.0750723E-01 -2.0337602E-02 -4.5827204E-03 -2.8190969E-02  0.0000000E+00
  2.0799350E+02  9.1450712E-01 -1.9945938E-02 -4.3864993E-03 -2.7824946E-02  0.0000000E+00
  2.0799350E+02  9.2149369E-01 -1.9547232E-02 -4.2011629E-03 -2.7422907E-02  0.0000000E+00
  2.0799350E+02  9.2849020E-01 -1.9139343E-02 -4.0357140E-03 -2.6990075E-02  0.0000000E+00
  2.0799350E+02  9.3549988E-01 -1.8721140E-02 -3.8723768E-03 -2.6529276E-02  0.0000000E+00
  2.0799350E+02  9.4247443E-01 -1.8292519E-02 -3.6938545E-03 -2.6045363E-02  0.0000000E+00
  2.0799350E+02  9.4939947E-01 -1.7851052E-02 -3.4940126E-03 -2.5540867E-02  0.0000000E+00
  2.0799350E+02  9.5625181E-01 -1.7398020E-02 -3.2811373E-03 -2.5019247E-02  0.0000000E+00
  2.0799350E+02  9.6301401E-01 -1.6940961E-02 -3.0732073E-03 -2.4483920E-02  0.0000000E+00
  2.0799350E+02  9.6968511E-01 -1.6494412E-02 -2.8901382E-03 -2.3937043E-02  0.0000000E+00
  2.0799350E+02  9.7623063E-01 -1.6080854E-02 -2.7481108E-03 -2.3383261E-02  0.0000000E+00
  2.0799350E+02  9.8264824E-01 -1.5718173E-02 -2.6548336E-03 -2.2824158E-02  0.0000000E+00
  2.0799350E+02  9.8891566E-01 -1.5407563E-02 -2.6158708E-03 -2.2262820E-02  0.0000000E+00
  2.0799350E+02  9.9504613E-01 -1.5119896E-02 -2.6397148E-03 -2.1703507E-02  0.0000000E+00
  2.0799350E+02  1.0010892E+00 -1.4825869E-02 -2.7740131E-03 -2.1151864E-02  0.0000000E+00
  2.0799350E+02  1.0070501E+00 -1.4514117E-02 -2.9970906E-03 -2.0610184E-02  0.0000000E+00
  2.0799350E+02  1.0129500E+00 -1.4184746E-02 -3.2571907E-03 -2.0079065E-02  0.0000000E+00
  2.0799350E+02  1.0188210E+00 -1.3841130E-02 -3.5084373E-03 -1.9556344E-02  0.0000000E+00
  2.0799350E+02  1.0246517E+00 -1.3492108E-02 -3.7138504E-03 -1.9042339E-02  0.0000000E+00
  2.0799350E+02  1.0304456E+00 -1.3147062E-02 -3.8498378E-03 -1.8535244E-02  0.0000000E+00
  2.0799350E+02  1.0361828E+00 -1.2816414E-02 -3.9037859E-03 -1.8035125E-02  0.0000000E+00
  2.0799350E+02  1.0418480E+00 -1.2508420E-02 -3.8722744E-03 -1.7542030E-02  0.0000000E+00
  2.0799350E+02  1.0474004E+00 -1.2229429E-02 -3.7584752E-03 -1.7059036E-02  0.0000000E+00
  2.0799350E+02  1.0528417E+00 -1.1979423E-02 -3.5686882E-03 -1.6586513E-02  0.0000000E+00
  2.0799350E+02  1.0581812E+00 -1.1754116E-02 -3.3098635E-03 -1.6125060E-02  0.0000000E+00
  2.0799350E+02  1.0634445E+00 -1.1545781E-02 -2.9883599E-03 -1.5674219E-02  0.0000000E+00
  2.0799350E+02  1.0686727E+00 -1.1346236E-02 -2.6099798E-03 -1.5231581E-02  0.0000000E+00
  2.0799350E+02  1.0738642E+00 -1.1153918E-02 -2.1861954E-03 -1.4796169E-02  0.0000000E+00
  2.0799350E+02  1.0789793E+00 -1.0968670E-02 -1.7433502E-03 -1.4363797E-02  0.0000000E+00
  2.0799350E+02  1.0839631E+00 -1.0785189E-02 -1.3359856E-03 -1.3933746E-02  0.0000000E+00
  2.0799350E+02  1.0888084E+00 -1.0597096E-02 -1.0067863E-03 -1.3504481E-02  0.0000000E+00
  2.0799350E+02  1.0934993E+00 -1.0398667E-02 -7.7169667E-04 -1.3078049E-02  0.0000000E+00
  2.0799350E+02  1.0980640E+00 -1.0187338E-02 -6.2327329E-04 -1.2655845E-02  0.0000000E+00
  2.0799350E+02  1.1025282E+00 -9.9627377E-03 -5.4331954E-04 -1.2240618E-02  0.0000000E+00
  2.0799350E+02  1.1069232E+00 -9.7246636E-03 -5.1024315E-04 -1.1834277E-02  0.0000000E+00
  2.0799350E+02  1.1112503E+00 -9.4742857E-03 -5.0519494E-04 -1.1440229E-02  0.0000000E+00
  2.0799350E+02  1.1155254E+00 -9.2116826E-03 -5.1573530E-04 -1.1058831E-02  0.0000000E+00
  2.0799350E+02  1.1197489E+00 -8.9378461E-03 -5.3806206E-04 -1.0690185E-02  0.0000000E+00
  2.0799350E+02  1.1239161E+00 -8.6547096E-03 -5.7690104E-04 -1.0333509E-02  0.0000000E+00
  2.0799350E+02  1.1280271E+00 -8.3649201E-03 -6.4369230E-04 -9.9867752E-03  0.0000000E+00
  2.0799350E+02  1.1320627E+00 -8.0737873E-03 -7.5219151E-04 -9.6494826E-03  0.0000000E+00
  2.0799350E+02  1.1360303E+00 -7.7855109E-03 -9.1334854E-04 -9.3194576E-03  0.0000000E+00
  2.0799350E+02  1.1399383E+00 -7.5036586E-03 -1.1272663E-03 -8.9958202E-03  0.0000000E+00
  2.0799350E+02  1.1438101E+00 -7.2275546E-03 -1.3742376E-03 -8.6783735E-03  0.0000000E+00
  2.0799350E+02  1.1476501E+00 -6.9588315E-03 -1.6118979E-03 -8.3695878E-03  0.0000000E+00
  2.0799350E+02  1.1514705E+00 -6.7058706E-03 -1.8168103E-03 -8.0663409E-03  0.0000000E+00
  2.0799350E+02  1.1552528E+00 -6.4671620E-03 -1.9768839E-03 -7.7694529E-03  0.0000000E+00
  2.0799350E+02  1.1589754E+00 -6.2570508E-03 -2.1028672E-03 -7.4785733E-03  0.0000000E+00
  2.0799350E+02  1.1626116E+00 -6.0816696E-03 -2.2002121E-03 -7.1943272E-03  0.0000000E+00
  2.0799350E+02  1.1661622E+00 -5.9398351E-03 -2.2723808E-03 -6.9154987E-03  0.0000000E+00
  2.0799350E+02  1.1696251E+00 -5.8270252E-03 -2.3213768E-03 -6.6413076E-03  0.0000000E+00
  2.0799350E+02  1.1729994E+00 -5.7368121E-03 -2.3489722E-03 -6.3710874E-03  0.0000000E+00
  2.0799350E+02  1.1762888E+00 -5.6620496E-03 -2.3572614E-03 -6.1039750E-03  0.0000000E+00
  2.0799350E+02  1.1794790E+00 -5.5962425E-03 -2.3488222E-03 -5.8408833E-03  0.0000000E+00
  2.0799350E+02  1.1825724E+00 -5.5332973E-03 -2.3266654E-03 -5.5817360E-03  0.0000000E+00
  2.0799350E+02  1.1855657E+00 -5.4683078E-03 -2.2937574E-03 -5.3273230E-03  0.0000000E+00
  2.0799350E+02  1.1884626E+00 -5.3973413E-03 -2.2523769E-03 -5.0782938E-03  0.0000000E+00
  2.0799350E+02  1.1912542E+00 -5.3179037E-03 -2.2036742E-03 -4.8367024E-03  0.0000000E+00
  2.0799350E+02  1.1939521E+00 -5.2281333E-03 -2.1463927E-03 -4.6030900E-03  0.0000000E+00
  2.0799350E+02  1.1965675E+00 -5.1272781E-03 -2.0762703E-03 -4.3778429E-03  0.0000000E+00
  2.0799350E+02  1.1991226E+00 -5.0155122E-03 -1.9849263E-03 -4.1598531E-03  0.0000000E+00
  2.0799350E+02  1.2016169E+00 -4.8972556E-03 -1.8676276E-03 -3.9489107E-03  0.0000000E+00
  2.0799350E+02  1.2040502E+00 -4.7732417E-03 -1.7331382E-03 -3.7446388E-03  0.0000000E+00
  2.0799350E+02  1.2064222E+00 -4.6391104E-03 -1.6007813E-03 -3.5450670E-03  0.0000000E+00
  2.0799350E+02  1.2087124E+00 -4.4974647E-03 -1.4926861E-03 -3.3506663E-03  0.0000000E+00
  2.0799350E+02  1.2109099E+00 -4.3516391E-03 -1.4193876E-03 -3.1617909E-03  0.0000000E+00
  2.0799350E+02  1.2129969E+00 -4.2053755E-03 -1.3829535E-03 -2.9797503E-03  0.0000000E+00
  2.0799350E+02  1.2149716E+00 -4.0605558E-03 -1.3788146E-03 -2.8046575E-03  0.0000000E+00
  2.0799350E+02  1.2168310E+00 -3.9180101E-03 -1.3988018E-03 -2.6366751E-03  0.0000000E+00
  2.0799350E+02  1.2185769E+00 -3.7771830E-03 -1.4332654E-03 -2.4753719E-03  0.0000000E+00
  2.0799350E+02  1.2202030E+00 -3.6375395E-03 -1.4727090E-03 -2.3208656E-03  0.0000000E+00
  2.0799350E+02  1.2217121E+00 -3.4976381E-03 -1.5096880E-03 -2.1721915E-03  0.0000000E+00
  2.0799350E+02  1.2231032E+00 -3.3566792E-03 -1.5396131E-03 -2.0285450E-03  0.0000000E+00
  2.0799350E+02  1.2243767E+00 -3.2144451E-03 -1.5613255E-03 -1.8888737E-03  0.0000000E+00
  2.0799350E+02 -1.2960352E-05  3.6588892E-06  5.7084876E-08 -8.3592709E-03  0.0000000E+00
  2.0799350E+02 -2.0521731E-02  6.0359556E-03  4.8818137E-05 -8.4467051E-03  0.0000000E+00
  2.0799350E+02 -3.2079905E-02  1.0164982E-02 -8.2523603E-05 -8.6501983E-03  0.0000000E+00
  2.0799350E+02 -3.2935087E-02  1.2123626E-02 -4.1299457E-04 -9.0020750E-03  0.0000000E+00
  2.0799350E+02 -2.0743688E-02  1.1596982E-02 -8.2038333E-04 -9.4427098E-03  0.0000000E+00
  2.0799350E+02  6.3639503E-03  8.5947251E-03 -1.1444037E-03 -9.9013782E-03  0.0000000E+00
  2.0799350E+02  4.9325466E-02  3.4579861E-03 -1.3176323E-03 -1.0320763E-02  0.0000000E+00
  2.0799350E+02  1.0764635E-01 -3.2737287E-03 -1.3803259E-03 -1.0650140E-02  0.0000000E+00
  2.0799350E+02  1.7885732E-01 -1.0843679E-02 -1.4661134E-03 -1.0840116E-02  0.0000000E+00
  2.0799350E+02  2.5883284E-01 -1.8257948E-02 -1.6316006E-03 -1.0868363E-02  0.0000000E+00
  2.0799350E+02  3.4286137E-01 -2.4635298E-02 -1.8216069E-03 -1.0757885E-02  0.0000000E+00
  2.0799350E+02  4.2616889E-01 -2.9455684E-02 -2.0228887E-03 -1.0569507E-02  0.0000000E+00
  2.0799350E+02  5.0436766E-01 -3.2586363E-02 -2.3050493E-03 -1.0373650E-02  0.0000000E+00
  2.0799350E+02  5.7420040E-01 -3.4188715E-02 -2.7865560E-03 -1.0219086E-02  0.0000000E+00
  2.0799350E+02  6.3357057E-01 -3.4559898E-02 -3.5521445E-03 -1.0124489E-02  0.0000000E+00
  2.0799350E+02  6.8210107E-01 -3.4054891E-02 -4.5467095E-03 -1.0104937E-02  0.0000000E+00
  2.0799350E+02  7.2084505E-01 -3.3023637E-02 -5.5112340E-03 -1.0162835E-02  0.0000000E+00
  2.0799350E+02  7.5132220E-01 -3.1727858E-02 -6.2402626E-03 -1.0301747E-02  0.0000000E+00
  2.0799350E+02  7.7523531E-01 -3.0382557E-02 -6.6957896E-03 -1.0513718E-02  0.0000000E+00
  2.0799350E+02  7.9402136E-01 -2.9139424E-02 -6.9260322E-03 -1.0783002E-02  0.0000000E+00
  2.0799350E+02  8.0900155E-01 -2.8075674E-02 -7.0068747E-03 -1.1092042E-02  0.0000000E+00
  2.0799350E+02  8.2126213E-01 -2.7208622E-02 -7.0027359E-03 -1.1422162E-02  0.0000000E+00
  2.0799350E+02  8.3171441E-01 -2.6510025E-02 -6.9494367E-03 -1.1755466E-02  0.0000000E+00
  2.0799350E+02  8.4097111E-01 -2.5938611E-02 -6.8523469E-03 -1.2071110E-02  0.0000000E+00
  2.0799350E+02  8.4944607E-01 -2.5456689E-02 -6.6936813E-03 -1.2349230E-02  0.0000000E+00
  2.0799350E+02  8.5735480E-01 -2.5048901E-02 -6.4432986E-03 -1.2575998E-02  0.0000000E+00
  2.0799350E+02  8.6482628E-01 -2.4700535E-02 -6.1158569E-03 -1.2743209E-02  0.0000000E+00
  2.0799350E+02  8.7203547E-01 -2.4416975E-02 -5.7547838E-03 -1.2855708E-02  0.0000000E+00
  2.0799350E+02  8.7917616E-01 -2.4183217E-02 -5.3997579E-03 -1.2914403E-02  0.0000000E+00
  2.0799350E+02  8.8632102E-01 -2.3972904E-02 -5.0642545E-03 -1.2924428E-02  0.0000000E+00
  2.0799350E+02  8.9345440E-01 -2.3766430E-02 -4.7440119E-03 -1.2894144E-02  0.0000000E+00
  2.0799350E+02  9.0053118E-01 -2.3550610E-02 -4.4362687E-03 -1.2831141E-02  0.0000000E+00
  2.0799350E+02  9.0756054E-01 -2.3315996E-02 -4.1453543E-03 -1.2740155E-02  0.0000000E+00
  2.0799350E+02  9.1454279E-01 -2.3057714E-02 -3.8854481E-03 -1.2623862E-02  0.0000000E+00
  2.0799350E+02  9.2150883E-01 -2.2772846E-02 -3.6729415E-03 -1.2483598E-02  0.0000000E+00
  2.0799350E+02  9.2848971E-01 -2.2460063E-02 -3.5192862E-03 -1.2320729E-02  0.0000000E+00
  2.0799350E+02  9.3548539E-01 -2.2120299E-02 -3.4242234E-03 -1.2137676E-02  0.0000000E+00
  2.0799350E+02  9.4250073E-01 -2.1755558E-02 -3.3721247E-03 -1.1935956E-02  0.0000000E+00
  2.0799350E+02  9.4947826E-01 -2.1374983E-02 -3.3365033E-03 -1.1715225E-02  0.0000000E+00
  2.0799350E+02  9.5636739E-01 -2.1000816E-02 -3.2918321E-03 -1.1481069E-02  0.0000000E+00
  2.0799350E+02  9.6327474E-01 -2.0650357E-02 -3.2581268E-03 -1.1238077E-02  0.0000000E+00
  2.0799350E+02  9.7013458E-01 -2.0315637E-02 -3.2150408E-03 -1.0983557E-02  0.0000000E+00
  2.0799350E+02  9.7690992E-01 -1.9988789E-02 -3.1663132E-03 -1.0722685E-02  0.0000000E+00
  2.0799350E+02  9.8357308E-01 -1.9664007E-02 -3.1333773E-03 -1.0459920E-02  0.0000000E+00
  2.0799350E+02  9.9013262E-01 -1.9335515E-02 -3.1348782E-03 -1.0197777E-02  0.0000000E+00
  2.0799350E+02  9.9660703E-01 -1.8998657E-02 -3.1765482E-03 -9.9376336E-03  0.0000000E+00
  2.0799350E+02  1.0030041E+00 -1.8651133E-02 -3.2487417E-03 -9.6804541E-03  0.0000000E+00
  2.0799350E+02  1.0093584E+00 -1.8291201E-02 -3.3303331E-03 -9.4252861E-03  0.0000000E+00
  2.0799350E+02  1.0156638E+00 -1.7921659E-02 -3.3947267E-03 -9.1721123E-03  0.0000000E+00
  2.0799350E+02  1.0219170E+00 -1.7547610E-02 -3.4184196E-03 -8.9203402E-03  0.0000000E+00
  2.0799350E+02  1.0280974E+00 -1.7177331E-02 -3.3881838E-03 -8.6699726E-03  0.0000000E+00
  2.0799350E+02  1.0342129E+00 -1.6818807E-02 -3.3048334E-03 -8.4202987E-03  0.0000000E+00
  2.0799350E+02  1.0402389E+00 -1.6481872E-02 -3.1823305E-03 -8.1729802E-03  0.0000000E+00
  2.0799350E+02  1.0461640E+00 -1.6173097E-02 -3.0390006E-03 -7.9310366E-03  0.0000000E+00
  2.0799350E+02  1.0519691E+00 -1.5892270E-02 -2.8839567E-03 -7.6927709E-03  0.0000000E+00
  2.0799350E+02  1.0576490E+00 -1.5635413E-02 -2.7148987E-03 -7.4587847E-03  0.0000000E+00
  2.0799350E+02  1.0632617E+00 -1.5381882E-02 -2.4928556E-03 -7.2299312E-03  0.0000000E+00
  2.0799350E+02  1.0687999E+00 -1.5121436E-02 -2.2128432E-03 -7.0037501E-03  0.0000000E+00
  2.0799350E+02  1.0742472E+00 -1.4851493E-02 -1.8946299E-03 -6.7786398E-03  0.0000000E+00
  2.0799350E+02  1.0795822E+00 -1.4572614E-02 -1.5681985E-03 -6.5539168E-03  0.0000000E+00
  2.0799350E+02  1.0847774E+00 -1.4285972E-02 -1.2638076E-03 -6.3299629E-03  0.0000000E+00
  2.0799350E+02  1.0898403E+00 -1.3989938E-02 -1.0033801E-03 -6.1065445E-03  0.0000000E+00
  2.0799350E+02  1.0947619E+00 -1.3682802E-02 -8.0041564E-04 -5.8849946E-03  0.0000000E+00
  2.0799350E+02  1.0995517E+00 -1.3361466E-02 -6.5734876E-04 -5.6665864E-03  0.0000000E+00
  2.0799350E+02  1.1042265E+00 -1.3023085E-02 -5.6787886E-04 -5.4527946E-03  0.0000000E+00
  2.0799350E+02  1.1087988E+00 -1.2666975E-02 -5.2053837E-04 -5.2454643E-03  0.0000000E+00
  2.0799350E+02  1.1133033E+00 -1.2293228E-02 -5.0315991E-04 -5.0451400E-03  0.0000000E+00
  2.0799350E+02  1.1177452E+00 -1.1906853E-02 -5.0871320E-04 -4.8527955E-03  0.0000000E+00
  2.0799350E+02  1.1221269E+00 -1.1514945E-02 -5.4047095E-04 -4.6678550E-03  0.0000000E+00
  2.0799350E+02  1.1264368E+00 -1.1125537E-02 -6.1727196E-04 -4.4878079E-03  0.0000000E+00
  2.0799350E+02  1.1306523E+00 -1.0740379E-02 -7.4865834E-04 -4.3114422E-03  0.0000000E+00
  2.0799350E+02  1.1348227E+00 -1.0356184E-02 -9.2325460E-04 -4.1428568E-03  0.0000000E+00
  2.0799350E+02  1.1389380E+00 -9.9830668E-03 -1.1642096E-03 -3.9755655E-03  0.0000000E+00
  2.0799350E+02  1.1430030E+00 -9.6204699E-03 -1.4170797E-03 -3.8108096E-03  0.0000000E+00
  2.0799350E+02  1.1470170E+00 -9.2722203E-03 -1.6474033E-03 -3.6488645E-03  0.0000000E+00
  2.0799350E+02  1.1509702E+00 -8.9443930E-03 -1.8369727E-03 -3.4897605E-03  0.0000000E+00
  2.0799350E+02  1.1548713E+00 -8.6411901E-03 -1.9812254E-03 -3.3325055E-03  0.0000000E+00
  2.0799350E+02  1.1587083E+00 -8.3670444E-03 -2.0833479E-03 -3.1768919E-03  0.0000000E+00
  2.0799350E+02  1.1624759E+00 -8.1236473E-03 -2.1518312E-03 -3.0224998E-03  0.0000000E+00
  2.0799350E+02  1.1661621E+00 -7.9106478E-03 -2.1965918E-03 -2.8692586E-03  0.0000000E+00
  2.0799350E+02  1.1697735E+00 -7.7244242E-03 -2.2264016E-03 -2.7163996E-03  0.0000000E+00
  2.0799350E+02  1.1732971E+00 -7.5607149E-03 -2.2464906E-03 -2.5640129E-03  0.0000000E+00
  2.0799350E+02  1.1767252E+00 -7.4137826E-03 -2.2580284E-03 -2.4120173E-03  0.0000000E+00
  2.0799350E+02  1.1800497E+00 -7.2775758E-03 -2.2585577E-03 -2.2604922E-03  0.0000000E+00
  2.0799350E+02  1.1832566E+00 -7.1467408E-03 -2.2441822E-03 -2.1100845E-03  0.0000000E+00
  2.0799350E+02  1.1863494E+00 -7.0164565E-03 -2.2134569E-03 -1.9612482E-03  0.0000000E+00
  2.0799350E+02  1.1893175E+00 -6.8843120E-03 -2.1736631E-03 -1.8161891E-03  0.0000000E+00
  2.0799350E+02  1.1921646E+00 -6.7440267E-03 -2.1375740E-03 -1.6765480E-03  0.0000000E+00
  2.0799350E+02  1.1949175E+00 -6.5944723E-03 -2.0909725E-03 -1.5428002E-03  0.0000000E+00
  2.0799350E+02  1.1975960E+00 -6.4411202E-03 -2.0197605E-03 -1.4156183E-03  0.0000000E+00
  2.0799350E+02  1.2002186E+00 -6.2794676E-03 -1.9176387E-03 -1.2927535E-03  0.0000000E+00
  2.0799350E+02  1.2027775E+00 -6.1085220E-03 -1.7934999E-03 -1.1735338E-03  0.0000000E+00
  2.0799350E+02  1.2052622E+00 -5.9291709E-03 -1.6629628E-03 -1.0577274E-03  0.0000000E+00
  2.0799350E+02  1.2076599E+00 -5.7437519E-03 -1.5426314E-03 -9.4552350E-04  0.0000000E+00
  2.0799350E+02  1.2099542E+00 -5.5556626E-03 -1.4463469E-03 -8.3749908E-04  0.0000000E+00
  2.0799350E+02  1.2121426E+00 -5.3673912E-03 -1.3823707E-03 -7.3370833E-04  0.0000000E+00
  2.0799350E+02  1.2142129E+00 -5.1818545E-03 -1.3535909E-03 -6.3464386E-04  0.0000000E+00
  2.0799350E+02  1.2161599E+00 -5.0006643E-03 -1.3571363E-03 -5.4038998E-04  0.0000000E+00
  2.0799350E+02  1.2179800E+00 -4.8241968E-03 -1.3857625E-03 -4.5075360E-04  0.0000000E+00
  2.0799350E+02  1.2196679E+00 -4.6518915E-03 -1.4295600E-03 -3.6540057E-04  0.0000000E+00
  2.0799350E+02  0.0000000E+00  0.0000000E+00  0.0000000E+00 -1.1722352E-03  0.0000000E+00
  2.0799350E+02 -3.9698825E-02  8.2009985E-03  1.5869195E-03 -1.2698707E-03  0.0000000E+00
  2.0799350E+02 -6.2117351E-02  1.4590833E-02  3.0614491E-03 -1.7722486E-03  0.0000000E+00
  2.0799350E+02 -6.8073581E-02  1.8161934E-02  4.2480479E-03 -2.6739363E-03  0.0000000E+00
  2.0799350E+02 -5.9542217E-02  1.8642914E-02  4.9645990E-03 -3.7334330E-03  0.0000000E+00
  2.0799350E+02 -3.8851725E-02  1.6274056E-02  5.3135391E-03 -4.7512167E-03  0.0000000E+00
  2.0799350E+02 -8.2639153E-03  1.1643888E-02  5.4119437E-03 -5.6215403E-03  0.0000000E+00
  2.0799350E+02  3.0436287E-02  5.5089963E-03  5.1525065E-03 -6.2900784E-03  0.0000000E+00
  2.0799350E+02  7.6205304E-02 -1.4515450E-03  4.5067357E-03 -6.7149555E-03  0.0000000E+00
  2.0799350E+02  1.2819448E-01 -8.6621076E-03  3.7159964E-03 -6.8776088E-03  0.0000000E+00
  2.0799350E+02  1.8552401E-01 -1.5679885E-02  2.7592925E-03 -6.7859315E-03  0.0000000E+00
  2.0799350E+02  2.4716253E-01 -2.2137545E-02  1.5808189E-03 -6.4703078E-03  0.0000000E+00
  2.0799350E+02  3.1166575E-01 -2.7716549E-02  2.9995305E-04 -5.9780609E-03  0.0000000E+00
  2.0799350E+02  3.7723793E-01 -3.2198036E-02 -8.0296004E-04 -5.3649577E-03  0.0000000E+00
  2.0799350E+02  4.4189031E-01 -3.5525424E-02 -1.5389294E-03 -4.6841891E-03  0.0000000E+00
  2.0799350E+02  5.0384340E-01 -3.7815312E-02 -2.1844044E-03 -3.9730108E-03  0.0000000E+00
  2.0799350E+02  5.6105302E-01 -3.9112339E-02 -3.0373452E-03 -3.2652438E-03  0.0000000E+00
  2.0799350E+02  6.1209950E-01 -3.9438653E-02 -4.0490671E-03 -2.5757739E-03  0.0000000E+00
  2.0799350E+02  6.5638622E-01 -3.8945214E-02 -5.0828693E-03 -1.9372728E-03  0.0000000E+00
  2.0799350E+02  6.9391702E-01 -3.7878870E-02 -6.0308531E-03 -1.3828347E-03  0.0000000E+00
  2.0799350E+02  7.2528622E-01 -3.6493251E-02 -6.8036916E-03 -9.2948248E-04  0.0000000E+00
  2.0799350E+02  7.5116587E-01 -3.5004984E-02 -7.3257481E-03 -5.8270600E-04  0.0000000E+00
  2.0799350E+02  7.7241619E-01 -3.3558916E-02 -7.5580274E-03 -3.3860581E-04  0.0000000E+00
  2.0799350E+02  7.9004420E-01 -3.2215515E-02 -7.5168459E-03 -1.8982930E-04  0.0000000E+00
  2.0799350E+02  8.0488818E-01 -3.0988257E-02 -7.2851066E-03 -1.2898744E-04  0.0000000E+00
  2.0799350E+02  8.1763236E-01 -2.9886699E-02 -7.0138443E-03 -1.3634018E-04  0.0000000E+00
  2.0799350E+02  8.2875210E-01 -2.8936569E-02 -6.8217530E-03 -1.8995281E-04  0.0000000E+00
  2.0799350E+02  8.3860538E-01 -2.8128882E-02 -6.7078019E-03 -2.6905220E-04  0.0000000E+00
  2.0799350E+02  8.4753219E-01 -2.7427800E-02 -6.6139319E-03 -3.6046105E-04  0.0000000E+00
  2.0799350E+02  8.5579829E-01 -2.6813459E-02 -6.4746081E-03 -4.5463626E-04  0.0000000E+00
  2.0799350E+02  8.6362502E-01 -2.6276071E-02 -6.2494855E-03 -5.4019391E-04  0.0000000E+00
  2.0799350E+02  8.7120103E-01 -2.5803547E-02 -5.9232313E-03 -6.0924334E-04  0.0000000E+00
  2.0799350E+02  8.7860474E-01 -2.5382853E-02 -5.5053760E-03 -6.5828776E-04  0.0000000E+00
  2.0799350E+02  8.8586111E-01 -2.4997419E-02 -5.0248576E-03 -6.8835518E-04  0.0000000E+00
  2.0799350E+02  8.9300140E-01 -2.4628568E-02 -4.5203568E-03 -7.0326164E-04  0.0000000E+00
  2.0799350E+02  9.0001732E-01 -2.4262895E-02 -4.0379205E-03 -7.0716483E-04  0.0000000E+00
  2.0799350E+02  9.0691955E-01 -2.3892501E-02 -3.6214448E-03 -7.0314340E-04  0.0000000E+00
  2.0799350E+02  9.1378042E-01 -2.3512090E-02 -3.3051000E-03 -6.9283612E-04  0.0000000E+00
  2.0799350E+02  9.2065471E-01 -2.3116333E-02 -3.1142052E-03 -6.7853535E-04  0.0000000E+00
  2.0799350E+02  9.2758139E-01 -2.2692801E-02 -3.0438735E-03 -6.5981607E-04  0.0000000E+00
  2.0799350E+02  9.3455811E-01 -2.2247924E-02 -3.0904973E-03 -6.3515306E-04  0.0000000E+00
  2.0799350E+02  9.4155044E-01 -2.1796837E-02 -3.1819803E-03 -6.0529579E-04  0.0000000E+00
  2.0799350E+02  9.4857190E-01 -2.1350705E-02 -3.2658853E-03 -5.6684550E-04  0.0000000E+00
  2.0799350E+02  9.5559394E-01 -2.0918887E-02 -3.3281073E-03 -5.1930139E-04  0.0000000E+00
  2.0799350E+02  9.6258705E-01 -2.0506119E-02 -3.3745616E-03 -4.6443763E-04  0.0000000E+00
  2.0799350E+02  9.6955949E-01 -2.0110923E-02 -3.4174097E-03 -4.0517413E-04  0.0000000E+00
  2.0799350E+02  9.7648923E-01 -1.9730718E-02 -3.4653056E-03 -3.4521253E-04  0.0000000E+00
  2.0799350E+02  9.8335946E-01 -1.9361024E-02 -3.5184563E-03 -2.8784734E-04  0.0000000E+00
  2.0799350E+02  9.9019149E-01 -1.8995265E-02 -3.5674851E-03 -2.3487746E-04  0.0000000E+00
  2.0799350E+02  9.9697386E-01 -1.8629943E-02 -3.5947639E-03 -1.8664036E-04  0.0000000E+00
  2.0799350E+02  1.0036941E+00 -1.8263991E-02 -3.5796140E-03 -1.4152809E-04  0.0000000E+00
  2.0799350E+02  1.0103683E+00 -1.7897668E-02 -3.5052856E-03 -9.6132042E-05  0.0000000E+00
  2.0799350E+02  1.0169598E+00 -1.7536800E-02 -3.3686088E-03 -4.6744713E-05  0.0000000E+00
  2.0799350E+02  1.0234639E+00 -1.7186992E-02 -3.1898396E-03  9.5478881E-06  0.0000000E+00
  2.0799350E+02  1.0298489E+00 -1.6850677E-02 -2.9773931E-03  6.8968450E-05  0.0000000E+00
  2.0799350E+02  1.0360834E+00 -1.6539602E-02 -2.7809736E-03  1.2649065E-04  0.0000000E+00
  2.0799350E+02  1.0421898E+00 -1.6259589E-02 -2.6198893E-03  1.8197489E-04  0.0000000E+00
  2.0799350E+02  1.0481835E+00 -1.6001406E-02 -2.4676809E-03  2.3444785E-04  0.0000000E+00
  2.0799350E+02  1.0540765E+00 -1.5751510E-02 -2.3053078E-03  2.8391120E-04  0.0000000E+00
  2.0799350E+02  1.0599017E+00 -1.5495895E-02 -2.1223128E-03  3.3105792E-04  0.0000000E+00
  2.0799350E+02  1.0656524E+00 -1.5225356E-02 -1.9182363E-03  3.7643465E-04  0.0000000E+00
  2.0799350E+02  1.0713130E+00 -1.4935402E-02 -1.7002243E-03  4.2049551E-04  0.0000000E+00
  2.0799350E+02  1.0768890E+00 -1.4624431E-02 -1.4790728E-03  4.6370904E-04  0.0000000E+00
  2.0799350E+02  1.0823539E+00 -1.4295451E-02 -1.2682485E-03  5.0609592E-04  0.0000000E+00
  2.0799350E+02  1.0876826E+00 -1.3953075E-02 -1.0796165E-03  5.4748112E-04  0.0000000E+00
  2.0799350E+02  1.0928810E+00 -1.3599906E-02 -9.2007868E-04  5.8773748E-04  0.0000000E+00
  2.0799350E+02  1.0979278E+00 -1.3239127E-02 -7.9232675E-04  6.2633993E-04  0.0000000E+00
  2.0799350E+02  1.1028455E+00 -1.2869102E-02 -6.9308847E-04  6.6288839E-04  0.0000000E+00
  2.0799350E+02  1.1076415E+00 -1.2487976E-02 -6.1732034E-04  6.9656940E-04  0.0000000E+00
  2.0799350E+02  1.1123320E+00 -1.2093945E-02 -5.6274036E-04  7.2618941E-04  0.0000000E+00
  2.0799350E+02  1.1169510E+00 -1.1689165E-02 -5.4510286E-04  7.5168036E-04  0.0000000E+00
  2.0799350E+02  1.1214756E+00 -1.1284061E-02 -5.8169500E-04  7.7634254E-04  0.0000000E+00
  2.0799350E+02  1.1259181E+00 -1.0883046E-02 -6.7412120E-04  7.9831588E-04  0.0000000E+00
  2.0799350E+02  1.1302984E+00 -1.0490996E-02 -8.2958919E-04  8.1890201E-04  0.0000000E+00
  2.0799350E+02  1.1346111E+00 -1.0112034E-02 -1.0352435E-03  8.3873028E-04  0.0000000E+00
  2.0799350E+02  1.1388498E+00 -9.7490543E-03 -1.2678975E-03  8.5818445E-04  0.0000000E+00
  2.0799350E+02  1.1430295E+00 -9.4029113E-03 -1.5029264E-03  8.7769837E-04  0.0000000E+00
  2.0799350E+02  1.1471371E+00 -9.0769341E-03 -1.7168692E-03  8.9764308E-04  0.0000000E+00
  2.0799350E+02  1.1511873E+00 -8.7722611E-03 -1.8938250E-03  9.1862978E-04  0.0000000E+00
  2.0799350E+02  1.1551739E+00 -8.4913727E-03 -2.0246675E-03  9.4126007E-04  0.0000000E+00
  2.0799350E+02  1.1590902E+00 -8.2357992E-03 -2.1087191E-03  9.6615107E-04  0.0000000E+00
  2.0799350E+02  1.1629467E+00 -8.0045428E-03 -2.1528183E-03  9.9398229E-04  0.0000000E+00
  2.0799350E+02  1.1667321E+00 -7.7963075E-03 -2.1683586E-03  1.0251463E-03  0.0000000E+00
  2.0799350E+02  1.1704320E+00 -7.6080233E-03 -2.1688638E-03  1.0597507E-03  0.0000000E+00
  2.0799350E+02  1.1740470E+00 -7.4344841E-03 -2.1659956E-03  1.0977369E-03  0.0000000E+00
  2.0799350E+02  1.1775561E+00 -7.2712129E-03 -2.1652480E-03  1.1384897E-03  0.0000000E+00
  2.0799350E+02  1.1809364E+00 -7.1151590E-03 -2.1612807E-03  1.1809978E-03  0.0000000E+00
  2.0799350E+02  1.1841897E+00 -6.9645458E-03 -2.1387844E-03  1.2245575E-03  0.0000000E+00
  2.0799350E+02  1.1872950E+00 -6.8156746E-03 -2.1231814E-03  1.2680060E-03  0.0000000E+00
  2.0799350E+02  1.1902762E+00 -6.6674817E-03 -2.1073179E-03  1.3091297E-03  0.0000000E+00
  2.0799350E+02  1.1931572E+00 -6.5173250E-03 -2.0764724E-03  1.3470762E-03  0.0000000E+00
  2.0799350E+02  1.1959513E+00 -6.3625040E-03 -2.0228337E-03  1.3817849E-03  0.0000000E+00
  2.0799350E+02  1.1986758E+00 -6.2003731E-03 -1.9450958E-03  1.4137251E-03  0.0000000E+00
  2.0799350E+02  1.2013256E+00 -6.0303362E-03 -1.8480506E-03  1.4432673E-03  0.0000000E+00
  2.0799350E+02  1.2038901E+00 -5.8532129E-03 -1.7408666E-03  1.4707031E-03  0.0000000E+00
  2.0799350E+02  1.2063677E+00 -5.6700995E-03 -1.6344269E-03  1.4962863E-03  0.0000000E+00
  2.0799350E+02  1.2087423E+00 -5.4837518E-03 -1.5402860E-03  1.5199552E-03  0.0000000E+00
  2.0799350E+02  1.2109988E+00 -5.2972197E-03 -1.4680023E-03  1.5415378E-03  0.0000000E+00
  2.0799350E+02  1.2131354E+00 -5.1123638E-03 -1.4231699E-03  1.5609354E-03  0.0000000E+00
  2.0799350E+02  1.2151419E+00 -4.9312588E-03 -1.4070562E-03  1.5780173E-03  0.0000000E+00
  2.0799350E+02 -2.8622529E-06  4.2046890E-08  1.8567286E-08  1.9262190E-02  0.0000000E+00
  2.0799350E+02 -7.0263447E-02  1.6513320E-03  5.9372390E-04  1.9084325E-02  0.0000000E+00
  2.0799350E+02 -8.9493905E-02  2.0226128E-03  6.6598617E-04  1.7942091E-02  0.0000000E+00
  2.0799350E+02 -7.6475611E-02  9.8719660E-05  1.7822887E-04  1.5986239E-02  0.0000000E+00
  2.0799350E+02 -4.7827012E-02 -3.7032833E-03 -3.3222090E-04  1.3814770E-02  0.0000000E+00
  2.0799350E+02 -1.2194862E-02 -8.6433678E-03 -3.9479335E-04  1.1840122E-02  0.0000000E+00
  2.0799350E+02  2.6563072E-02 -1.4200767E-02 -1.9094138E-05  1.0237882E-02  0.0000000E+00
  2.0799350E+02  6.6983717E-02 -2.0077998E-02  4.8259843E-04  9.0300305E-03  0.0000000E+00
  2.0799350E+02  1.0881228E-01 -2.5942484E-02  9.0942948E-04  8.1884346E-03  0.0000000E+00
  2.0799350E+02  1.5249290E-01 -3.1445948E-02  1.1622509E-03  7.6774224E-03  0.0000000E+00
  2.0799350E+02  1.9818686E-01 -3.6331885E-02  1.1738791E-03  7.4691497E-03  0.0000000E+00
  2.0799350E+02  2.4560271E-01 -4.0442152E-02  8.4260126E-04  7.5430748E-03  0.0000000E+00
  2.0799350E+02  2.9436728E-01 -4.3719198E-02  7.9145589E-05  7.8728653E-03  0.0000000E+00
  2.0799350E+02  3.4426569E-01 -4.6171869E-02 -1.0889249E-03  8.4200466E-03  0.0000000E+00
  2.0799350E+02  3.9510158E-01 -4.7836877E-02 -2.4409781E-03  9.1332479E-03  0.0000000E+00
  2.0799350E+02  4.4590802E-01 -4.8744185E-02 -3.5848766E-03  9.9615139E-03  0.0000000E+00
  2.0799350E+02  4.9501048E-01 -4.8974890E-02 -4.2861817E-03  1.0871092E-02  0.0000000E+00
  2.0799350E+02  5.4144776E-01 -4.8584742E-02 -4.6441235E-03  1.1815708E-02  0.0000000E+00
  2.0799350E+02  5.8472789E-01 -4.7600781E-02 -4.8811694E-03  1.2744276E-02  0.0000000E+00
  2.0799350E+02  6.2432479E-01 -4.6102700E-02 -5.2053961E-03  1.3605629E-02  0.0000000E+00
  2.0799350E+02  6.5981376E-01 -4.4227821E-02 -5.7191977E-03  1.4361270E-02  0.0000000E+00
  2.0799350E+02  6.9097570E-01 -4.2140377E-02 -6.3953067E-03  1.4987167E-02  0.0000000E+00
  2.0799350E+02  7.1790146E-01 -3.9987772E-02 -7.1031167E-03  1.5470707E-02  0.0000000E+00
  2.0799350E+02  7.4101751E-01 -3.7866880E-02 -7.6672825E-03  1.5806692E-02  0.0000000E+00
  2.0799350E+02  7.6097040E-01 -3.5823426E-02 -7.9407390E-03  1.5996638E-02  0.0000000E+00
  2.0799350E+02  7.7830702E-01 -3.3907498E-02 -7.8742784E-03  1.6055569E-02  0.0000000E+00
  2.0799350E+02  7.9325666E-01 -3.2174795E-02 -7.6389470E-03  1.6006090E-02  0.0000000E+00
  2.0799350E+02  8.0634609E-01 -3.0593705E-02 -7.3059917E-03  1.5865047E-02  0.0000000E+00
  2.0799350E+02  8.1809114E-01 -2.9163175E-02 -6.8973381E-03  1.5653434E-02  0.0000000E+00
  2.0799350E+02  8.2879587E-01 -2.7883710E-02 -6.4902929E-03  1.5391025E-02  0.0000000E+00
  2.0799350E+02  8.3869568E-01 -2.6751378E-02 -6.1328291E-03  1.5095141E-02  0.0000000E+00
  2.0799350E+02  8.4794151E-01 -2.5756602E-02 -5.8342462E-03  1.4779097E-02  0.0000000E+00
  2.0799350E+02  8.5665626E-01 -2.4879182E-02 -5.5694121E-03  1.4451502E-02  0.0000000E+00
  2.0799350E+02  8.6495020E-01 -2.4091580E-02 -5.2946766E-03  1.4117450E-02  0.0000000E+00
  2.0799350E+02  8.7292197E-01 -2.3365358E-02 -4.9689264E-03  1.3780452E-02  0.0000000E+00
  2.0799350E+02  8.8065178E-01 -2.2678187E-02 -4.5738789E-03  1.3444223E-02  0.0000000E+00
  2.0799350E+02  8.8819275E-01 -2.2018799E-02 -4.1277187E-03  1.3113475E-02  0.0000000E+00
  2.0799350E+02  8.9556711E-01 -2.1387282E-02 -3.6861744E-03  1.2792837E-02  0.0000000E+00
  2.0799350E+02  9.0277329E-01 -2.0788127E-02 -3.3251384E-03  1.2483041E-02  0.0000000E+00
  2.0799350E+02  9.0983659E-01 -2.0215328E-02 -3.0424769E-03  1.2177960E-02  0.0000000E+00
  2.0799350E+02  9.1685293E-01 -1.9651713E-02 -2.8837505E-03  1.1874600E-02  0.0000000E+00
  2.0799350E+02  9.2386513E-01 -1.9106452E-02 -2.8870669E-03  1.1573588E-02  0.0000000E+00
  2.0799350E+02  9.3090201E-01 -1.8587512E-02 -2.9934886E-03  1.1277915E-02  0.0000000E+00
  2.0799350E+02  9.3797890E-01 -1.8096518E-02 -3.1445916E-03  1.0989937E-02  0.0000000E+00
  2.0799350E+02  9.4510290E-01 -1.7630753E-02 -3.2980888E-03  1.0710912E-02  0.0000000E+00
  2.0799350E+02  9.5227484E-01 -1.7185319E-02 -3.4323553E-03  1.0440961E-02  0.0000000E+00
  2.0799350E+02  9.5948919E-01 -1.6755223E-02 -3.5429819E-03  1.0179323E-02  0.0000000E+00
  2.0799350E+02  9.6673287E-01 -1.6337121E-02 -3.6344815E-03  9.9248028E-03  0.0000000E+00
  2.0799350E+02  9.7398423E-01 -1.5930446E-02 -3.7102762E-03  9.6762839E-03  0.0000000E+00
  2.0799350E+02  9.8121310E-01 -1.5537675E-02 -3.7640876E-03  9.4331901E-03  0.0000000E+00
  2.0799350E+02  9.8838320E-01 -1.5163467E-02 -3.7758596E-03  9.1957829E-03  0.0000000E+00
  2.0799350E+02  9.9545787E-01 -1.4812411E-02 -3.7153363E-03  8.9651752E-03  0.0000000E+00
  2.0799350E+02  1.0024103E+00 -1.4485113E-02 -3.5564238E-03  8.7429436E-03  0.0000000E+00
  2.0799350E+02  1.0092393E+00 -1.4172382E-02 -3.3054583E-03  8.5302229E-03  0.0000000E+00
  2.0799350E+02  1.0159719E+00 -1.3876153E-02 -3.0314193E-03  8.3267806E-03  0.0000000E+00
  2.0799350E+02  1.0226412E+00 -1.3593984E-02 -2.7676264E-03  8.1354365E-03  0.0000000E+00
  2.0799350E+02  1.0291849E+00 -1.3340746E-02 -2.5361648E-03  7.9544138E-03  0.0000000E+00
  2.0799350E+02  1.0355676E+00 -1.3129299E-02 -2.3421772E-03  7.7808277E-03  0.0000000E+00
  2.0799350E+02  1.0417936E+00 -1.2952439E-02 -2.1771985E-03  7.6123334E-03  0.0000000E+00
  2.0799350E+02  1.0478867E+00 -1.2793144E-02 -2.0281592E-03  7.4473082E-03  0.0000000E+00
  2.0799350E+02  1.0538762E+00 -1.2632026E-02 -1.8832557E-03  7.2848611E-03  0.0000000E+00
  2.0799350E+02  1.0597861E+00 -1.2452314E-02 -1.7351771E-03  7.1247129E-03  0.0000000E+00
  2.0799350E+02  1.0656303E+00 -1.2242700E-02 -1.5821806E-03  6.9669930E-03  0.0000000E+00
  2.0799350E+02  1.0714098E+00 -1.1998401E-02 -1.4275039E-03  6.8119971E-03  0.0000000E+00
  2.0799350E+02  1.0771235E+00 -1.1720257E-02 -1.2773671E-03  6.6597019E-03  0.0000000E+00
  2.0799350E+02  1.0827333E+00 -1.1415096E-02 -1.1395143E-03  6.5105769E-03  0.0000000E+00
  2.0799350E+02  1.0882261E+00 -1.1090631E-02 -1.0190774E-03  6.3639881E-03  0.0000000E+00
  2.0799350E+02  1.0935815E+00 -1.0754462E-02 -9.1725580E-04  6.2192564E-03  0.0000000E+00
  2.0799350E+02  1.0987882E+00 -1.0410733E-02 -8.2952281E-04  6.0756374E-03  0.0000000E+00
  2.0799350E+02  1.1038504E+00 -1.0057435E-02 -7.4536570E-04  5.9327859E-03  0.0000000E+00
  2.0799350E+02  1.1087912E+00 -9.6938543E-03 -6.6630456E-04  5.7910640E-03  0.0000000E+00
  2.0799350E+02  1.1136228E+00 -9.3423193E-03 -6.4092040E-04  5.6507284E-03  0.0000000E+00
  2.0799350E+02  1.1183490E+00 -8.9969884E-03 -6.5805619E-04  5.5132624E-03  0.0000000E+00
  2.0799350E+02  1.1229754E+00 -8.6651963E-03 -7.2783883E-04  5.3790428E-03  0.0000000E+00
  2.0799350E+02  1.1275087E+00 -8.3496216E-03 -8.5027431E-04  5.2482814E-03  0.0000000E+00
  2.0799350E+02  1.1319551E+00 -8.0506819E-03 -1.0171129E-03  5.1211573E-03  0.0000000E+00
  2.0799350E+02  1.1363204E+00 -7.7680902E-03 -1.2141682E-03  4.9979026E-03  0.0000000E+00
  2.0799350E+02  1.1406092E+00 -7.5017185E-03 -1.4238895E-03  4.8788467E-03  0.0000000E+00
  2.0799350E+02  1.1448254E+00 -7.2519100E-03 -1.6279896E-03  4.7644260E-03  0.0000000E+00
  2.0799350E+02  1.1489716E+00 -7.0193878E-03 -1.8099273E-03  4.6551636E-03  0.0000000E+00
  2.0799350E+02  1.1530499E+00 -6.8049004E-03 -1.9570445E-03  4.5516254E-03  0.0000000E+00
  2.0799350E+02  1.1570611E+00 -6.6087519E-03 -2.0621606E-03  4.4543584E-03  0.0000000E+00
  2.0799350E+02  1.1610050E+00 -6.4303579E-03 -2.1244220E-03  4.3638158E-03  0.0000000E+00
  2.0799350E+02  1.1648792E+00 -6.2679738E-03 -2.1492093E-03  4.2802766E-03  0.0000000E+00
  2.0799350E+02  1.1686775E+00 -6.1187381E-03 -2.1469009E-03  4.2037632E-03  0.0000000E+00
  2.0799350E+02  1.1723887E+00 -5.9791757E-03 -2.1302951E-03  4.1339647E-03  0.0000000E+00
  2.0799350E+02  1.1759929E+00 -5.8463055E-03 -2.1104900E-03  4.0701698E-03  0.0000000E+00
  2.0799350E+02  1.1794723E+00 -5.7196996E-03 -2.0871604E-03  4.0118235E-03  0.0000000E+00
  2.0799350E+02  1.1828021E+00 -5.5992774E-03 -2.0674320E-03  3.9582455E-03  0.0000000E+00
  2.0799350E+02  1.1859801E+00 -5.4836599E-03 -2.0583418E-03  3.9070422E-03  0.0000000E+00
  2.0799350E+02  1.1890351E+00 -5.3694823E-03 -2.0504464E-03  3.8570670E-03  0.0000000E+00
  2.0799350E+02  1.1919887E+00 -5.2523003E-03 -2.0340278E-03  3.8075757E-03  0.0000000E+00
  2.0799350E+02  1.1948547E+00 -5.1283543E-03 -2.0017566E-03  3.7581157E-03  0.0000000E+00
  2.0799350E+02  1.1976389E+00 -4.9955312E-03 -1.9501711E-03  3.7084351E-03  0.0000000E+00
  2.0799350E+02  1.2003402E+00 -4.8536747E-03 -1.8801548E-03  3.6584104E-03  0.0000000E+00
  2.0799350E+02  1.2029523E+00 -4.7043958E-03 -1.7965922E-03  3.6079930E-03  0.0000000E+00
  2.0799350E+02  1.2054654E+00 -4.5505340E-03 -1.7073879E-03  3.5571743E-03  0.0000000E+00
  2.0799350E+02  1.2078684E+00 -4.3954198E-03 -1.6220286E-03  3.5059689E-03  0.0000000E+00
  2.0799350E+02  1.2101510E+00 -4.2420903E-03 -1.5498726E-03  3.4544161E-03  0.0000000E+00
  2.0799350E+02  1.2123049E+00 -4.0926076E-03 -1.4983464E-03  3.4025995E-03  0.0000000E+00
  2.0799350E+02  0.0000000E+00  0.0000000E+00  0.0000000E+00  6.9126948E-02  0.0000000E+00
  2.0799350E+02 -2.2987618E-02 -7.2407448E-03  7.8682177E-03  6.9128257E-02  0.0000000E+00
  2.0799350E+02  4.9941029E-03 -9.8615445E-03  1.0636218E-02  6.7696805E-02  0.0000000E+00
  2.0799350E+02  4.7002012E-02 -1.1994500E-02  1.0170962E-02  6.4881299E-02  0.0000000E+00
  2.0799350E+02  8.8711026E-02 -1.4836923E-02  8.4964735E-03  6.1473893E-02  0.0000000E+00
  2.0799350E+02  1.2808782E-01 -1.8174998E-02  6.5778118E-03  5.8049837E-02  0.0000000E+00
  2.0799350E+02  1.6568993E-01 -2.1742052E-02  4.5896155E-03  5.4906615E-02  0.0000000E+00
  2.0799350E+02  2.0249753E-01 -2.5369468E-02  2.5507967E-03  5.2178648E-02  0.0000000E+00
  2.0799350E+02  2.3953776E-01 -2.8822904E-02  7.1792522E-04  4.9901868E-02  0.0000000E+00
  2.0799350E+02  2.7717876E-01 -3.1932869E-02 -6.3226453E-04  4.8049251E-02  0.0000000E+00
  2.0799350E+02  3.1516544E-01 -3.4500822E-02 -1.6585607E-03  4.6590848E-02  0.0000000E+00
  2.0799350E+02  3.5321541E-01 -3.6361139E-02 -2.5033710E-03  4.5461318E-02  0.0000000E+00
  2.0799350E+02  3.9117182E-01 -3.7448821E-02 -3.1505744E-03  4.4578626E-02  0.0000000E+00
  2.0799350E+02  4.2895742E-01 -3.7810627E-02 -3.5643881E-03  4.3889037E-02  0.0000000E+00
  2.0799350E+02  4.6631482E-01 -3.7567255E-02 -3.8419810E-03  4.3378893E-02  0.0000000E+00
  2.0799350E+02  5.0263182E-01 -3.6840854E-02 -4.1385894E-03  4.3017379E-02  0.0000000E+00
  2.0799350E+02  5.3746617E-01 -3.5748218E-02 -4.4607403E-03  4.2761704E-02  0.0000000E+00
  2.0799350E+02  5.7066683E-01 -3.4325903E-02 -4.7088397E-03  4.2551678E-02  0.0000000E+00
  2.0799350E+02  6.0199810E-01 -3.2574571E-02 -4.8381226E-03  4.2312556E-02  0.0000000E+00
  2.0799350E+02  6.3123351E-01 -3.0536305E-02 -4.8959234E-03  4.1981105E-02  0.0000000E+00
  2.0799350E+02  6.5835129E-01 -2.8288478E-02 -4.9898814E-03  4.1530223E-02  0.0000000E+00
  2.0799350E+02  6.8327652E-01 -2.5946071E-02 -5.2201733E-03  4.0970082E-02  0.0000000E+00
  2.0799350E+02  7.0605682E-01 -2.3623162E-02 -5.6095581E-03  4.0329000E-02  0.0000000E+00
  2.0799350E+02  7.2694695E-01 -2.1394986E-02 -6.0686844E-03  3.9627539E-02  0.0000000E+00
  2.0799350E+02  7.4613729E-01 -1.9313395E-02 -6.4202751E-03  3.8871893E-02  0.0000000E+00
  2.0799350E+02  7.6380025E-01 -1.7418049E-02 -6.5297134E-03  3.8059398E-02  0.0000000E+00
  2.0799350E+02  7.8009827E-01 -1.5754208E-02 -6.5255422E-03  3.7182933E-02  0.0000000E+00
  2.0799350E+02  7.9481974E-01 -1.4279226E-02 -6.4081443E-03  3.6260956E-02  0.0000000E+00
  2.0799350E+02  8.0805284E-01 -1.2992536E-02 -6.1846287E-03  3.5288588E-02  0.0000000E+00
  2.0799350E+02  8.1999419E-01 -1.1897620E-02 -5.8807755E-03  3.4271907E-02  0.0000000E+00
  2.0799350E+02  8.3088822E-01 -1.0980371E-02 -5.5154897E-03  3.3227472E-02  0.0000000E+00
  2.0799350E+02  8.4101135E-01 -1.0208845E-02 -5.1067497E-03  3.2168472E-02  0.0000000E+00
  2.0799350E+02  8.5053493E-01 -9.5491204E-03 -4.6781549E-03  3.1111083E-02  0.0000000E+00
  2.0799350E+02  8.5957932E-01 -8.9682341E-03 -4.2562156E-03  3.0068077E-02  0.0000000E+00
  2.0799350E+02  8.6826501E-01 -8.4398612E-03 -3.8648852E-03  2.9044169E-02  0.0000000E+00
  2.0799350E+02  8.7664025E-01 -7.9549897E-03 -3.5261127E-03  2.8047522E-02  0.0000000E+00
  2.0799350E+02  8.8474550E-01 -7.5185366E-03 -3.2547966E-03  2.7084658E-02  0.0000000E+00
  2.0799350E+02  8.9265941E-01 -7.1401360E-03 -3.0581005E-03  2.6154187E-02  0.0000000E+00
  2.0799350E+02  9.0040833E-01 -6.8216524E-03 -2.9430122E-03  2.5251592E-02  0.0000000E+00
  2.0799350E+02  9.0800057E-01 -6.5550122E-03 -2.9000013E-03  2.4375619E-02  0.0000000E+00
  2.0799350E+02  9.1550831E-01 -6.3420464E-03 -2.9087196E-03  2.3524272E-02  0.0000000E+00
  2.0799350E+02  9.2292118E-01 -6.1648320E-03 -2.9905214E-03  2.2698167E-02  0.0000000E+00
  2.0799350E+02  9.3029591E-01 -6.0180819E-03 -3.1312216E-03  2.1899328E-02  0.0000000E+00
  2.0799350E+02  9.3765675E-01 -5.8963108E-03 -3.3047831E-03  2.1128717E-02  0.0000000E+00
  2.0799350E+02  9.4502327E-01 -5.7926940E-03 -3.4844154E-03  2.0385632E-02  0.0000000E+00
  2.0799350E+02  9.5243988E-01 -5.6993418E-03 -3.6491085E-03  1.9666225E-02  0.0000000E+00
  2.0799350E+02  9.5989745E-01 -5.6093408E-03 -3.7830638E-03  1.8971661E-02  0.0000000E+00
  2.0799350E+02  9.6736783E-01 -5.5173787E-03 -3.8754144E-03  1.8304018E-02  0.0000000E+00
  2.0799350E+02  9.7484280E-01 -5.4203682E-03 -3.9178233E-03  1.7662424E-02  0.0000000E+00
  2.0799350E+02  9.8226407E-01 -5.3190330E-03 -3.9010792E-03  1.7048880E-02  0.0000000E+00
  2.0799350E+02  9.8956986E-01 -5.2174994E-03 -3.8151676E-03  1.6464110E-02  0.0000000E+00
  2.0799350E+02  9.9674413E-01 -5.1218764E-03 -3.6506128E-03  1.5904890E-02  0.0000000E+00
  2.0799350E+02  1.0037497E+00 -5.0393438E-03 -3.4064917E-03  1.5371827E-02  0.0000000E+00
  2.0799350E+02  1.0106467E+00 -4.9734258E-03 -3.1008456E-03  1.4864407E-02  0.0000000E+00
  2.0799350E+02  1.0174689E+00 -4.9276910E-03 -2.7731440E-03  1.4382272E-02  0.0000000E+00
  2.0799350E+02  1.0241812E+00 -4.9129554E-03 -2.4673705E-03  1.3924056E-02  0.0000000E+00
  2.0799350E+02  1.0307742E+00 -4.9348341E-03 -2.2063892E-03  1.3488167E-02  0.0000000E+00
  2.0799350E+02  1.0372038E+00 -4.9907193E-03 -1.9899883E-03  1.3071234E-02  0.0000000E+00
  2.0799350E+02  1.0434579E+00 -5.0693012E-03 -1.8121256E-03  1.2671465E-02  0.0000000E+00
  2.0799350E+02  1.0495753E+00 -5.1553301E-03 -1.6642256E-03  1.2286108E-02  0.0000000E+00
  2.0799350E+02  1.0555733E+00 -5.2321502E-03 -1.5391366E-03  1.1914945E-02  0.0000000E+00
  2.0799350E+02  1.0614706E+00 -5.2847548E-03 -1.4309896E-03  1.1557854E-02  0.0000000E+00
  2.0799350E+02  1.0673095E+00 -5.3018472E-03 -1.3348736E-03  1.1212921E-02  0.0000000E+00
  2.0799350E+02  1.0730911E+00 -5.2764396E-03 -1.2474621E-03  1.0879922E-02  0.0000000E+00
  2.0799350E+02  1.0788034E+00 -5.2068854E-03 -1.1658727E-03  1.0558433E-02  0.0000000E+00
  2.0799350E+02  1.0844493E+00 -5.0960208E-03 -1.0870948E-03  1.0246365E-02  0.0000000E+00
  2.0799350E+02  1.0899842E+00 -4.9512823E-03 -1.0093964E-03  9.9437423E-03  0.0000000E+00
  2.0799350E+02  1.0953979E+00 -4.7818168E-03 -9.3281844E-04  9.6486343E-03  0.0000000E+00
  2.0799350E+02  1.1006613E+00 -4.5979604E-03 -8.6314263E-04  9.3607805E-03  0.0000000E+00
  2.0799350E+02  1.1057710E+00 -4.4079803E-03 -8.1635603E-04  9.0800429E-03  0.0000000E+00
  2.0799350E+02  1.1107698E+00 -4.2165922E-03 -8.1894369E-04  8.8057651E-03  0.0000000E+00
  2.0799350E+02  1.1156303E+00 -4.0350333E-03 -8.6057225E-04  8.5390395E-03  0.0000000E+00
  2.0799350E+02  1.1203797E+00 -3.8647187E-03 -9.3198946E-04  8.2800016E-03  0.0000000E+00
  2.0799350E+02  1.1250292E+00 -3.7087021E-03 -1.0255675E-03  8.0291163E-03  0.0000000E+00
  2.0799350E+02  1.1295729E+00 -3.5693516E-03 -1.1375672E-03  7.7872298E-03  0.0000000E+00
  2.0799350E+02  1.1340094E+00 -3.4477087E-03 -1.2651201E-03  7.5547233E-03  0.0000000E+00
  2.0799350E+02  1.1383611E+00 -3.3432412E-03 -1.4050468E-03  7.3307554E-03  0.0000000E+00
  2.0799350E+02  1.1426206E+00 -3.2553650E-03 -1.5514347E-03  7.1161261E-03  0.0000000E+00
  2.0799350E+02  1.1468082E+00 -3.1821789E-03 -1.6974281E-03  6.9103640E-03  0.0000000E+00
  2.0799350E+02  1.1509206E+00 -3.1216777E-03 -1.8341713E-03  6.7142425E-03  0.0000000E+00
  2.0799350E+02  1.1549532E+00 -3.0713545E-03 -1.9526804E-03  6.5285428E-03  0.0000000E+00
  2.0799350E+02  1.1589188E+00 -3.0282219E-03 -2.0456777E-03  6.3530692E-03  0.0000000E+00
  2.0799350E+02  1.1628081E+00 -2.9895569E-03 -2.1077326E-03  6.1883679E-03  0.0000000E+00
  2.0799350E+02  1.1666101E+00 -2.9529613E-03 -2.1372468E-03  6.0345980E-03  0.0000000E+00
  2.0799350E+02  1.1703306E+00 -2.9166831E-03 -2.1371651E-03  5.8907673E-03  0.0000000E+00
  2.0799350E+02  1.1739541E+00 -2.8806019E-03 -2.1148861E-03  5.7562682E-03  0.0000000E+00
  2.0799350E+02  1.1774633E+00 -2.8468418E-03 -2.0819691E-03  5.6301395E-03  0.0000000E+00
  2.0799350E+02  1.1808597E+00 -2.8180241E-03 -2.0504751E-03  5.5109951E-03  0.0000000E+00
  2.0799350E+02  1.1840992E+00 -2.7944926E-03 -2.0271596E-03  5.3984696E-03  0.0000000E+00
  2.0799350E+02  1.1872035E+00 -2.7733917E-03 -2.0127667E-03  5.2904272E-03  0.0000000E+00
  2.0799350E+02  1.1901971E+00 -2.7468638E-03 -2.0009409E-03  5.1860635E-03  0.0000000E+00
  2.0799350E+02  1.1930944E+00 -2.7086829E-03 -1.9840967E-03  5.0848892E-03  0.0000000E+00
  2.0799350E+02  1.1959138E+00 -2.6552632E-03 -1.9559314E-03  4.9860665E-03  0.0000000E+00
  2.0799350E+02  1.1986503E+00 -2.5863807E-03 -1.9131009E-03  4.8893134E-03  0.0000000E+00
  2.0799350E+02  1.2012935E+00 -2.5047501E-03 -1.8558563E-03  4.7943398E-03  0.0000000E+00
  2.0799350E+02  1.2038418E+00 -2.4146752E-03 -1.7875256E-03  4.7003960E-03  0.0000000E+00
  2.0799350E+02  1.2062795E+00 -2.3217491E-03 -1.7143754E-03  4.6072631E-03  0.0000000E+00
  2.0799350E+02  1.2085923E+00 -2.2312493E-03 -1.6442047E-03  4.5148340E-03  0.0000000E+00
  2.0799350E+02  1.2107804E+00 -2.1465476E-03 -1.5845311E-03  4.4227242E-03  0.0000000E+00
  2.0799350E+02  1.2128363E+00 -2.0692105E-03 -1.5417596E-03  4.3312526E-03  0.0000000E+00
  2.0799350E+02  4.6961157E-05  1.3263617E-05  5.5869960E-06  9.7324269E-02  0.0000000E+00
  2.0799350E+02  9.2978423E-02  2.1494209E-02  7.7770536E-03  9.6753201E-02  0.0000000E+00
  2.0799350E+02  1.7348363E-01  3.3207009E-02  1.0628477E-02  9.4615410E-02  0.0000000E+00
  2.0799350E+02  2.3119849E-01  3.6115433E-02  1.0641408E-02  9.0834589E-02  0.0000000E+00
  2.0799350E+02  2.7495976E-01  3.4688708E-02  9.0521570E-03  8.6234843E-02  0.0000000E+00
  2.0799350E+02  3.1177011E-01  3.1620903E-02  6.5626231E-03  8.1451156E-02  0.0000000E+00
  2.0799350E+02  3.4483348E-01  2.8072213E-02  3.8528840E-03  7.6850543E-02  0.0000000E+00
  2.0799350E+02  3.7573102E-01  2.4597924E-02  1.4812176E-03  7.2621932E-02  0.0000000E+00
  2.0799350E+02  4.0525540E-01  2.1474732E-02 -3.2821081E-04  6.8840192E-02  0.0000000E+00
  2.0799350E+02  4.3382603E-01  1.8846427E-02 -1.6949671E-03  6.5522086E-02  0.0000000E+00
  2.0799350E+02  4.6185948E-01  1.6752450E-02 -2.7727114E-03  6.2641641E-02  0.0000000E+00
  2.0799350E+02  4.8964930E-01  1.5115667E-02 -3.6191196E-03  6.0159187E-02  0.0000000E+00
  2.0799350E+02  5.1725754E-01  1.3831170E-02 -4.2315284E-03  5.8030698E-02  0.0000000E+00
  2.0799350E+02  5.4460241E-01  1.2861400E-02 -4.6206216E-03  5.6192497E-02  0.0000000E+00
  2.0799350E+02  5.7139998E-01  1.2258041E-02 -4.8156767E-03  5.4565537E-02  0.0000000E+00
  2.0799350E+02  5.9740095E-01  1.2015239E-02 -4.7908675E-03  5.3064076E-02  0.0000000E+00
  2.0799350E+02  6.2243453E-01  1.2048554E-02 -4.5277658E-03  5.1638610E-02  0.0000000E+00
  2.0799350E+02  6.4613881E-01  1.2189267E-02 -4.2354895E-03  5.0248980E-02  0.0000000E+00
  2.0799350E+02  6.6858549E-01  1.2415751E-02 -4.1368993E-03  4.8862834E-02  0.0000000E+00
  2.0799350E+02  6.8990174E-01  1.2755860E-02 -4.2963703E-03  4.7470361E-02  0.0000000E+00
  2.0799350E+02  7.1024110E-01  1.3204388E-02 -4.6437429E-03  4.6069435E-02  0.0000000E+00
  2.0799350E+02  7.2961622E-01  1.3708005E-02 -5.0377330E-03  4.4666160E-02  0.0000000E+00
  2.0799350E+02  7.4801761E-01  1.4194863E-02 -5.3428681E-03  4.3262074E-02  0.0000000E+00
  2.0799350E+02  7.6526741E-01  1.4605935E-02 -5.4836912E-03  4.1866145E-02  0.0000000E+00
  2.0799350E+02  7.8125102E-01  1.4916490E-02 -5.4645697E-03  4.0483510E-02  0.0000000E+00
  2.0799350E+02  7.9600952E-01  1.5105105E-02 -5.3178803E-03  3.9116685E-02  0.0000000E+00
  2.0799350E+02  8.0966906E-01  1.5154299E-02 -5.0377736E-03  3.7767228E-02  0.0000000E+00
  2.0799350E+02  8.2237811E-01  1.5077663E-02 -4.8046699E-03  3.6418569E-02  0.0000000E+00
  2.0799350E+02  8.3419075E-01  1.4916192E-02 -4.6851757E-03  3.5077685E-02  0.0000000E+00
  2.0799350E+02  8.4515691E-01  1.4709195E-02 -4.6182389E-03  3.3750356E-02  0.0000000E+00
  2.0799350E+02  8.5536086E-01  1.4470342E-02 -4.5154691E-03  3.2442030E-02  0.0000000E+00
  2.0799350E+02  8.6490017E-01  1.4199074E-02 -4.3168004E-03  3.1161020E-02  0.0000000E+00
  2.0799350E+02  8.7393569E-01  1.3886926E-02 -4.0104147E-03  2.9909700E-02  0.0000000E+00
  2.0799350E+02  8.8257633E-01  1.3526185E-02 -3.6318240E-03  2.8696767E-02  0.0000000E+00
  2.0799350E+02  8.9092694E-01  1.3112054E-02 -3.2447046E-03  2.7527333E-02  0.0000000E+00
  2.0799350E+02  8.9905818E-01  1.2645441E-02 -2.9172342E-03  2.6404147E-02  0.0000000E+00
  2.0799350E+02  9.0698877E-01  1.2134976E-02 -2.7018824E-03  2.5328996E-02  0.0000000E+00
  2.0799350E+02  9.1474814E-01  1.1593693E-02 -2.6264303E-03  2.4296080E-02  0.0000000E+00
  2.0799350E+02  9.2232208E-01  1.1044028E-02 -2.7105294E-03  2.3305080E-02  0.0000000E+00
  2.0799350E+02  9.2974249E-01  1.0503511E-02 -2.9730050E-03  2.2351349E-02  0.0000000E+00
  2.0799350E+02  9.3702853E-01  9.9682748E-03 -3.2403873E-03  2.1433803E-02  0.0000000E+00
  2.0799350E+02  9.4424502E-01  9.4417206E-03 -3.4521511E-03  2.0554845E-02  0.0000000E+00
  2.0799350E+02  9.5148327E-01  8.9254232E-03 -3.6146198E-03  1.9709365E-02  0.0000000E+00
  2.0799350E+02  9.5876307E-01  8.4252665E-03 -3.7444759E-03  1.8898391E-02  0.0000000E+00
  2.0799350E+02  9.6608160E-01  7.9452721E-03 -3.8542320E-03  1.8122042E-02  0.0000000E+00
  2.0799350E+02  9.7340861E-01  7.4875462E-03 -3.9444246E-03  1.7380459E-02  0.0000000E+00
  2.0799350E+02  9.8068634E-01  7.0531623E-03 -4.0029164E-03  1.6674716E-02  0.0000000E+00
  2.0799350E+02  9.8789314E-01  6.6400282E-03 -4.0094460E-03  1.6002030E-02  0.0000000E+00
  2.0799350E+02  9.9498195E-01  6.2482437E-03 -3.9420642E-03  1.5363073E-02  0.0000000E+00
  2.0799350E+02  1.0019390E+00  5.8776634E-03 -3.7856888E-03  1.4757233E-02  0.0000000E+00
  2.0799350E+02  1.0087619E+00  5.5289391E-03 -3.5395792E-03  1.4184881E-02  0.0000000E+00
  2.0799350E+02  1.0154980E+00  5.1995458E-03 -3.2197134E-03  1.3643449E-02  0.0000000E+00
  2.0799350E+02  1.0221540E+00  4.8838709E-03 -2.8607753E-03  1.3132964E-02  0.0000000E+00
  2.0799350E+02  1.0287066E+00  4.5649951E-03 -2.5073140E-03  1.2651438E-02  0.0000000E+00
  2.0799350E+02  1.0350802E+00  4.2265802E-03 -2.1733867E-03  1.2195572E-02  0.0000000E+00
  2.0799350E+02  1.0412764E+00  3.8649521E-03 -1.9032446E-03  1.1763819E-02  0.0000000E+00
  2.0799350E+02  1.0473177E+00  3.4829894E-03 -1.6990211E-03  1.1352672E-02  0.0000000E+00
  2.0799350E+02  1.0532185E+00  3.0974423E-03 -1.5410507E-03  1.0961781E-02  0.0000000E+00
  2.0799350E+02  1.0590115E+00  2.7230990E-03 -1.4177268E-03  1.0590288E-02  0.0000000E+00
  2.0799350E+02  1.0647262E+00  2.3731481E-03 -1.3211158E-03  1.0237177E-02  0.0000000E+00
  2.0799350E+02  1.0703728E+00  2.0591607E-03 -1.2444010E-03  9.9016567E-03  0.0000000E+00
  2.0799350E+02  1.0759781E+00  1.7883527E-03 -1.1804862E-03  9.5809206E-03  0.0000000E+00
  2.0799350E+02  1.0815279E+00  1.5661654E-03 -1.1231338E-03  9.2737081E-03  0.0000000E+00
  2.0799350E+02  1.0870081E+00  1.3935515E-03 -1.0675939E-03  8.9782056E-03  0.0000000E+00
  2.0799350E+02  1.0923995E+00  1.2673568E-03 -1.0122403E-03  8.6928595E-03  0.0000000E+00
  2.0799350E+02  1.0976732E+00  1.1807099E-03 -9.5998012E-04  8.4170290E-03  0.0000000E+00
  2.0799350E+02  1.1028311E+00  1.1233805E-03 -9.1857538E-04  8.1492168E-03  0.0000000E+00
  2.0799350E+02  1.1078566E+00  1.0842703E-03 -9.0075219E-04  7.8898338E-03  0.0000000E+00
  2.0799350E+02  1.1127522E+00  1.0533092E-03 -9.2177517E-04  7.6390480E-03  0.0000000E+00
  2.0799350E+02  1.1175312E+00  1.0252267E-03 -9.9539434E-04  7.3967445E-03  0.0000000E+00
  2.0799350E+02  1.1221906E+00  9.9949716E-04 -1.1162266E-03  7.1624133E-03  0.0000000E+00
  2.0799350E+02  1.1267342E+00  9.6620731E-04 -1.2356968E-03  6.9357015E-03  0.0000000E+00
  2.0799350E+02  1.1311927E+00  9.3367831E-04 -1.3541428E-03  6.7176992E-03  0.0000000E+00
  2.0799350E+02  1.1355630E+00  8.9838340E-04 -1.4652900E-03  6.5088354E-03  0.0000000E+00
  2.0799350E+02  1.1398441E+00  8.5453019E-04 -1.5687831E-03  6.3091810E-03  0.0000000E+00
  2.0799350E+02  1.1440292E+00  7.9709831E-04 -1.6662203E-03  6.1190412E-03  0.0000000E+00
  2.0799350E+02  1.1481338E+00  7.2312809E-04 -1.7593655E-03  5.9378277E-03  0.0000000E+00
  2.0799350E+02  1.1521518E+00  6.3299172E-04 -1.8478625E-03  5.7660537E-03  0.0000000E+00
  2.0799350E+02  1.1560842E+00  5.2991764E-04 -1.9295461E-03  5.6039987E-03  0.0000000E+00
  2.0799350E+02  1.1599247E+00  4.1954696E-04 -2.0005248E-03  5.4522118E-03  0.0000000E+00
  2.0799350E+02  1.1636859E+00  3.0804985E-04 -2.0565213E-03  5.3103875E-03  0.0000000E+00
  2.0799350E+02  1.1673599E+00  2.0196391E-04 -2.0933041E-03  5.1788051E-03  0.0000000E+00
  2.0799350E+02  1.1709442E+00  1.0614843E-04 -2.1084526E-03  5.0571821E-03  0.0000000E+00
  2.0799350E+02  1.1744354E+00  2.2893488E-05 -2.1023508E-03  4.9448883E-03  0.0000000E+00
  2.0799350E+02  1.1778231E+00 -4.8615042E-05 -2.0790233E-03  4.8411279E-03  0.0000000E+00
  2.0799350E+02  1.1811126E+00 -1.1277592E-04 -2.0461695E-03  4.7443491E-03  0.0000000E+00
  2.0799350E+02  1.1842900E+00 -1.7603429E-04 -2.0148858E-03  4.6535152E-03  0.0000000E+00
  2.0799350E+02  1.1873483E+00 -2.4040388E-04 -1.9908863E-03  4.5673063E-03  0.0000000E+00
  2.0799350E+02  1.1902852E+00 -2.9988569E-04 -1.9742418E-03  4.4850163E-03  0.0000000E+00
  2.0799350E+02  1.1931180E+00 -3.5055617E-04 -1.9617189E-03  4.4063685E-03  0.0000000E+00
  2.0799350E+02  1.1958741E+00 -3.8516162E-04 -1.9410991E-03  4.3302496E-03  0.0000000E+00
  2.0799350E+02  1.1985523E+00 -4.0105168E-04 -1.9062664E-03  4.2562292E-03  0.0000000E+00
  2.0799350E+02  1.2011471E+00 -3.9949497E-04 -1.8561813E-03  4.1838237E-03  0.0000000E+00
  2.0799350E+02  1.2036481E+00 -3.8439273E-04 -1.7937438E-03  4.1125476E-03  0.0000000E+00
  2.0799350E+02  1.2060395E+00 -3.6109410E-04 -1.7246425E-03  4.0420313E-03  0.0000000E+00
  2.0799350E+02  1.2083188E+00 -3.3504154E-04 -1.6555630E-03  3.9715965E-03  0.0000000E+00
  2.0799350E+02  1.2104742E+00 -3.1097685E-04 -1.5936522E-03  3.9010628E-03  0.0000000E+00
  2.0799350E+02  1.2125022E+00 -2.9195648E-04 -1.5449058E-03  3.8303572E-03  0.0000000E+00
  2.0799350E+02  1.2144032E+00 -2.7886190E-04 -1.5133432E-03  3.7597041E-03  0.0000000E+00
  2.0799350E+02  1.2161781E+00 -2.7027894E-04 -1.5003545E-03  3.6897638E-03  0.0000000E+00
  2.0799350E+02  0.0000000E+00  0.0000000E+00  0.0000000E+00  5.6590535E-02  0.0000000E+00
  2.0799350E+02  2.5484190E-01  6.6969561E-02  7.1451861E-03  5.4960255E-02  0.0000000E+00
  2.0799350E+02  4.0306084E-01  9.7887313E-02  9.5056059E-03  5.2483429E-02  0.0000000E+00
  2.0799350E+02  4.7774577E-01  1.0643866E-01  8.5564823E-03  4.8842991E-02  0.0000000E+00
  2.0799350E+02  5.2004299E-01  1.0605022E-01  6.4961124E-03  4.4516605E-02  0.0000000E+00
  2.0799350E+02  5.4936180E-01  1.0261710E-01  4.3411245E-03  4.0013107E-02  0.0000000E+00
  2.0799350E+02  5.7284263E-01  9.8117508E-02  2.3755887E-03  3.5693593E-02  0.0000000E+00
  2.0799350E+02  5.9340956E-01  9.3269732E-02  7.0629891E-04  3.1784780E-02  0.0000000E+00
  2.0799350E+02  6.1229622E-01  8.8353806E-02 -5.5118707E-04  2.8393551E-02  0.0000000E+00
  2.0799350E+02  6.3028410E-01  8.3584825E-02 -1.5484739E-03  2.5535957E-02  0.0000000E+00
  2.0799350E+02  6.4766920E-01  7.9116773E-02 -2.3511896E-03  2.3177678E-02  0.0000000E+00
  2.0799350E+02  6.6466201E-01  7.4990304E-02 -2.9303251E-03  2.1239415E-02  0.0000000E+00
  2.0799350E+02  6.8139046E-01  7.1195883E-02 -3.2816621E-03  1.9642807E-02  0.0000000E+00
  2.0799350E+02  6.9798474E-01  6.7692278E-02 -3.5002833E-03  1.8316148E-02  0.0000000E+00
  2.0799350E+02  7.1442757E-01  6.4461980E-02 -3.7298895E-03  1.7207149E-02  0.0000000E+00
  2.0799350E+02  7.3071247E-01  6.1499333E-02 -3.9601667E-03  1.6262550E-02  0.0000000E+00
  2.0799350E+02  7.4671316E-01  5.8800886E-02 -4.1879603E-03  1.5432952E-02  0.0000000E+00
  2.0799350E+02  7.6229623E-01  5.6341825E-02 -4.3800965E-03  1.4677165E-02  0.0000000E+00
  2.0799350E+02  7.7736802E-01  5.4100370E-02 -4.4807221E-03  1.3978178E-02  0.0000000E+00
  2.0799350E+02  7.9192611E-01  5.2029620E-02 -4.4728097E-03  1.3329971E-02  0.0000000E+00
  2.0799350E+02  8.0591489E-01  5.0084113E-02 -4.3741900E-03  1.2732146E-02  0.0000000E+00
  2.0799350E+02  8.1926456E-01  4.8224277E-02 -4.2206008E-03  1.2181836E-02  0.0000000E+00
  2.0799350E+02  8.3194424E-01  4.6420135E-02 -4.0446950E-03  1.1669876E-02  0.0000000E+00
  2.0799350E+02  8.4390157E-01  4.4666320E-02 -3.8648783E-03  1.1184863E-02  0.0000000E+00
  2.0799350E+02  8.5519401E-01  4.2958943E-02 -3.6908681E-03  1.0711595E-02  0.0000000E+00
  2.0799350E+02  8.6584241E-01  4.1295331E-02 -3.5638698E-03  1.0241484E-02  0.0000000E+00
  2.0799350E+02  8.7582304E-01  3.9658344E-02 -3.5080305E-03  9.7745831E-03  0.0000000E+00
  2.0799350E+02  8.8519740E-01  3.8058111E-02 -3.4950004E-03  9.3141964E-03  0.0000000E+00
  2.0799350E+02  8.9410982E-01  3.6485221E-02 -3.5343104E-03  8.8575427E-03  0.0000000E+00
  2.0799350E+02  9.0263751E-01  3.4942586E-02 -3.5923244E-03  8.4061477E-03  0.0000000E+00
  2.0799350E+02  9.1083288E-01  3.3433198E-02 -3.6339678E-03  7.9632063E-03  0.0000000E+00
  2.0799350E+02  9.1868649E-01  3.1966054E-02 -3.6315115E-03  7.5344541E-03  0.0000000E+00
  2.0799350E+02  9.2622828E-01  3.0539257E-02 -3.5721192E-03  7.1223025E-03  0.0000000E+00
  2.0799350E+02  9.3347982E-01  2.9152006E-02 -3.4616046E-03  6.7285701E-03  0.0000000E+00
  2.0799350E+02  9.4047476E-01  2.7804249E-02 -3.3249350E-03  6.3538412E-03  0.0000000E+00
  2.0799350E+02  9.4727212E-01  2.6496514E-02 -3.2018583E-03  5.9973061E-03  0.0000000E+00
  2.0799350E+02  9.5390631E-01  2.5239533E-02 -3.1380885E-03  5.6597440E-03  0.0000000E+00
  2.0799350E+02  9.6045192E-01  2.4038139E-02 -3.1678715E-03  5.3401069E-03  0.0000000E+00
  2.0799350E+02  9.6696542E-01  2.2894063E-02 -3.2917679E-03  5.0379715E-03  0.0000000E+00
  2.0799350E+02  9.7347917E-01  2.1794753E-02 -3.4557954E-03  4.7500794E-03  0.0000000E+00
  2.0799350E+02  9.8000857E-01  2.0752154E-02 -3.6027162E-03  4.4741861E-03  0.0000000E+00
  2.0799350E+02  9.8654271E-01  1.9755594E-02 -3.7296635E-03  4.2132376E-03  0.0000000E+00
  2.0799350E+02  9.9303536E-01  1.8793636E-02 -3.8388543E-03  3.9678778E-03  0.0000000E+00
  2.0799350E+02  9.9947010E-01  1.7859001E-02 -3.9236590E-03  3.7370877E-03  0.0000000E+00
  2.0799350E+02  1.0058156E+00  1.6955357E-02 -3.9682366E-03  3.5209012E-03  0.0000000E+00
  2.0799350E+02  1.0120887E+00  1.6085964E-02 -3.9520761E-03  3.3185587E-03  0.0000000E+00
  2.0799350E+02  1.0183012E+00  1.5257632E-02 -3.8550113E-03  3.1303070E-03  0.0000000E+00
  2.0799350E+02  1.0244731E+00  1.4474667E-02 -3.6633859E-03  2.9565373E-03  0.0000000E+00
  2.0799350E+02  1.0305816E+00  1.3741488E-02 -3.3774007E-03  2.7986337E-03  0.0000000E+00
  2.0799350E+02  1.0366211E+00  1.3052551E-02 -3.0129946E-03  2.6567207E-03  0.0000000E+00
  2.0799350E+02  1.0425593E+00  1.2397771E-02 -2.6036368E-03  2.5305299E-03  0.0000000E+00
  2.0799350E+02  1.0483559E+00  1.1763282E-02 -2.1961167E-03  2.4188581E-03  0.0000000E+00
  2.0799350E+02  1.0539871E+00  1.1135570E-02 -1.8401100E-03  2.3194524E-03  0.0000000E+00
  2.0799350E+02  1.0594342E+00  1.0514838E-02 -1.5734295E-03  2.2301238E-03  0.0000000E+00
  2.0799350E+02  1.0647469E+00  9.8984335E-03 -1.3872214E-03  2.1502901E-03  0.0000000E+00
  2.0799350E+02  1.0699496E+00  9.2904730E-03 -1.2656138E-03  2.0806608E-03  0.0000000E+00
  2.0799350E+02  1.0751074E+00  8.7044409E-03 -1.1863310E-03  2.0195026E-03  0.0000000E+00
  2.0799350E+02  1.0802292E+00  8.1492994E-03 -1.1292886E-03  1.9661466E-03  0.0000000E+00
  2.0799350E+02  1.0853307E+00  7.6338873E-03 -1.0838958E-03  1.9193854E-03  0.0000000E+00
  2.0799350E+02  1.0904034E+00  7.1668229E-03 -1.0457237E-03  1.8779572E-03  0.0000000E+00
  2.0799350E+02  1.0954377E+00  6.7523093E-03 -1.0137872E-03  1.8404504E-03  0.0000000E+00
  2.0799350E+02  1.1003932E+00  6.3919543E-03 -9.8934107E-04  1.8056669E-03  0.0000000E+00
  2.0799350E+02  1.1052576E+00  6.0805788E-03 -9.7487394E-04  1.7723500E-03  0.0000000E+00
  2.0799350E+02  1.1100147E+00  5.8102436E-03 -9.7410626E-04  1.7395670E-03  0.0000000E+00
  2.0799350E+02  1.1146572E+00  5.5710241E-03 -9.9179223E-04  1.7067380E-03  0.0000000E+00
  2.0799350E+02  1.1191956E+00  5.3524047E-03 -1.0334558E-03  1.6736419E-03  0.0000000E+00
  2.0799350E+02  1.1236253E+00  5.1464436E-03 -1.1041442E-03  1.6406678E-03  0.0000000E+00
  2.0799350E+02  1.1279707E+00  4.9467486E-03 -1.2070608E-03  1.6084204E-03  0.0000000E+00
  2.0799350E+02  1.1322460E+00  4.7505519E-03 -1.3403320E-03  1.5778322E-03  0.0000000E+00
  2.0799350E+02  1.1364597E+00  4.5574560E-03 -1.4928053E-03  1.5498465E-03  0.0000000E+00
  2.0799350E+02  1.1405773E+00  4.3672475E-03 -1.6371211E-03  1.5246092E-03  0.0000000E+00
  2.0799350E+02  1.1446054E+00  4.1758723E-03 -1.7642984E-03  1.5014041E-03  0.0000000E+00
  2.0799350E+02  1.1485476E+00  3.9831276E-03 -1.8715846E-03  1.4815007E-03  0.0000000E+00
  2.0799350E+02  1.1524191E+00  3.7843993E-03 -1.9554960E-03  1.4649155E-03  0.0000000E+00
  2.0799350E+02  1.1562081E+00  3.5782575E-03 -2.0179079E-03  1.4522959E-03  0.0000000E+00
  2.0799350E+02  1.1599190E+00  3.3646676E-03 -2.0630144E-03  1.4442505E-03  0.0000000E+00
  2.0799350E+02  1.1635472E+00  3.1461534E-03 -2.0943552E-03  1.4411832E-03  0.0000000E+00
  2.0799350E+02  1.1670873E+00  2.9268724E-03 -2.1139154E-03  1.4431356E-03  0.0000000E+00
  2.0799350E+02  1.1705408E+00  2.7114360E-03 -2.1220433E-03  1.4498034E-03  0.0000000E+00
  2.0799350E+02  1.1738923E+00  2.5055204E-03 -2.1180171E-03  1.4605697E-03  0.0000000E+00
  2.0799350E+02  1.1771461E+00  2.3127495E-03 -2.1011344E-03  1.4747142E-03  0.0000000E+00
  2.0799350E+02  1.1803024E+00  2.1355875E-03 -2.0717408E-03  1.4915236E-03  0.0000000E+00
  2.0799350E+02  1.1833683E+00  1.9743903E-03 -2.0320945E-03  1.5104549E-03  0.0000000E+00
  2.0799350E+02  1.1863356E+00  1.8286939E-03 -1.9871028E-03  1.5310554E-03  0.0000000E+00
  2.0799350E+02  1.1892128E+00  1.6963329E-03 -1.9435529E-03  1.5531147E-03  0.0000000E+00
  2.0799350E+02  1.1920025E+00  1.5761788E-03 -1.9089723E-03  1.5763443E-03  0.0000000E+00
  2.0799350E+02  1.1947100E+00  1.4701608E-03 -1.8887800E-03  1.6000787E-03  0.0000000E+00
  2.0799350E+02  1.1973273E+00  1.3811695E-03 -1.8791490E-03  1.6233503E-03  0.0000000E+00
  2.0799350E+02  1.1998652E+00  1.3059927E-03 -1.8631452E-03  1.6467293E-03  0.0000000E+00
  2.0799350E+02  1.2023236E+00  1.2469881E-03 -1.8332967E-03  1.6691458E-03  0.0000000E+00
  2.0799350E+02  1.2046983E+00  1.1996739E-03 -1.7875869E-03  1.6900832E-03  0.0000000E+00
  2.0799350E+02  1.2069847E+00  1.1608530E-03 -1.7294268E-03  1.7090797E-03  0.0000000E+00
  2.0799350E+02  1.2091656E+00  1.1282429E-03 -1.6653253E-03  1.7256907E-03  0.0000000E+00
  2.0799350E+02  1.2112374E+00  1.0997358E-03 -1.6022529E-03  1.7397439E-03  0.0000000E+00
  2.0799350E+02  1.2131952E+00  1.0735722E-03 -1.5466819E-03  1.7512212E-03  0.0000000E+00
  2.0799350E+02  1.2150399E+00  1.0482750E-03 -1.5036147E-03  1.7603024E-03  0.0000000E+00
  2.0799350E+02  1.2167653E+00  1.0229776E-03 -1.4764757E-03  1.7672801E-03  0.0000000E+00
  2.0799350E+02  1.2183762E+00  9.9734584E-04 -1.4665847E-03  1.7726153E-03  0.0000000E+00
  2.0799350E+02  1.2198745E+00  9.7190899E-04 -1.4736384E-03  1.7768246E-03  0.0000000E+00
  2.0799350E+02  1.2212631E+00  9.4803464E-04 -1.4959260E-03  1.7804579E-03  0.0000000E+00
  2.0799350E+02  4.8804365E-04  8.7216204E-05  6.4261386E-06 -3.0473513E-02  0.0000000E+00
  2.0799350E+02  3.4851004E-01  6.0954880E-02  4.1062108E-03 -3.1188717E-02  0.0000000E+00
  2.0799350E+02  5.5299068E-01  9.3160731E-02  5.0993531E-03 -3.1488065E-02  0.0000000E+00
  2.0799350E+02  6.4967846E-01  1.0381747E-01  4.2206329E-03 -3.1932242E-02  0.0000000E+00
  2.0799350E+02  6.9514402E-01  1.0428991E-01  3.0516551E-03 -3.2689210E-02  0.0000000E+00
  2.0799350E+02  7.2002524E-01  1.0086862E-01  2.0455496E-03 -3.3603339E-02  0.0000000E+00
  2.0799350E+02  7.3629311E-01  9.6038433E-02  1.0683358E-03 -3.4474337E-02  0.0000000E+00
  2.0799350E+02  7.4873808E-01  9.0840924E-02 -2.6224419E-05 -3.5147448E-02  0.0000000E+00
  2.0799350E+02  7.5942493E-01  8.5678192E-02 -1.2072800E-03 -3.5534449E-02  0.0000000E+00
  2.0799350E+02  7.6940527E-01  8.0731385E-02 -2.2650188E-03 -3.5605926E-02  0.0000000E+00
  2.0799350E+02  7.7920491E-01  7.6097847E-02 -3.0697975E-03 -3.5374015E-02  0.0000000E+00
  2.0799350E+02  7.8912399E-01  7.1820506E-02 -3.6307330E-03 -3.4874066E-02  0.0000000E+00
  2.0799350E+02  7.9927365E-01  6.7930305E-02 -4.0325186E-03 -3.4151195E-02  0.0000000E+00
  2.0799350E+02  8.0956651E-01  6.4438261E-02 -4.3610700E-03 -3.3259895E-02  0.0000000E+00
  2.0799350E+02  8.1990473E-01  6.1275071E-02 -4.6542804E-03 -3.2252432E-02  0.0000000E+00
  2.0799350E+02  8.3015663E-01  5.8391881E-02 -4.8632594E-03 -3.1188769E-02  0.0000000E+00
  2.0799350E+02  8.4028610E-01  5.5749638E-02 -4.8363823E-03 -3.0110882E-02  0.0000000E+00
  2.0799350E+02  8.5027476E-01  5.3298337E-02 -4.5606118E-03 -2.9039239E-02  0.0000000E+00
  2.0799350E+02  8.5999174E-01  5.1002184E-02 -4.1723041E-03 -2.7982174E-02  0.0000000E+00
  2.0799350E+02  8.6939518E-01  4.8818280E-02 -3.8245698E-03 -2.6938370E-02  0.0000000E+00
  2.0799350E+02  8.7844083E-01  4.6734665E-02 -3.5995318E-03 -2.5915802E-02  0.0000000E+00
  2.0799350E+02  8.8719329E-01  4.4739602E-02 -3.4876020E-03 -2.4918282E-02  0.0000000E+00
  2.0799350E+02  8.9573347E-01  4.2827271E-02 -3.4223461E-03 -2.3948927E-02  0.0000000E+00
  2.0799350E+02  9.0406926E-01  4.0999767E-02 -3.3341647E-03 -2.3012660E-02  0.0000000E+00
  2.0799350E+02  9.1220032E-01  3.9241468E-02 -3.1989591E-03 -2.2104974E-02  0.0000000E+00
  2.0799350E+02  9.2008691E-01  3.7530676E-02 -3.0558271E-03 -2.1220254E-02  0.0000000E+00
  2.0799350E+02  9.2768611E-01  3.5864483E-02 -2.9546365E-03 -2.0364238E-02  0.0000000E+00
  2.0799350E+02  9.3507502E-01  3.4236721E-02 -2.8971159E-03 -1.9540100E-02  0.0000000E+00
  2.0799350E+02  9.4220750E-01  3.2643450E-02 -2.9465764E-03 -1.8758814E-02  0.0000000E+00
  2.0799350E+02  9.4906616E-01  3.1091527E-02 -3.0832801E-03 -1.8023570E-02  0.0000000E+00
  2.0799350E+02  9.5565157E-01  2.9594774E-02 -3.2480333E-03 -1.7334138E-02  0.0000000E+00
  2.0799350E+02  9.6195730E-01  2.8172505E-02 -3.3826320E-03 -1.6691034E-02  0.0000000E+00
  2.0799350E+02  9.6804877E-01  2.6826423E-02 -3.4554165E-03 -1.6087893E-02  0.0000000E+00
  2.0799350E+02  9.7396193E-01  2.5560029E-02 -3.4677149E-03 -1.5521607E-02  0.0000000E+00
  2.0799350E+02  9.7976712E-01  2.4362981E-02 -3.4504452E-03 -1.4985394E-02  0.0000000E+00
  2.0799350E+02  9.8552188E-01  2.3222131E-02 -3.4493616E-03 -1.4473077E-02  0.0000000E+00
  2.0799350E+02  9.9123164E-01  2.2130986E-02 -3.5043211E-03 -1.3982308E-02  0.0000000E+00
  2.0799350E+02  9.9691031E-01  2.1080955E-02 -3.6243554E-03 -1.3509681E-02  0.0000000E+00
  2.0799350E+02  1.0025596E+00  2.0070024E-02 -3.7622362E-03 -1.3054127E-02  0.0000000E+00
  2.0799350E+02  1.0081517E+00  1.9101997E-02 -3.8571993E-03 -1.2618015E-02  0.0000000E+00
  2.0799350E+02  1.0137262E+00  1.8177414E-02 -3.8985704E-03 -1.2197091E-02  0.0000000E+00
  2.0799350E+02  1.0192607E+00  1.7298956E-02 -3.9044667E-03 -1.1790582E-02  0.0000000E+00
  2.0799350E+02  1.0247642E+00  1.6459081E-02 -3.8901671E-03 -1.1397049E-02  0.0000000E+00
  2.0799350E+02  1.0302528E+00  1.5653192E-02 -3.8376531E-03 -1.1015942E-02  0.0000000E+00
  2.0799350E+02  1.0357105E+00  1.4883499E-02 -3.7201939E-03 -1.0648494E-02  0.0000000E+00
  2.0799350E+02  1.0411525E+00  1.4148041E-02 -3.5175163E-03 -1.0292513E-02  0.0000000E+00
  2.0799350E+02  1.0465466E+00  1.3450275E-02 -3.2267899E-03 -9.9476621E-03  0.0000000E+00
  2.0799350E+02  1.0518834E+00  1.2788135E-02 -2.8634481E-03 -9.6112185E-03  0.0000000E+00
  2.0799350E+02  1.0571504E+00  1.2157072E-02 -2.4596405E-03 -9.2805207E-03  0.0000000E+00
  2.0799350E+02  1.0623093E+00  1.1552675E-02 -2.0606571E-03 -8.9551728E-03  0.0000000E+00
  2.0799350E+02  1.0673566E+00  1.0964531E-02 -1.7108945E-03 -8.6338718E-03  0.0000000E+00
  2.0799350E+02  1.0722981E+00  1.0381896E-02 -1.4444788E-03 -8.3163628E-03  0.0000000E+00
  2.0799350E+02  1.0771231E+00  9.8007555E-03 -1.2729837E-03 -8.0048700E-03  0.0000000E+00
  2.0799350E+02  1.0818633E+00  9.2228913E-03 -1.1685546E-03 -7.6993645E-03  0.0000000E+00
  2.0799350E+02  1.0865062E+00  8.6616520E-03 -1.0962072E-03 -7.4016567E-03  0.0000000E+00
  2.0799350E+02  1.0910968E+00  8.1296212E-03 -1.0577519E-03 -7.1117458E-03  0.0000000E+00
  2.0799350E+02  1.0956820E+00  7.6373080E-03 -1.0248046E-03 -6.8291175E-03  0.0000000E+00
  2.0799350E+02  1.1002463E+00  7.1913541E-03 -9.9370403E-04 -6.5551170E-03  0.0000000E+00
  2.0799350E+02  1.1047922E+00  6.7936326E-03 -9.6582912E-04 -6.2890416E-03  0.0000000E+00
  2.0799350E+02  1.1092831E+00  6.4458742E-03 -9.4566449E-04 -6.0321405E-03  0.0000000E+00
  2.0799350E+02  1.1137079E+00  6.1439185E-03 -9.3870856E-04 -5.7842249E-03  0.0000000E+00
  2.0799350E+02  1.1180601E+00  5.8806117E-03 -9.5053086E-04 -5.5451179E-03  0.0000000E+00
  2.0799350E+02  1.1223174E+00  5.6479051E-03 -9.8579483E-04 -5.3157891E-03  0.0000000E+00
  2.0799350E+02  1.1264967E+00  5.4350844E-03 -1.0479694E-03 -5.0953090E-03  0.0000000E+00
  2.0799350E+02  1.1305912E+00  5.2337001E-03 -1.1383914E-03 -4.8840871E-03  0.0000000E+00
  2.0799350E+02  1.1346210E+00  5.0360950E-03 -1.2565434E-03 -4.6810406E-03  0.0000000E+00
  2.0799350E+02  1.1386058E+00  4.8374087E-03 -1.3994308E-03 -4.4848933E-03  0.0000000E+00
  2.0799350E+02  1.1425388E+00  4.6366712E-03 -1.5598432E-03 -4.2952991E-03  0.0000000E+00
  2.0799350E+02  1.1464239E+00  4.4336813E-03 -1.7267928E-03 -4.1109743E-03  0.0000000E+00
  2.0799350E+02  1.1502465E+00  4.2277436E-03 -1.8831649E-03 -3.9311725E-03  0.0000000E+00
  2.0799350E+02  1.1539614E+00  4.0151138E-03 -2.0124875E-03 -3.7562160E-03  0.0000000E+00
  2.0799350E+02  1.1575963E+00  3.7958974E-03 -2.1201387E-03 -3.5836542E-03  0.0000000E+00
  2.0799350E+02  1.1611351E+00  3.5739292E-03 -2.1860602E-03 -3.4143566E-03  0.0000000E+00
  2.0799350E+02  1.1645982E+00  3.3503347E-03 -2.2184468E-03 -3.2467545E-03  0.0000000E+00
  2.0799350E+02  1.1679954E+00  3.1272680E-03 -2.2272391E-03 -3.0800118E-03  0.0000000E+00
  2.0799350E+02  1.1713120E+00  2.9084279E-03 -2.2209426E-03 -2.9147538E-03  0.0000000E+00
  2.0799350E+02  1.1745541E+00  2.6958212E-03 -2.2050461E-03 -2.7508090E-03  0.0000000E+00
  2.0799350E+02  1.1777040E+00  2.4926339E-03 -2.1818386E-03 -2.5894106E-03  0.0000000E+00
  2.0799350E+02  1.1807627E+00  2.3004374E-03 -2.1510410E-03 -2.4309646E-03  0.0000000E+00
  2.0799350E+02  1.1837330E+00  2.1204409E-03 -2.1112179E-03 -2.2758126E-03  0.0000000E+00
  2.0799350E+02  1.1866051E+00  1.9544638E-03 -2.0616715E-03 -2.1249333E-03  0.0000000E+00
  2.0799350E+02  1.1893880E+00  1.8031145E-03 -2.0034662E-03 -1.9782036E-03  0.0000000E+00
  2.0799350E+02  1.1920926E+00  1.6669860E-03 -1.9404792E-03 -1.8352571E-03  0.0000000E+00
  2.0799350E+02  1.1947158E+00  1.5473226E-03 -1.8797641E-03 -1.6962802E-03  0.0000000E+00
  2.0799350E+02  1.1972727E+00  1.4443361E-03 -1.8294095E-03 -1.5603702E-03  0.0000000E+00
  2.0799350E+02  1.1997556E+00  1.3587342E-03 -1.7962535E-03 -1.4277704E-03  0.0000000E+00
  2.0799350E+02  1.2021635E+00  1.2899817E-03 -1.7800242E-03 -1.2984817E-03  0.0000000E+00
  2.0799350E+02  1.2044847E+00  1.2342501E-03 -1.7664076E-03 -1.1729673E-03  0.0000000E+00
  2.0799350E+02  1.2067137E+00  1.1870363E-03 -1.7375304E-03 -1.0516855E-03  0.0000000E+00
  2.0799350E+02  1.2088639E+00  1.1471612E-03 -1.6971550E-03 -9.3521644E-04  0.0000000E+00
  2.0799350E+02  1.2109231E+00  1.1124925E-03 -1.6512714E-03 -8.2436714E-04  0.0000000E+00
  2.0799350E+02  1.2128893E+00  1.0823454E-03 -1.6044335E-03 -7.1903354E-04  0.0000000E+00
  2.0799350E+02  1.2147594E+00  1.0567026E-03 -1.5602812E-03 -6.1892557E-04  0.0000000E+00
  2.0799350E+02  1.2165215E+00  1.0356743E-03 -1.5220538E-03 -5.2411724E-04  0.0000000E+00
  2.0799350E+02  1.2181754E+00  1.0189068E-03 -1.4923041E-03 -4.3402250E-04  0.0000000E+00
  2.0799350E+02  1.2197215E+00  1.0056969E-03 -1.4733147E-03 -3.4802232E-04  0.0000000E+00
  2.0799350E+02  1.2211530E+00  9.9516276E-04 -1.4671373E-03 -2.6593330E-04  0.0000000E+00
  2.0799350E+02  1.2224749E+00  9.8634610E-04 -1.4752901E-03 -1.8697834E-04  0.0000000E+00
  2.0799350E+02  1.2236820E+00  9.7868575E-04 -1.4985679E-03 -1.1099539E-04  0.0000000E+00
  2.0799350E+02  1.2247764E+00  9.7220068E-04 -1.5366548E-03 -3.7440055E-05  0.0000000E+00
  2.0799350E+02  0.0000000E+00  0.0000000E+00  0.0000000E+00 -8.3581782E-02  0.0000000E+00
  2.0799350E+02  3.0398551E-01  9.1553122E-03  4.5118049E-04 -8.3003663E-02  0.0000000E+00
  2.0799350E+02  5.4087139E-01  2.1116855E-02  1.1702147E-03 -8.1704903E-02  0.0000000E+00
  2.0799350E+02  6.8333937E-01  2.9633318E-02  1.4944687E-03 -7.9828413E-02  0.0000000E+00
  2.0799350E+02  7.5642489E-01  3.3798088E-02  1.3082605E-03 -7.7842097E-02  0.0000000E+00
  2.0799350E+02  7.9304988E-01  3.5076659E-02  7.7377519E-04 -7.5985779E-02  0.0000000E+00
  2.0799350E+02  8.1272377E-01  3.4816394E-02 -2.8166903E-05 -7.4284302E-02  0.0000000E+00
  2.0799350E+02  8.2457060E-01  3.3823699E-02 -1.0690616E-03 -7.2672163E-02  0.0000000E+00
  2.0799350E+02  8.3283662E-01  3.2526100E-02 -2.1937923E-03 -7.1069339E-02  0.0000000E+00
  2.0799350E+02  8.3961062E-01  3.1130763E-02 -3.2408614E-03 -6.9415805E-02  0.0000000E+00
  2.0799350E+02  8.4596743E-01  2.9741527E-02 -4.1299858E-03 -6.7671572E-02  0.0000000E+00
  2.0799350E+02  8.5236038E-01  2.8407215E-02 -4.8272008E-03 -6.5821830E-02  0.0000000E+00
  2.0799350E+02  8.5888843E-01  2.7152323E-02 -5.3327125E-03 -6.3879564E-02  0.0000000E+00
  2.0799350E+02  8.6550631E-01  2.5996896E-02 -5.6728443E-03 -6.1879761E-02  0.0000000E+00
  2.0799350E+02  8.7217146E-01  2.4954586E-02 -5.8640509E-03 -5.9863880E-02  0.0000000E+00
  2.0799350E+02  8.7891236E-01  2.4012612E-02 -5.8387328E-03 -5.7856695E-02  0.0000000E+00
  2.0799350E+02  8.8576034E-01  2.3157999E-02 -5.5378106E-03 -5.5869833E-02  0.0000000E+00
  2.0799350E+02  8.9265941E-01  2.2388166E-02 -5.0307719E-03 -5.3910321E-02  0.0000000E+00
  2.0799350E+02  8.9953002E-01  2.1682670E-02 -4.4831355E-03 -5.1988108E-02  0.0000000E+00
  2.0799350E+02  9.0631415E-01  2.1010884E-02 -4.0295085E-03 -5.0111990E-02  0.0000000E+00
  2.0799350E+02  9.1299017E-01  2.0349253E-02 -3.7209061E-03 -4.8287736E-02  0.0000000E+00
  2.0799350E+02  9.1957541E-01  1.9687331E-02 -3.5302374E-03 -4.6518258E-02  0.0000000E+00
  2.0799350E+02  9.2611742E-01  1.9025790E-02 -3.3915331E-03 -4.4804743E-02  0.0000000E+00
  2.0799350E+02  9.3267461E-01  1.8369624E-02 -3.2484948E-03 -4.3147687E-02  0.0000000E+00
  2.0799350E+02  9.3928707E-01  1.7719730E-02 -3.0879415E-03 -4.1546751E-02  0.0000000E+00
  2.0799350E+02  9.4593836E-01  1.7066093E-02 -2.9337324E-03 -3.9998389E-02  0.0000000E+00
  2.0799350E+02  9.5255247E-01  1.6415652E-02 -2.8035318E-03 -3.8498578E-02  0.0000000E+00
  2.0799350E+02  9.5906468E-01  1.5777086E-02 -2.7083416E-03 -3.7047884E-02  0.0000000E+00
  2.0799350E+02  9.6541861E-01  1.5139076E-02 -2.6860230E-03 -3.5641726E-02  0.0000000E+00
  2.0799350E+02  9.7155897E-01  1.4494985E-02 -2.7379831E-03 -3.4286643E-02  0.0000000E+00
  2.0799350E+02  9.7745724E-01  1.3842233E-02 -2.8405252E-03 -3.2991324E-02  0.0000000E+00
  2.0799350E+02  9.8312628E-01  1.3186061E-02 -2.9646912E-03 -3.1761341E-02  0.0000000E+00
  2.0799350E+02  9.8861576E-01  1.2538296E-02 -3.0896506E-03 -3.0597163E-02  0.0000000E+00
  2.0799350E+02  9.9399509E-01  1.1913108E-02 -3.2096558E-03 -2.9494574E-02  0.0000000E+00
  2.0799350E+02  9.9933080E-01  1.1321770E-02 -3.3345857E-03 -2.8446556E-02  0.0000000E+00
  2.0799350E+02  1.0046653E+00  1.0768436E-02 -3.4840994E-03 -2.7445750E-02  0.0000000E+00
  2.0799350E+02  1.0100038E+00  1.0248938E-02 -3.6754213E-03 -2.6486583E-02  0.0000000E+00
  2.0799350E+02  1.0153161E+00  9.7546069E-03 -3.9047791E-03 -2.5566139E-02  0.0000000E+00
  2.0799350E+02  1.0205610E+00  9.2831421E-03 -4.1225163E-03 -2.4682896E-02  0.0000000E+00
  2.0799350E+02  1.0257415E+00  8.8347198E-03 -4.2665205E-03 -2.3835266E-02  0.0000000E+00
  2.0799350E+02  1.0308927E+00  8.4043232E-03 -4.3036226E-03 -2.3019071E-02  0.0000000E+00
  2.0799350E+02  1.0359927E+00  7.9885094E-03 -4.2364048E-03 -2.2231609E-02  0.0000000E+00
  2.0799350E+02  1.0410392E+00  7.5810011E-03 -4.0923709E-03 -2.1472483E-02  0.0000000E+00
  2.0799350E+02  1.0460420E+00  7.1842491E-03 -3.8806837E-03 -2.0740928E-02  0.0000000E+00
  2.0799350E+02  1.0510118E+00  6.8036505E-03 -3.6037636E-03 -2.0035817E-02  0.0000000E+00
  2.0799350E+02  1.0559540E+00  6.4436066E-03 -3.2656515E-03 -1.9355635E-02  0.0000000E+00
  2.0799350E+02  1.0608665E+00  6.1052276E-03 -2.8772667E-03 -1.8698466E-02  0.0000000E+00
  2.0799350E+02  1.0657398E+00  5.7854946E-03 -2.4586966E-03 -1.8062030E-02  0.0000000E+00
  2.0799350E+02  1.0705597E+00  5.4776854E-03 -2.0386511E-03 -1.7443791E-02  0.0000000E+00
  2.0799350E+02  1.0753105E+00  5.1728735E-03 -1.6512143E-03 -1.6841196E-02  0.0000000E+00
  2.0799350E+02  1.0799792E+00  4.8623095E-03 -1.3300291E-03 -1.6252055E-02  0.0000000E+00
  2.0799350E+02  1.0845583E+00  4.5404915E-03 -1.1000479E-03 -1.5675119E-02  0.0000000E+00
  2.0799350E+02  1.0890474E+00  4.2087346E-03 -9.6698305E-04 -1.5110884E-02  0.0000000E+00
  2.0799350E+02  1.0934522E+00  3.8790473E-03 -9.0459036E-04 -1.4562647E-02  0.0000000E+00
  2.0799350E+02  1.0977699E+00  3.5632945E-03 -8.7442624E-04 -1.4031412E-02  0.0000000E+00
  2.0799350E+02  1.1020369E+00  3.2722944E-03 -8.8262679E-04 -1.3517721E-02  0.0000000E+00
  2.0799350E+02  1.1062812E+00  3.0161676E-03 -8.9245018E-04 -1.3022490E-02  0.0000000E+00
  2.0799350E+02  1.1104969E+00  2.7960873E-03 -8.9267797E-04 -1.2543873E-02  0.0000000E+00
  2.0799350E+02  1.1146708E+00  2.6128130E-03 -8.8586192E-04 -1.2081279E-02  0.0000000E+00
  2.0799350E+02  1.1187899E+00  2.4651490E-03 -8.8175830E-04 -1.1634587E-02  0.0000000E+00
  2.0799350E+02  1.1228465E+00  2.3493411E-03 -8.9239386E-04 -1.1203673E-02  0.0000000E+00
  2.0799350E+02  1.1268394E+00  2.2592129E-03 -9.2857182E-04 -1.0788178E-02  0.0000000E+00
  2.0799350E+02  1.1307737E+00  2.1868377E-03 -9.9762565E-04 -1.0387468E-02  0.0000000E+00
  2.0799350E+02  1.1346586E+00  2.1235449E-03 -1.1022291E-03 -1.0000716E-02  0.0000000E+00
  2.0799350E+02  1.1385046E+00  2.0610598E-03 -1.2400700E-03 -9.6270372E-03  0.0000000E+00
  2.0799350E+02  1.1423197E+00  1.9925734E-03 -1.4041970E-03 -9.2656256E-03  0.0000000E+00
  2.0799350E+02  1.1461059E+00  1.9135415E-03 -1.5838458E-03 -8.9158236E-03  0.0000000E+00
  2.0799350E+02  1.1498573E+00  1.8220107E-03 -1.7655545E-03 -8.5770605E-03  0.0000000E+00
  2.0799350E+02  1.1535582E+00  1.7182699E-03 -1.9343751E-03 -8.2486004E-03  0.0000000E+00
  2.0799350E+02  1.1571839E+00  1.6036251E-03 -2.0749896E-03 -7.9290347E-03  0.0000000E+00
  2.0799350E+02  1.1607117E+00  1.4763597E-03 -2.1816104E-03 -7.6168257E-03  0.0000000E+00
  2.0799350E+02  1.1641466E+00  1.3371950E-03 -2.2725001E-03 -7.3121870E-03  0.0000000E+00
  2.0799350E+02  1.1674897E+00  1.1912867E-03 -2.3250889E-03 -7.0128413E-03  0.0000000E+00
  2.0799350E+02  1.1707515E+00  1.0395276E-03 -2.3423389E-03 -6.7192725E-03  0.0000000E+00
  2.0799350E+02  1.1739360E+00  8.8562845E-04 -2.3331528E-03 -6.4315192E-03  0.0000000E+00
  2.0799350E+02  1.1770425E+00  7.3439820E-04 -2.3072137E-03 -6.1496115E-03  0.0000000E+00
  2.0799350E+02  1.1800685E+00  5.9052724E-04 -2.2719847E-03 -5.8737840E-03  0.0000000E+00
  2.0799350E+02  1.1830111E+00  4.5781257E-04 -2.2314668E-03 -5.6045136E-03  0.0000000E+00
  2.0799350E+02  1.1858683E+00  3.3876088E-04 -2.1863101E-03 -5.3424327E-03  0.0000000E+00
  2.0799350E+02  1.1886353E+00  2.3468236E-04 -2.1349765E-03 -5.0886220E-03  0.0000000E+00
  2.0799350E+02  1.1913249E+00  1.4513209E-04 -2.0749644E-03 -4.8425929E-03  0.0000000E+00
  2.0799350E+02  1.1939367E+00  6.9403693E-05 -2.0051128E-03 -4.6048964E-03  0.0000000E+00
  2.0799350E+02  1.1964768E+00  6.2292639E-06 -1.9267386E-03 -4.3751761E-03  0.0000000E+00
  2.0799350E+02  1.1989516E+00 -4.5469981E-05 -1.8445556E-03 -4.1526758E-03  0.0000000E+00
  2.0799350E+02  1.2013650E+00 -8.6035944E-05 -1.7664404E-03 -3.9364533E-03  0.0000000E+00
  2.0799350E+02  1.2037156E+00 -1.1458903E-04 -1.7017299E-03 -3.7258195E-03  0.0000000E+00
  2.0799350E+02  1.2059932E+00 -1.2866970E-04 -1.6576454E-03 -3.5210519E-03  0.0000000E+00
  2.0799350E+02  1.2081763E+00 -1.2960815E-04 -1.6322046E-03 -3.3224914E-03  0.0000000E+00
  2.0799350E+02  1.2102537E+00 -1.2616958E-04 -1.6103919E-03 -3.1292261E-03  0.0000000E+00
  2.0799350E+02  1.2122377E+00 -1.1829797E-04 -1.5905736E-03 -2.9436333E-03  0.0000000E+00
  2.0799350E+02  1.2141358E+00 -1.0849452E-04 -1.5722805E-03 -2.7657259E-03  0.0000000E+00
  2.0799350E+02  1.2159470E+00 -9.6247814E-05 -1.5547694E-03 -2.5954221E-03  0.0000000E+00
  2.0799350E+02  1.2176662E+00 -8.0031533E-05 -1.5377027E-03 -2.4324728E-03  0.0000000E+00
  2.0799350E+02  1.2192868E+00 -5.8573638E-05 -1.5215566E-03 -2.2764512E-03  0.0000000E+00
  2.0799350E+02  1.2208025E+00 -3.1516292E-05 -1.5077793E-03 -2.1267872E-03  0.0000000E+00
  2.0799350E+02  1.2222082E+00  4.1404043E-07 -1.4987182E-03 -1.9828325E-03  0.0000000E+00
  2.0799350E+02  1.2235009E+00  3.5606981E-05 -1.4973367E-03 -1.8439388E-03  0.0000000E+00
  2.0799350E+02  1.2246793E+00  7.2019702E-05 -1.5067395E-03 -1.7095358E-03  0.0000000E+00
  2.0799350E+02  1.2257438E+00  1.0776011E-04 -1.5295265E-03 -1.5791903E-03  0.0000000E+00
  2.0799350E+02  1.2266954E+00  1.4168238E-04 -1.5669960E-03 -1.4526334E-03  0.0000000E+00
