          atime          uvcov          vwcov          wucov         pm1avg           tavg
  2.0799350E+02 -5.3483750E-10 -1.8476169E-12 -7.0095434E-11 -5.1768939E-02  0.0000000E+00
  2.0799350E+02 -4.6602466E-04  3.5156731E-06 -2.1303268E-05 -5.1810476E-02  0.0000000E+00
  2.0799350E+02 -1.7556969E-03  1.0005024E-05 -3.1731613E-05 -5.1832752E-02  0.0000000E+00
  2.0799350E+02 -3.2688976E-03  2.0826248E-05  1.1721452E-04 -5.1839544E-02  0.0000000E+00
  2.0799350E+02 -4.2466256E-03  3.5580114E-05  5.4153883E-04 -5.1809062E-02  0.0000000E+00
  2.0799350E+02 -4.5768900E-03  3.5460251E-05  1.0633568E-03 -5.1753684E-02  0.0000000E+00
  2.0799350E+02 -4.5826191E-03 -2.7884357E-06  1.4439519E-03 -5.1705599E-02  0.0000000E+00
  2.0799350E+02 -4.5640482E-03 -7.4576016E-05  1.6436652E-03 -5.1690854E-02  0.0000000E+00
  2.0799350E+02 -4.6695198E-03 -1.5438120E-04  1.7209449E-03 -5.1704730E-02  0.0000000E+00
  2.0799350E+02 -4.9191341E-03 -2.1420488E-04  1.7280151E-03 -5.1713309E-02  0.0000000E+00
  2.0799350E+02 -5.2914011E-03 -2.4322641E-04  1.6821659E-03 -5.1676756E-02  0.0000000E+00
  2.0799350E+02 -5.7451853E-03 -2.4135039E-04  1.5951406E-03 -5.1554776E-02  0.0000000E+00
  2.0799350E+02 -6.2307895E-03 -2.1138170E-04  1.4836991E-03 -5.1314032E-02  0.0000000E+00
  2.0799350E+02 -6.7033008E-03 -1.5745893E-04  1.3638667E-03 -5.0939513E-02  0.0000000E+00
  2.0799350E+02 -7.1387087E-03 -8.6766566E-05  1.2388312E-03 -5.0430306E-02  0.0000000E+00
  2.0799350E+02 -7.5233025E-03 -1.4792469E-05  1.1016903E-03 -4.9795416E-02  0.0000000E+00
  2.0799350E+02 -7.8484693E-03  3.8989791E-05  9.5229515E-04 -4.9052061E-02  0.0000000E+00
  2.0799350E+02 -8.1185316E-03  6.4260100E-05  8.1633345E-04 -4.8221614E-02  0.0000000E+00
  2.0799350E+02 -8.3303951E-03  6.3931503E-05  6.9651017E-04 -4.7328864E-02  0.0000000E+00
  2.0799350E+02 -8.4800259E-03  4.7079774E-05  5.8360519E-04 -4.6384967E-02  0.0000000E+00
  2.0799350E+02 -8.5673555E-03  2.3787078E-05  4.7294477E-04 -4.5405385E-02  0.0000000E+00
  2.0799350E+02 -8.6001011E-03  2.3676849E-06  3.6578120E-04 -4.4398823E-02  0.0000000E+00
  2.0799350E+02 -8.5900150E-03 -1.1494454E-05  2.6589560E-04 -4.3370604E-02  0.0000000E+00
  2.0799350E+02 -8.5487071E-03 -1.4726964E-05  1.7410590E-04 -4.2327541E-02  0.0000000E+00
  2.0799350E+02 -8.4827360E-03 -6.9201811E-06  8.4169374E-05 -4.1269159E-02  0.0000000E+00
  2.0799350E+02 -8.3905985E-03  9.3267926E-06 -1.1789961E-05 -4.0201255E-02  0.0000000E+00
  2.0799350E+02 -8.2766174E-03  3.1465621E-05 -1.0258769E-04 -3.9133389E-02  0.0000000E+00
  2.0799350E+02 -8.1325680E-03  6.3459350E-05 -1.7339679E-04 -3.8073019E-02  0.0000000E+00
  2.0799350E+02 -7.9781570E-03  1.0105413E-04 -2.2359944E-04 -3.7025380E-02  0.0000000E+00
  2.0799350E+02 -7.8229187E-03  1.3564981E-04 -2.6261939E-04 -3.5986310E-02  0.0000000E+00
  2.0799350E+02 -7.6666319E-03  1.6001839E-04 -3.0053863E-04 -3.4955008E-02  0.0000000E+00
  2.0799350E+02 -7.5081085E-03  1.7124601E-04 -3.4176626E-04 -3.3937170E-02  0.0000000E+00
  2.0799350E+02 -7.3468401E-03  1.7110609E-04 -3.8403831E-04 -3.2931404E-02  0.0000000E+00
  2.0799350E+02 -7.1858030E-03  1.6411809E-04 -4.1966435E-04 -3.1944134E-02  0.0000000E+00
  2.0799350E+02 -7.0280726E-03  1.5501802E-04 -4.3971789E-04 -3.0977458E-02  0.0000000E+00
  2.0799350E+02 -6.8756665E-03  1.4642100E-04 -4.3771829E-04 -3.0034851E-02  0.0000000E+00
  2.0799350E+02 -6.7288126E-03  1.3789596E-04 -4.1271364E-04 -2.9125082E-02  0.0000000E+00
  2.0799350E+02 -6.5845032E-03  1.2726777E-04 -3.6967966E-04 -2.8249235E-02  0.0000000E+00
  2.0799350E+02 -6.4404633E-03  1.1550365E-04 -3.1581895E-04 -2.7400717E-02  0.0000000E+00
  2.0799350E+02 -6.2990639E-03  1.1045014E-04 -2.6115476E-04 -2.6578645E-02  0.0000000E+00
  2.0799350E+02 -6.1585780E-03  1.0355632E-04 -1.9991151E-04 -2.5777846E-02  0.0000000E+00
  2.0799350E+02 -6.0240301E-03  9.3866499E-05 -1.4460232E-04 -2.4996998E-02  0.0000000E+00
  2.0799350E+02 -5.8976807E-03  8.1442221E-05 -1.0460670E-04 -2.4238723E-02  0.0000000E+00
  2.0799350E+02 -5.7800802E-03  6.6514609E-05 -7.9994205E-05 -2.3502439E-02  0.0000000E+00
  2.0799350E+02 -5.6710186E-03  5.0183306E-05 -6.8273864E-05 -2.2790135E-02  0.0000000E+00
  2.0799350E+02 -5.5686344E-03  3.4318926E-05 -6.7591022E-05 -2.2098245E-02  0.0000000E+00
  2.0799350E+02 -5.4716192E-03  2.1502049E-05 -7.7882641E-05 -2.1428244E-02  0.0000000E+00
  2.0799350E+02 -5.3784869E-03  1.4300998E-05 -1.0009457E-04 -2.0777739E-02  0.0000000E+00
  2.0799350E+02 -5.2886074E-03  1.4772118E-05 -1.3466144E-04 -2.0144029E-02  0.0000000E+00
  2.0799350E+02 -5.2028611E-03  2.3806331E-05 -1.7949583E-04 -1.9527093E-02  0.0000000E+00
  2.0799350E+02 -5.1225263E-03  4.0680056E-05 -2.2931666E-04 -1.8922789E-02  0.0000000E+00
  2.0799350E+02 -5.0492101E-03  6.2945912E-05 -2.7591467E-04 -1.8326928E-02  0.0000000E+00
  2.0799350E+02 -4.9840448E-03  8.6504776E-05 -3.1054345E-04 -1.7739732E-02  0.0000000E+00
  2.0799350E+02 -4.9249780E-03  1.0668681E-04 -3.3018589E-04 -1.7160781E-02  0.0000000E+00
  2.0799350E+02 -4.8659629E-03  1.2159241E-04 -3.4301748E-04 -1.6592342E-02  0.0000000E+00
  2.0799350E+02 -4.8124740E-03  1.2800908E-04 -3.4768432E-04 -1.6033649E-02  0.0000000E+00
  2.0799350E+02 -4.7612547E-03  1.2773100E-04 -3.4854690E-04 -1.5488873E-02  0.0000000E+00
  2.0799350E+02 -4.7082090E-03  1.2477431E-04 -3.4730004E-04 -1.4960795E-02  0.0000000E+00
  2.0799350E+02 -4.6511277E-03  1.2163344E-04 -3.4278688E-04 -1.4448522E-02  0.0000000E+00
  2.0799350E+02 -4.5896243E-03  1.1931180E-04 -3.3326335E-04 -1.3954389E-02  0.0000000E+00
  2.0799350E+02 -4.5237736E-03  1.1757007E-04 -3.1767715E-04 -1.3477196E-02  0.0000000E+00
  2.0799350E+02 -4.4538999E-03  1.1540745E-04 -2.9622803E-04 -1.3015156E-02  0.0000000E+00
  2.0799350E+02 -4.3806606E-03  1.1162017E-04 -2.7054871E-04 -1.2568524E-02  0.0000000E+00
  2.0799350E+02 -4.3039660E-03  1.0531379E-04 -2.4305346E-04 -1.2134223E-02  0.0000000E+00
  2.0799350E+02 -4.2239733E-03  9.6417117E-05 -2.1670800E-04 -1.1712648E-02  0.0000000E+00
  2.0799350E+02 -4.1401918E-03  8.5876436E-05 -1.9407965E-04 -1.1302395E-02  0.0000000E+00
  2.0799350E+02 -4.0520153E-03  7.5665579E-05 -1.7704206E-04 -1.0902713E-02  0.0000000E+00
  2.0799350E+02 -3.9594600E-03  6.8469125E-05 -1.6668376E-04 -1.0515254E-02  0.0000000E+00
  2.0799350E+02 -3.8625138E-03  6.6721980E-05 -1.6345998E-04 -1.0139014E-02  0.0000000E+00
  2.0799350E+02 -3.7619285E-03  7.1307316E-05 -1.6835080E-04 -9.7712642E-03  0.0000000E+00
  2.0799350E+02 -3.6599649E-03  7.9870755E-05 -1.8514238E-04 -9.4110534E-03  0.0000000E+00
  2.0799350E+02 -3.5595717E-03  8.7895479E-05 -2.0584797E-04 -9.0619972E-03  0.0000000E+00
  2.0799350E+02 -3.4625861E-03  9.2298194E-05 -2.2374654E-04 -8.7199815E-03  0.0000000E+00
  2.0799350E+02 -3.3685751E-03  9.2710067E-05 -2.4024607E-04 -8.3848788E-03  0.0000000E+00
  2.0799350E+02 -3.2770935E-03  8.9586977E-05 -2.5593347E-04 -8.0557821E-03  0.0000000E+00
  2.0799350E+02 -3.1881731E-03  8.3829469E-05 -2.7085901E-04 -7.7333888E-03  0.0000000E+00
  2.0799350E+02 -3.1011992E-03  7.6431123E-05 -2.8500550E-04 -7.4162857E-03  0.0000000E+00
  2.0799350E+02 -3.0162033E-03  6.8356548E-05 -2.9827264E-04 -7.1057605E-03  0.0000000E+00
  2.0799350E+02 -2.9327675E-03  6.0345980E-05 -3.1078053E-04 -6.8017851E-03  0.0000000E+00
  2.0799350E+02 -2.8505102E-03  5.2910144E-05 -3.2283583E-04 -6.5046502E-03  0.0000000E+00
  2.0799350E+02 -2.7695186E-03  4.6371027E-05 -3.3484820E-04 -6.2163099E-03  0.0000000E+00
  2.0799350E+02 -2.6894654E-03  4.0807500E-05 -3.4736383E-04 -5.9369508E-03  0.0000000E+00
  2.0799350E+02 -2.6100605E-03  3.6135301E-05 -3.6084035E-04 -5.6664618E-03  0.0000000E+00
  2.0799350E+02 -2.5314744E-03  3.2143059E-05 -3.7533901E-04 -5.4056889E-03  0.0000000E+00
  2.0799350E+02 -2.4533470E-03  2.8420230E-05 -3.9040009E-04 -5.1530684E-03  0.0000000E+00
  2.0799350E+02 -2.3759268E-03  2.4348318E-05 -4.0447790E-04 -4.9085502E-03  0.0000000E+00
  2.0799350E+02 -2.2990963E-03  1.8910133E-05 -4.1470862E-04 -4.6707719E-03  0.0000000E+00
  2.0799350E+02 -2.2220916E-03  1.1382669E-05 -4.1895230E-04 -4.4392335E-03  0.0000000E+00
  2.0799350E+02 -2.1462000E-03  1.5520100E-06 -4.1514375E-04 -4.2141158E-03  0.0000000E+00
  2.0799350E+02 -2.0715716E-03 -1.0319722E-05 -3.9910283E-04 -3.9949426E-03  0.0000000E+00
  2.0799350E+02 -1.9970437E-03 -2.2347518E-05 -3.7285580E-04 -3.7835312E-03  0.0000000E+00
  2.0799350E+02 -1.9215052E-03 -3.3070037E-05 -3.3927311E-04 -3.5801251E-03  0.0000000E+00
  2.0799350E+02 -1.8442845E-03 -4.1400110E-05 -3.0139789E-04 -3.3845907E-03  0.0000000E+00
  2.0799350E+02 -1.7655295E-03 -4.6596695E-05 -2.6222553E-04 -3.1974324E-03  0.0000000E+00
  2.0799350E+02 -1.6853036E-03 -4.8347572E-05 -2.2399183E-04 -3.0177691E-03  0.0000000E+00
  2.0799350E+02 -1.6038990E-03 -4.6673301E-05 -1.8824367E-04 -2.8445645E-03  0.0000000E+00
  2.0799350E+02 -1.5221851E-03 -4.1925094E-05 -1.5601443E-04 -2.6776344E-03  0.0000000E+00
  2.0799350E+02 -1.4404806E-03 -3.4699745E-05 -1.2747620E-04 -2.5156268E-03  0.0000000E+00
  2.0799350E+02 -1.3596291E-03 -2.5839095E-05 -1.0255862E-04 -2.3585385E-03  0.0000000E+00
  2.0799350E+02 -1.2798933E-03 -1.6275128E-05 -8.0772800E-05 -2.2057215E-03  0.0000000E+00
  2.0799350E+02  0.0000000E+00  0.0000000E+00  0.0000000E+00 -2.1404089E-02  0.0000000E+00
  2.0799350E+02 -2.3713418E-04  6.4675191E-06 -2.0912480E-05 -2.1611591E-02  0.0000000E+00
  2.0799350E+02 -7.4794958E-04  2.4320233E-05 -6.3938300E-05 -2.1834745E-02  0.0000000E+00
  2.0799350E+02 -1.6175464E-03  4.4937390E-05 -1.0025483E-04 -2.2112740E-02  0.0000000E+00
  2.0799350E+02 -2.9630633E-03  6.1073875E-05 -1.3405045E-04 -2.2422798E-02  0.0000000E+00
  2.0799350E+02 -4.5618154E-03  6.0738627E-05 -1.1862832E-04 -2.2729033E-02  0.0000000E+00
  2.0799350E+02 -5.9324627E-03  3.9244143E-05  3.8186322E-05 -2.3022453E-02  0.0000000E+00
  2.0799350E+02 -6.7298215E-03  5.4971009E-06  3.9261523E-04 -2.3324628E-02  0.0000000E+00
  2.0799350E+02 -6.9246435E-03 -4.5317785E-05  8.9836983E-04 -2.3661799E-02  0.0000000E+00
  2.0799350E+02 -6.7428060E-03 -1.1948916E-04  1.3219233E-03 -2.4079126E-02  0.0000000E+00
  2.0799350E+02 -6.4224149E-03 -1.8798708E-04  1.5801952E-03 -2.4583760E-02  0.0000000E+00
  2.0799350E+02 -6.1381536E-03 -2.3645342E-04  1.6964275E-03 -2.5165339E-02  0.0000000E+00
  2.0799350E+02 -5.9856131E-03 -2.7090057E-04  1.7156699E-03 -2.5805059E-02  0.0000000E+00
  2.0799350E+02 -5.9832768E-03 -2.9489004E-04  1.6700210E-03 -2.6465556E-02  0.0000000E+00
  2.0799350E+02 -6.0980110E-03 -2.9560727E-04  1.5776742E-03 -2.7095307E-02  0.0000000E+00
  2.0799350E+02 -6.2955001E-03 -2.6989642E-04  1.4615157E-03 -2.7677602E-02  0.0000000E+00
  2.0799350E+02 -6.5365353E-03 -2.2366020E-04  1.3337212E-03 -2.8182152E-02  0.0000000E+00
  2.0799350E+02 -6.7986979E-03 -1.5782080E-04  1.1927679E-03 -2.8600846E-02  0.0000000E+00
  2.0799350E+02 -7.0657351E-03 -8.2733085E-05  1.0397275E-03 -2.8919326E-02  0.0000000E+00
  2.0799350E+02 -7.3236527E-03 -1.3926304E-05  8.8085963E-04 -2.9134591E-02  0.0000000E+00
  2.0799350E+02 -7.5599745E-03  3.4689857E-05  7.2837407E-04 -2.9246864E-02  0.0000000E+00
  2.0799350E+02 -7.7644194E-03  5.5332764E-05  5.9577003E-04 -2.9259640E-02  0.0000000E+00
  2.0799350E+02 -7.9291718E-03  4.8179872E-05  4.9167109E-04 -2.9180511E-02  0.0000000E+00
  2.0799350E+02 -8.0482561E-03  2.1081747E-05  4.1554112E-04 -2.9022257E-02  0.0000000E+00
  2.0799350E+02 -8.1208354E-03 -1.2916974E-05  3.5534234E-04 -2.8799244E-02  0.0000000E+00
  2.0799350E+02 -8.1532593E-03 -3.9652802E-05  2.9342865E-04 -2.8519545E-02  0.0000000E+00
  2.0799350E+02 -8.1629321E-03 -5.5002568E-05  2.1931712E-04 -2.8190969E-02  0.0000000E+00
  2.0799350E+02 -8.1487679E-03 -4.2983037E-05  1.2333742E-04 -2.7824946E-02  0.0000000E+00
  2.0799350E+02 -8.1066954E-03 -2.1250934E-05  1.2461380E-05 -2.7422907E-02  0.0000000E+00
  2.0799350E+02 -8.0413402E-03  1.7683764E-06 -9.6509574E-05 -2.6990075E-02  0.0000000E+00
  2.0799350E+02 -7.9583334E-03  2.5921036E-05 -1.8847563E-04 -2.6529276E-02  0.0000000E+00
  2.0799350E+02 -7.8615593E-03  5.1644835E-05 -2.5434296E-04 -2.6045363E-02  0.0000000E+00
  2.0799350E+02 -7.7515763E-03  7.7351254E-05 -2.9343534E-04 -2.5540867E-02  0.0000000E+00
  2.0799350E+02 -7.6272959E-03  9.9568679E-05 -3.1164353E-04 -2.5019247E-02  0.0000000E+00
  2.0799350E+02 -7.4879223E-03  1.1500189E-04 -3.1881941E-04 -2.4483920E-02  0.0000000E+00
  2.0799350E+02 -7.3348424E-03  1.2280630E-04 -3.2529452E-04 -2.3937043E-02  0.0000000E+00
  2.0799350E+02 -7.1741415E-03  1.2560285E-04 -3.3855038E-04 -2.3383261E-02  0.0000000E+00
  2.0799350E+02 -7.0147721E-03  1.2792330E-04 -3.6112453E-04 -2.2824158E-02  0.0000000E+00
  2.0799350E+02 -6.8669336E-03  1.3037214E-04 -3.9051477E-04 -2.2262820E-02  0.0000000E+00
  2.0799350E+02 -6.7308718E-03  1.2870216E-04 -4.2389216E-04 -2.1703507E-02  0.0000000E+00
  2.0799350E+02 -6.5953025E-03  1.2202464E-04 -4.3956569E-04 -2.1151864E-02  0.0000000E+00
  2.0799350E+02 -6.4610236E-03  1.1236714E-04 -4.3687287E-04 -2.0610184E-02  0.0000000E+00
  2.0799350E+02 -6.3260726E-03  1.0422741E-04 -4.1897065E-04 -2.0079065E-02  0.0000000E+00
  2.0799350E+02 -6.1885835E-03  9.8220163E-05 -3.8627999E-04 -1.9556344E-02  0.0000000E+00
  2.0799350E+02 -6.0491570E-03  9.2603904E-05 -3.3978302E-04 -1.9042339E-02  0.0000000E+00
  2.0799350E+02 -5.9096287E-03  8.4690276E-05 -2.8228935E-04 -1.8535244E-02  0.0000000E+00
  2.0799350E+02 -5.7734120E-03  7.2209086E-05 -2.1908541E-04 -1.8035125E-02  0.0000000E+00
  2.0799350E+02 -5.6439444E-03  5.4314981E-05 -1.5733269E-04 -1.7542030E-02  0.0000000E+00
  2.0799350E+02 -5.5243604E-03  3.2393532E-05 -1.0540888E-04 -1.7059036E-02  0.0000000E+00
  2.0799350E+02 -5.4151224E-03  1.0029833E-05 -7.0769280E-05 -1.6586513E-02  0.0000000E+00
  2.0799350E+02 -5.3145267E-03 -7.3436222E-06 -5.8824755E-05 -1.6125060E-02  0.0000000E+00
  2.0799350E+02 -5.2189760E-03 -1.3690561E-05 -7.1409931E-05 -1.5674219E-02  0.0000000E+00
  2.0799350E+02 -5.1245998E-03 -4.4261494E-06 -1.0585751E-04 -1.5231581E-02  0.0000000E+00
  2.0799350E+02 -5.0313387E-03  2.0406194E-05 -1.5439089E-04 -1.4796169E-02  0.0000000E+00
  2.0799350E+02 -4.9451570E-03  5.0168457E-05 -2.0396487E-04 -1.4363797E-02  0.0000000E+00
  2.0799350E+02 -4.8668676E-03  8.3234016E-05 -2.4812804E-04 -1.3933746E-02  0.0000000E+00
  2.0799350E+02 -4.7996827E-03  1.1369677E-04 -2.8394902E-04 -1.3504481E-02  0.0000000E+00
  2.0799350E+02 -4.7433068E-03  1.3537545E-04 -3.1024974E-04 -1.3078049E-02  0.0000000E+00
  2.0799350E+02 -4.6940648E-03  1.4669687E-04 -3.2820649E-04 -1.2655845E-02  0.0000000E+00
  2.0799350E+02 -4.6474748E-03  1.4887987E-04 -3.3942808E-04 -1.2240618E-02  0.0000000E+00
  2.0799350E+02 -4.5993836E-03  1.4464615E-04 -3.4511925E-04 -1.1834277E-02  0.0000000E+00
  2.0799350E+02 -4.5470509E-03  1.3717777E-04 -3.4572183E-04 -1.1440229E-02  0.0000000E+00
  2.0799350E+02 -4.4889083E-03  1.2924124E-04 -3.4107984E-04 -1.1058831E-02  0.0000000E+00
  2.0799350E+02 -4.4247774E-03  1.2266268E-04 -3.3078098E-04 -1.0690185E-02  0.0000000E+00
  2.0799350E+02 -4.3554313E-03  1.1805740E-04 -3.1469210E-04 -1.0333509E-02  0.0000000E+00
  2.0799350E+02 -4.2819820E-03  1.1484879E-04 -2.9341960E-04 -9.9867752E-03  0.0000000E+00
  2.0799350E+02 -4.2059150E-03  1.1161328E-04 -2.6880041E-04 -9.6494826E-03  0.0000000E+00
  2.0799350E+02 -4.1279394E-03  1.0668899E-04 -2.4368214E-04 -9.3194576E-03  0.0000000E+00
  2.0799350E+02 -4.0483606E-03  9.9158211E-05 -2.2160092E-04 -8.9958202E-03  0.0000000E+00
  2.0799350E+02 -3.9670276E-03  9.0116944E-05 -2.0563788E-04 -8.6783735E-03  0.0000000E+00
  2.0799350E+02 -3.8848555E-03  8.2464605E-05 -1.9480269E-04 -8.3695878E-03  0.0000000E+00
  2.0799350E+02 -3.7972983E-03  7.9008724E-05 -1.9038390E-04 -8.0663409E-03  0.0000000E+00
  2.0799350E+02 -3.7044778E-03  8.0635896E-05 -1.9542143E-04 -7.7694529E-03  0.0000000E+00
  2.0799350E+02 -3.6094396E-03  8.3262320E-05 -2.0572963E-04 -7.4785733E-03  0.0000000E+00
  2.0799350E+02 -3.5141433E-03  8.4818632E-05 -2.1897383E-04 -7.1943272E-03  0.0000000E+00
  2.0799350E+02 -3.4191854E-03  8.4526055E-05 -2.3390693E-04 -6.9154987E-03  0.0000000E+00
  2.0799350E+02 -3.3249469E-03  8.2321458E-05 -2.4971948E-04 -6.6413076E-03  0.0000000E+00
  2.0799350E+02 -3.2317054E-03  7.8483425E-05 -2.6572121E-04 -6.3710874E-03  0.0000000E+00
  2.0799350E+02 -3.1395940E-03  7.3387158E-05 -2.8123291E-04 -6.1039750E-03  0.0000000E+00
  2.0799350E+02 -3.0492490E-03  6.7420225E-05 -2.9549357E-04 -5.8408833E-03  0.0000000E+00
  2.0799350E+02 -2.9607719E-03  6.0888469E-05 -3.0794152E-04 -5.5817360E-03  0.0000000E+00
  2.0799350E+02 -2.8742832E-03  5.4063543E-05 -3.1827082E-04 -5.3273230E-03  0.0000000E+00
  2.0799350E+02 -2.7895324E-03  4.7198491E-05 -3.2664281E-04 -5.0782938E-03  0.0000000E+00
  2.0799350E+02 -2.7064693E-03  4.0603595E-05 -3.3375603E-04 -4.8367024E-03  0.0000000E+00
  2.0799350E+02 -2.6244353E-03  3.4562627E-05 -3.4096155E-04 -4.6030900E-03  0.0000000E+00
  2.0799350E+02 -2.5429911E-03  2.9302331E-05 -3.5008655E-04 -4.3778429E-03  0.0000000E+00
  2.0799350E+02 -2.4620450E-03  2.4794993E-05 -3.6317014E-04 -4.1598531E-03  0.0000000E+00
  2.0799350E+02 -2.3825358E-03  1.9933603E-05 -3.7961433E-04 -3.9489107E-03  0.0000000E+00
  2.0799350E+02 -2.3025924E-03  1.5530326E-05 -3.9561918E-04 -3.7446388E-03  0.0000000E+00
  2.0799350E+02 -2.2229728E-03  1.0435721E-05 -4.0837076E-04 -3.5450670E-03  0.0000000E+00
  2.0799350E+02 -2.1439351E-03  3.2220630E-06 -4.1284147E-04 -3.3506663E-03  0.0000000E+00
  2.0799350E+02 -2.0649228E-03 -5.9059567E-06 -4.0602938E-04 -3.1617909E-03  0.0000000E+00
  2.0799350E+02 -1.9856139E-03 -1.5883631E-05 -3.8707630E-04 -2.9797503E-03  0.0000000E+00
  2.0799350E+02 -1.9053970E-03 -2.5466984E-05 -3.5698324E-04 -2.8046575E-03  0.0000000E+00
  2.0799350E+02 -1.8240771E-03 -3.3533919E-05 -3.1822384E-04 -2.6366751E-03  0.0000000E+00
  2.0799350E+02 -1.7416208E-03 -3.9293780E-05 -2.7412539E-04 -2.4753719E-03  0.0000000E+00
  2.0799350E+02 -1.6586785E-03 -4.2303931E-05 -2.2859121E-04 -2.3208656E-03  0.0000000E+00
  2.0799350E+02 -1.5756002E-03 -4.2490954E-05 -1.8503671E-04 -2.1721915E-03  0.0000000E+00
  2.0799350E+02 -1.4928755E-03 -4.0012813E-05 -1.4618428E-04 -2.0285450E-03  0.0000000E+00
  2.0799350E+02 -1.4107197E-03 -3.5158770E-05 -1.1356914E-04 -1.8888737E-03  0.0000000E+00
  2.0799350E+02 -1.9643601E-10  8.1877457E-12  5.9970785E-12 -8.3592709E-03  0.0000000E+00
  2.0799350E+02 -3.2692512E-04 -9.8923793E-07  2.2889266E-07 -8.4467051E-03  0.0000000E+00
  2.0799350E+02 -7.1620794E-04 -2.8857681E-07 -2.5763961E-06 -8.6501983E-03  0.0000000E+00
  2.0799350E+02 -1.0291056E-03  6.8873081E-06 -7.1585478E-06 -9.0020750E-03  0.0000000E+00
  2.0799350E+02 -1.4746798E-03  2.3512227E-05 -2.6883134E-05 -9.4427098E-03  0.0000000E+00
  2.0799350E+02 -2.2542529E-03  4.7685526E-05 -5.1045635E-05 -9.9013782E-03  0.0000000E+00
  2.0799350E+02 -3.4341028E-03  6.5179484E-05 -6.4114222E-05 -1.0320763E-02  0.0000000E+00
  2.0799350E+02 -4.9912125E-03  5.8634460E-05 -7.2750823E-05 -1.0650140E-02  0.0000000E+00
  2.0799350E+02 -6.8090050E-03  3.0862063E-05 -3.7741634E-05 -1.0840116E-02  0.0000000E+00
  2.0799350E+02 -8.5926959E-03 -7.9418015E-06  1.1101075E-04 -1.0868363E-02  0.0000000E+00
  2.0799350E+02 -9.9710045E-03 -6.4179331E-05  3.7647301E-04 -1.0757885E-02  0.0000000E+00
  2.0799350E+02 -1.0731434E-02 -1.2879902E-04  7.0550480E-04 -1.0569507E-02  0.0000000E+00
  2.0799350E+02 -1.0874419E-02 -1.8135646E-04  1.0480123E-03 -1.0373650E-02  0.0000000E+00
  2.0799350E+02 -1.0539989E-02 -2.1643035E-04  1.3983173E-03 -1.0219086E-02  0.0000000E+00
  2.0799350E+02 -9.9118080E-03 -2.5616949E-04  1.7508254E-03 -1.0124489E-02  0.0000000E+00
  2.0799350E+02 -9.1880204E-03 -3.1219291E-04  1.9554709E-03 -1.0104937E-02  0.0000000E+00
  2.0799350E+02 -8.5064870E-03 -3.7066033E-04  1.9238574E-03 -1.0162835E-02  0.0000000E+00
  2.0799350E+02 -7.9470380E-03 -3.8162512E-04  1.7860099E-03 -1.0301747E-02  0.0000000E+00
  2.0799350E+02 -7.5393829E-03 -3.4111505E-04  1.6304142E-03 -1.0513718E-02  0.0000000E+00
  2.0799350E+02 -7.2842555E-03 -2.7615656E-04  1.4841749E-03 -1.0783002E-02  0.0000000E+00
  2.0799350E+02 -7.1627567E-03 -2.1321840E-04  1.3429176E-03 -1.1092042E-02  0.0000000E+00
  2.0799350E+02 -7.1457735E-03 -1.6454936E-04  1.1965898E-03 -1.1422162E-02  0.0000000E+00
  2.0799350E+02 -7.1994138E-03 -1.2725068E-04  1.0449005E-03 -1.1755466E-02  0.0000000E+00
  2.0799350E+02 -7.2894851E-03 -9.1055049E-05  9.0305838E-04 -1.2071110E-02  0.0000000E+00
  2.0799350E+02 -7.3867532E-03 -4.8101061E-05  7.8950471E-04 -1.2349230E-02  0.0000000E+00
  2.0799350E+02 -7.4756936E-03 -9.2073775E-07  6.9597799E-04 -1.2575998E-02  0.0000000E+00
  2.0799350E+02 -7.5543878E-03  3.2783235E-05  5.9478842E-04 -1.2743209E-02  0.0000000E+00
  2.0799350E+02 -7.6246926E-03  5.3847697E-05  4.7819554E-04 -1.2855708E-02  0.0000000E+00
  2.0799350E+02 -7.6902002E-03  5.7854970E-05  3.8288158E-04 -1.2914403E-02  0.0000000E+00
  2.0799350E+02 -7.7470028E-03  4.7380074E-05  3.2147619E-04 -1.2924428E-02  0.0000000E+00
  2.0799350E+02 -7.7891997E-03  3.0796013E-05  2.7795858E-04 -1.2894144E-02  0.0000000E+00
  2.0799350E+02 -7.8112271E-03  1.6857151E-05  2.2674447E-04 -1.2831141E-02  0.0000000E+00
  2.0799350E+02 -7.8096994E-03  1.1597405E-05  1.4651196E-04 -1.2740155E-02  0.0000000E+00
  2.0799350E+02 -7.7841599E-03  1.7365185E-05  2.9753336E-05 -1.2623862E-02  0.0000000E+00
  2.0799350E+02 -7.7373972E-03  3.2943484E-05 -1.1383623E-04 -1.2483598E-02  0.0000000E+00
  2.0799350E+02 -7.6745255E-03  5.4644833E-05 -2.5935938E-04 -1.2320729E-02  0.0000000E+00
  2.0799350E+02 -7.6011446E-03  7.7641963E-05 -3.7470424E-04 -1.2137676E-02  0.0000000E+00
  2.0799350E+02 -7.5196245E-03  9.7267256E-05 -4.3579425E-04 -1.1935956E-02  0.0000000E+00
  2.0799350E+02 -7.4253142E-03  1.0914719E-04 -4.4655397E-04 -1.1715225E-02  0.0000000E+00
  2.0799350E+02 -7.3074304E-03  1.1500242E-04 -4.4669908E-04 -1.1481069E-02  0.0000000E+00
  2.0799350E+02 -7.1728461E-03  1.1365533E-04 -4.2277617E-04 -1.1238077E-02  0.0000000E+00
  2.0799350E+02 -7.0272792E-03  1.1310682E-04 -4.0098574E-04 -1.0983557E-02  0.0000000E+00
  2.0799350E+02 -6.8743994E-03  1.1622235E-04 -3.9247698E-04 -1.0722685E-02  0.0000000E+00
  2.0799350E+02 -6.7175741E-03  1.1898866E-04 -3.9562406E-04 -1.0459920E-02  0.0000000E+00
  2.0799350E+02 -6.5599782E-03  1.1677318E-04 -4.0476397E-04 -1.0197777E-02  0.0000000E+00
  2.0799350E+02 -6.4051021E-03  1.0746236E-04 -4.1481616E-04 -9.9376336E-03  0.0000000E+00
  2.0799350E+02 -6.2566883E-03  9.2223550E-05 -4.2262967E-04 -9.6804541E-03  0.0000000E+00
  2.0799350E+02 -6.1170898E-03  7.4468595E-05 -4.2631820E-04 -9.4252861E-03  0.0000000E+00
  2.0799350E+02 -5.9880700E-03  5.8197547E-05 -4.2353554E-04 -9.1721123E-03  0.0000000E+00
  2.0799350E+02 -5.8692108E-03  4.5921596E-05 -4.1011149E-04 -8.9203402E-03  0.0000000E+00
  2.0799350E+02 -5.7582018E-03  3.7312394E-05 -3.8003983E-04 -8.6699726E-03  0.0000000E+00
  2.0799350E+02 -5.6506004E-03  2.9109598E-05 -3.2768251E-04 -8.4202987E-03  0.0000000E+00
  2.0799350E+02 -5.5423576E-03  1.7243774E-05 -2.5414163E-04 -8.1729802E-03  0.0000000E+00
  2.0799350E+02 -5.4316070E-03  1.6578777E-06 -1.7797301E-04 -7.9310366E-03  0.0000000E+00
  2.0799350E+02 -5.3210239E-03 -1.0440319E-05 -1.2753613E-04 -7.6927709E-03  0.0000000E+00
  2.0799350E+02 -5.2170253E-03 -1.6022141E-05 -9.2570468E-05 -7.4587847E-03  0.0000000E+00
  2.0799350E+02 -5.1152738E-03 -1.2129387E-05 -8.9573724E-05 -7.2299312E-03  0.0000000E+00
  2.0799350E+02 -5.0143377E-03  1.0865847E-06 -1.1550074E-04 -7.0037501E-03  0.0000000E+00
  2.0799350E+02 -4.9159314E-03  2.1961876E-05 -1.5847890E-04 -6.7786398E-03  0.0000000E+00
  2.0799350E+02 -4.8228617E-03  4.7858270E-05 -2.0543539E-04 -6.5539168E-03  0.0000000E+00
  2.0799350E+02 -4.7376995E-03  7.5617846E-05 -2.4639382E-04 -6.3299629E-03  0.0000000E+00
  2.0799350E+02 -4.6613972E-03  1.0221873E-04 -2.7652961E-04 -6.1065445E-03  0.0000000E+00
  2.0799350E+02 -4.5938736E-03  1.2488745E-04 -2.9558497E-04 -5.8849946E-03  0.0000000E+00
  2.0799350E+02 -4.5335335E-03  1.4161824E-04 -3.0669543E-04 -5.6665864E-03  0.0000000E+00
  2.0799350E+02 -4.4778225E-03  1.5135672E-04 -3.1412980E-04 -5.4527946E-03  0.0000000E+00
  2.0799350E+02 -4.4238869E-03  1.5411478E-04 -3.2101127E-04 -5.2454643E-03  0.0000000E+00
  2.0799350E+02 -4.3688188E-03  1.5095469E-04 -3.2763789E-04 -5.0451400E-03  0.0000000E+00
  2.0799350E+02 -4.3107325E-03  1.4378779E-04 -3.3084120E-04 -4.8527955E-03  0.0000000E+00
  2.0799350E+02 -4.2487333E-03  1.3505431E-04 -3.2523482E-04 -4.6678550E-03  0.0000000E+00
  2.0799350E+02 -4.1830233E-03  1.2716951E-04 -3.0680742E-04 -4.4878079E-03  0.0000000E+00
  2.0799350E+02 -4.1131306E-03  1.2353415E-04 -2.8167943E-04 -4.3114422E-03  0.0000000E+00
  2.0799350E+02 -4.0382845E-03  1.2288947E-04 -2.5825797E-04 -4.1428568E-03  0.0000000E+00
  2.0799350E+02 -3.9618975E-03  1.1881518E-04 -2.3779316E-04 -3.9755655E-03  0.0000000E+00
  2.0799350E+02 -3.8830015E-03  1.1301535E-04 -2.2503377E-04 -3.8108096E-03  0.0000000E+00
  2.0799350E+02 -3.8012783E-03  1.0721095E-04 -2.2011843E-04 -3.6488645E-03  0.0000000E+00
  2.0799350E+02 -3.7169299E-03  1.0257190E-04 -2.2128993E-04 -3.4897605E-03  0.0000000E+00
  2.0799350E+02 -3.6299187E-03  9.9457242E-05 -2.2658084E-04 -3.3325055E-03  0.0000000E+00
  2.0799350E+02 -3.5407285E-03  9.7497993E-05 -2.3461523E-04 -3.1768919E-03  0.0000000E+00
  2.0799350E+02 -3.4497481E-03  9.5784381E-05 -2.4478704E-04 -3.0224998E-03  0.0000000E+00
  2.0799350E+02 -3.3575643E-03  9.3213435E-05 -2.5697784E-04 -2.8692586E-03  0.0000000E+00
  2.0799350E+02 -3.2643429E-03  8.8835149E-05 -2.7114699E-04 -2.7163996E-03  0.0000000E+00
  2.0799350E+02 -3.1707829E-03  8.2196105E-05 -2.8668118E-04 -2.5640129E-03  0.0000000E+00
  2.0799350E+02 -3.0774810E-03  7.3522974E-05 -3.0212229E-04 -2.4120173E-03  0.0000000E+00
  2.0799350E+02 -2.9850395E-03  6.3722529E-05 -3.1517613E-04 -2.2604922E-03  0.0000000E+00
  2.0799350E+02 -2.8941122E-03  5.4115393E-05 -3.2331590E-04 -2.1100845E-03  0.0000000E+00
  2.0799350E+02 -2.8046018E-03  4.5733582E-05 -3.2522764E-04 -1.9612482E-03  0.0000000E+00
  2.0799350E+02 -2.7163075E-03  3.8351268E-05 -3.2311409E-04 -1.8161891E-03  0.0000000E+00
  2.0799350E+02 -2.6295851E-03  3.0912525E-05 -3.2493711E-04 -1.6765480E-03  0.0000000E+00
  2.0799350E+02 -2.5445150E-03  2.3609174E-05 -3.2811772E-04 -1.5428002E-03  0.0000000E+00
  2.0799350E+02 -2.4595607E-03  1.6069537E-05 -3.3431244E-04 -1.4156183E-03  0.0000000E+00
  2.0799350E+02 -2.3752176E-03  9.3953794E-06 -3.4507057E-04 -1.2927535E-03  0.0000000E+00
  2.0799350E+02 -2.2918270E-03  3.6498620E-06 -3.5887169E-04 -1.1735338E-03  0.0000000E+00
  2.0799350E+02 -2.2091111E-03 -1.5469726E-06 -3.7242188E-04 -1.0577274E-03  0.0000000E+00
  2.0799350E+02 -2.1264812E-03 -6.5927674E-06 -3.8174920E-04 -9.4552350E-04  0.0000000E+00
  2.0799350E+02 -2.0433687E-03 -1.1676968E-05 -3.8313054E-04 -8.3749908E-04  0.0000000E+00
  2.0799350E+02 -1.9588495E-03 -1.6750513E-05 -3.7380824E-04 -7.3370833E-04  0.0000000E+00
  2.0799350E+02 -1.8726628E-03 -2.1516846E-05 -3.5247322E-04 -6.3464386E-04  0.0000000E+00
  2.0799350E+02 -1.7847773E-03 -2.5574900E-05 -3.1956559E-04 -5.4038998E-04  0.0000000E+00
  2.0799350E+02 -1.6955973E-03 -2.8541316E-05 -2.7728383E-04 -4.5075360E-04  0.0000000E+00
  2.0799350E+02 -1.6060940E-03 -3.0158724E-05 -2.2941859E-04 -3.6540057E-04  0.0000000E+00
  2.0799350E+02  0.0000000E+00  0.0000000E+00  0.0000000E+00 -1.1722352E-03  0.0000000E+00
  2.0799350E+02 -5.2655207E-04  7.3903496E-06 -3.6333260E-05 -1.2698707E-03  0.0000000E+00
  2.0799350E+02 -1.1362416E-03  2.0122743E-05 -7.3231769E-05 -1.7722486E-03  0.0000000E+00
  2.0799350E+02 -1.6697581E-03  2.8672661E-05 -6.5430646E-05 -2.6739363E-03  0.0000000E+00
  2.0799350E+02 -2.3689073E-03  5.5249911E-05 -7.7042547E-05 -3.7334330E-03  0.0000000E+00
  2.0799350E+02 -3.3864538E-03  1.3947846E-04 -1.4752721E-04 -4.7512167E-03  0.0000000E+00
  2.0799350E+02 -4.7578023E-03  2.4552589E-04 -1.7426240E-04 -5.6215403E-03  0.0000000E+00
  2.0799350E+02 -6.3933541E-03  2.7804730E-04 -7.9253979E-05 -6.2900784E-03  0.0000000E+00
  2.0799350E+02 -8.1656307E-03  2.1321418E-04  9.1986786E-05 -6.7149555E-03  0.0000000E+00
  2.0799350E+02 -9.9665493E-03  8.4991375E-05  2.6093361E-04 -6.8776088E-03  0.0000000E+00
  2.0799350E+02 -1.1650480E-02 -7.8385185E-05  4.0355394E-04 -6.7859315E-03  0.0000000E+00
  2.0799350E+02 -1.3075702E-02 -2.1685074E-04  5.2104169E-04 -6.4703078E-03  0.0000000E+00
  2.0799350E+02 -1.4115605E-02 -2.7535943E-04  6.2499856E-04 -5.9780609E-03  0.0000000E+00
  2.0799350E+02 -1.4657855E-02 -2.6402327E-04  7.4477615E-04 -5.3649577E-03  0.0000000E+00
  2.0799350E+02 -1.4651287E-02 -2.5601794E-04  9.1957529E-04 -4.6841891E-03  0.0000000E+00
  2.0799350E+02 -1.4215455E-02 -2.5878334E-04  1.1604205E-03 -3.9730108E-03  0.0000000E+00
  2.0799350E+02 -1.3493931E-02 -2.9329002E-04  1.4910643E-03 -3.2652438E-03  0.0000000E+00
  2.0799350E+02 -1.2612187E-02 -3.2347726E-04  1.8145914E-03 -2.5757739E-03  0.0000000E+00
  2.0799350E+02 -1.1675704E-02 -3.2487352E-04  2.0148115E-03 -1.9372728E-03  0.0000000E+00
  2.0799350E+02 -1.0772385E-02 -3.0107767E-04  2.0310135E-03 -1.3828347E-03  0.0000000E+00
  2.0799350E+02 -9.9545192E-03 -2.6159587E-04  1.8739818E-03 -9.2948248E-04  0.0000000E+00
  2.0799350E+02 -9.2512394E-03 -2.1251924E-04  1.6083640E-03 -5.8270600E-04  0.0000000E+00
  2.0799350E+02 -8.6742963E-03 -1.5564563E-04  1.3183066E-03 -3.3860581E-04  0.0000000E+00
  2.0799350E+02 -8.2266240E-03 -9.2420310E-05  1.0686599E-03 -1.8982930E-04  0.0000000E+00
  2.0799350E+02 -7.9099513E-03 -3.0380952E-05  8.8648125E-04 -1.2898744E-04  0.0000000E+00
  2.0799350E+02 -7.7056883E-03  1.3316711E-05  7.6902270E-04 -1.3634018E-04  0.0000000E+00
  2.0799350E+02 -7.5620999E-03  3.7450951E-05  7.0749280E-04 -1.8995281E-04  0.0000000E+00
  2.0799350E+02 -7.4802152E-03  5.6469462E-05  6.7649076E-04 -2.6905220E-04  0.0000000E+00
  2.0799350E+02 -7.4390614E-03  7.4691499E-05  6.4192210E-04 -3.6046105E-04  0.0000000E+00
  2.0799350E+02 -7.4259277E-03  9.1229048E-05  5.9520731E-04 -4.5463626E-04  0.0000000E+00
  2.0799350E+02 -7.4337345E-03  1.0075884E-04  5.4272287E-04 -5.4019391E-04  0.0000000E+00
  2.0799350E+02 -7.4565113E-03  9.9410275E-05  4.9101448E-04 -6.0924334E-04  0.0000000E+00
  2.0799350E+02 -7.4870304E-03  8.7167695E-05  4.4045919E-04 -6.5828776E-04  0.0000000E+00
  2.0799350E+02 -7.5164691E-03  6.8011793E-05  3.8400127E-04 -6.8835518E-04  0.0000000E+00
  2.0799350E+02 -7.5356719E-03  4.8161135E-05  3.0998704E-04 -7.0326164E-04  0.0000000E+00
  2.0799350E+02 -7.5367141E-03  3.3951649E-05  2.0823318E-04 -7.0716483E-04  0.0000000E+00
  2.0799350E+02 -7.5153091E-03  2.9516305E-05  7.6134683E-05 -7.0314340E-04  0.0000000E+00
  2.0799350E+02 -7.4723923E-03  3.5626159E-05 -7.7048447E-05 -6.9283612E-04  0.0000000E+00
  2.0799350E+02 -7.4152815E-03  5.0449449E-05 -2.2649261E-04 -6.7853535E-04  0.0000000E+00
  2.0799350E+02 -7.3552053E-03  6.9817870E-05 -3.3888976E-04 -6.5981607E-04  0.0000000E+00
  2.0799350E+02 -7.2901572E-03  8.5379435E-05 -4.1755124E-04 -6.3515306E-04  0.0000000E+00
  2.0799350E+02 -7.2152757E-03  9.7920558E-05 -4.6556774E-04 -6.0529579E-04  0.0000000E+00
  2.0799350E+02 -7.1262072E-03  1.0778415E-04 -4.8779783E-04 -5.6684550E-04  0.0000000E+00
  2.0799350E+02 -7.0206265E-03  1.1451878E-04 -4.9134780E-04 -5.1930139E-04  0.0000000E+00
  2.0799350E+02 -6.8986238E-03  1.1725390E-04 -4.8347833E-04 -4.6443763E-04  0.0000000E+00
  2.0799350E+02 -6.7620560E-03  1.1505992E-04 -4.7018979E-04 -4.0517413E-04  0.0000000E+00
  2.0799350E+02 -6.6154121E-03  1.0730785E-04 -4.5596495E-04 -3.4521253E-04  0.0000000E+00
  2.0799350E+02 -6.4645976E-03  9.4065891E-05 -4.4392142E-04 -2.8784734E-04  0.0000000E+00
  2.0799350E+02 -6.3152310E-03  7.6224946E-05 -4.3610330E-04 -2.3487746E-04  0.0000000E+00
  2.0799350E+02 -6.1732143E-03  5.5690395E-05 -4.3379609E-04 -1.8664036E-04  0.0000000E+00
  2.0799350E+02 -6.0430192E-03  3.5151874E-05 -4.3709133E-04 -1.4152809E-04  0.0000000E+00
  2.0799350E+02 -5.9263480E-03  1.7475586E-05 -4.4372786E-04 -9.6132042E-05  0.0000000E+00
  2.0799350E+02 -5.8231504E-03  5.0768755E-06 -4.4661113E-04 -4.6744713E-05  0.0000000E+00
  2.0799350E+02 -5.7300240E-03 -1.5835129E-06 -4.2982116E-04  9.5478881E-06  0.0000000E+00
  2.0799350E+02 -5.6420258E-03 -3.7016656E-06 -3.7530957E-04  6.8968450E-05  0.0000000E+00
  2.0799350E+02 -5.5477184E-03 -4.6031244E-06 -3.0968459E-04  1.2649065E-04  0.0000000E+00
  2.0799350E+02 -5.4484357E-03 -3.1039243E-06 -2.4469931E-04  1.8197489E-04  0.0000000E+00
  2.0799350E+02 -5.3467087E-03  1.4523584E-06 -1.9126129E-04  2.3444785E-04  0.0000000E+00
  2.0799350E+02 -5.2434993E-03  8.2861146E-06 -1.5745908E-04  2.8391120E-04  0.0000000E+00
  2.0799350E+02 -5.1388932E-03  1.6517882E-05 -1.4633249E-04  3.3105792E-04  0.0000000E+00
  2.0799350E+02 -5.0338230E-03  2.5737851E-05 -1.5592646E-04  3.7643465E-04  0.0000000E+00
  2.0799350E+02 -4.9298088E-03  3.6172391E-05 -1.8004359E-04  4.2049551E-04  0.0000000E+00
  2.0799350E+02 -4.8283568E-03  4.8532252E-05 -2.1044945E-04  4.6370904E-04  0.0000000E+00
  2.0799350E+02 -4.7316971E-03  6.3487436E-05 -2.3893168E-04  5.0609592E-04  0.0000000E+00
  2.0799350E+02 -4.6417961E-03  8.1214104E-05 -2.5963889E-04  5.4748112E-04  0.0000000E+00
  2.0799350E+02 -4.5594901E-03  1.0109446E-04 -2.7078411E-04  5.8773748E-04  0.0000000E+00
  2.0799350E+02 -4.4851353E-03  1.2132189E-04 -2.7494966E-04  6.2633993E-04  0.0000000E+00
  2.0799350E+02 -4.4173297E-03  1.3933737E-04 -2.7819811E-04  6.6288839E-04  0.0000000E+00
  2.0799350E+02 -4.3539181E-03  1.5229253E-04 -2.8687365E-04  6.9656940E-04  0.0000000E+00
  2.0799350E+02 -4.2920909E-03  1.5854196E-04 -3.0190890E-04  7.2618941E-04  0.0000000E+00
  2.0799350E+02 -4.2295045E-03  1.5799774E-04 -3.1246577E-04  7.5168036E-04  0.0000000E+00
  2.0799350E+02 -4.1671873E-03  1.5475677E-04 -3.0978491E-04  7.7634254E-04  0.0000000E+00
  2.0799350E+02 -4.1031753E-03  1.5264536E-04 -2.9669530E-04  7.9831588E-04  0.0000000E+00
  2.0799350E+02 -4.0354417E-03  1.4929278E-04 -2.7946971E-04  8.1890201E-04  0.0000000E+00
  2.0799350E+02 -3.9629687E-03  1.4399067E-04 -2.6230506E-04  8.3873028E-04  0.0000000E+00
  2.0799350E+02 -3.8855413E-03  1.3706753E-04 -2.4788614E-04  8.5818445E-04  0.0000000E+00
  2.0799350E+02 -3.8032601E-03  1.2932518E-04 -2.3776474E-04  8.7769837E-04  0.0000000E+00
  2.0799350E+02 -3.7172889E-03  1.2171493E-04 -2.3282112E-04  8.9764308E-04  0.0000000E+00
  2.0799350E+02 -3.6285297E-03  1.1494331E-04 -2.3332843E-04  9.1862978E-04  0.0000000E+00
  2.0799350E+02 -3.5383473E-03  1.0936860E-04 -2.3913360E-04  9.4126007E-04  0.0000000E+00
  2.0799350E+02 -3.4479059E-03  1.0486880E-04 -2.4963681E-04  9.6615107E-04  0.0000000E+00
  2.0799350E+02 -3.3575167E-03  1.0084544E-04 -2.6389282E-04  9.9398229E-04  0.0000000E+00
  2.0799350E+02 -3.2674536E-03  9.6388576E-05 -2.8050851E-04  1.0251463E-03  0.0000000E+00
  2.0799350E+02 -3.1775477E-03  9.0480585E-05 -2.9770653E-04  1.0597507E-03  0.0000000E+00
  2.0799350E+02 -3.0869668E-03  8.2286339E-05 -3.1350697E-04  1.0977369E-03  0.0000000E+00
  2.0799350E+02 -2.9955613E-03  7.1632788E-05 -3.2570819E-04  1.1384897E-03  0.0000000E+00
  2.0799350E+02 -2.9041274E-03  5.9515082E-05 -3.3226388E-04  1.1809978E-03  0.0000000E+00
  2.0799350E+02 -2.8140717E-03  4.8842060E-05 -3.3174188E-04  1.2245575E-03  0.0000000E+00
  2.0799350E+02 -2.7246213E-03  3.9345674E-05 -3.2636934E-04  1.2680060E-03  0.0000000E+00
  2.0799350E+02 -2.6351473E-03  3.0090133E-05 -3.2082230E-04  1.3091297E-03  0.0000000E+00
  2.0799350E+02 -2.5457941E-03  2.1420077E-05 -3.1813221E-04  1.3470762E-03  0.0000000E+00
  2.0799350E+02 -2.4570305E-03  1.3353720E-05 -3.1965351E-04  1.3817849E-03  0.0000000E+00
  2.0799350E+02 -2.3688914E-03  5.7945675E-06 -3.2528089E-04  1.4137251E-03  0.0000000E+00
  2.0799350E+02 -2.2816802E-03 -1.2467128E-06 -3.3370622E-04  1.4432673E-03  0.0000000E+00
  2.0799350E+02 -2.1954383E-03 -7.6420484E-06 -3.4273873E-04  1.4707031E-03  0.0000000E+00
  2.0799350E+02 -2.1095275E-03 -1.3184994E-05 -3.4973988E-04  1.4962863E-03  0.0000000E+00
  2.0799350E+02 -2.0235609E-03 -1.7582725E-05 -3.5191576E-04  1.5199552E-03  0.0000000E+00
  2.0799350E+02 -1.9370856E-03 -2.0577628E-05 -3.4678399E-04  1.5415378E-03  0.0000000E+00
  2.0799350E+02 -1.8492832E-03 -2.2038886E-05 -3.3247573E-04  1.5609354E-03  0.0000000E+00
  2.0799350E+02 -1.7599661E-03 -2.2000789E-05 -3.0810188E-04  1.5780173E-03  0.0000000E+00
  2.0799350E+02  5.6132650E-12  8.6528195E-13 -1.0961978E-11  1.9262190E-02  0.0000000E+00
  2.0799350E+02 -1.5117714E-04 -5.9144469E-07 -6.7191862E-05  1.9084325E-02  0.0000000E+00
  2.0799350E+02 -8.1314078E-04 -2.2315625E-05 -6.9132472E-05  1.7942091E-02  0.0000000E+00
  2.0799350E+02 -2.0541992E-03 -4.3172723E-05 -7.3151672E-05  1.5986239E-02  0.0000000E+00
  2.0799350E+02 -3.7020058E-03 -6.4735518E-05 -1.1042876E-04  1.3814770E-02  0.0000000E+00
  2.0799350E+02 -5.5827449E-03 -1.2281375E-04 -4.3274594E-05  1.1840122E-02  0.0000000E+00
  2.0799350E+02 -7.5624589E-03 -2.1211750E-04  2.2799414E-04  1.0237882E-02  0.0000000E+00
  2.0799350E+02 -9.5465373E-03 -2.8880183E-04  6.2911941E-04  9.0300305E-03  0.0000000E+00
  2.0799350E+02 -1.1473770E-02 -3.2543036E-04  9.5188353E-04  8.1884346E-03  0.0000000E+00
  2.0799350E+02 -1.3219143E-02 -2.8844313E-04  1.0543488E-03  7.6774224E-03  0.0000000E+00
  2.0799350E+02 -1.4680457E-02 -2.0606061E-04  9.3415278E-04  7.4691497E-03  0.0000000E+00
  2.0799350E+02 -1.5795523E-02 -1.1672008E-04  7.3222360E-04  7.5430748E-03  0.0000000E+00
  2.0799350E+02 -1.6536018E-02 -2.5717530E-05  6.1584293E-04  7.8728653E-03  0.0000000E+00
  2.0799350E+02 -1.6909386E-02  8.9993207E-05  6.3757598E-04  8.4200466E-03  0.0000000E+00
  2.0799350E+02 -1.6966418E-02  2.2007923E-04  7.0394548E-04  9.1332479E-03  0.0000000E+00
  2.0799350E+02 -1.6772970E-02  2.3890381E-04  7.4127927E-04  9.9615139E-03  0.0000000E+00
  2.0799350E+02 -1.6379638E-02  1.4827225E-04  7.9411229E-04  1.0871092E-02  0.0000000E+00
  2.0799350E+02 -1.5752550E-02  7.8227465E-05  9.3688085E-04  1.1815708E-02  0.0000000E+00
  2.0799350E+02 -1.4900692E-02  4.8822163E-05  1.1372991E-03  1.2744276E-02  0.0000000E+00
  2.0799350E+02 -1.3902685E-02  2.3458901E-05  1.3468817E-03  1.3605629E-02  0.0000000E+00
  2.0799350E+02 -1.2854674E-02 -2.5124918E-05  1.5307067E-03  1.4361270E-02  0.0000000E+00
  2.0799350E+02 -1.1840338E-02 -9.2584373E-05  1.6642888E-03  1.4987167E-02  0.0000000E+00
  2.0799350E+02 -1.0917254E-02 -1.5026024E-04  1.7182498E-03  1.5470707E-02  0.0000000E+00
  2.0799350E+02 -1.0115058E-02 -1.6766359E-04  1.6512175E-03  1.5806692E-02  0.0000000E+00
  2.0799350E+02 -9.4406923E-03 -1.3580823E-04  1.4314153E-03  1.5996638E-02  0.0000000E+00
  2.0799350E+02 -8.8860302E-03 -7.7047286E-05  1.1074060E-03  1.6055569E-02  0.0000000E+00
  2.0799350E+02 -8.4471107E-03 -3.0944977E-05  8.5073386E-04  1.6006090E-02  0.0000000E+00
  2.0799350E+02 -8.1219573E-03  1.8702920E-05  6.4691277E-04  1.5865047E-02  0.0000000E+00
  2.0799350E+02 -7.8728073E-03  7.7536232E-05  4.9903006E-04  1.5653434E-02  0.0000000E+00
  2.0799350E+02 -7.6852591E-03  1.3071608E-04  4.1175644E-04  1.5391025E-02  0.0000000E+00
  2.0799350E+02 -7.5531523E-03  1.6343637E-04  3.7800897E-04  1.5095141E-02  0.0000000E+00
  2.0799350E+02 -7.4707330E-03  1.6773549E-04  3.8021932E-04  1.4779097E-02  0.0000000E+00
  2.0799350E+02 -7.4279458E-03  1.4464088E-04  3.9459814E-04  1.4451502E-02  0.0000000E+00
  2.0799350E+02 -7.4102230E-03  1.0258715E-04  3.9788161E-04  1.4117450E-02  0.0000000E+00
  2.0799350E+02 -7.4010242E-03  5.3717797E-05  3.7408527E-04  1.3780452E-02  0.0000000E+00
  2.0799350E+02 -7.3858447E-03  9.5879398E-06  3.1908235E-04  1.3444223E-02  0.0000000E+00
  2.0799350E+02 -7.3564119E-03 -2.2214346E-05  2.4082403E-04  1.3113475E-02  0.0000000E+00
  2.0799350E+02 -7.3137901E-03 -3.9010716E-05  1.5301901E-04  1.2792837E-02  0.0000000E+00
  2.0799350E+02 -7.2691114E-03 -4.0021688E-05  6.0089602E-05  1.2483041E-02  0.0000000E+00
  2.0799350E+02 -7.2306903E-03 -2.1580973E-05 -6.3122513E-05  1.2177960E-02  0.0000000E+00
  2.0799350E+02 -7.1864944E-03  8.0722971E-06 -1.9014147E-04  1.1874600E-02  0.0000000E+00
  2.0799350E+02 -7.1360248E-03  3.5311934E-05 -2.9207036E-04  1.1573588E-02  0.0000000E+00
  2.0799350E+02 -7.0763393E-03  5.6590519E-05 -3.6751750E-04  1.1277915E-02  0.0000000E+00
  2.0799350E+02 -7.0050582E-03  7.3493678E-05 -4.2234410E-04  1.0989937E-02  0.0000000E+00
  2.0799350E+02 -6.9204155E-03  8.8045593E-05 -4.6238673E-04  1.0710912E-02  0.0000000E+00
  2.0799350E+02 -6.8215725E-03  1.0054907E-04 -4.9036589E-04  1.0440961E-02  0.0000000E+00
  2.0799350E+02 -6.7090377E-03  1.0931679E-04 -5.0584839E-04  1.0179323E-02  0.0000000E+00
  2.0799350E+02 -6.5850325E-03  1.1165029E-04 -5.0713064E-04  9.9248028E-03  0.0000000E+00
  2.0799350E+02 -6.4536472E-03  1.0542338E-04 -4.9391061E-04  9.6762839E-03  0.0000000E+00
  2.0799350E+02 -6.3206264E-03  9.0626515E-05 -4.6961556E-04  9.4331901E-03  0.0000000E+00
  2.0799350E+02 -6.1926281E-03  7.0228835E-05 -4.4225316E-04  9.1957829E-03  0.0000000E+00
  2.0799350E+02 -6.0757963E-03  4.9714339E-05 -4.2265335E-04  8.9651752E-03  0.0000000E+00
  2.0799350E+02 -5.9734908E-03  3.4648952E-05 -4.1896838E-04  8.7429436E-03  0.0000000E+00
  2.0799350E+02 -5.8830143E-03  2.5635010E-05 -4.2629839E-04  8.5302229E-03  0.0000000E+00
  2.0799350E+02 -5.7947352E-03  2.0211858E-05 -4.2384936E-04  8.3267806E-03  0.0000000E+00
  2.0799350E+02 -5.7093880E-03  1.3598134E-05 -4.0820144E-04  8.1354365E-03  0.0000000E+00
  2.0799350E+02 -5.6213916E-03  8.1325120E-06 -3.7219049E-04  7.9544138E-03  0.0000000E+00
  2.0799350E+02 -5.5276932E-03  7.7718351E-06 -3.2334396E-04  7.7808277E-03  0.0000000E+00
  2.0799350E+02 -5.4281782E-03  1.2217316E-05 -2.7401975E-04  7.6123334E-03  0.0000000E+00
  2.0799350E+02 -5.3242223E-03  1.9459352E-05 -2.3510441E-04  7.4473082E-03  0.0000000E+00
  2.0799350E+02 -5.2177241E-03  2.7417443E-05 -2.1273463E-04  7.2848611E-03  0.0000000E+00
  2.0799350E+02 -5.1105324E-03  3.4828388E-05 -2.0741580E-04  7.1247129E-03  0.0000000E+00
  2.0799350E+02 -5.0041820E-03  4.1535928E-05 -2.1491202E-04  6.9669930E-03  0.0000000E+00
  2.0799350E+02 -4.8998539E-03  4.8334983E-05 -2.2828147E-04  6.8119971E-03  0.0000000E+00
  2.0799350E+02 -4.7983079E-03  5.6539063E-05 -2.4044736E-04  6.6597019E-03  0.0000000E+00
  2.0799350E+02 -4.7006967E-03  6.7336660E-05 -2.4657106E-04  6.5105769E-03  0.0000000E+00
  2.0799350E+02 -4.6076759E-03  8.1295757E-05 -2.4590194E-04  6.3639881E-03  0.0000000E+00
  2.0799350E+02 -4.5200765E-03  9.7909433E-05 -2.4203819E-04  6.2192564E-03  0.0000000E+00
  2.0799350E+02 -4.4385257E-03  1.1552327E-04 -2.4132020E-04  6.0756374E-03  0.0000000E+00
  2.0799350E+02 -4.3629477E-03  1.3172463E-04 -2.4859015E-04  5.9327859E-03  0.0000000E+00
  2.0799350E+02 -4.2915517E-03  1.4316432E-04 -2.5909071E-04  5.7910640E-03  0.0000000E+00
  2.0799350E+02 -4.2213637E-03  1.5219045E-04 -2.6567959E-04  5.6507284E-03  0.0000000E+00
  2.0799350E+02 -4.1523238E-03  1.6146201E-04 -2.6905466E-04  5.5132624E-03  0.0000000E+00
  2.0799350E+02 -4.0830048E-03  1.6802587E-04 -2.6825308E-04  5.3790428E-03  0.0000000E+00
  2.0799350E+02 -4.0114294E-03  1.7044162E-04 -2.6409210E-04  5.2482814E-03  0.0000000E+00
  2.0799350E+02 -3.9360412E-03  1.6848071E-04 -2.5818285E-04  5.1211573E-03  0.0000000E+00
  2.0799350E+02 -3.8561782E-03  1.6278579E-04 -2.5228103E-04  4.9979026E-03  0.0000000E+00
  2.0799350E+02 -3.7721562E-03  1.5451562E-04 -2.4791043E-04  4.8788467E-03  0.0000000E+00
  2.0799350E+02 -3.6850666E-03  1.4500104E-04 -2.4619591E-04  4.7644260E-03  0.0000000E+00
  2.0799350E+02 -3.5963946E-03  1.3543745E-04 -2.4784187E-04  4.6551636E-03  0.0000000E+00
  2.0799350E+02 -3.5075627E-03  1.2663926E-04 -2.5319259E-04  4.5516254E-03  0.0000000E+00
  2.0799350E+02 -3.4195046E-03  1.1888161E-04 -2.6231084E-04  4.4543584E-03  0.0000000E+00
  2.0799350E+02 -3.3323762E-03  1.1185509E-04 -2.7501077E-04  4.3638158E-03  0.0000000E+00
  2.0799350E+02 -3.2455077E-03  1.0475855E-04 -2.9078165E-04  4.2802766E-03  0.0000000E+00
  2.0799350E+02 -3.1577029E-03  9.6555813E-05 -3.0853861E-04  4.2037632E-03  0.0000000E+00
  2.0799350E+02 -3.0679907E-03  8.6421397E-05 -3.2613666E-04  4.1339647E-03  0.0000000E+00
  2.0799350E+02 -2.9769354E-03  7.4400928E-05 -3.3958428E-04  4.0701698E-03  0.0000000E+00
  2.0799350E+02 -2.8869517E-03  6.2358561E-05 -3.4489986E-04  4.0118235E-03  0.0000000E+00
  2.0799350E+02 -2.7983032E-03  5.1363518E-05 -3.4424518E-04  3.9582455E-03  0.0000000E+00
  2.0799350E+02 -2.7099392E-03  4.0919660E-05 -3.3770649E-04  3.9070422E-03  0.0000000E+00
  2.0799350E+02 -2.6206088E-03  3.0978255E-05 -3.2891724E-04  3.8570670E-03  0.0000000E+00
  2.0799350E+02 -2.5304496E-03  2.1489749E-05 -3.2102578E-04  3.8075757E-03  0.0000000E+00
  2.0799350E+02 -2.4401630E-03  1.2428603E-05 -3.1611145E-04  3.7581157E-03  0.0000000E+00
  2.0799350E+02 -2.3504716E-03  3.8195733E-06 -3.1493514E-04  3.7084351E-03  0.0000000E+00
  2.0799350E+02 -2.2618112E-03 -4.2393446E-06 -3.1696080E-04  3.6584104E-03  0.0000000E+00
  2.0799350E+02 -2.1742150E-03 -1.1562092E-05 -3.2058426E-04  3.6079930E-03  0.0000000E+00
  2.0799350E+02 -2.0873414E-03 -1.7872621E-05 -3.2350572E-04  3.5571743E-03  0.0000000E+00
  2.0799350E+02 -2.0006023E-03 -2.2820660E-05 -3.2318231E-04  3.5059689E-03  0.0000000E+00
  2.0799350E+02 -1.9133446E-03 -2.6019932E-05 -3.1729725E-04  3.4544161E-03  0.0000000E+00
  2.0799350E+02 -1.8250412E-03 -2.7113638E-05 -3.0418175E-04  3.4025995E-03  0.0000000E+00
  2.0799350E+02  0.0000000E+00  0.0000000E+00  0.0000000E+00  6.9126948E-02  0.0000000E+00
  2.0799350E+02  8.4488143E-04 -1.1762021E-06 -8.6196608E-06  6.9128257E-02  0.0000000E+00
  2.0799350E+02  2.3760340E-04  4.8974369E-05  3.1221322E-04  6.7696805E-02  0.0000000E+00
  2.0799350E+02 -1.8465630E-03  1.0804005E-04  5.6897480E-04  6.4881299E-02  0.0000000E+00
  2.0799350E+02 -4.3474239E-03  1.7484336E-04  5.8518617E-04  6.1473893E-02  0.0000000E+00
  2.0799350E+02 -6.8540881E-03  2.3320956E-04  4.7643598E-04  5.8049837E-02  0.0000000E+00
  2.0799350E+02 -9.2072833E-03  2.6844628E-04  3.2787236E-04  5.4906615E-02  0.0000000E+00
  2.0799350E+02 -1.1283157E-02  2.9118411E-04  2.8405506E-04  5.2178648E-02  0.0000000E+00
  2.0799350E+02 -1.3001957E-02  3.2465490E-04  4.0777610E-04  4.9901868E-02  0.0000000E+00
  2.0799350E+02 -1.4363310E-02  3.8738546E-04  5.4704177E-04  4.8049251E-02  0.0000000E+00
  2.0799350E+02 -1.5430005E-02  4.5678662E-04  6.3045456E-04  4.6590848E-02  0.0000000E+00
  2.0799350E+02 -1.6228362E-02  4.9080920E-04  6.8035210E-04  4.5461318E-02  0.0000000E+00
  2.0799350E+02 -1.6738698E-02  4.6637732E-04  7.4969465E-04  4.4578626E-02  0.0000000E+00
  2.0799350E+02 -1.6946685E-02  3.9900988E-04  8.5815420E-04  4.3889037E-02  0.0000000E+00
  2.0799350E+02 -1.6887371E-02  3.2557013E-04  9.5300205E-04  4.3378893E-02  0.0000000E+00
  2.0799350E+02 -1.6609937E-02  2.4829940E-04  9.3448424E-04  4.3017379E-02  0.0000000E+00
  2.0799350E+02 -1.6148193E-02  1.4166269E-04  7.2202844E-04  4.2761704E-02  0.0000000E+00
  2.0799350E+02 -1.5513273E-02  8.2171850E-05  4.5341300E-04  4.2551678E-02  0.0000000E+00
  2.0799350E+02 -1.4774229E-02  8.6462705E-05  3.2478512E-04  4.2312556E-02  0.0000000E+00
  2.0799350E+02 -1.4010386E-02  1.2057381E-04  4.1946765E-04  4.1981105E-02  0.0000000E+00
  2.0799350E+02 -1.3259304E-02  1.4714777E-04  6.8988918E-04  4.1530223E-02  0.0000000E+00
  2.0799350E+02 -1.2523658E-02  1.4771123E-04  1.0030244E-03  4.0970082E-02  0.0000000E+00
  2.0799350E+02 -1.1792035E-02  1.2712104E-04  1.2181867E-03  4.0329000E-02  0.0000000E+00
  2.0799350E+02 -1.1064753E-02  1.0432931E-04  1.2625929E-03  3.9627539E-02  0.0000000E+00
  2.0799350E+02 -1.0374354E-02  9.5961797E-05  1.1652032E-03  3.8871893E-02  0.0000000E+00
  2.0799350E+02 -9.7576973E-03  9.7268766E-05  1.0222024E-03  3.8059398E-02  0.0000000E+00
  2.0799350E+02 -9.2091383E-03  8.8248983E-05  8.8709879E-04  3.7182933E-02  0.0000000E+00
  2.0799350E+02 -8.7620235E-03  6.0976560E-05  7.9918982E-04  3.6260956E-02  0.0000000E+00
  2.0799350E+02 -8.4046117E-03  3.6040033E-05  7.0971398E-04  3.5288588E-02  0.0000000E+00
  2.0799350E+02 -8.1280826E-03  2.3065550E-05  5.9325118E-04  3.4271907E-02  0.0000000E+00
  2.0799350E+02 -7.9229859E-03  2.1098596E-05  4.5219922E-04  3.3227472E-02  0.0000000E+00
  2.0799350E+02 -7.7759402E-03  2.6320251E-05  3.0434993E-04  3.2168472E-02  0.0000000E+00
  2.0799350E+02 -7.6718279E-03  3.5377372E-05  1.7328994E-04  3.1111083E-02  0.0000000E+00
  2.0799350E+02 -7.5945279E-03  4.5765772E-05  7.8049449E-05  3.0068077E-02  0.0000000E+00
  2.0799350E+02 -7.5296754E-03  5.4893593E-05  2.5707469E-05  2.9044169E-02  0.0000000E+00
  2.0799350E+02 -7.4678209E-03  5.8957951E-05  8.7997249E-06  2.8047522E-02  0.0000000E+00
  2.0799350E+02 -7.4048687E-03  5.3481521E-05  5.5052939E-06  2.7084658E-02  0.0000000E+00
  2.0799350E+02 -7.3399381E-03  3.6598053E-05 -1.3796403E-05  2.6154187E-02  0.0000000E+00
  2.0799350E+02 -7.2702565E-03  1.6820777E-05 -7.3793475E-05  2.5251592E-02  0.0000000E+00
  2.0799350E+02 -7.1886237E-03  1.0908845E-05 -1.7198966E-04  2.4375619E-02  0.0000000E+00
  2.0799350E+02 -7.0998379E-03  1.8080552E-05 -2.8186503E-04  2.3524272E-02  0.0000000E+00
  2.0799350E+02 -7.0124770E-03  3.4888355E-05 -3.7006258E-04  2.2698167E-02  0.0000000E+00
  2.0799350E+02 -6.9270013E-03  5.4234658E-05 -4.2573223E-04  2.1899328E-02  0.0000000E+00
  2.0799350E+02 -6.8390490E-03  7.2195826E-05 -4.5257686E-04  2.1128717E-02  0.0000000E+00
  2.0799350E+02 -6.7444550E-03  8.6762377E-05 -4.5908879E-04  2.0385632E-02  0.0000000E+00
  2.0799350E+02 -6.6414916E-03  9.6997650E-05 -4.5273955E-04  1.9666225E-02  0.0000000E+00
  2.0799350E+02 -6.5324392E-03  1.0235256E-04 -4.3794131E-04  1.8971661E-02  0.0000000E+00
  2.0799350E+02 -6.4222744E-03  1.0253804E-04 -4.1667799E-04  1.8304018E-02  0.0000000E+00
  2.0799350E+02 -6.3162942E-03  9.7482381E-05 -3.9025344E-04  1.7662424E-02  0.0000000E+00
  2.0799350E+02 -6.2191376E-03  8.7479387E-05 -3.6169844E-04  1.7048880E-02  0.0000000E+00
  2.0799350E+02 -6.1323747E-03  7.3461619E-05 -3.3700121E-04  1.6464110E-02  0.0000000E+00
  2.0799350E+02 -6.0532257E-03  5.7146256E-05 -3.2431243E-04  1.5904890E-02  0.0000000E+00
  2.0799350E+02 -5.9761359E-03  4.1399424E-05 -3.3040446E-04  1.5371827E-02  0.0000000E+00
  2.0799350E+02 -5.8943501E-03  3.0109471E-05 -3.5253926E-04  1.4864407E-02  0.0000000E+00
  2.0799350E+02 -5.8108531E-03  2.8293500E-05 -3.7407480E-04  1.4382272E-02  0.0000000E+00
  2.0799350E+02 -5.7251833E-03  2.5521387E-05 -3.7856595E-04  1.3924056E-02  0.0000000E+00
  2.0799350E+02 -5.6326446E-03  2.4999817E-05 -3.6747346E-04  1.3488167E-02  0.0000000E+00
  2.0799350E+02 -5.5336982E-03  2.9282404E-05 -3.4945425E-04  1.3071234E-02  0.0000000E+00
  2.0799350E+02 -5.4291424E-03  3.7089651E-05 -3.3121944E-04  1.2671465E-02  0.0000000E+00
  2.0799350E+02 -5.3198883E-03  4.5913085E-05 -3.1630693E-04  1.2286108E-02  0.0000000E+00
  2.0799350E+02 -5.2080100E-03  5.3520111E-05 -3.0528005E-04  1.1914945E-02  0.0000000E+00
  2.0799350E+02 -5.0959975E-03  5.8803529E-05 -2.9639379E-04  1.1557854E-02  0.0000000E+00
  2.0799350E+02 -4.9857898E-03  6.1987192E-05 -2.8681739E-04  1.1212921E-02  0.0000000E+00
  2.0799350E+02 -4.8794686E-03  6.4307715E-05 -2.7410829E-04  1.0879922E-02  0.0000000E+00
  2.0799350E+02 -4.7782956E-03  6.7494953E-05 -2.5741287E-04  1.0558433E-02  0.0000000E+00
  2.0799350E+02 -4.6820155E-03  7.3111397E-05 -2.3810901E-04  1.0246365E-02  0.0000000E+00
  2.0799350E+02 -4.5900565E-03  8.1881477E-05 -2.1995730E-04  9.9437423E-03  0.0000000E+00
  2.0799350E+02 -4.5006376E-03  9.3359640E-05 -2.0772253E-04  9.6486343E-03  0.0000000E+00
  2.0799350E+02 -4.4127113E-03  1.0580282E-04 -2.0481990E-04  9.3607805E-03  0.0000000E+00
  2.0799350E+02 -4.3269008E-03  1.1671826E-04 -2.0886572E-04  9.0800429E-03  0.0000000E+00
  2.0799350E+02 -4.2465508E-03  1.2385676E-04 -2.0799823E-04  8.8057651E-03  0.0000000E+00
  2.0799350E+02 -4.1681767E-03  1.3014601E-04 -2.0616014E-04  8.5390395E-03  0.0000000E+00
  2.0799350E+02 -4.0900604E-03  1.3933704E-04 -2.0888059E-04  8.2800016E-03  0.0000000E+00
  2.0799350E+02 -4.0115466E-03  1.5008247E-04 -2.1693986E-04  8.0291163E-03  0.0000000E+00
  2.0799350E+02 -3.9317534E-03  1.5979731E-04 -2.2838021E-04  7.7872298E-03  0.0000000E+00
  2.0799350E+02 -3.8499841E-03  1.6613650E-04 -2.4052600E-04  7.5547233E-03  0.0000000E+00
  2.0799350E+02 -3.7657048E-03  1.6777076E-04 -2.5132271E-04  7.3307554E-03  0.0000000E+00
  2.0799350E+02 -3.6795871E-03  1.6454710E-04 -2.5980901E-04  7.1161261E-03  0.0000000E+00
  2.0799350E+02 -3.5922417E-03  1.5733365E-04 -2.6635121E-04  6.9103640E-03  0.0000000E+00
  2.0799350E+02 -3.5049221E-03  1.4760940E-04 -2.7225611E-04  6.7142425E-03  0.0000000E+00
  2.0799350E+02 -3.4187389E-03  1.3692151E-04 -2.7928594E-04  6.5285428E-03  0.0000000E+00
  2.0799350E+02 -3.3338955E-03  1.2629242E-04 -2.8904137E-04  6.3530692E-03  0.0000000E+00
  2.0799350E+02 -3.2503250E-03  1.1597229E-04 -3.0226088E-04  6.1883679E-03  0.0000000E+00
  2.0799350E+02 -3.1672145E-03  1.0533189E-04 -3.1834584E-04  6.0345980E-03  0.0000000E+00
  2.0799350E+02 -3.0828368E-03  9.3199756E-05 -3.3525556E-04  5.8907673E-03  0.0000000E+00
  2.0799350E+02 -2.9959746E-03  7.8939373E-05 -3.4954324E-04  5.7562682E-03  0.0000000E+00
  2.0799350E+02 -2.9065614E-03  6.4101873E-05 -3.5720094E-04  5.6301395E-03  0.0000000E+00
  2.0799350E+02 -2.8158023E-03  5.2960320E-05 -3.5806750E-04  5.5109951E-03  0.0000000E+00
  2.0799350E+02 -2.7249823E-03  4.2216491E-05 -3.5579943E-04  5.3984696E-03  0.0000000E+00
  2.0799350E+02 -2.6352031E-03  3.1960988E-05 -3.4857700E-04  5.2904272E-03  0.0000000E+00
  2.0799350E+02 -2.5466946E-03  2.2446176E-05 -3.3909107E-04  5.1860635E-03  0.0000000E+00
  2.0799350E+02 -2.4594520E-03  1.3630261E-05 -3.2966436E-04  5.0848892E-03  0.0000000E+00
  2.0799350E+02 -2.3729233E-03  5.3287307E-06 -3.2176982E-04  4.9860665E-03  0.0000000E+00
  2.0799350E+02 -2.2869552E-03 -2.5639212E-06 -3.1596322E-04  4.8893134E-03  0.0000000E+00
  2.0799350E+02 -2.2013959E-03 -1.0038897E-05 -3.1185834E-04  4.7943398E-03  0.0000000E+00
  2.0799350E+02 -2.1156912E-03 -1.6969883E-05 -3.0830726E-04  4.7003960E-03  0.0000000E+00
  2.0799350E+02 -2.0297456E-03 -2.3040353E-05 -3.0372673E-04  4.6072631E-03  0.0000000E+00
  2.0799350E+02 -1.9434964E-03 -2.7824062E-05 -2.9642388E-04  4.5148340E-03  0.0000000E+00
  2.0799350E+02 -1.8564850E-03 -3.0867049E-05 -2.8489021E-04  4.4227242E-03  0.0000000E+00
  2.0799350E+02 -1.7687344E-03 -3.1726092E-05 -2.6815962E-04  4.3312526E-03  0.0000000E+00
  2.0799350E+02  1.6683795E-09 -7.6564660E-11 -3.1712631E-10  9.7324269E-02  0.0000000E+00
  2.0799350E+02  1.6900899E-03  1.2903129E-04  3.6208337E-04  9.6753201E-02  0.0000000E+00
  2.0799350E+02  1.9355872E-03  2.6462804E-04  7.7891172E-04  9.4615410E-02  0.0000000E+00
  2.0799350E+02  4.9558553E-05  2.3396225E-04  9.0768367E-04  9.0834589E-02  0.0000000E+00
  2.0799350E+02 -2.5605871E-03  1.1709641E-04  8.5637765E-04  8.6234843E-02  0.0000000E+00
  2.0799350E+02 -5.2387127E-03  5.9313454E-06  7.7179868E-04  8.1451156E-02  0.0000000E+00
  2.0799350E+02 -7.7368823E-03 -5.5664835E-05  7.8897740E-04  7.6850543E-02  0.0000000E+00
  2.0799350E+02 -9.9607397E-03 -6.6667575E-05  8.7207939E-04  7.2621932E-02  0.0000000E+00
  2.0799350E+02 -1.1852219E-02 -6.9791766E-05  9.3551986E-04  6.8840192E-02  0.0000000E+00
  2.0799350E+02 -1.3360417E-02 -7.1684987E-05  1.0234433E-03  6.5522086E-02  0.0000000E+00
  2.0799350E+02 -1.4501362E-02 -5.0187918E-05  1.1487032E-03  6.2641641E-02  0.0000000E+00
  2.0799350E+02 -1.5300386E-02 -6.2052553E-06  1.2522565E-03  6.0159187E-02  0.0000000E+00
  2.0799350E+02 -1.5780259E-02  3.6959246E-05  1.2683680E-03  5.8030698E-02  0.0000000E+00
  2.0799350E+02 -1.5974918E-02  6.1368822E-05  1.1982864E-03  5.6192497E-02  0.0000000E+00
  2.0799350E+02 -1.5928608E-02  6.7875361E-05  1.1076895E-03  5.4565537E-02  0.0000000E+00
  2.0799350E+02 -1.5663175E-02  3.8633123E-05  1.0265075E-03  5.3064076E-02  0.0000000E+00
  2.0799350E+02 -1.5197183E-02  4.4331367E-05  9.3977831E-04  5.1638610E-02  0.0000000E+00
  2.0799350E+02 -1.4594839E-02  7.2758180E-05  9.0645213E-04  5.0248980E-02  0.0000000E+00
  2.0799350E+02 -1.3920251E-02  9.5384290E-05  9.3145014E-04  4.8862834E-02  0.0000000E+00
  2.0799350E+02 -1.3223496E-02  1.0986133E-04  9.7425380E-04  4.7470361E-02  0.0000000E+00
  2.0799350E+02 -1.2536001E-02  1.2179169E-04  1.0111818E-03  4.6069435E-02  0.0000000E+00
  2.0799350E+02 -1.1876644E-02  1.3325158E-04  1.0432017E-03  4.4666160E-02  0.0000000E+00
  2.0799350E+02 -1.1253323E-02  1.3849219E-04  1.0748994E-03  4.3262074E-02  0.0000000E+00
  2.0799350E+02 -1.0674954E-02  1.2640108E-04  1.0899226E-03  4.1866145E-02  0.0000000E+00
  2.0799350E+02 -1.0148646E-02  9.0121087E-05  1.0498632E-03  4.0483510E-02  0.0000000E+00
  2.0799350E+02 -9.6763490E-03  4.3472903E-05  9.4181949E-04  3.9116685E-02  0.0000000E+00
  2.0799350E+02 -9.2487061E-03  2.5732501E-05  8.3222439E-04  3.7767228E-02  0.0000000E+00
  2.0799350E+02 -8.8765760E-03  2.5453962E-05  7.3973116E-04  3.6418569E-02  0.0000000E+00
  2.0799350E+02 -8.5536762E-03  1.6939124E-05  6.2743014E-04  3.5077685E-02  0.0000000E+00
  2.0799350E+02 -8.2807225E-03  1.2154276E-06  4.8382188E-04  3.3750356E-02  0.0000000E+00
  2.0799350E+02 -8.0586823E-03 -1.0522126E-05  3.2143244E-04  3.2442030E-02  0.0000000E+00
  2.0799350E+02 -7.8823129E-03 -9.0373822E-06  1.6130907E-04  3.1161020E-02  0.0000000E+00
  2.0799350E+02 -7.7386441E-03  8.0956530E-06  2.1210152E-05  2.9909700E-02  0.0000000E+00
  2.0799350E+02 -7.6124053E-03  3.6692588E-05 -8.8800780E-05  2.8696767E-02  0.0000000E+00
  2.0799350E+02 -7.4902216E-03  6.9130547E-05 -1.6936771E-04  2.7527333E-02  0.0000000E+00
  2.0799350E+02 -7.3659402E-03  9.8433782E-05 -2.2961889E-04  2.6404147E-02  0.0000000E+00
  2.0799350E+02 -7.2430904E-03  1.2107886E-04 -2.8172490E-04  2.5328996E-02  0.0000000E+00
  2.0799350E+02 -7.1313003E-03  1.3662317E-04 -3.3289241E-04  2.4296080E-02  0.0000000E+00
  2.0799350E+02 -7.0375869E-03  1.4150428E-04 -3.7390870E-04  2.3305080E-02  0.0000000E+00
  2.0799350E+02 -6.9505937E-03  1.2854141E-04 -3.8694835E-04  2.2351349E-02  0.0000000E+00
  2.0799350E+02 -6.8615150E-03  1.1994658E-04 -4.1753145E-04  2.1433803E-02  0.0000000E+00
  2.0799350E+02 -6.7663581E-03  1.1960212E-04 -4.4455094E-04  2.0554845E-02  0.0000000E+00
  2.0799350E+02 -6.6663580E-03  1.2310230E-04 -4.5184038E-04  1.9709365E-02  0.0000000E+00
  2.0799350E+02 -6.5658558E-03  1.2391689E-04 -4.3559732E-04  1.8898391E-02  0.0000000E+00
  2.0799350E+02 -6.4686866E-03  1.1772128E-04 -4.0006639E-04  1.8122042E-02  0.0000000E+00
  2.0799350E+02 -6.3768967E-03  1.0404095E-04 -3.5373219E-04  1.7380459E-02  0.0000000E+00
  2.0799350E+02 -6.2906153E-03  8.5931915E-05 -3.0641896E-04  1.6674716E-02  0.0000000E+00
  2.0799350E+02 -6.2080062E-03  6.8226433E-05 -2.6673293E-04  1.6002030E-02  0.0000000E+00
  2.0799350E+02 -6.1271059E-03  5.5561505E-05 -2.4104822E-04  1.5363073E-02  0.0000000E+00
  2.0799350E+02 -6.0462531E-03  5.0250159E-05 -2.3232467E-04  1.4757233E-02  0.0000000E+00
  2.0799350E+02 -5.9650992E-03  5.1186576E-05 -2.3997150E-04  1.4184881E-02  0.0000000E+00
  2.0799350E+02 -5.8841022E-03  5.4353065E-05 -2.6035525E-04  1.3643449E-02  0.0000000E+00
  2.0799350E+02 -5.8043686E-03  5.5605635E-05 -2.8772030E-04  1.3132964E-02  0.0000000E+00
  2.0799350E+02 -5.7247025E-03  5.6524284E-05 -3.1578073E-04  1.2651438E-02  0.0000000E+00
  2.0799350E+02 -5.6432085E-03  6.3525602E-05 -3.4467413E-04  1.2195572E-02  0.0000000E+00
  2.0799350E+02 -5.5560449E-03  6.6208606E-05 -3.6916880E-04  1.1763819E-02  0.0000000E+00
  2.0799350E+02 -5.4601121E-03  6.7694400E-05 -3.8419519E-04  1.1352672E-02  0.0000000E+00
  2.0799350E+02 -5.3574506E-03  6.9090064E-05 -3.8870108E-04  1.0961781E-02  0.0000000E+00
  2.0799350E+02 -5.2503031E-03  7.0739661E-05 -3.8193708E-04  1.0590288E-02  0.0000000E+00
  2.0799350E+02 -5.1410361E-03  7.2751494E-05 -3.6448349E-04  1.0237177E-02  0.0000000E+00
  2.0799350E+02 -5.0320817E-03  7.5257307E-05 -3.3858945E-04  9.9016567E-03  0.0000000E+00
  2.0799350E+02 -4.9249564E-03  7.8490302E-05 -3.0768058E-04  9.5809206E-03  0.0000000E+00
  2.0799350E+02 -4.8211770E-03  8.2683004E-05 -2.7594352E-04  9.2737081E-03  0.0000000E+00
  2.0799350E+02 -4.7213754E-03  8.7934693E-05 -2.4727540E-04  8.9782056E-03  0.0000000E+00
  2.0799350E+02 -4.6254414E-03  9.4054127E-05 -2.2444371E-04  8.6928595E-03  0.0000000E+00
  2.0799350E+02 -4.5327609E-03  1.0045660E-04 -2.0843340E-04  8.4170290E-03  0.0000000E+00
  2.0799350E+02 -4.4418266E-03  1.0624386E-04 -1.9807850E-04  8.1492168E-03  0.0000000E+00
  2.0799350E+02 -4.3516044E-03  1.1036484E-04 -1.9054767E-04  7.8898338E-03  0.0000000E+00
  2.0799350E+02 -4.2615350E-03  1.1214888E-04 -1.8234527E-04  7.6390480E-03  0.0000000E+00
  2.0799350E+02 -4.1725766E-03  1.1210973E-04 -1.7146140E-04  7.3967445E-03  0.0000000E+00
  2.0799350E+02 -4.0883179E-03  1.1271187E-04 -1.6291901E-04  7.1624133E-03  0.0000000E+00
  2.0799350E+02 -4.0050619E-03  1.1647180E-04 -1.6645986E-04  6.9357015E-03  0.0000000E+00
  2.0799350E+02 -3.9212140E-03  1.2366002E-04 -1.7951526E-04  6.7176992E-03  0.0000000E+00
  2.0799350E+02 -3.8372261E-03  1.3208776E-04 -1.9994971E-04  6.5088354E-03  0.0000000E+00
  2.0799350E+02 -3.7526923E-03  1.3940070E-04 -2.2292455E-04  6.3091810E-03  0.0000000E+00
  2.0799350E+02 -3.6673449E-03  1.4376932E-04 -2.4393852E-04  6.1190412E-03  0.0000000E+00
  2.0799350E+02 -3.5808911E-03  1.4423561E-04 -2.6055818E-04  5.9378277E-03  0.0000000E+00
  2.0799350E+02 -3.4939711E-03  1.4069799E-04 -2.7261971E-04  5.7660537E-03  0.0000000E+00
  2.0799350E+02 -3.4074244E-03  1.3377154E-04 -2.8194810E-04  5.6039987E-03  0.0000000E+00
  2.0799350E+02 -3.3222796E-03  1.2448874E-04 -2.9131776E-04  5.4522118E-03  0.0000000E+00
  2.0799350E+02 -3.2388289E-03  1.1387836E-04 -3.0329610E-04  5.3103875E-03  0.0000000E+00
  2.0799350E+02 -3.1571976E-03  1.0274337E-04 -3.1900781E-04  5.1788051E-03  0.0000000E+00
  2.0799350E+02 -3.0765982E-03  9.1393922E-05 -3.3742839E-04  5.0571821E-03  0.0000000E+00
  2.0799350E+02 -2.9955508E-03  7.9651579E-05 -3.5529909E-04  4.9448883E-03  0.0000000E+00
  2.0799350E+02 -2.9124321E-03  6.7138473E-05 -3.6804740E-04  4.8411279E-03  0.0000000E+00
  2.0799350E+02 -2.8257348E-03  5.3814518E-05 -3.7211409E-04  4.7443491E-03  0.0000000E+00
  2.0799350E+02 -2.7362639E-03  4.1167640E-05 -3.6868567E-04  4.6535152E-03  0.0000000E+00
  2.0799350E+02 -2.6469242E-03  3.1086851E-05 -3.6555288E-04  4.5673063E-03  0.0000000E+00
  2.0799350E+02 -2.5582473E-03  2.1118891E-05 -3.5681432E-04  4.4850163E-03  0.0000000E+00
  2.0799350E+02 -2.4720608E-03  1.2461965E-05 -3.4690202E-04  4.4063685E-03  0.0000000E+00
  2.0799350E+02 -2.3878724E-03  4.2943434E-06 -3.3833735E-04  4.3302496E-03  0.0000000E+00
  2.0799350E+02 -2.3052070E-03 -3.6903258E-06 -3.3126320E-04  4.2562292E-03  0.0000000E+00
  2.0799350E+02 -2.2232481E-03 -1.1470320E-05 -3.2462394E-04  4.1838237E-03  0.0000000E+00
  2.0799350E+02 -2.1411769E-03 -1.8796462E-05 -3.1703324E-04  4.1125476E-03  0.0000000E+00
  2.0799350E+02 -2.0584625E-03 -2.5284863E-05 -3.0730688E-04  4.0420313E-03  0.0000000E+00
  2.0799350E+02 -1.9743988E-03 -3.0548192E-05 -2.9463616E-04  3.9715965E-03  0.0000000E+00
  2.0799350E+02 -1.8890066E-03 -3.4200952E-05 -2.7872581E-04  3.9010628E-03  0.0000000E+00
  2.0799350E+02 -1.8024832E-03 -3.5961828E-05 -2.5963748E-04  3.8303572E-03  0.0000000E+00
  2.0799350E+02 -1.7153054E-03 -3.5679759E-05 -2.3763833E-04  3.7597041E-03  0.0000000E+00
  2.0799350E+02 -1.6282916E-03 -3.3358358E-05 -2.1307606E-04  3.6897638E-03  0.0000000E+00
  2.0799350E+02  0.0000000E+00  0.0000000E+00  0.0000000E+00  5.6590535E-02  0.0000000E+00
  2.0799350E+02  2.1410423E-03  2.4670462E-04  7.7413024E-04  5.4960255E-02  0.0000000E+00
  2.0799350E+02  2.7591856E-03  4.7137932E-04  1.7059279E-03  5.2483429E-02  0.0000000E+00
  2.0799350E+02  9.9495532E-04  3.5592600E-04  2.0583997E-03  4.8842991E-02  0.0000000E+00
  2.0799350E+02 -1.4035546E-03  1.4683941E-04  2.1711394E-03  4.4516605E-02  0.0000000E+00
  2.0799350E+02 -3.8154855E-03  2.0151871E-05  2.1874661E-03  4.0013107E-02  0.0000000E+00
  2.0799350E+02 -6.0400920E-03 -1.3449484E-05  2.0988596E-03  3.5693593E-02  0.0000000E+00
  2.0799350E+02 -7.9876574E-03 -8.4615492E-06  1.9658207E-03  3.1784780E-02  0.0000000E+00
  2.0799350E+02 -9.6273420E-03 -4.3198666E-06  1.8272522E-03  2.8393551E-02  0.0000000E+00
  2.0799350E+02 -1.0930867E-02 -1.6128946E-05  1.7226582E-03  2.5535957E-02  0.0000000E+00
  2.0799350E+02 -1.1898412E-02 -1.7624235E-05  1.6239492E-03  2.3177678E-02  0.0000000E+00
  2.0799350E+02 -1.2555613E-02 -9.6360061E-06  1.5110574E-03  2.1239415E-02  0.0000000E+00
  2.0799350E+02 -1.2936093E-02 -1.8173589E-05  1.4056380E-03  1.9642807E-02  0.0000000E+00
  2.0799350E+02 -1.3086224E-02 -4.9002832E-05  1.3459894E-03  1.8316148E-02  0.0000000E+00
  2.0799350E+02 -1.3062664E-02 -6.4066499E-05  1.3372059E-03  1.7207149E-02  0.0000000E+00
  2.0799350E+02 -1.2918835E-02 -3.7060692E-05  1.3095688E-03  1.6262550E-02  0.0000000E+00
  2.0799350E+02 -1.2684128E-02  2.4614123E-05  1.2321146E-03  1.5432952E-02  0.0000000E+00
  2.0799350E+02 -1.2409507E-02  8.1766314E-05  1.1323015E-03  1.4677165E-02  0.0000000E+00
  2.0799350E+02 -1.2089567E-02  1.1999783E-04  1.0496227E-03  1.3978178E-02  0.0000000E+00
  2.0799350E+02 -1.1705695E-02  1.4473950E-04  9.9919440E-04  1.3329971E-02  0.0000000E+00
  2.0799350E+02 -1.1263664E-02  1.6544666E-04  9.6005431E-04  1.2732146E-02  0.0000000E+00
  2.0799350E+02 -1.0793054E-02  1.8644148E-04  8.9285036E-04  1.2181836E-02  0.0000000E+00
  2.0799350E+02 -1.0327418E-02  2.0352191E-04  7.6986045E-04  1.1669876E-02  0.0000000E+00
  2.0799350E+02 -9.8864097E-03  2.0609292E-04  6.0086057E-04  1.1184863E-02  0.0000000E+00
  2.0799350E+02 -9.4645470E-03  1.8510278E-04  4.3333598E-04  1.0711595E-02  0.0000000E+00
  2.0799350E+02 -9.0599861E-03  1.4588876E-04  3.1353321E-04  1.0241484E-02  0.0000000E+00
  2.0799350E+02 -8.6905581E-03  1.1878898E-04  2.2810098E-04  9.7745831E-03  0.0000000E+00
  2.0799350E+02 -8.3599584E-03  8.6333595E-05  1.7382784E-04  9.3141964E-03  0.0000000E+00
  2.0799350E+02 -8.0813049E-03  5.3445910E-05  1.5979341E-04  8.8575427E-03  0.0000000E+00
  2.0799350E+02 -7.8466751E-03  2.7955687E-05  1.6095213E-04  8.4061477E-03  0.0000000E+00
  2.0799350E+02 -7.6441412E-03  1.3793190E-05  1.4479669E-04  7.9632063E-03  0.0000000E+00
  2.0799350E+02 -7.4643452E-03  1.2681405E-05  9.2273147E-05  7.5344541E-03  0.0000000E+00
  2.0799350E+02 -7.3005205E-03  2.4555763E-05  3.8267258E-06  7.1223025E-03  0.0000000E+00
  2.0799350E+02 -7.1498894E-03  4.7659456E-05 -1.0451418E-04  6.7285701E-03  0.0000000E+00
  2.0799350E+02 -7.0119543E-03  7.8316006E-05 -2.1067178E-04  6.3538412E-03  0.0000000E+00
  2.0799350E+02 -6.8865935E-03  1.1106988E-04 -2.9727220E-04  5.9973061E-03  0.0000000E+00
  2.0799350E+02 -6.7737609E-03  1.3925255E-04 -3.5831043E-04  5.6597440E-03  0.0000000E+00
  2.0799350E+02 -6.6724559E-03  1.5730526E-04 -3.9939614E-04  5.3401069E-03  0.0000000E+00
  2.0799350E+02 -6.5842673E-03  1.6409454E-04 -4.2399907E-04  5.0379715E-03  0.0000000E+00
  2.0799350E+02 -6.5096270E-03  1.6451212E-04 -4.2345805E-04  4.7500794E-03  0.0000000E+00
  2.0799350E+02 -6.4379190E-03  1.6069483E-04 -4.0302467E-04  4.4741861E-03  0.0000000E+00
  2.0799350E+02 -6.3669390E-03  1.4871948E-04 -3.6618240E-04  4.2132376E-03  0.0000000E+00
  2.0799350E+02 -6.2949496E-03  1.2899103E-04 -3.2218111E-04  3.9678778E-03  0.0000000E+00
  2.0799350E+02 -6.2219401E-03  1.0575771E-04 -2.7802178E-04  3.7370877E-03  0.0000000E+00
  2.0799350E+02 -6.1484533E-03  8.4062692E-05 -2.3948185E-04  3.5209012E-03  0.0000000E+00
  2.0799350E+02 -6.0740254E-03  6.7640728E-05 -2.1086992E-04  3.3185587E-03  0.0000000E+00
  2.0799350E+02 -5.9975902E-03  5.8327992E-05 -1.9526340E-04  3.1303070E-03  0.0000000E+00
  2.0799350E+02 -5.9175672E-03  5.6063064E-05 -1.9419777E-04  2.9565373E-03  0.0000000E+00
  2.0799350E+02 -5.8330403E-03  5.9435295E-05 -2.0740793E-04  2.7986337E-03  0.0000000E+00
  2.0799350E+02 -5.7435670E-03  6.6431073E-05 -2.3274539E-04  2.6567207E-03  0.0000000E+00
  2.0799350E+02 -5.6501999E-03  7.5155972E-05 -2.6646848E-04  2.5305299E-03  0.0000000E+00
  2.0799350E+02 -5.5554237E-03  8.4161784E-05 -3.0397227E-04  2.4188581E-03  0.0000000E+00
  2.0799350E+02 -5.4624625E-03  9.2148447E-05 -3.4124780E-04  2.3194524E-03  0.0000000E+00
  2.0799350E+02 -5.3745692E-03  9.6660453E-05 -3.7683390E-04  2.2301238E-03  0.0000000E+00
  2.0799350E+02 -5.2880931E-03  9.4324538E-05 -4.0637301E-04  2.1502901E-03  0.0000000E+00
  2.0799350E+02 -5.2033451E-03  8.8972089E-05 -4.1555658E-04  2.0806608E-03  0.0000000E+00
  2.0799350E+02 -5.1169665E-03  8.4929063E-05 -4.0500069E-04  2.0195026E-03  0.0000000E+00
  2.0799350E+02 -5.0261898E-03  8.4834284E-05 -3.7827026E-04  1.9661466E-03  0.0000000E+00
  2.0799350E+02 -4.9312714E-03  8.9218181E-05 -3.4175340E-04  1.9193854E-03  0.0000000E+00
  2.0799350E+02 -4.8341499E-03  9.7014227E-05 -3.0234541E-04  1.8779572E-03  0.0000000E+00
  2.0799350E+02 -4.7368184E-03  1.0617232E-04 -2.6579685E-04  1.8404504E-03  0.0000000E+00
  2.0799350E+02 -4.6412241E-03  1.1425476E-04 -2.3604642E-04  1.8056669E-03  0.0000000E+00
  2.0799350E+02 -4.5478935E-03  1.1918137E-04 -2.1449292E-04  1.7723500E-03  0.0000000E+00
  2.0799350E+02 -4.4566153E-03  1.1970445E-04 -2.0042753E-04  1.7395670E-03  0.0000000E+00
  2.0799350E+02 -4.3665158E-03  1.1578840E-04 -1.9152742E-04  1.7067380E-03  0.0000000E+00
  2.0799350E+02 -4.2763032E-03  1.0870412E-04 -1.8471620E-04  1.6736419E-03  0.0000000E+00
  2.0799350E+02 -4.1853679E-03  1.0086064E-04 -1.7730067E-04  1.6406678E-03  0.0000000E+00
  2.0799350E+02 -4.0932740E-03  9.5086216E-05 -1.6812863E-04  1.6084204E-03  0.0000000E+00
  2.0799350E+02 -4.0007065E-03  9.3549138E-05 -1.5889237E-04  1.5778322E-03  0.0000000E+00
  2.0799350E+02 -3.9092574E-03  9.6058765E-05 -1.5532510E-04  1.5498465E-03  0.0000000E+00
  2.0799350E+02 -3.8206483E-03  9.9279509E-05 -1.6542211E-04  1.5246092E-03  0.0000000E+00
  2.0799350E+02 -3.7345836E-03  1.0384200E-04 -1.8340061E-04  1.5014041E-03  0.0000000E+00
  2.0799350E+02 -3.6501281E-03  1.0671843E-04 -2.0587516E-04  1.4815007E-03  0.0000000E+00
  2.0799350E+02 -3.5643893E-03  1.0741584E-04 -2.2817760E-04  1.4649155E-03  0.0000000E+00
  2.0799350E+02 -3.4772354E-03  1.0596153E-04 -2.4805666E-04  1.4522959E-03  0.0000000E+00
  2.0799350E+02 -3.3893124E-03  1.0267498E-04 -2.6520753E-04  1.4442505E-03  0.0000000E+00
  2.0799350E+02 -3.3018431E-03  9.7980555E-05 -2.8041031E-04  1.4411832E-03  0.0000000E+00
  2.0799350E+02 -3.2159327E-03  9.2284454E-05 -2.9492087E-04  1.4431356E-03  0.0000000E+00
  2.0799350E+02 -3.1320992E-03  8.5884039E-05 -3.0993273E-04  1.4498034E-03  0.0000000E+00
  2.0799350E+02 -3.0507204E-03  7.8977399E-05 -3.2602438E-04  1.4605697E-03  0.0000000E+00
  2.0799350E+02 -2.9711744E-03  7.1596868E-05 -3.4302522E-04  1.4747142E-03  0.0000000E+00
  2.0799350E+02 -2.8925812E-03  6.3687688E-05 -3.5981456E-04  1.4915236E-03  0.0000000E+00
  2.0799350E+02 -2.8137594E-03  5.5144497E-05 -3.7449834E-04  1.5104549E-03  0.0000000E+00
  2.0799350E+02 -2.7340884E-03  4.5958846E-05 -3.8470057E-04  1.5310554E-03  0.0000000E+00
  2.0799350E+02 -2.6530233E-03  3.6234731E-05 -3.8841543E-04  1.5531147E-03  0.0000000E+00
  2.0799350E+02 -2.5709890E-03  2.6366644E-05 -3.8492111E-04  1.5763443E-03  0.0000000E+00
  2.0799350E+02 -2.4894158E-03  1.7138989E-05 -3.7618669E-04  1.6000787E-03  0.0000000E+00
  2.0799350E+02 -2.4097062E-03  8.7221934E-06 -3.6541421E-04  1.6233503E-03  0.0000000E+00
  2.0799350E+02 -2.3303009E-03  9.1436115E-07 -3.5261289E-04  1.6467293E-03  0.0000000E+00
  2.0799350E+02 -2.2518774E-03 -6.6192817E-06 -3.4243640E-04  1.6691458E-03  0.0000000E+00
  2.0799350E+02 -2.1732466E-03 -1.4825592E-05 -3.3347013E-04  1.6900832E-03  0.0000000E+00
  2.0799350E+02 -2.0935764E-03 -2.3353539E-05 -3.2330426E-04  1.7090797E-03  0.0000000E+00
  2.0799350E+02 -2.0128366E-03 -3.1223029E-05 -3.0987663E-04  1.7256907E-03  0.0000000E+00
  2.0799350E+02 -1.9308699E-03 -3.7427174E-05 -2.9202806E-04  1.7397439E-03  0.0000000E+00
  2.0799350E+02 -1.8478769E-03 -4.1191017E-05 -2.6973923E-04  1.7512212E-03  0.0000000E+00
  2.0799350E+02 -1.7640708E-03 -4.2146146E-05 -2.4388672E-04  1.7603024E-03  0.0000000E+00
  2.0799350E+02 -1.6802137E-03 -4.0361523E-05 -2.1602812E-04  1.7672801E-03  0.0000000E+00
  2.0799350E+02 -1.5966789E-03 -3.6287442E-05 -1.8762892E-04  1.7726153E-03  0.0000000E+00
  2.0799350E+02 -1.5139770E-03 -3.0610457E-05 -1.5978079E-04  1.7768246E-03  0.0000000E+00
  2.0799350E+02 -1.4323928E-03 -2.4076079E-05 -1.3281964E-04  1.7804579E-03  0.0000000E+00
  2.0799350E+02  5.3239743E-09  4.6015182E-10  2.1224561E-09 -3.0473513E-02  0.0000000E+00
  2.0799350E+02  1.5437053E-03  1.3388924E-04  9.8883595E-04 -3.1188717E-02  0.0000000E+00
  2.0799350E+02  1.8894618E-03  1.9842872E-04  2.2723375E-03 -3.1488065E-02  0.0000000E+00
  2.0799350E+02  4.6247322E-04  1.3428064E-04  2.6807114E-03 -3.1932242E-02  0.0000000E+00
  2.0799350E+02 -1.2929665E-03  1.1718546E-04  2.5898207E-03 -3.2689210E-02  0.0000000E+00
  2.0799350E+02 -2.9962708E-03  1.7494742E-04  2.3461855E-03 -3.3603339E-02  0.0000000E+00
  2.0799350E+02 -4.5861277E-03  2.3327032E-04  2.1245651E-03 -3.4474337E-02  0.0000000E+00
  2.0799350E+02 -6.0264791E-03  2.3588683E-04  1.9925303E-03 -3.5147448E-02  0.0000000E+00
  2.0799350E+02 -7.2900089E-03  1.7593591E-04  1.8861754E-03 -3.5534449E-02  0.0000000E+00
  2.0799350E+02 -8.3398325E-03  8.3732415E-05  1.7725524E-03 -3.5605926E-02  0.0000000E+00
  2.0799350E+02 -9.1652398E-03 -1.4319282E-05  1.6632550E-03 -3.5374015E-02  0.0000000E+00
  2.0799350E+02 -9.7887119E-03 -9.2305827E-05  1.5773990E-03 -3.4874066E-02  0.0000000E+00
  2.0799350E+02 -1.0242599E-02 -1.2992363E-04  1.5176925E-03 -3.4151195E-02  0.0000000E+00
  2.0799350E+02 -1.0554617E-02 -1.2435621E-04  1.4619471E-03 -3.3259895E-02  0.0000000E+00
  2.0799350E+02 -1.0747100E-02 -9.4855927E-05  1.3771961E-03 -3.2252432E-02  0.0000000E+00
  2.0799350E+02 -1.0837483E-02 -6.3750810E-05  1.2588542E-03 -3.1188769E-02  0.0000000E+00
  2.0799350E+02 -1.0839975E-02 -4.7662500E-05  1.0954297E-03 -3.0110882E-02  0.0000000E+00
  2.0799350E+02 -1.0769667E-02 -3.4510062E-05  9.4441888E-04 -2.9039239E-02  0.0000000E+00
  2.0799350E+02 -1.0632722E-02 -1.7862921E-05  8.3721667E-04 -2.7982174E-02  0.0000000E+00
  2.0799350E+02 -1.0435607E-02  1.3662553E-06  7.6337016E-04 -2.6938370E-02  0.0000000E+00
  2.0799350E+02 -1.0191519E-02  2.2623340E-05  6.9305945E-04 -2.5915802E-02  0.0000000E+00
  2.0799350E+02 -9.9158678E-03  4.7076445E-05  5.9671692E-04 -2.4918282E-02  0.0000000E+00
  2.0799350E+02 -9.6216597E-03  7.5042048E-05  4.6145996E-04 -2.3948927E-02  0.0000000E+00
  2.0799350E+02 -9.3164963E-03  1.0284971E-04  2.9948466E-04 -2.3012660E-02  0.0000000E+00
  2.0799350E+02 -8.9987967E-03  1.2288840E-04  1.4109656E-04 -2.2104974E-02  0.0000000E+00
  2.0799350E+02 -8.6666341E-03  1.2899055E-04  1.2726606E-05 -2.1220254E-02  0.0000000E+00
  2.0799350E+02 -8.3399756E-03  1.2163466E-04 -6.9518113E-05 -2.0364238E-02  0.0000000E+00
  2.0799350E+02 -8.0312297E-03  1.1163301E-04 -8.8631866E-05 -1.9540100E-02  0.0000000E+00
  2.0799350E+02 -7.7588581E-03  9.0734511E-05 -8.4133795E-05 -1.8758814E-02  0.0000000E+00
  2.0799350E+02 -7.5248038E-03  6.7506806E-05 -7.8007778E-05 -1.8023570E-02  0.0000000E+00
  2.0799350E+02 -7.3221558E-03  5.5368175E-05 -8.0188177E-05 -1.7334138E-02  0.0000000E+00
  2.0799350E+02 -7.1439211E-03  6.1176425E-05 -9.2941284E-05 -1.6691034E-02  0.0000000E+00
  2.0799350E+02 -6.9842125E-03  8.2126862E-05 -1.1417685E-04 -1.6087893E-02  0.0000000E+00
  2.0799350E+02 -6.8413657E-03  1.0842591E-04 -1.3964484E-04 -1.5521607E-02  0.0000000E+00
  2.0799350E+02 -6.7144606E-03  1.2921941E-04 -1.6484068E-04 -1.4985394E-02  0.0000000E+00
  2.0799350E+02 -6.6022772E-03  1.3840180E-04 -1.8607906E-04 -1.4473077E-02  0.0000000E+00
  2.0799350E+02 -6.5023159E-03  1.3804607E-04 -2.0128931E-04 -1.3982308E-02  0.0000000E+00
  2.0799350E+02 -6.4099444E-03  1.3668722E-04 -2.1108330E-04 -1.3509681E-02  0.0000000E+00
  2.0799350E+02 -6.3224514E-03  1.3943934E-04 -2.1957013E-04 -1.3054127E-02  0.0000000E+00
  2.0799350E+02 -6.2441392E-03  1.3964966E-04 -2.3108963E-04 -1.2618015E-02  0.0000000E+00
  2.0799350E+02 -6.1694040E-03  1.4329539E-04 -2.4925726E-04 -1.2197091E-02  0.0000000E+00
  2.0799350E+02 -6.0985530E-03  1.4208011E-04 -2.5703235E-04 -1.1790582E-02  0.0000000E+00
  2.0799350E+02 -6.0292072E-03  1.3415396E-04 -2.5003223E-04 -1.1397049E-02  0.0000000E+00
  2.0799350E+02 -5.9574706E-03  1.2127980E-04 -2.3519607E-04 -1.1015942E-02  0.0000000E+00
  2.0799350E+02 -5.8807089E-03  1.0686776E-04 -2.2215472E-04 -1.0648494E-02  0.0000000E+00
  2.0799350E+02 -5.7976681E-03  9.4290172E-05 -2.1806201E-04 -1.0292513E-02  0.0000000E+00
  2.0799350E+02 -5.7096088E-03  8.6054706E-05 -2.2572789E-04 -9.9476621E-03  0.0000000E+00
  2.0799350E+02 -5.6186370E-03  8.3106520E-05 -2.4373614E-04 -9.6112185E-03  0.0000000E+00
  2.0799350E+02 -5.5271586E-03  8.4820292E-05 -2.6810760E-04 -9.2805207E-03  0.0000000E+00
  2.0799350E+02 -5.4374489E-03  8.9212328E-05 -2.9421224E-04 -8.9551728E-03  0.0000000E+00
  2.0799350E+02 -5.3500878E-03  9.3553251E-05 -3.1890754E-04 -8.6338718E-03  0.0000000E+00
  2.0799350E+02 -5.2646117E-03  9.5230975E-05 -3.4119769E-04 -8.3163628E-03  0.0000000E+00
  2.0799350E+02 -5.1811643E-03  9.2850514E-05 -3.6103527E-04 -8.0048700E-03  0.0000000E+00
  2.0799350E+02 -5.1020574E-03  8.7542998E-05 -3.7580252E-04 -7.6993645E-03  0.0000000E+00
  2.0799350E+02 -5.0311599E-03  8.3617374E-05 -3.7830925E-04 -7.4016567E-03  0.0000000E+00
  2.0799350E+02 -4.9586885E-03  8.1715843E-05 -3.6760332E-04 -7.1117458E-03  0.0000000E+00
  2.0799350E+02 -4.8833642E-03  8.5454651E-05 -3.4578115E-04 -6.8291175E-03  0.0000000E+00
  2.0799350E+02 -4.8053282E-03  9.4649162E-05 -3.1716077E-04 -6.5551170E-03  0.0000000E+00
  2.0799350E+02 -4.7246063E-03  1.0632804E-04 -2.8554776E-04 -6.2890416E-03  0.0000000E+00
  2.0799350E+02 -4.6417478E-03  1.1678450E-04 -2.5444914E-04 -6.0321405E-03  0.0000000E+00
  2.0799350E+02 -4.5566230E-03  1.2309804E-04 -2.2652594E-04 -5.7842249E-03  0.0000000E+00
  2.0799350E+02 -4.4688510E-03  1.2377568E-04 -2.0364432E-04 -5.5451179E-03  0.0000000E+00
  2.0799350E+02 -4.3784436E-03  1.1897870E-04 -1.8688279E-04 -5.3157891E-03  0.0000000E+00
  2.0799350E+02 -4.2849143E-03  1.1029620E-04 -1.7625466E-04 -5.0953090E-03  0.0000000E+00
  2.0799350E+02 -4.1888053E-03  1.0028615E-04 -1.7103821E-04 -4.8840871E-03  0.0000000E+00
  2.0799350E+02 -4.0906793E-03  9.1688186E-05 -1.6983832E-04 -4.6810406E-03  0.0000000E+00
  2.0799350E+02 -3.9916253E-03  8.6724524E-05 -1.7105344E-04 -4.4848933E-03  0.0000000E+00
  2.0799350E+02 -3.8936133E-03  8.6416472E-05 -1.7339879E-04 -4.2952991E-03  0.0000000E+00
  2.0799350E+02 -3.7979514E-03  9.0003250E-05 -1.7669418E-04 -4.1109743E-03  0.0000000E+00
  2.0799350E+02 -3.7050134E-03  9.4762454E-05 -1.8287931E-04 -3.9311725E-03  0.0000000E+00
  2.0799350E+02 -3.6138002E-03  9.6259460E-05 -1.9484762E-04 -3.7562160E-03  0.0000000E+00
  2.0799350E+02 -3.5259586E-03  9.5524189E-05 -2.1215277E-04 -3.5836542E-03  0.0000000E+00
  2.0799350E+02 -3.4408102E-03  9.3706211E-05 -2.3315331E-04 -3.4143566E-03  0.0000000E+00
  2.0799350E+02 -3.3566215E-03  9.0422563E-05 -2.5298091E-04 -3.2467545E-03  0.0000000E+00
  2.0799350E+02 -3.2727538E-03  8.5784987E-05 -2.7035365E-04 -3.0800118E-03  0.0000000E+00
  2.0799350E+02 -3.1895452E-03  8.0178149E-05 -2.8579186E-04 -2.9147538E-03  0.0000000E+00
  2.0799350E+02 -3.1068910E-03  7.4012213E-05 -3.0061262E-04 -2.7508090E-03  0.0000000E+00
  2.0799350E+02 -3.0252281E-03  6.7677432E-05 -3.1588784E-04 -2.5894106E-03  0.0000000E+00
  2.0799350E+02 -2.9444094E-03  6.1400976E-05 -3.3217380E-04 -2.4309646E-03  0.0000000E+00
  2.0799350E+02 -2.8641653E-03  5.5256224E-05 -3.4926218E-04 -2.2758126E-03  0.0000000E+00
  2.0799350E+02 -2.7845997E-03  4.9207121E-05 -3.6612886E-04 -2.1249333E-03  0.0000000E+00
  2.0799350E+02 -2.7054268E-03  4.3079757E-05 -3.8132812E-04 -1.9782036E-03  0.0000000E+00
  2.0799350E+02 -2.6265036E-03  3.6649462E-05 -3.9319255E-04 -1.8352571E-03  0.0000000E+00
  2.0799350E+02 -2.5483130E-03  2.9738874E-05 -4.0012463E-04 -1.6962802E-03  0.0000000E+00
  2.0799350E+02 -2.4709695E-03  2.2196457E-05 -4.0103890E-04 -1.5603702E-03  0.0000000E+00
  2.0799350E+02 -2.3952346E-03  1.4048060E-05 -3.9549717E-04 -1.4277704E-03  0.0000000E+00
  2.0799350E+02 -2.3213014E-03  5.4358722E-06 -3.8381798E-04 -1.2984817E-03  0.0000000E+00
  2.0799350E+02 -2.2485898E-03 -3.2826587E-06 -3.6757598E-04 -1.1729673E-03  0.0000000E+00
  2.0799350E+02 -2.1742740E-03 -1.1162381E-05 -3.5297288E-04 -1.0516855E-03  0.0000000E+00
  2.0799350E+02 -2.0972483E-03 -1.9494261E-05 -3.3862494E-04 -9.3521644E-04  0.0000000E+00
  2.0799350E+02 -2.0182062E-03 -2.8253877E-05 -3.2216087E-04 -8.2436714E-04  0.0000000E+00
  2.0799350E+02 -1.9377238E-03 -3.6337011E-05 -3.0216945E-04 -7.1903354E-04  0.0000000E+00
  2.0799350E+02 -1.8563928E-03 -4.2383078E-05 -2.7826885E-04 -6.1892557E-04  0.0000000E+00
  2.0799350E+02 -1.7751147E-03 -4.5304688E-05 -2.5110158E-04 -5.2411724E-04  0.0000000E+00
  2.0799350E+02 -1.6941571E-03 -4.4644386E-05 -2.2179573E-04 -4.3402250E-04  0.0000000E+00
  2.0799350E+02 -1.6135970E-03 -4.0587974E-05 -1.9173446E-04 -3.4802232E-04  0.0000000E+00
  2.0799350E+02 -1.5338013E-03 -3.3922804E-05 -1.6238747E-04 -2.6593330E-04  0.0000000E+00
  2.0799350E+02 -1.4544876E-03 -2.5772839E-05 -1.3464214E-04 -1.8697834E-04  0.0000000E+00
  2.0799350E+02 -1.3759435E-03 -1.7418681E-05 -1.0903474E-04 -1.1099539E-04  0.0000000E+00
  2.0799350E+02 -1.2980763E-03 -9.9256117E-06 -8.5383132E-05 -3.7440055E-05  0.0000000E+00
  2.0799350E+02  0.0000000E+00  0.0000000E+00  0.0000000E+00 -8.3581782E-02  0.0000000E+00
  2.0799350E+02 -7.2051896E-06 -3.4233068E-06  3.5840658E-04 -8.3003663E-02  0.0000000E+00
  2.0799350E+02 -5.3591720E-04  5.9548532E-06  1.1370456E-03 -8.1704903E-02  0.0000000E+00
  2.0799350E+02 -1.3688286E-03  4.0135876E-05  1.7476071E-03 -7.9828413E-02  0.0000000E+00
  2.0799350E+02 -2.1381739E-03  7.2583687E-05  1.9863031E-03 -7.7842097E-02  0.0000000E+00
  2.0799350E+02 -2.8971688E-03  8.0126747E-05  2.0048415E-03 -7.5985779E-02  0.0000000E+00
  2.0799350E+02 -3.7347876E-03  5.4533136E-05  1.9674099E-03 -7.4284302E-02  0.0000000E+00
  2.0799350E+02 -4.6401430E-03  1.3250674E-05  1.9173012E-03 -7.2672163E-02  0.0000000E+00
  2.0799350E+02 -5.5568497E-03 -2.2196634E-05  1.8347025E-03 -7.1069339E-02  0.0000000E+00
  2.0799350E+02 -6.4218358E-03 -4.5277239E-05  1.7307981E-03 -6.9415805E-02  0.0000000E+00
  2.0799350E+02 -7.1867964E-03 -6.0017315E-05  1.6118273E-03 -6.7671572E-02  0.0000000E+00
  2.0799350E+02 -7.8244577E-03 -6.9704671E-05  1.4881293E-03 -6.5821830E-02  0.0000000E+00
  2.0799350E+02 -8.3308430E-03 -7.2848104E-05  1.3746837E-03 -6.3879564E-02  0.0000000E+00
  2.0799350E+02 -8.7211446E-03 -6.4793449E-05  1.2799538E-03 -6.1879761E-02  0.0000000E+00
  2.0799350E+02 -9.0196903E-03 -4.3789177E-05  1.1933322E-03 -5.9863880E-02  0.0000000E+00
  2.0799350E+02 -9.2458961E-03 -1.9129590E-05  1.0889952E-03 -5.7856695E-02  0.0000000E+00
  2.0799350E+02 -9.4046865E-03 -5.0577956E-06  9.4515907E-04 -5.5869833E-02  0.0000000E+00
  2.0799350E+02 -9.4946852E-03 -5.3576187E-07  7.8616077E-04 -5.3910321E-02  0.0000000E+00
  2.0799350E+02 -9.5177595E-03 -3.3886747E-07  6.3660907E-04 -5.1988108E-02  0.0000000E+00
  2.0799350E+02 -9.4791638E-03 -1.5882477E-07  5.0237913E-04 -5.0111990E-02  0.0000000E+00
  2.0799350E+02 -9.3872295E-03  2.7075394E-06  3.7946753E-04 -4.8287736E-02  0.0000000E+00
  2.0799350E+02 -9.2519406E-03  9.5482966E-06  2.6290581E-04 -4.6518258E-02  0.0000000E+00
  2.0799350E+02 -9.0832278E-03  2.0939982E-05  1.5316397E-04 -4.4804743E-02  0.0000000E+00
  2.0799350E+02 -8.8898126E-03  3.7599466E-05  5.7475487E-05 -4.3147687E-02  0.0000000E+00
  2.0799350E+02 -8.6794343E-03  6.1018899E-05 -1.6484734E-05 -4.1546751E-02  0.0000000E+00
  2.0799350E+02 -8.4612915E-03  9.3518475E-05 -7.7137944E-05 -3.9998389E-02  0.0000000E+00
  2.0799350E+02 -8.2400955E-03  1.2367265E-04 -1.5606836E-04 -3.8498578E-02  0.0000000E+00
  2.0799350E+02 -8.0113571E-03  1.4282525E-04 -2.1906975E-04 -3.7047884E-02  0.0000000E+00
  2.0799350E+02 -7.7812957E-03  1.4875581E-04 -2.6930991E-04 -3.5641726E-02  0.0000000E+00
  2.0799350E+02 -7.5572996E-03  1.4502807E-04 -3.0756798E-04 -3.4286643E-02  0.0000000E+00
  2.0799350E+02 -7.3461313E-03  1.3896210E-04 -3.3020906E-04 -3.2991324E-02  0.0000000E+00
  2.0799350E+02 -7.1518293E-03  1.3606738E-04 -3.3407120E-04 -3.1761341E-02  0.0000000E+00
  2.0799350E+02 -6.9752249E-03  1.3785581E-04 -3.1880121E-04 -3.0597163E-02  0.0000000E+00
  2.0799350E+02 -6.8146058E-03  1.4211568E-04 -2.8730695E-04 -2.9494574E-02  0.0000000E+00
  2.0799350E+02 -6.6670613E-03  1.4472778E-04 -2.4499402E-04 -2.8446556E-02  0.0000000E+00
  2.0799350E+02 -6.5300405E-03  1.4210492E-04 -1.9845438E-04 -2.7445750E-02  0.0000000E+00
  2.0799350E+02 -6.4026587E-03  1.3333606E-04 -1.5427466E-04 -2.6486583E-02  0.0000000E+00
  2.0799350E+02 -6.2862835E-03  1.2111608E-04 -1.1863197E-04 -2.5566139E-02  0.0000000E+00
  2.0799350E+02 -6.1839346E-03  1.1054255E-04 -9.8344819E-05 -2.4682896E-02  0.0000000E+00
  2.0799350E+02 -6.0918432E-03  1.0374087E-04 -9.2382856E-05 -2.3835266E-02  0.0000000E+00
  2.0799350E+02 -5.9997978E-03  1.0394460E-04 -1.0602108E-04 -2.3019071E-02  0.0000000E+00
  2.0799350E+02 -5.9113888E-03  1.0502998E-04 -1.2694097E-04 -2.2231609E-02  0.0000000E+00
  2.0799350E+02 -5.8258194E-03  1.0218823E-04 -1.4530114E-04 -2.1472483E-02  0.0000000E+00
  2.0799350E+02 -5.7416163E-03  9.4858526E-05 -1.6184279E-04 -2.0740928E-02  0.0000000E+00
  2.0799350E+02 -5.6576327E-03  8.4934106E-05 -1.8047849E-04 -2.0035817E-02  0.0000000E+00
  2.0799350E+02 -5.5734760E-03  7.5281626E-05 -2.0404289E-04 -1.9355635E-02  0.0000000E+00
  2.0799350E+02 -5.4895108E-03  6.8590089E-05 -2.3254374E-04 -1.8698466E-02  0.0000000E+00
  2.0799350E+02 -5.4065848E-03  6.6565777E-05 -2.6325159E-04 -1.8062030E-02  0.0000000E+00
  2.0799350E+02 -5.3256290E-03  6.9489554E-05 -2.9196679E-04 -1.7443791E-02  0.0000000E+00
  2.0799350E+02 -5.2472802E-03  7.6152902E-05 -3.1480210E-04 -1.6841196E-02  0.0000000E+00
  2.0799350E+02 -5.1716760E-03  8.4189082E-05 -3.2981943E-04 -1.6252055E-02  0.0000000E+00
  2.0799350E+02 -5.0985715E-03  9.0815792E-05 -3.3785914E-04 -1.5675119E-02  0.0000000E+00
  2.0799350E+02 -5.0279267E-03  9.4005699E-05 -3.4190038E-04 -1.5110884E-02  0.0000000E+00
  2.0799350E+02 -4.9611154E-03  9.4101218E-05 -3.4429090E-04 -1.4562647E-02  0.0000000E+00
  2.0799350E+02 -4.8995731E-03  9.4343728E-05 -3.4349226E-04 -1.4031412E-02  0.0000000E+00
  2.0799350E+02 -4.8371854E-03  9.2474185E-05 -3.3870500E-04 -1.3517721E-02  0.0000000E+00
  2.0799350E+02 -4.7730315E-03  9.3473214E-05 -3.2761852E-04 -1.3022490E-02  0.0000000E+00
  2.0799350E+02 -4.7068103E-03  9.8416068E-05 -3.1001147E-04 -1.2543873E-02  0.0000000E+00
  2.0799350E+02 -4.6382645E-03  1.0508977E-04 -2.8711381E-04 -1.2081279E-02  0.0000000E+00
  2.0799350E+02 -4.5668728E-03  1.1043810E-04 -2.6099932E-04 -1.1634587E-02  0.0000000E+00
  2.0799350E+02 -4.4918083E-03  1.1208649E-04 -2.3409716E-04 -1.1203673E-02  0.0000000E+00
  2.0799350E+02 -4.4120882E-03  1.0910066E-04 -2.0881251E-04 -1.0788178E-02  0.0000000E+00
  2.0799350E+02 -4.3268396E-03  1.0213318E-04 -1.8724624E-04 -1.0387468E-02  0.0000000E+00
  2.0799350E+02 -4.2356057E-03  9.3111731E-05 -1.7100380E-04 -1.0000716E-02  0.0000000E+00
  2.0799350E+02 -4.1386180E-03  8.4623168E-05 -1.6108315E-04 -9.6270372E-03  0.0000000E+00
  2.0799350E+02 -4.0369580E-03  7.9147317E-05 -1.5783193E-04 -9.2656256E-03  0.0000000E+00
  2.0799350E+02 -3.9325340E-03  7.8294484E-05 -1.6096383E-04 -8.9158236E-03  0.0000000E+00
  2.0799350E+02 -3.8277980E-03  8.2200653E-05 -1.6962410E-04 -8.5770605E-03  0.0000000E+00
  2.0799350E+02 -3.7251267E-03  8.9234350E-05 -1.8249441E-04 -8.2486004E-03  0.0000000E+00
  2.0799350E+02 -3.6257912E-03  9.6169153E-05 -1.9792695E-04 -7.9290347E-03  0.0000000E+00
  2.0799350E+02 -3.5289556E-03  9.8722561E-05 -2.1274594E-04 -7.6168257E-03  0.0000000E+00
  2.0799350E+02 -3.4375306E-03  9.6876678E-05 -2.2753279E-04 -7.3121870E-03  0.0000000E+00
  2.0799350E+02 -3.3503975E-03  9.3221151E-05 -2.4479129E-04 -7.0128413E-03  0.0000000E+00
  2.0799350E+02 -3.2657342E-03  8.8108111E-05 -2.6195545E-04 -6.7192725E-03  0.0000000E+00
  2.0799350E+02 -3.1826545E-03  8.1813249E-05 -2.7798480E-04 -6.4315192E-03  0.0000000E+00
  2.0799350E+02 -3.1007561E-03  7.4663759E-05 -2.9281059E-04 -6.1496115E-03  0.0000000E+00
  2.0799350E+02 -3.0198296E-03  6.7076419E-05 -3.0688631E-04 -5.8737840E-03  0.0000000E+00
  2.0799350E+02 -2.9396990E-03  5.9528231E-05 -3.2083398E-04 -5.6045136E-03  0.0000000E+00
  2.0799350E+02 -2.8601643E-03  5.2482035E-05 -3.3517797E-04 -5.3424327E-03  0.0000000E+00
  2.0799350E+02 -2.7811604E-03  4.6299843E-05 -3.5013004E-04 -5.0886220E-03  0.0000000E+00
  2.0799350E+02 -2.7022415E-03  4.1102507E-05 -3.6558326E-04 -4.8425929E-03  0.0000000E+00
  2.0799350E+02 -2.6235150E-03  3.6762642E-05 -3.8089419E-04 -4.6048964E-03  0.0000000E+00
  2.0799350E+02 -2.5451232E-03  3.2827067E-05 -3.9498964E-04 -4.3751761E-03  0.0000000E+00
  2.0799350E+02 -2.4673984E-03  2.8565459E-05 -4.0638490E-04 -4.1526758E-03  0.0000000E+00
  2.0799350E+02 -2.3908001E-03  2.3096328E-05 -4.1326555E-04 -3.9364533E-03  0.0000000E+00
  2.0799350E+02 -2.3157475E-03  1.5624827E-05 -4.1359793E-04 -3.7258195E-03  0.0000000E+00
  2.0799350E+02 -2.2423188E-03  5.8148191E-06 -4.0525973E-04 -3.5210519E-03  0.0000000E+00
  2.0799350E+02 -2.1701834E-03 -5.5216565E-06 -3.8794559E-04 -3.3224914E-03  0.0000000E+00
  2.0799350E+02 -2.0980755E-03 -1.6184704E-05 -3.6761140E-04 -3.1292261E-03  0.0000000E+00
  2.0799350E+02 -2.0238351E-03 -2.6263910E-05 -3.4435761E-04 -2.9436333E-03  0.0000000E+00
  2.0799350E+02 -1.9471134E-03 -3.5319339E-05 -3.1849619E-04 -2.7657259E-03  0.0000000E+00
  2.0799350E+02 -1.8683369E-03 -4.2429853E-05 -2.9036817E-04 -2.5954221E-03  0.0000000E+00
  2.0799350E+02 -1.7882334E-03 -4.6690457E-05 -2.6049292E-04 -2.4324728E-03  0.0000000E+00
  2.0799350E+02 -1.7075348E-03 -4.7523262E-05 -2.2959739E-04 -2.2764512E-03  0.0000000E+00
  2.0799350E+02 -1.6268247E-03 -4.4830789E-05 -1.9855826E-04 -2.1267872E-03  0.0000000E+00
  2.0799350E+02 -1.5464936E-03 -3.9020312E-05 -1.6828988E-04 -1.9828325E-03  0.0000000E+00
  2.0799350E+02 -1.4667712E-03 -3.0927936E-05 -1.3961099E-04 -1.8439388E-03  0.0000000E+00
  2.0799350E+02 -1.3877979E-03 -2.1671131E-05 -1.1312300E-04 -1.7095358E-03  0.0000000E+00
  2.0799350E+02 -1.3097041E-03 -1.2458408E-05 -8.9132863E-05 -1.5791903E-03  0.0000000E+00
  2.0799350E+02 -1.2326614E-03 -4.3848541E-06 -6.7653394E-05 -1.4526334E-03  0.0000000E+00
