          atime         eps_uu         eps_vv         eps_ww         pm1avg           tavg
  2.0799350E+02 -4.0874370E-02 -1.3036244E-03 -3.3524895E-02 -5.1768939E-02  0.0000000E+00
  2.0799350E+02 -5.1497651E-02 -1.6098406E-03 -1.3222332E-02 -5.1810476E-02  0.0000000E+00
  2.0799350E+02 -6.1756126E-02 -2.1395267E-03 -1.3200984E-02 -5.1832752E-02  0.0000000E+00
  2.0799350E+02 -5.7855335E-02 -2.6617484E-03 -1.7347688E-02 -5.1839544E-02  0.0000000E+00
  2.0799350E+02 -5.3958218E-02 -3.6087640E-03 -1.9042241E-02 -5.1809062E-02  0.0000000E+00
  2.0799350E+02 -4.8109010E-02 -4.9279972E-03 -1.8363136E-02 -5.1753684E-02  0.0000000E+00
  2.0799350E+02 -3.7974264E-02 -6.4067881E-03 -1.6823467E-02 -5.1705599E-02  0.0000000E+00
  2.0799350E+02 -2.9136022E-02 -7.7614010E-03 -1.5769049E-02 -5.1690854E-02  0.0000000E+00
  2.0799350E+02 -2.3152100E-02 -8.8112320E-03 -1.5121669E-02 -5.1704730E-02  0.0000000E+00
  2.0799350E+02 -1.9775526E-02 -9.5503971E-03 -1.4536521E-02 -5.1713309E-02  0.0000000E+00
  2.0799350E+02 -1.7821363E-02 -1.0059594E-02 -1.3989281E-02 -5.1676756E-02  0.0000000E+00
  2.0799350E+02 -1.6576136E-02 -1.0394829E-02 -1.3505233E-02 -5.1554776E-02  0.0000000E+00
  2.0799350E+02 -1.5788070E-02 -1.0577580E-02 -1.3051956E-02 -5.1314032E-02  0.0000000E+00
  2.0799350E+02 -1.5332488E-02 -1.0618775E-02 -1.2612584E-02 -5.0939513E-02  0.0000000E+00
  2.0799350E+02 -1.4955558E-02 -1.0542647E-02 -1.2253087E-02 -5.0430306E-02  0.0000000E+00
  2.0799350E+02 -1.4519763E-02 -1.0403244E-02 -1.2064824E-02 -4.9795416E-02  0.0000000E+00
  2.0799350E+02 -1.4019785E-02 -1.0209471E-02 -1.1790881E-02 -4.9052061E-02  0.0000000E+00
  2.0799350E+02 -1.3625166E-02 -9.9376149E-03 -1.1370440E-02 -4.8221614E-02  0.0000000E+00
  2.0799350E+02 -1.3314858E-02 -9.6304380E-03 -1.0884529E-02 -4.7328864E-02  0.0000000E+00
  2.0799350E+02 -1.2959665E-02 -9.3256300E-03 -1.0402220E-02 -4.6384967E-02  0.0000000E+00
  2.0799350E+02 -1.2502791E-02 -9.0442211E-03 -9.9870388E-03 -4.5405385E-02  0.0000000E+00
  2.0799350E+02 -1.1985211E-02 -8.7832551E-03 -9.6690204E-03 -4.4398823E-02  0.0000000E+00
  2.0799350E+02 -1.1492633E-02 -8.5229516E-03 -9.4260202E-03 -4.3370604E-02  0.0000000E+00
  2.0799350E+02 -1.1079965E-02 -8.2391808E-03 -9.1843853E-03 -4.2327541E-02  0.0000000E+00
  2.0799350E+02 -1.0723781E-02 -7.9145694E-03 -8.8604654E-03 -4.1269159E-02  0.0000000E+00
  2.0799350E+02 -1.0380180E-02 -7.5529908E-03 -8.4713982E-03 -4.0201255E-02  0.0000000E+00
  2.0799350E+02 -1.0008401E-02 -7.2120874E-03 -8.1065859E-03 -3.9133389E-02  0.0000000E+00
  2.0799350E+02 -9.7116469E-03 -6.8417867E-03 -7.7776371E-03 -3.8073019E-02  0.0000000E+00
  2.0799350E+02 -9.3773886E-03 -6.4900248E-03 -7.4529044E-03 -3.7025380E-02  0.0000000E+00
  2.0799350E+02 -8.9670080E-03 -6.1859155E-03 -7.1167491E-03 -3.5986310E-02  0.0000000E+00
  2.0799350E+02 -8.5258874E-03 -5.9254048E-03 -6.7886699E-03 -3.4955008E-02  0.0000000E+00
  2.0799350E+02 -8.1115526E-03 -5.6926364E-03 -6.4898061E-03 -3.3937170E-02  0.0000000E+00
  2.0799350E+02 -7.7528197E-03 -5.4695278E-03 -6.2252965E-03 -3.2931404E-02  0.0000000E+00
  2.0799350E+02 -7.4489122E-03 -5.2459090E-03 -5.9897011E-03 -3.1944134E-02  0.0000000E+00
  2.0799350E+02 -7.1765851E-03 -5.0185842E-03 -5.7726644E-03 -3.0977458E-02  0.0000000E+00
  2.0799350E+02 -6.9120112E-03 -4.7911717E-03 -5.5706929E-03 -3.0034851E-02  0.0000000E+00
  2.0799350E+02 -6.6491262E-03 -4.5721175E-03 -5.3924846E-03 -2.9125082E-02  0.0000000E+00
  2.0799350E+02 -6.4010017E-03 -4.3685348E-03 -5.2485121E-03 -2.8249235E-02  0.0000000E+00
  2.0799350E+02 -6.1821891E-03 -4.1847945E-03 -5.1246066E-03 -2.7400717E-02  0.0000000E+00
  2.0799350E+02 -5.9486182E-03 -4.0238672E-03 -4.9402248E-03 -2.6578645E-02  0.0000000E+00
  2.0799350E+02 -5.6847773E-03 -3.8621330E-03 -4.6803792E-03 -2.5777846E-02  0.0000000E+00
  2.0799350E+02 -5.4170334E-03 -3.7043076E-03 -4.4241259E-03 -2.4996998E-02  0.0000000E+00
  2.0799350E+02 -5.1597656E-03 -3.5582380E-03 -4.2027143E-03 -2.4238723E-02  0.0000000E+00
  2.0799350E+02 -4.9274174E-03 -3.4264856E-03 -4.0181552E-03 -2.3502439E-02  0.0000000E+00
  2.0799350E+02 -4.7293635E-03 -3.3092750E-03 -3.8623490E-03 -2.2790135E-02  0.0000000E+00
  2.0799350E+02 -4.5654235E-03 -3.2045614E-03 -3.7256657E-03 -2.2098245E-02  0.0000000E+00
  2.0799350E+02 -4.4302496E-03 -3.1108129E-03 -3.6040641E-03 -2.1428244E-02  0.0000000E+00
  2.0799350E+02 -4.3145495E-03 -3.0262066E-03 -3.4976496E-03 -2.0777739E-02  0.0000000E+00
  2.0799350E+02 -4.2100613E-03 -2.9493965E-03 -3.4090741E-03 -2.0144029E-02  0.0000000E+00
  2.0799350E+02 -4.1130403E-03 -2.8796140E-03 -3.3401452E-03 -1.9527093E-02  0.0000000E+00
  2.0799350E+02 -4.0240155E-03 -2.8153096E-03 -3.2874300E-03 -1.8922789E-02  0.0000000E+00
  2.0799350E+02 -3.9457182E-03 -2.7538503E-03 -3.2412747E-03 -1.8326928E-02  0.0000000E+00
  2.0799350E+02 -3.8757942E-03 -2.6908994E-03 -3.1877995E-03 -1.7739732E-02  0.0000000E+00
  2.0799350E+02 -3.7918521E-03 -2.6186348E-03 -3.1151563E-03 -1.7160781E-02  0.0000000E+00
  2.0799350E+02 -3.6659025E-03 -2.5394143E-03 -2.9999783E-03 -1.6592342E-02  0.0000000E+00
  2.0799350E+02 -3.5323424E-03 -2.4565129E-03 -2.8882488E-03 -1.6033649E-02  0.0000000E+00
  2.0799350E+02 -3.3977862E-03 -2.3725646E-03 -2.8003196E-03 -1.5488873E-02  0.0000000E+00
  2.0799350E+02 -3.2687301E-03 -2.2948215E-03 -2.7249985E-03 -1.4960795E-02  0.0000000E+00
  2.0799350E+02 -3.1462408E-03 -2.2251633E-03 -2.6553358E-03 -1.4448522E-02  0.0000000E+00
  2.0799350E+02 -3.0306624E-03 -2.1634478E-03 -2.5881621E-03 -1.3954389E-02  0.0000000E+00
  2.0799350E+02 -2.9217728E-03 -2.1081302E-03 -2.5220075E-03 -1.3477196E-02  0.0000000E+00
  2.0799350E+02 -2.8202860E-03 -2.0576104E-03 -2.4566764E-03 -1.3015156E-02  0.0000000E+00
  2.0799350E+02 -2.7283920E-03 -2.0108936E-03 -2.3930505E-03 -1.2568524E-02  0.0000000E+00
  2.0799350E+02 -2.6480441E-03 -1.9670561E-03 -2.3319336E-03 -1.2134223E-02  0.0000000E+00
  2.0799350E+02 -2.5814467E-03 -1.9257718E-03 -2.2747281E-03 -1.1712648E-02  0.0000000E+00
  2.0799350E+02 -2.5290527E-03 -1.8864832E-03 -2.2224576E-03 -1.1302395E-02  0.0000000E+00
  2.0799350E+02 -2.4892338E-03 -1.8483999E-03 -2.1758909E-03 -1.0902713E-02  0.0000000E+00
  2.0799350E+02 -2.4577871E-03 -1.8105694E-03 -2.1353808E-03 -1.0515254E-02  0.0000000E+00
  2.0799350E+02 -2.4273961E-03 -1.7716062E-03 -2.0997820E-03 -1.0139014E-02  0.0000000E+00
  2.0799350E+02 -2.3884038E-03 -1.7304042E-03 -2.0658673E-03 -9.7712642E-03  0.0000000E+00
  2.0799350E+02 -2.3185377E-03 -1.6880213E-03 -2.0169710E-03 -9.4110534E-03  0.0000000E+00
  2.0799350E+02 -2.2251479E-03 -1.6429329E-03 -1.9440691E-03 -9.0619972E-03  0.0000000E+00
  2.0799350E+02 -2.1452080E-03 -1.5967376E-03 -1.8808912E-03 -8.7199815E-03  0.0000000E+00
  2.0799350E+02 -2.0700148E-03 -1.5527166E-03 -1.8240039E-03 -8.3848788E-03  0.0000000E+00
  2.0799350E+02 -1.9975237E-03 -1.5115270E-03 -1.7697227E-03 -8.0557821E-03  0.0000000E+00
  2.0799350E+02 -1.9289272E-03 -1.4727353E-03 -1.7156706E-03 -7.7333888E-03  0.0000000E+00
  2.0799350E+02 -1.8654304E-03 -1.4352244E-03 -1.6606838E-03 -7.4162857E-03  0.0000000E+00
  2.0799350E+02 -1.8080393E-03 -1.3983278E-03 -1.6056028E-03 -7.1057605E-03  0.0000000E+00
  2.0799350E+02 -1.7564263E-03 -1.3616309E-03 -1.5521656E-03 -6.8017851E-03  0.0000000E+00
  2.0799350E+02 -1.7095967E-03 -1.3252260E-03 -1.5026402E-03 -6.5046502E-03  0.0000000E+00
  2.0799350E+02 -1.6666924E-03 -1.2897862E-03 -1.4592916E-03 -6.2163099E-03  0.0000000E+00
  2.0799350E+02 -1.6271290E-03 -1.2559417E-03 -1.4231090E-03 -5.9369508E-03  0.0000000E+00
  2.0799350E+02 -1.5912809E-03 -1.2242074E-03 -1.3935989E-03 -5.6664618E-03  0.0000000E+00
  2.0799350E+02 -1.5605382E-03 -1.1948677E-03 -1.3687256E-03 -5.4056889E-03  0.0000000E+00
  2.0799350E+02 -1.5359859E-03 -1.1673800E-03 -1.3449094E-03 -5.1530684E-03  0.0000000E+00
  2.0799350E+02 -1.5168763E-03 -1.1407219E-03 -1.3184488E-03 -4.9085502E-03  0.0000000E+00
  2.0799350E+02 -1.4970032E-03 -1.1131450E-03 -1.2870799E-03 -4.6707719E-03  0.0000000E+00
  2.0799350E+02 -1.4696255E-03 -1.0846359E-03 -1.2569970E-03 -4.4392335E-03  0.0000000E+00
  2.0799350E+02 -1.4446853E-03 -1.0561184E-03 -1.2256993E-03 -4.2141158E-03  0.0000000E+00
  2.0799350E+02 -1.4110424E-03 -1.0290240E-03 -1.1892407E-03 -3.9949426E-03  0.0000000E+00
  2.0799350E+02 -1.3711634E-03 -1.0052892E-03 -1.1533646E-03 -3.7835312E-03  0.0000000E+00
  2.0799350E+02 -1.3303256E-03 -9.8414545E-04 -1.1207210E-03 -3.5801251E-03  0.0000000E+00
  2.0799350E+02 -1.2936542E-03 -9.6400162E-04 -1.0920101E-03 -3.3845907E-03  0.0000000E+00
  2.0799350E+02 -1.2646103E-03 -9.4359744E-04 -1.0668777E-03 -3.1974324E-03  0.0000000E+00
  2.0799350E+02 -1.2440006E-03 -9.2231660E-04 -1.0442171E-03 -3.0177691E-03  0.0000000E+00
  2.0799350E+02 -1.2304927E-03 -9.0039803E-04 -1.0228088E-03 -2.8445645E-03  0.0000000E+00
  2.0799350E+02 -1.2214331E-03 -8.7886502E-04 -1.0017470E-03 -2.6776344E-03  0.0000000E+00
  2.0799350E+02 -1.2137684E-03 -8.5887442E-04 -9.8037457E-04 -2.5156268E-03  0.0000000E+00
  2.0799350E+02 -1.2052530E-03 -8.4156955E-04 -9.5867564E-04 -2.3585385E-03  0.0000000E+00
  2.0799350E+02 -1.1950838E-03 -8.2742700E-04 -9.3698050E-04 -2.2057215E-03  0.0000000E+00
  2.0799350E+02 -1.9237661E-02 -1.5338918E-03 -1.8871788E-02 -2.1404089E-02  0.0000000E+00
  2.0799350E+02 -1.2075908E-02 -1.2215084E-03 -6.8238290E-03 -2.1611591E-02  0.0000000E+00
  2.0799350E+02 -1.9597208E-02 -1.6216571E-03 -4.2428702E-03 -2.1834745E-02  0.0000000E+00
  2.0799350E+02 -3.3282633E-02 -2.0753621E-03 -5.3157630E-03 -2.2112740E-02  0.0000000E+00
  2.0799350E+02 -4.4953875E-02 -2.5367969E-03 -8.6204367E-03 -2.2422798E-02  0.0000000E+00
  2.0799350E+02 -5.0960386E-02 -3.0224504E-03 -1.2509134E-02 -2.2729033E-02  0.0000000E+00
  2.0799350E+02 -5.4207818E-02 -3.5441943E-03 -1.5568164E-02 -2.3022453E-02  0.0000000E+00
  2.0799350E+02 -5.6352392E-02 -4.1301176E-03 -1.7164909E-02 -2.3324628E-02  0.0000000E+00
  2.0799350E+02 -5.2012583E-02 -4.8274724E-03 -1.6814131E-02 -2.3661799E-02  0.0000000E+00
  2.0799350E+02 -4.4591432E-02 -5.6243336E-03 -1.5714619E-02 -2.4079126E-02  0.0000000E+00
  2.0799350E+02 -3.6893931E-02 -6.3986000E-03 -1.4722708E-02 -2.4583760E-02  0.0000000E+00
  2.0799350E+02 -2.9839699E-02 -7.0654608E-03 -1.3906132E-02 -2.5165339E-02  0.0000000E+00
  2.0799350E+02 -2.4214219E-02 -7.6251036E-03 -1.3171653E-02 -2.5805059E-02  0.0000000E+00
  2.0799350E+02 -2.0326594E-02 -8.0911757E-03 -1.2501919E-02 -2.6465556E-02  0.0000000E+00
  2.0799350E+02 -1.7649591E-02 -8.4281861E-03 -1.1930373E-02 -2.7095307E-02  0.0000000E+00
  2.0799350E+02 -1.5960570E-02 -8.6654270E-03 -1.1447106E-02 -2.7677602E-02  0.0000000E+00
  2.0799350E+02 -1.4775092E-02 -8.7927914E-03 -1.0941589E-02 -2.8182152E-02  0.0000000E+00
  2.0799350E+02 -1.3957058E-02 -8.8151532E-03 -1.0564471E-02 -2.8600846E-02  0.0000000E+00
  2.0799350E+02 -1.3384500E-02 -8.7888079E-03 -1.0334947E-02 -2.8919326E-02  0.0000000E+00
  2.0799350E+02 -1.2917965E-02 -8.7337093E-03 -1.0139157E-02 -2.9134591E-02  0.0000000E+00
  2.0799350E+02 -1.2507097E-02 -8.6473105E-03 -9.9035510E-03 -2.9246864E-02  0.0000000E+00
  2.0799350E+02 -1.2172771E-02 -8.5212165E-03 -9.6336017E-03 -2.9259640E-02  0.0000000E+00
  2.0799350E+02 -1.1936298E-02 -8.3548164E-03 -9.3754602E-03 -2.9180511E-02  0.0000000E+00
  2.0799350E+02 -1.1758124E-02 -8.1627876E-03 -9.1553535E-03 -2.9022257E-02  0.0000000E+00
  2.0799350E+02 -1.1542683E-02 -7.9667099E-03 -8.9431184E-03 -2.8799244E-02  0.0000000E+00
  2.0799350E+02 -1.1279549E-02 -7.7716258E-03 -8.7023278E-03 -2.8519545E-02  0.0000000E+00
  2.0799350E+02 -1.0907472E-02 -7.5892242E-03 -8.5313097E-03 -2.8190969E-02  0.0000000E+00
  2.0799350E+02 -1.0348772E-02 -7.3610553E-03 -8.2611246E-03 -2.7824946E-02  0.0000000E+00
  2.0799350E+02 -9.8441772E-03 -7.1016613E-03 -7.9371077E-03 -2.7422907E-02  0.0000000E+00
  2.0799350E+02 -9.4275982E-03 -6.8394373E-03 -7.6203872E-03 -2.6990075E-02  0.0000000E+00
  2.0799350E+02 -9.0855947E-03 -6.5827461E-03 -7.3317608E-03 -2.6529276E-02  0.0000000E+00
  2.0799350E+02 -8.7964744E-03 -6.3326268E-03 -7.0720884E-03 -2.6045363E-02  0.0000000E+00
  2.0799350E+02 -8.5411785E-03 -6.0874650E-03 -6.8328086E-03 -2.5540867E-02  0.0000000E+00
  2.0799350E+02 -8.3058210E-03 -5.8488400E-03 -6.6068794E-03 -2.5019247E-02  0.0000000E+00
  2.0799350E+02 -8.0748108E-03 -5.6219850E-03 -6.3926203E-03 -2.4483920E-02  0.0000000E+00
  2.0799350E+02 -7.8259605E-03 -5.4134699E-03 -6.1934917E-03 -2.3937043E-02  0.0000000E+00
  2.0799350E+02 -7.5377038E-03 -5.2279865E-03 -6.0155228E-03 -2.3383261E-02  0.0000000E+00
  2.0799350E+02 -7.2099468E-03 -5.0590486E-03 -5.8574048E-03 -2.2824158E-02  0.0000000E+00
  2.0799350E+02 -6.9151342E-03 -4.8811935E-03 -5.7005049E-03 -2.2262820E-02  0.0000000E+00
  2.0799350E+02 -6.6340562E-03 -4.6719188E-03 -5.4572692E-03 -2.1703507E-02  0.0000000E+00
  2.0799350E+02 -6.3061765E-03 -4.4674275E-03 -5.2144306E-03 -2.1151864E-02  0.0000000E+00
  2.0799350E+02 -6.0386366E-03 -4.2624584E-03 -4.9989585E-03 -2.0610184E-02  0.0000000E+00
  2.0799350E+02 -5.7974271E-03 -4.0641169E-03 -4.7854883E-03 -2.0079065E-02  0.0000000E+00
  2.0799350E+02 -5.5696515E-03 -3.8788422E-03 -4.5708412E-03 -1.9556344E-02  0.0000000E+00
  2.0799350E+02 -5.3533888E-03 -3.7116118E-03 -4.3623426E-03 -1.9042339E-02  0.0000000E+00
  2.0799350E+02 -5.1486415E-03 -3.5633023E-03 -4.1675565E-03 -1.8535244E-02  0.0000000E+00
  2.0799350E+02 -4.9561104E-03 -3.4323782E-03 -3.9919216E-03 -1.8035125E-02  0.0000000E+00
  2.0799350E+02 -4.7762087E-03 -3.3153767E-03 -3.8372295E-03 -1.7542030E-02  0.0000000E+00
  2.0799350E+02 -4.6113497E-03 -3.2090253E-03 -3.7036476E-03 -1.7059036E-02  0.0000000E+00
  2.0799350E+02 -4.4651611E-03 -3.1102821E-03 -3.5898246E-03 -1.6586513E-02  0.0000000E+00
  2.0799350E+02 -4.3437019E-03 -3.0180112E-03 -3.4953823E-03 -1.6125060E-02  0.0000000E+00
  2.0799350E+02 -4.2526335E-03 -2.9328161E-03 -3.4205158E-03 -1.5674219E-02  0.0000000E+00
  2.0799350E+02 -4.1909515E-03 -2.8558128E-03 -3.3632031E-03 -1.5231581E-02  0.0000000E+00
  2.0799350E+02 -4.1402232E-03 -2.7865375E-03 -3.3131473E-03 -1.4796169E-02  0.0000000E+00
  2.0799350E+02 -4.0229916E-03 -2.7272667E-03 -3.2324832E-03 -1.4363797E-02  0.0000000E+00
  2.0799350E+02 -3.8656355E-03 -2.6605621E-03 -3.1472034E-03 -1.3933746E-02  0.0000000E+00
  2.0799350E+02 -3.7122279E-03 -2.5830343E-03 -3.0537736E-03 -1.3504481E-02  0.0000000E+00
  2.0799350E+02 -3.5660802E-03 -2.5014398E-03 -2.9464654E-03 -1.3078049E-02  0.0000000E+00
  2.0799350E+02 -3.4289927E-03 -2.4194812E-03 -2.8332285E-03 -1.2655845E-02  0.0000000E+00
  2.0799350E+02 -3.3019343E-03 -2.3395186E-03 -2.7258968E-03 -1.2240618E-02  0.0000000E+00
  2.0799350E+02 -3.1845265E-03 -2.2630471E-03 -2.6336110E-03 -1.1834277E-02  0.0000000E+00
  2.0799350E+02 -3.0760834E-03 -2.1916129E-03 -2.5605106E-03 -1.1440229E-02  0.0000000E+00
  2.0799350E+02 -2.9748089E-03 -2.1261235E-03 -2.5044286E-03 -1.1058831E-02  0.0000000E+00
  2.0799350E+02 -2.8791737E-03 -2.0673267E-03 -2.4590963E-03 -1.0690185E-02  0.0000000E+00
  2.0799350E+02 -2.7882615E-03 -2.0155022E-03 -2.4165592E-03 -1.0333509E-02  0.0000000E+00
  2.0799350E+02 -2.7021202E-03 -1.9701965E-03 -2.3700026E-03 -9.9867752E-03  0.0000000E+00
  2.0799350E+02 -2.6227096E-03 -1.9303988E-03 -2.3165611E-03 -9.6494826E-03  0.0000000E+00
  2.0799350E+02 -2.5531047E-03 -1.8940813E-03 -2.2581095E-03 -9.3194576E-03  0.0000000E+00
  2.0799350E+02 -2.4979056E-03 -1.8587689E-03 -2.2008804E-03 -8.9958202E-03  0.0000000E+00
  2.0799350E+02 -2.4624294E-03 -1.8219366E-03 -2.1519015E-03 -8.6783735E-03  0.0000000E+00
  2.0799350E+02 -2.4497365E-03 -1.7828312E-03 -2.1137423E-03 -8.3695878E-03  0.0000000E+00
  2.0799350E+02 -2.3985826E-03 -1.7421841E-03 -2.0621379E-03 -8.0663409E-03  0.0000000E+00
  2.0799350E+02 -2.3148244E-03 -1.6984040E-03 -1.9951849E-03 -7.7694529E-03  0.0000000E+00
  2.0799350E+02 -2.2254423E-03 -1.6525711E-03 -1.9256734E-03 -7.4785733E-03  0.0000000E+00
  2.0799350E+02 -2.1424790E-03 -1.6064866E-03 -1.8609884E-03 -7.1943272E-03  0.0000000E+00
  2.0799350E+02 -2.0685196E-03 -1.5615667E-03 -1.8035698E-03 -6.9154987E-03  0.0000000E+00
  2.0799350E+02 -2.0019897E-03 -1.5188184E-03 -1.7527837E-03 -6.6413076E-03  0.0000000E+00
  2.0799350E+02 -1.9400973E-03 -1.4786367E-03 -1.7062053E-03 -6.3710874E-03  0.0000000E+00
  2.0799350E+02 -1.8805428E-03 -1.4407857E-03 -1.6608644E-03 -6.1039750E-03  0.0000000E+00
  2.0799350E+02 -1.8227183E-03 -1.4048235E-03 -1.6146891E-03 -5.8408833E-03  0.0000000E+00
  2.0799350E+02 -1.7670948E-03 -1.3699358E-03 -1.5668449E-03 -5.5817360E-03  0.0000000E+00
  2.0799350E+02 -1.7151372E-03 -1.3354499E-03 -1.5184226E-03 -5.3273230E-03  0.0000000E+00
  2.0799350E+02 -1.6683607E-03 -1.3009131E-03 -1.4720994E-03 -5.0782938E-03  0.0000000E+00
  2.0799350E+02 -1.6278866E-03 -1.2664547E-03 -1.4316063E-03 -4.8367024E-03  0.0000000E+00
  2.0799350E+02 -1.5934414E-03 -1.2324001E-03 -1.3995814E-03 -4.6030900E-03  0.0000000E+00
  2.0799350E+02 -1.5637056E-03 -1.1992987E-03 -1.3753464E-03 -4.3778429E-03  0.0000000E+00
  2.0799350E+02 -1.5369604E-03 -1.1673499E-03 -1.3511829E-03 -4.1598531E-03  0.0000000E+00
  2.0799350E+02 -1.5081240E-03 -1.1367395E-03 -1.3165669E-03 -3.9489107E-03  0.0000000E+00
  2.0799350E+02 -1.4783308E-03 -1.1072248E-03 -1.2847744E-03 -3.7446388E-03  0.0000000E+00
  2.0799350E+02 -1.4532141E-03 -1.0777879E-03 -1.2511137E-03 -3.5450670E-03  0.0000000E+00
  2.0799350E+02 -1.4283331E-03 -1.0491983E-03 -1.2160940E-03 -3.3506663E-03  0.0000000E+00
  2.0799350E+02 -1.4008508E-03 -1.0221760E-03 -1.1809222E-03 -3.1617909E-03  0.0000000E+00
  2.0799350E+02 -1.3700219E-03 -9.9726597E-04 -1.1470402E-03 -2.9797503E-03  0.0000000E+00
  2.0799350E+02 -1.3367292E-03 -9.7444871E-04 -1.1153597E-03 -2.8046575E-03  0.0000000E+00
  2.0799350E+02 -1.3031601E-03 -9.5338551E-04 -1.0863713E-03 -2.6366751E-03  0.0000000E+00
  2.0799350E+02 -1.2720019E-03 -9.3349096E-04 -1.0600768E-03 -2.4753719E-03  0.0000000E+00
  2.0799350E+02 -1.2458804E-03 -9.1427800E-04 -1.0363139E-03 -2.3208656E-03  0.0000000E+00
  2.0799350E+02 -1.2263111E-03 -8.9535780E-04 -1.0146644E-03 -2.1721915E-03  0.0000000E+00
  2.0799350E+02 -1.2134122E-03 -8.7673595E-04 -9.9479318E-04 -2.0285450E-03  0.0000000E+00
  2.0799350E+02 -1.2056457E-03 -8.5879811E-04 -9.7641473E-04 -1.8888737E-03  0.0000000E+00
  2.0799350E+02 -3.0840717E-02 -2.4583564E-03 -1.6701571E-02 -8.3592709E-03  0.0000000E+00
  2.0799350E+02 -8.4433992E-03 -1.7013920E-03 -5.6125495E-03 -8.4467051E-03  0.0000000E+00
  2.0799350E+02 -6.5602027E-03 -2.0060990E-03 -2.8414910E-03 -8.6501983E-03  0.0000000E+00
  2.0799350E+02 -1.0215615E-02 -2.4214037E-03 -2.4183450E-03 -9.0020750E-03  0.0000000E+00
  2.0799350E+02 -1.5946419E-02 -2.9517971E-03 -3.1209722E-03 -9.4427098E-03  0.0000000E+00
  2.0799350E+02 -2.2938868E-02 -3.4609420E-03 -4.5863528E-03 -9.9013782E-03  0.0000000E+00
  2.0799350E+02 -3.1152648E-02 -4.0300154E-03 -6.6146067E-03 -1.0320763E-02  0.0000000E+00
  2.0799350E+02 -4.0041136E-02 -4.7574966E-03 -9.4422579E-03 -1.0650140E-02  0.0000000E+00
  2.0799350E+02 -4.6101678E-02 -5.4150512E-03 -1.2620789E-02 -1.0840116E-02  0.0000000E+00
  2.0799350E+02 -4.9830401E-02 -5.7766284E-03 -1.4942736E-02 -1.0868363E-02  0.0000000E+00
  2.0799350E+02 -5.2313807E-02 -6.0287959E-03 -1.6530231E-02 -1.0757885E-02  0.0000000E+00
  2.0799350E+02 -5.3429709E-02 -6.3219437E-03 -1.7554503E-02 -1.0569507E-02  0.0000000E+00
  2.0799350E+02 -5.2867173E-02 -6.6443599E-03 -1.8032320E-02 -1.0373650E-02  0.0000000E+00
  2.0799350E+02 -5.0489665E-02 -6.9130661E-03 -1.7852090E-02 -1.0219086E-02  0.0000000E+00
  2.0799350E+02 -4.6517807E-02 -7.0912624E-03 -1.7027286E-02 -1.0124489E-02  0.0000000E+00
  2.0799350E+02 -4.0673638E-02 -7.2630031E-03 -1.5940985E-02 -1.0104937E-02  0.0000000E+00
  2.0799350E+02 -3.3930917E-02 -7.3527686E-03 -1.4656524E-02 -1.0162835E-02  0.0000000E+00
  2.0799350E+02 -2.8199350E-02 -7.3469791E-03 -1.3441900E-02 -1.0301747E-02  0.0000000E+00
  2.0799350E+02 -2.3430236E-02 -7.3433182E-03 -1.2372210E-02 -1.0513718E-02  0.0000000E+00
  2.0799350E+02 -1.9703142E-02 -7.3655960E-03 -1.1479524E-02 -1.0783002E-02  0.0000000E+00
  2.0799350E+02 -1.7004564E-02 -7.4091009E-03 -1.0770620E-02 -1.1092042E-02  0.0000000E+00
  2.0799350E+02 -1.5181513E-02 -7.4616622E-03 -1.0237796E-02 -1.1422162E-02  0.0000000E+00
  2.0799350E+02 -1.3961160E-02 -7.5096817E-03 -9.8534916E-03 -1.1755466E-02  0.0000000E+00
  2.0799350E+02 -1.3057472E-02 -7.5365362E-03 -9.5722056E-03 -1.2071110E-02  0.0000000E+00
  2.0799350E+02 -1.2273400E-02 -7.5240807E-03 -9.3302771E-03 -1.2349230E-02  0.0000000E+00
  2.0799350E+02 -1.1615706E-02 -7.4647079E-03 -9.0663219E-03 -1.2575998E-02  0.0000000E+00
  2.0799350E+02 -1.1157126E-02 -7.4097877E-03 -8.7948819E-03 -1.2743209E-02  0.0000000E+00
  2.0799350E+02 -1.0772406E-02 -7.3414994E-03 -8.5144348E-03 -1.2855708E-02  0.0000000E+00
  2.0799350E+02 -1.0497450E-02 -7.2347101E-03 -8.2223097E-03 -1.2914403E-02  0.0000000E+00
  2.0799350E+02 -1.0253562E-02 -7.0893706E-03 -7.9382638E-03 -1.2924428E-02  0.0000000E+00
  2.0799350E+02 -9.9672857E-03 -6.9124462E-03 -7.6787449E-03 -1.2894144E-02  0.0000000E+00
  2.0799350E+02 -9.6186706E-03 -6.7167031E-03 -7.4535323E-03 -1.2831141E-02  0.0000000E+00
  2.0799350E+02 -9.2399309E-03 -6.5158521E-03 -7.2626949E-03 -1.2740155E-02  0.0000000E+00
  2.0799350E+02 -8.8914685E-03 -6.3223765E-03 -7.0993921E-03 -1.2623862E-02  0.0000000E+00
  2.0799350E+02 -8.6206371E-03 -6.1424590E-03 -6.9507766E-03 -1.2483598E-02  0.0000000E+00
  2.0799350E+02 -8.4295905E-03 -5.9742345E-03 -6.8028631E-03 -1.2320729E-02  0.0000000E+00
  2.0799350E+02 -8.2667281E-03 -5.8088839E-03 -6.6471398E-03 -1.2137676E-02  0.0000000E+00
  2.0799350E+02 -8.0581907E-03 -5.6343990E-03 -6.4876298E-03 -1.1935956E-02  0.0000000E+00
  2.0799350E+02 -7.8007249E-03 -5.4473947E-03 -6.3523984E-03 -1.1715225E-02  0.0000000E+00
  2.0799350E+02 -7.5812532E-03 -5.2813101E-03 -6.1831170E-03 -1.1481069E-02  0.0000000E+00
  2.0799350E+02 -7.3002658E-03 -5.0869573E-03 -5.9109973E-03 -1.1238077E-02  0.0000000E+00
  2.0799350E+02 -6.9765980E-03 -4.8749672E-03 -5.6472872E-03 -1.0983557E-02  0.0000000E+00
  2.0799350E+02 -6.6361525E-03 -4.6700597E-03 -5.4067222E-03 -1.0722685E-02  0.0000000E+00
  2.0799350E+02 -6.3184503E-03 -4.4784645E-03 -5.1919112E-03 -1.0459920E-02  0.0000000E+00
  2.0799350E+02 -6.0498612E-03 -4.2981633E-03 -4.9982727E-03 -1.0197777E-02  0.0000000E+00
  2.0799350E+02 -5.8352022E-03 -4.1262069E-03 -4.8192515E-03 -9.9376336E-03  0.0000000E+00
  2.0799350E+02 -5.6605023E-03 -3.9621618E-03 -4.6495889E-03 -9.6804541E-03  0.0000000E+00
  2.0799350E+02 -5.5014799E-03 -3.8073826E-03 -4.4856819E-03 -9.4252861E-03  0.0000000E+00
  2.0799350E+02 -5.3376469E-03 -3.6652786E-03 -4.3276077E-03 -9.1721123E-03  0.0000000E+00
  2.0799350E+02 -5.1619926E-03 -3.5379578E-03 -4.1773360E-03 -8.9203402E-03  0.0000000E+00
  2.0799350E+02 -4.9867027E-03 -3.4246582E-03 -4.0379838E-03 -8.6699726E-03  0.0000000E+00
  2.0799350E+02 -4.8369641E-03 -3.3201468E-03 -3.9112545E-03 -8.4202987E-03  0.0000000E+00
  2.0799350E+02 -4.7334779E-03 -3.2171756E-03 -3.7971580E-03 -8.1729802E-03  0.0000000E+00
  2.0799350E+02 -4.6531744E-03 -3.1101669E-03 -3.6915233E-03 -7.9310366E-03  0.0000000E+00
  2.0799350E+02 -4.5087530E-03 -3.0177831E-03 -3.5443111E-03 -7.6927709E-03  0.0000000E+00
  2.0799350E+02 -4.3272955E-03 -2.9224001E-03 -3.3959502E-03 -7.4587847E-03  0.0000000E+00
  2.0799350E+02 -4.1600469E-03 -2.8275313E-03 -3.2844654E-03 -7.2299312E-03  0.0000000E+00
  2.0799350E+02 -4.0176357E-03 -2.7433527E-03 -3.1939916E-03 -7.0037501E-03  0.0000000E+00
  2.0799350E+02 -3.8887962E-03 -2.6685020E-03 -3.1104864E-03 -6.7786398E-03  0.0000000E+00
  2.0799350E+02 -3.7594052E-03 -2.5976096E-03 -3.0249953E-03 -6.5539168E-03  0.0000000E+00
  2.0799350E+02 -3.6223943E-03 -2.5259217E-03 -2.9346110E-03 -6.3299629E-03  0.0000000E+00
  2.0799350E+02 -3.4794608E-03 -2.4509725E-03 -2.8410213E-03 -6.1065445E-03  0.0000000E+00
  2.0799350E+02 -3.3402086E-03 -2.3736914E-03 -2.7495389E-03 -5.8849946E-03  0.0000000E+00
  2.0799350E+02 -3.2160891E-03 -2.2970666E-03 -2.6660594E-03 -5.6665864E-03  0.0000000E+00
  2.0799350E+02 -3.1146662E-03 -2.2247180E-03 -2.5947848E-03 -5.4527946E-03  0.0000000E+00
  2.0799350E+02 -3.0350250E-03 -2.1593124E-03 -2.5364433E-03 -5.2454643E-03  0.0000000E+00
  2.0799350E+02 -2.9658765E-03 -2.1008477E-03 -2.4871484E-03 -5.0451400E-03  0.0000000E+00
  2.0799350E+02 -2.8903042E-03 -2.0469910E-03 -2.4398593E-03 -4.8527955E-03  0.0000000E+00
  2.0799350E+02 -2.7965922E-03 -1.9937858E-03 -2.3870257E-03 -4.6678550E-03  0.0000000E+00
  2.0799350E+02 -2.6992726E-03 -1.9389873E-03 -2.3264957E-03 -4.4878079E-03  0.0000000E+00
  2.0799350E+02 -2.6407805E-03 -1.8902613E-03 -2.2673047E-03 -4.3114422E-03  0.0000000E+00
  2.0799350E+02 -2.5540178E-03 -1.8491716E-03 -2.2031171E-03 -4.1428568E-03  0.0000000E+00
  2.0799350E+02 -2.4703587E-03 -1.8067891E-03 -2.1390240E-03 -3.9755655E-03  0.0000000E+00
  2.0799350E+02 -2.3914512E-03 -1.7645025E-03 -2.0769408E-03 -3.8108096E-03  0.0000000E+00
  2.0799350E+02 -2.3170431E-03 -1.7220656E-03 -2.0157329E-03 -3.6488645E-03  0.0000000E+00
  2.0799350E+02 -2.2464254E-03 -1.6789239E-03 -1.9541773E-03 -3.4897605E-03  0.0000000E+00
  2.0799350E+02 -2.1786946E-03 -1.6346383E-03 -1.8919531E-03 -3.3325055E-03  0.0000000E+00
  2.0799350E+02 -2.1137488E-03 -1.5896159E-03 -1.8305672E-03 -3.1768919E-03  0.0000000E+00
  2.0799350E+02 -2.0517477E-03 -1.5447801E-03 -1.7724473E-03 -3.0224998E-03  0.0000000E+00
  2.0799350E+02 -1.9930756E-03 -1.5014537E-03 -1.7201792E-03 -2.8692586E-03  0.0000000E+00
  2.0799350E+02 -1.9376162E-03 -1.4606794E-03 -1.6750810E-03 -2.7163996E-03  0.0000000E+00
  2.0799350E+02 -1.8850772E-03 -1.4232602E-03 -1.6368571E-03 -2.5640129E-03  0.0000000E+00
  2.0799350E+02 -1.8344921E-03 -1.3891341E-03 -1.6028678E-03 -2.4120173E-03  0.0000000E+00
  2.0799350E+02 -1.7845433E-03 -1.3573079E-03 -1.5687161E-03 -2.2604922E-03  0.0000000E+00
  2.0799350E+02 -1.7343107E-03 -1.3260569E-03 -1.5299937E-03 -2.1100845E-03  0.0000000E+00
  2.0799350E+02 -1.6841581E-03 -1.2932456E-03 -1.4851854E-03 -1.9612482E-03  0.0000000E+00
  2.0799350E+02 -1.6381780E-03 -1.2576652E-03 -1.4410755E-03 -1.8161891E-03  0.0000000E+00
  2.0799350E+02 -1.5978670E-03 -1.2214631E-03 -1.4030178E-03 -1.6765480E-03  0.0000000E+00
  2.0799350E+02 -1.5548900E-03 -1.1865087E-03 -1.3593048E-03 -1.5428002E-03  0.0000000E+00
  2.0799350E+02 -1.5153183E-03 -1.1514368E-03 -1.3203265E-03 -1.4156183E-03  0.0000000E+00
  2.0799350E+02 -1.4778512E-03 -1.1172625E-03 -1.2819253E-03 -1.2927535E-03  0.0000000E+00
  2.0799350E+02 -1.4431756E-03 -1.0851132E-03 -1.2442195E-03 -1.1735338E-03  0.0000000E+00
  2.0799350E+02 -1.4121644E-03 -1.0556829E-03 -1.2086506E-03 -1.0577274E-03  0.0000000E+00
  2.0799350E+02 -1.3851323E-03 -1.0291761E-03 -1.1764478E-03 -9.4552350E-04  0.0000000E+00
  2.0799350E+02 -1.3616224E-03 -1.0053755E-03 -1.1479461E-03 -8.3749908E-04  0.0000000E+00
  2.0799350E+02 -1.3404125E-03 -9.8361712E-04 -1.1223332E-03 -7.3370833E-04  0.0000000E+00
  2.0799350E+02 -1.3201666E-03 -9.6322293E-04 -1.0983186E-03 -6.3464386E-04  0.0000000E+00
  2.0799350E+02 -1.2997881E-03 -9.4354185E-04 -1.0745448E-03 -5.4038998E-04  0.0000000E+00
  2.0799350E+02 -1.2789283E-03 -9.2417212E-04 -1.0502682E-03 -4.5075360E-04  0.0000000E+00
  2.0799350E+02 -1.2582809E-03 -9.0510230E-04 -1.0258317E-03 -3.6540057E-04  0.0000000E+00
  2.0799350E+02 -7.2028945E-02 -2.3005798E-03 -3.2832845E-02 -1.1722352E-03  0.0000000E+00
  2.0799350E+02 -1.7811042E-02 -2.9671050E-03 -1.0792937E-02 -1.2698707E-03  0.0000000E+00
  2.0799350E+02 -1.3380631E-02 -4.4383803E-03 -5.9648628E-03 -1.7722486E-03  0.0000000E+00
  2.0799350E+02 -1.6694449E-02 -5.2792657E-03 -5.7251625E-03 -2.6739363E-03  0.0000000E+00
  2.0799350E+02 -1.9966795E-02 -6.1233090E-03 -6.8334488E-03 -3.7334330E-03  0.0000000E+00
  2.0799350E+02 -2.3338440E-02 -7.0779505E-03 -8.7145894E-03 -4.7512167E-03  0.0000000E+00
  2.0799350E+02 -2.6968763E-02 -7.9216404E-03 -1.1209660E-02 -5.6215403E-03  0.0000000E+00
  2.0799350E+02 -3.1765268E-02 -8.7024410E-03 -1.3827033E-02 -6.2900784E-03  0.0000000E+00
  2.0799350E+02 -3.6256358E-02 -9.4173217E-03 -1.5941368E-02 -6.7149555E-03  0.0000000E+00
  2.0799350E+02 -4.0268826E-02 -9.9936574E-03 -1.7597731E-02 -6.8776088E-03  0.0000000E+00
  2.0799350E+02 -4.4047402E-02 -1.0537796E-02 -1.9326905E-02 -6.7859315E-03  0.0000000E+00
  2.0799350E+02 -4.7575108E-02 -1.0957640E-02 -2.1026981E-02 -6.4703078E-03  0.0000000E+00
  2.0799350E+02 -5.0627895E-02 -1.1062428E-02 -2.2299490E-02 -5.9780609E-03  0.0000000E+00
  2.0799350E+02 -5.2685177E-02 -1.0885610E-02 -2.3010774E-02 -5.3649577E-03  0.0000000E+00
  2.0799350E+02 -5.3651495E-02 -1.0692938E-02 -2.3353625E-02 -4.6841891E-03  0.0000000E+00
  2.0799350E+02 -5.3315683E-02 -1.0388615E-02 -2.2594060E-02 -3.9730108E-03  0.0000000E+00
  2.0799350E+02 -4.8661099E-02 -9.8982132E-03 -2.1000763E-02 -3.2652438E-03  0.0000000E+00
  2.0799350E+02 -4.3950291E-02 -9.3039061E-03 -1.9220326E-02 -2.5757739E-03  0.0000000E+00
  2.0799350E+02 -3.9587904E-02 -8.7722241E-03 -1.7427981E-02 -1.9372728E-03  0.0000000E+00
  2.0799350E+02 -3.5271606E-02 -8.3789160E-03 -1.5859133E-02 -1.3828347E-03  0.0000000E+00
  2.0799350E+02 -3.0879911E-02 -8.1149968E-03 -1.4593935E-02 -9.2948248E-04  0.0000000E+00
  2.0799350E+02 -2.6686740E-02 -7.9260014E-03 -1.3564613E-02 -5.8270600E-04  0.0000000E+00
  2.0799350E+02 -2.3090522E-02 -7.7543704E-03 -1.2647192E-02 -3.3860581E-04  0.0000000E+00
  2.0799350E+02 -2.0250558E-02 -7.5758227E-03 -1.1780773E-02 -1.8982930E-04  0.0000000E+00
  2.0799350E+02 -1.7995187E-02 -7.4116289E-03 -1.1031051E-02 -1.2898744E-04  0.0000000E+00
  2.0799350E+02 -1.6209682E-02 -7.2943201E-03 -1.0482674E-02 -1.3634018E-04  0.0000000E+00
  2.0799350E+02 -1.4361316E-02 -7.2071808E-03 -9.8492177E-03 -1.8995281E-04  0.0000000E+00
  2.0799350E+02 -1.2735048E-02 -7.0714611E-03 -9.2921983E-03 -2.6905220E-04  0.0000000E+00
  2.0799350E+02 -1.1597085E-02 -6.9396583E-03 -8.8531152E-03 -3.6046105E-04  0.0000000E+00
  2.0799350E+02 -1.0770729E-02 -6.8261073E-03 -8.4696188E-03 -4.5463626E-04  0.0000000E+00
  2.0799350E+02 -1.0187835E-02 -6.7166039E-03 -8.1136747E-03 -5.4019391E-04  0.0000000E+00
  2.0799350E+02 -9.7949684E-03 -6.5966924E-03 -7.7821107E-03 -6.0924334E-04  0.0000000E+00
  2.0799350E+02 -9.5256479E-03 -6.4638439E-03 -7.4877906E-03 -6.5828776E-04  0.0000000E+00
  2.0799350E+02 -9.3033620E-03 -6.3258867E-03 -7.2443619E-03 -6.8835518E-04  0.0000000E+00
  2.0799350E+02 -9.0686568E-03 -6.1923951E-03 -7.0546816E-03 -7.0326164E-04  0.0000000E+00
  2.0799350E+02 -8.8091871E-03 -6.0669411E-03 -6.9085512E-03 -7.0716483E-04  0.0000000E+00
  2.0799350E+02 -8.5674656E-03 -5.9413809E-03 -6.7858038E-03 -7.0314340E-04  0.0000000E+00
  2.0799350E+02 -8.4094131E-03 -5.7998833E-03 -6.6733011E-03 -6.9283612E-04  0.0000000E+00
  2.0799350E+02 -8.3379031E-03 -5.6398502E-03 -6.5995458E-03 -6.7853535E-04  0.0000000E+00
  2.0799350E+02 -8.0778284E-03 -5.4934494E-03 -6.4638131E-03 -6.5981607E-04  0.0000000E+00
  2.0799350E+02 -7.6713346E-03 -5.3364737E-03 -6.2286691E-03 -6.3515306E-04  0.0000000E+00
  2.0799350E+02 -7.3076463E-03 -5.1688886E-03 -6.0010860E-03 -6.0529579E-04  0.0000000E+00
  2.0799350E+02 -6.9987489E-03 -4.9973781E-03 -5.7609448E-03 -5.6684550E-04  0.0000000E+00
  2.0799350E+02 -6.7342109E-03 -4.8266001E-03 -5.5218070E-03 -5.1930139E-04  0.0000000E+00
  2.0799350E+02 -6.4985731E-03 -4.6583785E-03 -5.3020827E-03 -4.6443763E-04  0.0000000E+00
  2.0799350E+02 -6.2805593E-03 -4.4917991E-03 -5.1103980E-03 -4.0517413E-04  0.0000000E+00
  2.0799350E+02 -6.0782502E-03 -4.3263085E-03 -4.9448216E-03 -3.4521253E-04  0.0000000E+00
  2.0799350E+02 -5.8956246E-03 -4.1623291E-03 -4.7955935E-03 -2.8784734E-04  0.0000000E+00
  2.0799350E+02 -5.7368712E-03 -4.0015374E-03 -4.6519980E-03 -2.3487746E-04  0.0000000E+00
  2.0799350E+02 -5.6027967E-03 -3.8487888E-03 -4.5111452E-03 -1.8664036E-04  0.0000000E+00
  2.0799350E+02 -5.4860381E-03 -3.7102796E-03 -4.3807936E-03 -1.4152809E-04  0.0000000E+00
  2.0799350E+02 -5.3708932E-03 -3.5902954E-03 -4.2750906E-03 -9.6132042E-05  0.0000000E+00
  2.0799350E+02 -5.2411272E-03 -3.4880495E-03 -4.2015242E-03 -4.6744713E-05  0.0000000E+00
  2.0799350E+02 -5.0931626E-03 -3.3888425E-03 -4.1307232E-03  9.5478881E-06  0.0000000E+00
  2.0799350E+02 -4.8585386E-03 -3.2837687E-03 -3.9442162E-03  6.8968450E-05  0.0000000E+00
  2.0799350E+02 -4.6359389E-03 -3.1767645E-03 -3.7345231E-03  1.2649065E-04  0.0000000E+00
  2.0799350E+02 -4.4659703E-03 -3.0657101E-03 -3.5523727E-03  1.8197489E-04  0.0000000E+00
  2.0799350E+02 -4.3118452E-03 -2.9593513E-03 -3.3940391E-03  2.3444785E-04  0.0000000E+00
  2.0799350E+02 -4.1649204E-03 -2.8609549E-03 -3.2602288E-03  2.8391120E-04  0.0000000E+00
  2.0799350E+02 -4.0264872E-03 -2.7702622E-03 -3.1506532E-03  3.3105792E-04  0.0000000E+00
  2.0799350E+02 -3.8991118E-03 -2.6861623E-03 -3.0630280E-03  3.7643465E-04  0.0000000E+00
  2.0799350E+02 -3.7816027E-03 -2.6072227E-03 -2.9919180E-03  4.2049551E-04  0.0000000E+00
  2.0799350E+02 -3.6685384E-03 -2.5319163E-03 -2.9296234E-03  4.6370904E-04  0.0000000E+00
  2.0799350E+02 -3.5541034E-03 -2.4596002E-03 -2.8687675E-03  5.0609592E-04  0.0000000E+00
  2.0799350E+02 -3.4351731E-03 -2.3900278E-03 -2.8040324E-03  5.4748112E-04  0.0000000E+00
  2.0799350E+02 -3.3137440E-03 -2.3228101E-03 -2.7335675E-03  5.8773748E-04  0.0000000E+00
  2.0799350E+02 -3.1990675E-03 -2.2579758E-03 -2.6604853E-03  6.2633993E-04  0.0000000E+00
  2.0799350E+02 -3.1029591E-03 -2.1949256E-03 -2.5910912E-03  6.6288839E-04  0.0000000E+00
  2.0799350E+02 -3.0324790E-03 -2.1332575E-03 -2.5326908E-03  6.9656940E-04  0.0000000E+00
  2.0799350E+02 -2.9733579E-03 -2.0728182E-03 -2.4873278E-03  7.2618941E-04  0.0000000E+00
  2.0799350E+02 -2.8507360E-03 -2.0176035E-03 -2.4270751E-03  7.5168036E-04  0.0000000E+00
  2.0799350E+02 -2.7006485E-03 -1.9660048E-03 -2.3225733E-03  7.7634254E-04  0.0000000E+00
  2.0799350E+02 -2.5974226E-03 -1.9092026E-03 -2.2288204E-03  7.9831588E-04  0.0000000E+00
  2.0799350E+02 -2.5131877E-03 -1.8520321E-03 -2.1494637E-03  8.1890201E-04  0.0000000E+00
  2.0799350E+02 -2.4351234E-03 -1.7977352E-03 -2.0839075E-03  8.3873028E-04  0.0000000E+00
  2.0799350E+02 -2.3591498E-03 -1.7477247E-03 -2.0287552E-03  8.5818445E-04  0.0000000E+00
  2.0799350E+02 -2.2853633E-03 -1.7016764E-03 -1.9793035E-03  8.7769837E-04  0.0000000E+00
  2.0799350E+02 -2.2159464E-03 -1.6585967E-03 -1.9314845E-03  8.9764308E-04  0.0000000E+00
  2.0799350E+02 -2.1523433E-03 -1.6167802E-03 -1.8821238E-03  9.1862978E-04  0.0000000E+00
  2.0799350E+02 -2.0951382E-03 -1.5749013E-03 -1.8300758E-03  9.4126007E-04  0.0000000E+00
  2.0799350E+02 -2.0434384E-03 -1.5322830E-03 -1.7761624E-03  9.6615107E-04  0.0000000E+00
  2.0799350E+02 -1.9949677E-03 -1.4889914E-03 -1.7226298E-03  9.9398229E-04  0.0000000E+00
  2.0799350E+02 -1.9472279E-03 -1.4463029E-03 -1.6730001E-03  1.0251463E-03  0.0000000E+00
  2.0799350E+02 -1.8980372E-03 -1.4061711E-03 -1.6306267E-03  1.0597507E-03  0.0000000E+00
  2.0799350E+02 -1.8460555E-03 -1.3702773E-03 -1.5968979E-03  1.0977369E-03  0.0000000E+00
  2.0799350E+02 -1.7918138E-03 -1.3391501E-03 -1.5695612E-03  1.1384897E-03  0.0000000E+00
  2.0799350E+02 -1.7376044E-03 -1.3100354E-03 -1.5398758E-03  1.1809978E-03  0.0000000E+00
  2.0799350E+02 -1.6850786E-03 -1.2798977E-03 -1.4884318E-03  1.2245575E-03  0.0000000E+00
  2.0799350E+02 -1.6345197E-03 -1.2496290E-03 -1.4310036E-03  1.2680060E-03  0.0000000E+00
  2.0799350E+02 -1.5857334E-03 -1.2139543E-03 -1.3794610E-03  1.3091297E-03  0.0000000E+00
  2.0799350E+02 -1.5386529E-03 -1.1759275E-03 -1.3319536E-03  1.3470762E-03  0.0000000E+00
  2.0799350E+02 -1.4947005E-03 -1.1382553E-03 -1.2881999E-03  1.3817849E-03  0.0000000E+00
  2.0799350E+02 -1.4551680E-03 -1.1027650E-03 -1.2483038E-03  1.4137251E-03  0.0000000E+00
  2.0799350E+02 -1.4209139E-03 -1.0706529E-03 -1.2125779E-03  1.4432673E-03  0.0000000E+00
  2.0799350E+02 -1.3918840E-03 -1.0422951E-03 -1.1809895E-03  1.4707031E-03  0.0000000E+00
  2.0799350E+02 -1.3671572E-03 -1.0172672E-03 -1.1529671E-03  1.4962863E-03  0.0000000E+00
  2.0799350E+02 -1.3456142E-03 -9.9484390E-04 -1.1278114E-03  1.5199552E-03  0.0000000E+00
  2.0799350E+02 -1.3262290E-03 -9.7409403E-04 -1.1047055E-03  1.5415378E-03  0.0000000E+00
  2.0799350E+02 -1.3083870E-03 -9.5405340E-04 -1.0828268E-03  1.5609354E-03  0.0000000E+00
  2.0799350E+02 -1.2922534E-03 -9.3415044E-04 -1.0617282E-03  1.5780173E-03  0.0000000E+00
  2.0799350E+02 -1.1338103E-01 -2.5142372E-05 -9.5889166E-02  1.9262190E-02  0.0000000E+00
  2.0799350E+02 -2.8974971E-02 -4.3064171E-03 -2.9523906E-02  1.9084325E-02  0.0000000E+00
  2.0799350E+02 -2.7088686E-02 -7.3372123E-03 -1.5506710E-02  1.7942091E-02  0.0000000E+00
  2.0799350E+02 -2.8002565E-02 -9.0308284E-03 -1.5715830E-02  1.5986239E-02  0.0000000E+00
  2.0799350E+02 -2.8554889E-02 -1.0545826E-02 -1.8372492E-02  1.3814770E-02  0.0000000E+00
  2.0799350E+02 -3.0687775E-02 -1.1994208E-02 -2.1294893E-02  1.1840122E-02  0.0000000E+00
  2.0799350E+02 -3.3395681E-02 -1.3455625E-02 -2.3895060E-02  1.0237882E-02  0.0000000E+00
  2.0799350E+02 -3.7203109E-02 -1.4796151E-02 -2.6024798E-02  9.0300305E-03  0.0000000E+00
  2.0799350E+02 -4.0956272E-02 -1.5810448E-02 -2.7315423E-02  8.1884346E-03  0.0000000E+00
  2.0799350E+02 -4.4700031E-02 -1.6377489E-02 -2.7328592E-02  7.6774224E-03  0.0000000E+00
  2.0799350E+02 -4.7710426E-02 -1.6797318E-02 -2.7978646E-02  7.4691497E-03  0.0000000E+00
  2.0799350E+02 -4.9741178E-02 -1.7126549E-02 -2.9404374E-02  7.5430748E-03  0.0000000E+00
  2.0799350E+02 -5.1460641E-02 -1.7182496E-02 -3.0317847E-02  7.8728653E-03  0.0000000E+00
  2.0799350E+02 -5.3450871E-02 -1.6867343E-02 -3.0127938E-02  8.4200466E-03  0.0000000E+00
  2.0799350E+02 -5.5425977E-02 -1.6326582E-02 -2.9770520E-02  9.1332479E-03  0.0000000E+00
  2.0799350E+02 -5.4851297E-02 -1.5598593E-02 -2.8482375E-02  9.9615139E-03  0.0000000E+00
  2.0799350E+02 -5.1261857E-02 -1.4575976E-02 -2.6511883E-02  1.0871092E-02  0.0000000E+00
  2.0799350E+02 -4.7251729E-02 -1.3484151E-02 -2.4235493E-02  1.1815708E-02  0.0000000E+00
  2.0799350E+02 -4.3094514E-02 -1.2484392E-02 -2.1849598E-02  1.2744276E-02  0.0000000E+00
  2.0799350E+02 -3.9342358E-02 -1.1609158E-02 -1.9781593E-02  1.3605629E-02  0.0000000E+00
  2.0799350E+02 -3.6086903E-02 -1.0851380E-02 -1.8178876E-02  1.4361270E-02  0.0000000E+00
  2.0799350E+02 -3.3002444E-02 -1.0197278E-02 -1.6885947E-02  1.4987167E-02  0.0000000E+00
  2.0799350E+02 -2.9771055E-02 -9.6267126E-03 -1.5676941E-02  1.5470707E-02  0.0000000E+00
  2.0799350E+02 -2.6498112E-02 -9.1076434E-03 -1.4515816E-02  1.5806692E-02  0.0000000E+00
  2.0799350E+02 -2.3725431E-02 -8.6109389E-03 -1.3615678E-02  1.5996638E-02  0.0000000E+00
  2.0799350E+02 -2.1649215E-02 -8.1717648E-03 -1.3068788E-02  1.6055569E-02  0.0000000E+00
  2.0799350E+02 -1.7734786E-02 -7.7910864E-03 -1.1741878E-02  1.6006090E-02  0.0000000E+00
  2.0799350E+02 -1.5160064E-02 -7.3682253E-03 -1.0524654E-02  1.5865047E-02  0.0000000E+00
  2.0799350E+02 -1.3756613E-02 -7.0428248E-03 -9.7059462E-03  1.5653434E-02  0.0000000E+00
  2.0799350E+02 -1.2686653E-02 -6.8138551E-03 -9.1141315E-03  1.5391025E-02  0.0000000E+00
  2.0799350E+02 -1.1708288E-02 -6.6377330E-03 -8.6370407E-03  1.5095141E-02  0.0000000E+00
  2.0799350E+02 -1.0833611E-02 -6.4775634E-03 -8.2183006E-03  1.4779097E-02  0.0000000E+00
  2.0799350E+02 -1.0121896E-02 -6.3195423E-03 -7.8401735E-03  1.4451502E-02  0.0000000E+00
  2.0799350E+02 -9.5886134E-03 -6.1695763E-03 -7.5056807E-03  1.4117450E-02  0.0000000E+00
  2.0799350E+02 -9.1937004E-03 -6.0388890E-03 -7.2222875E-03  1.3780452E-02  0.0000000E+00
  2.0799350E+02 -8.8754090E-03 -5.9280104E-03 -6.9910485E-03  1.3444223E-02  0.0000000E+00
  2.0799350E+02 -8.5960892E-03 -5.8185480E-03 -6.8051097E-03  1.3113475E-02  0.0000000E+00
  2.0799350E+02 -8.3662434E-03 -5.6821366E-03 -6.6614682E-03  1.2792837E-02  0.0000000E+00
  2.0799350E+02 -8.2131958E-03 -5.5159643E-03 -6.5898855E-03  1.2483041E-02  0.0000000E+00
  2.0799350E+02 -7.8985572E-03 -5.3707329E-03 -6.4153617E-03  1.2177960E-02  0.0000000E+00
  2.0799350E+02 -7.5371998E-03 -5.2295318E-03 -6.1819451E-03  1.1874600E-02  0.0000000E+00
  2.0799350E+02 -7.2430366E-03 -5.0979334E-03 -6.0029114E-03  1.1573588E-02  0.0000000E+00
  2.0799350E+02 -6.9560546E-03 -4.9689646E-03 -5.8058640E-03  1.1277915E-02  0.0000000E+00
  2.0799350E+02 -6.6738625E-03 -4.8344095E-03 -5.5887627E-03  1.0989937E-02  0.0000000E+00
  2.0799350E+02 -6.4169159E-03 -4.6899535E-03 -5.3748346E-03  1.0710912E-02  0.0000000E+00
  2.0799350E+02 -6.2059258E-03 -4.5367189E-03 -5.1856059E-03  1.0440961E-02  0.0000000E+00
  2.0799350E+02 -6.0495639E-03 -4.3802222E-03 -5.0285302E-03  1.0179323E-02  0.0000000E+00
  2.0799350E+02 -5.9405825E-03 -4.2277784E-03 -4.8956858E-03  9.9248028E-03  0.0000000E+00
  2.0799350E+02 -5.8584643E-03 -4.0853844E-03 -4.7700197E-03  9.6762839E-03  0.0000000E+00
  2.0799350E+02 -5.7767168E-03 -3.9551064E-03 -4.6356101E-03  9.4331901E-03  0.0000000E+00
  2.0799350E+02 -5.6729282E-03 -3.8340020E-03 -4.4884241E-03  9.1957829E-03  0.0000000E+00
  2.0799350E+02 -5.5397004E-03 -3.7156044E-03 -4.3440450E-03  8.9651752E-03  0.0000000E+00
  2.0799350E+02 -5.3945741E-03 -3.5949971E-03 -4.2388429E-03  8.7429436E-03  0.0000000E+00
  2.0799350E+02 -5.2870630E-03 -3.4785075E-03 -4.2210646E-03  8.5302229E-03  0.0000000E+00
  2.0799350E+02 -5.0739967E-03 -3.3798575E-03 -4.1430702E-03  8.3267806E-03  0.0000000E+00
  2.0799350E+02 -4.8048061E-03 -3.2778186E-03 -3.9344769E-03  8.1354365E-03  0.0000000E+00
  2.0799350E+02 -4.6024275E-03 -3.1731137E-03 -3.7359653E-03  7.9544138E-03  0.0000000E+00
  2.0799350E+02 -4.4231683E-03 -3.0675439E-03 -3.5539164E-03  7.7808277E-03  0.0000000E+00
  2.0799350E+02 -4.2546328E-03 -2.9640158E-03 -3.3944517E-03  7.6123334E-03  0.0000000E+00
  2.0799350E+02 -4.0988575E-03 -2.8652353E-03 -3.2609115E-03  7.4473082E-03  0.0000000E+00
  2.0799350E+02 -3.9612842E-03 -2.7729624E-03 -3.1529009E-03  7.2848611E-03  0.0000000E+00
  2.0799350E+02 -3.8445829E-03 -2.6877258E-03 -3.0665457E-03  7.1247129E-03  0.0000000E+00
  2.0799350E+02 -3.7463327E-03 -2.6088976E-03 -2.9955957E-03  6.9669930E-03  0.0000000E+00
  2.0799350E+02 -3.6595732E-03 -2.5350282E-03 -2.9330155E-03  6.8119971E-03  0.0000000E+00
  2.0799350E+02 -3.5750929E-03 -2.4642259E-03 -2.8726026E-03  6.6597019E-03  0.0000000E+00
  2.0799350E+02 -3.4853054E-03 -2.3951710E-03 -2.8108673E-03  6.5105769E-03  0.0000000E+00
  2.0799350E+02 -3.3866587E-03 -2.3269336E-03 -2.7473355E-03  6.3639881E-03  0.0000000E+00
  2.0799350E+02 -3.2823086E-03 -2.2598116E-03 -2.6848719E-03  6.2192564E-03  0.0000000E+00
  2.0799350E+02 -3.1820306E-03 -2.1953413E-03 -2.6281968E-03  6.0756374E-03  0.0000000E+00
  2.0799350E+02 -3.0992003E-03 -2.1360835E-03 -2.5808248E-03  5.9327859E-03  0.0000000E+00
  2.0799350E+02 -3.0135252E-03 -2.0830754E-03 -2.5076650E-03  5.7910640E-03  0.0000000E+00
  2.0799350E+02 -2.8433475E-03 -2.0266801E-03 -2.3841567E-03  5.6507284E-03  0.0000000E+00
  2.0799350E+02 -2.6854668E-03 -1.9703802E-03 -2.2884628E-03  5.5132624E-03  0.0000000E+00
  2.0799350E+02 -2.5594700E-03 -1.9160452E-03 -2.2040753E-03  5.3790428E-03  0.0000000E+00
  2.0799350E+02 -2.4641930E-03 -1.8638764E-03 -2.1272782E-03  5.2482814E-03  0.0000000E+00
  2.0799350E+02 -2.3896679E-03 -1.8133052E-03 -2.0592555E-03  5.1211573E-03  0.0000000E+00
  2.0799350E+02 -2.3248743E-03 -1.7636044E-03 -2.0013351E-03  4.9979026E-03  0.0000000E+00
  2.0799350E+02 -2.2620124E-03 -1.7142535E-03 -1.9527610E-03  4.8788467E-03  0.0000000E+00
  2.0799350E+02 -2.1980237E-03 -1.6651052E-03 -1.9103814E-03  4.7644260E-03  0.0000000E+00
  2.0799350E+02 -2.1340771E-03 -1.6163953E-03 -1.8696448E-03  4.6551636E-03  0.0000000E+00
  2.0799350E+02 -2.0737456E-03 -1.5686411E-03 -1.8262917E-03  4.5516254E-03  0.0000000E+00
  2.0799350E+02 -2.0205924E-03 -1.5224728E-03 -1.7781340E-03  4.4543584E-03  0.0000000E+00
  2.0799350E+02 -1.9758904E-03 -1.4784410E-03 -1.7263108E-03  4.3638158E-03  0.0000000E+00
  2.0799350E+02 -1.9371957E-03 -1.4368461E-03 -1.6754105E-03  4.2802766E-03  0.0000000E+00
  2.0799350E+02 -1.8984959E-03 -1.3976322E-03 -1.6318498E-03  4.2037632E-03  0.0000000E+00
  2.0799350E+02 -1.8526579E-03 -1.3603911E-03 -1.5998992E-03  4.1339647E-03  0.0000000E+00
  2.0799350E+02 -1.7968928E-03 -1.3245196E-03 -1.5747442E-03  4.0701698E-03  0.0000000E+00
  2.0799350E+02 -1.7274194E-03 -1.2922079E-03 -1.5279394E-03  4.0118235E-03  0.0000000E+00
  2.0799350E+02 -1.6570137E-03 -1.2635984E-03 -1.4634884E-03  3.9582455E-03  0.0000000E+00
  2.0799350E+02 -1.6039117E-03 -1.2328378E-03 -1.4041892E-03  3.9070422E-03  0.0000000E+00
  2.0799350E+02 -1.5597844E-03 -1.1998551E-03 -1.3512881E-03  3.8570670E-03  0.0000000E+00
  2.0799350E+02 -1.5200514E-03 -1.1653106E-03 -1.3047714E-03  3.8075757E-03  0.0000000E+00
  2.0799350E+02 -1.4826802E-03 -1.1302800E-03 -1.2639299E-03  3.7581157E-03  0.0000000E+00
  2.0799350E+02 -1.4472330E-03 -1.0959761E-03 -1.2277782E-03  3.7084351E-03  0.0000000E+00
  2.0799350E+02 -1.4141325E-03 -1.0635175E-03 -1.1953447E-03  3.6584104E-03  0.0000000E+00
  2.0799350E+02 -1.3841211E-03 -1.0337472E-03 -1.1658456E-03  3.6079930E-03  0.0000000E+00
  2.0799350E+02 -1.3578862E-03 -1.0071102E-03 -1.1387592E-03  3.5571743E-03  0.0000000E+00
  2.0799350E+02 -1.3358247E-03 -9.8359434E-04 -1.1138141E-03  3.5059689E-03  0.0000000E+00
  2.0799350E+02 -1.3179202E-03 -9.6274129E-04 -1.0909068E-03  3.4544161E-03  0.0000000E+00
  2.0799350E+02 -1.3037060E-03 -9.4373441E-04 -1.0699637E-03  3.4025995E-03  0.0000000E+00
  2.0799350E+02 -1.6017293E-01 -5.1144159E-03 -2.8781410E-01  6.9126948E-02  0.0000000E+00
  2.0799350E+02 -5.2288407E-02 -6.8321467E-03 -7.3208295E-02  6.9128257E-02  0.0000000E+00
  2.0799350E+02 -3.6904764E-02 -1.0860488E-02 -3.6141765E-02  6.7696805E-02  0.0000000E+00
  2.0799350E+02 -3.1874620E-02 -1.3666063E-02 -3.6243726E-02  6.4881299E-02  0.0000000E+00
  2.0799350E+02 -3.2344779E-02 -1.5833800E-02 -3.7484056E-02  6.1473893E-02  0.0000000E+00
  2.0799350E+02 -3.4761920E-02 -1.7509312E-02 -3.7829887E-02  5.8049837E-02  0.0000000E+00
  2.0799350E+02 -3.7355554E-02 -1.8848712E-02 -3.8217481E-02  5.4906615E-02  0.0000000E+00
  2.0799350E+02 -4.0659524E-02 -1.9905693E-02 -3.8025338E-02  5.2178648E-02  0.0000000E+00
  2.0799350E+02 -4.3210223E-02 -2.0567560E-02 -3.6344019E-02  4.9901868E-02  0.0000000E+00
  2.0799350E+02 -4.4852601E-02 -2.0801255E-02 -3.5147764E-02  4.8049251E-02  0.0000000E+00
  2.0799350E+02 -4.5880049E-02 -2.0688038E-02 -3.4620222E-02  4.6590848E-02  0.0000000E+00
  2.0799350E+02 -4.6417867E-02 -2.0345927E-02 -3.3965316E-02  4.5461318E-02  0.0000000E+00
  2.0799350E+02 -4.6686212E-02 -1.9872283E-02 -3.2892813E-02  4.4578626E-02  0.0000000E+00
  2.0799350E+02 -4.6851596E-02 -1.9272409E-02 -3.1669156E-02  4.3889037E-02  0.0000000E+00
  2.0799350E+02 -4.6791451E-02 -1.8482143E-02 -3.0533189E-02  4.3378893E-02  0.0000000E+00
  2.0799350E+02 -4.5413952E-02 -1.7574136E-02 -2.9115429E-02  4.3017379E-02  0.0000000E+00
  2.0799350E+02 -4.2224442E-02 -1.6569857E-02 -2.6635567E-02  4.2761704E-02  0.0000000E+00
  2.0799350E+02 -3.9331648E-02 -1.5360479E-02 -2.4204112E-02  4.2551678E-02  0.0000000E+00
  2.0799350E+02 -3.6691645E-02 -1.4084051E-02 -2.2281014E-02  4.2312556E-02  0.0000000E+00
  2.0799350E+02 -3.3947043E-02 -1.2917583E-02 -2.0772054E-02  4.1981105E-02  0.0000000E+00
  2.0799350E+02 -3.1051838E-02 -1.1951927E-02 -1.9425091E-02  4.1530223E-02  0.0000000E+00
  2.0799350E+02 -2.8300832E-02 -1.1179626E-02 -1.8075625E-02  4.0970082E-02  0.0000000E+00
  2.0799350E+02 -2.6003343E-02 -1.0524700E-02 -1.6726147E-02  4.0329000E-02  0.0000000E+00
  2.0799350E+02 -2.4170692E-02 -9.9049983E-03 -1.5510769E-02  3.9627539E-02  0.0000000E+00
  2.0799350E+02 -2.2569259E-02 -9.2967341E-03 -1.4591206E-02  3.8871893E-02  0.0000000E+00
  2.0799350E+02 -2.1391263E-02 -8.7493413E-03 -1.3969088E-02  3.8059398E-02  0.0000000E+00
  2.0799350E+02 -1.8979832E-02 -8.1939775E-03 -1.2651977E-02  3.7182933E-02  0.0000000E+00
  2.0799350E+02 -1.6132542E-02 -7.6757540E-03 -1.1327556E-02  3.6260956E-02  0.0000000E+00
  2.0799350E+02 -1.4045352E-02 -7.2641016E-03 -1.0348367E-02  3.5288588E-02  0.0000000E+00
  2.0799350E+02 -1.2470572E-02 -6.9364760E-03 -9.5742764E-03  3.4271907E-02  0.0000000E+00
  2.0799350E+02 -1.1299653E-02 -6.6638180E-03 -8.9240185E-03  3.3227472E-02  0.0000000E+00
  2.0799350E+02 -1.0450966E-02 -6.4204425E-03 -8.3579165E-03  3.2168472E-02  0.0000000E+00
  2.0799350E+02 -9.8364051E-03 -6.1916481E-03 -7.8678633E-03  3.1111083E-02  0.0000000E+00
  2.0799350E+02 -9.3546295E-03 -5.9727607E-03 -7.4579688E-03  3.0068077E-02  0.0000000E+00
  2.0799350E+02 -8.9169860E-03 -5.7656008E-03 -7.1301406E-03  2.9044169E-02  0.0000000E+00
  2.0799350E+02 -8.4845775E-03 -5.5762956E-03 -6.8793901E-03  2.8047522E-02  0.0000000E+00
  2.0799350E+02 -8.0840171E-03 -5.4091624E-03 -6.6882469E-03  2.7084658E-02  0.0000000E+00
  2.0799350E+02 -7.7899128E-03 -5.2618941E-03 -6.5308137E-03  2.6154187E-02  0.0000000E+00
  2.0799350E+02 -7.6593331E-03 -5.1251921E-03 -6.3881640E-03  2.5251592E-02  0.0000000E+00
  2.0799350E+02 -7.3562278E-03 -4.9848840E-03 -6.1323561E-03  2.4375619E-02  0.0000000E+00
  2.0799350E+02 -7.0137701E-03 -4.8396270E-03 -5.8677350E-03  2.3524272E-02  0.0000000E+00
  2.0799350E+02 -6.7621911E-03 -4.7063246E-03 -5.6635362E-03  2.2698167E-02  0.0000000E+00
  2.0799350E+02 -6.5203547E-03 -4.5848224E-03 -5.4716388E-03  2.1899328E-02  0.0000000E+00
  2.0799350E+02 -6.2935583E-03 -4.4675266E-03 -5.2868873E-03  2.1128717E-02  0.0000000E+00
  2.0799350E+02 -6.1074832E-03 -4.3474313E-03 -5.1175642E-03  2.0385632E-02  0.0000000E+00
  2.0799350E+02 -5.9736852E-03 -4.2215314E-03 -4.9689058E-03  1.9666225E-02  0.0000000E+00
  2.0799350E+02 -5.8813245E-03 -4.0924529E-03 -4.8389375E-03  1.8971661E-02  0.0000000E+00
  2.0799350E+02 -5.8020849E-03 -3.9659569E-03 -4.7186414E-03  1.8304018E-02  0.0000000E+00
  2.0799350E+02 -5.7051302E-03 -3.8472289E-03 -4.5967732E-03  1.7662424E-02  0.0000000E+00
  2.0799350E+02 -5.5745581E-03 -3.7391441E-03 -4.4676422E-03  1.7048880E-02  0.0000000E+00
  2.0799350E+02 -5.4202468E-03 -3.6398048E-03 -4.3355927E-03  1.6464110E-02  0.0000000E+00
  2.0799350E+02 -5.2749381E-03 -3.5428011E-03 -4.2149621E-03  1.5904890E-02  0.0000000E+00
  2.0799350E+02 -5.1737123E-03 -3.4427000E-03 -4.1249518E-03  1.5371827E-02  0.0000000E+00
  2.0799350E+02 -5.1024788E-03 -3.3428864E-03 -4.0714835E-03  1.4864407E-02  0.0000000E+00
  2.0799350E+02 -4.8837576E-03 -3.2566993E-03 -3.9177551E-03  1.4382272E-02  0.0000000E+00
  2.0799350E+02 -4.6202644E-03 -3.1596319E-03 -3.7310536E-03  1.3924056E-02  0.0000000E+00
  2.0799350E+02 -4.4072805E-03 -3.0614363E-03 -3.5824714E-03  1.3488167E-02  0.0000000E+00
  2.0799350E+02 -4.2342124E-03 -2.9690571E-03 -3.4461329E-03  1.3071234E-02  0.0000000E+00
  2.0799350E+02 -4.0891984E-03 -2.8838003E-03 -3.3173750E-03  1.2671465E-02  0.0000000E+00
  2.0799350E+02 -3.9615621E-03 -2.8037854E-03 -3.1994277E-03  1.2286108E-02  0.0000000E+00
  2.0799350E+02 -3.8445866E-03 -2.7267307E-03 -3.0968914E-03  1.1914945E-02  0.0000000E+00
  2.0799350E+02 -3.7348523E-03 -2.6506768E-03 -3.0111870E-03  1.1557854E-02  0.0000000E+00
  2.0799350E+02 -3.6310672E-03 -2.5741914E-03 -2.9394616E-03  1.1212921E-02  0.0000000E+00
  2.0799350E+02 -3.5339323E-03 -2.4972319E-03 -2.8766997E-03  1.0879922E-02  0.0000000E+00
  2.0799350E+02 -3.4441344E-03 -2.4205647E-03 -2.8175313E-03  1.0558433E-02  0.0000000E+00
  2.0799350E+02 -3.3606945E-03 -2.3450239E-03 -2.7583604E-03  1.0246365E-02  0.0000000E+00
  2.0799350E+02 -3.2812388E-03 -2.2720387E-03 -2.6994690E-03  9.9437423E-03  0.0000000E+00
  2.0799350E+02 -3.2009456E-03 -2.2024270E-03 -2.6437301E-03  9.6486343E-03  0.0000000E+00
  2.0799350E+02 -3.1147354E-03 -2.1373445E-03 -2.5938865E-03  9.3607805E-03  0.0000000E+00
  2.0799350E+02 -3.0196757E-03 -2.0784268E-03 -2.5449131E-03  9.0800429E-03  0.0000000E+00
  2.0799350E+02 -2.9013058E-03 -2.0275855E-03 -2.4499784E-03  8.8057651E-03  0.0000000E+00
  2.0799350E+02 -2.7483206E-03 -1.9771483E-03 -2.3203189E-03  8.5390395E-03  0.0000000E+00
  2.0799350E+02 -2.6175483E-03 -1.9269887E-03 -2.2284906E-03  8.2800016E-03  0.0000000E+00
  2.0799350E+02 -2.5073933E-03 -1.8779976E-03 -2.1535950E-03  8.0291163E-03  0.0000000E+00
  2.0799350E+02 -2.4137867E-03 -1.8301339E-03 -2.0870295E-03  7.7872298E-03  0.0000000E+00
  2.0799350E+02 -2.3319981E-03 -1.7828573E-03 -2.0262252E-03  7.5547233E-03  0.0000000E+00
  2.0799350E+02 -2.2578359E-03 -1.7353738E-03 -1.9706402E-03  7.3307554E-03  0.0000000E+00
  2.0799350E+02 -2.1891711E-03 -1.6874740E-03 -1.9202734E-03  7.1161261E-03  0.0000000E+00
  2.0799350E+02 -2.1248780E-03 -1.6390282E-03 -1.8740101E-03  6.9103640E-03  0.0000000E+00
  2.0799350E+02 -2.0651711E-03 -1.5905463E-03 -1.8302295E-03  6.7142425E-03  0.0000000E+00
  2.0799350E+02 -2.0105207E-03 -1.5428421E-03 -1.7871021E-03  6.5285428E-03  0.0000000E+00
  2.0799350E+02 -1.9607141E-03 -1.4966319E-03 -1.7431805E-03  6.3530692E-03  0.0000000E+00
  2.0799350E+02 -1.9149295E-03 -1.4528113E-03 -1.6984915E-03  6.1883679E-03  0.0000000E+00
  2.0799350E+02 -1.8714136E-03 -1.4119894E-03 -1.6545154E-03  6.0345980E-03  0.0000000E+00
  2.0799350E+02 -1.8279426E-03 -1.3741137E-03 -1.6133385E-03  5.8907673E-03  0.0000000E+00
  2.0799350E+02 -1.7837988E-03 -1.3387411E-03 -1.5763076E-03  5.7562682E-03  0.0000000E+00
  2.0799350E+02 -1.7422109E-03 -1.3047606E-03 -1.5404899E-03  5.6301395E-03  0.0000000E+00
  2.0799350E+02 -1.6947899E-03 -1.2734511E-03 -1.4859899E-03  5.5109951E-03  0.0000000E+00
  2.0799350E+02 -1.6246836E-03 -1.2446511E-03 -1.4176831E-03  5.3984696E-03  0.0000000E+00
  2.0799350E+02 -1.5667028E-03 -1.2132862E-03 -1.3594381E-03  5.2904272E-03  0.0000000E+00
  2.0799350E+02 -1.5227842E-03 -1.1802973E-03 -1.3110461E-03  5.1860635E-03  0.0000000E+00
  2.0799350E+02 -1.4888701E-03 -1.1465297E-03 -1.2705106E-03  5.0848892E-03  0.0000000E+00
  2.0799350E+02 -1.4593942E-03 -1.1126328E-03 -1.2352543E-03  4.9860665E-03  0.0000000E+00
  2.0799350E+02 -1.4302983E-03 -1.0794205E-03 -1.2033233E-03  4.8893134E-03  0.0000000E+00
  2.0799350E+02 -1.4000232E-03 -1.0476735E-03 -1.1735241E-03  4.7943398E-03  0.0000000E+00
  2.0799350E+02 -1.3693649E-03 -1.0179311E-03 -1.1453283E-03  4.7003960E-03  0.0000000E+00
  2.0799350E+02 -1.3409640E-03 -9.9074079E-04 -1.1189556E-03  4.6072631E-03  0.0000000E+00
  2.0799350E+02 -1.3178592E-03 -9.6641191E-04 -1.0948549E-03  4.5148340E-03  0.0000000E+00
  2.0799350E+02 -1.3020027E-03 -9.4485835E-04 -1.0731972E-03  4.4227242E-03  0.0000000E+00
  2.0799350E+02 -1.2933513E-03 -9.2581801E-04 -1.0537711E-03  4.3312526E-03  0.0000000E+00
  2.0799350E+02 -1.7875992E-01 -1.4252362E-02 -4.2964891E-01  9.7324269E-02  0.0000000E+00
  2.0799350E+02 -6.6432376E-02 -8.1908433E-03 -1.1011579E-01  9.6753201E-02  0.0000000E+00
  2.0799350E+02 -2.9926975E-02 -1.3474627E-02 -4.8412403E-02  9.4615410E-02  0.0000000E+00
  2.0799350E+02 -2.7735121E-02 -1.7060039E-02 -4.5553942E-02  9.0834589E-02  0.0000000E+00
  2.0799350E+02 -3.0457676E-02 -1.9112166E-02 -4.5787302E-02  8.6234843E-02  0.0000000E+00
  2.0799350E+02 -3.3234447E-02 -2.0563288E-02 -4.4652877E-02  8.1451156E-02  0.0000000E+00
  2.0799350E+02 -3.4819427E-02 -2.1625939E-02 -4.2228934E-02  7.6850543E-02  0.0000000E+00
  2.0799350E+02 -3.6247818E-02 -2.2244976E-02 -4.0150866E-02  7.2621932E-02  0.0000000E+00
  2.0799350E+02 -3.6935917E-02 -2.2390000E-02 -3.7892067E-02  6.8840192E-02  0.0000000E+00
  2.0799350E+02 -3.7482525E-02 -2.1989181E-02 -3.5778710E-02  6.5522086E-02  0.0000000E+00
  2.0799350E+02 -3.8150238E-02 -2.1487747E-02 -3.4132534E-02  6.2641641E-02  0.0000000E+00
  2.0799350E+02 -3.8573090E-02 -2.1009738E-02 -3.2602054E-02  6.0159187E-02  0.0000000E+00
  2.0799350E+02 -3.8354381E-02 -2.0349397E-02 -3.0791188E-02  5.8030698E-02  0.0000000E+00
  2.0799350E+02 -3.7471041E-02 -1.9371011E-02 -2.8640740E-02  5.6192497E-02  0.0000000E+00
  2.0799350E+02 -3.6426391E-02 -1.8251549E-02 -2.6483566E-02  5.4565537E-02  0.0000000E+00
  2.0799350E+02 -3.5366236E-02 -1.7070588E-02 -2.4835879E-02  5.3064076E-02  0.0000000E+00
  2.0799350E+02 -3.2893269E-02 -1.5820737E-02 -2.2972259E-02  5.1638610E-02  0.0000000E+00
  2.0799350E+02 -2.9983394E-02 -1.4692754E-02 -2.1137755E-02  5.0248980E-02  0.0000000E+00
  2.0799350E+02 -2.7432769E-02 -1.3693636E-02 -1.9575814E-02  4.8862834E-02  0.0000000E+00
  2.0799350E+02 -2.5615943E-02 -1.2761909E-02 -1.8193368E-02  4.7470361E-02  0.0000000E+00
  2.0799350E+02 -2.4346819E-02 -1.1856387E-02 -1.6915462E-02  4.6069435E-02  0.0000000E+00
  2.0799350E+02 -2.3144989E-02 -1.0987844E-02 -1.5773536E-02  4.4666160E-02  0.0000000E+00
  2.0799350E+02 -2.1629535E-02 -1.0196709E-02 -1.4820795E-02  4.3262074E-02  0.0000000E+00
  2.0799350E+02 -1.9840605E-02 -9.5251948E-03 -1.4031889E-02  4.1866145E-02  0.0000000E+00
  2.0799350E+02 -1.8216994E-02 -8.9779015E-03 -1.3272266E-02  4.0483510E-02  0.0000000E+00
  2.0799350E+02 -1.7022393E-02 -8.5176346E-03 -1.2492662E-02  3.9116685E-02  0.0000000E+00
  2.0799350E+02 -1.5128085E-02 -8.0142116E-03 -1.1635957E-02  3.7767228E-02  0.0000000E+00
  2.0799350E+02 -1.3472084E-02 -7.5056854E-03 -1.0635944E-02  3.6418569E-02  0.0000000E+00
  2.0799350E+02 -1.2129965E-02 -7.0476179E-03 -9.7542531E-03  3.5077685E-02  0.0000000E+00
  2.0799350E+02 -1.0980155E-02 -6.6427951E-03 -9.0205167E-03  3.3750356E-02  0.0000000E+00
  2.0799350E+02 -1.0038404E-02 -6.2932004E-03 -8.4234530E-03  3.2442030E-02  0.0000000E+00
  2.0799350E+02 -9.3250106E-03 -5.9972835E-03 -7.9408078E-03  3.1161020E-02  0.0000000E+00
  2.0799350E+02 -8.8071035E-03 -5.7480097E-03 -7.5484387E-03  2.9909700E-02  0.0000000E+00
  2.0799350E+02 -8.4093283E-03 -5.5376915E-03 -7.2264801E-03  2.8696767E-02  0.0000000E+00
  2.0799350E+02 -8.0452084E-03 -5.3582583E-03 -6.9524500E-03  2.7527333E-02  0.0000000E+00
  2.0799350E+02 -7.6646623E-03 -5.2034135E-03 -6.7000825E-03  2.6404147E-02  0.0000000E+00
  2.0799350E+02 -7.2865316E-03 -5.0683881E-03 -6.4452155E-03  2.5328996E-02  0.0000000E+00
  2.0799350E+02 -6.9900094E-03 -4.9452222E-03 -6.1831057E-03  2.4296080E-02  0.0000000E+00
  2.0799350E+02 -6.8513786E-03 -4.8156105E-03 -5.9698573E-03  2.3305080E-02  0.0000000E+00
  2.0799350E+02 -6.6781182E-03 -4.6490124E-03 -5.8436240E-03  2.2351349E-02  0.0000000E+00
  2.0799350E+02 -6.3498778E-03 -4.4818467E-03 -5.5901993E-03  2.1433803E-02  0.0000000E+00
  2.0799350E+02 -6.1126713E-03 -4.3349548E-03 -5.3296336E-03  2.0554845E-02  0.0000000E+00
  2.0799350E+02 -5.9830476E-03 -4.2076667E-03 -5.1075956E-03  1.9709365E-02  0.0000000E+00
  2.0799350E+02 -5.9077286E-03 -4.0935134E-03 -4.9263897E-03  1.8898391E-02  0.0000000E+00
  2.0799350E+02 -5.8246851E-03 -3.9851090E-03 -4.7717313E-03  1.8122042E-02  0.0000000E+00
  2.0799350E+02 -5.6967144E-03 -3.8775449E-03 -4.6297199E-03  1.7380459E-02  0.0000000E+00
  2.0799350E+02 -5.5216010E-03 -3.7695229E-03 -4.4940602E-03  1.6674716E-02  0.0000000E+00
  2.0799350E+02 -5.3241235E-03 -3.6620205E-03 -4.3653028E-03  1.6002030E-02  0.0000000E+00
  2.0799350E+02 -5.1414355E-03 -3.5578933E-03 -4.2482504E-03  1.5363073E-02  0.0000000E+00
  2.0799350E+02 -5.0023336E-03 -3.4593484E-03 -4.1455711E-03  1.4757233E-02  0.0000000E+00
  2.0799350E+02 -4.9116584E-03 -3.3668386E-03 -4.0539368E-03  1.4184881E-02  0.0000000E+00
  2.0799350E+02 -4.8441350E-03 -3.2779791E-03 -3.9630699E-03  1.3643449E-02  0.0000000E+00
  2.0799350E+02 -4.7565840E-03 -3.1896286E-03 -3.8628594E-03  1.3132964E-02  0.0000000E+00
  2.0799350E+02 -4.6223287E-03 -3.1006297E-03 -3.7581920E-03  1.2651438E-02  0.0000000E+00
  2.0799350E+02 -4.4157836E-03 -3.0202000E-03 -3.6418494E-03  1.2195572E-02  0.0000000E+00
  2.0799350E+02 -4.1927831E-03 -2.9433465E-03 -3.4865143E-03  1.1763819E-02  0.0000000E+00
  2.0799350E+02 -4.0330704E-03 -2.8653122E-03 -3.3436595E-03  1.1352672E-02  0.0000000E+00
  2.0799350E+02 -3.9233969E-03 -2.7881633E-03 -3.2227169E-03  1.0961781E-02  0.0000000E+00
  2.0799350E+02 -3.8370716E-03 -2.7131004E-03 -3.1199199E-03  1.0590288E-02  0.0000000E+00
  2.0799350E+02 -3.7503009E-03 -2.6400752E-03 -3.0280339E-03  1.0237177E-02  0.0000000E+00
  2.0799350E+02 -3.6501746E-03 -2.5680633E-03 -2.9418117E-03  9.9016567E-03  0.0000000E+00
  2.0799350E+02 -3.5354739E-03 -2.4951621E-03 -2.8594343E-03  9.5809206E-03  0.0000000E+00
  2.0799350E+02 -3.4147817E-03 -2.4201229E-03 -2.7829981E-03  9.2737081E-03  0.0000000E+00
  2.0799350E+02 -3.3003150E-03 -2.3426534E-03 -2.7159915E-03  8.9782056E-03  0.0000000E+00
  2.0799350E+02 -3.2017782E-03 -2.2641000E-03 -2.6608382E-03  8.6928595E-03  0.0000000E+00
  2.0799350E+02 -3.1212404E-03 -2.1876774E-03 -2.6165573E-03  8.4170290E-03  0.0000000E+00
  2.0799350E+02 -3.0502678E-03 -2.1173725E-03 -2.5771495E-03  8.1492168E-03  0.0000000E+00
  2.0799350E+02 -2.9730787E-03 -2.0572599E-03 -2.5326370E-03  7.8898338E-03  0.0000000E+00
  2.0799350E+02 -2.8748698E-03 -2.0083657E-03 -2.4721635E-03  7.6390480E-03  0.0000000E+00
  2.0799350E+02 -2.7592545E-03 -1.9648462E-03 -2.3911777E-03  7.3967445E-03  0.0000000E+00
  2.0799350E+02 -2.6636892E-03 -1.9128262E-03 -2.2949997E-03  7.1624133E-03  0.0000000E+00
  2.0799350E+02 -2.5578451E-03 -1.8628612E-03 -2.2027561E-03  6.9357015E-03  0.0000000E+00
  2.0799350E+02 -2.4546214E-03 -1.8156527E-03 -2.1282362E-03  6.7176992E-03  0.0000000E+00
  2.0799350E+02 -2.3641284E-03 -1.7708669E-03 -2.0605809E-03  6.5088354E-03  0.0000000E+00
  2.0799350E+02 -2.2859920E-03 -1.7280195E-03 -1.9965237E-03  6.3091810E-03  0.0000000E+00
  2.0799350E+02 -2.2158356E-03 -1.6865854E-03 -1.9363934E-03  6.1190412E-03  0.0000000E+00
  2.0799350E+02 -2.1488238E-03 -1.6457953E-03 -1.8810665E-03  5.9378277E-03  0.0000000E+00
  2.0799350E+02 -2.0824408E-03 -1.6051543E-03 -1.8311337E-03  5.7660537E-03  0.0000000E+00
  2.0799350E+02 -2.0165777E-03 -1.5642565E-03 -1.7859588E-03  5.6039987E-03  0.0000000E+00
  2.0799350E+02 -1.9532446E-03 -1.5230125E-03 -1.7440036E-03  5.4522118E-03  0.0000000E+00
  2.0799350E+02 -1.8949663E-03 -1.4814188E-03 -1.7031060E-03  5.3103875E-03  0.0000000E+00
  2.0799350E+02 -1.8440258E-03 -1.4399843E-03 -1.6616120E-03  5.1788051E-03  0.0000000E+00
  2.0799350E+02 -1.8008000E-03 -1.3993871E-03 -1.6186860E-03  5.0571821E-03  0.0000000E+00
  2.0799350E+02 -1.7632597E-03 -1.3603999E-03 -1.5746115E-03  4.9448883E-03  0.0000000E+00
  2.0799350E+02 -1.7274587E-03 -1.3237044E-03 -1.5304622E-03  4.8411279E-03  0.0000000E+00
  2.0799350E+02 -1.6891813E-03 -1.2892833E-03 -1.4865059E-03  4.7443491E-03  0.0000000E+00
  2.0799350E+02 -1.6480675E-03 -1.2562993E-03 -1.4402122E-03  4.6535152E-03  0.0000000E+00
  2.0799350E+02 -1.6083235E-03 -1.2238038E-03 -1.3867498E-03  4.5673063E-03  0.0000000E+00
  2.0799350E+02 -1.5546783E-03 -1.1919311E-03 -1.3355730E-03  4.4850163E-03  0.0000000E+00
  2.0799350E+02 -1.5043677E-03 -1.1589469E-03 -1.2893703E-03  4.4063685E-03  0.0000000E+00
  2.0799350E+02 -1.4652387E-03 -1.1255922E-03 -1.2493616E-03  4.3302496E-03  0.0000000E+00
  2.0799350E+02 -1.4353642E-03 -1.0929011E-03 -1.2149765E-03  4.2562292E-03  0.0000000E+00
  2.0799350E+02 -1.4095632E-03 -1.0616853E-03 -1.1847553E-03  4.1838237E-03  0.0000000E+00
  2.0799350E+02 -1.3835913E-03 -1.0324519E-03 -1.1572196E-03  4.1125476E-03  0.0000000E+00
  2.0799350E+02 -1.3560236E-03 -1.0054280E-03 -1.1313387E-03  4.0420313E-03  0.0000000E+00
  2.0799350E+02 -1.3281757E-03 -9.8044526E-04 -1.1064897E-03  3.9715965E-03  0.0000000E+00
  2.0799350E+02 -1.3033287E-03 -9.5732993E-04 -1.0826436E-03  3.9010628E-03  0.0000000E+00
  2.0799350E+02 -1.2848482E-03 -9.3584566E-04 -1.0599761E-03  3.8303572E-03  0.0000000E+00
  2.0799350E+02 -1.2744416E-03 -9.1585296E-04 -1.0386424E-03  3.7597041E-03  0.0000000E+00
  2.0799350E+02 -1.2708215E-03 -8.9739838E-04 -1.0185591E-03  3.6897638E-03  0.0000000E+00
  2.0799350E+02 -2.1586830E-01 -1.7203325E-02 -3.6375921E-01  5.6590535E-02  0.0000000E+00
  2.0799350E+02 -8.4617193E-02 -7.6609684E-03 -1.0979454E-01  5.4960255E-02  0.0000000E+00
  2.0799350E+02 -2.8353968E-02 -1.4632291E-02 -5.0428306E-02  5.2483429E-02  0.0000000E+00
  2.0799350E+02 -2.3691822E-02 -1.8092737E-02 -4.2590534E-02  4.8842991E-02  0.0000000E+00
  2.0799350E+02 -2.3362343E-02 -1.9355752E-02 -4.0533562E-02  4.4516605E-02  0.0000000E+00
  2.0799350E+02 -2.4301161E-02 -2.0277565E-02 -3.9547140E-02  4.0013107E-02  0.0000000E+00
  2.0799350E+02 -2.5666678E-02 -2.0908610E-02 -3.7862088E-02  3.5693593E-02  0.0000000E+00
  2.0799350E+02 -2.6741074E-02 -2.1183979E-02 -3.5368627E-02  3.1784780E-02  0.0000000E+00
  2.0799350E+02 -2.7409617E-02 -2.1045274E-02 -3.2498456E-02  2.8393551E-02  0.0000000E+00
  2.0799350E+02 -2.7672593E-02 -2.0589889E-02 -3.0032012E-02  2.5535957E-02  0.0000000E+00
  2.0799350E+02 -2.7519386E-02 -1.9899017E-02 -2.8061502E-02  2.3177678E-02  0.0000000E+00
  2.0799350E+02 -2.7147424E-02 -1.9030175E-02 -2.6244628E-02  2.1239415E-02  0.0000000E+00
  2.0799350E+02 -2.6774871E-02 -1.8102771E-02 -2.4472473E-02  1.9642807E-02  0.0000000E+00
  2.0799350E+02 -2.6316852E-02 -1.7229975E-02 -2.2918009E-02  1.8316148E-02  0.0000000E+00
  2.0799350E+02 -2.5628320E-02 -1.6398155E-02 -2.1711288E-02  1.7207149E-02  0.0000000E+00
  2.0799350E+02 -2.5143515E-02 -1.5474090E-02 -2.0471257E-02  1.6262550E-02  0.0000000E+00
  2.0799350E+02 -2.3337352E-02 -1.4496941E-02 -1.9029925E-02  1.5432952E-02  0.0000000E+00
  2.0799350E+02 -2.1837028E-02 -1.3545876E-02 -1.7635069E-02  1.4677165E-02  0.0000000E+00
  2.0799350E+02 -2.0775187E-02 -1.2676810E-02 -1.6384914E-02  1.3978178E-02  0.0000000E+00
  2.0799350E+02 -1.9666634E-02 -1.1867026E-02 -1.5264261E-02  1.3329971E-02  0.0000000E+00
  2.0799350E+02 -1.8309538E-02 -1.1091624E-02 -1.4227813E-02  1.2732146E-02  0.0000000E+00
  2.0799350E+02 -1.6908035E-02 -1.0345101E-02 -1.3248471E-02  1.2181836E-02  0.0000000E+00
  2.0799350E+02 -1.5774647E-02 -9.6349521E-03 -1.2340526E-02  1.1669876E-02  0.0000000E+00
  2.0799350E+02 -1.4960020E-02 -8.9705227E-03 -1.1560628E-02  1.1184863E-02  0.0000000E+00
  2.0799350E+02 -1.4122974E-02 -8.3462445E-03 -1.0958801E-02  1.0711595E-02  0.0000000E+00
  2.0799350E+02 -1.3022074E-02 -7.7619101E-03 -1.0507982E-02  1.0241484E-02  0.0000000E+00
  2.0799350E+02 -1.1761927E-02 -7.2094372E-03 -9.8259191E-03  9.7745831E-03  0.0000000E+00
  2.0799350E+02 -1.0596116E-02 -6.7031372E-03 -9.0699547E-03  9.3141964E-03  0.0000000E+00
  2.0799350E+02 -9.7301191E-03 -6.2931054E-03 -8.4632524E-03  8.8575427E-03  0.0000000E+00
  2.0799350E+02 -9.0593365E-03 -5.9614715E-03 -7.9789303E-03  8.4061477E-03  0.0000000E+00
  2.0799350E+02 -8.5056289E-03 -5.6771627E-03 -7.5616415E-03  7.9632063E-03  0.0000000E+00
  2.0799350E+02 -8.0214175E-03 -5.4215429E-03 -7.1786522E-03  7.5344541E-03  0.0000000E+00
  2.0799350E+02 -7.5823512E-03 -5.1911999E-03 -6.8266566E-03  7.1223025E-03  0.0000000E+00
  2.0799350E+02 -7.1872004E-03 -4.9938899E-03 -6.5221122E-03  6.7285701E-03  0.0000000E+00
  2.0799350E+02 -6.8499096E-03 -4.8363326E-03 -6.2775848E-03  6.3538412E-03  0.0000000E+00
  2.0799350E+02 -6.5891049E-03 -4.7129340E-03 -6.0816891E-03  5.9973061E-03  0.0000000E+00
  2.0799350E+02 -6.4160428E-03 -4.6022684E-03 -5.8971574E-03  5.6597440E-03  0.0000000E+00
  2.0799350E+02 -6.3140733E-03 -4.4745294E-03 -5.6857156E-03  5.3401069E-03  0.0000000E+00
  2.0799350E+02 -6.2184931E-03 -4.3202881E-03 -5.4797178E-03  5.0379715E-03  0.0000000E+00
  2.0799350E+02 -6.0478133E-03 -4.1775666E-03 -5.2642634E-03  4.7500794E-03  0.0000000E+00
  2.0799350E+02 -5.8916842E-03 -4.0487190E-03 -4.9920280E-03  4.4741861E-03  0.0000000E+00
  2.0799350E+02 -5.7109170E-03 -3.9303950E-03 -4.7771324E-03  4.2132376E-03  0.0000000E+00
  2.0799350E+02 -5.5007165E-03 -3.8172147E-03 -4.5876981E-03  3.9678778E-03  0.0000000E+00
  2.0799350E+02 -5.2808961E-03 -3.7059401E-03 -4.4088376E-03  3.7370877E-03  0.0000000E+00
  2.0799350E+02 -5.0762784E-03 -3.5963959E-03 -4.2393843E-03  3.5209012E-03  0.0000000E+00
  2.0799350E+02 -4.9026121E-03 -3.4897466E-03 -4.0846822E-03  3.3185587E-03  0.0000000E+00
  2.0799350E+02 -4.7639078E-03 -3.3882961E-03 -3.9524327E-03  3.1303070E-03  0.0000000E+00
  2.0799350E+02 -4.6530567E-03 -3.2939880E-03 -3.8474319E-03  2.9565373E-03  0.0000000E+00
  2.0799350E+02 -4.5571406E-03 -3.2080094E-03 -3.7688181E-03  2.7986337E-03  0.0000000E+00
  2.0799350E+02 -4.4622849E-03 -3.1291178E-03 -3.7076042E-03  2.6567207E-03  0.0000000E+00
  2.0799350E+02 -4.3598088E-03 -3.0542741E-03 -3.6488924E-03  2.5305299E-03  0.0000000E+00
  2.0799350E+02 -4.2487069E-03 -2.9793200E-03 -3.5765923E-03  2.4188581E-03  0.0000000E+00
  2.0799350E+02 -4.1334762E-03 -2.9008480E-03 -3.4823892E-03  2.3194524E-03  0.0000000E+00
  2.0799350E+02 -4.0162654E-03 -2.8202026E-03 -3.3805757E-03  2.2301238E-03  0.0000000E+00
  2.0799350E+02 -3.8964528E-03 -2.7462046E-03 -3.2783628E-03  2.1502901E-03  0.0000000E+00
  2.0799350E+02 -3.7974184E-03 -2.6733884E-03 -3.1608502E-03  2.0806608E-03  0.0000000E+00
  2.0799350E+02 -3.7067903E-03 -2.6008676E-03 -3.0537906E-03  2.0195026E-03  0.0000000E+00
  2.0799350E+02 -3.6139577E-03 -2.5297879E-03 -2.9562100E-03  1.9661466E-03  0.0000000E+00
  2.0799350E+02 -3.5118229E-03 -2.4597202E-03 -2.8655046E-03  1.9193854E-03  0.0000000E+00
  2.0799350E+02 -3.3986920E-03 -2.3900987E-03 -2.7803254E-03  1.8779572E-03  0.0000000E+00
  2.0799350E+02 -3.2775300E-03 -2.3205412E-03 -2.7008772E-03  1.8404504E-03  0.0000000E+00
  2.0799350E+02 -3.1553139E-03 -2.2516054E-03 -2.6290335E-03  1.8056669E-03  0.0000000E+00
  2.0799350E+02 -3.0395567E-03 -2.1840728E-03 -2.5664115E-03  1.7723500E-03  0.0000000E+00
  2.0799350E+02 -2.9367921E-03 -2.1192558E-03 -2.5136307E-03  1.7395670E-03  0.0000000E+00
  2.0799350E+02 -2.8503058E-03 -2.0585485E-03 -2.4690434E-03  1.7067380E-03  0.0000000E+00
  2.0799350E+02 -2.7787455E-03 -2.0029120E-03 -2.4281434E-03  1.6736419E-03  0.0000000E+00
  2.0799350E+02 -2.7165819E-03 -1.9527915E-03 -2.3843463E-03  1.6406678E-03  0.0000000E+00
  2.0799350E+02 -2.6551184E-03 -1.9070767E-03 -2.3305240E-03  1.6084204E-03  0.0000000E+00
  2.0799350E+02 -2.5869943E-03 -1.8631114E-03 -2.2630903E-03  1.5778322E-03  0.0000000E+00
  2.0799350E+02 -2.5126176E-03 -1.8162273E-03 -2.1878783E-03  1.5498465E-03  0.0000000E+00
  2.0799350E+02 -2.4369991E-03 -1.7633282E-03 -2.1212697E-03  1.5246092E-03  0.0000000E+00
  2.0799350E+02 -2.3422501E-03 -1.7139138E-03 -2.0396713E-03  1.5014041E-03  0.0000000E+00
  2.0799350E+02 -2.2599780E-03 -1.6682911E-03 -1.9638362E-03  1.4815007E-03  0.0000000E+00
  2.0799350E+02 -2.1887415E-03 -1.6282154E-03 -1.9019177E-03  1.4649155E-03  0.0000000E+00
  2.0799350E+02 -2.1233291E-03 -1.5928325E-03 -1.8513790E-03  1.4522959E-03  0.0000000E+00
  2.0799350E+02 -2.0584508E-03 -1.5598945E-03 -1.8057615E-03  1.4442505E-03  0.0000000E+00
  2.0799350E+02 -1.9915386E-03 -1.5271634E-03 -1.7595920E-03  1.4411832E-03  0.0000000E+00
  2.0799350E+02 -1.9232217E-03 -1.4930038E-03 -1.7103200E-03  1.4431356E-03  0.0000000E+00
  2.0799350E+02 -1.8565897E-03 -1.4566169E-03 -1.6584725E-03  1.4498034E-03  0.0000000E+00
  2.0799350E+02 -1.7962503E-03 -1.4183110E-03 -1.6070265E-03  1.4605697E-03  0.0000000E+00
  2.0799350E+02 -1.7458701E-03 -1.3789134E-03 -1.5591855E-03  1.4747142E-03  0.0000000E+00
  2.0799350E+02 -1.7070227E-03 -1.3396804E-03 -1.5169749E-03  1.4915236E-03  0.0000000E+00
  2.0799350E+02 -1.6779559E-03 -1.3017702E-03 -1.4797937E-03  1.5104549E-03  0.0000000E+00
  2.0799350E+02 -1.6537146E-03 -1.2661214E-03 -1.4444107E-03  1.5310554E-03  0.0000000E+00
  2.0799350E+02 -1.6272522E-03 -1.2327622E-03 -1.4059467E-03  1.5531147E-03  0.0000000E+00
  2.0799350E+02 -1.5929561E-03 -1.2009611E-03 -1.3616924E-03  1.5763443E-03  0.0000000E+00
  2.0799350E+02 -1.5521854E-03 -1.1692310E-03 -1.3172808E-03  1.6000787E-03  0.0000000E+00
  2.0799350E+02 -1.5143695E-03 -1.1373177E-03 -1.2859763E-03  1.6233503E-03  0.0000000E+00
  2.0799350E+02 -1.4640864E-03 -1.1066044E-03 -1.2472795E-03  1.6467293E-03  0.0000000E+00
  2.0799350E+02 -1.4185586E-03 -1.0764312E-03 -1.2102968E-03  1.6691458E-03  0.0000000E+00
  2.0799350E+02 -1.3848184E-03 -1.0475392E-03 -1.1783259E-03  1.6900832E-03  0.0000000E+00
  2.0799350E+02 -1.3606434E-03 -1.0202392E-03 -1.1505809E-03  1.7090797E-03  0.0000000E+00
  2.0799350E+02 -1.3410220E-03 -9.9471281E-04 -1.1250946E-03  1.7256907E-03  0.0000000E+00
  2.0799350E+02 -1.3216496E-03 -9.7083258E-04 -1.1000447E-03  1.7397439E-03  0.0000000E+00
  2.0799350E+02 -1.3007681E-03 -9.4845609E-04 -1.0746751E-03  1.7512212E-03  0.0000000E+00
  2.0799350E+02 -1.2791784E-03 -9.2742239E-04 -1.0492562E-03  1.7603024E-03  0.0000000E+00
  2.0799350E+02 -1.2594409E-03 -9.0775551E-04 -1.0248725E-03  1.7672801E-03  0.0000000E+00
  2.0799350E+02 -1.2441386E-03 -8.8947122E-04 -1.0025291E-03  1.7726153E-03  0.0000000E+00
  2.0799350E+02 -1.2344935E-03 -8.7271762E-04 -9.8270126E-04  1.7768246E-03  0.0000000E+00
  2.0799350E+02 -1.2292537E-03 -8.5765927E-04 -9.6483574E-04  1.7804579E-03  0.0000000E+00
  2.0799350E+02 -2.3629812E-01 -7.5315598E-03 -1.9804706E-01 -3.0473513E-02  0.0000000E+00
  2.0799350E+02 -1.0389933E-01 -4.8078047E-03 -8.3207288E-02 -3.1188717E-02  0.0000000E+00
  2.0799350E+02 -3.5775791E-02 -1.1432901E-02 -4.5433666E-02 -3.1488065E-02  0.0000000E+00
  2.0799350E+02 -2.6894964E-02 -1.5099086E-02 -3.6234432E-02 -3.1932242E-02  0.0000000E+00
  2.0799350E+02 -2.2478482E-02 -1.6339238E-02 -3.3406502E-02 -3.2689210E-02  0.0000000E+00
  2.0799350E+02 -2.1051465E-02 -1.6961934E-02 -3.1624266E-02 -3.3603339E-02  0.0000000E+00
  2.0799350E+02 -2.0782303E-02 -1.7372367E-02 -2.9948719E-02 -3.4474337E-02  0.0000000E+00
  2.0799350E+02 -2.0779887E-02 -1.7701739E-02 -2.8405732E-02 -3.5147448E-02  0.0000000E+00
  2.0799350E+02 -2.0490672E-02 -1.7892169E-02 -2.6739097E-02 -3.5534449E-02  0.0000000E+00
  2.0799350E+02 -2.0561616E-02 -1.7780851E-02 -2.4913321E-02 -3.5605926E-02  0.0000000E+00
  2.0799350E+02 -2.0673652E-02 -1.7394631E-02 -2.3146983E-02 -3.5374015E-02  0.0000000E+00
  2.0799350E+02 -2.0535625E-02 -1.6818102E-02 -2.1624166E-02 -3.4874066E-02  0.0000000E+00
  2.0799350E+02 -2.0250044E-02 -1.6123280E-02 -2.0347766E-02 -3.4151195E-02  0.0000000E+00
  2.0799350E+02 -1.9952613E-02 -1.5363982E-02 -1.9112225E-02 -3.3259895E-02  0.0000000E+00
  2.0799350E+02 -1.9527812E-02 -1.4571355E-02 -1.7762922E-02 -3.2252432E-02  0.0000000E+00
  2.0799350E+02 -1.8997512E-02 -1.3797100E-02 -1.6701228E-02 -3.1188769E-02  0.0000000E+00
  2.0799350E+02 -1.7899343E-02 -1.2955902E-02 -1.5757014E-02 -3.0110882E-02  0.0000000E+00
  2.0799350E+02 -1.6771953E-02 -1.2160947E-02 -1.4876357E-02 -2.9039239E-02  0.0000000E+00
  2.0799350E+02 -1.5840434E-02 -1.1449067E-02 -1.3986063E-02 -2.7982174E-02  0.0000000E+00
  2.0799350E+02 -1.5029621E-02 -1.0758963E-02 -1.3063380E-02 -2.6938370E-02  0.0000000E+00
  2.0799350E+02 -1.4242853E-02 -1.0061216E-02 -1.2161787E-02 -2.5915802E-02  0.0000000E+00
  2.0799350E+02 -1.3455658E-02 -9.3767526E-03 -1.1359415E-02 -2.4918282E-02  0.0000000E+00
  2.0799350E+02 -1.2714618E-02 -8.7526137E-03 -1.0706291E-02 -2.3948927E-02  0.0000000E+00
  2.0799350E+02 -1.2075465E-02 -8.2179219E-03 -1.0184277E-02 -2.3012660E-02  0.0000000E+00
  2.0799350E+02 -1.1519288E-02 -7.7471450E-03 -9.7070524E-03 -2.2104974E-02  0.0000000E+00
  2.0799350E+02 -1.0921182E-02 -7.2875453E-03 -9.2150224E-03 -2.1220254E-02  0.0000000E+00
  2.0799350E+02 -1.0081758E-02 -6.8508035E-03 -8.6471519E-03 -2.0364238E-02  0.0000000E+00
  2.0799350E+02 -9.4272845E-03 -6.4590167E-03 -8.0309550E-03 -1.9540100E-02  0.0000000E+00
  2.0799350E+02 -8.9002601E-03 -6.0846972E-03 -7.5346645E-03 -1.8758814E-02  0.0000000E+00
  2.0799350E+02 -8.3961293E-03 -5.7320270E-03 -7.1609220E-03 -1.8023570E-02  0.0000000E+00
  2.0799350E+02 -7.8904924E-03 -5.4178289E-03 -6.8690520E-03 -1.7334138E-02  0.0000000E+00
  2.0799350E+02 -7.4052383E-03 -5.1548502E-03 -6.6157575E-03 -1.6691034E-02  0.0000000E+00
  2.0799350E+02 -6.9734151E-03 -4.9412028E-03 -6.3704991E-03 -1.6087893E-02  0.0000000E+00
  2.0799350E+02 -6.6248139E-03 -4.7654465E-03 -6.1230599E-03 -1.5521607E-02  0.0000000E+00
  2.0799350E+02 -6.3677027E-03 -4.6097951E-03 -5.8747781E-03 -1.4985394E-02  0.0000000E+00
  2.0799350E+02 -6.1882375E-03 -4.4590141E-03 -5.6309968E-03 -1.4473077E-02  0.0000000E+00
  2.0799350E+02 -6.0567665E-03 -4.3068343E-03 -5.3961556E-03 -1.3982308E-02  0.0000000E+00
  2.0799350E+02 -5.9422080E-03 -4.1550056E-03 -5.1735349E-03 -1.3509681E-02  0.0000000E+00
  2.0799350E+02 -5.8402783E-03 -4.0063634E-03 -4.9836416E-03 -1.3054127E-02  0.0000000E+00
  2.0799350E+02 -5.6629632E-03 -3.8714412E-03 -4.7920388E-03 -1.2618015E-02  0.0000000E+00
  2.0799350E+02 -5.4100938E-03 -3.7454712E-03 -4.5733979E-03 -1.2197091E-02  0.0000000E+00
  2.0799350E+02 -5.1903887E-03 -3.6239505E-03 -4.3830980E-03 -1.1790582E-02  0.0000000E+00
  2.0799350E+02 -4.9914165E-03 -3.5134649E-03 -4.2071090E-03 -1.1397049E-02  0.0000000E+00
  2.0799350E+02 -4.8094837E-03 -3.4134263E-03 -4.0429877E-03 -1.1015942E-02  0.0000000E+00
  2.0799350E+02 -4.6460369E-03 -3.3208218E-03 -3.8947638E-03 -1.0648494E-02  0.0000000E+00
  2.0799350E+02 -4.5021790E-03 -3.2317455E-03 -3.7664162E-03 -1.0292513E-02  0.0000000E+00
  2.0799350E+02 -4.3787821E-03 -3.1442545E-03 -3.6607701E-03 -9.9476621E-03  0.0000000E+00
  2.0799350E+02 -4.2733968E-03 -3.0577054E-03 -3.5759825E-03 -9.6112185E-03  0.0000000E+00
  2.0799350E+02 -4.1809473E-03 -2.9729614E-03 -3.5059738E-03 -9.2805207E-03  0.0000000E+00
  2.0799350E+02 -4.0948111E-03 -2.8920484E-03 -3.4416617E-03 -8.9551728E-03  0.0000000E+00
  2.0799350E+02 -4.0074614E-03 -2.8161944E-03 -3.3727072E-03 -8.6338718E-03  0.0000000E+00
  2.0799350E+02 -3.9134399E-03 -2.7452789E-03 -3.2918322E-03 -8.3163628E-03  0.0000000E+00
  2.0799350E+02 -3.8131660E-03 -2.6773858E-03 -3.2007792E-03 -8.0048700E-03  0.0000000E+00
  2.0799350E+02 -3.7158340E-03 -2.6076298E-03 -3.1163473E-03 -7.6993645E-03  0.0000000E+00
  2.0799350E+02 -3.6118471E-03 -2.5431111E-03 -3.0521423E-03 -7.4016567E-03  0.0000000E+00
  2.0799350E+02 -3.5243222E-03 -2.4771520E-03 -2.9626169E-03 -7.1117458E-03  0.0000000E+00
  2.0799350E+02 -3.4442788E-03 -2.4080742E-03 -2.8652047E-03 -6.8291175E-03  0.0000000E+00
  2.0799350E+02 -3.3491786E-03 -2.3421111E-03 -2.7710658E-03 -6.5551170E-03  0.0000000E+00
  2.0799350E+02 -3.2347619E-03 -2.2802209E-03 -2.6845492E-03 -6.2890416E-03  0.0000000E+00
  2.0799350E+02 -3.1081960E-03 -2.2216888E-03 -2.6074449E-03 -6.0321405E-03  0.0000000E+00
  2.0799350E+02 -2.9804229E-03 -2.1650322E-03 -2.5395886E-03 -5.7842249E-03  0.0000000E+00
  2.0799350E+02 -2.8622726E-03 -2.1092563E-03 -2.4801914E-03 -5.5451179E-03  0.0000000E+00
  2.0799350E+02 -2.7621966E-03 -2.0544305E-03 -2.4282476E-03 -5.3157891E-03  0.0000000E+00
  2.0799350E+02 -2.6833194E-03 -2.0008504E-03 -2.3816462E-03 -5.0953090E-03  0.0000000E+00
  2.0799350E+02 -2.6244969E-03 -1.9494187E-03 -2.3377232E-03 -4.8840871E-03  0.0000000E+00
  2.0799350E+02 -2.5798749E-03 -1.9004808E-03 -2.2927003E-03 -4.6810406E-03  0.0000000E+00
  2.0799350E+02 -2.5408343E-03 -1.8537403E-03 -2.2425259E-03 -4.4848933E-03  0.0000000E+00
  2.0799350E+02 -2.4980875E-03 -1.8083714E-03 -2.1846033E-03 -4.2952991E-03  0.0000000E+00
  2.0799350E+02 -2.4436583E-03 -1.7628457E-03 -2.1198455E-03 -4.1109743E-03  0.0000000E+00
  2.0799350E+02 -2.3735705E-03 -1.7161350E-03 -2.0569392E-03 -3.9311725E-03  0.0000000E+00
  2.0799350E+02 -2.2880861E-03 -1.6706129E-03 -2.0008298E-03 -3.7562160E-03  0.0000000E+00
  2.0799350E+02 -2.2059519E-03 -1.6271134E-03 -1.9289114E-03 -3.5836542E-03  0.0000000E+00
  2.0799350E+02 -2.1370090E-03 -1.5839308E-03 -1.8697097E-03 -3.4143566E-03  0.0000000E+00
  2.0799350E+02 -2.0726537E-03 -1.5428593E-03 -1.8147355E-03 -3.2467545E-03  0.0000000E+00
  2.0799350E+02 -2.0078475E-03 -1.5046452E-03 -1.7602731E-03 -3.0800118E-03  0.0000000E+00
  2.0799350E+02 -1.9413100E-03 -1.4693376E-03 -1.7058882E-03 -2.9147538E-03  0.0000000E+00
  2.0799350E+02 -1.8740680E-03 -1.4360730E-03 -1.6523553E-03 -2.7508090E-03  0.0000000E+00
  2.0799350E+02 -1.8094090E-03 -1.4038985E-03 -1.6013647E-03 -2.5894106E-03  0.0000000E+00
  2.0799350E+02 -1.7508607E-03 -1.3716659E-03 -1.5540882E-03 -2.4309646E-03  0.0000000E+00
  2.0799350E+02 -1.7014147E-03 -1.3385051E-03 -1.5110321E-03 -2.2758126E-03  0.0000000E+00
  2.0799350E+02 -1.6627208E-03 -1.3042278E-03 -1.4720506E-03 -2.1249333E-03  0.0000000E+00
  2.0799350E+02 -1.6338589E-03 -1.2690872E-03 -1.4359498E-03 -1.9782036E-03  0.0000000E+00
  2.0799350E+02 -1.6114930E-03 -1.2339166E-03 -1.4010479E-03 -1.8352571E-03  0.0000000E+00
  2.0799350E+02 -1.5904072E-03 -1.2000997E-03 -1.3658682E-03 -1.6962802E-03  0.0000000E+00
  2.0799350E+02 -1.5645620E-03 -1.1686786E-03 -1.3294306E-03 -1.5603702E-03  0.0000000E+00
  2.0799350E+02 -1.5298079E-03 -1.1401012E-03 -1.2926815E-03 -1.4277704E-03  0.0000000E+00
  2.0799350E+02 -1.4871206E-03 -1.1127767E-03 -1.2591185E-03 -1.2984817E-03  0.0000000E+00
  2.0799350E+02 -1.4453664E-03 -1.0845161E-03 -1.2320692E-03 -1.1729673E-03  0.0000000E+00
  2.0799350E+02 -1.4043113E-03 -1.0579976E-03 -1.2003287E-03 -1.0516855E-03  0.0000000E+00
  2.0799350E+02 -1.3689485E-03 -1.0317665E-03 -1.1690748E-03 -9.3521644E-04  0.0000000E+00
  2.0799350E+02 -1.3411120E-03 -1.0063318E-03 -1.1404707E-03 -8.2436714E-04  0.0000000E+00
  2.0799350E+02 -1.3188826E-03 -9.8171328E-04 -1.1139536E-03 -7.1903354E-04  0.0000000E+00
  2.0799350E+02 -1.2995080E-03 -9.5785625E-04 -1.0882400E-03 -6.1892557E-04  0.0000000E+00
  2.0799350E+02 -1.2810092E-03 -9.3490799E-04 -1.0625038E-03 -5.2411724E-04  0.0000000E+00
  2.0799350E+02 -1.2626107E-03 -9.1302145E-04 -1.0365439E-03 -4.3402250E-04  0.0000000E+00
  2.0799350E+02 -1.2447964E-03 -8.9248139E-04 -1.0109057E-03 -3.4802232E-04  0.0000000E+00
  2.0799350E+02 -1.2288907E-03 -8.7374320E-04 -9.8669859E-04 -2.6593330E-04  0.0000000E+00
  2.0799350E+02 -1.2161007E-03 -8.5708864E-04 -9.6480752E-04 -1.8697834E-04  0.0000000E+00
  2.0799350E+02 -1.2069848E-03 -8.4278742E-04 -9.4576333E-04 -1.1099539E-04  0.0000000E+00
  2.0799350E+02 -1.2007529E-03 -8.3078401E-04 -9.2914581E-04 -3.7440055E-05  0.0000000E+00
  2.0799350E+02 -1.5448969E-01 -3.4073800E-05 -7.6860488E-02 -8.3581782E-02  0.0000000E+00
  2.0799350E+02 -1.1077782E-01 -1.9366819E-03 -4.3003201E-02 -8.3003663E-02  0.0000000E+00
  2.0799350E+02 -5.3599970E-02 -5.1713069E-03 -3.3785390E-02 -8.1704903E-02  0.0000000E+00
  2.0799350E+02 -3.9983606E-02 -8.2188702E-03 -2.8102702E-02 -7.9828413E-02  0.0000000E+00
  2.0799350E+02 -3.0987245E-02 -1.0441552E-02 -2.4870041E-02 -7.7842097E-02  0.0000000E+00
  2.0799350E+02 -2.3669362E-02 -1.1973057E-02 -2.3015015E-02 -7.5985779E-02  0.0000000E+00
  2.0799350E+02 -1.9991739E-02 -1.3016864E-02 -2.2002566E-02 -7.4284302E-02  0.0000000E+00
  2.0799350E+02 -1.8380511E-02 -1.3660220E-02 -2.1133316E-02 -7.2672163E-02  0.0000000E+00
  2.0799350E+02 -1.7907658E-02 -1.3982137E-02 -2.0079891E-02 -7.1069339E-02  0.0000000E+00
  2.0799350E+02 -1.7702306E-02 -1.4108394E-02 -1.9057151E-02 -6.9415805E-02  0.0000000E+00
  2.0799350E+02 -1.7556087E-02 -1.4101841E-02 -1.8213584E-02 -6.7671572E-02  0.0000000E+00
  2.0799350E+02 -1.7340282E-02 -1.3937751E-02 -1.7412029E-02 -6.5821830E-02  0.0000000E+00
  2.0799350E+02 -1.6927074E-02 -1.3591461E-02 -1.6501405E-02 -6.3879564E-02  0.0000000E+00
  2.0799350E+02 -1.6391664E-02 -1.3110607E-02 -1.5586236E-02 -6.1879761E-02  0.0000000E+00
  2.0799350E+02 -1.6052979E-02 -1.2596224E-02 -1.4918748E-02 -5.9863880E-02  0.0000000E+00
  2.0799350E+02 -1.5916552E-02 -1.2087108E-02 -1.4367739E-02 -5.7856695E-02  0.0000000E+00
  2.0799350E+02 -1.5357299E-02 -1.1591995E-02 -1.3605553E-02 -5.5869833E-02  0.0000000E+00
  2.0799350E+02 -1.4569680E-02 -1.1077233E-02 -1.2837637E-02 -5.3910321E-02  0.0000000E+00
  2.0799350E+02 -1.3763003E-02 -1.0553047E-02 -1.2180678E-02 -5.1988108E-02  0.0000000E+00
  2.0799350E+02 -1.3034271E-02 -1.0021972E-02 -1.1553050E-02 -5.0111990E-02  0.0000000E+00
  2.0799350E+02 -1.2414340E-02 -9.4852717E-03 -1.0912719E-02 -4.8287736E-02  0.0000000E+00
  2.0799350E+02 -1.1895073E-02 -8.9485681E-03 -1.0301779E-02 -4.6518258E-02  0.0000000E+00
  2.0799350E+02 -1.1446005E-02 -8.4249592E-03 -9.7832870E-03 -4.4804743E-02  0.0000000E+00
  2.0799350E+02 -1.1029024E-02 -7.9339082E-03 -9.3560763E-03 -4.3147687E-02  0.0000000E+00
  2.0799350E+02 -1.0619553E-02 -7.4941796E-03 -8.9332072E-03 -4.1546751E-02  0.0000000E+00
  2.0799350E+02 -1.0242748E-02 -7.1091007E-03 -8.4697396E-03 -3.9998389E-02  0.0000000E+00
  2.0799350E+02 -9.7935893E-03 -6.7608307E-03 -8.0827921E-03 -3.8498578E-02  0.0000000E+00
  2.0799350E+02 -9.2547766E-03 -6.4365202E-03 -7.6605325E-03 -3.7047884E-02  0.0000000E+00
  2.0799350E+02 -8.7319608E-03 -6.1271841E-03 -7.2179515E-03 -3.5641726E-02  0.0000000E+00
  2.0799350E+02 -8.2308763E-03 -5.8309035E-03 -6.8061044E-03 -3.4286643E-02  0.0000000E+00
  2.0799350E+02 -7.7592411E-03 -5.5482308E-03 -6.4686100E-03 -3.2991324E-02  0.0000000E+00
  2.0799350E+02 -7.3308575E-03 -5.2811260E-03 -6.2151785E-03 -3.1761341E-02  0.0000000E+00
  2.0799350E+02 -6.9617616E-03 -5.0319695E-03 -6.0215099E-03 -3.0597163E-02  0.0000000E+00
  2.0799350E+02 -6.6624950E-03 -4.8026889E-03 -5.8457283E-03 -2.9494574E-02  0.0000000E+00
  2.0799350E+02 -6.4305758E-03 -4.5940374E-03 -5.6515199E-03 -2.8446556E-02  0.0000000E+00
  2.0799350E+02 -6.2472440E-03 -4.4050628E-03 -5.4281413E-03 -2.7445750E-02  0.0000000E+00
  2.0799350E+02 -6.0825564E-03 -4.2328039E-03 -5.1974665E-03 -2.6486583E-02  0.0000000E+00
  2.0799350E+02 -5.9129068E-03 -4.0722537E-03 -4.9982374E-03 -2.5566139E-02  0.0000000E+00
  2.0799350E+02 -5.7550476E-03 -3.9166255E-03 -4.8376868E-03 -2.4682896E-02  0.0000000E+00
  2.0799350E+02 -5.5683455E-03 -3.7791173E-03 -4.6238171E-03 -2.3835266E-02  0.0000000E+00
  2.0799350E+02 -5.2747471E-03 -3.6478984E-03 -4.4017468E-03 -2.3019071E-02  0.0000000E+00
  2.0799350E+02 -5.0097097E-03 -3.5196221E-03 -4.2050795E-03 -2.2231609E-02  0.0000000E+00
  2.0799350E+02 -4.7926251E-03 -3.4038379E-03 -4.0306240E-03 -2.1472483E-02  0.0000000E+00
  2.0799350E+02 -4.6212513E-03 -3.3009631E-03 -3.8753303E-03 -2.0740928E-02  0.0000000E+00
  2.0799350E+02 -4.4845611E-03 -3.2079756E-03 -3.7383393E-03 -2.0035817E-02  0.0000000E+00
  2.0799350E+02 -4.3704657E-03 -3.1216850E-03 -3.6206828E-03 -1.9355635E-02  0.0000000E+00
  2.0799350E+02 -4.2695264E-03 -3.0401200E-03 -3.5235459E-03 -1.8698466E-02  0.0000000E+00
  2.0799350E+02 -4.1757637E-03 -2.9625761E-03 -3.4460080E-03 -1.8062030E-02  0.0000000E+00
  2.0799350E+02 -4.0856768E-03 -2.8888633E-03 -3.3831765E-03 -1.7443791E-02  0.0000000E+00
  2.0799350E+02 -3.9965842E-03 -2.8182951E-03 -3.3256278E-03 -1.6841196E-02  0.0000000E+00
  2.0799350E+02 -3.9053975E-03 -2.7489606E-03 -3.2610690E-03 -1.6252055E-02  0.0000000E+00
  2.0799350E+02 -3.8089389E-03 -2.6778198E-03 -3.1791371E-03 -1.5675119E-02  0.0000000E+00
  2.0799350E+02 -3.7069147E-03 -2.6021649E-03 -3.0802476E-03 -1.5110884E-02  0.0000000E+00
  2.0799350E+02 -3.6086556E-03 -2.5229871E-03 -2.9894087E-03 -1.4562647E-02  0.0000000E+00
  2.0799350E+02 -3.5010138E-03 -2.4542644E-03 -2.9249073E-03 -1.4031412E-02  0.0000000E+00
  2.0799350E+02 -3.4021357E-03 -2.3853575E-03 -2.8555674E-03 -1.3517721E-02  0.0000000E+00
  2.0799350E+02 -3.3068715E-03 -2.3159293E-03 -2.7829707E-03 -1.3022490E-02  0.0000000E+00
  2.0799350E+02 -3.1977237E-03 -2.2509058E-03 -2.7024406E-03 -1.2543873E-02  0.0000000E+00
  2.0799350E+02 -3.0771677E-03 -2.1913475E-03 -2.6182205E-03 -1.2081279E-02  0.0000000E+00
  2.0799350E+02 -2.9554003E-03 -2.1365574E-03 -2.5370211E-03 -1.1634587E-02  0.0000000E+00
  2.0799350E+02 -2.8427267E-03 -2.0853835E-03 -2.4641803E-03 -1.1203673E-02  0.0000000E+00
  2.0799350E+02 -2.7456862E-03 -2.0368811E-03 -2.4019271E-03 -1.0788178E-02  0.0000000E+00
  2.0799350E+02 -2.6660137E-03 -1.9904936E-03 -2.3492418E-03 -1.0387468E-02  0.0000000E+00
  2.0799350E+02 -2.6015363E-03 -1.9459169E-03 -2.3028068E-03 -1.0000716E-02  0.0000000E+00
  2.0799350E+02 -2.5481026E-03 -1.9028085E-03 -2.2585373E-03 -9.6270372E-03  0.0000000E+00
  2.0799350E+02 -2.5016444E-03 -1.8605027E-03 -2.2131876E-03 -9.2656256E-03  0.0000000E+00
  2.0799350E+02 -2.4594682E-03 -1.8178955E-03 -2.1655235E-03 -8.9158236E-03  0.0000000E+00
  2.0799350E+02 -2.4198748E-03 -1.7736608E-03 -2.1165539E-03 -8.5770605E-03  0.0000000E+00
  2.0799350E+02 -2.3792071E-03 -1.7269599E-03 -2.0683137E-03 -8.2486004E-03  0.0000000E+00
  2.0799350E+02 -2.3254223E-03 -1.6788069E-03 -2.0206914E-03 -7.9290347E-03  0.0000000E+00
  2.0799350E+02 -2.2369753E-03 -1.6350333E-03 -1.9619815E-03 -7.6168257E-03  0.0000000E+00
  2.0799350E+02 -2.1486257E-03 -1.5942201E-03 -1.8965637E-03 -7.3121870E-03  0.0000000E+00
  2.0799350E+02 -2.0708019E-03 -1.5520297E-03 -1.8370648E-03 -7.0128413E-03  0.0000000E+00
  2.0799350E+02 -2.0047246E-03 -1.5103605E-03 -1.7777426E-03 -6.7192725E-03  0.0000000E+00
  2.0799350E+02 -1.9460284E-03 -1.4701708E-03 -1.7177421E-03 -6.4315192E-03  0.0000000E+00
  2.0799350E+02 -1.8896514E-03 -1.4318421E-03 -1.6586832E-03 -6.1496115E-03  0.0000000E+00
  2.0799350E+02 -1.8325326E-03 -1.3954283E-03 -1.6029289E-03 -5.8737840E-03  0.0000000E+00
  2.0799350E+02 -1.7745602E-03 -1.3608130E-03 -1.5524501E-03 -5.6045136E-03  0.0000000E+00
  2.0799350E+02 -1.7182124E-03 -1.3277955E-03 -1.5081998E-03 -5.3424327E-03  0.0000000E+00
  2.0799350E+02 -1.6674186E-03 -1.2961834E-03 -1.4699786E-03 -5.0886220E-03  0.0000000E+00
  2.0799350E+02 -1.6255555E-03 -1.2655738E-03 -1.4363083E-03 -4.8425929E-03  0.0000000E+00
  2.0799350E+02 -1.5943868E-03 -1.2356974E-03 -1.4052399E-03 -4.6048964E-03  0.0000000E+00
  2.0799350E+02 -1.5725119E-03 -1.2062021E-03 -1.3746301E-03 -4.3751761E-03  0.0000000E+00
  2.0799350E+02 -1.5552044E-03 -1.1767618E-03 -1.3428646E-03 -4.1526758E-03  0.0000000E+00
  2.0799350E+02 -1.5354995E-03 -1.1471832E-03 -1.3095053E-03 -3.9364533E-03  0.0000000E+00
  2.0799350E+02 -1.5070710E-03 -1.1175912E-03 -1.2758521E-03 -3.7258195E-03  0.0000000E+00
  2.0799350E+02 -1.4693388E-03 -1.0887125E-03 -1.2453326E-03 -3.5210519E-03  0.0000000E+00
  2.0799350E+02 -1.4309780E-03 -1.0638555E-03 -1.2195865E-03 -3.3224914E-03  0.0000000E+00
  2.0799350E+02 -1.3934316E-03 -1.0414144E-03 -1.1877660E-03 -3.1292261E-03  0.0000000E+00
  2.0799350E+02 -1.3587477E-03 -1.0180288E-03 -1.1560061E-03 -2.9436333E-03  0.0000000E+00
  2.0799350E+02 -1.3273077E-03 -9.9434076E-04 -1.1267798E-03 -2.7657259E-03  0.0000000E+00
  2.0799350E+02 -1.2998409E-03 -9.7055159E-04 -1.1000838E-03 -2.5954221E-03  0.0000000E+00
  2.0799350E+02 -1.2768175E-03 -9.4680419E-04 -1.0749352E-03 -2.4324728E-03  0.0000000E+00
  2.0799350E+02 -1.2581712E-03 -9.2338407E-04 -1.0503176E-03 -2.2764512E-03  0.0000000E+00
  2.0799350E+02 -1.2432752E-03 -9.0077542E-04 -1.0256766E-03 -2.1267872E-03  0.0000000E+00
  2.0799350E+02 -1.2310979E-03 -8.7960926E-04 -1.0010617E-03 -1.9828325E-03  0.0000000E+00
  2.0799350E+02 -1.2204636E-03 -8.6054066E-04 -9.7701463E-04 -1.8439388E-03  0.0000000E+00
  2.0799350E+02 -1.2103441E-03 -8.4409171E-04 -9.5430183E-04 -1.7095358E-03  0.0000000E+00
  2.0799350E+02 -1.2001052E-03 -8.3049739E-04 -9.3359003E-04 -1.5791903E-03  0.0000000E+00
  2.0799350E+02 -1.1896364E-03 -8.1959093E-04 -9.1516330E-04 -1.4526334E-03  0.0000000E+00
