          atime         pdf_uu         pdf_vv         pdf_ww         pm1avg           tavg
  2.0799350E+02  1.2418605E-02 -1.2369545E-02 -1.6646291E-06 -5.1768939E-02  0.0000000E+00
  2.0799350E+02  1.1577723E-02 -7.2360801E-03 -8.0995914E-04 -5.1810476E-02  0.0000000E+00
  2.0799350E+02  3.1112019E-03 -1.1136538E-02 -9.1452532E-04 -5.1832752E-02  0.0000000E+00
  2.0799350E+02 -7.3115163E-03 -1.1294100E-02 -2.3539523E-04 -5.1839544E-02  0.0000000E+00
  2.0799350E+02 -1.2201500E-02 -9.3458473E-03  3.6965360E-04 -5.1809062E-02  0.0000000E+00
  2.0799350E+02 -1.2785467E-02 -7.6224223E-03  5.3307787E-04 -5.1753684E-02  0.0000000E+00
  2.0799350E+02 -1.1655755E-02 -6.6588310E-03  4.5357981E-04 -5.1705599E-02  0.0000000E+00
  2.0799350E+02 -1.0507248E-02 -5.5213986E-03 -4.0433807E-04 -5.1690854E-02  0.0000000E+00
  2.0799350E+02 -9.2605446E-03 -3.0832681E-03 -1.9321172E-03 -5.1704730E-02  0.0000000E+00
  2.0799350E+02 -8.0814697E-03  4.1891785E-04 -3.2182217E-03 -5.1713309E-02  0.0000000E+00
  2.0799350E+02 -6.8045579E-03  4.0010701E-03 -3.6316816E-03 -5.1676756E-02  0.0000000E+00
  2.0799350E+02 -5.4401649E-03  6.7692396E-03 -3.0160863E-03 -5.1554776E-02  0.0000000E+00
  2.0799350E+02 -4.1832605E-03  8.4788185E-03 -1.7927217E-03 -5.1314032E-02  0.0000000E+00
  2.0799350E+02 -3.1688661E-03  9.6917594E-03 -8.8795389E-04 -5.0939513E-02  0.0000000E+00
  2.0799350E+02 -2.3684255E-03  1.1062438E-02 -1.0824360E-03 -5.0430306E-02  0.0000000E+00
  2.0799350E+02 -1.8358051E-03  1.2210859E-02 -1.9877033E-03 -4.9795416E-02  0.0000000E+00
  2.0799350E+02 -1.3996391E-03  1.2511426E-02 -2.6439060E-03 -4.9052061E-02  0.0000000E+00
  2.0799350E+02 -1.0728331E-03  1.1807391E-02 -2.4089207E-03 -4.8221614E-02  0.0000000E+00
  2.0799350E+02 -8.0235202E-04  1.0634764E-02 -1.5239078E-03 -4.7328864E-02  0.0000000E+00
  2.0799350E+02 -5.6717208E-04  9.0956597E-03 -3.3467132E-04 -4.6384967E-02  0.0000000E+00
  2.0799350E+02 -3.5275498E-04  7.1237520E-03  8.6782572E-04 -4.5405385E-02  0.0000000E+00
  2.0799350E+02 -1.4842450E-04  4.7144218E-03  1.8991726E-03 -4.4398823E-02  0.0000000E+00
  2.0799350E+02  3.7860527E-05  2.1015030E-03  2.6416152E-03 -4.3370604E-02  0.0000000E+00
  2.0799350E+02  1.6961543E-04 -2.0421714E-04  2.9980994E-03 -4.2327541E-02  0.0000000E+00
  2.0799350E+02  1.9650631E-04 -1.6468843E-03  2.9062372E-03 -4.1269159E-02  0.0000000E+00
  2.0799350E+02  1.0400075E-04 -2.1062809E-03  2.4454987E-03 -4.0201255E-02  0.0000000E+00
  2.0799350E+02 -1.2415496E-04 -1.8937589E-03  1.8729256E-03 -3.9133389E-02  0.0000000E+00
  2.0799350E+02 -3.5811660E-04 -1.0808575E-03  1.3333986E-03 -3.8073019E-02  0.0000000E+00
  2.0799350E+02 -5.7557560E-04 -3.9211491E-04  9.5955923E-04 -3.7025380E-02  0.0000000E+00
  2.0799350E+02 -7.8219350E-04 -1.0254680E-04  7.7002479E-04 -3.5986310E-02  0.0000000E+00
  2.0799350E+02 -9.5646214E-04 -2.3986828E-04  7.3113902E-04 -3.4955008E-02  0.0000000E+00
  2.0799350E+02 -1.0718513E-03 -6.7797220E-04  7.7934221E-04 -3.3937170E-02  0.0000000E+00
  2.0799350E+02 -1.1113447E-03 -1.2218998E-03  8.4939967E-04 -3.2931404E-02  0.0000000E+00
  2.0799350E+02 -1.0708735E-03 -1.6711278E-03  9.0054480E-04 -3.1944134E-02  0.0000000E+00
  2.0799350E+02 -9.6006126E-04 -1.8794865E-03  9.3430918E-04 -3.0977458E-02  0.0000000E+00
  2.0799350E+02 -7.9911161E-04 -1.7901770E-03  9.9519901E-04 -3.0034851E-02  0.0000000E+00
  2.0799350E+02 -6.1822357E-04 -1.4638662E-03  1.1484518E-03 -2.9125082E-02  0.0000000E+00
  2.0799350E+02 -4.5681129E-04 -1.0897774E-03  1.4285858E-03 -2.8249235E-02  0.0000000E+00
  2.0799350E+02 -3.7130405E-04 -9.8485353E-04  1.7508196E-03 -2.7400717E-02  0.0000000E+00
  2.0799350E+02 -3.4262822E-04 -1.1189012E-03  1.9419806E-03 -2.6578645E-02  0.0000000E+00
  2.0799350E+02 -2.8412013E-04 -1.1554052E-03  2.0173567E-03 -2.5777846E-02  0.0000000E+00
  2.0799350E+02 -1.9821620E-04 -1.1416136E-03  1.9602963E-03 -2.4996998E-02  0.0000000E+00
  2.0799350E+02 -7.8412950E-05 -9.6680536E-04  1.8052225E-03 -2.4238723E-02  0.0000000E+00
  2.0799350E+02  4.8819817E-05 -6.2750535E-04  1.5790330E-03 -2.3502439E-02  0.0000000E+00
  2.0799350E+02  1.5085585E-04 -1.7934733E-04  1.3147567E-03 -2.2790135E-02  0.0000000E+00
  2.0799350E+02  2.0621857E-04  3.0303172E-04  1.0501911E-03 -2.2098245E-02  0.0000000E+00
  2.0799350E+02  2.0957042E-04  7.4299554E-04  8.2613108E-04 -2.1428244E-02  0.0000000E+00
  2.0799350E+02  1.7162475E-04  1.0807051E-03  6.7412373E-04 -2.0777739E-02  0.0000000E+00
  2.0799350E+02  1.1274544E-04  1.2756568E-03  6.0894629E-04 -2.0144029E-02  0.0000000E+00
  2.0799350E+02  5.5268687E-05  1.3081450E-03  6.2153491E-04 -1.9527093E-02  0.0000000E+00
  2.0799350E+02  1.4336397E-05  1.1817868E-03  6.7720127E-04 -1.8922789E-02  0.0000000E+00
  2.0799350E+02 -7.9997897E-06  9.2309051E-04  7.2411295E-04 -1.8326928E-02  0.0000000E+00
  2.0799350E+02 -2.4572648E-05  5.9024556E-04  7.1263479E-04 -1.7739732E-02  0.0000000E+00
  2.0799350E+02 -5.8362800E-05  2.8303193E-04  6.3088531E-04 -1.7160781E-02  0.0000000E+00
  2.0799350E+02 -6.0335314E-05  2.6143152E-05  5.3024406E-04 -1.6592342E-02  0.0000000E+00
  2.0799350E+02 -3.8757412E-05 -1.0601189E-04  3.9682338E-04 -1.6033649E-02  0.0000000E+00
  2.0799350E+02 -1.2763307E-05 -1.0083371E-04  2.4070629E-04 -1.5488873E-02  0.0000000E+00
  2.0799350E+02  2.6742430E-05 -4.8884230E-05  9.3578339E-05 -1.4960795E-02  0.0000000E+00
  2.0799350E+02  6.7663904E-05 -1.2544832E-05 -1.3376785E-05 -1.4448522E-02  0.0000000E+00
  2.0799350E+02  9.3839220E-05 -3.1671893E-05 -5.7190036E-05 -1.3954389E-02  0.0000000E+00
  2.0799350E+02  9.5369795E-05 -1.2689529E-04 -2.8646568E-05 -1.3477196E-02  0.0000000E+00
  2.0799350E+02  7.1883731E-05 -3.0299374E-04  6.8997171E-05 -1.3015156E-02  0.0000000E+00
  2.0799350E+02  3.1935949E-05 -5.4943792E-04  2.2201420E-04 -1.2568524E-02  0.0000000E+00
  2.0799350E+02 -1.1208729E-05 -8.4499974E-04  4.1238864E-04 -1.2134223E-02  0.0000000E+00
  2.0799350E+02 -4.4363296E-05 -1.1571759E-03  6.2088000E-04 -1.1712648E-02  0.0000000E+00
  2.0799350E+02 -5.9958453E-05 -1.4497204E-03  8.3343391E-04 -1.1302395E-02  0.0000000E+00
  2.0799350E+02 -5.8893485E-05 -1.6867515E-03  1.0422130E-03 -1.0902713E-02  0.0000000E+00
  2.0799350E+02 -5.0456174E-05 -1.8399098E-03  1.2429651E-03 -1.0515254E-02  0.0000000E+00
  2.0799350E+02 -4.7073511E-05 -1.9022613E-03  1.4310780E-03 -1.0139014E-02  0.0000000E+00
  2.0799350E+02 -5.2512674E-05 -1.9012546E-03  1.5880794E-03 -9.7712642E-03  0.0000000E+00
  2.0799350E+02 -4.5410685E-05 -1.8493579E-03  1.6861275E-03 -9.4110534E-03  0.0000000E+00
  2.0799350E+02 -5.0242827E-05 -1.7538541E-03  1.7206245E-03 -9.0619972E-03  0.0000000E+00
  2.0799350E+02 -6.1656605E-05 -1.7469342E-03  1.6881470E-03 -8.7199815E-03  0.0000000E+00
  2.0799350E+02 -6.4285221E-05 -1.7507573E-03  1.6269960E-03 -8.3848788E-03  0.0000000E+00
  2.0799350E+02 -5.6172304E-05 -1.7153333E-03  1.5461871E-03 -8.0557821E-03  0.0000000E+00
  2.0799350E+02 -4.1369816E-05 -1.6166607E-03  1.4427578E-03 -7.7333888E-03  0.0000000E+00
  2.0799350E+02 -2.5015128E-05 -1.4522648E-03  1.3114059E-03 -7.4162857E-03  0.0000000E+00
  2.0799350E+02 -1.0894594E-05 -1.2374557E-03  1.1519770E-03 -7.1057605E-03  0.0000000E+00
  2.0799350E+02 -3.5895352E-07 -9.9747969E-04  9.7003371E-04 -6.8017851E-03  0.0000000E+00
  2.0799350E+02  7.2346064E-06 -7.6185775E-04  7.7664264E-04 -6.5046502E-03  0.0000000E+00
  2.0799350E+02  1.3439936E-05 -5.5969489E-04  5.8695117E-04 -6.2163099E-03  0.0000000E+00
  2.0799350E+02  1.9485127E-05 -4.1164279E-04  4.1452800E-04 -5.9369508E-03  0.0000000E+00
  2.0799350E+02  2.5148072E-05 -3.2740036E-04  2.6906593E-04 -5.6664618E-03  0.0000000E+00
  2.0799350E+02  2.8375260E-05 -3.0334680E-04  1.5461480E-04 -5.4056889E-03  0.0000000E+00
  2.0799350E+02  2.6192233E-05 -3.2158917E-04  6.7477813E-05 -5.1530684E-03  0.0000000E+00
  2.0799350E+02  1.7236535E-05 -3.5317192E-04  5.0294758E-07 -4.9085502E-03  0.0000000E+00
  2.0799350E+02  6.4809329E-06 -3.6419509E-04 -5.1529564E-05 -4.6707719E-03  0.0000000E+00
  2.0799350E+02  2.2980837E-06 -3.4129072E-04 -8.6952092E-05 -4.4392335E-03  0.0000000E+00
  2.0799350E+02  5.0350469E-06 -3.0730633E-04 -1.1707196E-04 -4.2141158E-03  0.0000000E+00
  2.0799350E+02  1.4394147E-05 -2.8335187E-04 -1.1997489E-04 -3.9949426E-03  0.0000000E+00
  2.0799350E+02  2.1704543E-05 -2.8885072E-04 -9.2593344E-05 -3.7835312E-03  0.0000000E+00
  2.0799350E+02  2.4140814E-05 -3.2204157E-04 -4.5735091E-05 -3.5801251E-03  0.0000000E+00
  2.0799350E+02  2.1963569E-05 -3.7062100E-04  5.5947842E-06 -3.3845907E-03  0.0000000E+00
  2.0799350E+02  1.6752885E-05 -4.1887925E-04  4.7832964E-05 -3.1974324E-03  0.0000000E+00
  2.0799350E+02  1.0282105E-05 -4.5343756E-04  7.2643320E-05 -3.0177691E-03  0.0000000E+00
  2.0799350E+02  3.9746039E-06 -4.6594417E-04  7.7438023E-05 -2.8445645E-03  0.0000000E+00
  2.0799350E+02 -1.1942716E-06 -4.5433897E-04  6.4718084E-05 -2.6776344E-03  0.0000000E+00
  2.0799350E+02 -4.6692470E-06 -4.2262885E-04  4.0209344E-05 -2.5156268E-03  0.0000000E+00
  2.0799350E+02 -6.0512807E-06 -3.7949474E-04  1.0624244E-05 -2.3585385E-03  0.0000000E+00
  2.0799350E+02 -5.0177135E-06 -3.3551514E-04 -1.8885455E-05 -2.2057215E-03  0.0000000E+00
  2.0799350E+02 -1.5478648E-02  1.5476649E-02  6.5497319E-17 -2.1404089E-02  0.0000000E+00
  2.0799350E+02 -6.5001386E-03  1.4688948E-02  3.9905583E-04 -2.1611591E-02  0.0000000E+00
  2.0799350E+02  3.0233703E-03  1.3305297E-03  5.8468621E-04 -2.1834745E-02  0.0000000E+00
  2.0799350E+02  8.0124130E-03 -7.9237672E-03  8.5778262E-04 -2.2112740E-02  0.0000000E+00
  2.0799350E+02  9.4040396E-03 -1.2386563E-02  9.7548592E-04 -2.2422798E-02  0.0000000E+00
  2.0799350E+02  8.1964288E-03 -1.2952095E-02  6.9395854E-04 -2.2729033E-02  0.0000000E+00
  2.0799350E+02  5.6093583E-03 -1.1225857E-02  3.0957655E-04 -2.3022453E-02  0.0000000E+00
  2.0799350E+02  3.0222432E-03 -9.2586872E-03 -2.6631034E-04 -2.3324628E-02  0.0000000E+00
  2.0799350E+02  1.3840062E-03 -8.4424514E-03 -4.9463381E-04 -2.3661799E-02  0.0000000E+00
  2.0799350E+02  6.2115892E-04 -7.2162528E-03 -5.7297069E-04 -2.4079126E-02  0.0000000E+00
  2.0799350E+02  7.1291000E-05 -4.9267380E-03 -1.3089361E-03 -2.4583760E-02  0.0000000E+00
  2.0799350E+02 -3.0419435E-04 -2.0567166E-03 -2.5223006E-03 -2.5165339E-02  0.0000000E+00
  2.0799350E+02 -4.1707196E-04  7.3744462E-04 -3.3673021E-03 -2.5805059E-02  0.0000000E+00
  2.0799350E+02 -3.2707130E-04  3.1284573E-03 -3.4141273E-03 -2.6465556E-02  0.0000000E+00
  2.0799350E+02 -1.7826296E-04  5.0748639E-03 -3.0351343E-03 -2.7095307E-02  0.0000000E+00
  2.0799350E+02  3.9057939E-05  6.6189874E-03 -2.3448046E-03 -2.7677602E-02  0.0000000E+00
  2.0799350E+02  2.4127839E-04  7.9336488E-03 -1.5495529E-03 -2.8182152E-02  0.0000000E+00
  2.0799350E+02  4.0692072E-04  8.9292930E-03 -1.0292291E-03 -2.8600846E-02  0.0000000E+00
  2.0799350E+02  4.7841490E-04  9.5657217E-03 -8.2734547E-04 -2.8919326E-02  0.0000000E+00
  2.0799350E+02  4.7865545E-04  9.6832108E-03 -6.3863216E-04 -2.9134591E-02  0.0000000E+00
  2.0799350E+02  4.1992241E-04  9.1956401E-03 -2.6617044E-04 -2.9246864E-02  0.0000000E+00
  2.0799350E+02  3.0596637E-04  8.1773956E-03  2.5323732E-04 -2.9259640E-02  0.0000000E+00
  2.0799350E+02  1.6813522E-04  6.8465104E-03  7.3306209E-04 -2.9180511E-02  0.0000000E+00
  2.0799350E+02  8.0830267E-05  5.4769710E-03  1.0118358E-03 -2.9022257E-02  0.0000000E+00
  2.0799350E+02  9.5547237E-05  4.2190936E-03  1.1160564E-03 -2.8799244E-02  0.0000000E+00
  2.0799350E+02  4.2398028E-05  2.8932687E-03  1.2773355E-03 -2.8519545E-02  0.0000000E+00
  2.0799350E+02  1.9827847E-05  1.6260175E-03  1.5667679E-03 -2.8190969E-02  0.0000000E+00
  2.0799350E+02 -9.5973179E-05  6.0589561E-04  1.9640025E-03 -2.7824946E-02  0.0000000E+00
  2.0799350E+02 -2.0137416E-04 -1.2967113E-04  2.0851144E-03 -2.7422907E-02  0.0000000E+00
  2.0799350E+02 -2.1750596E-04 -4.7031948E-04  1.8375431E-03 -2.6990075E-02  0.0000000E+00
  2.0799350E+02 -2.3485949E-04 -5.0185272E-04  1.3751763E-03 -2.6529276E-02  0.0000000E+00
  2.0799350E+02 -3.3634287E-04 -4.1124598E-04  9.2821922E-04 -2.6045363E-02  0.0000000E+00
  2.0799350E+02 -5.2862664E-04 -3.9395024E-04  6.8096163E-04 -2.5540867E-02  0.0000000E+00
  2.0799350E+02 -7.4884774E-04 -5.7643038E-04  7.1057500E-04 -2.5019247E-02  0.0000000E+00
  2.0799350E+02 -9.1317429E-04 -9.6723365E-04  9.6886063E-04 -2.4483920E-02  0.0000000E+00
  2.0799350E+02 -9.7429269E-04 -1.4487594E-03  1.3070847E-03 -2.3937043E-02  0.0000000E+00
  2.0799350E+02 -9.5454488E-04 -1.8171525E-03  1.5344648E-03 -2.3383261E-02  0.0000000E+00
  2.0799350E+02 -9.2247099E-04 -1.8965776E-03  1.5150690E-03 -2.2824158E-02  0.0000000E+00
  2.0799350E+02 -8.7772817E-04 -1.7215859E-03  1.2844931E-03 -2.2262820E-02  0.0000000E+00
  2.0799350E+02 -8.6653015E-04 -1.3388347E-03  9.9793635E-04 -2.1703507E-02  0.0000000E+00
  2.0799350E+02 -9.4102478E-04 -1.0216170E-03  1.0089754E-03 -2.1151864E-02  0.0000000E+00
  2.0799350E+02 -9.2894771E-04 -9.3887803E-04  1.2206768E-03 -2.0610184E-02  0.0000000E+00
  2.0799350E+02 -8.7768292E-04 -9.1167889E-04  1.4295709E-03 -2.0079065E-02  0.0000000E+00
  2.0799350E+02 -8.1550140E-04 -8.5508263E-04  1.5543338E-03 -1.9556344E-02  0.0000000E+00
  2.0799350E+02 -7.5515756E-04 -7.5201969E-04  1.5822782E-03 -1.9042339E-02  0.0000000E+00
  2.0799350E+02 -6.9787360E-04 -6.2222987E-04  1.5333029E-03 -1.8535244E-02  0.0000000E+00
  2.0799350E+02 -6.3915320E-04 -4.9300665E-04  1.4347237E-03 -1.8035125E-02  0.0000000E+00
  2.0799350E+02 -5.7377049E-04 -3.7519917E-04  1.3083732E-03 -1.7542030E-02  0.0000000E+00
  2.0799350E+02 -5.0050200E-04 -2.5079808E-04  1.1674619E-03 -1.7059036E-02  0.0000000E+00
  2.0799350E+02 -4.2391385E-04 -7.3934678E-05  1.0178676E-03 -1.6586513E-02  0.0000000E+00
  2.0799350E+02 -3.5465633E-04  2.0591843E-04  8.6618552E-04 -1.6125060E-02  0.0000000E+00
  2.0799350E+02 -3.0577750E-04  5.9686457E-04  7.2903292E-04 -1.5674219E-02  0.0000000E+00
  2.0799350E+02 -2.8487180E-04  9.8807681E-04  6.4262568E-04 -1.5231581E-02  0.0000000E+00
  2.0799350E+02 -2.8121969E-04  1.0350023E-03  6.7095678E-04 -1.4796169E-02  0.0000000E+00
  2.0799350E+02 -2.7876866E-04  7.7564673E-04  7.4882477E-04 -1.4363797E-02  0.0000000E+00
  2.0799350E+02 -2.6918573E-04  5.9839110E-04  8.1097364E-04 -1.3933746E-02  0.0000000E+00
  2.0799350E+02 -2.7419362E-04  3.2064938E-04  8.6056533E-04 -1.3504481E-02  0.0000000E+00
  2.0799350E+02 -2.9563109E-04  8.4515705E-05  8.4526133E-04 -1.3078049E-02  0.0000000E+00
  2.0799350E+02 -3.1396212E-04 -5.5546327E-05  7.6097552E-04 -1.2655845E-02  0.0000000E+00
  2.0799350E+02 -3.1000180E-04 -1.0062423E-04  6.2900811E-04 -1.2240618E-02  0.0000000E+00
  2.0799350E+02 -2.7586154E-04 -8.3263369E-05  4.8007916E-04 -1.1834277E-02  0.0000000E+00
  2.0799350E+02 -2.1798667E-04 -4.8405494E-05  3.4505996E-04 -1.1440229E-02  0.0000000E+00
  2.0799350E+02 -1.5351931E-04 -3.8729854E-05  2.4746793E-04 -1.1058831E-02  0.0000000E+00
  2.0799350E+02 -1.0357383E-04 -8.5164247E-05  2.0220106E-04 -1.0690185E-02  0.0000000E+00
  2.0799350E+02 -8.4979523E-05 -2.0184353E-04  2.1543954E-04 -1.0333509E-02  0.0000000E+00
  2.0799350E+02 -1.0313127E-04 -3.8574398E-04  2.8648812E-04 -9.9867752E-03  0.0000000E+00
  2.0799350E+02 -1.4791168E-04 -6.1861869E-04  4.0935941E-04 -9.6494826E-03  0.0000000E+00
  2.0799350E+02 -1.9572777E-04 -8.7623508E-04  5.7525325E-04 -9.3194576E-03  0.0000000E+00
  2.0799350E+02 -2.1927799E-04 -1.1380938E-03  7.7239702E-04 -8.9958202E-03  0.0000000E+00
  2.0799350E+02 -2.0768499E-04 -1.4025365E-03  9.8427400E-04 -8.6783735E-03  0.0000000E+00
  2.0799350E+02 -2.0545755E-04 -1.6695716E-03  1.1911943E-03 -8.3695878E-03  0.0000000E+00
  2.0799350E+02 -2.0465435E-04 -1.7795225E-03  1.3671557E-03 -8.0663409E-03  0.0000000E+00
  2.0799350E+02 -1.8646902E-04 -1.8267070E-03  1.5072798E-03 -7.7694529E-03  0.0000000E+00
  2.0799350E+02 -1.7412791E-04 -1.8695072E-03  1.6230804E-03 -7.4785733E-03  0.0000000E+00
  2.0799350E+02 -1.7116200E-04 -1.9162774E-03  1.7068090E-03 -7.1943272E-03  0.0000000E+00
  2.0799350E+02 -1.7219015E-04 -1.9487978E-03  1.7446690E-03 -6.9154987E-03  0.0000000E+00
  2.0799350E+02 -1.7016562E-04 -1.9395969E-03  1.7240986E-03 -6.6413076E-03  0.0000000E+00
  2.0799350E+02 -1.6034203E-04 -1.8646167E-03  1.6388628E-03 -6.3710874E-03  0.0000000E+00
  2.0799350E+02 -1.4175210E-04 -1.7109567E-03  1.4908840E-03 -6.1039750E-03  0.0000000E+00
  2.0799350E+02 -1.1704824E-04 -1.4821377E-03  1.2913625E-03 -5.8408833E-03  0.0000000E+00
  2.0799350E+02 -9.0811762E-05 -1.1969045E-03  1.0575129E-03 -5.5817360E-03  0.0000000E+00
  2.0799350E+02 -6.7657920E-05 -8.8743747E-04  8.1074072E-04 -5.3273230E-03  0.0000000E+00
  2.0799350E+02 -5.0300059E-05 -5.9327664E-04  5.7273178E-04 -5.0782938E-03  0.0000000E+00
  2.0799350E+02 -3.8548717E-05 -3.5573785E-04  3.6380325E-04 -4.8367024E-03  0.0000000E+00
  2.0799350E+02 -2.9450389E-05 -2.0530215E-04  1.9759038E-04 -4.6030900E-03  0.0000000E+00
  2.0799350E+02 -1.9823894E-05 -1.5308556E-04  8.1120595E-05 -4.3778429E-03  0.0000000E+00
  2.0799350E+02 -1.1347613E-05 -1.7881840E-04  1.4290835E-05 -4.1598531E-03  0.0000000E+00
  2.0799350E+02 -1.2312977E-06 -2.7186078E-04 -1.4646132E-05 -3.9489107E-03  0.0000000E+00
  2.0799350E+02  5.0262135E-06 -3.4817578E-04 -4.2640095E-05 -3.7446388E-03  0.0000000E+00
  2.0799350E+02  1.5587590E-07 -3.5459000E-04 -5.8182234E-05 -3.5450670E-03  0.0000000E+00
  2.0799350E+02 -1.9241578E-06 -3.4323791E-04 -5.2167502E-05 -3.3506663E-03  0.0000000E+00
  2.0799350E+02  1.5908336E-06 -3.3925078E-04 -2.3450033E-05 -3.1617909E-03  0.0000000E+00
  2.0799350E+02  8.3843633E-06 -3.5006799E-04  2.2329801E-05 -2.9797503E-03  0.0000000E+00
  2.0799350E+02  1.4972027E-05 -3.7277971E-04  7.5272208E-05 -2.8046575E-03  0.0000000E+00
  2.0799350E+02  1.8847576E-05 -3.9984290E-04  1.2368863E-04 -2.6366751E-03  0.0000000E+00
  2.0799350E+02  1.9283784E-05 -4.2315227E-04  1.5688423E-04 -2.4753719E-03  0.0000000E+00
  2.0799350E+02  1.7159302E-05 -4.3651623E-04  1.6738661E-04 -2.3208656E-03  0.0000000E+00
  2.0799350E+02  1.4184050E-05 -4.3728882E-04  1.5311324E-04 -2.1721915E-03  0.0000000E+00
  2.0799350E+02  1.1898103E-05 -4.2645300E-04  1.1789757E-04 -2.0285450E-03  0.0000000E+00
  2.0799350E+02  1.0847595E-05 -4.0796508E-04  7.0939435E-05 -1.8888737E-03  0.0000000E+00
  2.0799350E+02 -3.5339285E-02  3.5347603E-02 -5.0955367E-07 -8.3592709E-03  0.0000000E+00
  2.0799350E+02 -2.8538748E-02  4.3130253E-02 -6.2407178E-04 -8.4467051E-03  0.0000000E+00
  2.0799350E+02 -1.4957033E-02  2.5032458E-02 -9.1787086E-04 -8.6501983E-03  0.0000000E+00
  2.0799350E+02 -4.5746651E-03  8.7974965E-03 -1.1235738E-03 -9.0020750E-03  0.0000000E+00
  2.0799350E+02  3.7535185E-03 -2.8927144E-03 -1.8374044E-03 -9.4427098E-03  0.0000000E+00
  2.0799350E+02  1.0444886E-02 -9.7071962E-03 -3.1468586E-03 -9.9013782E-03  0.0000000E+00
  2.0799350E+02  1.6463960E-02 -1.4348429E-02 -3.8767032E-03 -1.0320763E-02  0.0000000E+00
  2.0799350E+02  2.1350060E-02 -1.9146242E-02 -2.3488880E-03 -1.0650140E-02  0.0000000E+00
  2.0799350E+02  2.1612253E-02 -2.1880799E-02  7.5953807E-04 -1.0840116E-02  0.0000000E+00
  2.0799350E+02  1.7462084E-02 -2.1871318E-02  2.1346592E-03 -1.0868363E-02  0.0000000E+00
  2.0799350E+02  1.1762098E-02 -2.0461457E-02  2.3384412E-03 -1.0757885E-02  0.0000000E+00
  2.0799350E+02  6.7375333E-03 -1.8270861E-02  2.4273775E-03 -1.0569507E-02  0.0000000E+00
  2.0799350E+02  3.4063690E-03 -1.5138883E-02  2.2915079E-03 -1.0373650E-02  0.0000000E+00
  2.0799350E+02  1.7328491E-03 -1.0538064E-02  1.4304773E-03 -1.0219086E-02  0.0000000E+00
  2.0799350E+02  1.1217691E-03 -5.0757382E-03  1.9707591E-04 -1.0124489E-02  0.0000000E+00
  2.0799350E+02  7.8116022E-04 -1.4645970E-03 -7.9671543E-04 -1.0104937E-02  0.0000000E+00
  2.0799350E+02  1.3760096E-03  2.0967796E-03 -1.9176931E-03 -1.0162835E-02  0.0000000E+00
  2.0799350E+02  1.8501753E-03  4.3535635E-03 -2.4767674E-03 -1.0301747E-02  0.0000000E+00
  2.0799350E+02  1.8872470E-03  5.6170678E-03 -2.4452257E-03 -1.0513718E-02  0.0000000E+00
  2.0799350E+02  1.7892686E-03  6.5088764E-03 -2.0836658E-03 -1.0783002E-02  0.0000000E+00
  2.0799350E+02  1.7626703E-03  7.4253453E-03 -1.7459734E-03 -1.1092042E-02  0.0000000E+00
  2.0799350E+02  1.7746602E-03  8.3992263E-03 -1.6709688E-03 -1.1422162E-02  0.0000000E+00
  2.0799350E+02  1.7225436E-03  9.2296458E-03 -1.8396488E-03 -1.1755466E-02  0.0000000E+00
  2.0799350E+02  1.6483857E-03  9.6823545E-03 -1.9655619E-03 -1.2071110E-02  0.0000000E+00
  2.0799350E+02  1.7352951E-03  9.6286698E-03 -1.6849171E-03 -1.2349230E-02  0.0000000E+00
  2.0799350E+02  1.8184280E-03  8.9303041E-03 -1.0193058E-03 -1.2575998E-02  0.0000000E+00
  2.0799350E+02  1.7603796E-03  7.2168482E-03 -3.1385184E-04 -1.2743209E-02  0.0000000E+00
  2.0799350E+02  1.5903992E-03  5.8782600E-03  3.8974342E-04 -1.2855708E-02  0.0000000E+00
  2.0799350E+02  1.3431824E-03  4.7310135E-03  8.6543222E-04 -1.2914403E-02  0.0000000E+00
  2.0799350E+02  1.1726971E-03  3.6358567E-03  1.1529626E-03 -1.2924428E-02  0.0000000E+00
  2.0799350E+02  1.0554762E-03  2.6558065E-03  1.3231710E-03 -1.2894144E-02  0.0000000E+00
  2.0799350E+02  9.4321286E-04  1.8760443E-03  1.4409670E-03 -1.2831141E-02  0.0000000E+00
  2.0799350E+02  8.2312961E-04  1.3134446E-03  1.5452720E-03 -1.2740155E-02  0.0000000E+00
  2.0799350E+02  7.1811464E-04  9.1041348E-04  1.6412626E-03 -1.2623862E-02  0.0000000E+00
  2.0799350E+02  6.5188876E-04  5.6210341E-04  1.7067556E-03 -1.2483598E-02  0.0000000E+00
  2.0799350E+02  6.1089207E-04  1.7395513E-04  1.7079818E-03 -1.2320729E-02  0.0000000E+00
  2.0799350E+02  5.3107577E-04 -2.8265408E-04  1.6243212E-03 -1.2137676E-02  0.0000000E+00
  2.0799350E+02  3.3773413E-04 -7.4434072E-04  1.4786695E-03 -1.1935956E-02  0.0000000E+00
  2.0799350E+02  6.9307876E-05 -1.0710113E-03  1.3742298E-03 -1.1715225E-02  0.0000000E+00
  2.0799350E+02 -8.7981288E-05 -1.3503087E-03  1.3307428E-03 -1.1481069E-02  0.0000000E+00
  2.0799350E+02 -3.0383687E-04 -1.5719334E-03  1.5304496E-03 -1.1238077E-02  0.0000000E+00
  2.0799350E+02 -4.5086742E-04 -1.6092922E-03  1.7485303E-03 -1.0983557E-02  0.0000000E+00
  2.0799350E+02 -5.1718171E-04 -1.5198702E-03  1.8031382E-03 -1.0722685E-02  0.0000000E+00
  2.0799350E+02 -5.4400248E-04 -1.3471996E-03  1.7161597E-03 -1.0459920E-02  0.0000000E+00
  2.0799350E+02 -5.7160297E-04 -1.1334962E-03  1.5782361E-03 -1.0197777E-02  0.0000000E+00
  2.0799350E+02 -6.1496067E-04 -9.1938866E-04  1.4682141E-03 -9.9376336E-03  0.0000000E+00
  2.0799350E+02 -6.6250539E-04 -7.3691820E-04  1.4184087E-03 -9.6804541E-03  0.0000000E+00
  2.0799350E+02 -6.8964095E-04 -5.9898000E-04  1.4132116E-03 -9.4252861E-03  0.0000000E+00
  2.0799350E+02 -6.7724317E-04 -4.9480117E-04  1.4101457E-03 -9.1721123E-03  0.0000000E+00
  2.0799350E+02 -6.2851658E-04 -3.9020217E-04  1.3700959E-03 -8.9203402E-03  0.0000000E+00
  2.0799350E+02 -5.7443654E-04 -2.4298285E-04  1.2866462E-03 -8.6699726E-03  0.0000000E+00
  2.0799350E+02 -5.5930503E-04 -3.4734878E-05  1.2010030E-03 -8.4202987E-03  0.0000000E+00
  2.0799350E+02 -5.9944480E-04  1.7155044E-04  1.1934748E-03 -8.1729802E-03  0.0000000E+00
  2.0799350E+02 -6.0430272E-04  1.4775731E-04  1.3365987E-03 -7.9310366E-03  0.0000000E+00
  2.0799350E+02 -5.4959091E-04 -2.5144687E-04  1.4664593E-03 -7.6927709E-03  0.0000000E+00
  2.0799350E+02 -4.3863290E-04 -2.6684018E-04  1.3761768E-03 -7.4587847E-03  0.0000000E+00
  2.0799350E+02 -3.1364651E-04 -1.4012321E-04  1.2558956E-03 -7.2299312E-03  0.0000000E+00
  2.0799350E+02 -2.6788317E-04 -4.0758848E-05  1.1661259E-03 -7.0037501E-03  0.0000000E+00
  2.0799350E+02 -2.9321202E-04 -2.1468260E-05  1.1150990E-03 -6.7786398E-03  0.0000000E+00
  2.0799350E+02 -3.4697555E-04 -6.9512341E-05  1.0866407E-03 -6.5539168E-03  0.0000000E+00
  2.0799350E+02 -3.9085414E-04 -1.4467736E-04  1.0586018E-03 -6.3299629E-03  0.0000000E+00
  2.0799350E+02 -4.0800227E-04 -2.0599065E-04  1.0132579E-03 -6.1065445E-03  0.0000000E+00
  2.0799350E+02 -4.0324765E-04 -2.2656805E-04  9.4203066E-04 -5.8849946E-03  0.0000000E+00
  2.0799350E+02 -3.9381455E-04 -2.0102210E-04  8.4537797E-04 -5.6665864E-03  0.0000000E+00
  2.0799350E+02 -3.9506874E-04 -1.4483251E-04  7.3008845E-04 -5.4527946E-03  0.0000000E+00
  2.0799350E+02 -4.0766759E-04 -8.8075648E-05  6.0562626E-04 -5.2454643E-03  0.0000000E+00
  2.0799350E+02 -4.1204790E-04 -6.4378760E-05  4.7993923E-04 -5.0451400E-03  0.0000000E+00
  2.0799350E+02 -3.7560943E-04 -9.8176296E-05  3.5962977E-04 -4.8527955E-03  0.0000000E+00
  2.0799350E+02 -2.7902441E-04 -1.8958291E-04  2.5184597E-04 -4.6678550E-03  0.0000000E+00
  2.0799350E+02 -1.6716497E-04 -3.0010729E-04  1.7276307E-04 -4.4878079E-03  0.0000000E+00
  2.0799350E+02 -1.3557872E-04 -4.0349431E-04  1.6817905E-04 -4.3114422E-03  0.0000000E+00
  2.0799350E+02 -9.5829565E-05 -6.0157888E-04  2.7292005E-04 -4.1428568E-03  0.0000000E+00
  2.0799350E+02 -1.3626137E-04 -8.1027390E-04  4.5551426E-04 -3.9755655E-03  0.0000000E+00
  2.0799350E+02 -1.9045063E-04 -1.0481560E-03  6.9089243E-04 -3.8108096E-03  0.0000000E+00
  2.0799350E+02 -2.3139679E-04 -1.3057137E-03  9.4817399E-04 -3.6488645E-03  0.0000000E+00
  2.0799350E+02 -2.5363338E-04 -1.5604494E-03  1.1969266E-03 -3.4897605E-03  0.0000000E+00
  2.0799350E+02 -2.6109630E-04 -1.7886563E-03  1.4127710E-03 -3.3325055E-03  0.0000000E+00
  2.0799350E+02 -2.5936111E-04 -1.9683897E-03  1.5765332E-03 -3.1768919E-03  0.0000000E+00
  2.0799350E+02 -2.5203785E-04 -2.0835842E-03  1.6761830E-03 -3.0224998E-03  0.0000000E+00
  2.0799350E+02 -2.3980233E-04 -2.1237014E-03  1.7055619E-03 -2.8692586E-03  0.0000000E+00
  2.0799350E+02 -2.2128690E-04 -2.0828060E-03  1.6631744E-03 -2.7163996E-03  0.0000000E+00
  2.0799350E+02 -1.9517834E-04 -1.9579975E-03  1.5507291E-03 -2.5640129E-03  0.0000000E+00
  2.0799350E+02 -1.6219666E-04 -1.7496866E-03  1.3730156E-03 -2.4120173E-03  0.0000000E+00
  2.0799350E+02 -1.2631462E-04 -1.4634015E-03  1.1386204E-03 -2.2604922E-03  0.0000000E+00
  2.0799350E+02 -9.4233840E-05 -1.1155238E-03  8.6309851E-04 -2.1100845E-03  0.0000000E+00
  2.0799350E+02 -7.1905536E-05 -7.4012051E-04  5.7210494E-04 -1.9612482E-03  0.0000000E+00
  2.0799350E+02 -5.7992863E-05 -4.0724235E-04  3.1237149E-04 -1.8161891E-03  0.0000000E+00
  2.0799350E+02 -3.7975811E-05 -2.1660937E-04  1.4717132E-04 -1.6765480E-03  0.0000000E+00
  2.0799350E+02 -2.7395931E-05 -1.3078028E-04  5.9271894E-05 -1.5428002E-03  0.0000000E+00
  2.0799350E+02 -2.3401423E-05 -1.1743348E-04  3.8150884E-06 -1.4156183E-03  0.0000000E+00
  2.0799350E+02 -2.0198778E-05 -1.4927229E-04 -4.0179692E-05 -1.2927535E-03  0.0000000E+00
  2.0799350E+02 -1.5906765E-05 -2.0275514E-04 -7.3142299E-05 -1.1735338E-03  0.0000000E+00
  2.0799350E+02 -1.0831929E-05 -2.6013152E-04 -8.7487280E-05 -1.0577274E-03  0.0000000E+00
  2.0799350E+02 -6.1916434E-06 -3.1022334E-04 -7.5735316E-05 -9.4552350E-04  0.0000000E+00
  2.0799350E+02 -3.2099926E-06 -3.4791708E-04 -3.5438335E-05 -8.3749908E-04  0.0000000E+00
  2.0799350E+02 -2.5364721E-06 -3.7311098E-04  2.9173920E-05 -7.3370833E-04  0.0000000E+00
  2.0799350E+02 -4.0197174E-06 -3.8854753E-04  1.0709884E-04 -6.3464386E-04  0.0000000E+00
  2.0799350E+02 -6.6923950E-06 -3.9814280E-04  1.8287878E-04 -5.4038998E-04  0.0000000E+00
  2.0799350E+02 -9.0203899E-06 -4.0511698E-04  2.3986728E-04 -4.5075360E-04  0.0000000E+00
  2.0799350E+02 -9.3426031E-06 -4.1068222E-04  2.6420562E-04 -3.6540057E-04  0.0000000E+00
  2.0799350E+02 -4.4967683E-02  4.4945315E-02 -1.2872075E-17 -1.1722352E-03  0.0000000E+00
  2.0799350E+02 -4.0819246E-02  7.3739933E-02 -4.1493424E-04 -1.2698707E-03  0.0000000E+00
  2.0799350E+02 -2.0576369E-02  4.5460840E-02 -1.5218689E-03 -1.7722486E-03  0.0000000E+00
  2.0799350E+02 -9.9828180E-04  1.3812653E-02 -3.4981385E-03 -2.6739363E-03  0.0000000E+00
  2.0799350E+02  1.4565661E-02 -1.0666004E-02 -5.2337459E-03 -3.7334330E-03  0.0000000E+00
  2.0799350E+02  2.2685037E-02 -2.5568820E-02 -5.1242380E-03 -4.7512167E-03  0.0000000E+00
  2.0799350E+02  2.2505053E-02 -3.0426918E-02 -3.2952281E-03 -5.6215403E-03  0.0000000E+00
  2.0799350E+02  1.7623635E-02 -2.8297489E-02 -6.1863084E-04 -6.2900784E-03  0.0000000E+00
  2.0799350E+02  1.0860342E-02 -2.2230548E-02  9.2291803E-04 -6.7149555E-03  0.0000000E+00
  2.0799350E+02  3.9861426E-03 -1.7675992E-02  2.8600029E-03 -6.8776088E-03  0.0000000E+00
  2.0799350E+02 -1.9060996E-03 -1.5978097E-02  5.2881477E-03 -6.7859315E-03  0.0000000E+00
  2.0799350E+02 -5.9776745E-03 -1.6057418E-02  6.0987084E-03 -6.4703078E-03  0.0000000E+00
  2.0799350E+02 -8.0989892E-03 -1.6494437E-02  4.0688935E-03 -5.9780609E-03  0.0000000E+00
  2.0799350E+02 -9.0883487E-03 -1.6329455E-02  9.7619008E-04 -5.3649577E-03  0.0000000E+00
  2.0799350E+02 -9.5509912E-03 -1.5148327E-02  2.6823155E-04 -4.6841891E-03  0.0000000E+00
  2.0799350E+02 -9.3678227E-03 -1.2694144E-02  7.5699291E-04 -3.9730108E-03  0.0000000E+00
  2.0799350E+02 -9.3224649E-03 -6.2482197E-03 -1.6816595E-04 -3.2652438E-03  0.0000000E+00
  2.0799350E+02 -8.7103061E-03  2.4314323E-04 -1.8237527E-03 -2.5757739E-03  0.0000000E+00
  2.0799350E+02 -8.1822493E-03  4.3473097E-03 -2.9535195E-03 -1.9372728E-03  0.0000000E+00
  2.0799350E+02 -7.4556258E-03  6.0081756E-03 -2.9581284E-03 -1.3828347E-03  0.0000000E+00
  2.0799350E+02 -6.3795594E-03  6.1738778E-03 -2.1939493E-03 -9.2948248E-04  0.0000000E+00
  2.0799350E+02 -5.1731475E-03  5.9067934E-03 -1.5519228E-03 -5.8270600E-04  0.0000000E+00
  2.0799350E+02 -4.1736308E-03  5.9244549E-03 -1.7407682E-03 -3.3860581E-04  0.0000000E+00
  2.0799350E+02 -3.4608636E-03  6.4365783E-03 -2.7054721E-03 -1.8982930E-04  0.0000000E+00
  2.0799350E+02 -2.7357618E-03  7.2075195E-03 -3.6036080E-03 -1.2898744E-04  0.0000000E+00
  2.0799350E+02 -1.7808119E-03  7.7470243E-03 -3.7741115E-03 -1.3634018E-04  0.0000000E+00
  2.0799350E+02 -1.1295815E-03  7.9505873E-03 -3.6361657E-03 -1.8995281E-04  0.0000000E+00
  2.0799350E+02 -4.7080331E-04  8.4285906E-03 -3.6496279E-03 -2.6905220E-04  0.0000000E+00
  2.0799350E+02 -2.5171786E-05  8.5276973E-03 -3.4218750E-03 -3.6046105E-04  0.0000000E+00
  2.0799350E+02  1.8243125E-04  8.0387705E-03 -2.7684337E-03 -4.5463626E-04  0.0000000E+00
  2.0799350E+02  2.3478082E-04  7.0566977E-03 -1.8392234E-03 -5.4019391E-04  0.0000000E+00
  2.0799350E+02  2.1413819E-04  5.7761415E-03 -8.4794919E-04 -6.0924334E-04  0.0000000E+00
  2.0799350E+02  1.6306165E-04  4.3928784E-03  5.0066158E-05 -6.5828776E-04  0.0000000E+00
  2.0799350E+02  9.1097083E-05  3.0559273E-03  7.9718524E-04 -6.8835518E-04  0.0000000E+00
  2.0799350E+02  2.1153228E-06  1.8594868E-03  1.4071069E-03 -7.0326164E-04  0.0000000E+00
  2.0799350E+02 -7.8164708E-05  8.7768648E-04  1.8979530E-03 -7.0716483E-04  0.0000000E+00
  2.0799350E+02 -1.0021019E-04  1.7734327E-04  2.2417100E-03 -7.0314340E-04  0.0000000E+00
  2.0799350E+02 -3.5645466E-05 -1.8468395E-04  2.3477309E-03 -6.9283612E-04  0.0000000E+00
  2.0799350E+02  7.4182501E-06 -1.9860713E-04  2.1138983E-03 -6.7853535E-04  0.0000000E+00
  2.0799350E+02 -1.3601422E-04 -1.8474633E-05  1.7045295E-03 -6.5981607E-04  0.0000000E+00
  2.0799350E+02 -2.2164206E-04 -4.6435318E-05  1.5020089E-03 -6.3515306E-04  0.0000000E+00
  2.0799350E+02 -3.8796482E-04 -2.4336440E-04  1.4002729E-03 -6.0529579E-04  0.0000000E+00
  2.0799350E+02 -6.1460687E-04 -5.0359977E-04  1.3684795E-03 -5.6684550E-04  0.0000000E+00
  2.0799350E+02 -8.3694671E-04 -7.5650164E-04  1.4061067E-03 -5.1930139E-04  0.0000000E+00
  2.0799350E+02 -9.9649907E-04 -9.6116976E-04  1.5116993E-03 -4.6443763E-04  0.0000000E+00
  2.0799350E+02 -1.0656274E-03 -1.0994180E-03  1.6695883E-03 -4.0517413E-04  0.0000000E+00
  2.0799350E+02 -1.0502679E-03 -1.1652274E-03  1.8467614E-03 -3.4521253E-04  0.0000000E+00
  2.0799350E+02 -9.8218980E-04 -1.1588769E-03  1.9999313E-03 -2.8784734E-04  0.0000000E+00
  2.0799350E+02 -9.0150270E-04 -1.0813867E-03  2.0881787E-03 -2.3487746E-04  0.0000000E+00
  2.0799350E+02 -8.3943837E-04 -9.3342467E-04  2.0845758E-03 -1.8664036E-04  0.0000000E+00
  2.0799350E+02 -8.0457867E-04 -7.1987984E-04  1.9887150E-03 -1.4152809E-04  0.0000000E+00
  2.0799350E+02 -7.8012211E-04 -4.5901213E-04  1.8310100E-03 -9.6132042E-05  0.0000000E+00
  2.0799350E+02 -7.3838454E-04 -2.0382360E-04  1.6700526E-03 -4.6744713E-05  0.0000000E+00
  2.0799350E+02 -6.7710078E-04 -6.7241479E-05  1.5741502E-03  9.5478881E-06  0.0000000E+00
  2.0799350E+02 -6.5482854E-04 -1.6074513E-04  1.5535335E-03  6.8968450E-05  0.0000000E+00
  2.0799350E+02 -6.8828931E-04 -2.5107474E-04  1.7082566E-03  1.2649065E-04  0.0000000E+00
  2.0799350E+02 -7.3884611E-04 -2.8615488E-04  1.8125168E-03  1.8197489E-04  0.0000000E+00
  2.0799350E+02 -7.7309031E-04 -2.7329077E-04  1.7625984E-03  2.3444785E-04  0.0000000E+00
  2.0799350E+02 -7.7531294E-04 -2.3996021E-04  1.5983437E-03  2.8391120E-04  0.0000000E+00
  2.0799350E+02 -7.4402250E-04 -2.1546341E-04  1.4031753E-03  3.3105792E-04  0.0000000E+00
  2.0799350E+02 -6.8772854E-04 -2.2003145E-04  1.2473630E-03  3.7643465E-04  0.0000000E+00
  2.0799350E+02 -6.2059547E-04 -2.5892265E-04  1.1604951E-03  4.2049551E-04  0.0000000E+00
  2.0799350E+02 -5.5748110E-04 -3.2214228E-04  1.1290052E-03  4.6370904E-04  0.0000000E+00
  2.0799350E+02 -5.1070448E-04 -3.8741340E-04  1.1112601E-03  5.0609592E-04  0.0000000E+00
  2.0799350E+02 -4.8660733E-04 -4.2694516E-04  1.0599855E-03  5.4748112E-04  0.0000000E+00
  2.0799350E+02 -4.8392494E-04 -4.1656252E-04  9.4600197E-04  5.8773748E-04  0.0000000E+00
  2.0799350E+02 -4.9418955E-04 -3.4585939E-04  7.7607809E-04  6.2633993E-04  0.0000000E+00
  2.0799350E+02 -5.0404797E-04 -2.2906528E-04  5.9396617E-04  6.6288839E-04  0.0000000E+00
  2.0799350E+02 -5.0027588E-04 -1.1660944E-04  4.6239605E-04  6.9656940E-04  0.0000000E+00
  2.0799350E+02 -4.7809406E-04 -1.0450958E-04  4.1196103E-04  7.2618941E-04  0.0000000E+00
  2.0799350E+02 -4.6398739E-04 -2.8198950E-04  3.5332179E-04  7.5168036E-04  0.0000000E+00
  2.0799350E+02 -4.3708009E-04 -3.7866031E-04  2.4894711E-04  7.7634254E-04  0.0000000E+00
  2.0799350E+02 -3.6141630E-04 -4.5621455E-04  1.8290243E-04  7.9831588E-04  0.0000000E+00
  2.0799350E+02 -2.7251336E-04 -5.5632003E-04  1.7996902E-04  8.1890201E-04  0.0000000E+00
  2.0799350E+02 -1.9819297E-04 -6.9165833E-04  2.5109353E-04  8.3873028E-04  0.0000000E+00
  2.0799350E+02 -1.5448673E-04 -8.6123025E-04  3.9452241E-04  8.5818445E-04  0.0000000E+00
  2.0799350E+02 -1.4509069E-04 -1.0598552E-03  5.9903516E-04  8.7769837E-04  0.0000000E+00
  2.0799350E+02 -1.6376361E-04 -1.2793712E-03  8.4411187E-04  8.9764308E-04  0.0000000E+00
  2.0799350E+02 -1.9774712E-04 -1.5109804E-03  1.1047042E-03  9.1862978E-04  0.0000000E+00
  2.0799350E+02 -2.3203615E-04 -1.7406142E-03  1.3509695E-03  9.4126007E-04  0.0000000E+00
  2.0799350E+02 -2.5382621E-04 -1.9475876E-03  1.5523316E-03  9.6615107E-04  0.0000000E+00
  2.0799350E+02 -2.5615669E-04 -2.1044249E-03  1.6814813E-03  9.9398229E-04  0.0000000E+00
  2.0799350E+02 -2.3956126E-04 -2.1764422E-03  1.7158519E-03  1.0251463E-03  0.0000000E+00
  2.0799350E+02 -2.1173299E-04 -2.1296402E-03  1.6433993E-03  1.0597507E-03  0.0000000E+00
  2.0799350E+02 -1.8342221E-04 -1.9421715E-03  1.4662393E-03  1.0977369E-03  0.0000000E+00
  2.0799350E+02 -1.6082071E-04 -1.6248310E-03  1.2067564E-03  1.1384897E-03  0.0000000E+00
  2.0799350E+02 -1.3261786E-04 -1.2510416E-03  9.1393245E-04  1.1809978E-03  0.0000000E+00
  2.0799350E+02 -9.8616949E-05 -9.1021274E-04  6.1497226E-04  1.2245575E-03  0.0000000E+00
  2.0799350E+02 -8.0451986E-05 -5.8335928E-04  3.3877445E-04  1.2680060E-03  0.0000000E+00
  2.0799350E+02 -4.8666734E-05 -3.5863687E-04  1.5346754E-04  1.3091297E-03  0.0000000E+00
  2.0799350E+02 -2.3877090E-05 -2.2177323E-04  3.4825308E-05  1.3470762E-03  0.0000000E+00
  2.0799350E+02 -1.0582513E-05 -1.5233420E-04 -3.6327064E-05  1.3817849E-03  0.0000000E+00
  2.0799350E+02 -5.7205363E-06 -1.3022660E-04 -7.3881723E-05  1.4137251E-03  0.0000000E+00
  2.0799350E+02 -4.3982252E-06 -1.3948271E-04 -8.6494138E-05  1.4432673E-03  0.0000000E+00
  2.0799350E+02 -2.9255399E-06 -1.6846715E-04 -7.9400055E-05  1.4707031E-03  0.0000000E+00
  2.0799350E+02 -2.7329688E-08 -2.0945668E-04 -5.5742696E-05  1.4962863E-03  0.0000000E+00
  2.0799350E+02  3.3615599E-06 -2.5664224E-04 -1.8245396E-05  1.5199552E-03  0.0000000E+00
  2.0799350E+02  5.1930476E-06 -3.0439331E-04  2.9349821E-05  1.5415378E-03  0.0000000E+00
  2.0799350E+02  3.7495836E-06 -3.4629276E-04  8.1723734E-05  1.5609354E-03  0.0000000E+00
  2.0799350E+02 -1.1333449E-06 -3.7470572E-04  1.3132087E-04  1.5780173E-03  0.0000000E+00
  2.0799350E+02 -5.4796128E-03  5.4674837E-03 -8.6361026E-09  1.9262190E-02  0.0000000E+00
  2.0799350E+02 -1.3534500E-02  7.7882774E-02  8.2423098E-04  1.9084325E-02  0.0000000E+00
  2.0799350E+02 -1.5963323E-02  5.6066274E-02  2.4269322E-03  1.7942091E-02  0.0000000E+00
  2.0799350E+02 -1.4617228E-02  1.9072192E-02  3.0994564E-03  1.5986239E-02  0.0000000E+00
  2.0799350E+02 -1.3394143E-02 -7.7277455E-03  3.2388190E-03  1.3814770E-02  0.0000000E+00
  2.0799350E+02 -1.4258351E-02 -2.1365337E-02  3.2119993E-03  1.1840122E-02  0.0000000E+00
  2.0799350E+02 -1.6631955E-02 -2.6159888E-02  2.6707995E-03  1.0237882E-02  0.0000000E+00
  2.0799350E+02 -2.0068761E-02 -2.3965884E-02  1.4097801E-03  9.0300305E-03  0.0000000E+00
  2.0799350E+02 -2.5237730E-02 -1.4619261E-02 -1.3713698E-03  8.1884346E-03  0.0000000E+00
  2.0799350E+02 -3.1083607E-02 -4.6223722E-03 -4.4108509E-03  7.6774224E-03  0.0000000E+00
  2.0799350E+02 -3.6159481E-02  1.1974250E-03 -5.6719186E-03  7.4691497E-03  0.0000000E+00
  2.0799350E+02 -3.9953488E-02  1.8044367E-03 -5.1388642E-03  7.5430748E-03  0.0000000E+00
  2.0799350E+02 -4.2271715E-02 -2.3060248E-03 -3.9995284E-03  7.8728653E-03  0.0000000E+00
  2.0799350E+02 -4.2205472E-02 -9.0646765E-03 -3.0888501E-03  8.4200466E-03  0.0000000E+00
  2.0799350E+02 -3.8791605E-02 -1.5198344E-02 -2.0479980E-03  9.1332479E-03  0.0000000E+00
  2.0799350E+02 -3.5024678E-02 -1.7846773E-02 -5.2567712E-04  9.9615139E-03  0.0000000E+00
  2.0799350E+02 -3.4021778E-02 -1.4834451E-02  9.4127294E-05  1.0871092E-02  0.0000000E+00
  2.0799350E+02 -3.2988233E-02 -1.1112132E-02  7.0489464E-04  1.1815708E-02  0.0000000E+00
  2.0799350E+02 -3.0954934E-02 -8.2607949E-03  1.3943253E-03  1.2744276E-02  0.0000000E+00
  2.0799350E+02 -2.8092713E-02 -6.3055818E-03  1.6950466E-03  1.3605629E-02  0.0000000E+00
  2.0799350E+02 -2.4785722E-02 -4.8949025E-03  1.3628240E-03  1.4361270E-02  0.0000000E+00
  2.0799350E+02 -2.1278526E-02 -3.7140125E-03  5.7534850E-04  1.4987167E-02  0.0000000E+00
  2.0799350E+02 -1.7692429E-02 -2.4654270E-03 -2.3874592E-04  1.5470707E-02  0.0000000E+00
  2.0799350E+02 -1.4207778E-02 -7.5825998E-04 -7.3192894E-04  1.5806692E-02  0.0000000E+00
  2.0799350E+02 -1.1208730E-02  1.7526899E-03 -9.2201344E-04  1.5996638E-02  0.0000000E+00
  2.0799350E+02 -9.1869848E-03  4.6372860E-03 -1.2197182E-03  1.6055569E-02  0.0000000E+00
  2.0799350E+02 -7.5749716E-03  5.7889539E-03 -1.7538933E-03  1.6006090E-02  0.0000000E+00
  2.0799350E+02 -6.2041731E-03  6.1327239E-03 -2.0881012E-03  1.5865047E-02  0.0000000E+00
  2.0799350E+02 -5.4705923E-03  6.2147940E-03 -2.4508869E-03  1.5653434E-02  0.0000000E+00
  2.0799350E+02 -5.1331556E-03  6.1453886E-03 -2.6211657E-03  1.5391025E-02  0.0000000E+00
  2.0799350E+02 -4.8936634E-03  5.9662889E-03 -2.3531130E-03  1.5095141E-02  0.0000000E+00
  2.0799350E+02 -4.5663461E-03  5.6691610E-03 -1.6123333E-03  1.4779097E-02  0.0000000E+00
  2.0799350E+02 -4.1184966E-03  5.2213994E-03 -5.9793663E-04  1.4451502E-02  0.0000000E+00
  2.0799350E+02 -3.6307905E-03  4.5928197E-03  3.7252470E-04  1.4117450E-02  0.0000000E+00
  2.0799350E+02 -3.2151297E-03  3.7781447E-03  1.0341092E-03  1.3780452E-02  0.0000000E+00
  2.0799350E+02 -2.9295435E-03  2.8099146E-03  1.3209760E-03  1.3444223E-02  0.0000000E+00
  2.0799350E+02 -2.7296795E-03  1.7564551E-03  1.4077585E-03  1.3113475E-02  0.0000000E+00
  2.0799350E+02 -2.4964193E-03  6.9953493E-04  1.5652683E-03  1.2792837E-02  0.0000000E+00
  2.0799350E+02 -2.1791510E-03 -3.1365530E-04  1.7499778E-03  1.2483041E-02  0.0000000E+00
  2.0799350E+02 -1.9748407E-03 -9.1921735E-04  1.4909864E-03  1.2177960E-02  0.0000000E+00
  2.0799350E+02 -1.8242540E-03 -5.8731999E-04  1.1118786E-03  1.1874600E-02  0.0000000E+00
  2.0799350E+02 -1.7191462E-03 -1.1410704E-04  7.6020127E-04  1.1573588E-02  0.0000000E+00
  2.0799350E+02 -1.6694740E-03  1.5617187E-04  5.9356721E-04  1.1277915E-02  0.0000000E+00
  2.0799350E+02 -1.6711800E-03  1.3986228E-04  6.2606046E-04  1.0989937E-02  0.0000000E+00
  2.0799350E+02 -1.7066692E-03 -1.0300018E-04  8.0510927E-04  1.0710912E-02  0.0000000E+00
  2.0799350E+02 -1.7496050E-03 -4.5365040E-04  1.0611935E-03  1.0440961E-02  0.0000000E+00
  2.0799350E+02 -1.7721979E-03 -7.9183662E-04  1.3355182E-03  1.0179323E-02  0.0000000E+00
  2.0799350E+02 -1.7531584E-03 -1.0295725E-03  1.5907863E-03  9.9248028E-03  0.0000000E+00
  2.0799350E+02 -1.6844882E-03 -1.1256250E-03  1.8102021E-03  9.6762839E-03  0.0000000E+00
  2.0799350E+02 -1.5752827E-03 -1.0849652E-03  1.9898381E-03  9.4331901E-03  0.0000000E+00
  2.0799350E+02 -1.4507180E-03 -9.4740870E-04  2.1294985E-03  9.1957829E-03  0.0000000E+00
  2.0799350E+02 -1.3443944E-03 -7.6967206E-04  2.2272099E-03  8.9651752E-03  0.0000000E+00
  2.0799350E+02 -1.2822109E-03 -6.0507316E-04  2.2824731E-03  8.7429436E-03  0.0000000E+00
  2.0799350E+02 -1.2559429E-03 -4.8510112E-04  2.3134079E-03  8.5302229E-03  0.0000000E+00
  2.0799350E+02 -1.2108494E-03 -5.2662882E-04  2.3715107E-03  8.3267806E-03  0.0000000E+00
  2.0799350E+02 -1.1093949E-03 -6.7357395E-04  2.3581639E-03  8.1354365E-03  0.0000000E+00
  2.0799350E+02 -9.9785062E-04 -7.4948607E-04  2.2538020E-03  7.9544138E-03  0.0000000E+00
  2.0799350E+02 -9.1636430E-04 -7.2893097E-04  2.0737481E-03  7.7808277E-03  0.0000000E+00
  2.0799350E+02 -8.7837195E-04 -6.2581370E-04  1.8386968E-03  7.6123334E-03  0.0000000E+00
  2.0799350E+02 -8.7818054E-04 -4.7912830E-04  1.5753656E-03  7.4473082E-03  0.0000000E+00
  2.0799350E+02 -8.9858695E-04 -3.3733185E-04  1.3136599E-03  7.2848611E-03  0.0000000E+00
  2.0799350E+02 -9.1807230E-04 -2.4329069E-04  1.0817395E-03  7.1247129E-03  0.0000000E+00
  2.0799350E+02 -9.1711065E-04 -2.2174691E-04  9.0037314E-04  6.9669930E-03  0.0000000E+00
  2.0799350E+02 -8.8313110E-04 -2.7125280E-04  7.7797219E-04  6.8119971E-03  0.0000000E+00
  2.0799350E+02 -8.1353184E-04 -3.6268053E-04  7.0760538E-04  6.6597019E-03  0.0000000E+00
  2.0799350E+02 -7.1709705E-04 -4.4523848E-04  6.6790945E-04  6.5105769E-03  0.0000000E+00
  2.0799350E+02 -6.1143972E-04 -4.6455789E-04  6.2785237E-04  6.3639881E-03  0.0000000E+00
  2.0799350E+02 -5.1836685E-04 -3.9138919E-04  5.5889165E-04  6.2192564E-03  0.0000000E+00
  2.0799350E+02 -4.5510190E-04 -2.6524868E-04  4.5407451E-04  6.0756374E-03  0.0000000E+00
  2.0799350E+02 -4.2148031E-04 -2.5409612E-04  3.5630116E-04  5.9327859E-03  0.0000000E+00
  2.0799350E+02 -3.9313814E-04 -4.3776390E-04  3.6031759E-04  5.7910640E-03  0.0000000E+00
  2.0799350E+02 -3.7844283E-04 -3.9681797E-04  3.9935354E-04  5.6507284E-03  0.0000000E+00
  2.0799350E+02 -3.6711117E-04 -5.5248598E-04  4.5389530E-04  5.5132624E-03  0.0000000E+00
  2.0799350E+02 -3.5398010E-04 -7.3655836E-04  4.9625171E-04  5.3790428E-03  0.0000000E+00
  2.0799350E+02 -3.3301080E-04 -8.7515409E-04  5.2313210E-04  5.2482814E-03  0.0000000E+00
  2.0799350E+02 -3.0105354E-04 -9.5708566E-04  5.4617182E-04  5.1211573E-03  0.0000000E+00
  2.0799350E+02 -2.5932534E-04 -1.0068366E-03  5.8351938E-04  4.9979026E-03  0.0000000E+00
  2.0799350E+02 -2.1312243E-04 -1.0623330E-03  6.5269805E-04  4.8788467E-03  0.0000000E+00
  2.0799350E+02 -1.7029011E-04 -1.1576909E-03  7.6495415E-04  4.7644260E-03  0.0000000E+00
  2.0799350E+02 -1.3897200E-04 -1.3111204E-03  9.2130477E-04  4.6551636E-03  0.0000000E+00
  2.0799350E+02 -1.2516111E-04 -1.5181689E-03  1.1104974E-03  4.5516254E-03  0.0000000E+00
  2.0799350E+02 -1.3057488E-04 -1.7504840E-03  1.3090939E-03  4.4543584E-03  0.0000000E+00
  2.0799350E+02 -1.5137662E-04 -1.9602781E-03  1.4838914E-03  4.3638158E-03  0.0000000E+00
  2.0799350E+02 -1.7826549E-04 -2.0906769E-03  1.5968929E-03  4.2802766E-03  0.0000000E+00
  2.0799350E+02 -1.9845723E-04 -2.0921316E-03  1.6130394E-03  4.2037632E-03  0.0000000E+00
  2.0799350E+02 -2.0007820E-04 -1.9450781E-03  1.5109171E-03  4.1339647E-03  0.0000000E+00
  2.0799350E+02 -1.7949461E-04 -1.6890232E-03  1.2966514E-03  4.0701698E-03  0.0000000E+00
  2.0799350E+02 -1.5141550E-04 -1.3921028E-03  1.0143580E-03  4.0118235E-03  0.0000000E+00
  2.0799350E+02 -1.2699402E-04 -1.0467911E-03  7.1661443E-04  3.9582455E-03  0.0000000E+00
  2.0799350E+02 -1.0313431E-04 -7.4790375E-04  4.3878418E-04  3.9070422E-03  0.0000000E+00
  2.0799350E+02 -7.9739307E-05 -5.0789370E-04  2.0265576E-04  3.8570670E-03  0.0000000E+00
  2.0799350E+02 -5.7523750E-05 -3.2855934E-04  2.3042880E-05  3.8075757E-03  0.0000000E+00
  2.0799350E+02 -3.7477958E-05 -2.0596906E-04 -9.3631174E-05  3.7581157E-03  0.0000000E+00
  2.0799350E+02 -2.0502335E-05 -1.3352441E-04 -1.4922854E-04  3.7084351E-03  0.0000000E+00
  2.0799350E+02 -7.1883002E-06 -1.0357250E-04 -1.5262466E-04  3.6584104E-03  0.0000000E+00
  2.0799350E+02  2.2785609E-06 -1.0797838E-04 -1.1762263E-04  3.6079930E-03  0.0000000E+00
  2.0799350E+02  8.1173961E-06 -1.3806839E-04 -6.0407545E-05  3.5571743E-03  0.0000000E+00
  2.0799350E+02  1.0877270E-05 -1.8435507E-04  3.1055360E-06  3.5059689E-03  0.0000000E+00
  2.0799350E+02  1.1312880E-05 -2.3645449E-04  5.9676516E-05  3.4544161E-03  0.0000000E+00
  2.0799350E+02  1.0235053E-05 -2.8360680E-04  1.0054442E-04  3.4025995E-03  0.0000000E+00
  2.0799350E+02  8.7082856E-02 -8.7152408E-02 -3.8596676E-16  6.9126948E-02  0.0000000E+00
  2.0799350E+02  7.2976057E-02  7.4869303E-02 -4.2481327E-04  6.9128257E-02  0.0000000E+00
  2.0799350E+02  4.8637912E-03  1.0573125E-01 -3.3846374E-03  6.7696805E-02  0.0000000E+00
  2.0799350E+02 -3.3643865E-02  7.5664915E-02 -4.9981626E-03  6.4881299E-02  0.0000000E+00
  2.0799350E+02 -4.5984253E-02  3.7728069E-02 -3.4048212E-03  6.1473893E-02  0.0000000E+00
  2.0799350E+02 -4.7587881E-02  1.3891371E-02 -2.6558125E-03  5.8049837E-02  0.0000000E+00
  2.0799350E+02 -4.6197891E-02  4.0456295E-03 -4.7678130E-03  5.4906615E-02  0.0000000E+00
  2.0799350E+02 -4.5792549E-02  4.0944739E-05 -6.9295375E-03  5.2178648E-02  0.0000000E+00
  2.0799350E+02 -4.7466063E-02 -4.8469647E-03 -6.4687477E-03  4.9901868E-02  0.0000000E+00
  2.0799350E+02 -4.8461364E-02 -1.1846560E-02 -2.5040209E-03  4.8049251E-02  0.0000000E+00
  2.0799350E+02 -4.9689664E-02 -1.7227160E-02 -7.7929408E-04  4.6590848E-02  0.0000000E+00
  2.0799350E+02 -5.0980105E-02 -1.8129689E-02 -2.9927559E-03  4.5461318E-02  0.0000000E+00
  2.0799350E+02 -5.0986520E-02 -1.5915333E-02 -5.3903434E-03  4.4578626E-02  0.0000000E+00
  2.0799350E+02 -5.0035778E-02 -1.5514961E-02 -4.0081407E-03  4.3889037E-02  0.0000000E+00
  2.0799350E+02 -5.0178400E-02 -1.9423867E-02  4.5381234E-04  4.3378893E-02  0.0000000E+00
  2.0799350E+02 -4.9665048E-02 -2.2360095E-02  4.6163339E-03  4.3017379E-02  0.0000000E+00
  2.0799350E+02 -4.7916413E-02 -2.4996139E-02  7.5195617E-03  4.2761704E-02  0.0000000E+00
  2.0799350E+02 -4.5723268E-02 -2.3523951E-02  8.0091655E-03  4.2551678E-02  0.0000000E+00
  2.0799350E+02 -4.4063743E-02 -1.9917731E-02  6.9101880E-03  4.2312556E-02  0.0000000E+00
  2.0799350E+02 -4.2986443E-02 -1.5870325E-02  5.6998712E-03  4.1981105E-02  0.0000000E+00
  2.0799350E+02 -4.2161039E-02 -1.2380777E-02  5.2078880E-03  4.1530223E-02  0.0000000E+00
  2.0799350E+02 -4.1081083E-02 -9.6976222E-03  5.3498797E-03  4.0970082E-02  0.0000000E+00
  2.0799350E+02 -3.9115977E-02 -7.4494699E-03  5.4712315E-03  4.0329000E-02  0.0000000E+00
  2.0799350E+02 -3.5640874E-02 -5.0266541E-03  4.9678863E-03  3.9627539E-02  0.0000000E+00
  2.0799350E+02 -3.0508047E-02 -2.2009713E-03  3.7936370E-03  3.8871893E-02  0.0000000E+00
  2.0799350E+02 -2.5034125E-02  9.9569126E-05  2.4963521E-03  3.8059398E-02  0.0000000E+00
  2.0799350E+02 -2.1079333E-02  1.1064162E-03  7.9409941E-04  3.7182933E-02  0.0000000E+00
  2.0799350E+02 -1.7984867E-02  1.9327630E-03 -5.7719650E-04  3.6260956E-02  0.0000000E+00
  2.0799350E+02 -1.5482228E-02  2.0479292E-03 -7.9614336E-04  3.5288588E-02  0.0000000E+00
  2.0799350E+02 -1.3319584E-02  1.6469476E-03 -1.4124356E-04  3.4271907E-02  0.0000000E+00
  2.0799350E+02 -1.1484397E-02  1.0507692E-03  8.7560825E-04  3.3227472E-02  0.0000000E+00
  2.0799350E+02 -1.0001416E-02  5.1443371E-04  1.8170001E-03  3.2168472E-02  0.0000000E+00
  2.0799350E+02 -8.8576836E-03  1.5513281E-04  2.4294012E-03  3.1111083E-02  0.0000000E+00
  2.0799350E+02 -7.9729551E-03 -5.0432489E-05  2.6480455E-03  3.0068077E-02  0.0000000E+00
  2.0799350E+02 -7.2277534E-03 -2.1182490E-04  2.5242864E-03  2.9044169E-02  0.0000000E+00
  2.0799350E+02 -6.5228878E-03 -4.4290222E-04  2.1357842E-03  2.8047522E-02  0.0000000E+00
  2.0799350E+02 -5.8190937E-03 -7.8348266E-04  1.5393919E-03  2.7084658E-02  0.0000000E+00
  2.0799350E+02 -5.1447752E-03 -1.1504944E-03  8.0672823E-04  2.6154187E-02  0.0000000E+00
  2.0799350E+02 -4.5529917E-03 -1.3384906E-03  2.1535615E-04  2.5251592E-02  0.0000000E+00
  2.0799350E+02 -3.9914094E-03 -1.6751200E-03  7.3015552E-05  2.4375619E-02  0.0000000E+00
  2.0799350E+02 -3.4262569E-03 -1.7092094E-03  1.0385632E-04  2.3524272E-02  0.0000000E+00
  2.0799350E+02 -2.9372176E-03 -1.3877467E-03  2.3423386E-04  2.2698167E-02  0.0000000E+00
  2.0799350E+02 -2.5511690E-03 -1.0978425E-03  3.4749253E-04  2.1899328E-02  0.0000000E+00
  2.0799350E+02 -2.2689233E-03 -9.6095231E-04  4.5544702E-04  2.1128717E-02  0.0000000E+00
  2.0799350E+02 -2.0781992E-03 -9.5887295E-04  6.0147260E-04  2.0385632E-02  0.0000000E+00
  2.0799350E+02 -1.9614114E-03 -1.0219600E-03  8.0975424E-04  1.9666225E-02  0.0000000E+00
  2.0799350E+02 -1.8999204E-03 -1.0822057E-03  1.0675672E-03  1.8971661E-02  0.0000000E+00
  2.0799350E+02 -1.8720033E-03 -1.0990453E-03  1.3337849E-03  1.8304018E-02  0.0000000E+00
  2.0799350E+02 -1.8519710E-03 -1.0648999E-03  1.5621812E-03  1.7662424E-02  0.0000000E+00
  2.0799350E+02 -1.8113102E-03 -9.9686003E-04  1.7230849E-03  1.7048880E-02  0.0000000E+00
  2.0799350E+02 -1.7242602E-03 -9.2222536E-04  1.8214809E-03  1.6464110E-02  0.0000000E+00
  2.0799350E+02 -1.5800002E-03 -8.6335169E-04  1.8945124E-03  1.5904890E-02  0.0000000E+00
  2.0799350E+02 -1.4063310E-03 -8.3104395E-04  1.9781371E-03  1.5371827E-02  0.0000000E+00
  2.0799350E+02 -1.3028182E-03 -8.3041863E-04  2.0356255E-03  1.4864407E-02  0.0000000E+00
  2.0799350E+02 -1.2311149E-03 -8.4265306E-04  2.1401868E-03  1.4382272E-02  0.0000000E+00
  2.0799350E+02 -1.0648869E-03 -8.8692987E-04  2.1996829E-03  1.3924056E-02  0.0000000E+00
  2.0799350E+02 -9.3622831E-04 -9.3202491E-04  2.0870618E-03  1.3488167E-02  0.0000000E+00
  2.0799350E+02 -8.4165102E-04 -9.3343326E-04  1.8823231E-03  1.3071234E-02  0.0000000E+00
  2.0799350E+02 -7.7913365E-04 -8.7884834E-04  1.6335752E-03  1.2671465E-02  0.0000000E+00
  2.0799350E+02 -7.4505425E-04 -7.7711693E-04  1.3698399E-03  1.2286108E-02  0.0000000E+00
  2.0799350E+02 -7.3334604E-04 -6.4933727E-04  1.1123596E-03  1.1914945E-02  0.0000000E+00
  2.0799350E+02 -7.3484636E-04 -5.2068076E-04  8.7742309E-04  1.1557854E-02  0.0000000E+00
  2.0799350E+02 -7.3829897E-04 -4.1315093E-04  6.7614719E-04  1.1212921E-02  0.0000000E+00
  2.0799350E+02 -7.3188477E-04 -3.4250606E-04  5.1602984E-04  1.0879922E-02  0.0000000E+00
  2.0799350E+02 -7.0533912E-04 -3.1525416E-04  3.9835183E-04  1.0558433E-02  0.0000000E+00
  2.0799350E+02 -6.5198261E-04 -3.2929461E-04  3.1789540E-04  1.0246365E-02  0.0000000E+00
  2.0799350E+02 -5.7128484E-04 -3.7754493E-04  2.6676942E-04  9.9437423E-03  0.0000000E+00
  2.0799350E+02 -4.6995743E-04 -4.5478326E-04  2.3988634E-04  9.6486343E-03  0.0000000E+00
  2.0799350E+02 -3.6399436E-04 -5.6752724E-04  2.4778324E-04  9.3607805E-03  0.0000000E+00
  2.0799350E+02 -2.7858209E-04 -7.4811878E-04  3.3501790E-04  9.0800429E-03  0.0000000E+00
  2.0799350E+02 -2.2445042E-04 -9.3054050E-04  5.5916002E-04  8.8057651E-03  0.0000000E+00
  2.0799350E+02 -1.5938539E-04 -9.4041491E-04  7.2229876E-04  8.5390395E-03  0.0000000E+00
  2.0799350E+02 -1.2480529E-04 -1.0470412E-03  8.4353715E-04  8.2800016E-03  0.0000000E+00
  2.0799350E+02 -1.1169954E-04 -1.1552768E-03  9.2489706E-04  8.0291163E-03  0.0000000E+00
  2.0799350E+02 -1.0865359E-04 -1.2189775E-03  9.6490083E-04  7.7872298E-03  0.0000000E+00
  2.0799350E+02 -1.0548193E-04 -1.2300506E-03  9.6741343E-04  7.5547233E-03  0.0000000E+00
  2.0799350E+02 -9.5581818E-05 -1.2058519E-03  9.4411213E-04  7.3307554E-03  0.0000000E+00
  2.0799350E+02 -7.6929548E-05 -1.1768293E-03  9.1334599E-04  7.1161261E-03  0.0000000E+00
  2.0799350E+02 -5.1769383E-05 -1.1749929E-03  8.9607151E-04  6.9103640E-03  0.0000000E+00
  2.0799350E+02 -2.5781409E-05 -1.2243903E-03  9.1080174E-04  6.7142425E-03  0.0000000E+00
  2.0799350E+02 -6.3452878E-06 -1.3331757E-03  9.6761960E-04  6.5285428E-03  0.0000000E+00
  2.0799350E+02 -4.1831302E-07 -1.4902251E-03  1.0640710E-03  6.3530692E-03  0.0000000E+00
  2.0799350E+02 -1.2589516E-05 -1.6636596E-03  1.1822068E-03  6.1883679E-03  0.0000000E+00
  2.0799350E+02 -4.2811148E-05 -1.8056235E-03  1.2898214E-03  6.0345980E-03  0.0000000E+00
  2.0799350E+02 -8.4983790E-05 -1.8628573E-03  1.3469160E-03  5.8907673E-03  0.0000000E+00
  2.0799350E+02 -1.2554181E-04 -1.7911501E-03  1.3162667E-03  5.7562682E-03  0.0000000E+00
  2.0799350E+02 -1.4337640E-04 -1.5799126E-03  1.1834803E-03  5.6301395E-03  0.0000000E+00
  2.0799350E+02 -1.2974536E-04 -1.3258655E-03  9.6911668E-04  5.5109951E-03  0.0000000E+00
  2.0799350E+02 -1.1448479E-04 -1.0709308E-03  7.1375574E-04  5.3984696E-03  0.0000000E+00
  2.0799350E+02 -9.0167077E-05 -7.8489779E-04  4.4698311E-04  5.2904272E-03  0.0000000E+00
  2.0799350E+02 -6.5207132E-05 -5.2527176E-04  1.9421407E-04  5.1860635E-03  0.0000000E+00
  2.0799350E+02 -4.4657819E-05 -3.2228237E-04 -1.4144105E-05  5.0848892E-03  0.0000000E+00
  2.0799350E+02 -3.0439343E-05 -1.8546433E-04 -1.5588467E-04  4.9860665E-03  0.0000000E+00
  2.0799350E+02 -2.2210942E-05 -1.1200748E-04 -2.2105385E-04  4.8893134E-03  0.0000000E+00
  2.0799350E+02 -1.8081132E-05 -9.0489484E-05 -2.1485454E-04  4.7943398E-03  0.0000000E+00
  2.0799350E+02 -1.5555311E-05 -1.0543308E-04 -1.5473901E-04  4.7003960E-03  0.0000000E+00
  2.0799350E+02 -1.2448043E-05 -1.4078214E-04 -6.5736063E-05  4.6072631E-03  0.0000000E+00
  2.0799350E+02 -7.5681740E-06 -1.8210618E-04  2.5365908E-05  4.5148340E-03  0.0000000E+00
  2.0799350E+02 -1.1006159E-06 -2.1869008E-04  9.6698335E-05  4.4227242E-03  0.0000000E+00
  2.0799350E+02  5.3531965E-06 -2.4416482E-04  1.3516116E-04  4.3312526E-03  0.0000000E+00
  2.0799350E+02  2.3871998E-01 -2.3854606E-01  2.0895713E-06  9.7324269E-02  0.0000000E+00
  2.0799350E+02  1.6072455E-01  3.5046142E-02  2.9893465E-03  9.6753201E-02  0.0000000E+00
  2.0799350E+02  4.3905151E-02  1.3937810E-01  5.7640992E-03  9.4615410E-02  0.0000000E+00
  2.0799350E+02  3.7263292E-03  1.1268663E-01  1.2621823E-02  9.0834589E-02  0.0000000E+00
  2.0799350E+02 -4.2289978E-03  6.4515563E-02  1.7056778E-02  8.6234843E-02  0.0000000E+00
  2.0799350E+02 -4.7511179E-03  3.2672372E-02  1.7357319E-02  8.1451156E-02  0.0000000E+00
  2.0799350E+02 -3.1577452E-03  1.7424369E-02  1.1826660E-02  7.6850543E-02  0.0000000E+00
  2.0799350E+02 -1.7408550E-03  9.8118968E-03  4.0444250E-03  7.2621932E-02  0.0000000E+00
  2.0799350E+02 -3.0199715E-03  5.9091560E-03 -2.8150858E-03  6.8840192E-02  0.0000000E+00
  2.0799350E+02 -7.4693803E-03  4.9020774E-03 -1.0752554E-02  6.5522086E-02  0.0000000E+00
  2.0799350E+02 -1.2492137E-02  2.5169379E-03 -1.5259316E-02  6.2641641E-02  0.0000000E+00
  2.0799350E+02 -1.6803699E-02 -3.7033346E-03 -1.3997965E-02  6.0159187E-02  0.0000000E+00
  2.0799350E+02 -2.0274220E-02 -1.2520661E-02 -9.9645240E-03  5.8030698E-02  0.0000000E+00
  2.0799350E+02 -2.2726849E-02 -1.9442061E-02 -7.5160707E-03  5.6192497E-02  0.0000000E+00
  2.0799350E+02 -2.3652013E-02 -2.1318179E-02 -7.0925232E-03  5.4565537E-02  0.0000000E+00
  2.0799350E+02 -2.4259601E-02 -2.2718337E-02 -5.2939540E-03  5.3064076E-02  0.0000000E+00
  2.0799350E+02 -2.4350631E-02 -2.3149870E-02 -9.9486124E-04  5.1638610E-02  0.0000000E+00
  2.0799350E+02 -2.4097190E-02 -2.2539405E-02  2.0534264E-03  5.0248980E-02  0.0000000E+00
  2.0799350E+02 -2.3545679E-02 -2.0063305E-02  2.8987530E-03  4.8862834E-02  0.0000000E+00
  2.0799350E+02 -2.2570937E-02 -1.6331714E-02  2.7700707E-03  4.7470361E-02  0.0000000E+00
  2.0799350E+02 -2.1230044E-02 -1.2647809E-02  2.7742478E-03  4.6069435E-02  0.0000000E+00
  2.0799350E+02 -1.9810316E-02 -1.0159757E-02  3.1493592E-03  4.4666160E-02  0.0000000E+00
  2.0799350E+02 -1.8676029E-02 -9.1822979E-03  3.5320369E-03  4.3262074E-02  0.0000000E+00
  2.0799350E+02 -1.8073039E-02 -9.0386728E-03  3.6263600E-03  4.1866145E-02  0.0000000E+00
  2.0799350E+02 -1.7960870E-02 -8.6295457E-03  3.7000488E-03  4.0483510E-02  0.0000000E+00
  2.0799350E+02 -1.8032201E-02 -8.0974830E-03  4.3057838E-03  3.9116685E-02  0.0000000E+00
  2.0799350E+02 -1.6995526E-02 -8.2830815E-03  5.3507178E-03  3.7767228E-02  0.0000000E+00
  2.0799350E+02 -1.4644162E-02 -7.2651511E-03  5.9243434E-03  3.6418569E-02  0.0000000E+00
  2.0799350E+02 -1.2049438E-02 -5.9595801E-03  5.5264562E-03  3.5077685E-02  0.0000000E+00
  2.0799350E+02 -9.7455953E-03 -4.7859556E-03  4.6256679E-03  3.3750356E-02  0.0000000E+00
  2.0799350E+02 -8.0144370E-03 -3.9923191E-03  3.8022685E-03  3.2442030E-02  0.0000000E+00
  2.0799350E+02 -6.8875091E-03 -3.6543303E-03  3.3695530E-03  3.1161020E-02  0.0000000E+00
  2.0799350E+02 -6.2063175E-03 -3.7005496E-03  3.2890123E-03  2.9909700E-02  0.0000000E+00
  2.0799350E+02 -5.7353830E-03 -3.9629686E-03  3.2884526E-03  2.8696767E-02  0.0000000E+00
  2.0799350E+02 -5.2605467E-03 -4.2348705E-03  3.0696910E-03  2.7527333E-02  0.0000000E+00
  2.0799350E+02 -4.6724931E-03 -4.3393559E-03  2.5198393E-03  2.6404147E-02  0.0000000E+00
  2.0799350E+02 -3.9926794E-03 -4.1969207E-03  1.8218757E-03  2.5328996E-02  0.0000000E+00
  2.0799350E+02 -3.3063256E-03 -3.8835132E-03  1.3590132E-03  2.4296080E-02  0.0000000E+00
  2.0799350E+02 -2.5901423E-03 -3.6773338E-03  1.3339021E-03  2.3305080E-02  0.0000000E+00
  2.0799350E+02 -1.8546806E-03 -3.3170522E-03  1.2423850E-03  2.2351349E-02  0.0000000E+00
  2.0799350E+02 -1.4342154E-03 -2.3727908E-03  9.0084997E-04  2.1433803E-02  0.0000000E+00
  2.0799350E+02 -1.1152585E-03 -1.5844580E-03  6.3948814E-04  2.0554845E-02  0.0000000E+00
  2.0799350E+02 -8.8189129E-04 -1.0873666E-03  6.1686403E-04  1.9709365E-02  0.0000000E+00
  2.0799350E+02 -7.2158785E-04 -8.9553394E-04  8.1649301E-04  1.8898391E-02  0.0000000E+00
  2.0799350E+02 -6.2377898E-04 -9.3654775E-04  1.1387760E-03  1.8122042E-02  0.0000000E+00
  2.0799350E+02 -5.7845328E-04 -1.0951076E-03  1.4675164E-03  1.7380459E-02  0.0000000E+00
  2.0799350E+02 -5.7288057E-04 -1.2520988E-03  1.7108672E-03  1.6674716E-02  0.0000000E+00
  2.0799350E+02 -5.8882259E-04 -1.3184066E-03  1.8232547E-03  1.6002030E-02  0.0000000E+00
  2.0799350E+02 -6.0180737E-04 -1.2555441E-03  1.8062981E-03  1.5363073E-02  0.0000000E+00
  2.0799350E+02 -5.8407573E-04 -1.0853752E-03  1.7012285E-03  1.4757233E-02  0.0000000E+00
  2.0799350E+02 -5.1324462E-04 -8.8071301E-04  1.5698521E-03  1.4184881E-02  0.0000000E+00
  2.0799350E+02 -3.8724406E-04 -7.3278750E-04  1.4695332E-03  1.3643449E-02  0.0000000E+00
  2.0799350E+02 -2.4931001E-04 -6.9717734E-04  1.4291581E-03  1.3132964E-02  0.0000000E+00
  2.0799350E+02 -2.2235403E-04 -7.0664783E-04  1.4249796E-03  1.2651438E-02  0.0000000E+00
  2.0799350E+02 -2.2468337E-04 -7.0055186E-04  1.4388362E-03  1.2195572E-02  0.0000000E+00
  2.0799350E+02 -1.6307728E-04 -8.5876494E-04  1.5138960E-03  1.1763819E-02  0.0000000E+00
  2.0799350E+02 -1.5732372E-04 -1.0130108E-03  1.4981436E-03  1.1352672E-02  0.0000000E+00
  2.0799350E+02 -1.5630702E-04 -1.0931911E-03  1.3647558E-03  1.0961781E-02  0.0000000E+00
  2.0799350E+02 -1.4533415E-04 -1.0721057E-03  1.1553422E-03  1.0590288E-02  0.0000000E+00
  2.0799350E+02 -1.2837975E-04 -9.6061689E-04  9.2951470E-04  1.0237177E-02  0.0000000E+00
  2.0799350E+02 -1.1533219E-04 -7.9740685E-04  7.3568709E-04  9.9016567E-03  0.0000000E+00
  2.0799350E+02 -1.1372571E-04 -6.3372497E-04  5.9701547E-04  9.5809206E-03  0.0000000E+00
  2.0799350E+02 -1.2466953E-04 -5.2009977E-04  5.1314980E-04  9.2737081E-03  0.0000000E+00
  2.0799350E+02 -1.4185050E-04 -4.9145566E-04  4.6688524E-04  8.9782056E-03  0.0000000E+00
  2.0799350E+02 -1.5341597E-04 -5.5735724E-04  4.3689941E-04  8.6928595E-03  0.0000000E+00
  2.0799350E+02 -1.4598586E-04 -6.9791013E-04  4.1029456E-04  8.4170290E-03  0.0000000E+00
  2.0799350E+02 -1.1004791E-04 -8.6966426E-04  3.9089105E-04  8.1492168E-03  0.0000000E+00
  2.0799350E+02 -4.6379308E-05 -1.0198480E-03  3.9986580E-04  7.8898338E-03  0.0000000E+00
  2.0799350E+02  2.7287688E-05 -1.1164997E-03  4.6366929E-04  7.6390480E-03  0.0000000E+00
  2.0799350E+02  6.9947756E-05 -1.1933873E-03  5.8575161E-04  7.3967445E-03  0.0000000E+00
  2.0799350E+02  7.2021985E-05 -1.3054898E-03  7.1417447E-04  7.1624133E-03  0.0000000E+00
  2.0799350E+02  1.2278642E-04 -1.2689803E-03  8.1791141E-04  6.9357015E-03  0.0000000E+00
  2.0799350E+02  1.2786864E-04 -1.2520789E-03  8.8103544E-04  6.7176992E-03  0.0000000E+00
  2.0799350E+02  1.1984424E-04 -1.2451044E-03  9.1832708E-04  6.5088354E-03  0.0000000E+00
  2.0799350E+02  1.1441083E-04 -1.2468890E-03  9.4292325E-04  6.3091810E-03  0.0000000E+00
  2.0799350E+02  1.1649177E-04 -1.2601686E-03  9.6565536E-04  6.1190412E-03  0.0000000E+00
  2.0799350E+02  1.2484473E-04 -1.2882268E-03  9.9446166E-04  5.9378277E-03  0.0000000E+00
  2.0799350E+02  1.3530343E-04 -1.3323327E-03  1.0334565E-03  5.7660537E-03  0.0000000E+00
  2.0799350E+02  1.4296928E-04 -1.3903172E-03  1.0825146E-03  5.6039987E-03  0.0000000E+00
  2.0799350E+02  1.4356570E-04 -1.4558303E-03  1.1368954E-03  5.4522118E-03  0.0000000E+00
  2.0799350E+02  1.3415375E-04 -1.5189819E-03  1.1878356E-03  5.3103875E-03  0.0000000E+00
  2.0799350E+02  1.1345266E-04 -1.5665322E-03  1.2227707E-03  5.1788051E-03  0.0000000E+00
  2.0799350E+02  8.2036851E-05 -1.5838592E-03  1.2272485E-03  5.0571821E-03  0.0000000E+00
  2.0799350E+02  4.2569254E-05 -1.5569248E-03  1.1872602E-03  4.9448883E-03  0.0000000E+00
  2.0799350E+02  4.0982467E-07 -1.4750129E-03  1.0928968E-03  4.8411279E-03  0.0000000E+00
  2.0799350E+02 -3.5618979E-05 -1.3330121E-03  9.4221542E-04  4.7443491E-03  0.0000000E+00
  2.0799350E+02 -5.0960132E-05 -1.1354956E-03  7.4811819E-04  4.6535152E-03  0.0000000E+00
  2.0799350E+02 -4.2877480E-05 -9.3912993E-04  5.3698545E-04  4.5673063E-03  0.0000000E+00
  2.0799350E+02 -4.1485322E-05 -7.2825847E-04  3.0389724E-04  4.4850163E-03  0.0000000E+00
  2.0799350E+02 -3.3446067E-05 -4.9050052E-04  8.3317885E-05  4.4063685E-03  0.0000000E+00
  2.0799350E+02 -2.3780719E-05 -2.9014058E-04 -9.2023783E-05  4.3302496E-03  0.0000000E+00
  2.0799350E+02 -1.5707960E-05 -1.5876844E-04 -2.0161370E-04  4.2562292E-03  0.0000000E+00
  2.0799350E+02 -1.0587272E-05 -1.0132376E-04 -2.3988485E-04  4.1838237E-03  0.0000000E+00
  2.0799350E+02 -8.2490762E-06 -1.0469094E-04 -2.1447891E-04  4.1125476E-03  0.0000000E+00
  2.0799350E+02 -7.5282142E-06 -1.4569030E-04 -1.4323662E-04  4.0420313E-03  0.0000000E+00
  2.0799350E+02 -6.8975232E-06 -1.9888572E-04 -4.9305925E-05  3.9715965E-03  0.0000000E+00
  2.0799350E+02 -5.0988766E-06 -2.4242457E-04  4.2889530E-05  3.9010628E-03  0.0000000E+00
  2.0799350E+02 -1.6502606E-06 -2.6300185E-04  1.1277852E-04  3.8303572E-03  0.0000000E+00
  2.0799350E+02  2.8664024E-06 -2.5836993E-04  1.4743238E-04  3.7597041E-03  0.0000000E+00
  2.0799350E+02  6.8503987E-06 -2.3728235E-04  1.4402349E-04  3.6897638E-03  0.0000000E+00
  2.0799350E+02  2.8546168E-01 -2.8524441E-01 -8.5598581E-16  5.6590535E-02  0.0000000E+00
  2.0799350E+02  1.6483363E-01  3.2529062E-03 -3.1307879E-03  5.4960255E-02  0.0000000E+00
  2.0799350E+02  4.8194551E-02  1.3154590E-01 -4.8975039E-03  5.2483429E-02  0.0000000E+00
  2.0799350E+02  2.7031047E-02  1.0923083E-01 -5.5881695E-03  4.8842991E-02  0.0000000E+00
  2.0799350E+02  3.2715386E-02  6.2638791E-02 -7.2500260E-03  4.4516605E-02  0.0000000E+00
  2.0799350E+02  3.8743919E-02  3.4563510E-02 -9.8441018E-03  4.0013107E-02  0.0000000E+00
  2.0799350E+02  4.2605651E-02  2.3301594E-02 -1.1160882E-02  3.5693593E-02  0.0000000E+00
  2.0799350E+02  4.4530800E-02  2.0917504E-02 -1.2361726E-02  3.1784780E-02  0.0000000E+00
  2.0799350E+02  4.4733280E-02  1.9365432E-02 -1.3713683E-02  2.8393551E-02  0.0000000E+00
  2.0799350E+02  4.2967808E-02  1.5446159E-02 -1.3313599E-02  2.5535957E-02  0.0000000E+00
  2.0799350E+02  3.9189820E-02  9.4394905E-03 -1.1129222E-02  2.3177678E-02  0.0000000E+00
  2.0799350E+02  3.4316642E-02  1.6162622E-03 -7.5764381E-03  2.1239415E-02  0.0000000E+00
  2.0799350E+02  2.9428224E-02 -7.0300623E-03 -3.3624185E-03  1.9642807E-02  0.0000000E+00
  2.0799350E+02  2.4998500E-02 -1.4184296E-02  2.0305854E-04  1.8316148E-02  0.0000000E+00
  2.0799350E+02  2.0936449E-02 -1.7248878E-02  1.5408640E-03  1.7207149E-02  0.0000000E+00
  2.0799350E+02  1.7689736E-02 -1.7042698E-02  7.4297653E-04  1.6262550E-02  0.0000000E+00
  2.0799350E+02  1.4880334E-02 -1.5850994E-02  1.8361179E-04  1.5432952E-02  0.0000000E+00
  2.0799350E+02  1.2063021E-02 -1.5140107E-02  1.1580401E-04  1.4677165E-02  0.0000000E+00
  2.0799350E+02  9.1938805E-03 -1.5076862E-02  4.2002079E-04  1.3978178E-02  0.0000000E+00
  2.0799350E+02  6.3954925E-03 -1.5395116E-02  1.1184761E-03  1.3329971E-02  0.0000000E+00
  2.0799350E+02  3.8751546E-03 -1.5824013E-02  2.1511299E-03  1.2732146E-02  0.0000000E+00
  2.0799350E+02  1.8404631E-03 -1.6141815E-02  3.2929373E-03  1.2181836E-02  0.0000000E+00
  2.0799350E+02  4.3837744E-04 -1.6073432E-02  4.1976063E-03  1.1669876E-02  0.0000000E+00
  2.0799350E+02 -2.7595210E-04 -1.5239985E-02  4.5417461E-03  1.1184863E-02  0.0000000E+00
  2.0799350E+02 -3.7570755E-04 -1.3366414E-02  4.2754733E-03  1.0711595E-02  0.0000000E+00
  2.0799350E+02 -5.5796080E-05 -1.0954249E-02  3.9272125E-03  1.0241484E-02  0.0000000E+00
  2.0799350E+02  7.6103596E-04 -8.5587441E-03  3.6013501E-03  9.7745831E-03  0.0000000E+00
  2.0799350E+02  1.8524684E-03 -6.7520641E-03  3.5403613E-03  9.3141964E-03  0.0000000E+00
  2.0799350E+02  2.6074915E-03 -5.8274694E-03  3.8049289E-03  8.8575427E-03  0.0000000E+00
  2.0799350E+02  2.9283946E-03 -5.3897612E-03  4.0786773E-03  8.4061477E-03  0.0000000E+00
  2.0799350E+02  2.9191054E-03 -5.1610386E-03  4.2221920E-03  7.9632063E-03  0.0000000E+00
  2.0799350E+02  2.7378564E-03 -4.9957381E-03  4.2126490E-03  7.5344541E-03  0.0000000E+00
  2.0799350E+02  2.5129470E-03 -4.8421483E-03  4.0812717E-03  7.1223025E-03  0.0000000E+00
  2.0799350E+02  2.3099746E-03 -4.6836515E-03  3.8557356E-03  6.7285701E-03  0.0000000E+00
  2.0799350E+02  2.1371634E-03 -4.4803098E-03  3.5243350E-03  6.3538412E-03  0.0000000E+00
  2.0799350E+02  1.9745044E-03 -4.1387949E-03  3.0308560E-03  5.9973061E-03  0.0000000E+00
  2.0799350E+02  1.8153413E-03 -3.5405835E-03  2.3185827E-03  5.6597440E-03  0.0000000E+00
  2.0799350E+02  1.7027924E-03 -2.6455301E-03  1.4221191E-03  5.3401069E-03  0.0000000E+00
  2.0799350E+02  1.7532210E-03 -1.7078967E-03  6.3584548E-04  5.0379715E-03  0.0000000E+00
  2.0799350E+02  1.7901537E-03 -9.8501118E-04  3.5492114E-04  4.7500794E-03  0.0000000E+00
  2.0799350E+02  1.6236129E-03 -7.3605631E-04  4.4377234E-04  4.4741861E-03  0.0000000E+00
  2.0799350E+02  1.5571167E-03 -9.6293281E-04  8.0631294E-04  4.2132376E-03  0.0000000E+00
  2.0799350E+02  1.5669531E-03 -1.2873319E-03  1.2147465E-03  3.9678778E-03  0.0000000E+00
  2.0799350E+02  1.5962185E-03 -1.5071416E-03  1.5262542E-03  3.7370877E-03  0.0000000E+00
  2.0799350E+02  1.5928700E-03 -1.5529749E-03  1.6773577E-03  3.5209012E-03  0.0000000E+00
  2.0799350E+02  1.5297381E-03 -1.4458982E-03  1.6721510E-03  3.3185587E-03  0.0000000E+00
  2.0799350E+02  1.4091090E-03 -1.2521212E-03  1.5573084E-03  3.1303070E-03  0.0000000E+00
  2.0799350E+02  1.2568081E-03 -1.0451553E-03  1.3970980E-03  2.9565373E-03  0.0000000E+00
  2.0799350E+02  1.1111431E-03 -8.7841599E-04  1.2505348E-03  2.7986337E-03  0.0000000E+00
  2.0799350E+02  1.0065628E-03 -7.6710328E-04  1.1510686E-03  2.6567207E-03  0.0000000E+00
  2.0799350E+02  9.6177816E-04 -6.9095046E-04  1.0991898E-03  2.5305299E-03  0.0000000E+00
  2.0799350E+02  9.7228230E-04 -6.1585743E-04  1.0677293E-03  2.4188581E-03  0.0000000E+00
  2.0799350E+02  1.0130044E-03 -5.4051443E-04  1.0257351E-03  2.3194524E-03  0.0000000E+00
  2.0799350E+02  1.0544366E-03 -5.7248135E-04  9.8552833E-04  2.2301238E-03  0.0000000E+00
  2.0799350E+02  1.0577957E-03 -8.0399039E-04  9.7312579E-04  2.1502901E-03  0.0000000E+00
  2.0799350E+02  1.0080814E-03 -8.7474265E-04  9.3722117E-04  2.0806608E-03  0.0000000E+00
  2.0799350E+02  9.3830244E-04 -8.5050979E-04  8.6155892E-04  2.0195026E-03  0.0000000E+00
  2.0799350E+02  8.6013529E-04 -7.8579896E-04  7.4014811E-04  1.9661466E-03  0.0000000E+00
  2.0799350E+02  7.8243250E-04 -7.2427925E-04  6.0057255E-04  1.9193854E-03  0.0000000E+00
  2.0799350E+02  7.1023859E-04 -6.9862154E-04  4.7988548E-04  1.8779572E-03  0.0000000E+00
  2.0799350E+02  6.4462985E-04 -7.2937239E-04  4.0867659E-04  1.8404504E-03  0.0000000E+00
  2.0799350E+02  5.8427708E-04 -8.2317541E-04  4.0302895E-04  1.8056669E-03  0.0000000E+00
  2.0799350E+02  5.2647420E-04 -9.7221891E-04  4.6124453E-04  1.7723500E-03  0.0000000E+00
  2.0799350E+02  4.6945594E-04 -1.1546660E-03  5.6658229E-04  1.7395670E-03  0.0000000E+00
  2.0799350E+02  4.1379329E-04 -1.3373249E-03  6.9237687E-04  1.7067380E-03  0.0000000E+00
  2.0799350E+02  3.6303658E-04 -1.4814504E-03  8.0933025E-04  1.6736419E-03  0.0000000E+00
  2.0799350E+02  3.2353614E-04 -1.5511233E-03  8.9225765E-04  1.6406678E-03  0.0000000E+00
  2.0799350E+02  3.0163974E-04 -1.5287001E-03  9.2799555E-04  1.6084204E-03  0.0000000E+00
  2.0799350E+02  2.9963709E-04 -1.4327544E-03  9.1878335E-04  1.5778322E-03  0.0000000E+00
  2.0799350E+02  3.0860343E-04 -1.3434703E-03  8.8298946E-04  1.5498465E-03  0.0000000E+00
  2.0799350E+02  3.3046645E-04 -1.3403290E-03  8.5694162E-04  1.5246092E-03  0.0000000E+00
  2.0799350E+02  3.5734771E-04 -1.2871176E-03  8.7669202E-04  1.5014041E-03  0.0000000E+00
  2.0799350E+02  3.3381101E-04 -1.3217302E-03  9.3980598E-04  1.4815007E-03  0.0000000E+00
  2.0799350E+02  3.0044869E-04 -1.3989959E-03  1.0391550E-03  1.4649155E-03  0.0000000E+00
  2.0799350E+02  2.7700053E-04 -1.4830759E-03  1.1539581E-03  1.4522959E-03  0.0000000E+00
  2.0799350E+02  2.6856887E-04 -1.5482367E-03  1.2605264E-03  1.4442505E-03  0.0000000E+00
  2.0799350E+02  2.7149502E-04 -1.5779551E-03  1.3378949E-03  1.4411832E-03  0.0000000E+00
  2.0799350E+02  2.7789378E-04 -1.5644201E-03  1.3714832E-03  1.4431356E-03  0.0000000E+00
  2.0799350E+02  2.7924175E-04 -1.5074745E-03  1.3542969E-03  1.4498034E-03  0.0000000E+00
  2.0799350E+02  2.6898159E-04 -1.4138043E-03  1.2867350E-03  1.4605697E-03  0.0000000E+00
  2.0799350E+02  2.4417230E-04 -1.2946019E-03  1.1748542E-03  1.4747142E-03  0.0000000E+00
  2.0799350E+02  2.0609094E-04 -1.1637018E-03  1.0282512E-03  1.4915236E-03  0.0000000E+00
  2.0799350E+02  1.5982153E-04 -1.0345747E-03  8.5757755E-04  1.5104549E-03  0.0000000E+00
  2.0799350E+02  1.1329499E-04 -9.1791887E-04  6.7410139E-04  1.5310554E-03  0.0000000E+00
  2.0799350E+02  7.4514747E-05 -8.1632451E-04  4.8725506E-04  1.5531147E-03  0.0000000E+00
  2.0799350E+02  4.8662285E-05 -7.2057532E-04  3.0679076E-04  1.5763443E-03  0.0000000E+00
  2.0799350E+02  3.3832835E-05 -6.0379107E-04  1.4536991E-04  1.6000787E-03  0.0000000E+00
  2.0799350E+02  1.6291376E-05 -4.6092223E-04  1.1132496E-05  1.6233503E-03  0.0000000E+00
  2.0799350E+02  6.0287349E-07 -3.3304533E-04 -1.1903579E-04  1.6467293E-03  0.0000000E+00
  2.0799350E+02 -7.7918106E-06 -2.2450156E-04 -2.0243306E-04  1.6691458E-03  0.0000000E+00
  2.0799350E+02 -1.1683334E-05 -1.6843216E-04 -2.2574343E-04  1.6900832E-03  0.0000000E+00
  2.0799350E+02 -1.3228237E-05 -1.6657269E-04 -1.9677356E-04  1.7090797E-03  0.0000000E+00
  2.0799350E+02 -1.3602018E-05 -2.0286049E-04 -1.3410595E-04  1.7256907E-03  0.0000000E+00
  2.0799350E+02 -1.3069511E-05 -2.5425373E-04 -5.8942006E-05  1.7397439E-03  0.0000000E+00
  2.0799350E+02 -1.1301133E-05 -2.9882893E-04  1.0028403E-05  1.7512212E-03  0.0000000E+00
  2.0799350E+02 -7.8413272E-06 -3.2113032E-04  5.9792141E-05  1.7603024E-03  0.0000000E+00
  2.0799350E+02 -2.6267702E-06 -3.1497130E-04  8.3951056E-05  1.7672801E-03  0.0000000E+00
  2.0799350E+02  3.6668267E-06 -2.8426788E-04  8.3003465E-05  1.7726153E-03  0.0000000E+00
  2.0799350E+02  9.4554483E-06 -2.4122334E-04  6.2514603E-05  1.7768246E-03  0.0000000E+00
  2.0799350E+02  1.2463499E-05 -2.0271509E-04  3.0910728E-05  1.7804579E-03  0.0000000E+00
  2.0799350E+02  5.4262076E-02 -5.3926025E-02 -2.8190110E-06 -3.0473513E-02  0.0000000E+00
  2.0799350E+02  6.6413667E-02  2.7549228E-02 -2.8146814E-03 -3.1188717E-02  0.0000000E+00
  2.0799350E+02  5.5689394E-02  5.5925297E-02 -6.5122128E-03 -3.1488065E-02  0.0000000E+00
  2.0799350E+02  5.1946819E-02  4.1476722E-02 -7.9465263E-03 -3.1932242E-02  0.0000000E+00
  2.0799350E+02  5.2406164E-02  1.6747810E-02 -6.9089108E-03 -3.2689210E-02  0.0000000E+00
  2.0799350E+02  5.3323950E-02  2.2458208E-03 -7.0209847E-03 -3.3603339E-02  0.0000000E+00
  2.0799350E+02  5.3723898E-02  1.6434592E-04 -8.6313793E-03 -3.4474337E-02  0.0000000E+00
  2.0799350E+02  5.3310737E-02  4.5408323E-03 -9.9108975E-03 -3.5147448E-02  0.0000000E+00
  2.0799350E+02  5.1907646E-02  9.5950705E-03 -1.0569894E-02 -3.5534449E-02  0.0000000E+00
  2.0799350E+02  4.9624340E-02  1.2197999E-02 -9.5331733E-03 -3.5605926E-02  0.0000000E+00
  2.0799350E+02  4.6567833E-02  1.1591253E-02 -7.1458355E-03 -3.5374015E-02  0.0000000E+00
  2.0799350E+02  4.2874494E-02  8.6013296E-03 -4.2742677E-03 -3.4874066E-02  0.0000000E+00
  2.0799350E+02  3.8724242E-02  4.3568096E-03 -1.5305095E-03 -3.4151195E-02  0.0000000E+00
  2.0799350E+02  3.4457743E-02 -2.9812722E-04  7.2972205E-04 -3.3259895E-02  0.0000000E+00
  2.0799350E+02  3.0523327E-02 -4.8145512E-03  2.1947327E-03 -3.2252432E-02  0.0000000E+00
  2.0799350E+02  2.7340798E-02 -8.2710744E-03  2.8189264E-03 -3.1188769E-02  0.0000000E+00
  2.0799350E+02  2.4393898E-02 -9.0793904E-03  2.4864867E-03 -3.0110882E-02  0.0000000E+00
  2.0799350E+02  2.1514935E-02 -8.6464424E-03  2.2444412E-03 -2.9039239E-02  0.0000000E+00
  2.0799350E+02  1.9009669E-02 -8.1188229E-03  2.2425044E-03 -2.7982174E-02  0.0000000E+00
  2.0799350E+02  1.6935618E-02 -7.7820036E-03  2.0768429E-03 -2.6938370E-02  0.0000000E+00
  2.0799350E+02  1.5095134E-02 -7.5740253E-03  1.6282447E-03 -2.5915802E-02  0.0000000E+00
  2.0799350E+02  1.3188683E-02 -7.4065128E-03  1.1737721E-03 -2.4918282E-02  0.0000000E+00
  2.0799350E+02  1.1078034E-02 -7.3114322E-03  1.0941875E-03 -2.3948927E-02  0.0000000E+00
  2.0799350E+02  8.9702436E-03 -7.4070530E-03  1.4851622E-03 -2.3012660E-02  0.0000000E+00
  2.0799350E+02  7.3358467E-03 -7.6870386E-03  1.9842622E-03 -2.2104974E-02  0.0000000E+00
  2.0799350E+02  6.4826587E-03 -7.6380277E-03  2.1292121E-03 -2.1220254E-02  0.0000000E+00
  2.0799350E+02  5.9503378E-03 -7.5394108E-03  2.0543379E-03 -2.0364238E-02  0.0000000E+00
  2.0799350E+02  5.7079061E-03 -6.9205405E-03  2.1673929E-03 -1.9540100E-02  0.0000000E+00
  2.0799350E+02  5.6545030E-03 -5.7325903E-03  2.2615017E-03 -1.8758814E-02  0.0000000E+00
  2.0799350E+02  5.6659122E-03 -4.5358491E-03  2.3786187E-03 -1.8023570E-02  0.0000000E+00
  2.0799350E+02  5.6436387E-03 -3.6308466E-03  2.6361915E-03 -1.7334138E-02  0.0000000E+00
  2.0799350E+02  5.5185335E-03 -3.1058301E-03  3.0246180E-03 -1.6691034E-02  0.0000000E+00
  2.0799350E+02  5.2564686E-03 -2.8811765E-03  3.3832359E-03 -1.6087893E-02  0.0000000E+00
  2.0799350E+02  4.8653025E-03 -2.7824531E-03  3.4805046E-03 -1.5521607E-02  0.0000000E+00
  2.0799350E+02  4.3917920E-03 -2.6087967E-03  3.1528850E-03 -1.4985394E-02  0.0000000E+00
  2.0799350E+02  3.9133080E-03 -2.2109233E-03  2.4221807E-03 -1.4473077E-02  0.0000000E+00
  2.0799350E+02  3.5193799E-03 -1.5733750E-03  1.5510278E-03 -1.3982308E-02  0.0000000E+00
  2.0799350E+02  3.2685005E-03 -8.8951716E-04  9.4742223E-04 -1.3509681E-02  0.0000000E+00
  2.0799350E+02  3.1339009E-03 -6.4040884E-04  8.8615269E-04 -1.3054127E-02  0.0000000E+00
  2.0799350E+02  3.0413382E-03 -9.7637504E-04  1.0699413E-03 -1.2618015E-02  0.0000000E+00
  2.0799350E+02  2.8755507E-03 -1.1231014E-03  1.3775300E-03 -1.2197091E-02  0.0000000E+00
  2.0799350E+02  2.6221966E-03 -1.1390724E-03  1.5890267E-03 -1.1790582E-02  0.0000000E+00
  2.0799350E+02  2.3546650E-03 -9.7426818E-04  1.6125426E-03 -1.1397049E-02  0.0000000E+00
  2.0799350E+02  2.1153557E-03 -6.8951668E-04  1.4920610E-03 -1.1015942E-02  0.0000000E+00
  2.0799350E+02  1.9217609E-03 -3.8715771E-04  1.3157258E-03 -1.0648494E-02  0.0000000E+00
  2.0799350E+02  1.7710907E-03 -1.5864945E-04  1.1588874E-03 -1.0292513E-02  0.0000000E+00
  2.0799350E+02  1.6519391E-03 -5.9738884E-05  1.0612076E-03 -9.9476621E-03  0.0000000E+00
  2.0799350E+02  1.5509168E-03 -9.6602368E-05  1.0225846E-03 -9.6112185E-03  0.0000000E+00
  2.0799350E+02  1.4606355E-03 -2.3194100E-04  1.0169943E-03 -9.2805207E-03  0.0000000E+00
  2.0799350E+02  1.3838381E-03 -3.9895668E-04  1.0115733E-03 -8.9551728E-03  0.0000000E+00
  2.0799350E+02  1.3314920E-03 -5.2764454E-04  9.8513729E-04 -8.6338718E-03  0.0000000E+00
  2.0799350E+02  1.3162921E-03 -5.7462543E-04  9.3778741E-04 -8.3163628E-03  0.0000000E+00
  2.0799350E+02  1.3375748E-03 -5.5722141E-04  8.8431598E-04 -8.0048700E-03  0.0000000E+00
  2.0799350E+02  1.3568986E-03 -5.8858239E-04  8.2205325E-04 -7.6993645E-03  0.0000000E+00
  2.0799350E+02  1.3432342E-03 -6.3328206E-04  6.6823392E-04 -7.4016567E-03  0.0000000E+00
  2.0799350E+02  1.2831335E-03 -5.6429837E-04  5.4489497E-04 -7.1117458E-03  0.0000000E+00
  2.0799350E+02  1.1728852E-03 -5.1638614E-04  4.3431083E-04 -6.8291175E-03  0.0000000E+00
  2.0799350E+02  1.0478103E-03 -4.9575459E-04  3.1824609E-04 -6.5551170E-03  0.0000000E+00
  2.0799350E+02  9.2727240E-04 -5.1990278E-04  2.2285084E-04 -6.2890416E-03  0.0000000E+00
  2.0799350E+02  8.2060024E-04 -6.0479265E-04  1.8562824E-04 -6.0321405E-03  0.0000000E+00
  2.0799350E+02  7.2929404E-04 -7.5645207E-04  2.3258418E-04 -5.7842249E-03  0.0000000E+00
  2.0799350E+02  6.5089471E-04 -9.6695624E-04  3.6866041E-04 -5.5451179E-03  0.0000000E+00
  2.0799350E+02  5.8179378E-04 -1.2121886E-03  5.7443561E-04 -5.3157891E-03  0.0000000E+00
  2.0799350E+02  5.1818037E-04 -1.4574615E-03  8.1285138E-04 -5.0953090E-03  0.0000000E+00
  2.0799350E+02  4.5834377E-04 -1.6603178E-03  1.0360160E-03 -4.8840871E-03  0.0000000E+00
  2.0799350E+02  4.0249583E-04 -1.7824623E-03  1.2000903E-03 -4.6810406E-03  0.0000000E+00
  2.0799350E+02  3.5317543E-04 -1.7991774E-03  1.2761304E-03 -4.4848933E-03  0.0000000E+00
  2.0799350E+02  3.1486386E-04 -1.7133920E-03  1.2611643E-03 -4.2952991E-03  0.0000000E+00
  2.0799350E+02  2.9218635E-04 -1.5712241E-03  1.1864593E-03 -4.1109743E-03  0.0000000E+00
  2.0799350E+02  2.8839224E-04 -1.4784876E-03  1.1185060E-03 -3.9311725E-03  0.0000000E+00
  2.0799350E+02  3.0279292E-04 -1.4874934E-03  1.1177936E-03 -3.7562160E-03  0.0000000E+00
  2.0799350E+02  3.1388137E-04 -1.4269023E-03  1.1339003E-03 -3.5836542E-03  0.0000000E+00
  2.0799350E+02  3.1185170E-04 -1.4808568E-03  1.2021510E-03 -3.4143566E-03  0.0000000E+00
  2.0799350E+02  3.0189376E-04 -1.5500464E-03  1.2845206E-03 -3.2467545E-03  0.0000000E+00
  2.0799350E+02  2.8989531E-04 -1.5792646E-03  1.3486192E-03 -3.0800118E-03  0.0000000E+00
  2.0799350E+02  2.7991729E-04 -1.5459697E-03  1.3712977E-03 -2.9147538E-03  0.0000000E+00
  2.0799350E+02  2.7296484E-04 -1.4505420E-03  1.3407769E-03 -2.7508090E-03  0.0000000E+00
  2.0799350E+02  2.6725375E-04 -1.3080715E-03  1.2558744E-03 -2.5894106E-03  0.0000000E+00
  2.0799350E+02  2.5909971E-04 -1.1400218E-03  1.1238094E-03 -2.4309646E-03  0.0000000E+00
  2.0799350E+02  2.4440585E-04 -9.6854382E-04  9.5708817E-04 -2.2758126E-03  0.0000000E+00
  2.0799350E+02  2.2036144E-04 -8.1307014E-04  7.7152524E-04 -2.1249333E-03  0.0000000E+00
  2.0799350E+02  1.8665554E-04 -6.8542523E-04  5.8139587E-04 -1.9782036E-03  0.0000000E+00
  2.0799350E+02  1.4625767E-04 -5.8957610E-04  3.9807116E-04 -1.8352571E-03  0.0000000E+00
  2.0799350E+02  1.0552346E-04 -5.2225524E-04  2.3018981E-04 -1.6962802E-03  0.0000000E+00
  2.0799350E+02  7.2197798E-05 -4.7394424E-04  8.2482961E-05 -1.5603702E-03  0.0000000E+00
  2.0799350E+02  5.2757894E-05 -4.3385720E-04 -3.8296086E-05 -1.4277704E-03  0.0000000E+00
  2.0799350E+02  4.6762072E-05 -3.9510453E-04 -1.1871316E-04 -1.2984817E-03  0.0000000E+00
  2.0799350E+02  3.5665870E-05 -3.4129715E-04 -1.5537839E-04 -1.1729673E-03  0.0000000E+00
  2.0799350E+02  1.5536412E-05 -2.6891753E-04 -1.8567763E-04 -1.0516855E-03  0.0000000E+00
  2.0799350E+02 -9.7156616E-07 -2.3330043E-04 -1.7723353E-04 -9.3521644E-04  0.0000000E+00
  2.0799350E+02 -1.3245705E-05 -2.3755129E-04 -1.3712253E-04 -8.2436714E-04  0.0000000E+00
  2.0799350E+02 -2.0731659E-05 -2.6964101E-04 -8.1008965E-05 -7.1903354E-04  0.0000000E+00
  2.0799350E+02 -2.3300807E-05 -3.1198627E-04 -2.5338640E-05 -6.1892557E-04  0.0000000E+00
  2.0799350E+02 -2.1472256E-05 -3.4749317E-04  1.6914951E-05 -5.2411724E-04  0.0000000E+00
  2.0799350E+02 -1.6406358E-05 -3.6415874E-04  3.9053459E-05 -4.3402250E-04  0.0000000E+00
  2.0799350E+02 -9.6674012E-06 -3.5674374E-04  4.0400012E-05 -3.4802232E-04  0.0000000E+00
  2.0799350E+02 -2.9868739E-06 -3.2723299E-04  2.5193372E-05 -2.6593330E-04  0.0000000E+00
  2.0799350E+02  2.1533901E-06 -2.8350830E-04  3.8802753E-07 -1.8697834E-04  0.0000000E+00
  2.0799350E+02  4.7400030E-06 -2.3741627E-04 -2.6719850E-05 -1.1099539E-04  0.0000000E+00
  2.0799350E+02  4.5028981E-06 -2.0117193E-04 -5.1130898E-05 -3.7440055E-05  0.0000000E+00
  2.0799350E+02 -4.2789259E-03  4.2867640E-03 -8.8616789E-18 -8.3581782E-02  0.0000000E+00
  2.0799350E+02  4.0202106E-03  1.3911425E-02 -8.4051605E-04 -8.3003663E-02  0.0000000E+00
  2.0799350E+02  1.5003877E-02  1.4580119E-03 -6.2590710E-04 -8.1704903E-02  0.0000000E+00
  2.0799350E+02  1.9116040E-02 -6.2290833E-03  9.5586216E-05 -7.9828413E-02  0.0000000E+00
  2.0799350E+02  1.8115982E-02 -1.0260832E-02  3.2689040E-04 -7.7842097E-02  0.0000000E+00
  2.0799350E+02  1.6486002E-02 -1.0647437E-02 -5.0127474E-04 -7.5985779E-02  0.0000000E+00
  2.0799350E+02  1.5891220E-02 -7.1577465E-03 -1.7311258E-03 -7.4284302E-02  0.0000000E+00
  2.0799350E+02  1.6158577E-02 -1.8429003E-03 -2.1502440E-03 -7.2672163E-02  0.0000000E+00
  2.0799350E+02  1.6665703E-02  3.2358352E-03 -1.4827751E-03 -7.1069339E-02  0.0000000E+00
  2.0799350E+02  1.7010801E-02  6.6974108E-03 -3.9124587E-04 -6.9415805E-02  0.0000000E+00
  2.0799350E+02  1.7019920E-02  8.9697171E-03  1.4449214E-04 -6.7671572E-02  0.0000000E+00
  2.0799350E+02  1.6777461E-02  1.0939024E-02 -3.8285412E-04 -6.5821830E-02  0.0000000E+00
  2.0799350E+02  1.6429761E-02  1.2780817E-02 -1.5940670E-03 -6.3879564E-02  0.0000000E+00
  2.0799350E+02  1.5943816E-02  1.3754434E-02 -2.4333772E-03 -6.1879761E-02  0.0000000E+00
  2.0799350E+02  1.5114099E-02  1.2946481E-02 -2.0144951E-03 -5.9863880E-02  0.0000000E+00
  2.0799350E+02  1.4002657E-02  1.0579168E-02 -7.8020011E-04 -5.7856695E-02  0.0000000E+00
  2.0799350E+02  1.2993616E-02  7.5149129E-03  1.0487998E-03 -5.5869833E-02  0.0000000E+00
  2.0799350E+02  1.2086169E-02  4.3306305E-03  2.6194077E-03 -5.3910321E-02  0.0000000E+00
  2.0799350E+02  1.1150606E-02  1.3700431E-03  3.6802245E-03 -5.1988108E-02  0.0000000E+00
  2.0799350E+02  1.0122786E-02 -1.1048116E-03  4.2728793E-03 -5.0111990E-02  0.0000000E+00
  2.0799350E+02  9.0083643E-03 -2.9687196E-03  4.4173977E-03 -4.8287736E-02  0.0000000E+00
  2.0799350E+02  7.8668859E-03 -4.1767443E-03  4.0923576E-03 -4.6518258E-02  0.0000000E+00
  2.0799350E+02  6.7811573E-03 -4.6875620E-03  3.3536285E-03 -4.4804743E-02  0.0000000E+00
  2.0799350E+02  5.8173071E-03 -4.4582539E-03  2.4354880E-03 -4.3147687E-02  0.0000000E+00
  2.0799350E+02  4.9809523E-03 -3.6021229E-03  1.6779118E-03 -4.1546751E-02  0.0000000E+00
  2.0799350E+02  4.1748821E-03 -2.8011068E-03  1.1238326E-03 -3.9998389E-02  0.0000000E+00
  2.0799350E+02  3.4284179E-03 -1.7810371E-03  4.5365475E-04 -3.8498578E-02  0.0000000E+00
  2.0799350E+02  2.6691026E-03 -1.7962288E-03  2.6067410E-04 -3.7047884E-02  0.0000000E+00
  2.0799350E+02  2.2622350E-03 -2.5355052E-03  4.8917413E-04 -3.5641726E-02  0.0000000E+00
  2.0799350E+02  2.2327619E-03 -3.1088632E-03  9.8583302E-04 -3.4286643E-02  0.0000000E+00
  2.0799350E+02  2.3795939E-03 -3.2063026E-03  1.5629794E-03 -3.2991324E-02  0.0000000E+00
  2.0799350E+02  2.5035103E-03 -2.8837995E-03  2.0646865E-03 -3.1761341E-02  0.0000000E+00
  2.0799350E+02  2.5084511E-03 -2.3647236E-03  2.3982888E-03 -3.0597163E-02  0.0000000E+00
  2.0799350E+02  2.4107983E-03 -1.8751011E-03  2.5393521E-03 -2.9494574E-02  0.0000000E+00
  2.0799350E+02  2.2912499E-03 -1.5311259E-03  2.5181259E-03 -2.8446556E-02  0.0000000E+00
  2.0799350E+02  2.2238909E-03 -1.2973207E-03  2.3955096E-03 -2.7445750E-02  0.0000000E+00
  2.0799350E+02  2.2170631E-03 -1.0337498E-03  2.2365612E-03 -2.6486583E-02  0.0000000E+00
  2.0799350E+02  2.2006384E-03 -6.5068534E-04  2.0895789E-03 -2.5566139E-02  0.0000000E+00
  2.0799350E+02  2.0942994E-03 -3.8912962E-04  1.9787864E-03 -2.4682896E-02  0.0000000E+00
  2.0799350E+02  1.9597473E-03 -4.2412064E-04  1.8853772E-03 -2.3835266E-02  0.0000000E+00
  2.0799350E+02  1.8234810E-03 -3.4070936E-04  1.7268447E-03 -2.3019071E-02  0.0000000E+00
  2.0799350E+02  1.6817963E-03 -3.3075668E-04  1.5371037E-03 -2.2231609E-02  0.0000000E+00
  2.0799350E+02  1.5370314E-03 -2.4928961E-04  1.3426806E-03 -2.1472483E-02  0.0000000E+00
  2.0799350E+02  1.3891611E-03 -5.0068908E-05  1.1629023E-03 -2.0740928E-02  0.0000000E+00
  2.0799350E+02  1.2413422E-03  2.3696019E-04  1.0133827E-03 -2.0035817E-02  0.0000000E+00
  2.0799350E+02  1.1011877E-03  5.3536198E-04  9.0630270E-04 -1.9355635E-02  0.0000000E+00
  2.0799350E+02  9.7907829E-04  7.5467075E-04  8.4868877E-04 -1.8698466E-02  0.0000000E+00
  2.0799350E+02  8.8482190E-04  8.2123922E-04  8.3989938E-04 -1.8062030E-02  0.0000000E+00
  2.0799350E+02  8.2396890E-04  7.0309647E-04  8.6952494E-04 -1.7443791E-02  0.0000000E+00
  2.0799350E+02  7.9509287E-04  4.2443698E-04  9.1690915E-04 -1.6841196E-02  0.0000000E+00
  2.0799350E+02  7.8934590E-04  6.5362218E-05  9.5349887E-04 -1.6252055E-02  0.0000000E+00
  2.0799350E+02  7.9359763E-04 -2.5750353E-04  9.4922968E-04 -1.5675119E-02  0.0000000E+00
  2.0799350E+02  7.9846701E-04 -4.3390170E-04  8.8415426E-04 -1.5110884E-02  0.0000000E+00
  2.0799350E+02  8.1255621E-04 -4.3071062E-04  7.6652093E-04 -1.4562647E-02  0.0000000E+00
  2.0799350E+02  8.2835928E-04 -3.6196344E-04  5.8727767E-04 -1.4031412E-02  0.0000000E+00
  2.0799350E+02  8.2281823E-04 -2.6770207E-04  4.3452774E-04 -1.3517721E-02  0.0000000E+00
  2.0799350E+02  7.9460102E-04 -1.9271537E-04  3.1055953E-04 -1.3022490E-02  0.0000000E+00
  2.0799350E+02  7.3506389E-04 -1.7380040E-04  1.9722308E-04 -1.2543873E-02  0.0000000E+00
  2.0799350E+02  6.5249761E-04 -2.2952906E-04  1.1576424E-04 -1.2081279E-02  0.0000000E+00
  2.0799350E+02  5.6133146E-04 -3.6610601E-04  9.8273317E-05 -1.1634587E-02  0.0000000E+00
  2.0799350E+02  4.7517732E-04 -5.7955671E-04  1.6887217E-04 -1.1203673E-02  0.0000000E+00
  2.0799350E+02  4.0306360E-04 -8.5572370E-04  3.3333584E-04 -1.0788178E-02  0.0000000E+00
  2.0799350E+02  3.4820933E-04 -1.1695493E-03  5.7584426E-04 -1.0387468E-02  0.0000000E+00
  2.0799350E+02  3.0868824E-04 -1.4851228E-03  8.6156002E-04 -1.0000716E-02  0.0000000E+00
  2.0799350E+02  2.7933307E-04 -1.7579709E-03  1.1437279E-03 -9.6270372E-03  0.0000000E+00
  2.0799350E+02  2.5422991E-04 -1.9410685E-03  1.3739921E-03 -9.2656256E-03  0.0000000E+00
  2.0799350E+02  2.2915282E-04 -1.9960489E-03  1.5146264E-03 -8.9158236E-03  0.0000000E+00
  2.0799350E+02  2.0328866E-04 -1.9110917E-03  1.5513743E-03 -8.5770605E-03  0.0000000E+00
  2.0799350E+02  1.7960223E-04 -1.7269658E-03  1.5055933E-03 -8.2486004E-03  0.0000000E+00
  2.0799350E+02  1.6319163E-04 -1.5727060E-03  1.4444006E-03 -7.9290347E-03  0.0000000E+00
  2.0799350E+02  1.5278646E-04 -1.5857758E-03  1.4344130E-03 -7.6168257E-03  0.0000000E+00
  2.0799350E+02  1.4991351E-04 -1.5475207E-03  1.3908507E-03 -7.3121870E-03  0.0000000E+00
  2.0799350E+02  1.5420480E-04 -1.5679467E-03  1.3825300E-03 -7.0128413E-03  0.0000000E+00
  2.0799350E+02  1.5621955E-04 -1.5710982E-03  1.3806998E-03 -6.7192725E-03  0.0000000E+00
  2.0799350E+02  1.5526420E-04 -1.5217872E-03  1.3604172E-03 -6.4315192E-03  0.0000000E+00
  2.0799350E+02  1.5374409E-04 -1.4132935E-03  1.3048075E-03 -6.1496115E-03  0.0000000E+00
  2.0799350E+02  1.5375119E-04 -1.2569203E-03  1.2067163E-03 -5.8737840E-03  0.0000000E+00
  2.0799350E+02  1.5546753E-04 -1.0733622E-03  1.0683070E-03 -5.6045136E-03  0.0000000E+00
  2.0799350E+02  1.5696355E-04 -8.8584359E-04  8.9915395E-04 -5.3424327E-03  0.0000000E+00
  2.0799350E+02  1.5497978E-04 -7.1527188E-04  7.1372804E-04 -5.0886220E-03  0.0000000E+00
  2.0799350E+02  1.4623247E-04 -5.7558478E-04  5.2675752E-04 -4.8425929E-03  0.0000000E+00
  2.0799350E+02  1.2888421E-04 -4.7384965E-04  3.5219346E-04 -4.6048964E-03  0.0000000E+00
  2.0799350E+02  1.0371667E-04 -4.0874992E-04  1.9945909E-04 -4.3751761E-03  0.0000000E+00
  2.0799350E+02  7.4596172E-05 -3.7227190E-04  7.2633028E-05 -4.1526758E-03  0.0000000E+00
  2.0799350E+02  4.7812037E-05 -3.5257822E-04 -2.8885593E-05 -3.9364533E-03  0.0000000E+00
  2.0799350E+02  2.9866638E-05 -3.3835653E-04 -1.0735122E-04 -3.7258195E-03  0.0000000E+00
  2.0799350E+02  2.3296435E-05 -3.2460107E-04 -1.6073312E-04 -3.5210519E-03  0.0000000E+00
  2.0799350E+02  2.3731592E-05 -3.1987333E-04 -1.8172317E-04 -3.3224914E-03  0.0000000E+00
  2.0799350E+02  2.0992645E-05 -3.0831129E-04 -1.7731385E-04 -3.1292261E-03  0.0000000E+00
  2.0799350E+02  1.2627470E-05 -3.0398742E-04 -1.4540744E-04 -2.9436333E-03  0.0000000E+00
  2.0799350E+02  2.6679784E-06 -3.1893539E-04 -9.6413702E-05 -2.7657259E-03  0.0000000E+00
  2.0799350E+02 -6.4499918E-06 -3.4914205E-04 -4.2922245E-05 -2.5954221E-03  0.0000000E+00
  2.0799350E+02 -1.3367751E-05 -3.8324587E-04  3.8175839E-06 -2.4324728E-03  0.0000000E+00
  2.0799350E+02 -1.7454299E-05 -4.0880829E-04  3.5910806E-05 -2.2764512E-03  0.0000000E+00
  2.0799350E+02 -1.8588781E-05 -4.1642975E-04  4.9596352E-05 -2.1267872E-03  0.0000000E+00
  2.0799350E+02 -1.7037306E-05 -4.0198251E-04  4.5063605E-05 -1.9828325E-03  0.0000000E+00
  2.0799350E+02 -1.3386599E-05 -3.6723187E-04  2.5577445E-05 -1.8439388E-03  0.0000000E+00
  2.0799350E+02 -8.4969259E-06 -3.1911780E-04 -3.8166626E-06 -1.7095358E-03  0.0000000E+00
  2.0799350E+02 -3.4367639E-06 -2.6796883E-04 -3.7736033E-05 -1.5791903E-03  0.0000000E+00
  2.0799350E+02  6.3834263E-07 -2.2492012E-04 -7.1781045E-05 -1.4526334E-03  0.0000000E+00
