          atime         prd_uu         prd_vv         prd_ww         pm1avg           tavg
  2.0799350E+02 -5.9283976E-09 -4.4677521E-10 -1.2094366E-11 -5.1768939E-02  0.0000000E+00
  2.0799350E+02  7.6185213E-03  1.4074252E-04 -3.2363861E-06 -5.1810476E-02  0.0000000E+00
  2.0799350E+02  5.8436345E-02  6.5576029E-04  5.1704092E-06 -5.1832752E-02  0.0000000E+00
  2.0799350E+02  1.4404930E-01  5.4869293E-04 -8.2388401E-05 -5.1839544E-02  0.0000000E+00
  2.0799350E+02  1.8808651E-01 -8.7247055E-04 -2.5836963E-04 -5.1809062E-02  0.0000000E+00
  2.0799350E+02  1.6782782E-01 -2.8880565E-03 -2.9551012E-04 -5.1753684E-02  0.0000000E+00
  2.0799350E+02  1.2372664E-01 -4.5741678E-03 -1.1067490E-04 -5.1705599E-02  0.0000000E+00
  2.0799350E+02  8.5962639E-02 -5.6656519E-03  1.8814958E-04 -5.1690854E-02  0.0000000E+00
  2.0799350E+02  6.0986413E-02 -6.3325139E-03  5.4682349E-04 -5.1704730E-02  0.0000000E+00
  2.0799350E+02  4.5689151E-02 -6.7330186E-03  8.4056201E-04 -5.1713309E-02  0.0000000E+00
  2.0799350E+02  3.6768403E-02 -6.9554007E-03  1.0132355E-03 -5.1676756E-02  0.0000000E+00
  2.0799350E+02  3.1765827E-02 -7.0381812E-03  1.0359847E-03 -5.1554776E-02  0.0000000E+00
  2.0799350E+02  2.9100667E-02 -6.9937798E-03  9.0382973E-04 -5.1314032E-02  0.0000000E+00
  2.0799350E+02  2.7773598E-02 -6.8569676E-03  6.6797561E-04 -5.0939513E-02  0.0000000E+00
  2.0799350E+02  2.7094489E-02 -6.6882627E-03  4.3440051E-04 -5.0430306E-02  0.0000000E+00
  2.0799350E+02  2.6709260E-02 -6.5385376E-03  2.9345499E-04 -4.9795416E-02  0.0000000E+00
  2.0799350E+02  2.6681981E-02 -6.3521473E-03  1.1309596E-04 -4.9052061E-02  0.0000000E+00
  2.0799350E+02  2.6867700E-02 -6.1059539E-03 -1.4342583E-04 -4.8221614E-02  0.0000000E+00
  2.0799350E+02  2.7139451E-02 -5.8653390E-03 -3.9728174E-04 -4.7328864E-02  0.0000000E+00
  2.0799350E+02  2.7389011E-02 -5.6661527E-03 -5.7910712E-04 -4.6384967E-02  0.0000000E+00
  2.0799350E+02  2.7494807E-02 -5.5180713E-03 -6.5367160E-04 -4.5405385E-02  0.0000000E+00
  2.0799350E+02  2.7356777E-02 -5.4030113E-03 -6.3155174E-04 -4.4398823E-02  0.0000000E+00
  2.0799350E+02  2.6948256E-02 -5.2825437E-03 -5.6046601E-04 -4.3370604E-02  0.0000000E+00
  2.0799350E+02  2.6360956E-02 -5.1138967E-03 -5.0545046E-04 -4.2327541E-02  0.0000000E+00
  2.0799350E+02  2.5789826E-02 -4.8780961E-03 -5.1542612E-04 -4.1269159E-02  0.0000000E+00
  2.0799350E+02  2.5436005E-02 -4.6277046E-03 -5.8210730E-04 -4.0201255E-02  0.0000000E+00
  2.0799350E+02  2.5145661E-02 -4.3248729E-03 -7.1076978E-04 -3.9133389E-02  0.0000000E+00
  2.0799350E+02  2.4789767E-02 -4.0808570E-03 -7.9947400E-04 -3.8073019E-02  0.0000000E+00
  2.0799350E+02  2.4153913E-02 -3.9116543E-03 -7.8821505E-04 -3.7025380E-02  0.0000000E+00
  2.0799350E+02  2.3195335E-02 -3.7351453E-03 -7.4095756E-04 -3.5986310E-02  0.0000000E+00
  2.0799350E+02  2.2025572E-02 -3.5084819E-03 -7.2275948E-04 -3.4955008E-02  0.0000000E+00
  2.0799350E+02  2.0803976E-02 -3.2292310E-03 -7.6414270E-04 -3.3937170E-02  0.0000000E+00
  2.0799350E+02  1.9654296E-02 -2.9227264E-03 -8.5363270E-04 -3.2931404E-02  0.0000000E+00
  2.0799350E+02  1.8650093E-02 -2.6304725E-03 -9.4952408E-04 -3.1944134E-02  0.0000000E+00
  2.0799350E+02  1.7797546E-02 -2.3892231E-03 -1.0037256E-03 -3.0977458E-02  0.0000000E+00
  2.0799350E+02  1.7059416E-02 -2.2179603E-03 -9.8544652E-04 -3.0034851E-02  0.0000000E+00
  2.0799350E+02  1.6384812E-02 -2.1094512E-03 -8.9864052E-04 -2.9125082E-02  0.0000000E+00
  2.0799350E+02  1.5729468E-02 -2.0294002E-03 -7.8241210E-04 -2.8249235E-02  0.0000000E+00
  2.0799350E+02  1.5080198E-02 -1.9324432E-03 -6.8606700E-04 -2.7400717E-02  0.0000000E+00
  2.0799350E+02  1.4498190E-02 -1.8506338E-03 -5.8187618E-04 -2.6578645E-02  0.0000000E+00
  2.0799350E+02  1.3915432E-02 -1.7807941E-03 -4.7843034E-04 -2.5777846E-02  0.0000000E+00
  2.0799350E+02  1.3312432E-02 -1.6816073E-03 -4.1274555E-04 -2.4996998E-02  0.0000000E+00
  2.0799350E+02  1.2729654E-02 -1.5713098E-03 -3.7334094E-04 -2.4238723E-02  0.0000000E+00
  2.0799350E+02  1.2192577E-02 -1.4635226E-03 -3.4873875E-04 -2.3502439E-02  0.0000000E+00
  2.0799350E+02  1.1713472E-02 -1.3662922E-03 -3.3016566E-04 -2.2790135E-02  0.0000000E+00
  2.0799350E+02  1.1286980E-02 -1.2810543E-03 -3.1234669E-04 -2.2098245E-02  0.0000000E+00
  2.0799350E+02  1.0901276E-02 -1.2056418E-03 -2.9359719E-04 -2.1428244E-02  0.0000000E+00
  2.0799350E+02  1.0537928E-02 -1.1355342E-03 -2.7450097E-04 -2.0777739E-02  0.0000000E+00
  2.0799350E+02  1.0180030E-02 -1.0668679E-03 -2.5648551E-04 -2.0144029E-02  0.0000000E+00
  2.0799350E+02  9.8188771E-03 -9.9881918E-04 -2.4038678E-04 -1.9527093E-02  0.0000000E+00
  2.0799350E+02  9.4533720E-03 -9.3387842E-04 -2.2513235E-04 -1.8922789E-02  0.0000000E+00
  2.0799350E+02  9.0925499E-03 -8.7762517E-04 -2.0755432E-04 -1.8326928E-02  0.0000000E+00
  2.0799350E+02  8.7545447E-03 -8.3613809E-04 -1.8345592E-04 -1.7739732E-02  0.0000000E+00
  2.0799350E+02  8.4546324E-03 -8.0965146E-04 -1.5002158E-04 -1.7160781E-02  0.0000000E+00
  2.0799350E+02  8.1313305E-03 -7.8691542E-04 -1.1071319E-04 -1.6592342E-02  0.0000000E+00
  2.0799350E+02  7.8268511E-03 -7.6779634E-04 -6.6163216E-05 -1.6033649E-02  0.0000000E+00
  2.0799350E+02  7.5937582E-03 -7.5919250E-04 -1.4727531E-05 -1.5488873E-02  0.0000000E+00
  2.0799350E+02  7.4019620E-03 -7.6066723E-04  4.1731515E-05 -1.4960795E-02  0.0000000E+00
  2.0799350E+02  7.2216978E-03 -7.6807181E-04  1.0024255E-04 -1.4448522E-02  0.0000000E+00
  2.0799350E+02  7.0336202E-03 -7.7640167E-04  1.5679774E-04 -1.3954389E-02  0.0000000E+00
  2.0799350E+02  6.8290934E-03 -7.8152361E-04  2.0773888E-04 -1.3477196E-02  0.0000000E+00
  2.0799350E+02  6.6102763E-03 -7.8082874E-04  2.4987242E-04 -1.3015156E-02  0.0000000E+00
  2.0799350E+02  6.3881900E-03 -7.7326029E-04  2.8058790E-04 -1.2568524E-02  0.0000000E+00
  2.0799350E+02  6.1753069E-03 -7.5879837E-04  2.9847833E-04 -1.2134223E-02  0.0000000E+00
  2.0799350E+02  5.9835138E-03 -7.3784078E-04  3.0290199E-04 -1.1712648E-02  0.0000000E+00
  2.0799350E+02  5.8168337E-03 -7.1030869E-04  2.9411568E-04 -1.1302395E-02  0.0000000E+00
  2.0799350E+02  5.6697116E-03 -6.7514352E-04  2.7280260E-04 -1.0902713E-02  0.0000000E+00
  2.0799350E+02  5.5271119E-03 -6.3047614E-04  2.3991062E-04 -1.0515254E-02  0.0000000E+00
  2.0799350E+02  5.3659820E-03 -5.7385988E-04  1.9593888E-04 -1.0139014E-02  0.0000000E+00
  2.0799350E+02  5.1634223E-03 -5.0388861E-04  1.4039090E-04 -9.7712642E-03  0.0000000E+00
  2.0799350E+02  4.9165520E-03 -4.2433106E-04  7.3246910E-05 -9.4110534E-03  0.0000000E+00
  2.0799350E+02  4.6655974E-03 -3.5072051E-04  1.2598112E-05 -9.0619972E-03  0.0000000E+00
  2.0799350E+02  4.4192339E-03 -2.8784992E-04 -3.5136302E-05 -8.7199815E-03  0.0000000E+00
  2.0799350E+02  4.1814674E-03 -2.3642251E-04 -6.9947144E-05 -8.3848788E-03  0.0000000E+00
  2.0799350E+02  3.9526657E-03 -1.9647973E-04 -9.2409195E-05 -8.0557821E-03  0.0000000E+00
  2.0799350E+02  3.7329770E-03 -1.6784476E-04 -1.0327638E-04 -7.7333888E-03  0.0000000E+00
  2.0799350E+02  3.5209039E-03 -1.4980108E-04 -1.0356567E-04 -7.4162857E-03  0.0000000E+00
  2.0799350E+02  3.3171921E-03 -1.4151132E-04 -9.4411762E-05 -7.1057605E-03  0.0000000E+00
  2.0799350E+02  3.1223007E-03 -1.4167313E-04 -7.7231838E-05 -6.8017851E-03  0.0000000E+00
  2.0799350E+02  2.9373877E-03 -1.4860006E-04 -5.3795502E-05 -6.5046502E-03  0.0000000E+00
  2.0799350E+02  2.7647427E-03 -1.6007725E-04 -2.6500073E-05 -6.2163099E-03  0.0000000E+00
  2.0799350E+02  2.6051851E-03 -1.7350475E-04  1.9260225E-06 -5.9369508E-03  0.0000000E+00
  2.0799350E+02  2.4585837E-03 -1.8609888E-04  2.8539075E-05 -5.6664618E-03  0.0000000E+00
  2.0799350E+02  2.3241332E-03 -1.9525079E-04  5.0529366E-05 -5.4056889E-03  0.0000000E+00
  2.0799350E+02  2.1984637E-03 -1.9938911E-04  6.6378568E-05 -5.1530684E-03  0.0000000E+00
  2.0799350E+02  2.0779616E-03 -1.9891510E-04  7.6811771E-05 -4.9085502E-03  0.0000000E+00
  2.0799350E+02  1.9581146E-03 -1.9771410E-04  8.6754136E-05 -4.6707719E-03  0.0000000E+00
  2.0799350E+02  1.8344329E-03 -2.0414208E-04  1.0558768E-04 -4.4392335E-03  0.0000000E+00
  2.0799350E+02  1.6954982E-03 -2.0895400E-04  1.2211079E-04 -4.2141158E-03  0.0000000E+00
  2.0799350E+02  1.5515950E-03 -2.0743080E-04  1.3097162E-04 -3.9949426E-03  0.0000000E+00
  2.0799350E+02  1.4124414E-03 -2.0189242E-04  1.3382718E-04 -3.7835312E-03  0.0000000E+00
  2.0799350E+02  1.2811518E-03 -1.9481161E-04  1.3319591E-04 -3.5801251E-03  0.0000000E+00
  2.0799350E+02  1.1576277E-03 -1.8812574E-04  1.3138642E-04 -3.3845907E-03  0.0000000E+00
  2.0799350E+02  1.0410137E-03 -1.8294573E-04  1.2997394E-04 -3.1974324E-03  0.0000000E+00
  2.0799350E+02  9.2960096E-04 -1.7941775E-04  1.2956996E-04 -3.0177691E-03  0.0000000E+00
  2.0799350E+02  8.2224900E-04 -1.7691992E-04  1.2990813E-04 -2.8445645E-03  0.0000000E+00
  2.0799350E+02  7.1921049E-04 -1.7436118E-04  1.3010542E-04 -2.6776344E-03  0.0000000E+00
  2.0799350E+02  6.2076683E-04 -1.7052836E-04  1.2905423E-04 -2.5156268E-03  0.0000000E+00
  2.0799350E+02  5.2843778E-04 -1.6453191E-04  1.2586244E-04 -2.3585385E-03  0.0000000E+00
  2.0799350E+02  4.4332049E-04 -1.5611383E-04  1.2024267E-04 -2.2057215E-03  0.0000000E+00
  2.0799350E+02  0.0000000E+00  0.0000000E+00  0.0000000E+00 -2.1404089E-02  0.0000000E+00
  2.0799350E+02  6.2534264E-04  4.1843686E-05 -9.3000437E-06 -2.1611591E-02  0.0000000E+00
  2.0799350E+02  4.7510529E-03  3.8782828E-04 -3.4292800E-05 -2.1834745E-02  0.0000000E+00
  2.0799350E+02  1.7747004E-02  1.3542882E-03 -7.7744625E-05 -2.2112740E-02  0.0000000E+00
  2.0799350E+02  5.0442732E-02  2.7905836E-03 -1.3899585E-04 -2.2422798E-02  0.0000000E+00
  2.0799350E+02  1.0749392E-01  3.9240948E-03 -1.7606829E-04 -2.2729033E-02  0.0000000E+00
  2.0799350E+02  1.6941807E-01  3.9855184E-03 -1.5110724E-04 -2.3022453E-02  0.0000000E+00
  2.0799350E+02  2.0294096E-01  2.9288872E-03 -6.5409912E-05 -2.3324628E-02  0.0000000E+00
  2.0799350E+02  1.9453889E-01  1.2532116E-03  8.2813141E-05 -2.3661799E-02  0.0000000E+00
  2.0799350E+02  1.6015760E-01 -4.0649152E-04  4.1609269E-04 -2.4079126E-02  0.0000000E+00
  2.0799350E+02  1.2054655E-01 -1.7443868E-03  9.0459904E-04 -2.4583760E-02  0.0000000E+00
  2.0799350E+02  8.7844537E-02 -2.6813443E-03  1.3958450E-03 -2.5165339E-02  0.0000000E+00
  2.0799350E+02  6.4782944E-02 -3.2274480E-03  1.7232479E-03 -2.5805059E-02  0.0000000E+00
  2.0799350E+02  4.9295462E-02 -3.4432667E-03  1.7900881E-03 -2.6465556E-02  0.0000000E+00
  2.0799350E+02  3.9452412E-02 -3.4340907E-03  1.5986241E-03 -2.7095307E-02  0.0000000E+00
  2.0799350E+02  3.3417893E-02 -3.2814928E-03  1.1851083E-03 -2.7677602E-02  0.0000000E+00
  2.0799350E+02  2.9814287E-02 -3.0746480E-03  7.2561980E-04 -2.8182152E-02  0.0000000E+00
  2.0799350E+02  2.7810259E-02 -2.9410194E-03  3.6808200E-04 -2.8600846E-02  0.0000000E+00
  2.0799350E+02  2.6764663E-02 -2.8527636E-03  9.9459367E-05 -2.8919326E-02  0.0000000E+00
  2.0799350E+02  2.6205491E-02 -2.7703633E-03 -1.2834690E-04 -2.9134591E-02  0.0000000E+00
  2.0799350E+02  2.5868038E-02 -2.6755274E-03 -3.5151065E-04 -2.9246864E-02  0.0000000E+00
  2.0799350E+02  2.5661251E-02 -2.5757269E-03 -5.7793786E-04 -2.9259640E-02  0.0000000E+00
  2.0799350E+02  2.5603673E-02 -2.4919681E-03 -7.9039217E-04 -2.9180511E-02  0.0000000E+00
  2.0799350E+02  2.5740843E-02 -2.4403499E-03 -9.6033618E-04 -2.9022257E-02  0.0000000E+00
  2.0799350E+02  2.6059687E-02 -2.4153226E-03 -1.0707892E-03 -2.8799244E-02  0.0000000E+00
  2.0799350E+02  2.6419046E-02 -2.3878161E-03 -1.1331578E-03 -2.8519545E-02  0.0000000E+00
  2.0799350E+02  2.6345655E-02 -2.3954373E-03 -1.1509818E-03 -2.8190969E-02  0.0000000E+00
  2.0799350E+02  2.6155335E-02 -2.4534814E-03 -1.0938142E-03 -2.7824946E-02  0.0000000E+00
  2.0799350E+02  2.5990737E-02 -2.4998675E-03 -1.0235056E-03 -2.7422907E-02  0.0000000E+00
  2.0799350E+02  2.5789264E-02 -2.5320120E-03 -9.5627099E-04 -2.6990075E-02  0.0000000E+00
  2.0799350E+02  2.5504167E-02 -2.5601647E-03 -8.8831364E-04 -2.6529276E-02  0.0000000E+00
  2.0799350E+02  2.5111994E-02 -2.5900795E-03 -8.1630762E-04 -2.6045363E-02  0.0000000E+00
  2.0799350E+02  2.4605816E-02 -2.6154328E-03 -7.4617116E-04 -2.5540867E-02  0.0000000E+00
  2.0799350E+02  2.3988567E-02 -2.6175180E-03 -6.9443749E-04 -2.5019247E-02  0.0000000E+00
  2.0799350E+02  2.3264040E-02 -2.5713498E-03 -6.8246524E-04 -2.4483920E-02  0.0000000E+00
  2.0799350E+02  2.2431067E-02 -2.4560838E-03 -7.2628162E-04 -2.3937043E-02  0.0000000E+00
  2.0799350E+02  2.1494100E-02 -2.2697556E-03 -8.2321502E-04 -2.3383261E-02  0.0000000E+00
  2.0799350E+02  2.0472274E-02 -2.0434160E-03 -9.3874091E-04 -2.2824158E-02  0.0000000E+00
  2.0799350E+02  1.9440635E-02 -1.8571071E-03 -9.9398719E-04 -2.2262820E-02  0.0000000E+00
  2.0799350E+02  1.8657363E-02 -1.8062870E-03 -9.0186947E-04 -2.1703507E-02  0.0000000E+00
  2.0799350E+02  1.7973878E-02 -1.8041584E-03 -7.5767071E-04 -2.1151864E-02  0.0000000E+00
  2.0799350E+02  1.7318645E-02 -1.8173028E-03 -6.0437979E-04 -2.0610184E-02  0.0000000E+00
  2.0799350E+02  1.6729380E-02 -1.8248365E-03 -4.6863143E-04 -2.0079065E-02  0.0000000E+00
  2.0799350E+02  1.6187531E-02 -1.8116941E-03 -3.6647923E-04 -1.9556344E-02  0.0000000E+00
  2.0799350E+02  1.5655960E-02 -1.7697785E-03 -3.0423989E-04 -1.9042339E-02  0.0000000E+00
  2.0799350E+02  1.5097697E-02 -1.6978964E-03 -2.7896522E-04 -1.8535244E-02  0.0000000E+00
  2.0799350E+02  1.4494998E-02 -1.6010101E-03 -2.8173545E-04 -1.8035125E-02  0.0000000E+00
  2.0799350E+02  1.3853948E-02 -1.4885541E-03 -3.0047868E-04 -1.7542030E-02  0.0000000E+00
  2.0799350E+02  1.3207867E-02 -1.3732086E-03 -3.2286869E-04 -1.7059036E-02  0.0000000E+00
  2.0799350E+02  1.2601911E-02 -1.2671958E-03 -3.3925079E-04 -1.6586513E-02  0.0000000E+00
  2.0799350E+02  1.2082219E-02 -1.1802728E-03 -3.4440577E-04 -1.6125060E-02  0.0000000E+00
  2.0799350E+02  1.1673279E-02 -1.1165780E-03 -3.3823529E-04 -1.5674219E-02  0.0000000E+00
  2.0799350E+02  1.1350246E-02 -1.0715495E-03 -3.2473465E-04 -1.5231581E-02  0.0000000E+00
  2.0799350E+02  1.1008701E-02 -1.0292635E-03 -3.0900351E-04 -1.4796169E-02  0.0000000E+00
  2.0799350E+02  1.0531667E-02 -9.8318923E-04 -2.8376125E-04 -1.4363797E-02  0.0000000E+00
  2.0799350E+02  1.0032470E-02 -9.6246568E-04 -2.2590391E-04 -1.3933746E-02  0.0000000E+00
  2.0799350E+02  9.5546394E-03 -9.5516290E-04 -1.5065882E-04 -1.3504481E-02  0.0000000E+00
  2.0799350E+02  9.1367838E-03 -9.5602080E-04 -7.0904996E-05 -1.3078049E-02  0.0000000E+00
  2.0799350E+02  8.7894667E-03 -9.6132302E-04  5.7002352E-06 -1.2655845E-02  0.0000000E+00
  2.0799350E+02  8.5059571E-03 -9.6831714E-04  7.5057431E-05 -1.2240618E-02  0.0000000E+00
  2.0799350E+02  8.2680366E-03 -9.7479815E-04  1.3575411E-04 -1.1834277E-02  0.0000000E+00
  2.0799350E+02  8.0541373E-03 -9.7885172E-04  1.8764817E-04 -1.1440229E-02  0.0000000E+00
  2.0799350E+02  7.8426094E-03 -9.7886098E-04  2.3162322E-04 -1.1058831E-02  0.0000000E+00
  2.0799350E+02  7.6179443E-03 -9.7348883E-04  2.6842985E-04 -1.0690185E-02  0.0000000E+00
  2.0799350E+02  7.3733134E-03 -9.6177638E-04  2.9829090E-04 -1.0333509E-02  0.0000000E+00
  2.0799350E+02  7.1112268E-03 -9.4319708E-04  3.2067260E-04 -9.9867752E-03  0.0000000E+00
  2.0799350E+02  6.8443414E-03 -9.1785329E-04  3.3416787E-04 -9.6494826E-03  0.0000000E+00
  2.0799350E+02  6.5890549E-03 -8.8624849E-04  3.3709479E-04 -9.3194576E-03  0.0000000E+00
  2.0799350E+02  6.3608408E-03 -8.4924123E-04  3.2805496E-04 -8.9958202E-03  0.0000000E+00
  2.0799350E+02  6.1637760E-03 -8.0760009E-04  3.0707659E-04 -8.6783735E-03  0.0000000E+00
  2.0799350E+02  5.9956195E-03 -7.6614935E-04  2.8109362E-04 -8.3695878E-03  0.0000000E+00
  2.0799350E+02  5.8238043E-03 -7.1858594E-04  2.4265825E-04 -8.0663409E-03  0.0000000E+00
  2.0799350E+02  5.6028671E-03 -6.5056875E-04  1.8230263E-04 -7.7694529E-03  0.0000000E+00
  2.0799350E+02  5.3537601E-03 -5.7088819E-04  1.1245828E-04 -7.4785733E-03  0.0000000E+00
  2.0799350E+02  5.0933765E-03 -4.8938722E-04  4.4004156E-05 -7.1943272E-03  0.0000000E+00
  2.0799350E+02  4.8318138E-03 -4.1407173E-04 -1.5249754E-05 -6.9154987E-03  0.0000000E+00
  2.0799350E+02  4.5747789E-03 -3.5058795E-04 -6.0324794E-05 -6.6413076E-03  0.0000000E+00
  2.0799350E+02  4.3243459E-03 -3.0176497E-04 -8.9060739E-05 -6.3710874E-03  0.0000000E+00
  2.0799350E+02  4.0799929E-03 -2.6781489E-04 -1.0170266E-04 -6.1039750E-03  0.0000000E+00
  2.0799350E+02  3.8418222E-03 -2.4717822E-04 -1.0022886E-04 -5.8408833E-03  0.0000000E+00
  2.0799350E+02  3.6093381E-03 -2.3701162E-04 -8.7772014E-05 -5.5817360E-03  0.0000000E+00
  2.0799350E+02  3.3841214E-03 -2.3431001E-04 -6.7806916E-05 -5.3273230E-03  0.0000000E+00
  2.0799350E+02  3.1693552E-03 -2.3653577E-04 -4.3552252E-05 -5.0782938E-03  0.0000000E+00
  2.0799350E+02  2.9707904E-03 -2.4194049E-04 -1.7766380E-05 -4.8367024E-03  0.0000000E+00
  2.0799350E+02  2.7928649E-03 -2.4940483E-04  7.5890562E-06 -4.6030900E-03  0.0000000E+00
  2.0799350E+02  2.6373288E-03 -2.5752105E-04  3.0846192E-05 -4.3778429E-03  0.0000000E+00
  2.0799350E+02  2.4981778E-03 -2.6278855E-04  4.9857018E-05 -4.1598531E-03  0.0000000E+00
  2.0799350E+02  2.3617320E-03 -2.6104192E-04  6.2350780E-05 -3.9489107E-03  0.0000000E+00
  2.0799350E+02  2.2283523E-03 -2.6534330E-04  8.0371630E-05 -3.7446388E-03  0.0000000E+00
  2.0799350E+02  2.0889185E-03 -2.6987975E-04  9.8993730E-05 -3.5450670E-03  0.0000000E+00
  2.0799350E+02  1.9410573E-03 -2.7047003E-04  1.1288386E-04 -3.3506663E-03  0.0000000E+00
  2.0799350E+02  1.7865893E-03 -2.6623025E-04  1.2073134E-04 -3.1617909E-03  0.0000000E+00
  2.0799350E+02  1.6301453E-03 -2.5822180E-04  1.2349439E-04 -2.9797503E-03  0.0000000E+00
  2.0799350E+02  1.4758224E-03 -2.4831658E-04  1.2317600E-04 -2.8046575E-03  0.0000000E+00
  2.0799350E+02  1.3272202E-03 -2.3841860E-04  1.2182675E-04 -2.6366751E-03  0.0000000E+00
  2.0799350E+02  1.1864382E-03 -2.2991279E-04  1.2096453E-04 -2.4753719E-03  0.0000000E+00
  2.0799350E+02  1.0549802E-03 -2.2343167E-04  1.2127510E-04 -2.3208656E-03  0.0000000E+00
  2.0799350E+02  9.3251907E-04 -2.1869937E-04  1.2255457E-04 -2.1721915E-03  0.0000000E+00
  2.0799350E+02  8.1835044E-04 -2.1473601E-04  1.2389168E-04 -2.0285450E-03  0.0000000E+00
  2.0799350E+02  7.1149001E-04 -2.1015592E-04  1.2401819E-04 -1.8888737E-03  0.0000000E+00
  2.0799350E+02 -5.8266499E-11 -8.7029778E-11 -3.5644900E-12 -8.3592709E-03  0.0000000E+00
  2.0799350E+02  1.2194662E-04 -2.8653326E-05  1.4206291E-05 -8.4467051E-03  0.0000000E+00
  2.0799350E+02  9.3836490E-04 -1.1434008E-04  5.8929070E-05 -8.6501983E-03  0.0000000E+00
  2.0799350E+02  2.6798573E-03  7.7720054E-05  1.0152215E-04 -9.0020750E-03  0.0000000E+00
  2.0799350E+02  5.7314437E-03  9.9850954E-04  1.3715082E-04 -9.4427098E-03  0.0000000E+00
  2.0799350E+02  1.2628707E-02  2.8061000E-03  1.6962131E-04 -9.9013782E-03  0.0000000E+00
  2.0799350E+02  2.7677641E-02  5.2290246E-03  1.2312179E-04 -1.0320763E-02  0.0000000E+00
  2.0799350E+02  5.5525700E-02  7.6688896E-03 -1.6438987E-04 -1.0650140E-02  0.0000000E+00
  2.0799350E+02  9.8862022E-02  9.3214378E-03 -6.6567001E-04 -1.0840116E-02  0.0000000E+00
  2.0799350E+02  1.5307981E-01  9.5710477E-03 -1.0554534E-03 -1.0868363E-02  0.0000000E+00
  2.0799350E+02  2.0288825E-01  8.4017234E-03 -1.1833945E-03 -1.0757885E-02  0.0000000E+00
  2.0799350E+02  2.3362084E-01  6.2686082E-03 -1.1226013E-03 -1.0569507E-02  0.0000000E+00
  2.0799350E+02  2.3832300E-01  3.7931620E-03 -9.8133682E-04 -1.0373650E-02  0.0000000E+00
  2.0799350E+02  2.1926309E-01  1.4582556E-03 -7.2946184E-04 -1.0219086E-02  0.0000000E+00
  2.0799350E+02  1.8541234E-01 -5.0034565E-04 -2.2669605E-04 -1.0124489E-02  0.0000000E+00
  2.0799350E+02  1.4750291E-01 -1.9539534E-03  4.5278299E-04 -1.0104937E-02  0.0000000E+00
  2.0799350E+02  1.1370034E-01 -2.9450903E-03  1.1790533E-03 -1.0162835E-02  0.0000000E+00
  2.0799350E+02  8.6616576E-02 -3.4814151E-03  1.6329928E-03 -1.0301747E-02  0.0000000E+00
  2.0799350E+02  6.6081672E-02 -3.5984694E-03  1.7178307E-03 -1.0513718E-02  0.0000000E+00
  2.0799350E+02  5.1173639E-02 -3.3886758E-03  1.5087044E-03 -1.0783002E-02  0.0000000E+00
  2.0799350E+02  4.0742940E-02 -2.9940286E-03  1.1476430E-03 -1.1092042E-02  0.0000000E+00
  2.0799350E+02  3.3766983E-02 -2.5630253E-03  7.6737671E-04 -1.1422162E-02  0.0000000E+00
  2.0799350E+02  2.9336038E-02 -2.1983906E-03  4.4509759E-04 -1.1755466E-02  0.0000000E+00
  2.0799350E+02  2.6647877E-02 -1.9294725E-03  1.9366402E-04 -1.2071110E-02  0.0000000E+00
  2.0799350E+02  2.4943187E-02 -1.7176451E-03 -2.4582367E-05 -1.2349230E-02  0.0000000E+00
  2.0799350E+02  2.3731985E-02 -1.5303827E-03 -2.5229562E-04 -1.2575998E-02  0.0000000E+00
  2.0799350E+02  2.2821851E-02 -1.3495647E-03 -4.7332239E-04 -1.2743209E-02  0.0000000E+00
  2.0799350E+02  2.2445341E-02 -1.1526151E-03 -6.9343706E-04 -1.2855708E-02  0.0000000E+00
  2.0799350E+02  2.2482508E-02 -1.0286135E-03 -8.6155200E-04 -1.2914403E-02  0.0000000E+00
  2.0799350E+02  2.2649614E-02 -9.8527601E-04 -9.5763953E-04 -1.2924428E-02  0.0000000E+00
  2.0799350E+02  2.2783982E-02 -1.0035046E-03 -9.9128284E-04 -1.2894144E-02  0.0000000E+00
  2.0799350E+02  2.2834291E-02 -1.0583261E-03 -9.8380724E-04 -1.2831141E-02  0.0000000E+00
  2.0799350E+02  2.2826468E-02 -1.1305331E-03 -9.5575558E-04 -1.2740155E-02  0.0000000E+00
  2.0799350E+02  2.2816601E-02 -1.2095916E-03 -9.1996336E-04 -1.2623862E-02  0.0000000E+00
  2.0799350E+02  2.2844425E-02 -1.2919768E-03 -8.7965846E-04 -1.2483598E-02  0.0000000E+00
  2.0799350E+02  2.2897908E-02 -1.3756808E-03 -8.3161202E-04 -1.2320729E-02  0.0000000E+00
  2.0799350E+02  2.2901996E-02 -1.4534140E-03 -7.7429499E-04 -1.2137676E-02  0.0000000E+00
  2.0799350E+02  2.2743261E-02 -1.5073604E-03 -7.2022926E-04 -1.1935956E-02  0.0000000E+00
  2.0799350E+02  2.2342230E-02 -1.5055913E-03 -7.1395133E-04 -1.1715225E-02  0.0000000E+00
  2.0799350E+02  2.1964911E-02 -1.4086112E-03 -8.0797610E-04 -1.1481069E-02  0.0000000E+00
  2.0799350E+02  2.1587587E-02 -1.3198652E-03 -8.9404351E-04 -1.1238077E-02  0.0000000E+00
  2.0799350E+02  2.1025697E-02 -1.2609426E-03 -9.4094578E-04 -1.0983557E-02  0.0000000E+00
  2.0799350E+02  2.0342310E-02 -1.2215639E-03 -9.3949154E-04 -1.0722685E-02  0.0000000E+00
  2.0799350E+02  1.9602005E-02 -1.1981664E-03 -8.9002240E-04 -1.0459920E-02  0.0000000E+00
  2.0799350E+02  1.8856457E-02 -1.1891188E-03 -8.0041064E-04 -1.0197777E-02  0.0000000E+00
  2.0799350E+02  1.8140365E-02 -1.1920612E-03 -6.8368011E-04 -9.9376336E-03  0.0000000E+00
  2.0799350E+02  1.7472190E-02 -1.2024839E-03 -5.5608338E-04 -9.6804541E-03  0.0000000E+00
  2.0799350E+02  1.6852551E-02 -1.2135922E-03 -4.3415430E-04 -9.4252861E-03  0.0000000E+00
  2.0799350E+02  1.6275772E-02 -1.2169327E-03 -3.3405213E-04 -9.1721123E-03  0.0000000E+00
  2.0799350E+02  1.5730472E-02 -1.2039859E-03 -2.6868342E-04 -8.9203402E-03  0.0000000E+00
  2.0799350E+02  1.5206070E-02 -1.1683273E-03 -2.4589728E-04 -8.6699726E-03  0.0000000E+00
  2.0799350E+02  1.4691526E-02 -1.1077996E-03 -2.6633240E-04 -8.4202987E-03  0.0000000E+00
  2.0799350E+02  1.4179493E-02 -1.0274915E-03 -3.2147756E-04 -8.1729802E-03  0.0000000E+00
  2.0799350E+02  1.3656711E-02 -9.4212945E-04 -3.9112247E-04 -7.9310366E-03  0.0000000E+00
  2.0799350E+02  1.3088896E-02 -8.5454631E-04 -4.5356253E-04 -7.6927709E-03  0.0000000E+00
  2.0799350E+02  1.2606950E-02 -8.1210820E-04 -4.4579981E-04 -7.4587847E-03  0.0000000E+00
  2.0799350E+02  1.2180990E-02 -8.0784379E-04 -3.9371765E-04 -7.2299312E-03  0.0000000E+00
  2.0799350E+02  1.1754252E-02 -8.1476286E-04 -3.2945777E-04 -7.0037501E-03  0.0000000E+00
  2.0799350E+02  1.1302406E-02 -8.2025128E-04 -2.6493379E-04 -6.7786398E-03  0.0000000E+00
  2.0799350E+02  1.0825157E-02 -8.2141143E-04 -2.0085239E-04 -6.5539168E-03  0.0000000E+00
  2.0799350E+02  1.0338149E-02 -8.2084472E-04 -1.3353918E-04 -6.3299629E-03  0.0000000E+00
  2.0799350E+02  9.8614670E-03 -8.2310343E-04 -5.9055317E-05 -6.1065445E-03  0.0000000E+00
  2.0799350E+02  9.4176226E-03 -8.3195501E-04  2.3420651E-05 -5.8849946E-03  0.0000000E+00
  2.0799350E+02  9.0226192E-03 -8.4850653E-04  1.1095935E-04 -5.6665864E-03  0.0000000E+00
  2.0799350E+02  8.6829787E-03 -8.7033640E-04  1.9707655E-04 -5.4527946E-03  0.0000000E+00
  2.0799350E+02  8.3945497E-03 -8.9169809E-04  2.7306141E-04 -5.2454643E-03  0.0000000E+00
  2.0799350E+02  8.1414931E-03 -9.0511439E-04  3.3081219E-04 -5.0451400E-03  0.0000000E+00
  2.0799350E+02  7.9028832E-03 -9.0390018E-04  3.6501328E-04 -4.8527955E-03  0.0000000E+00
  2.0799350E+02  7.6575618E-03 -8.8651038E-04  3.7706455E-04 -4.6678550E-03  0.0000000E+00
  2.0799350E+02  7.3950996E-03 -8.6222101E-04  3.7846898E-04 -4.4878079E-03  0.0000000E+00
  2.0799350E+02  7.1385556E-03 -8.4534195E-04  3.8234266E-04 -4.3114422E-03  0.0000000E+00
  2.0799350E+02  6.9070840E-03 -8.1354323E-04  3.7059158E-04 -4.1428568E-03  0.0000000E+00
  2.0799350E+02  6.6760762E-03 -7.8144672E-04  3.5468846E-04 -3.9755655E-03  0.0000000E+00
  2.0799350E+02  6.4476923E-03 -7.4383547E-04  3.2763499E-04 -3.8108096E-03  0.0000000E+00
  2.0799350E+02  6.2205368E-03 -6.9789953E-04  2.8734707E-04 -3.6488645E-03  0.0000000E+00
  2.0799350E+02  5.9922839E-03 -6.4338128E-04  2.3554095E-04 -3.4897605E-03  0.0000000E+00
  2.0799350E+02  5.7595423E-03 -5.8186431E-04  1.7613107E-04 -3.3325055E-03  0.0000000E+00
  2.0799350E+02  5.5209461E-03 -5.1675213E-04  1.1458753E-04 -3.1768919E-03  0.0000000E+00
  2.0799350E+02  5.2758675E-03 -4.5217165E-04  5.6513977E-05 -3.0224998E-03  0.0000000E+00
  2.0799350E+02  5.0251402E-03 -3.9236791E-04  6.8787175E-06 -2.8692586E-03  0.0000000E+00
  2.0799350E+02  4.7690427E-03 -3.4057665E-04 -3.1013180E-05 -2.7163996E-03  0.0000000E+00
  2.0799350E+02  4.5095160E-03 -2.9908199E-04 -5.5431040E-05 -2.5640129E-03  0.0000000E+00
  2.0799350E+02  4.2482172E-03 -2.6850180E-04 -6.6672090E-05 -2.4120173E-03  0.0000000E+00
  2.0799350E+02  3.9869472E-03 -2.4798193E-04 -6.6666313E-05 -2.2604922E-03  0.0000000E+00
  2.0799350E+02  3.7284981E-03 -2.3578367E-04 -5.8240816E-05 -2.1100845E-03  0.0000000E+00
  2.0799350E+02  3.4758598E-03 -2.3037856E-04 -4.3781434E-05 -1.9612482E-03  0.0000000E+00
  2.0799350E+02  3.2365441E-03 -2.3242993E-04 -2.3489490E-05 -1.8161891E-03  0.0000000E+00
  2.0799350E+02  3.0228402E-03 -2.4142192E-04  2.8023944E-06 -1.6765480E-03  0.0000000E+00
  2.0799350E+02  2.8456370E-03 -2.4470877E-04  2.1769531E-05 -1.5428002E-03  0.0000000E+00
  2.0799350E+02  2.6909777E-03 -2.4908386E-04  3.9058593E-05 -1.4156183E-03  0.0000000E+00
  2.0799350E+02  2.5441478E-03 -2.5532050E-04  5.6960404E-05 -1.2927535E-03  0.0000000E+00
  2.0799350E+02  2.3967750E-03 -2.6193643E-04  7.4561197E-05 -1.1735338E-03  0.0000000E+00
  2.0799350E+02  2.2445668E-03 -2.6680960E-04  8.9851227E-05 -1.0577274E-03  0.0000000E+00
  2.0799350E+02  2.0864643E-03 -2.6819914E-04  1.0100639E-04 -9.4552350E-04  0.0000000E+00
  2.0799350E+02  1.9238987E-03 -2.6530185E-04  1.0711170E-04 -8.3749908E-04  0.0000000E+00
  2.0799350E+02  1.7587695E-03 -2.5838096E-04  1.0844608E-04 -7.3370833E-04  0.0000000E+00
  2.0799350E+02  1.5943494E-03 -2.4865077E-04  1.0630278E-04 -6.3464386E-04  0.0000000E+00
  2.0799350E+02  1.4335734E-03 -2.3790392E-04  1.0265641E-04 -5.4038998E-04  0.0000000E+00
  2.0799350E+02  1.2788828E-03 -2.2802410E-04  9.9602839E-05 -4.5075360E-04  0.0000000E+00
  2.0799350E+02  1.1322348E-03 -2.2046848E-04  9.8756943E-05 -3.6540057E-04  0.0000000E+00
  2.0799350E+02  0.0000000E+00  0.0000000E+00  0.0000000E+00 -1.1722352E-03  0.0000000E+00
  2.0799350E+02  1.6903008E-03 -1.2352719E-04 -9.5369478E-05 -1.2698707E-03  0.0000000E+00
  2.0799350E+02  4.4216056E-03 -7.3203204E-04 -2.4122838E-04 -1.7722486E-03  0.0000000E+00
  2.0799350E+02  6.2706968E-03 -8.0331162E-04 -2.2972137E-04 -2.6739363E-03  0.0000000E+00
  2.0799350E+02  8.8152334E-03  7.5776222E-04 -1.3935687E-04 -3.7334330E-03  0.0000000E+00
  2.0799350E+02  1.4109762E-02  3.8642297E-03 -9.7603867E-05 -4.7512167E-03  0.0000000E+00
  2.0799350E+02  2.4656060E-02  7.6293519E-03 -7.9269449E-05 -5.6215403E-03  0.0000000E+00
  2.0799350E+02  4.2445288E-02  1.1026709E-02 -4.9265297E-05 -6.2900784E-03  0.0000000E+00
  2.0799350E+02  6.8726578E-02  1.3408409E-02 -2.0993267E-04 -6.7149555E-03  0.0000000E+00
  2.0799350E+02  1.0278449E-01  1.4453602E-02 -4.1115427E-04 -6.8776088E-03  0.0000000E+00
  2.0799350E+02  1.4302899E-01  1.4150263E-02 -7.3775719E-04 -6.7859315E-03  0.0000000E+00
  2.0799350E+02  1.8553508E-01  1.2583160E-02 -1.0246073E-03 -6.4703078E-03  0.0000000E+00
  2.0799350E+02  2.2374049E-01  1.0036053E-02 -1.0133095E-03 -5.9780609E-03  0.0000000E+00
  2.0799350E+02  2.5007211E-01  7.0620569E-03 -8.0163082E-04 -5.3649577E-03  0.0000000E+00
  2.0799350E+02  2.5954245E-01  4.3067935E-03 -8.3956456E-04 -4.6841891E-03  0.0000000E+00
  2.0799350E+02  2.5293790E-01  1.9459704E-03 -1.0188309E-03 -3.9730108E-03  0.0000000E+00
  2.0799350E+02  2.3155507E-01 -4.1442704E-04 -7.0788119E-04 -3.2652438E-03  0.0000000E+00
  2.0799350E+02  2.0211964E-01 -2.5360010E-03  1.9468064E-04 -2.5757739E-03  0.0000000E+00
  2.0799350E+02  1.6978519E-01 -4.1016808E-03  1.2043416E-03 -1.9372728E-03  0.0000000E+00
  2.0799350E+02  1.3860058E-01 -4.9993701E-03  1.8811533E-03 -1.3828347E-03  0.0000000E+00
  2.0799350E+02  1.1105444E-01 -5.3006535E-03  2.0314879E-03 -9.2948248E-04  0.0000000E+00
  2.0799350E+02  8.8443003E-02 -5.1876422E-03  1.7229071E-03 -5.8270600E-04  0.0000000E+00
  2.0799350E+02  7.0938184E-02 -4.8760547E-03  1.1961827E-03 -3.3860581E-04  0.0000000E+00
  2.0799350E+02  5.7891708E-02 -4.5272946E-03  7.0746350E-04 -1.8982930E-04  0.0000000E+00
  2.0799350E+02  4.8353817E-02 -4.1909810E-03  3.8308744E-04 -1.2898744E-04  0.0000000E+00
  2.0799350E+02  4.1181554E-02 -3.7863380E-03  1.2531166E-04 -1.3634018E-04  0.0000000E+00
  2.0799350E+02  3.5471597E-02 -3.2749954E-03 -1.7118222E-04 -1.8995281E-04  0.0000000E+00
  2.0799350E+02  3.1221327E-02 -2.8697127E-03 -2.9663237E-04 -2.6905220E-04  0.0000000E+00
  2.0799350E+02  2.8170382E-02 -2.5366013E-03 -3.7166840E-04 -3.6046105E-04  0.0000000E+00
  2.0799350E+02  2.6101165E-02 -2.2440997E-03 -4.5711028E-04 -4.5463626E-04  0.0000000E+00
  2.0799350E+02  2.4771434E-02 -1.9771256E-03 -5.6288002E-04 -5.4019391E-04  0.0000000E+00
  2.0799350E+02  2.3936451E-02 -1.7360464E-03 -6.7079182E-04 -6.0924334E-04  0.0000000E+00
  2.0799350E+02  2.3387926E-02 -1.5330235E-03 -7.5383762E-04 -6.5828776E-04  0.0000000E+00
  2.0799350E+02  2.2969859E-02 -1.3811416E-03 -7.9308926E-04 -6.8835518E-04  0.0000000E+00
  2.0799350E+02  2.2595771E-02 -1.2851210E-03 -7.8752696E-04 -7.0326164E-04  0.0000000E+00
  2.0799350E+02  2.2255876E-02 -1.2378226E-03 -7.5480625E-04 -7.0716483E-04  0.0000000E+00
  2.0799350E+02  2.1997719E-02 -1.2212779E-03 -7.2191936E-04 -7.0314340E-04  0.0000000E+00
  2.0799350E+02  2.1882096E-02 -1.2195970E-03 -7.0200821E-04 -6.9283612E-04  0.0000000E+00
  2.0799350E+02  2.1910033E-02 -1.2456483E-03 -6.5648488E-04 -6.7853535E-04  0.0000000E+00
  2.0799350E+02  2.1930778E-02 -1.3051042E-03 -5.4752183E-04 -6.5981607E-04  0.0000000E+00
  2.0799350E+02  2.1899800E-02 -1.3076096E-03 -5.1796148E-04 -6.3515306E-04  0.0000000E+00
  2.0799350E+02  2.1806314E-02 -1.2723774E-03 -5.4401447E-04 -6.0529579E-04  0.0000000E+00
  2.0799350E+02  2.1613649E-02 -1.2044336E-03 -6.0509797E-04 -5.6684550E-04  0.0000000E+00
  2.0799350E+02  2.1298599E-02 -1.1159337E-03 -6.7428440E-04 -5.1930139E-04  0.0000000E+00
  2.0799350E+02  2.0859061E-02 -1.0218931E-03 -7.2736366E-04 -4.6443763E-04  0.0000000E+00
  2.0799350E+02  2.0311100E-02 -9.3593770E-04 -7.4850900E-04 -4.0517413E-04  0.0000000E+00
  2.0799350E+02  1.9688379E-02 -8.6843043E-04 -7.3194449E-04 -3.4521253E-04  0.0000000E+00
  2.0799350E+02  1.9032298E-02 -8.2398899E-04 -6.8217494E-04 -2.8784734E-04  0.0000000E+00
  2.0799350E+02  1.8378696E-02 -8.0063842E-04 -6.1121236E-04 -2.3487746E-04  0.0000000E+00
  2.0799350E+02  1.7755713E-02 -7.9080861E-04 -5.3543614E-04 -1.8664036E-04  0.0000000E+00
  2.0799350E+02  1.7174138E-02 -7.8305860E-04 -4.7088267E-04 -1.4152809E-04  0.0000000E+00
  2.0799350E+02  1.6623093E-02 -7.6582824E-04 -4.2811890E-04 -9.6132042E-05  0.0000000E+00
  2.0799350E+02  1.6081635E-02 -7.3308833E-04 -4.0845848E-04 -4.6744713E-05  0.0000000E+00
  2.0799350E+02  1.5524577E-02 -6.9159496E-04 -3.9979678E-04  9.5478881E-06  0.0000000E+00
  2.0799350E+02  1.4931737E-02 -6.4324249E-04 -4.0138129E-04  6.8968450E-05  0.0000000E+00
  2.0799350E+02  1.4347394E-02 -5.6247207E-04 -4.6617057E-04  1.2649065E-04  0.0000000E+00
  2.0799350E+02  1.3819952E-02 -4.9266242E-04 -5.2992460E-04  1.8197489E-04  0.0000000E+00
  2.0799350E+02  1.3350501E-02 -4.5405780E-04 -5.5441062E-04  2.3444785E-04  0.0000000E+00
  2.0799350E+02  1.2922147E-02 -4.4985141E-04 -5.3024132E-04  2.8391120E-04  0.0000000E+00
  2.0799350E+02  1.2509498E-02 -4.7312521E-04 -4.6448019E-04  3.3105792E-04  0.0000000E+00
  2.0799350E+02  1.2090921E-02 -5.1233203E-04 -3.7179451E-04  3.7643465E-04  0.0000000E+00
  2.0799350E+02  1.1651599E-02 -5.5533255E-04 -2.6807993E-04  4.2049551E-04  0.0000000E+00
  2.0799350E+02  1.1183971E-02 -5.9266703E-04 -1.6562912E-04  4.6370904E-04  0.0000000E+00
  2.0799350E+02  1.0692622E-02 -6.1884099E-04 -7.2123396E-05  5.0609592E-04  0.0000000E+00
  2.0799350E+02  1.0190952E-02 -6.3318743E-04  1.0278745E-05  5.4748112E-04  0.0000000E+00
  2.0799350E+02  9.6957615E-03 -6.3931133E-04  8.4199716E-05  5.8773748E-04  0.0000000E+00
  2.0799350E+02  9.2291979E-03 -6.4330079E-04  1.5387454E-04  6.2633993E-04  0.0000000E+00
  2.0799350E+02  8.8077178E-03 -6.5116023E-04  2.2310612E-04  6.6288839E-04  0.0000000E+00
  2.0799350E+02  8.4426087E-03 -6.6503449E-04  2.9083112E-04  6.9656940E-04  0.0000000E+00
  2.0799350E+02  8.1321901E-03 -6.7850859E-04  3.4767163E-04  7.2618941E-04  0.0000000E+00
  2.0799350E+02  7.8413769E-03 -6.7731874E-04  3.8025893E-04  7.5168036E-04  0.0000000E+00
  2.0799350E+02  7.5507419E-03 -6.6636902E-04  3.9712337E-04  7.7634254E-04  0.0000000E+00
  2.0799350E+02  7.2890338E-03 -6.4409991E-04  3.9431575E-04  7.9831588E-04  0.0000000E+00
  2.0799350E+02  7.0368949E-03 -6.1601505E-04  3.7884575E-04  8.1890201E-04  0.0000000E+00
  2.0799350E+02  6.7868443E-03 -5.8456323E-04  3.5403086E-04  8.3873028E-04  0.0000000E+00
  2.0799350E+02  6.5376189E-03 -5.5040846E-04  3.2142101E-04  8.5818445E-04  0.0000000E+00
  2.0799350E+02  6.2896910E-03 -5.1327323E-04  2.8187163E-04  8.7769837E-04  0.0000000E+00
  2.0799350E+02  6.0458469E-03 -4.7310488E-04  2.3677590E-04  8.9764308E-04  0.0000000E+00
  2.0799350E+02  5.8064248E-03 -4.3006805E-04  1.8795563E-04  9.1862978E-04  0.0000000E+00
  2.0799350E+02  5.5714228E-03 -3.8524535E-04  1.3822579E-04  9.4126007E-04  0.0000000E+00
  2.0799350E+02  5.3391230E-03 -3.4046804E-04  9.0957257E-05  9.6615107E-04  0.0000000E+00
  2.0799350E+02  5.1053436E-03 -2.9789789E-04  4.9408889E-05  9.9398229E-04  0.0000000E+00
  2.0799350E+02  4.8665416E-03 -2.6011729E-04  1.6642782E-05  1.0251463E-03  0.0000000E+00
  2.0799350E+02  4.6197685E-03 -2.2934798E-04 -5.4107614E-06  1.0597507E-03  0.0000000E+00
  2.0799350E+02  4.3626647E-03 -2.0667255E-04 -1.6635860E-05  1.0977369E-03  0.0000000E+00
  2.0799350E+02  4.0972657E-03 -1.9156826E-04 -1.9077872E-05  1.1384897E-03  0.0000000E+00
  2.0799350E+02  3.8301275E-03 -1.8083136E-04 -1.7542954E-05  1.1809978E-03  0.0000000E+00
  2.0799350E+02  3.5623166E-03 -1.7256979E-04 -1.4166820E-05  1.2245575E-03  0.0000000E+00
  2.0799350E+02  3.3087880E-03 -1.6944825E-04 -5.6344957E-06  1.2680060E-03  0.0000000E+00
  2.0799350E+02  3.0884717E-03 -1.6882949E-04  4.7618311E-06  1.3091297E-03  0.0000000E+00
  2.0799350E+02  2.8955700E-03 -1.7240842E-04  1.8734240E-05  1.3470762E-03  0.0000000E+00
  2.0799350E+02  2.7221456E-03 -1.7965654E-04  3.5600548E-05  1.3817849E-03  0.0000000E+00
  2.0799350E+02  2.5594621E-03 -1.8892950E-04  5.3571408E-05  1.4137251E-03  0.0000000E+00
  2.0799350E+02  2.4010205E-03 -1.9818311E-04  7.0453838E-05  1.4432673E-03  0.0000000E+00
  2.0799350E+02  2.2423885E-03 -2.0557257E-04  8.4347663E-05  1.4707031E-03  0.0000000E+00
  2.0799350E+02  2.0806851E-03 -2.0984837E-04  9.4074673E-05  1.4962863E-03  0.0000000E+00
  2.0799350E+02  1.9160086E-03 -2.1045774E-04  9.9200690E-05  1.5199552E-03  0.0000000E+00
  2.0799350E+02  1.7502136E-03 -2.0762955E-04  1.0013219E-04  1.5415378E-03  0.0000000E+00
  2.0799350E+02  1.5854158E-03 -2.0222416E-04  9.7947097E-05  1.5609354E-03  0.0000000E+00
  2.0799350E+02  1.4249061E-03 -1.9554542E-04  9.4145126E-05  1.5780173E-03  0.0000000E+00
  2.0799350E+02  9.5678668E-11 -2.5117702E-11 -4.8913530E-12  1.9262190E-02  0.0000000E+00
  2.0799350E+02 -1.2964070E-04 -1.0419875E-04  4.2795302E-06  1.9084325E-02  0.0000000E+00
  2.0799350E+02 -2.1155015E-03 -1.8491215E-04 -5.2552951E-06  1.7942091E-02  0.0000000E+00
  2.0799350E+02  3.3035893E-03  1.2291903E-03 -7.4111562E-05  1.5986239E-02  0.0000000E+00
  2.0799350E+02  1.6042791E-02  4.1291118E-03  5.3544778E-05  1.3814770E-02  0.0000000E+00
  2.0799350E+02  3.2480010E-02  7.4140062E-03  3.4884763E-04  1.1840122E-02  0.0000000E+00
  2.0799350E+02  5.0369038E-02  1.0457009E-02  4.7314987E-04  1.0237882E-02  0.0000000E+00
  2.0799350E+02  7.0663804E-02  1.2876597E-02  3.8145449E-04  9.0300305E-03  0.0000000E+00
  2.0799350E+02  9.6244845E-02  1.3832618E-02  3.6376208E-04  8.1884346E-03  0.0000000E+00
  2.0799350E+02  1.2773879E-01  1.3376638E-02  3.3013292E-04  7.6774224E-03  0.0000000E+00
  2.0799350E+02  1.6018502E-01  1.1839851E-02  4.9511765E-04  7.4691497E-03  0.0000000E+00
  2.0799350E+02  1.8969049E-01  9.6158174E-03  1.0110393E-03  7.5430748E-03  0.0000000E+00
  2.0799350E+02  2.1508207E-01  7.0263380E-03  1.7607802E-03  7.8728653E-03  0.0000000E+00
  2.0799350E+02  2.3636956E-01  4.2503254E-03  2.4964937E-03  8.4200466E-03  0.0000000E+00
  2.0799350E+02  2.5229247E-01  1.4051710E-03  3.0041097E-03  9.1332479E-03  0.0000000E+00
  2.0799350E+02  2.5860797E-01 -1.1048646E-03  2.7949380E-03  9.9615139E-03  0.0000000E+00
  2.0799350E+02  2.5575972E-01 -2.8873769E-03  1.7416640E-03  1.0871092E-02  0.0000000E+00
  2.0799350E+02  2.4612990E-01 -4.4953031E-03  8.4724461E-04  1.1815708E-02  0.0000000E+00
  2.0799350E+02  2.2925911E-01 -5.8991052E-03  3.4409060E-04  1.2744276E-02  0.0000000E+00
  2.0799350E+02  2.0576232E-01 -6.8398591E-03  1.4579684E-04  1.3605629E-02  0.0000000E+00
  2.0799350E+02  1.7797252E-01 -7.1783068E-03  8.5061049E-05  1.4361270E-02  0.0000000E+00
  2.0799350E+02  1.4935130E-01 -6.9963398E-03  4.5466986E-05  1.4987167E-02  0.0000000E+00
  2.0799350E+02  1.2325633E-01 -6.5326159E-03  3.5449351E-06  1.5470707E-02  0.0000000E+00
  2.0799350E+02  1.0167193E-01 -6.0303184E-03  9.1286783E-09  1.5806692E-02  0.0000000E+00
  2.0799350E+02  8.4506833E-02 -5.5756111E-03  5.8723724E-05  1.5996638E-02  0.0000000E+00
  2.0799350E+02  7.0063486E-02 -5.0053419E-03  7.1948856E-05  1.6055569E-02  0.0000000E+00
  2.0799350E+02  5.8231941E-02 -4.4492064E-03  1.2517316E-04  1.6006090E-02  0.0000000E+00
  2.0799350E+02  4.9874780E-02 -4.0016581E-03  9.3858684E-05  1.5865047E-02  0.0000000E+00
  2.0799350E+02  4.3720231E-02 -3.5336372E-03 -1.0042500E-04  1.5653434E-02  0.0000000E+00
  2.0799350E+02  3.9056699E-02 -3.0713454E-03 -3.5191352E-04  1.5391025E-02  0.0000000E+00
  2.0799350E+02  3.5409810E-02 -2.6282964E-03 -5.8663162E-04  1.5095141E-02  0.0000000E+00
  2.0799350E+02  3.2514408E-02 -2.2222988E-03 -7.5874003E-04  1.4779097E-02  0.0000000E+00
  2.0799350E+02  3.0226488E-02 -1.8748538E-03 -8.4776382E-04  1.4451502E-02  0.0000000E+00
  2.0799350E+02  2.8451845E-02 -1.6033077E-03 -8.5477228E-04  1.4117450E-02  0.0000000E+00
  2.0799350E+02  2.7090559E-02 -1.4106707E-03 -7.9748834E-04  1.3780452E-02  0.0000000E+00
  2.0799350E+02  2.6008188E-02 -1.2787806E-03 -7.0408601E-04  1.3444223E-02  0.0000000E+00
  2.0799350E+02  2.5044520E-02 -1.1704890E-03 -6.0543450E-04  1.3113475E-02  0.0000000E+00
  2.0799350E+02  2.4070738E-02 -1.0465471E-03 -5.2554763E-04  1.2792837E-02  0.0000000E+00
  2.0799350E+02  2.3105864E-02 -9.0286975E-04 -4.6999699E-04  1.2483041E-02  0.0000000E+00
  2.0799350E+02  2.2462781E-02 -8.3107001E-04 -3.8749764E-04  1.2177960E-02  0.0000000E+00
  2.0799350E+02  2.2100101E-02 -7.6909496E-04 -3.4953441E-04  1.1874600E-02  0.0000000E+00
  2.0799350E+02  2.1854841E-02 -6.7929946E-04 -3.8318341E-04  1.1573588E-02  0.0000000E+00
  2.0799350E+02  2.1662189E-02 -5.8290645E-04 -4.5013345E-04  1.1277915E-02  0.0000000E+00
  2.0799350E+02  2.1476266E-02 -4.9849807E-04 -5.1809755E-04  1.0989937E-02  0.0000000E+00
  2.0799350E+02  2.1260688E-02 -4.3614086E-04 -5.6605167E-04  1.0710912E-02  0.0000000E+00
  2.0799350E+02  2.0984882E-02 -3.9609424E-04 -5.8547189E-04  1.0440961E-02  0.0000000E+00
  2.0799350E+02  2.0624552E-02 -3.7081552E-04 -5.7860878E-04  1.0179323E-02  0.0000000E+00
  2.0799350E+02  2.0164670E-02 -3.4897465E-04 -5.5483756E-04  9.9248028E-03  0.0000000E+00
  2.0799350E+02  1.9603382E-02 -3.2019187E-04 -5.2612282E-04  9.6762839E-03  0.0000000E+00
  2.0799350E+02  1.8955209E-02 -2.7921165E-04 -5.0263627E-04  9.4331901E-03  0.0000000E+00
  2.0799350E+02  1.8251940E-02 -2.2822585E-04 -4.8956639E-04  9.1957829E-03  0.0000000E+00
  2.0799350E+02  1.7539576E-02 -1.7605965E-04 -4.8615853E-04  8.9651752E-03  0.0000000E+00
  2.0799350E+02  1.6869744E-02 -1.3293317E-04 -4.8802409E-04  8.7429436E-03  0.0000000E+00
  2.0799350E+02  1.6283928E-02 -9.9512243E-05 -4.9375760E-04  8.5302229E-03  0.0000000E+00
  2.0799350E+02  1.5863448E-02 -8.8421344E-05 -4.8066736E-04  8.3267806E-03  0.0000000E+00
  2.0799350E+02  1.5348420E-02 -4.2046742E-05 -5.0870909E-04  8.1354365E-03  0.0000000E+00
  2.0799350E+02  1.4713553E-02  4.0639672E-05 -5.7614251E-04  7.9544138E-03  0.0000000E+00
  2.0799350E+02  1.4061226E-02  1.1808358E-04 -6.3781936E-04  7.7808277E-03  0.0000000E+00
  2.0799350E+02  1.3454117E-02  1.6295918E-04 -6.6407661E-04  7.6123334E-03  0.0000000E+00
  2.0799350E+02  1.2919887E-02  1.6284791E-04 -6.4099795E-04  7.4473082E-03  0.0000000E+00
  2.0799350E+02  1.2458325E-02  1.1857290E-04 -5.6852099E-04  7.2848611E-03  0.0000000E+00
  2.0799350E+02  1.2050055E-02  4.0869441E-05 -4.5701768E-04  7.1247129E-03  0.0000000E+00
  2.0799350E+02  1.1665892E-02 -5.3928257E-05 -3.2297531E-04  6.9669930E-03  0.0000000E+00
  2.0799350E+02  1.1275937E-02 -1.4850392E-04 -1.8440551E-04  6.8119971E-03  0.0000000E+00
  2.0799350E+02  1.0856782E-02 -2.2891472E-04 -5.6412875E-05  6.6597019E-03  0.0000000E+00
  2.0799350E+02  1.0400187E-02 -2.8727464E-04  5.1237668E-05  6.5105769E-03  0.0000000E+00
  2.0799350E+02  9.9118233E-03 -3.2401414E-04  1.3705201E-04  6.3639881E-03  0.0000000E+00
  2.0799350E+02  9.4129241E-03 -3.4632811E-04  2.0632066E-04  6.2192564E-03  0.0000000E+00
  2.0799350E+02  8.9337798E-03 -3.6424850E-04  2.6787642E-04  6.0756374E-03  0.0000000E+00
  2.0799350E+02  8.5021885E-03 -3.8279059E-04  3.2713523E-04  5.9327859E-03  0.0000000E+00
  2.0799350E+02  8.1259848E-03 -3.8441648E-04  3.6305664E-04  5.7910640E-03  0.0000000E+00
  2.0799350E+02  7.7743954E-03 -3.6206269E-04  3.6091914E-04  5.6507284E-03  0.0000000E+00
  2.0799350E+02  7.4430942E-03 -3.3858825E-04  3.5525164E-04  5.5132624E-03  0.0000000E+00
  2.0799350E+02  7.1350480E-03 -3.1356881E-04  3.4154255E-04  5.3790428E-03  0.0000000E+00
  2.0799350E+02  6.8469235E-03 -2.8803765E-04  3.1994596E-04  5.2482814E-03  0.0000000E+00
  2.0799350E+02  6.5734360E-03 -2.6314961E-04  2.9256429E-04  5.1211573E-03  0.0000000E+00
  2.0799350E+02  6.3099643E-03 -2.3950401E-04  2.6176816E-04  4.9979026E-03  0.0000000E+00
  2.0799350E+02  6.0537565E-03 -2.1697915E-04  2.2935329E-04  4.8788467E-03  0.0000000E+00
  2.0799350E+02  5.8040502E-03 -1.9493079E-04  1.9633398E-04  4.7644260E-03  0.0000000E+00
  2.0799350E+02  5.5614332E-03 -1.7260708E-04  1.6317294E-04  4.6551636E-03  0.0000000E+00
  2.0799350E+02  5.3267668E-03 -1.4963246E-04  1.3024703E-04  4.5516254E-03  0.0000000E+00
  2.0799350E+02  5.0999975E-03 -1.2641297E-04  9.8348741E-05  4.4543584E-03  0.0000000E+00
  2.0799350E+02  4.8791812E-03 -1.0431538E-04  6.9022905E-05  4.3638158E-03  0.0000000E+00
  2.0799350E+02  4.6600434E-03 -8.5472744E-05  4.4538407E-05  4.2802766E-03  0.0000000E+00
  2.0799350E+02  4.4364007E-03 -7.2068705E-05  2.7294570E-05  4.2037632E-03  0.0000000E+00
  2.0799350E+02  4.2017677E-03 -6.4953150E-05  1.8461848E-05  4.1339647E-03  0.0000000E+00
  2.0799350E+02  3.9524726E-03 -6.1441579E-05  1.5656515E-05  4.0701698E-03  0.0000000E+00
  2.0799350E+02  3.6817322E-03 -5.6243241E-05  1.3324845E-05  4.0118235E-03  0.0000000E+00
  2.0799350E+02  3.4106880E-03 -5.2194424E-05  1.1267508E-05  3.9582455E-03  0.0000000E+00
  2.0799350E+02  3.1703328E-03 -5.1652321E-05  1.2502178E-05  3.9070422E-03  0.0000000E+00
  2.0799350E+02  2.9586962E-03 -5.7220523E-05  2.0528979E-05  3.8570670E-03  0.0000000E+00
  2.0799350E+02  2.7699369E-03 -6.8349193E-05  3.4884271E-05  3.8075757E-03  0.0000000E+00
  2.0799350E+02  2.5968709E-03 -8.2844806E-05  5.2987887E-05  3.7581157E-03  0.0000000E+00
  2.0799350E+02  2.4327131E-03 -9.7991539E-05  7.1533883E-05  3.7084351E-03  0.0000000E+00
  2.0799350E+02  2.2721446E-03 -1.1132844E-04  8.7472743E-05  3.6584104E-03  0.0000000E+00
  2.0799350E+02  2.1118173E-03 -1.2112652E-04  9.8632999E-05  3.6079930E-03  0.0000000E+00
  2.0799350E+02  1.9504101E-03 -1.2660983E-04  1.0403021E-04  3.5571743E-03  0.0000000E+00
  2.0799350E+02  1.7883470E-03 -1.2796471E-04  1.0391124E-04  3.5059689E-03  0.0000000E+00
  2.0799350E+02  1.6272908E-03 -1.2618138E-04  9.9581844E-05  3.4544161E-03  0.0000000E+00
  2.0799350E+02  1.4695247E-03 -1.2277178E-04  9.3065370E-05  3.4025995E-03  0.0000000E+00
  2.0799350E+02  0.0000000E+00  0.0000000E+00  0.0000000E+00  6.9126948E-02  0.0000000E+00
  2.0799350E+02 -1.1584750E-02  1.0009131E-04  3.8438611E-05  6.9128257E-02  0.0000000E+00
  2.0799350E+02 -1.2642158E-02  9.6121653E-04  6.0842405E-04  6.7696805E-02  0.0000000E+00
  2.0799350E+02  9.2022795E-03  4.4283198E-03  7.1577400E-04  6.4881299E-02  0.0000000E+00
  2.0799350E+02  3.2954446E-02  9.9124120E-03  2.9921267E-04  6.1473893E-02  0.0000000E+00
  2.0799350E+02  5.5245901E-02  1.5503798E-02 -1.5832702E-04  5.8049837E-02  0.0000000E+00
  2.0799350E+02  7.6600823E-02  2.0365689E-02 -9.1885507E-04  5.4906615E-02  0.0000000E+00
  2.0799350E+02  9.9041607E-02  2.3875059E-02 -1.7356812E-03  5.2178648E-02  0.0000000E+00
  2.0799350E+02  1.2243463E-01  2.5497080E-02 -2.0482181E-03  4.9901868E-02  0.0000000E+00
  2.0799350E+02  1.4385132E-01  2.5260446E-02 -1.7563757E-03  4.8049251E-02  0.0000000E+00
  2.0799350E+02  1.6332650E-01  2.3222992E-02 -9.4143271E-04  4.6590848E-02  0.0000000E+00
  2.0799350E+02  1.8122936E-01  1.9864923E-02  1.5697563E-04  4.5461318E-02  0.0000000E+00
  2.0799350E+02  1.9686805E-01  1.5939599E-02  1.1767890E-03  4.4578626E-02  0.0000000E+00
  2.0799350E+02  2.0864146E-01  1.2222870E-02  1.7062836E-03  4.3889037E-02  0.0000000E+00
  2.0799350E+02  2.1464563E-01  9.1600813E-03  1.5450959E-03  4.3378893E-02  0.0000000E+00
  2.0799350E+02  2.1355250E-01  6.6557590E-03  1.0600513E-03  4.3017379E-02  0.0000000E+00
  2.0799350E+02  2.0746554E-01  4.7658960E-03  4.4595080E-04  4.2761704E-02  0.0000000E+00
  2.0799350E+02  1.9729282E-01  2.9882967E-03  3.3616977E-04  4.2551678E-02  0.0000000E+00
  2.0799350E+02  1.8429459E-01  1.3066688E-03  6.1290923E-04  4.2312556E-02  0.0000000E+00
  2.0799350E+02  1.6959080E-01 -1.0398126E-04  8.9981391E-04  4.1981105E-02  0.0000000E+00
  2.0799350E+02  1.5388509E-01 -1.0922447E-03  9.3862467E-04  4.1530223E-02  0.0000000E+00
  2.0799350E+02  1.3772695E-01 -1.6174732E-03  6.9863622E-04  4.0970082E-02  0.0000000E+00
  2.0799350E+02  1.2166666E-01 -1.7716659E-03  3.1892443E-04  4.0329000E-02  0.0000000E+00
  2.0799350E+02  1.0632783E-01 -1.7156099E-03 -4.3532536E-05  3.9627539E-02  0.0000000E+00
  2.0799350E+02  9.2475726E-02 -1.5599276E-03 -3.5889184E-04  3.8871893E-02  0.0000000E+00
  2.0799350E+02  8.0402272E-02 -1.2099352E-03 -7.8969893E-04  3.8059398E-02  0.0000000E+00
  2.0799350E+02  6.8799662E-02 -7.8729952E-04 -9.0617525E-04  3.7182933E-02  0.0000000E+00
  2.0799350E+02  5.8112444E-02 -4.5966778E-04 -6.6673137E-04  3.6260956E-02  0.0000000E+00
  2.0799350E+02  4.9255613E-02 -4.3691467E-05 -5.2724542E-04  3.5288588E-02  0.0000000E+00
  2.0799350E+02  4.2375447E-02  3.9924149E-04 -5.0665281E-04  3.4271907E-02  0.0000000E+00
  2.0799350E+02  3.7254948E-02  7.9452368E-04 -5.4855276E-04  3.3227472E-02  0.0000000E+00
  2.0799350E+02  3.3497366E-02  1.0913295E-03 -5.8593692E-04  3.2168472E-02  0.0000000E+00
  2.0799350E+02  3.0712918E-02  1.2732361E-03 -5.7648094E-04  3.1111083E-02  0.0000000E+00
  2.0799350E+02  2.8570093E-02  1.3600533E-03 -5.1611109E-04  3.0068077E-02  0.0000000E+00
  2.0799350E+02  2.6831498E-02  1.3954628E-03 -4.3396461E-04  2.9044169E-02  0.0000000E+00
  2.0799350E+02  2.5375445E-02  1.4276988E-03 -3.7622750E-04  2.8047522E-02  0.0000000E+00
  2.0799350E+02  2.4152078E-02  1.4895118E-03 -3.8168978E-04  2.7084658E-02  0.0000000E+00
  2.0799350E+02  2.3123796E-02  1.5804533E-03 -4.5600815E-04  2.6154187E-02  0.0000000E+00
  2.0799350E+02  2.2203532E-02  1.6553775E-03 -5.4894860E-04  2.5251592E-02  0.0000000E+00
  2.0799350E+02  2.1324454E-02  1.7086109E-03 -6.1181460E-04  2.4375619E-02  0.0000000E+00
  2.0799350E+02  2.0529273E-02  1.7393687E-03 -6.3756131E-04  2.3524272E-02  0.0000000E+00
  2.0799350E+02  1.9864719E-02  1.7308245E-03 -6.4590558E-04  2.2698167E-02  0.0000000E+00
  2.0799350E+02  1.9369606E-02  1.7076974E-03 -6.6133534E-04  2.1899328E-02  0.0000000E+00
  2.0799350E+02  1.9010980E-02  1.6737004E-03 -6.7630186E-04  2.1128717E-02  0.0000000E+00
  2.0799350E+02  1.8725656E-02  1.6247177E-03 -6.7478064E-04  2.0385632E-02  0.0000000E+00
  2.0799350E+02  1.8449014E-02  1.5567447E-03 -6.4587832E-04  1.9666225E-02  0.0000000E+00
  2.0799350E+02  1.8133626E-02  1.4706365E-03 -5.8955361E-04  1.8971661E-02  0.0000000E+00
  2.0799350E+02  1.7753796E-02  1.3730534E-03 -5.1656193E-04  1.8304018E-02  0.0000000E+00
  2.0799350E+02  1.7302155E-02  1.2745377E-03 -4.4367245E-04  1.7662424E-02  0.0000000E+00
  2.0799350E+02  1.6788371E-02  1.1876478E-03 -3.8814706E-04  1.7048880E-02  0.0000000E+00
  2.0799350E+02  1.6232001E-02  1.1227857E-03 -3.6087365E-04  1.6464110E-02  0.0000000E+00
  2.0799350E+02  1.5656140E-02  1.0844408E-03 -3.6181605E-04  1.5904890E-02  0.0000000E+00
  2.0799350E+02  1.5096565E-02  1.0692514E-03 -3.7952893E-04  1.5371827E-02  0.0000000E+00
  2.0799350E+02  1.4605892E-02  1.0645880E-03 -3.9611328E-04  1.4864407E-02  0.0000000E+00
  2.0799350E+02  1.4202959E-02  1.0751610E-03 -4.4214173E-04  1.4382272E-02  0.0000000E+00
  2.0799350E+02  1.3709221E-02  1.1174731E-03 -5.3452193E-04  1.3924056E-02  0.0000000E+00
  2.0799350E+02  1.3144525E-02  1.1572399E-03 -6.1859449E-04  1.3488167E-02  0.0000000E+00
  2.0799350E+02  1.2554443E-02  1.1747318E-03 -6.7250367E-04  1.3071234E-02  0.0000000E+00
  2.0799350E+02  1.1983249E-02  1.1578757E-03 -6.8272787E-04  1.2671465E-02  0.0000000E+00
  2.0799350E+02  1.1460692E-02  1.1020816E-03 -6.4441046E-04  1.2286108E-02  0.0000000E+00
  2.0799350E+02  1.1002923E-02  1.0096306E-03 -5.6053194E-04  1.1914945E-02  0.0000000E+00
  2.0799350E+02  1.0608670E-02  8.8846012E-04 -4.4068222E-04  1.1557854E-02  0.0000000E+00
  2.0799350E+02  1.0260573E-02  7.4948167E-04 -2.9793972E-04  1.1212921E-02  0.0000000E+00
  2.0799350E+02  9.9343332E-03  6.0579042E-04 -1.4762704E-04  1.0879922E-02  0.0000000E+00
  2.0799350E+02  9.6032390E-03  4.7005792E-04 -4.3233981E-06  1.0558433E-02  0.0000000E+00
  2.0799350E+02  9.2437648E-03  3.5197520E-04  1.2102249E-04  1.0246365E-02  0.0000000E+00
  2.0799350E+02  8.8460798E-03  2.5832676E-04  2.2095989E-04  9.9437423E-03  0.0000000E+00
  2.0799350E+02  8.4142120E-03  1.9063331E-04  2.9367253E-04  9.6486343E-03  0.0000000E+00
  2.0799350E+02  7.9731238E-03  1.4630411E-04  3.4099285E-04  9.3607805E-03  0.0000000E+00
  2.0799350E+02  7.5658279E-03  1.1899290E-04  3.6679334E-04  9.0800429E-03  0.0000000E+00
  2.0799350E+02  7.2205112E-03  1.0586364E-04  3.6942422E-04  8.8057651E-03  0.0000000E+00
  2.0799350E+02  6.8849244E-03  1.0981800E-04  3.4911056E-04  8.5390395E-03  0.0000000E+00
  2.0799350E+02  6.5795515E-03  1.1837750E-04  3.2212936E-04  8.2800016E-03  0.0000000E+00
  2.0799350E+02  6.2878135E-03  1.3150950E-04  2.9116692E-04  8.0291163E-03  0.0000000E+00
  2.0799350E+02  6.0053530E-03  1.4751426E-04  2.5807855E-04  7.7872298E-03  0.0000000E+00
  2.0799350E+02  5.7333648E-03  1.6403578E-04  2.2429539E-04  7.5547233E-03  0.0000000E+00
  2.0799350E+02  5.4737083E-03  1.7884648E-04  1.9094438E-04  7.3307554E-03  0.0000000E+00
  2.0799350E+02  5.2296689E-03  1.9008441E-04  1.5936647E-04  7.1161261E-03  0.0000000E+00
  2.0799350E+02  5.0012176E-03  1.9664731E-04  1.3067018E-04  6.9103640E-03  0.0000000E+00
  2.0799350E+02  4.7874653E-03  1.9809637E-04  1.0599551E-04  6.7142425E-03  0.0000000E+00
  2.0799350E+02  4.5855405E-03  1.9467898E-04  8.6157259E-05  6.5285428E-03  0.0000000E+00
  2.0799350E+02  4.3903453E-03  1.8713468E-04  7.1387598E-05  6.3530692E-03  0.0000000E+00
  2.0799350E+02  4.1974780E-03  1.7656855E-04  6.1369152E-05  6.1883679E-03  0.0000000E+00
  2.0799350E+02  4.0031745E-03  1.6431896E-04  5.4997901E-05  6.0345980E-03  0.0000000E+00
  2.0799350E+02  3.8041809E-03  1.5180900E-04  5.0383543E-05  5.8907673E-03  0.0000000E+00
  2.0799350E+02  3.6001728E-03  1.4072736E-04  4.5049244E-05  5.7562682E-03  0.0000000E+00
  2.0799350E+02  3.3927562E-03  1.3317718E-04  3.6228793E-05  5.6301395E-03  0.0000000E+00
  2.0799350E+02  3.1586534E-03  1.3121038E-04  2.5273349E-05  5.5109951E-03  0.0000000E+00
  2.0799350E+02  2.9137642E-03  1.2690764E-04  2.0267448E-05  5.3984696E-03  0.0000000E+00
  2.0799350E+02  2.7071931E-03  1.1383561E-04  2.4460559E-05  5.2904272E-03  0.0000000E+00
  2.0799350E+02  2.5297660E-03  9.1919332E-05  3.9587008E-05  5.1860635E-03  0.0000000E+00
  2.0799350E+02  2.3714670E-03  6.4307360E-05  6.2345489E-05  5.0848892E-03  0.0000000E+00
  2.0799350E+02  2.2226736E-03  3.5263112E-05  8.7454701E-05  4.9860665E-03  0.0000000E+00
  2.0799350E+02  2.0768072E-03  9.0598330E-06  1.0947273E-04  4.8893134E-03  0.0000000E+00
  2.0799350E+02  1.9299914E-03 -1.1098820E-05  1.2427168E-04  4.7943398E-03  0.0000000E+00
  2.0799350E+02  1.7803235E-03 -2.3667134E-05  1.2980895E-04  4.7003960E-03  0.0000000E+00
  2.0799350E+02  1.6289274E-03 -2.8695355E-05  1.2616412E-04  4.6072631E-03  0.0000000E+00
  2.0799350E+02  1.4785401E-03 -2.7816470E-05  1.1543447E-04  4.5148340E-03  0.0000000E+00
  2.0799350E+02  1.3318931E-03 -2.3763066E-05  1.0103547E-04  4.4227242E-03  0.0000000E+00
  2.0799350E+02  1.1923109E-03 -1.9750950E-05  8.6991203E-05  4.3312526E-03  0.0000000E+00
  2.0799350E+02 -3.5582423E-08 -1.6487613E-09  1.5723982E-09  9.7324269E-02  0.0000000E+00
  2.0799350E+02 -5.1353683E-03 -2.2862319E-03 -8.1599326E-04  9.6753201E-02  0.0000000E+00
  2.0799350E+02 -2.3724745E-03 -5.5999562E-03 -5.1495091E-03  9.4615410E-02  0.0000000E+00
  2.0799350E+02  4.3350839E-03 -2.4810278E-04 -6.5851408E-03  9.0834589E-02  0.0000000E+00
  2.0799350E+02  1.5520602E-02  9.8699410E-03 -4.4776893E-03  8.6234843E-02  0.0000000E+00
  2.0799350E+02  2.9676294E-02  1.9778547E-02 -1.9761422E-03  8.1451156E-02  0.0000000E+00
  2.0799350E+02  4.4757432E-02  2.7561459E-02 -2.5777440E-04  7.6850543E-02  0.0000000E+00
  2.0799350E+02  6.0102616E-02  3.2502018E-02  1.2029111E-03  7.2621932E-02  0.0000000E+00
  2.0799350E+02  7.4565817E-02  3.4802584E-02  2.5297359E-03  6.8840192E-02  0.0000000E+00
  2.0799350E+02  8.8597481E-02  3.4651707E-02  3.5678507E-03  6.5522086E-02  0.0000000E+00
  2.0799350E+02  1.0246867E-01  3.3110242E-02  3.8908973E-03  6.2641641E-02  0.0000000E+00
  2.0799350E+02  1.1490753E-01  3.1138355E-02  3.3445935E-03  6.0159187E-02  0.0000000E+00
  2.0799350E+02  1.2446318E-01  2.8907976E-02  2.3493866E-03  5.8030698E-02  0.0000000E+00
  2.0799350E+02  1.3059911E-01  2.5996217E-02  1.6068665E-03  5.6192497E-02  0.0000000E+00
  2.0799350E+02  1.3330188E-01  2.2392549E-02  1.3815426E-03  5.4565537E-02  0.0000000E+00
  2.0799350E+02  1.3256397E-01  1.9102708E-02  1.1126609E-03  5.3064076E-02  0.0000000E+00
  2.0799350E+02  1.2717249E-01  1.6785742E-02  3.4475634E-04  5.1638610E-02  0.0000000E+00
  2.0799350E+02  1.1876551E-01  1.4935254E-02 -4.2169487E-04  5.0248980E-02  0.0000000E+00
  2.0799350E+02  1.1009642E-01  1.2918060E-02 -7.1941531E-04  4.8862834E-02  0.0000000E+00
  2.0799350E+02  1.0181434E-01  1.0893184E-02 -6.4452265E-04  4.7470361E-02  0.0000000E+00
  2.0799350E+02  9.3592754E-02  9.1819671E-03 -4.4901412E-04  4.6069435E-02  0.0000000E+00
  2.0799350E+02  8.4978354E-02  7.9684989E-03 -3.2250103E-04  4.4666160E-02  0.0000000E+00
  2.0799350E+02  7.5811103E-02  7.2200174E-03 -3.2560362E-04  4.3262074E-02  0.0000000E+00
  2.0799350E+02  6.6479209E-02  6.7757985E-03 -4.2900979E-04  4.1866145E-02  0.0000000E+00
  2.0799350E+02  5.7745094E-02  6.4807719E-03 -6.0644800E-04  4.0483510E-02  0.0000000E+00
  2.0799350E+02  5.0386436E-02  6.3143910E-03 -9.3872328E-04  3.9116685E-02  0.0000000E+00
  2.0799350E+02  4.4174279E-02  6.2514244E-03 -1.3249688E-03  3.7767228E-02  0.0000000E+00
  2.0799350E+02  3.8733821E-02  6.0932782E-03 -1.4596358E-03  3.6418569E-02  0.0000000E+00
  2.0799350E+02  3.3881065E-02  5.8483083E-03 -1.3341036E-03  3.5077685E-02  0.0000000E+00
  2.0799350E+02  2.9577424E-02  5.5656156E-03 -1.0401333E-03  3.3750356E-02  0.0000000E+00
  2.0799350E+02  2.5940547E-02  5.3059829E-03 -7.2842487E-04  3.2442030E-02  0.0000000E+00
  2.0799350E+02  2.3065488E-02  5.1102793E-03 -5.1879423E-04  3.1161020E-02  0.0000000E+00
  2.0799350E+02  2.0922739E-02  4.9874097E-03 -4.5994751E-04  2.9909700E-02  0.0000000E+00
  2.0799350E+02  1.9379490E-02  4.9202561E-03 -5.3077273E-04  2.8696767E-02  0.0000000E+00
  2.0799350E+02  1.8222859E-02  4.8766660E-03 -6.6273262E-04  2.7527333E-02  0.0000000E+00
  2.0799350E+02  1.7238526E-02  4.8246832E-03 -7.7677559E-04  2.6404147E-02  0.0000000E+00
  2.0799350E+02  1.6290821E-02  4.7436809E-03 -8.1911737E-04  2.5328996E-02  0.0000000E+00
  2.0799350E+02  1.5376554E-02  4.6246278E-03 -7.8355017E-04  2.4296080E-02  0.0000000E+00
  2.0799350E+02  1.4653581E-02  4.4554840E-03 -7.0672019E-04  2.3305080E-02  0.0000000E+00
  2.0799350E+02  1.4123764E-02  4.2585034E-03 -6.4593365E-04  2.2351349E-02  0.0000000E+00
  2.0799350E+02  1.3740776E-02  4.0863795E-03 -6.4735319E-04  2.1433803E-02  0.0000000E+00
  2.0799350E+02  1.3590797E-02  3.8976158E-03 -6.5100348E-04  2.0554845E-02  0.0000000E+00
  2.0799350E+02  1.3564130E-02  3.6959171E-03 -6.3593070E-04  1.9709365E-02  0.0000000E+00
  2.0799350E+02  1.3574570E-02  3.4890473E-03 -6.0602737E-04  1.8898391E-02  0.0000000E+00
  2.0799350E+02  1.3555556E-02  3.2843304E-03 -5.7140595E-04  1.8122042E-02  0.0000000E+00
  2.0799350E+02  1.3461477E-02  3.0871156E-03 -5.3845903E-04  1.7380459E-02  0.0000000E+00
  2.0799350E+02  1.3270370E-02  2.9004299E-03 -5.0681376E-04  1.6674716E-02  0.0000000E+00
  2.0799350E+02  1.2984000E-02  2.7240428E-03 -4.7085327E-04  1.6002030E-02  0.0000000E+00
  2.0799350E+02  1.2628539E-02  2.5574527E-03 -4.2459049E-04  1.5363073E-02  0.0000000E+00
  2.0799350E+02  1.2247188E-02  2.4002235E-03 -3.6687893E-04  1.4757233E-02  0.0000000E+00
  2.0799350E+02  1.1887602E-02  2.2545154E-03 -3.0584919E-04  1.4184881E-02  0.0000000E+00
  2.0799350E+02  1.1576864E-02  2.1261973E-03 -2.5962857E-04  1.3643449E-02  0.0000000E+00
  2.0799350E+02  1.1291244E-02  2.0283601E-03 -2.5305992E-04  1.3132964E-02  0.0000000E+00
  2.0799350E+02  1.0906078E-02  1.9820112E-03 -3.0620777E-04  1.2651438E-02  0.0000000E+00
  2.0799350E+02  1.0402654E-02  1.9827683E-03 -4.0027633E-04  1.2195572E-02  0.0000000E+00
  2.0799350E+02  9.9780911E-03  1.9713481E-03 -4.8840971E-04  1.1763819E-02  0.0000000E+00
  2.0799350E+02  9.5766844E-03  1.9340558E-03 -5.4758086E-04  1.1352672E-02  0.0000000E+00
  2.0799350E+02  9.2296296E-03  1.8606293E-03 -5.6220984E-04  1.0961781E-02  0.0000000E+00
  2.0799350E+02  8.9397933E-03  1.7512356E-03 -5.2945869E-04  1.0590288E-02  0.0000000E+00
  2.0799350E+02  8.6936876E-03  1.6123107E-03 -4.5468899E-04  1.0237177E-02  0.0000000E+00
  2.0799350E+02  8.4708578E-03  1.4537834E-03 -3.4831635E-04  9.9016567E-03  0.0000000E+00
  2.0799350E+02  8.2492742E-03  1.2858213E-03 -2.2253810E-04  9.5809206E-03  0.0000000E+00
  2.0799350E+02  8.0123795E-03  1.1190734E-03 -9.0645895E-05  9.2737081E-03  0.0000000E+00
  2.0799350E+02  7.7504703E-03  9.6273478E-04  3.4975905E-05  8.9782056E-03  0.0000000E+00
  2.0799350E+02  7.4621526E-03  8.2428205E-04  1.4367715E-04  8.6928595E-03  0.0000000E+00
  2.0799350E+02  7.1542141E-03  7.0928456E-04  2.2726321E-04  8.4170290E-03  0.0000000E+00
  2.0799350E+02  6.8371976E-03  6.2026553E-04  2.8139121E-04  8.1492168E-03  0.0000000E+00
  2.0799350E+02  6.5247796E-03  5.5726395E-04  3.0578623E-04  7.8898338E-03  0.0000000E+00
  2.0799350E+02  6.2264722E-03  5.1596531E-04  3.0634015E-04  7.6390480E-03  0.0000000E+00
  2.0799350E+02  5.9416084E-03  4.8627435E-04  2.9698741E-04  7.3967445E-03  0.0000000E+00
  2.0799350E+02  5.6556478E-03  4.6223207E-04  2.8808141E-04  7.1624133E-03  0.0000000E+00
  2.0799350E+02  5.4098739E-03  4.4584407E-04  2.6708372E-04  6.9357015E-03  0.0000000E+00
  2.0799350E+02  5.1947473E-03  4.2418083E-04  2.5057257E-04  6.7176992E-03  0.0000000E+00
  2.0799350E+02  4.9855579E-03  4.1192689E-04  2.2680445E-04  6.5088354E-03  0.0000000E+00
  2.0799350E+02  4.7734030E-03  4.1223626E-04  1.9306851E-04  6.3091810E-03  0.0000000E+00
  2.0799350E+02  4.5588933E-03  4.2157786E-04  1.5226070E-04  6.1190412E-03  0.0000000E+00
  2.0799350E+02  4.3457460E-03  4.3354763E-04  1.0975121E-04  5.9378277E-03  0.0000000E+00
  2.0799350E+02  4.1395635E-03  4.4145973E-04  7.1610695E-05  5.7660537E-03  0.0000000E+00
  2.0799350E+02  3.9442334E-03  4.4019939E-04  4.2732221E-05  5.6039987E-03  0.0000000E+00
  2.0799350E+02  3.7615363E-03  4.2723684E-04  2.5888746E-05  5.4522118E-03  0.0000000E+00
  2.0799350E+02  3.5897346E-03  4.0281578E-04  2.1167570E-05  5.3103875E-03  0.0000000E+00
  2.0799350E+02  3.4258962E-03  3.6980681E-04  2.6192183E-05  5.1788051E-03  0.0000000E+00
  2.0799350E+02  3.2655261E-03  3.3289234E-04  3.6529711E-05  5.0571821E-03  0.0000000E+00
  2.0799350E+02  3.1040095E-03  2.9747021E-04  4.6746264E-05  4.9448883E-03  0.0000000E+00
  2.0799350E+02  2.9380312E-03  2.6834033E-04  5.1863572E-05  4.8411279E-03  0.0000000E+00
  2.0799350E+02  2.7653609E-03  2.4802707E-04  4.9256614E-05  4.7443491E-03  0.0000000E+00
  2.0799350E+02  2.5870527E-03  2.3556752E-04  4.0855162E-05  4.6535152E-03  0.0000000E+00
  2.0799350E+02  2.3965695E-03  2.2397752E-04  3.7394572E-05  4.5673063E-03  0.0000000E+00
  2.0799350E+02  2.2229146E-03  2.0329235E-04  4.6581767E-05  4.4850163E-03  0.0000000E+00
  2.0799350E+02  2.0803669E-03  1.7459188E-04  6.4771681E-05  4.4063685E-03  0.0000000E+00
  2.0799350E+02  1.9522852E-03  1.4152657E-04  8.8283537E-05  4.3302496E-03  0.0000000E+00
  2.0799350E+02  1.8282762E-03  1.0870523E-04  1.1176878E-04  4.2562292E-03  0.0000000E+00
  2.0799350E+02  1.7023112E-03  8.0182702E-05  1.3032025E-04  4.1838237E-03  0.0000000E+00
  2.0799350E+02  1.5720672E-03  5.8702663E-05  1.4063533E-04  4.1125476E-03  0.0000000E+00
  2.0799350E+02  1.4382311E-03  4.5357927E-05  1.4153522E-04  4.0420313E-03  0.0000000E+00
  2.0799350E+02  1.3026699E-03  3.9523366E-05  1.3392728E-04  3.9715965E-03  0.0000000E+00
  2.0799350E+02  1.1689356E-03  3.9281483E-05  1.2037102E-04  3.9010628E-03  0.0000000E+00
  2.0799350E+02  1.0405452E-03  4.1810348E-05  1.0440618E-04  3.8303572E-03  0.0000000E+00
  2.0799350E+02  9.2047393E-04  4.4028466E-05  8.9717363E-05  3.7597041E-03  0.0000000E+00
  2.0799350E+02  8.1070232E-04  4.3256079E-05  7.9325454E-05  3.6897638E-03  0.0000000E+00
  2.0799350E+02  0.0000000E+00  0.0000000E+00  0.0000000E+00  5.6590535E-02  0.0000000E+00
  2.0799350E+02  2.3510403E-02 -1.2952888E-03 -3.6007963E-03  5.4960255E-02  0.0000000E+00
  2.0799350E+02  3.1361611E-02 -7.3638730E-03 -4.6160935E-03  5.2483429E-02  0.0000000E+00
  2.0799350E+02  3.9858006E-03 -3.7110755E-03  1.0982830E-03  4.8842991E-02  0.0000000E+00
  2.0799350E+02 -1.0510685E-02  6.5476747E-03  5.7804230E-03  4.4516605E-02  0.0000000E+00
  2.0799350E+02 -1.3515276E-02  1.6796582E-02  7.4681184E-03  4.0013107E-02  0.0000000E+00
  2.0799350E+02 -1.1347271E-02  2.5199003E-02  6.9436628E-03  3.5693593E-02  0.0000000E+00
  2.0799350E+02 -7.3537221E-03  3.1380135E-02  5.4592954E-03  3.1784780E-02  0.0000000E+00
  2.0799350E+02 -1.8167816E-03  3.5102560E-02  3.9922328E-03  2.8393551E-02  0.0000000E+00
  2.0799350E+02  4.3273956E-03  3.6304881E-02  3.1955526E-03  2.5535957E-02  0.0000000E+00
  2.0799350E+02  1.0326312E-02  3.5626124E-02  2.8064542E-03  2.3177678E-02  0.0000000E+00
  2.0799350E+02  1.5959807E-02  3.3832688E-02  2.3722272E-03  2.1239415E-02  0.0000000E+00
  2.0799350E+02  2.1243140E-02  3.1479268E-02  1.6891227E-03  1.9642807E-02  0.0000000E+00
  2.0799350E+02  2.5932745E-02  2.8876139E-02  8.6838805E-04  1.8316148E-02  0.0000000E+00
  2.0799350E+02  2.9569650E-02  2.6150316E-02  2.0227439E-04  1.7207149E-02  0.0000000E+00
  2.0799350E+02  3.2540914E-02  2.3285587E-02 -1.8767566E-04  1.6262550E-02  0.0000000E+00
  2.0799350E+02  3.3647852E-02  2.0632243E-02 -3.4209722E-04  1.5432952E-02  0.0000000E+00
  2.0799350E+02  3.3951323E-02  1.8258000E-02 -3.9216908E-04  1.4677165E-02  0.0000000E+00
  2.0799350E+02  3.3793561E-02  1.6225273E-02 -5.4657012E-04  1.3978178E-02  0.0000000E+00
  2.0799350E+02  3.2940193E-02  1.4536958E-02 -8.5751159E-04  1.3329971E-02  0.0000000E+00
  2.0799350E+02  3.1267533E-02  1.3167011E-02 -1.2797463E-03  1.2732146E-02  0.0000000E+00
  2.0799350E+02  2.8947375E-02  1.2063197E-02 -1.7156110E-03  1.2181836E-02  0.0000000E+00
  2.0799350E+02  2.6313904E-02  1.1153493E-02 -2.0532124E-03  1.1669876E-02  0.0000000E+00
  2.0799350E+02  2.3634352E-02  1.0367398E-02 -2.2014980E-03  1.1184863E-02  0.0000000E+00
  2.0799350E+02  2.0905077E-02  9.6560425E-03 -2.1375522E-03  1.0711595E-02  0.0000000E+00
  2.0799350E+02  1.7960524E-02  9.0491059E-03 -1.9602029E-03  1.0241484E-02  0.0000000E+00
  2.0799350E+02  1.5164166E-02  8.5042129E-03 -1.7790045E-03  9.7745831E-03  0.0000000E+00
  2.0799350E+02  1.3309597E-02  8.0124736E-03 -1.7403444E-03  9.3141964E-03  0.0000000E+00
  2.0799350E+02  1.1921968E-02  7.5813587E-03 -1.6834831E-03  8.8575427E-03  0.0000000E+00
  2.0799350E+02  1.0726929E-02  7.1791934E-03 -1.5316949E-03  8.4061477E-03  0.0000000E+00
  2.0799350E+02  9.6322206E-03  6.8021011E-03 -1.3169303E-03  7.9632063E-03  0.0000000E+00
  2.0799350E+02  8.6421819E-03  6.4576856E-03 -1.1020601E-03  7.5344541E-03  0.0000000E+00
  2.0799350E+02  7.7883241E-03  6.1486661E-03 -9.3304914E-04  7.1223025E-03  0.0000000E+00
  2.0799350E+02  7.1062116E-03  5.8693543E-03 -8.2240753E-04  6.7285701E-03  0.0000000E+00
  2.0799350E+02  6.6211335E-03  5.6044661E-03 -7.5128250E-04  6.3538412E-03  0.0000000E+00
  2.0799350E+02  6.3457558E-03  5.3334298E-03 -6.8549791E-04  5.9973061E-03  0.0000000E+00
  2.0799350E+02  6.2815860E-03  5.0419951E-03 -5.9917689E-04  5.6597440E-03  0.0000000E+00
  2.0799350E+02  6.4096353E-03  4.7335986E-03 -4.9752093E-04  5.3401069E-03  0.0000000E+00
  2.0799350E+02  6.6716459E-03  4.4494297E-03 -4.3403468E-04  5.0379715E-03  0.0000000E+00
  2.0799350E+02  7.0630465E-03  4.1925066E-03 -4.2656690E-04  4.7500794E-03  0.0000000E+00
  2.0799350E+02  7.4693691E-03  3.9356857E-03 -4.0044212E-04  4.4741861E-03  0.0000000E+00
  2.0799350E+02  7.7181910E-03  3.7362681E-03 -4.1157149E-04  4.2132376E-03  0.0000000E+00
  2.0799350E+02  7.8299353E-03  3.5733930E-03 -4.4764312E-04  3.9678778E-03  0.0000000E+00
  2.0799350E+02  7.8579309E-03  3.4216643E-03 -4.8353051E-04  3.7370877E-03  0.0000000E+00
  2.0799350E+02  7.8566299E-03  3.2615916E-03 -4.9733167E-04  3.5209012E-03  0.0000000E+00
  2.0799350E+02  7.8623648E-03  3.0828732E-03 -4.7891834E-04  3.3185587E-03  0.0000000E+00
  2.0799350E+02  7.8844329E-03  2.8865352E-03 -4.3135774E-04  3.1303070E-03  0.0000000E+00
  2.0799350E+02  7.9054979E-03  2.6825562E-03 -3.6803135E-04  2.9565373E-03  0.0000000E+00
  2.0799350E+02  7.8889847E-03  2.4875675E-03 -3.0751364E-04  2.7986337E-03  0.0000000E+00
  2.0799350E+02  7.7925756E-03  2.3177604E-03 -2.6629221E-04  2.6567207E-03  0.0000000E+00
  2.0799350E+02  7.5850692E-03  2.1851476E-03 -2.5351251E-04  2.5305299E-03  0.0000000E+00
  2.0799350E+02  7.2657017E-03  2.0925914E-03 -2.6782257E-04  2.4188581E-03  0.0000000E+00
  2.0799350E+02  6.8832731E-03  2.0305168E-03 -2.9883882E-04  2.3194524E-03  0.0000000E+00
  2.0799350E+02  6.5576931E-03  1.9763588E-03 -3.3457067E-04  2.2301238E-03  0.0000000E+00
  2.0799350E+02  6.3310867E-03  1.9141069E-03 -3.6720088E-04  2.1502901E-03  0.0000000E+00
  2.0799350E+02  6.2014472E-03  1.8340742E-03 -3.8045032E-04  2.0806608E-03  0.0000000E+00
  2.0799350E+02  6.1746555E-03  1.7266822E-03 -3.6691931E-04  2.0195026E-03  0.0000000E+00
  2.0799350E+02  6.1732309E-03  1.5967685E-03 -3.2192370E-04  1.9661466E-03  0.0000000E+00
  2.0799350E+02  6.1506016E-03  1.4501805E-03 -2.4703003E-04  1.9193854E-03  0.0000000E+00
  2.0799350E+02  6.0836983E-03  1.2947797E-03 -1.4958173E-04  1.8779572E-03  0.0000000E+00
  2.0799350E+02  5.9662160E-03  1.1394655E-03 -4.0934999E-05  1.8404504E-03  0.0000000E+00
  2.0799350E+02  5.8041844E-03  9.9416983E-04  6.5009893E-05  1.8056669E-03  0.0000000E+00
  2.0799350E+02  5.6102150E-03  8.6682616E-04  1.5553955E-04  1.7723500E-03  0.0000000E+00
  2.0799350E+02  5.4004311E-03  7.6311817E-04  2.2081171E-04  1.7395670E-03  0.0000000E+00
  2.0799350E+02  5.1910220E-03  6.8513203E-04  2.5601154E-04  1.7067380E-03  0.0000000E+00
  2.0799350E+02  4.9949874E-03  6.3077651E-04  2.6244305E-04  1.6736419E-03  0.0000000E+00
  2.0799350E+02  4.8207377E-03  5.9446532E-04  2.4738735E-04  1.6406678E-03  0.0000000E+00
  2.0799350E+02  4.6672801E-03  5.6804211E-04  2.2234703E-04  1.6084204E-03  0.0000000E+00
  2.0799350E+02  4.5227651E-03  5.4408873E-04  1.9912288E-04  1.5778322E-03  0.0000000E+00
  2.0799350E+02  4.3606089E-03  5.2035754E-04  1.8357017E-04  1.5498465E-03  0.0000000E+00
  2.0799350E+02  4.1506584E-03  5.0368760E-04  1.6940768E-04  1.5246092E-03  0.0000000E+00
  2.0799350E+02  3.9700477E-03  4.8978394E-04  1.4899632E-04  1.5014041E-03  0.0000000E+00
  2.0799350E+02  3.8150852E-03  4.8252136E-04  1.1734730E-04  1.4815007E-03  0.0000000E+00
  2.0799350E+02  3.6685601E-03  4.8139095E-04  7.9282418E-05  1.4649155E-03  0.0000000E+00
  2.0799350E+02  3.5210444E-03  4.8265453E-04  4.1424055E-05  1.4522959E-03  0.0000000E+00
  2.0799350E+02  3.3679042E-03  4.8173434E-04  9.6295728E-06  1.4442505E-03  0.0000000E+00
  2.0799350E+02  3.2088394E-03  4.7479411E-04 -1.2010843E-05  1.4411832E-03  0.0000000E+00
  2.0799350E+02  3.0461976E-03  4.5960152E-04 -2.1779501E-05  1.4431356E-03  0.0000000E+00
  2.0799350E+02  2.8833751E-03  4.3577222E-04 -2.0279026E-05  1.4498034E-03  0.0000000E+00
  2.0799350E+02  2.7248081E-03  4.0479294E-04 -9.9860580E-06  1.4605697E-03  0.0000000E+00
  2.0799350E+02  2.5733179E-03  3.6927248E-04  5.5441506E-06  1.4747142E-03  0.0000000E+00
  2.0799350E+02  2.4306110E-03  3.3239108E-04  2.2603660E-05  1.4915236E-03  0.0000000E+00
  2.0799350E+02  2.2964489E-03  2.9701496E-04  3.8272453E-05  1.5104549E-03  0.0000000E+00
  2.0799350E+02  2.1696488E-03  2.6518334E-04  5.1092373E-05  1.5310554E-03  0.0000000E+00
  2.0799350E+02  2.0472026E-03  2.3712940E-04  6.1727809E-05  1.5531147E-03  0.0000000E+00
  2.0799350E+02  1.9262656E-03  2.1121462E-04  7.2906197E-05  1.5763443E-03  0.0000000E+00
  2.0799350E+02  1.8052969E-03  1.8389139E-04  8.8962249E-05  1.6000787E-03  0.0000000E+00
  2.0799350E+02  1.6889816E-03  1.5454549E-04  1.0895047E-04  1.6233503E-03  0.0000000E+00
  2.0799350E+02  1.5832411E-03  1.2923253E-04  1.2327360E-04  1.6467293E-03  0.0000000E+00
  2.0799350E+02  1.4792287E-03  1.0653422E-04  1.3425313E-04  1.6691458E-03  0.0000000E+00
  2.0799350E+02  1.3723564E-03  8.8031457E-05  1.4015957E-04  1.6900832E-03  0.0000000E+00
  2.0799350E+02  1.2611060E-03  7.4031249E-05  1.4099317E-04  1.7090797E-03  0.0000000E+00
  2.0799350E+02  1.1467866E-03  6.4207450E-05  1.3763541E-04  1.7256907E-03  0.0000000E+00
  2.0799350E+02  1.0314468E-03  5.7816184E-05  1.3129177E-04  1.7397439E-03  0.0000000E+00
  2.0799350E+02  9.1786606E-04  5.4012132E-05  1.2315094E-04  1.7512212E-03  0.0000000E+00
  2.0799350E+02  8.0853971E-04  5.1915299E-05  1.1422960E-04  1.7603024E-03  0.0000000E+00
  2.0799350E+02  7.0595652E-04  5.0646824E-05  1.0541977E-04  1.7672801E-03  0.0000000E+00
  2.0799350E+02  6.1112922E-04  4.9298644E-05  9.7451007E-05  1.7726153E-03  0.0000000E+00
  2.0799350E+02  5.2424239E-04  4.6942620E-05  9.1033068E-05  1.7768246E-03  0.0000000E+00
  2.0799350E+02  4.4438181E-04  4.2651545E-05  8.6883055E-05  1.7804579E-03  0.0000000E+00
  2.0799350E+02 -5.1333117E-08 -1.0073842E-08 -8.7552487E-10 -3.0473513E-02  0.0000000E+00
  2.0799350E+02  4.8175434E-02  8.6042242E-04 -2.2948518E-04 -3.1188717E-02  0.0000000E+00
  2.0799350E+02  8.0804463E-02 -2.7143157E-03  6.1834648E-04 -3.1488065E-02  0.0000000E+00
  2.0799350E+02  2.9307262E-02 -3.0572102E-03  2.1470128E-03 -3.1932242E-02  0.0000000E+00
  2.0799350E+02 -8.5014330E-03  2.4913209E-03  2.4939099E-03 -3.2689210E-02  0.0000000E+00
  2.0799350E+02 -2.4848929E-02  9.0598517E-03  2.1010894E-03 -3.3603339E-02  0.0000000E+00
  2.0799350E+02 -3.1177521E-02  1.4276993E-02  1.7465338E-03 -3.4474337E-02  0.0000000E+00
  2.0799350E+02 -3.2102296E-02  1.7571481E-02  1.3953545E-03 -3.5147448E-02  0.0000000E+00
  2.0799350E+02 -2.9841909E-02  1.9082809E-02  1.0870826E-03 -3.5534449E-02  0.0000000E+00
  2.0799350E+02 -2.5537787E-02  1.9305082E-02  7.1185325E-04 -3.5605926E-02  0.0000000E+00
  2.0799350E+02 -2.0084389E-02  1.8536889E-02  4.7873496E-04 -3.5374015E-02  0.0000000E+00
  2.0799350E+02 -1.4417200E-02  1.7024563E-02  6.3114955E-04 -3.4874066E-02  0.0000000E+00
  2.0799350E+02 -9.1195311E-03  1.5061432E-02  1.1097059E-03 -3.4151195E-02  0.0000000E+00
  2.0799350E+02 -4.5884472E-03  1.3075133E-02  1.5492390E-03 -3.3259895E-02  0.0000000E+00
  2.0799350E+02 -9.3480945E-04  1.1418011E-02  1.6003576E-03 -3.2252432E-02  0.0000000E+00
  2.0799350E+02  2.2384099E-03  9.9326392E-03  1.4634197E-03 -3.1188769E-02  0.0000000E+00
  2.0799350E+02  4.9349243E-03  8.6914254E-03  1.1797922E-03 -3.0110882E-02  0.0000000E+00
  2.0799350E+02  6.9044491E-03  7.7314706E-03  7.5669201E-04 -2.9039239E-02  0.0000000E+00
  2.0799350E+02  8.0211515E-03  7.0232333E-03  2.6912219E-04 -2.7982174E-02  0.0000000E+00
  2.0799350E+02  8.6135360E-03  6.4863191E-03 -2.4264351E-04 -2.6938370E-02  0.0000000E+00
  2.0799350E+02  9.0676108E-03  6.0420315E-03 -7.3784560E-04 -2.5915802E-02  0.0000000E+00
  2.0799350E+02  9.6070649E-03  5.6350395E-03 -1.1792073E-03 -2.4918282E-02  0.0000000E+00
  2.0799350E+02  1.0198615E-02  5.2511366E-03 -1.5396342E-03 -2.3948927E-02  0.0000000E+00
  2.0799350E+02  1.0585498E-02  4.9162787E-03 -1.8087204E-03 -2.3012660E-02  0.0000000E+00
  2.0799350E+02  1.0449669E-02  4.6703259E-03 -1.9888491E-03 -2.2104974E-02  0.0000000E+00
  2.0799350E+02  9.6688563E-03  4.5258990E-03 -2.0547795E-03 -2.1220254E-02  0.0000000E+00
  2.0799350E+02  8.8823750E-03  4.3730160E-03 -1.9990929E-03 -2.0364238E-02  0.0000000E+00
  2.0799350E+02  8.0962183E-03  4.2812318E-03 -1.9455164E-03 -1.9540100E-02  0.0000000E+00
  2.0799350E+02  7.2791172E-03  4.1718513E-03 -1.8518982E-03 -1.8758814E-02  0.0000000E+00
  2.0799350E+02  6.5415837E-03  3.9906336E-03 -1.7042806E-03 -1.8023570E-02  0.0000000E+00
  2.0799350E+02  5.9418911E-03  3.7429448E-03 -1.5086533E-03 -1.7334138E-02  0.0000000E+00
  2.0799350E+02  5.5072117E-03  3.4629913E-03 -1.2852225E-03 -1.6691034E-02  0.0000000E+00
  2.0799350E+02  5.2386805E-03  3.1879513E-03 -1.0587021E-03 -1.6087893E-02  0.0000000E+00
  2.0799350E+02  5.1245549E-03  2.9476699E-03 -8.5464706E-04 -1.5521607E-02  0.0000000E+00
  2.0799350E+02  5.1395179E-03  2.7546731E-03 -6.9096298E-04 -1.4985394E-02  0.0000000E+00
  2.0799350E+02  5.2484503E-03  2.6056621E-03 -5.7522379E-04 -1.4473077E-02  0.0000000E+00
  2.0799350E+02  5.4055259E-03  2.4866469E-03 -5.0274705E-04 -1.3982308E-02  0.0000000E+00
  2.0799350E+02  5.5570779E-03  2.3798413E-03 -4.5556231E-04 -1.3509681E-02  0.0000000E+00
  2.0799350E+02  5.6448704E-03  2.2756321E-03 -4.0635312E-04 -1.3054127E-02  0.0000000E+00
  2.0799350E+02  5.7375079E-03  2.1632805E-03 -3.4531710E-04 -1.2618015E-02  0.0000000E+00
  2.0799350E+02  5.8949138E-03  2.0343449E-03 -3.0622052E-04 -1.2197091E-02  0.0000000E+00
  2.0799350E+02  6.0480835E-03  1.9175791E-03 -2.9133027E-04 -1.1790582E-02  0.0000000E+00
  2.0799350E+02  6.2025950E-03  1.8152775E-03 -2.9264347E-04 -1.1397049E-02  0.0000000E+00
  2.0799350E+02  6.3461571E-03  1.7220588E-03 -2.9640569E-04 -1.1015942E-02  0.0000000E+00
  2.0799350E+02  6.4587685E-03  1.6318108E-03 -2.9142833E-04 -1.0648494E-02  0.0000000E+00
  2.0799350E+02  6.5222263E-03  1.5404422E-03 -2.7331484E-04 -1.0292513E-02  0.0000000E+00
  2.0799350E+02  6.5237871E-03  1.4488891E-03 -2.4537107E-04 -9.9476621E-03  0.0000000E+00
  2.0799350E+02  6.4598541E-03  1.3617926E-03 -2.1666119E-04 -9.6112185E-03  0.0000000E+00
  2.0799350E+02  6.3357150E-03  1.2864316E-03 -1.9865143E-04 -9.2805207E-03  0.0000000E+00
  2.0799350E+02  6.1655097E-03  1.2304436E-03 -2.0100237E-04 -8.9551728E-03  0.0000000E+00
  2.0799350E+02  5.9681589E-03  1.1977102E-03 -2.2704600E-04 -8.6338718E-03  0.0000000E+00
  2.0799350E+02  5.7639406E-03  1.1854025E-03 -2.7059124E-04 -8.3163628E-03  0.0000000E+00
  2.0799350E+02  5.5710624E-03  1.1804922E-03 -3.1375399E-04 -8.0048700E-03  0.0000000E+00
  2.0799350E+02  5.3978306E-03  1.1567426E-03 -3.2823340E-04 -7.6993645E-03  0.0000000E+00
  2.0799350E+02  5.2672050E-03  1.0902055E-03 -2.9290474E-04 -7.4016567E-03  0.0000000E+00
  2.0799350E+02  5.2648979E-03  9.9853573E-04 -2.4227171E-04 -7.1117458E-03  0.0000000E+00
  2.0799350E+02  5.3081991E-03  8.8831094E-04 -1.7502377E-04 -6.8291175E-03  0.0000000E+00
  2.0799350E+02  5.3342356E-03  7.6968124E-04 -9.3437900E-05 -6.5551170E-03  0.0000000E+00
  2.0799350E+02  5.3148871E-03  6.5145973E-04 -4.9575494E-06 -6.2890416E-03  0.0000000E+00
  2.0799350E+02  5.2447373E-03  5.4229997E-04  8.0150529E-05 -6.0321405E-03  0.0000000E+00
  2.0799350E+02  5.1316307E-03  4.4865232E-04  1.5254007E-04 -5.7842249E-03  0.0000000E+00
  2.0799350E+02  4.9893891E-03  3.7495828E-04  2.0510724E-04 -5.5451179E-03  0.0000000E+00
  2.0799350E+02  4.8338171E-03  3.2347760E-04  2.3395887E-04 -5.3157891E-03  0.0000000E+00
  2.0799350E+02  4.6774107E-03  2.9323131E-04  2.3941260E-04 -5.0953090E-03  0.0000000E+00
  2.0799350E+02  4.5293781E-03  2.8086915E-04  2.2531667E-04 -4.8840871E-03  0.0000000E+00
  2.0799350E+02  4.3926170E-03  2.8077575E-04  1.9827631E-04 -4.6810406E-03  0.0000000E+00
  2.0799350E+02  4.2642713E-03  2.8647337E-04  1.6593404E-04 -4.4848933E-03  0.0000000E+00
  2.0799350E+02  4.1363843E-03  2.9231789E-04  1.3503028E-04 -4.2952991E-03  0.0000000E+00
  2.0799350E+02  3.9946753E-03  2.9619066E-04  1.0821975E-04 -4.1109743E-03  0.0000000E+00
  2.0799350E+02  3.8190255E-03  3.0299417E-04  8.0859554E-05 -3.9311725E-03  0.0000000E+00
  2.0799350E+02  3.6071793E-03  3.1997504E-04  4.5458841E-05 -3.7562160E-03  0.0000000E+00
  2.0799350E+02  3.4401642E-03  3.2547502E-04  1.9532471E-05 -3.5836542E-03  0.0000000E+00
  2.0799350E+02  3.2904587E-03  3.2850300E-04 -4.4811339E-06 -3.4143566E-03  0.0000000E+00
  2.0799350E+02  3.1519464E-03  3.2700065E-04 -2.3434348E-05 -3.2467545E-03  0.0000000E+00
  2.0799350E+02  3.0175219E-03  3.2015501E-04 -3.5648744E-05 -3.0800118E-03  0.0000000E+00
  2.0799350E+02  2.8821048E-03  3.0813169E-04 -4.0659373E-05 -2.9147538E-03  0.0000000E+00
  2.0799350E+02  2.7421954E-03  2.9163591E-04 -3.9021854E-05 -2.7508090E-03  0.0000000E+00
  2.0799350E+02  2.5981739E-03  2.7177037E-04 -3.1870986E-05 -2.5894106E-03  0.0000000E+00
  2.0799350E+02  2.4521632E-03  2.4958099E-04 -2.0560613E-05 -2.4309646E-03  0.0000000E+00
  2.0799350E+02  2.3078790E-03  2.2592033E-04 -6.3100553E-06 -2.2758126E-03  0.0000000E+00
  2.0799350E+02  2.1702362E-03  2.0146672E-04  9.9306869E-06 -2.1249333E-03  0.0000000E+00
  2.0799350E+02  2.0425168E-03  1.7643755E-04  2.7755845E-05 -1.9782036E-03  0.0000000E+00
  2.0799350E+02  1.9260798E-03  1.5079671E-04  4.7190406E-05 -1.8352571E-03  0.0000000E+00
  2.0799350E+02  1.8201059E-03  1.2461711E-04  6.8308247E-05 -1.6962802E-03  0.0000000E+00
  2.0799350E+02  1.7199047E-03  9.8128387E-05  9.0963562E-05 -1.5603702E-03  0.0000000E+00
  2.0799350E+02  1.6189666E-03  7.2633359E-05  1.1366923E-04 -1.4277704E-03  0.0000000E+00
  2.0799350E+02  1.5091349E-03  5.0904556E-05  1.3271735E-04 -1.2984817E-03  0.0000000E+00
  2.0799350E+02  1.3947331E-03  3.6545570E-05  1.4190596E-04 -1.1729673E-03  0.0000000E+00
  2.0799350E+02  1.2984173E-03  2.6532782E-05  1.4244499E-04 -1.0516855E-03  0.0000000E+00
  2.0799350E+02  1.2024295E-03  1.9339416E-05  1.3898567E-04 -9.3521644E-04  0.0000000E+00
  2.0799350E+02  1.1031540E-03  1.3554950E-05  1.3478167E-04 -8.2436714E-04  0.0000000E+00
  2.0799350E+02  1.0001607E-03  8.4291017E-06  1.3125805E-04 -7.1903354E-04  0.0000000E+00
  2.0799350E+02  8.9506917E-04  3.7630076E-06  1.2862652E-04 -6.1892557E-04  0.0000000E+00
  2.0799350E+02  7.9091761E-04 -2.6296903E-07  1.2641860E-04 -5.2411724E-04  0.0000000E+00
  2.0799350E+02  6.9016361E-04 -3.3452988E-06  1.2389897E-04 -4.3402250E-04  0.0000000E+00
  2.0799350E+02  5.9473148E-04 -5.2232847E-06  1.2042868E-04 -3.4802232E-04  0.0000000E+00
  2.0799350E+02  5.0622784E-04 -5.8463822E-06  1.1573909E-04 -2.6593330E-04  0.0000000E+00
  2.0799350E+02  4.2472647E-04 -5.5126440E-06  1.1003008E-04 -1.8697834E-04  0.0000000E+00
  2.0799350E+02  3.5017916E-04 -4.9042704E-06  1.0406555E-04 -1.1099539E-04  0.0000000E+00
  2.0799350E+02  2.8164234E-04 -5.0395350E-06  9.9009913E-05 -3.7440055E-05  0.0000000E+00
  2.0799350E+02  0.0000000E+00  0.0000000E+00  0.0000000E+00 -8.3581782E-02  0.0000000E+00
  2.0799350E+02  4.3403149E-02 -1.9152110E-04 -3.9644250E-05 -8.3003663E-02  0.0000000E+00
  2.0799350E+02  1.3687264E-01 -2.5798217E-03 -1.1140470E-04 -8.1704903E-02  0.0000000E+00
  2.0799350E+02  1.2109743E-01 -5.6739376E-03 -6.7095873E-06 -7.9828413E-02  0.0000000E+00
  2.0799350E+02  6.6475904E-02 -6.3881724E-03  1.1485204E-04 -7.7842097E-02  0.0000000E+00
  2.0799350E+02  3.1484157E-02 -5.3397211E-03  2.6159657E-06 -7.5985779E-02  0.0000000E+00
  2.0799350E+02  1.2862394E-02 -4.0112830E-03 -2.5610176E-05 -7.4284302E-02  0.0000000E+00
  2.0799350E+02  4.0809503E-03 -3.0575742E-03  2.3002859E-04 -7.2672163E-02  0.0000000E+00
  2.0799350E+02  3.2004052E-04 -2.5492999E-03  5.4727116E-04 -7.1069339E-02  0.0000000E+00
  2.0799350E+02 -2.3245752E-04 -2.3754429E-03  8.0896681E-04 -6.9415805E-02  0.0000000E+00
  2.0799350E+02  1.1414365E-03 -2.3924976E-03  9.2073437E-04 -6.7671572E-02  0.0000000E+00
  2.0799350E+02  3.3168352E-03 -2.5183951E-03  9.1751287E-04 -6.5821830E-02  0.0000000E+00
  2.0799350E+02  5.5332951E-03 -2.7376959E-03  9.0401583E-04 -6.3879564E-02  0.0000000E+00
  2.0799350E+02  7.5184784E-03 -3.0400553E-03  9.3661882E-04 -6.1879761E-02  0.0000000E+00
  2.0799350E+02  9.4001948E-03 -3.3616334E-03  9.5908278E-04 -5.9863880E-02  0.0000000E+00
  2.0799350E+02  1.1344929E-02 -3.5894946E-03  8.5422053E-04 -5.7856695E-02  0.0000000E+00
  2.0799350E+02  1.3063150E-02 -3.7969564E-03  7.6768475E-04 -5.5869833E-02  0.0000000E+00
  2.0799350E+02  1.4249596E-02 -3.9128787E-03  6.8326460E-04 -5.3910321E-02  0.0000000E+00
  2.0799350E+02  1.4898557E-02 -3.8570410E-03  5.0258725E-04 -5.1988108E-02  0.0000000E+00
  2.0799350E+02  1.5150772E-02 -3.6401106E-03  2.1915665E-04 -5.0111990E-02  0.0000000E+00
  2.0799350E+02  1.5218303E-02 -3.3265925E-03 -1.1583146E-04 -4.8287736E-02  0.0000000E+00
  2.0799350E+02  1.5297594E-02 -2.9892662E-03 -4.3761581E-04 -4.6518258E-02  0.0000000E+00
  2.0799350E+02  1.5492656E-02 -2.6703670E-03 -7.0672346E-04 -4.4804743E-02  0.0000000E+00
  2.0799350E+02  1.5770323E-02 -2.3647707E-03 -9.2733767E-04 -4.3147687E-02  0.0000000E+00
  2.0799350E+02  1.5969536E-02 -2.0404397E-03 -1.1299659E-03 -4.1546751E-02  0.0000000E+00
  2.0799350E+02  1.5886600E-02 -1.7113896E-03 -1.3031944E-03 -3.9998389E-02  0.0000000E+00
  2.0799350E+02  1.5426869E-02 -1.4997432E-03 -1.3078324E-03 -3.8498578E-02  0.0000000E+00
  2.0799350E+02  1.4830775E-02 -1.2867398E-03 -1.3515917E-03 -3.7047884E-02  0.0000000E+00
  2.0799350E+02  1.4031795E-02 -1.0476528E-03 -1.4351018E-03 -3.5641726E-02  0.0000000E+00
  2.0799350E+02  1.3050857E-02 -8.0801073E-04 -1.4905681E-03 -3.4286643E-02  0.0000000E+00
  2.0799350E+02  1.2011560E-02 -5.9848650E-04 -1.4755284E-03 -3.2991324E-02  0.0000000E+00
  2.0799350E+02  1.1067106E-02 -4.4210557E-04 -1.3811275E-03 -3.1761341E-02  0.0000000E+00
  2.0799350E+02  1.0341180E-02 -3.4767542E-04 -1.2271636E-03 -3.0597163E-02  0.0000000E+00
  2.0799350E+02  9.8871985E-03 -3.0849885E-04 -1.0489718E-03 -2.9494574E-02  0.0000000E+00
  2.0799350E+02  9.6703859E-03 -3.0543498E-04 -8.8120899E-04 -2.8446556E-02  0.0000000E+00
  2.0799350E+02  9.5770812E-03 -3.1337111E-04 -7.4360299E-04 -2.7445750E-02  0.0000000E+00
  2.0799350E+02  9.4557298E-03 -3.1016889E-04 -6.3373127E-04 -2.6486583E-02  0.0000000E+00
  2.0799350E+02  9.1939822E-03 -2.8714824E-04 -5.3189281E-04 -2.5566139E-02  0.0000000E+00
  2.0799350E+02  8.8363339E-03 -2.6017221E-04 -4.2313713E-04 -2.4682896E-02  0.0000000E+00
  2.0799350E+02  8.6757941E-03 -2.4845055E-04 -3.5321447E-04 -2.3835266E-02  0.0000000E+00
  2.0799350E+02  8.4922901E-03 -2.1770439E-04 -3.1482798E-04 -2.3019071E-02  0.0000000E+00
  2.0799350E+02  8.2653481E-03 -1.7826342E-04 -2.8379128E-04 -2.2231609E-02  0.0000000E+00
  2.0799350E+02  8.0604012E-03 -1.4144950E-04 -2.5623891E-04 -2.1472483E-02  0.0000000E+00
  2.0799350E+02  7.9030136E-03 -1.1779315E-04 -2.2621476E-04 -2.0740928E-02  0.0000000E+00
  2.0799350E+02  7.7897386E-03 -1.1124763E-04 -1.9147525E-04 -2.0035817E-02  0.0000000E+00
  2.0799350E+02  7.6994922E-03 -1.1777820E-04 -1.5527841E-04 -1.9355635E-02  0.0000000E+00
  2.0799350E+02  7.6045175E-03 -1.2715101E-04 -1.2523506E-04 -1.8698466E-02  0.0000000E+00
  2.0799350E+02  7.4800091E-03 -1.2674605E-04 -1.1029879E-04 -1.8062030E-02  0.0000000E+00
  2.0799350E+02  7.3114710E-03 -1.0621859E-04 -1.1697075E-04 -1.7443791E-02  0.0000000E+00
  2.0799350E+02  7.0988798E-03 -6.1833541E-05 -1.4579605E-04 -1.6841196E-02  0.0000000E+00
  2.0799350E+02  6.8567239E-03  7.0287072E-07 -1.8922780E-04 -1.6252055E-02  0.0000000E+00
  2.0799350E+02  6.6089925E-03  6.6089615E-05 -2.3193543E-04 -1.5675119E-02  0.0000000E+00
  2.0799350E+02  6.3781845E-03  1.1313119E-04 -2.5463364E-04 -1.5110884E-02  0.0000000E+00
  2.0799350E+02  6.1674101E-03  1.2346730E-04 -2.4250827E-04 -1.4562647E-02  0.0000000E+00
  2.0799350E+02  5.9976716E-03  9.8390120E-05 -1.9572127E-04 -1.4031412E-02  0.0000000E+00
  2.0799350E+02  5.9285107E-03  4.8088348E-05 -1.2789305E-04 -1.3517721E-02  0.0000000E+00
  2.0799350E+02  5.8750406E-03 -1.5123598E-05 -4.8243014E-05 -1.3022490E-02  0.0000000E+00
  2.0799350E+02  5.8016642E-03 -8.0982191E-05  3.5759467E-05 -1.2543873E-02  0.0000000E+00
  2.0799350E+02  5.6999225E-03 -1.4301288E-04  1.1619235E-04 -1.2081279E-02  0.0000000E+00
  2.0799350E+02  5.5756977E-03 -1.9647181E-04  1.8554172E-04 -1.1634587E-02  0.0000000E+00
  2.0799350E+02  5.4400782E-03 -2.3741333E-04  2.3755977E-04 -1.1203673E-02  0.0000000E+00
  2.0799350E+02  5.3033752E-03 -2.6258149E-04  2.6802725E-04 -1.0788178E-02  0.0000000E+00
  2.0799350E+02  5.1717841E-03 -2.6982327E-04  2.7532756E-04 -1.0387468E-02  0.0000000E+00
  2.0799350E+02  5.0461810E-03 -2.5872174E-04  2.6073977E-04 -1.0000716E-02  0.0000000E+00
  2.0799350E+02  4.9225466E-03 -2.3114709E-04  2.2835773E-04 -9.6270372E-03  0.0000000E+00
  2.0799350E+02  4.7935073E-03 -1.9142348E-04  1.8454255E-04 -9.2656256E-03  0.0000000E+00
  2.0799350E+02  4.6504871E-03 -1.4580974E-04  1.3681579E-04 -8.9158236E-03  0.0000000E+00
  2.0799350E+02  4.4859601E-03 -1.0099200E-04  9.2100316E-05 -8.5770605E-03  0.0000000E+00
  2.0799350E+02  4.2952950E-03 -6.1286050E-05  5.4216385E-05 -8.2486004E-03  0.0000000E+00
  2.0799350E+02  4.0776847E-03 -2.4247674E-05  2.0539954E-05 -7.9290347E-03  0.0000000E+00
  2.0799350E+02  3.8419252E-03  1.6135960E-05 -1.4612961E-05 -7.6168257E-03  0.0000000E+00
  2.0799350E+02  3.6308242E-03  4.2515139E-05 -3.7613244E-05 -7.3121870E-03  0.0000000E+00
  2.0799350E+02  3.4419268E-03  6.5305343E-05 -5.7910899E-05 -7.0128413E-03  0.0000000E+00
  2.0799350E+02  3.2695245E-03  8.0628148E-05 -7.2217602E-05 -6.7192725E-03  0.0000000E+00
  2.0799350E+02  3.1077772E-03  8.6623735E-05 -7.8165139E-05 -6.4315192E-03  0.0000000E+00
  2.0799350E+02  2.9520124E-03  8.3299323E-05 -7.4905052E-05 -6.1496115E-03  0.0000000E+00
  2.0799350E+02  2.7993939E-03  7.2150822E-05 -6.3190892E-05 -5.8737840E-03  0.0000000E+00
  2.0799350E+02  2.6490673E-03  5.5635380E-05 -4.5074780E-05 -5.6045136E-03  0.0000000E+00
  2.0799350E+02  2.5018930E-03  3.6572490E-05 -2.3349947E-05 -5.3424327E-03  0.0000000E+00
  2.0799350E+02  2.3601240E-03  1.7584552E-05 -9.1093979E-07 -5.0886220E-03  0.0000000E+00
  2.0799350E+02  2.2256141E-03  4.5076619E-07  2.0080830E-05 -4.8425929E-03  0.0000000E+00
  2.0799350E+02  2.1005125E-03 -1.4027559E-05  3.8475011E-05 -4.6048964E-03  0.0000000E+00
  2.0799350E+02  1.9853799E-03 -2.6278584E-05  5.4557115E-05 -4.3751761E-03  0.0000000E+00
  2.0799350E+02  1.8787401E-03 -3.7716311E-05  6.9860664E-05 -4.1526758E-03  0.0000000E+00
  2.0799350E+02  1.7766054E-03 -5.0137770E-05  8.6484373E-05 -3.9364533E-03  0.0000000E+00
  2.0799350E+02  1.6723465E-03 -6.4648066E-05  1.0574179E-04 -3.7258195E-03  0.0000000E+00
  2.0799350E+02  1.5570162E-03 -8.0035632E-05  1.2601167E-04 -3.5210519E-03  0.0000000E+00
  2.0799350E+02  1.4214784E-03 -8.8831771E-05  1.3982811E-04 -3.3224914E-03  0.0000000E+00
  2.0799350E+02  1.2991713E-03 -8.8626158E-05  1.4164967E-04 -3.1292261E-03  0.0000000E+00
  2.0799350E+02  1.1928464E-03 -8.6651397E-05  1.3792862E-04 -2.9436333E-03  0.0000000E+00
  2.0799350E+02  1.0922632E-03 -8.5045412E-05  1.3350133E-04 -2.7657259E-03  0.0000000E+00
  2.0799350E+02  9.9231618E-04 -8.4801649E-05  1.3063996E-04 -2.5954221E-03  0.0000000E+00
  2.0799350E+02  8.9141186E-04 -8.5949742E-05  1.2979675E-04 -2.4324728E-03  0.0000000E+00
  2.0799350E+02  7.9014436E-04 -8.7829206E-05  1.3028637E-04 -2.2764512E-03  0.0000000E+00
  2.0799350E+02  6.9025019E-04 -8.9417094E-05  1.3088988E-04 -2.1267872E-03  0.0000000E+00
  2.0799350E+02  5.9382042E-04 -8.9670533E-05  1.3036353E-04 -1.9828325E-03  0.0000000E+00
  2.0799350E+02  5.0274914E-04 -8.7845073E-05  1.2783606E-04 -1.8439388E-03  0.0000000E+00
  2.0799350E+02  4.1839718E-04 -8.3749774E-05  1.2307795E-04 -1.7095358E-03  0.0000000E+00
  2.0799350E+02  3.4144994E-04 -7.7899958E-05  1.1662586E-04 -1.5791903E-03  0.0000000E+00
  2.0799350E+02  2.7194819E-04 -7.1528548E-05  1.0974601E-04 -1.4526334E-03  0.0000000E+00
