          atime         pst_uu         pst_vv         pst_ww         pm1avg           tavg
  2.0799350E+02  1.2421629E-02 -1.2374928E-02 -2.5921610E-05 -5.1768939E-02  0.0000000E+00
  2.0799350E+02  1.8228383E-02 -7.2420615E-03 -1.0973208E-02 -5.1810476E-02  0.0000000E+00
  2.0799350E+02  2.5375123E-02 -1.1873019E-02 -1.3459200E-02 -5.1832752E-02  0.0000000E+00
  2.0799350E+02  2.7637005E-02 -1.3549538E-02 -1.4061633E-02 -5.1839544E-02  0.0000000E+00
  2.0799350E+02  2.6788157E-02 -1.3664741E-02 -1.3093265E-02 -5.1809062E-02  0.0000000E+00
  2.0799350E+02  2.3824573E-02 -1.3222567E-02 -1.0604821E-02 -5.1753684E-02  0.0000000E+00
  2.0799350E+02  2.0331951E-02 -1.3184144E-02 -7.1660179E-03 -5.1705599E-02  0.0000000E+00
  2.0799350E+02  1.7328290E-02 -1.3516733E-02 -3.8262161E-03 -5.1690854E-02  0.0000000E+00
  2.0799350E+02  1.5257492E-02 -1.3938817E-02 -1.3152848E-03 -5.1704730E-02  0.0000000E+00
  2.0799350E+02  1.4019741E-02 -1.4195859E-02  1.9288108E-04 -5.1713309E-02  0.0000000E+00
  2.0799350E+02  1.3481301E-02 -1.4331093E-02  8.6889335E-04 -5.1676756E-02  0.0000000E+00
  2.0799350E+02  1.3395382E-02 -1.4378088E-02  9.9815512E-04 -5.1554776E-02  0.0000000E+00
  2.0799350E+02  1.3487456E-02 -1.4224229E-02  7.3477512E-04 -5.1314032E-02  0.0000000E+00
  2.0799350E+02  1.3535026E-02 -1.3572496E-02  4.3580771E-05 -5.0939513E-02  0.0000000E+00
  2.0799350E+02  1.3451809E-02 -1.2291233E-02 -1.1057563E-03 -5.0430306E-02  0.0000000E+00
  2.0799350E+02  1.3332350E-02 -1.0845179E-02 -2.4417050E-03 -4.9795416E-02  0.0000000E+00
  2.0799350E+02  1.3265161E-02 -9.7313874E-03 -3.4668123E-03 -4.9052061E-02  0.0000000E+00
  2.0799350E+02  1.3206576E-02 -8.9944822E-03 -4.1605541E-03 -4.8221614E-02  0.0000000E+00
  2.0799350E+02  1.3129089E-02 -8.3446214E-03 -4.7269348E-03 -4.7328864E-02  0.0000000E+00
  2.0799350E+02  1.3062376E-02 -7.8362951E-03 -5.1619175E-03 -4.6384967E-02  0.0000000E+00
  2.0799350E+02  1.3064214E-02 -7.6506053E-03 -5.3568939E-03 -4.5405385E-02  0.0000000E+00
  2.0799350E+02  1.3177040E-02 -7.9020482E-03 -5.2298598E-03 -4.4398823E-02  0.0000000E+00
  2.0799350E+02  1.3391743E-02 -8.5264419E-03 -4.8193256E-03 -4.3370604E-02  0.0000000E+00
  2.0799350E+02  1.3631328E-02 -9.2520833E-03 -4.3214133E-03 -4.2327541E-02  0.0000000E+00
  2.0799350E+02  1.3779705E-02 -9.7078636E-03 -4.0118187E-03 -4.1269159E-02  0.0000000E+00
  2.0799350E+02  1.3764669E-02 -9.6695338E-03 -4.0306092E-03 -4.0201255E-02  0.0000000E+00
  2.0799350E+02  1.3518288E-02 -9.2357082E-03 -4.2331223E-03 -3.9133389E-02  0.0000000E+00
  2.0799350E+02  1.3019208E-02 -8.4442139E-03 -4.5541354E-03 -3.8073019E-02  0.0000000E+00
  2.0799350E+02  1.2434156E-02 -7.6014639E-03 -4.8269471E-03 -3.7025380E-02  0.0000000E+00
  2.0799350E+02  1.1852554E-02 -6.8835072E-03 -4.9749473E-03 -3.5986310E-02  0.0000000E+00
  2.0799350E+02  1.1322609E-02 -6.3501388E-03 -4.9833774E-03 -3.4955008E-02  0.0000000E+00
  2.0799350E+02  1.0857413E-02 -5.9806042E-03 -4.8831077E-03 -3.3937170E-02  0.0000000E+00
  2.0799350E+02  1.0440063E-02 -5.7075981E-03 -4.7266381E-03 -3.2931404E-02  0.0000000E+00
  2.0799350E+02  1.0046160E-02 -5.4628067E-03 -4.5642083E-03 -3.1944134E-02  0.0000000E+00
  2.0799350E+02  9.6538174E-03 -5.2049915E-03 -4.4216664E-03 -3.0977458E-02  0.0000000E+00
  2.0799350E+02  9.2568926E-03 -4.9386886E-03 -4.2908752E-03 -3.0034851E-02  0.0000000E+00
  2.0799350E+02  8.8691785E-03 -4.7109808E-03 -4.1353089E-03 -2.9125082E-02  0.0000000E+00
  2.0799350E+02  8.5090767E-03 -4.5748641E-03 -3.9147317E-03 -2.8249235E-02  0.0000000E+00
  2.0799350E+02  8.1734335E-03 -4.5214576E-03 -3.6380990E-03 -2.7400717E-02  0.0000000E+00
  2.0799350E+02  7.8753136E-03 -4.4910230E-03 -3.3803259E-03 -2.6578645E-02  0.0000000E+00
  2.0799350E+02  7.5648147E-03 -4.4288114E-03 -3.1332175E-03 -2.5777846E-02  0.0000000E+00
  2.0799350E+02  7.2743050E-03 -4.2980560E-03 -2.9764527E-03 -2.4996998E-02  0.0000000E+00
  2.0799350E+02  7.0441469E-03 -4.1162960E-03 -2.9296110E-03 -2.4238723E-02  0.0000000E+00
  2.0799350E+02  6.8609765E-03 -3.8876093E-03 -2.9745004E-03 -2.3502439E-02  0.0000000E+00
  2.0799350E+02  6.6947438E-03 -3.6218791E-03 -3.0717503E-03 -2.2790135E-02  0.0000000E+00
  2.0799350E+02  6.5182468E-03 -3.3377584E-03 -3.1765120E-03 -2.2098245E-02  0.0000000E+00
  2.0799350E+02  6.3198174E-03 -3.0639958E-03 -3.2492818E-03 -2.1428244E-02  0.0000000E+00
  2.0799350E+02  6.1023481E-03 -2.8286327E-03 -3.2654017E-03 -2.0777739E-02  0.0000000E+00
  2.0799350E+02  5.8794827E-03 -2.6518688E-03 -3.2183314E-03 -2.0144029E-02  0.0000000E+00
  2.0799350E+02  5.6693401E-03 -2.5394396E-03 -3.1201126E-03 -1.9527093E-02  0.0000000E+00
  2.0799350E+02  5.4844070E-03 -2.4784167E-03 -2.9957225E-03 -1.8922789E-02  0.0000000E+00
  2.0799350E+02  5.3281027E-03 -2.4445873E-03 -2.8726537E-03 -1.8326928E-02  0.0000000E+00
  2.0799350E+02  5.1963834E-03 -2.4199301E-03 -2.7655168E-03 -1.7739732E-02  0.0000000E+00
  2.0799350E+02  5.0855070E-03 -2.4249945E-03 -2.6519428E-03 -1.7160781E-02  0.0000000E+00
  2.0799350E+02  4.9772398E-03 -2.4387320E-03 -2.5362080E-03 -1.6592342E-02  0.0000000E+00
  2.0799350E+02  4.8582261E-03 -2.4272761E-03 -2.4332401E-03 -1.6033649E-02  0.0000000E+00
  2.0799350E+02  4.7364399E-03 -2.4244805E-03 -2.3162113E-03 -1.5488873E-02  0.0000000E+00
  2.0799350E+02  4.6071662E-03 -2.4093196E-03 -2.2020149E-03 -1.4960795E-02  0.0000000E+00
  2.0799350E+02  4.4730283E-03 -2.3822458E-03 -2.0938453E-03 -1.4448522E-02  0.0000000E+00
  2.0799350E+02  4.3416014E-03 -2.3563148E-03 -1.9871330E-03 -1.3954389E-02  0.0000000E+00
  2.0799350E+02  4.2201617E-03 -2.3488363E-03 -1.8723819E-03 -1.3477196E-02  0.0000000E+00
  2.0799350E+02  4.1136796E-03 -2.3749784E-03 -1.7395300E-03 -1.3015156E-02  0.0000000E+00
  2.0799350E+02  4.0234195E-03 -2.4424345E-03 -1.5819914E-03 -1.2568524E-02  0.0000000E+00
  2.0799350E+02  3.9447968E-03 -2.5487876E-03 -1.3973325E-03 -1.2134223E-02  0.0000000E+00
  2.0799350E+02  3.8690253E-03 -2.6796646E-03 -1.1909514E-03 -1.1712648E-02  0.0000000E+00
  2.0799350E+02  3.7837057E-03 -2.8115470E-03 -9.7397552E-04 -1.1302395E-02  0.0000000E+00
  2.0799350E+02  3.6762272E-03 -2.9156169E-03 -7.6279169E-04 -1.0902713E-02  0.0000000E+00
  2.0799350E+02  3.5390506E-03 -2.9647184E-03 -5.7712698E-04 -1.0515254E-02  0.0000000E+00
  2.0799350E+02  3.3748942E-03 -2.9454461E-03 -4.3262714E-04 -1.0139014E-02  0.0000000E+00
  2.0799350E+02  3.2053031E-03 -2.8716818E-03 -3.3500003E-04 -9.7712642E-03  0.0000000E+00
  2.0799350E+02  3.0635904E-03 -2.7956951E-03 -2.6514649E-04 -9.4110534E-03  0.0000000E+00
  2.0799350E+02  2.9352568E-03 -2.7184891E-03 -2.1533906E-04 -9.0619972E-03  0.0000000E+00
  2.0799350E+02  2.8342322E-03 -2.6477335E-03 -1.8495549E-04 -8.7199815E-03  0.0000000E+00
  2.0799350E+02  2.7423159E-03 -2.5787506E-03 -1.6207832E-04 -8.3848788E-03  0.0000000E+00
  2.0799350E+02  2.6485494E-03 -2.4973421E-03 -1.5023576E-04 -8.0557821E-03  0.0000000E+00
  2.0799350E+02  2.5484019E-03 -2.3906972E-03 -1.5743484E-04 -7.7333888E-03  0.0000000E+00
  2.0799350E+02  2.4412158E-03 -2.2520917E-03 -1.8938594E-04 -7.4162857E-03  0.0000000E+00
  2.0799350E+02  2.3302290E-03 -2.0845363E-03 -2.4610826E-04 -7.1057605E-03  0.0000000E+00
  2.0799350E+02  2.2198420E-03 -1.8983206E-03 -3.2172482E-04 -6.8017851E-03  0.0000000E+00
  2.0799350E+02  2.1148811E-03 -1.7087822E-03 -4.0589488E-04 -6.5046502E-03  0.0000000E+00
  2.0799350E+02  2.0199972E-03 -1.5334955E-03 -4.8591028E-04 -6.2163099E-03  0.0000000E+00
  2.0799350E+02  1.9375970E-03 -1.3859586E-03 -5.5080732E-04 -5.9369508E-03  0.0000000E+00
  2.0799350E+02  1.8678833E-03 -1.2732111E-03 -5.9371231E-04 -5.6664618E-03  0.0000000E+00
  2.0799350E+02  1.8088911E-03 -1.1941119E-03 -6.1362423E-04 -5.4056889E-03  0.0000000E+00
  2.0799350E+02  1.7558589E-03 -1.1382903E-03 -6.1601557E-04 -5.1530684E-03  0.0000000E+00
  2.0799350E+02  1.7028504E-03 -1.0908659E-03 -6.1013562E-04 -4.9085502E-03  0.0000000E+00
  2.0799350E+02  1.6433944E-03 -1.0392639E-03 -6.0349867E-04 -4.6707719E-03  0.0000000E+00
  2.0799350E+02  1.5729570E-03 -9.6987788E-04 -6.0376731E-04 -4.4392335E-03  0.0000000E+00
  2.0799350E+02  1.5040957E-03 -8.8938717E-04 -6.1404532E-04 -4.2141158E-03  0.0000000E+00
  2.0799350E+02  1.4432048E-03 -8.3246626E-04 -6.1048737E-04 -3.9949426E-03  0.0000000E+00
  2.0799350E+02  1.3897121E-03 -7.9751336E-04 -5.9241664E-04 -3.7835312E-03  0.0000000E+00
  2.0799350E+02  1.3414421E-03 -7.7735738E-04 -5.6432589E-04 -3.5801251E-03  0.0000000E+00
  2.0799350E+02  1.2959124E-03 -7.6365001E-04 -5.3217060E-04 -3.3845907E-03  0.0000000E+00
  2.0799350E+02  1.2511800E-03 -7.4937559E-04 -5.0130491E-04 -3.1974324E-03  0.0000000E+00
  2.0799350E+02  1.2057493E-03 -7.3008330E-04 -4.7491738E-04 -3.0177691E-03  0.0000000E+00
  2.0799350E+02  1.1589927E-03 -7.0432451E-04 -4.5391527E-04 -2.8445645E-03  0.0000000E+00
  2.0799350E+02  1.1114080E-03 -6.7348261E-04 -4.3734817E-04 -2.6776344E-03  0.0000000E+00
  2.0799350E+02  1.0638896E-03 -6.4057707E-04 -4.2293698E-04 -2.5156268E-03  0.0000000E+00
  2.0799350E+02  1.0181569E-03 -6.0953338E-04 -4.0832354E-04 -2.3585385E-03  0.0000000E+00
  2.0799350E+02  9.7583874E-04 -5.8356785E-04 -3.9185962E-04 -2.2057215E-03  0.0000000E+00
  2.0799350E+02 -1.5478603E-02  1.5476075E-02 -1.8163055E-17 -2.1404089E-02  0.0000000E+00
  2.0799350E+02 -9.3154876E-03  1.4406871E-02 -5.0882413E-03 -2.1611591E-02  0.0000000E+00
  2.0799350E+02  3.9298647E-03  1.1157567E-03 -5.0511965E-03 -2.1834745E-02  0.0000000E+00
  2.0799350E+02  1.3513098E-02 -8.1484313E-03 -5.3571890E-03 -2.2112740E-02  0.0000000E+00
  2.0799350E+02  2.0731630E-02 -1.3315508E-02 -7.3996796E-03 -2.2422798E-02  0.0000000E+00
  2.0799350E+02  2.6719008E-02 -1.5537761E-02 -1.1140175E-02 -2.2729033E-02  0.0000000E+00
  2.0799350E+02  3.1229705E-02 -1.5765019E-02 -1.5476673E-02 -2.3022453E-02  0.0000000E+00
  2.0799350E+02  3.3910051E-02 -1.5393460E-02 -1.8526561E-02 -2.3324628E-02  0.0000000E+00
  2.0799350E+02  3.4267666E-02 -1.5257385E-02 -1.9036884E-02 -2.3661799E-02  0.0000000E+00
  2.0799350E+02  3.2379328E-02 -1.4791190E-02 -1.7554781E-02 -2.4079126E-02  0.0000000E+00
  2.0799350E+02  2.8784354E-02 -1.3352749E-02 -1.5385625E-02 -2.4583760E-02  0.0000000E+00
  2.0799350E+02  2.4716974E-02 -1.1419692E-02 -1.3264165E-02 -2.5165339E-02  0.0000000E+00
  2.0799350E+02  2.1251626E-02 -9.9273340E-03 -1.1290648E-02 -2.5805059E-02  0.0000000E+00
  2.0799350E+02  1.8831050E-02 -9.3517551E-03 -9.4458295E-03 -2.6465556E-02  0.0000000E+00
  2.0799350E+02  1.7313193E-02 -9.3612271E-03 -7.9349643E-03 -2.7095307E-02  0.0000000E+00
  2.0799350E+02  1.6400885E-02 -9.5356258E-03 -6.8358129E-03 -2.7677602E-02  0.0000000E+00
  2.0799350E+02  1.5690450E-02 -9.6079333E-03 -6.0795504E-03 -2.8182152E-02  0.0000000E+00
  2.0799350E+02  1.5048852E-02 -9.3074936E-03 -5.7278171E-03 -2.8600846E-02  0.0000000E+00
  2.0799350E+02  1.4457296E-02 -8.7386056E-03 -5.6959016E-03 -2.8919326E-02  0.0000000E+00
  2.0799350E+02  1.3965804E-02 -8.1886831E-03 -5.7538938E-03 -2.9134591E-02  0.0000000E+00
  2.0799350E+02  1.3613330E-02 -7.8323821E-03 -5.7603429E-03 -2.9246864E-02  0.0000000E+00
  2.0799350E+02  1.3405255E-02 -7.6780428E-03 -5.7061621E-03 -2.9259640E-02  0.0000000E+00
  2.0799350E+02  1.3326430E-02 -7.6527344E-03 -5.6493172E-03 -2.9180511E-02  0.0000000E+00
  2.0799350E+02  1.3360531E-02 -7.7206342E-03 -5.6148619E-03 -2.9022257E-02  0.0000000E+00
  2.0799350E+02  1.3485734E-02 -7.9293544E-03 -5.5340772E-03 -2.8799244E-02  0.0000000E+00
  2.0799350E+02  1.3620822E-02 -8.2794929E-03 -5.3002484E-03 -2.8519545E-02  0.0000000E+00
  2.0799350E+02  1.3762708E-02 -8.6745549E-03 -5.0517097E-03 -2.8190969E-02  0.0000000E+00
  2.0799350E+02  1.3793526E-02 -9.0747587E-03 -4.6784805E-03 -2.7824946E-02  0.0000000E+00
  2.0799350E+02  1.3778167E-02 -9.3107939E-03 -4.4216476E-03 -2.7422907E-02  0.0000000E+00
  2.0799350E+02  1.3748686E-02 -9.3081997E-03 -4.4041155E-03 -2.6990075E-02  0.0000000E+00
  2.0799350E+02  1.3664612E-02 -9.0580542E-03 -4.5850823E-03 -2.6529276E-02  0.0000000E+00
  2.0799350E+02  1.3486885E-02 -8.6226797E-03 -4.8517651E-03 -2.6045363E-02  0.0000000E+00
  2.0799350E+02  1.3206810E-02 -8.1061236E-03 -5.0879202E-03 -2.5540867E-02  0.0000000E+00
  2.0799350E+02  1.2845756E-02 -7.6136576E-03 -5.2141587E-03 -2.5019247E-02  0.0000000E+00
  2.0799350E+02  1.2437126E-02 -7.2094325E-03 -5.2070946E-03 -2.4483920E-02  0.0000000E+00
  2.0799350E+02  1.2003501E-02 -6.8885143E-03 -5.0979951E-03 -2.3937043E-02  0.0000000E+00
  2.0799350E+02  1.1546602E-02 -6.5810668E-03 -4.9549283E-03 -2.3383261E-02  0.0000000E+00
  2.0799350E+02  1.1051772E-02 -6.1959342E-03 -4.8471676E-03 -2.2824158E-02  0.0000000E+00
  2.0799350E+02  1.0535289E-02 -5.7291695E-03 -4.7986336E-03 -2.2262820E-02  0.0000000E+00
  2.0799350E+02  1.0032989E-02 -5.2202530E-03 -4.8043431E-03 -2.1703507E-02  0.0000000E+00
  2.0799350E+02  9.5148668E-03 -4.8808458E-03 -4.6271723E-03 -2.1151864E-02  0.0000000E+00
  2.0799350E+02  9.0541381E-03 -4.7500898E-03 -4.3049049E-03 -2.0610184E-02  0.0000000E+00
  2.0799350E+02  8.6418668E-03 -4.6841231E-03 -3.9605731E-03 -2.0079065E-02  0.0000000E+00
  2.0799350E+02  8.2563104E-03 -4.5969431E-03 -3.6591223E-03 -1.9556344E-02  0.0000000E+00
  2.0799350E+02  7.8880411E-03 -4.4535952E-03 -3.4300532E-03 -1.9042339E-02  0.0000000E+00
  2.0799350E+02  7.5424593E-03 -4.2562589E-03 -3.2791657E-03 -1.8535244E-02  0.0000000E+00
  2.0799350E+02  7.2378705E-03 -4.0287431E-03 -3.2009682E-03 -1.8035125E-02  0.0000000E+00
  2.0799350E+02  6.9933574E-03 -3.7998390E-03 -3.1841960E-03 -1.7542030E-02  0.0000000E+00
  2.0799350E+02  6.8176125E-03 -3.5912732E-03 -3.2146585E-03 -1.7059036E-02  0.0000000E+00
  2.0799350E+02  6.6966171E-03 -3.4067781E-03 -3.2755105E-03 -1.6586513E-02  0.0000000E+00
  2.0799350E+02  6.5935709E-03 -3.2331835E-03 -3.3462291E-03 -1.6125060E-02  0.0000000E+00
  2.0799350E+02  6.4589910E-03 -3.0500009E-03 -3.4004881E-03 -1.5674219E-02  0.0000000E+00
  2.0799350E+02  6.2581369E-03 -2.8523261E-03 -3.4040259E-03 -1.5231581E-02  0.0000000E+00
  2.0799350E+02  6.0224885E-03 -2.6915555E-03 -3.3133996E-03 -1.4796169E-02  0.0000000E+00
  2.0799350E+02  5.8175943E-03 -2.6752054E-03 -3.1228178E-03 -1.4363797E-02  0.0000000E+00
  2.0799350E+02  5.6032616E-03 -2.6762686E-03 -2.9246797E-03 -1.3933746E-02  0.0000000E+00
  2.0799350E+02  5.4055460E-03 -2.6593177E-03 -2.7424708E-03 -1.3504481E-02  0.0000000E+00
  2.0799350E+02  5.2196828E-03 -2.6285599E-03 -2.5849710E-03 -1.3078049E-02  0.0000000E+00
  2.0799350E+02  5.0428766E-03 -2.5918801E-03 -2.4462935E-03 -1.2655845E-02  0.0000000E+00
  2.0799350E+02  4.8743414E-03 -2.5565252E-03 -2.3171876E-03 -1.2240618E-02  0.0000000E+00
  2.0799350E+02  4.7138362E-03 -2.5270644E-03 -2.1900463E-03 -1.1834277E-02  0.0000000E+00
  2.0799350E+02  4.5623420E-03 -2.5054214E-03 -2.0619233E-03 -1.1440229E-02  0.0000000E+00
  2.0799350E+02  4.4201999E-03 -2.4916144E-03 -1.9328150E-03 -1.1058831E-02  0.0000000E+00
  2.0799350E+02  4.2882086E-03 -2.4856458E-03 -1.8045838E-03 -1.0690185E-02  0.0000000E+00
  2.0799350E+02  4.1672869E-03 -2.4891189E-03 -1.6781355E-03 -1.0333509E-02  0.0000000E+00
  2.0799350E+02  4.0581042E-03 -2.5063626E-03 -1.5508940E-03 -9.9867752E-03  0.0000000E+00
  2.0799350E+02  3.9613626E-03 -2.5441725E-03 -1.4166238E-03 -9.6494826E-03  0.0000000E+00
  2.0799350E+02  3.8757758E-03 -2.6100497E-03 -1.2652202E-03 -9.3194576E-03  0.0000000E+00
  2.0799350E+02  3.7974453E-03 -2.7077879E-03 -1.0878132E-03 -8.9958202E-03  0.0000000E+00
  2.0799350E+02  3.7174209E-03 -2.8303785E-03 -8.8444079E-04 -8.6783735E-03  0.0000000E+00
  2.0799350E+02  3.6285858E-03 -2.9386423E-03 -6.9081388E-04 -8.3695878E-03  0.0000000E+00
  2.0799350E+02  3.4986661E-03 -2.9390766E-03 -5.5886413E-04 -8.0663409E-03  0.0000000E+00
  2.0799350E+02  3.3390446E-03 -2.8993258E-03 -4.3977505E-04 -7.7694529E-03  0.0000000E+00
  2.0799350E+02  3.1871126E-03 -2.8610425E-03 -3.2639103E-04 -7.4785733E-03  0.0000000E+00
  2.0799350E+02  3.0537270E-03 -2.8272798E-03 -2.2607376E-04 -7.1943272E-03  0.0000000E+00
  2.0799350E+02  2.9350295E-03 -2.7830505E-03 -1.5051877E-04 -6.9154987E-03  0.0000000E+00
  2.0799350E+02  2.8227550E-03 -2.7100368E-03 -1.1046268E-04 -6.6413076E-03  0.0000000E+00
  2.0799350E+02  2.7095697E-03 -2.5953458E-03 -1.1183005E-04 -6.3710874E-03  0.0000000E+00
  2.0799350E+02  2.5915951E-03 -2.4354257E-03 -1.5424118E-04 -6.1039750E-03  0.0000000E+00
  2.0799350E+02  2.4697801E-03 -2.2378918E-03 -2.3068009E-04 -5.8408833E-03  0.0000000E+00
  2.0799350E+02  2.3476621E-03 -2.0177809E-03 -3.2925019E-04 -5.5817360E-03  0.0000000E+00
  2.0799350E+02  2.2303453E-03 -1.7948784E-03 -4.3507033E-04 -5.3273230E-03  0.0000000E+00
  2.0799350E+02  2.1221154E-03 -1.5887168E-03 -5.3303446E-04 -5.0782938E-03  0.0000000E+00
  2.0799350E+02  2.0256935E-03 -1.4158346E-03 -6.0973389E-04 -4.8367024E-03  0.0000000E+00
  2.0799350E+02  1.9407995E-03 -1.2846480E-03 -6.5674863E-04 -4.6030900E-03  0.0000000E+00
  2.0799350E+02  1.8665219E-03 -1.1962685E-03 -6.7136167E-04 -4.3778429E-03  0.0000000E+00
  2.0799350E+02  1.8051692E-03 -1.1465552E-03 -6.5696299E-04 -4.1598531E-03  0.0000000E+00
  2.0799350E+02  1.7625410E-03 -1.1372751E-03 -6.2162180E-04 -3.9489107E-03  0.0000000E+00
  2.0799350E+02  1.7086626E-03 -1.1093962E-03 -6.0016049E-04 -3.7446388E-03  0.0000000E+00
  2.0799350E+02  1.6435600E-03 -1.0545890E-03 -5.8957054E-04 -3.5450670E-03  0.0000000E+00
  2.0799350E+02  1.5732404E-03 -9.9538550E-04 -5.7730976E-04 -3.3506663E-03  0.0000000E+00
  2.0799350E+02  1.5026337E-03 -9.4305755E-04 -5.5848965E-04 -3.1617909E-03  0.0000000E+00
  2.0799350E+02  1.4356182E-03 -9.0138420E-04 -5.3332554E-04 -2.9797503E-03  0.0000000E+00
  2.0799350E+02  1.3741164E-03 -8.6902432E-04 -5.0466824E-04 -2.8046575E-03  0.0000000E+00
  2.0799350E+02  1.3187020E-03 -8.4234077E-04 -4.7629233E-04 -2.6366751E-03  0.0000000E+00
  2.0799350E+02  1.2686834E-03 -8.1717440E-04 -4.5144909E-04 -2.4753719E-03  0.0000000E+00
  2.0799350E+02  1.2228636E-03 -7.9041579E-04 -4.3210650E-04 -2.3208656E-03  0.0000000E+00
  2.0799350E+02  1.1795005E-03 -7.6061318E-04 -4.1821895E-04 -2.1721915E-03  0.0000000E+00
  2.0799350E+02  1.1371472E-03 -7.2846184E-04 -4.0792175E-04 -2.0285450E-03  0.0000000E+00
  2.0799350E+02  1.0949042E-03 -6.9646813E-04 -3.9795144E-04 -1.8888737E-03  0.0000000E+00
  2.0799350E+02 -3.5349977E-02  3.5344611E-02 -6.2044954E-06 -8.3592709E-03  0.0000000E+00
  2.0799350E+02 -3.6916976E-02  4.2159503E-02 -5.2452900E-03 -8.4467051E-03  0.0000000E+00
  2.0799350E+02 -1.8788314E-02  2.3252592E-02 -4.4750952E-03 -8.6501983E-03  0.0000000E+00
  2.0799350E+02 -4.3936326E-03  7.5255451E-03 -3.1355016E-03 -9.0020750E-03  0.0000000E+00
  2.0799350E+02  6.2561498E-03 -3.0185317E-03 -3.2569888E-03 -9.4427098E-03  0.0000000E+00
  2.0799350E+02  1.5403572E-02 -1.0029544E-02 -5.3598988E-03 -9.9013782E-03  0.0000000E+00
  2.0799350E+02  2.5334404E-02 -1.6413847E-02 -8.9057134E-03 -1.0320763E-02  0.0000000E+00
  2.0799350E+02  3.6736978E-02 -2.3824885E-02 -1.2896508E-02 -1.0650140E-02  0.0000000E+00
  2.0799350E+02  4.7400098E-02 -2.9775714E-02 -1.7679752E-02 -1.0840116E-02  0.0000000E+00
  2.0799350E+02  5.6482284E-02 -3.3175726E-02 -2.3348165E-02 -1.0868363E-02  0.0000000E+00
  2.0799350E+02  6.2792530E-02 -3.5004928E-02 -2.7751821E-02 -1.0757885E-02  0.0000000E+00
  2.0799350E+02  6.5110377E-02 -3.5323860E-02 -2.9696873E-02 -1.0569507E-02  0.0000000E+00
  2.0799350E+02  6.3179988E-02 -3.3362752E-02 -2.9763042E-02 -1.0373650E-02  0.0000000E+00
  2.0799350E+02  5.7816334E-02 -2.8766420E-02 -2.9019087E-02 -1.0219086E-02  0.0000000E+00
  2.0799350E+02  5.0469974E-02 -2.2843369E-02 -2.7494281E-02 -1.0124489E-02  0.0000000E+00
  2.0799350E+02  4.2739407E-02 -1.7879280E-02 -2.4747402E-02 -1.0104937E-02  0.0000000E+00
  2.0799350E+02  3.5557756E-02 -1.3561076E-02 -2.1896760E-02 -1.0162835E-02  0.0000000E+00
  2.0799350E+02  2.9474099E-02 -1.0712573E-02 -1.8716062E-02 -1.0301747E-02  0.0000000E+00
  2.0799350E+02  2.4848086E-02 -9.1574386E-03 -1.5661236E-02 -1.0513718E-02  0.0000000E+00
  2.0799350E+02  2.1598049E-02 -8.3624448E-03 -1.3196241E-02 -1.0783002E-02  0.0000000E+00
  2.0799350E+02  1.9370719E-02 -7.8180843E-03 -1.1500843E-02 -1.1092042E-02  0.0000000E+00
  2.0799350E+02  1.7752826E-02 -7.2360883E-03 -1.0458516E-02 -1.1422162E-02  0.0000000E+00
  2.0799350E+02  1.6417368E-02 -6.5748128E-03 -9.7828941E-03 -1.1755466E-02  0.0000000E+00
  2.0799350E+02  1.5229797E-02 -5.9663904E-03 -9.2099147E-03 -1.2071110E-02  0.0000000E+00
  2.0799350E+02  1.4237095E-02 -5.5779997E-03 -8.6218972E-03 -1.2349230E-02  0.0000000E+00
  2.0799350E+02  1.3556429E-02 -5.4732771E-03 -8.0301868E-03 -1.2575998E-02  0.0000000E+00
  2.0799350E+02  1.3176118E-02 -5.7688389E-03 -7.3851871E-03 -1.2743209E-02  0.0000000E+00
  2.0799350E+02  1.2946090E-02 -6.3088004E-03 -6.6482880E-03 -1.2855708E-02  0.0000000E+00
  2.0799350E+02  1.2896687E-02 -6.8960203E-03 -6.0048043E-03 -1.2914403E-02  0.0000000E+00
  2.0799350E+02  1.2994549E-02 -7.4590327E-03 -5.5261493E-03 -1.2924428E-02  0.0000000E+00
  2.0799350E+02  1.3161728E-02 -7.9418062E-03 -5.1993822E-03 -1.2894144E-02  0.0000000E+00
  2.0799350E+02  1.3321680E-02 -8.3098427E-03 -4.9832489E-03 -1.2831141E-02  0.0000000E+00
  2.0799350E+02  1.3425619E-02 -8.5523908E-03 -4.8399107E-03 -1.2740155E-02  0.0000000E+00
  2.0799350E+02  1.3458608E-02 -8.6737867E-03 -4.7514889E-03 -1.2623862E-02  0.0000000E+00
  2.0799350E+02  1.3434702E-02 -8.6884400E-03 -4.7184984E-03 -1.2483598E-02  0.0000000E+00
  2.0799350E+02  1.3380072E-02 -8.6113508E-03 -4.7499793E-03 -1.2320729E-02  0.0000000E+00
  2.0799350E+02  1.3309550E-02 -8.4506195E-03 -4.8467795E-03 -1.2137676E-02  0.0000000E+00
  2.0799350E+02  1.3199068E-02 -8.2012101E-03 -4.9838148E-03 -1.1935956E-02  0.0000000E+00
  2.0799350E+02  1.2959184E-02 -7.8462876E-03 -5.0925513E-03 -1.1715225E-02  0.0000000E+00
  2.0799350E+02  1.2615118E-02 -7.3719024E-03 -5.2284035E-03 -1.1481069E-02  0.0000000E+00
  2.0799350E+02  1.2105122E-02 -6.9000531E-03 -5.1920947E-03 -1.1238077E-02  0.0000000E+00
  2.0799350E+02  1.1497093E-02 -6.4446045E-03 -5.0370874E-03 -1.0983557E-02  0.0000000E+00
  2.0799350E+02  1.0918436E-02 -6.0004410E-03 -4.8977679E-03 -1.0722685E-02  0.0000000E+00
  2.0799350E+02  1.0392489E-02 -5.5779419E-03 -4.7906263E-03 -1.0459920E-02  0.0000000E+00
  2.0799350E+02  9.9002219E-03 -5.1898949E-03 -4.6865616E-03 -1.0197777E-02  0.0000000E+00
  2.0799350E+02  9.4204201E-03 -4.8460813E-03 -4.5553911E-03 -9.9376336E-03  0.0000000E+00
  2.0799350E+02  8.9483547E-03 -4.5507568E-03 -4.3869614E-03 -9.6804541E-03  0.0000000E+00
  2.0799350E+02  8.4947541E-03 -4.3003931E-03 -4.1930879E-03 -9.4252861E-03  0.0000000E+00
  2.0799350E+02  8.0828306E-03 -4.0884292E-03 -4.0007490E-03 -9.1721123E-03  0.0000000E+00
  2.0799350E+02  7.7327905E-03 -3.9064211E-03 -3.8365417E-03 -8.9203402E-03  0.0000000E+00
  2.0799350E+02  7.4520240E-03 -3.7490170E-03 -3.7126266E-03 -8.6699726E-03  0.0000000E+00
  2.0799350E+02  7.2291238E-03 -3.6174619E-03 -3.6173282E-03 -8.4202987E-03  0.0000000E+00
  2.0799350E+02  7.0449721E-03 -3.5255501E-03 -3.5194026E-03 -8.1729802E-03  0.0000000E+00
  2.0799350E+02  6.8970480E-03 -3.5020871E-03 -3.3877025E-03 -7.9310366E-03  0.0000000E+00
  2.0799350E+02  6.8027754E-03 -3.5447319E-03 -3.2500242E-03 -7.6927709E-03  0.0000000E+00
  2.0799350E+02  6.7254247E-03 -3.4798592E-03 -3.2402629E-03 -7.4587847E-03  0.0000000E+00
  2.0799350E+02  6.6208256E-03 -3.3578068E-03 -3.2577045E-03 -7.2299312E-03  0.0000000E+00
  2.0799350E+02  6.4633294E-03 -3.2304280E-03 -3.2275183E-03 -7.0037501E-03  0.0000000E+00
  2.0799350E+02  6.2527643E-03 -3.1205608E-03 -3.1274105E-03 -6.7786398E-03  0.0000000E+00
  2.0799350E+02  6.0015935E-03 -3.0309929E-03 -2.9667860E-03 -6.5539168E-03  0.0000000E+00
  2.0799350E+02  5.7270538E-03 -2.9531872E-03 -2.7708448E-03 -6.3299629E-03  0.0000000E+00
  2.0799350E+02  5.4445847E-03 -2.8745229E-03 -2.5672045E-03 -6.1065445E-03  0.0000000E+00
  2.0799350E+02  5.1687484E-03 -2.7854606E-03 -2.3798578E-03 -5.8849946E-03  0.0000000E+00
  2.0799350E+02  4.9112060E-03 -2.6835911E-03 -2.2231379E-03 -5.6665864E-03  0.0000000E+00
  2.0799350E+02  4.6818257E-03 -2.5760218E-03 -2.1003272E-03 -5.4527946E-03  0.0000000E+00
  2.0799350E+02  4.4894913E-03 -2.4789436E-03 -2.0046819E-03 -5.2454643E-03  0.0000000E+00
  2.0799350E+02  4.3402759E-03 -2.4130858E-03 -1.9218643E-03 -5.0451400E-03  0.0000000E+00
  2.0799350E+02  4.2367971E-03 -2.3970669E-03 -1.8356371E-03 -4.8527955E-03  0.0000000E+00
  2.0799350E+02  4.1711917E-03 -2.4346695E-03 -1.7332490E-03 -4.6678550E-03  0.0000000E+00
  2.0799350E+02  4.1158751E-03 -2.4982109E-03 -1.6125618E-03 -4.4878079E-03  0.0000000E+00
  2.0799350E+02  4.0412185E-03 -2.5380965E-03 -1.4955046E-03 -4.3114422E-03  0.0000000E+00
  2.0799350E+02  3.9507616E-03 -2.5938037E-03 -1.3552773E-03 -4.1428568E-03  0.0000000E+00
  2.0799350E+02  3.8193446E-03 -2.6400605E-03 -1.1802993E-03 -3.9755655E-03  0.0000000E+00
  2.0799350E+02  3.6877526E-03 -2.6923983E-03 -9.9729955E-04 -3.8108096E-03  0.0000000E+00
  2.0799350E+02  3.5698461E-03 -2.7530157E-03 -8.1898863E-04 -3.6488645E-03  0.0000000E+00
  2.0799350E+02  3.4647816E-03 -2.8149588E-03 -6.5205114E-04 -3.4897605E-03  0.0000000E+00
  2.0799350E+02  3.3648576E-03 -2.8663886E-03 -5.0078925E-04 -3.3325055E-03  0.0000000E+00
  2.0799350E+02  3.2621204E-03 -2.8932658E-03 -3.7117894E-04 -3.1768919E-03  0.0000000E+00
  2.0799350E+02  3.1507467E-03 -2.8826246E-03 -2.7015027E-04 -3.0224998E-03  0.0000000E+00
  2.0799350E+02  3.0286394E-03 -2.8248857E-03 -2.0504129E-04 -2.8692586E-03  0.0000000E+00
  2.0799350E+02  2.8963770E-03 -2.7150624E-03 -1.8146430E-04 -2.7163996E-03  0.0000000E+00
  2.0799350E+02  2.7574121E-03 -2.5543920E-03 -2.0193268E-04 -2.5640129E-03  0.0000000E+00
  2.0799350E+02  2.6158807E-03 -2.3504273E-03 -2.6351204E-04 -2.4120173E-03  0.0000000E+00
  2.0799350E+02  2.4756272E-03 -2.1167763E-03 -3.5688995E-04 -2.2604922E-03  0.0000000E+00
  2.0799350E+02  2.3399916E-03 -1.8724595E-03 -4.6639985E-04 -2.1100845E-03  0.0000000E+00
  2.0799350E+02  2.2117209E-03 -1.6383828E-03 -5.7283377E-04 -1.9612482E-03  0.0000000E+00
  2.0799350E+02  2.0969859E-03 -1.4372450E-03 -6.5664466E-04 -1.8161891E-03  0.0000000E+00
  2.0799350E+02  2.0020847E-03 -1.2966781E-03 -7.0116583E-04 -1.6765480E-03  0.0000000E+00
  2.0799350E+02  1.9181741E-03 -1.2259669E-03 -6.9322099E-04 -1.5428002E-03  0.0000000E+00
  2.0799350E+02  1.8472252E-03 -1.1792760E-03 -6.6912587E-04 -1.4156183E-03  0.0000000E+00
  2.0799350E+02  1.7843802E-03 -1.1360993E-03 -6.4838469E-04 -1.2927535E-03  0.0000000E+00
  2.0799350E+02  1.7252354E-03 -1.0899395E-03 -6.3465893E-04 -1.1735338E-03  0.0000000E+00
  2.0799350E+02  1.6660972E-03 -1.0417305E-03 -6.2363291E-04 -1.0577274E-03  0.0000000E+00
  2.0799350E+02  1.6045394E-03 -9.9533934E-04 -6.0877600E-04 -9.4552350E-04  0.0000000E+00
  2.0799350E+02  1.5396671E-03 -9.5454207E-04 -5.8507216E-04 -8.3749908E-04  0.0000000E+00
  2.0799350E+02  1.4715950E-03 -9.2098408E-04 -5.5076734E-04 -7.3370833E-04  0.0000000E+00
  2.0799350E+02  1.4018689E-03 -8.9395168E-04 -5.0807816E-04 -6.3464386E-04  0.0000000E+00
  2.0799350E+02  1.3326695E-03 -8.7036245E-04 -4.6236149E-04 -5.4038998E-04  0.0000000E+00
  2.0799350E+02  1.2664928E-03 -8.4587034E-04 -4.2058482E-04 -4.5075360E-04  0.0000000E+00
  2.0799350E+02  1.2058071E-03 -8.1650864E-04 -3.8923111E-04 -3.6540057E-04  0.0000000E+00
  2.0799350E+02 -4.4969404E-02  4.4947004E-02 -9.1707483E-18 -1.1722352E-03  0.0000000E+00
  2.0799350E+02 -6.2249123E-02  7.2225137E-02 -9.9732904E-03 -1.2698707E-03  0.0000000E+00
  2.0799350E+02 -3.2075888E-02  4.1201501E-02 -9.1511694E-03 -1.7722486E-03  0.0000000E+00
  2.0799350E+02 -2.2344604E-03  1.0087610E-02 -7.8467045E-03 -2.6739363E-03  0.0000000E+00
  2.0799350E+02  1.9725883E-02 -1.1749685E-02 -7.9799749E-03 -3.7334330E-03  0.0000000E+00
  2.0799350E+02  3.3679061E-02 -2.4844849E-02 -8.7888960E-03 -4.7512167E-03  0.0000000E+00
  2.0799350E+02  4.1192782E-02 -2.9996790E-02 -1.1002171E-02 -5.6215403E-03  0.0000000E+00
  2.0799350E+02  4.6395180E-02 -3.0509971E-02 -1.5634267E-02 -6.2900784E-03  0.0000000E+00
  2.0799350E+02  5.2371400E-02 -2.9839093E-02 -2.2408436E-02 -6.7149555E-03  0.0000000E+00
  2.0799350E+02  6.1091981E-02 -3.1533038E-02 -2.9514271E-02 -6.8776088E-03  0.0000000E+00
  2.0799350E+02  7.1628381E-02 -3.6019481E-02 -3.5614460E-02 -6.7859315E-03  0.0000000E+00
  2.0799350E+02  8.2020007E-02 -4.1288299E-02 -4.0774294E-02 -6.4703078E-03  0.0000000E+00
  2.0799350E+02  9.0201587E-02 -4.5042149E-02 -4.5145673E-02 -5.9780609E-03  0.0000000E+00
  2.0799350E+02  9.3888664E-02 -4.6174741E-02 -4.7719465E-02 -5.3649577E-03  0.0000000E+00
  2.0799350E+02  9.2057411E-02 -4.5291435E-02 -4.6903013E-02 -4.6841891E-03  0.0000000E+00
  2.0799350E+02  8.6434235E-02 -4.2478514E-02 -4.3954027E-02 -3.9730108E-03  0.0000000E+00
  2.0799350E+02  7.7509546E-02 -3.6434421E-02 -4.1254144E-02 -3.2652438E-03  0.0000000E+00
  2.0799350E+02  6.7869489E-02 -2.9401565E-02 -3.8445974E-02 -2.5757739E-03  0.0000000E+00
  2.0799350E+02  5.7753070E-02 -2.2711567E-02 -3.4917922E-02 -1.9372728E-03  0.0000000E+00
  2.0799350E+02  4.8173083E-02 -1.7394344E-02 -3.0660898E-02 -1.3828347E-03  0.0000000E+00
  2.0799350E+02  3.9892159E-02 -1.3683226E-02 -2.6111224E-02 -9.2948248E-04  0.0000000E+00
  2.0799350E+02  3.3212290E-02 -1.1210022E-02 -2.1901503E-02 -5.8270600E-04  0.0000000E+00
  2.0799350E+02  2.8022261E-02 -9.4107388E-03 -1.8513479E-02 -3.3860581E-04  0.0000000E+00
  2.0799350E+02  2.4054860E-02 -7.9571285E-03 -1.6039293E-02 -1.8982930E-04  0.0000000E+00
  2.0799350E+02  2.1127082E-02 -6.8865781E-03 -1.4221882E-02 -1.2898744E-04  0.0000000E+00
  2.0799350E+02  1.8963188E-02 -6.0745484E-03 -1.2800355E-02 -1.3634018E-04  0.0000000E+00
  2.0799350E+02  1.7145670E-02 -5.3830973E-03 -1.1732583E-02 -1.8995281E-04  0.0000000E+00
  2.0799350E+02  1.5657127E-02 -4.7112315E-03 -1.0958383E-02 -2.6905220E-04  0.0000000E+00
  2.0799350E+02  1.4522124E-02 -4.2625654E-03 -1.0250798E-02 -3.6046105E-04  0.0000000E+00
  2.0799350E+02  1.3759057E-02 -4.2780404E-03 -9.4544838E-03 -4.5463626E-04  0.0000000E+00
  2.0799350E+02  1.3301587E-02 -4.6975124E-03 -8.5748871E-03 -5.4019391E-04  0.0000000E+00
  2.0799350E+02  1.3063922E-02 -5.3562327E-03 -7.6816337E-03 -6.0924334E-04  0.0000000E+00
  2.0799350E+02  1.2976077E-02 -6.0910414E-03 -6.8579399E-03 -6.5828776E-04  0.0000000E+00
  2.0799350E+02  1.2987110E-02 -6.7895417E-03 -6.1634212E-03 -6.8835518E-04  0.0000000E+00
  2.0799350E+02  1.3058697E-02 -7.3970398E-03 -5.6207490E-03 -7.0326164E-04  0.0000000E+00
  2.0799350E+02  1.3152861E-02 -7.8851162E-03 -5.2290962E-03 -7.0716483E-04  0.0000000E+00
  2.0799350E+02  1.3225261E-02 -8.2226396E-03 -4.9775574E-03 -7.0314340E-04  0.0000000E+00
  2.0799350E+02  1.3234459E-02 -8.3520025E-03 -4.8693780E-03 -6.9283612E-04  0.0000000E+00
  2.0799350E+02  1.3175102E-02 -8.1878224E-03 -4.9500524E-03 -6.7853535E-04  0.0000000E+00
  2.0799350E+02  1.3003972E-02 -7.7469062E-03 -5.2117489E-03 -6.5981607E-04  0.0000000E+00
  2.0799350E+02  1.2784210E-02 -7.4395009E-03 -5.3261337E-03 -6.3515306E-04  0.0000000E+00
  2.0799350E+02  1.2518154E-02 -7.1052091E-03 -5.3999330E-03 -6.0529579E-04  0.0000000E+00
  2.0799350E+02  1.2159876E-02 -6.6781654E-03 -5.4724158E-03 -5.6684550E-04  0.0000000E+00
  2.0799350E+02  1.1730096E-02 -6.2089135E-03 -5.5180207E-03 -5.1930139E-04  0.0000000E+00
  2.0799350E+02  1.1270387E-02 -5.7757225E-03 -5.4978013E-03 -4.6443763E-04  0.0000000E+00
  2.0799350E+02  1.0814071E-02 -5.4318957E-03 -5.3884752E-03 -4.0517413E-04  0.0000000E+00
  2.0799350E+02  1.0379406E-02 -5.1896218E-03 -5.1945568E-03 -3.4521253E-04  0.0000000E+00
  2.0799350E+02  9.9667034E-03 -5.0188870E-03 -4.9474626E-03 -2.8784734E-04  0.0000000E+00
  2.0799350E+02  9.5631505E-03 -4.8640631E-03 -4.6930414E-03 -2.3487746E-04  0.0000000E+00
  2.0799350E+02  9.1570842E-03 -4.6699596E-03 -4.4782638E-03 -1.8664036E-04  0.0000000E+00
  2.0799350E+02  8.7456992E-03 -4.4060255E-03 -4.3326826E-03 -1.4152809E-04  0.0000000E+00
  2.0799350E+02  8.3385525E-03 -4.0826266E-03 -4.2538202E-03 -9.6132042E-05  0.0000000E+00
  2.0799350E+02  7.9598447E-03 -3.7577529E-03 -4.2015280E-03 -4.6744713E-05  0.0000000E+00
  2.0799350E+02  7.6289158E-03 -3.5150821E-03 -4.1004481E-03  9.5478881E-06  0.0000000E+00
  2.0799350E+02  7.3890040E-03 -3.4399319E-03 -3.9375894E-03  6.8968450E-05  0.0000000E+00
  2.0799350E+02  7.1844928E-03 -3.5084118E-03 -3.6763707E-03  1.2649065E-04  0.0000000E+00
  2.0799350E+02  6.9883015E-03 -3.5397726E-03 -3.4477982E-03  1.8197489E-04  0.0000000E+00
  2.0799350E+02  6.8178272E-03 -3.4877011E-03 -3.3255640E-03  2.3444785E-04  0.0000000E+00
  2.0799350E+02  6.6727839E-03 -3.3830890E-03 -3.2828411E-03  2.8391120E-04  0.0000000E+00
  2.0799350E+02  6.5404486E-03 -3.2748048E-03 -3.2589201E-03  3.3105792E-04  0.0000000E+00
  2.0799350E+02  6.4030333E-03 -3.1977638E-03 -3.2002413E-03  3.7643465E-04  0.0000000E+00
  2.0799350E+02  6.2426333E-03 -3.1591955E-03 -3.0802884E-03  4.2049551E-04  0.0000000E+00
  2.0799350E+02  6.0452698E-03 -3.1404704E-03 -2.9026319E-03  4.6370904E-04  0.0000000E+00
  2.0799350E+02  5.8061542E-03 -3.1090185E-03 -2.6946718E-03  5.0609592E-04  0.0000000E+00
  2.0799350E+02  5.5312322E-03 -3.0343653E-03 -2.4932315E-03  5.4748112E-04  0.0000000E+00
  2.0799350E+02  5.2354976E-03 -2.9032245E-03 -2.3275222E-03  5.8773748E-04  0.0000000E+00
  2.0799350E+02  4.9437100E-03 -2.7303504E-03 -2.2085034E-03  6.2633993E-04  0.0000000E+00
  2.0799350E+02  4.6811498E-03 -2.5558476E-03 -2.1215732E-03  6.6288839E-04  0.0000000E+00
  2.0799350E+02  4.4681296E-03 -2.4299755E-03 -2.0353315E-03  6.9656940E-04  0.0000000E+00
  2.0799350E+02  4.3054702E-03 -2.3737068E-03 -1.9254040E-03  7.2618941E-04  0.0000000E+00
  2.0799350E+02  4.1641443E-03 -2.3403027E-03 -1.8129105E-03  7.5168036E-04  0.0000000E+00
  2.0799350E+02  4.0812761E-03 -2.3723940E-03 -1.7075538E-03  7.7634254E-04  0.0000000E+00
  2.0799350E+02  4.0265102E-03 -2.4315916E-03 -1.5953982E-03  7.9831588E-04  0.0000000E+00
  2.0799350E+02  3.9644321E-03 -2.4973060E-03 -1.4672584E-03  8.1890201E-04  0.0000000E+00
  2.0799350E+02  3.8836832E-03 -2.5618306E-03 -1.3217779E-03  8.3873028E-04  0.0000000E+00
  2.0799350E+02  3.7858541E-03 -2.6242444E-03 -1.1619291E-03  8.5818445E-04  0.0000000E+00
  2.0799350E+02  3.6771508E-03 -2.6858688E-03 -9.9226329E-04  8.7769837E-04  0.0000000E+00
  2.0799350E+02  3.5645906E-03 -2.7461335E-03 -8.1989125E-04  8.9764308E-04  0.0000000E+00
  2.0799350E+02  3.4519088E-03 -2.8013564E-03 -6.5195799E-04  9.1862978E-04  0.0000000E+00
  2.0799350E+02  3.3399614E-03 -2.8432786E-03 -4.9760480E-04  9.4126007E-04  0.0000000E+00
  2.0799350E+02  3.2266313E-03 -2.8599441E-03 -3.6693217E-04  9.6615107E-04  0.0000000E+00
  2.0799350E+02  3.1076138E-03 -2.8372833E-03 -2.7002738E-04  9.9398229E-04  0.0000000E+00
  2.0799350E+02  2.9793129E-03 -2.7615823E-03 -2.1720532E-04  1.0251463E-03  0.0000000E+00
  2.0799350E+02  2.8400639E-03 -2.6236037E-03 -2.1595512E-04  1.0597507E-03  0.0000000E+00
  2.0799350E+02  2.6905797E-03 -2.4220620E-03 -2.6788217E-04  1.0977369E-03  0.0000000E+00
  2.0799350E+02  2.5355747E-03 -2.1703859E-03 -3.6372500E-04  1.1384897E-03  0.0000000E+00
  2.0799350E+02  2.3818866E-03 -1.9024885E-03 -4.7612964E-04  1.1809978E-03  0.0000000E+00
  2.0799350E+02  2.2390451E-03 -1.6538410E-03 -5.8171029E-04  1.2245575E-03  0.0000000E+00
  2.0799350E+02  2.1217725E-03 -1.4507010E-03 -6.6980404E-04  1.2680060E-03  0.0000000E+00
  2.0799350E+02  2.0214585E-03 -1.3111063E-03 -7.1028421E-04  1.3091297E-03  0.0000000E+00
  2.0799350E+02  1.9335070E-03 -1.2129496E-03 -7.2097241E-04  1.3470762E-03  0.0000000E+00
  2.0799350E+02  1.8547960E-03 -1.1392174E-03 -7.1605854E-04  1.3817849E-03  0.0000000E+00
  2.0799350E+02  1.7828490E-03 -1.0785386E-03 -7.0466277E-04  1.4137251E-03  0.0000000E+00
  2.0799350E+02  1.7161780E-03 -1.0253611E-03 -6.9098611E-04  1.4432673E-03  0.0000000E+00
  2.0799350E+02  1.6535143E-03 -9.7819720E-04 -6.7530875E-04  1.4707031E-03  0.0000000E+00
  2.0799350E+02  1.5933096E-03 -9.3768246E-04 -6.5546096E-04  1.4962863E-03  0.0000000E+00
  2.0799350E+02  1.5342548E-03 -9.0516732E-04 -6.2878633E-04  1.5199552E-03  0.0000000E+00
  2.0799350E+02  1.4749817E-03 -8.8077426E-04 -5.9381454E-04  1.5415378E-03  0.0000000E+00
  2.0799350E+02  1.4139377E-03 -8.6225331E-04 -5.5129123E-04  1.5609354E-03  0.0000000E+00
  2.0799350E+02  1.3502848E-03 -8.4504967E-04 -5.0499269E-04  1.5780173E-03  0.0000000E+00
  2.0799350E+02 -5.4825629E-03  5.4682184E-03 -1.8061093E-06  1.9262190E-02  0.0000000E+00
  2.0799350E+02 -4.9622747E-02  7.9046561E-02 -2.9432954E-02  1.9084325E-02  0.0000000E+00
  2.0799350E+02 -3.2702987E-02  5.8275655E-02 -2.5619022E-02  1.7942091E-02  0.0000000E+00
  2.0799350E+02 -8.0048652E-03  2.4697357E-02 -1.6741393E-02  1.5986239E-02  0.0000000E+00
  2.0799350E+02  9.7572829E-03  1.6623029E-03 -1.1498959E-02  1.3814770E-02  0.0000000E+00
  2.0799350E+02  2.1931386E-02 -1.0855436E-02 -1.1124306E-02  1.1840122E-02  0.0000000E+00
  2.0799350E+02  3.2742560E-02 -1.7770365E-02 -1.5030824E-02  1.0237882E-02  0.0000000E+00
  2.0799350E+02  4.3596012E-02 -2.1253990E-02 -2.2349312E-02  9.0300305E-03  0.0000000E+00
  2.0799350E+02  5.3824765E-02 -2.0961813E-02 -3.2820733E-02  8.1884346E-03  0.0000000E+00
  2.0799350E+02  6.4208257E-02 -2.0882033E-02 -4.3128598E-02  7.6774224E-03  0.0000000E+00
  2.0799350E+02  7.5437618E-02 -2.3696747E-02 -5.1443805E-02  7.4691497E-03  0.0000000E+00
  2.0799350E+02  8.6674242E-02 -2.9300236E-02 -5.7060164E-02  7.5430748E-03  0.0000000E+00
  2.0799350E+02  9.6419429E-02 -3.6378795E-02 -5.9751756E-02  7.8728653E-03  0.0000000E+00
  2.0799350E+02  1.0398142E-01 -4.3807725E-02 -5.9986322E-02  8.4200466E-03  0.0000000E+00
  2.0799350E+02  1.0911895E-01 -5.0210932E-02 -5.8855745E-02  9.1332479E-03  0.0000000E+00
  2.0799350E+02  1.0880184E-01 -5.2070489E-02 -5.6630762E-02  9.9615139E-03  0.0000000E+00
  2.0799350E+02  1.0304229E-01 -5.0070101E-02 -5.3007540E-02  1.0871092E-02  0.0000000E+00
  2.0799350E+02  9.4488476E-02 -4.6027846E-02 -4.8504559E-02  1.1815708E-02  0.0000000E+00
  2.0799350E+02  8.4676105E-02 -4.1089647E-02 -4.3655904E-02  1.2744276E-02  0.0000000E+00
  2.0799350E+02  7.4402512E-02 -3.5628201E-02 -3.8893995E-02  1.3605629E-02  0.0000000E+00
  2.0799350E+02  6.4277263E-02 -2.9978951E-02 -3.4444926E-02  1.4361270E-02  0.0000000E+00
  2.0799350E+02  5.4846765E-02 -2.4579993E-02 -3.0381948E-02  1.4987167E-02  0.0000000E+00
  2.0799350E+02  4.6482719E-02 -1.9785858E-02 -2.6739478E-02  1.5470707E-02  0.0000000E+00
  2.0799350E+02  3.9243006E-02 -1.5633912E-02 -2.3599971E-02  1.5806692E-02  0.0000000E+00
  2.0799350E+02  3.2911106E-02 -1.1840991E-02 -2.1064631E-02  1.5996638E-02  0.0000000E+00
  2.0799350E+02  2.7420142E-02 -8.3079165E-03 -1.9018914E-02  1.6055569E-02  0.0000000E+00
  2.0799350E+02  2.3685759E-02 -6.5655018E-03 -1.7093638E-02  1.6006090E-02  0.0000000E+00
  2.0799350E+02  2.1150962E-02 -5.9801602E-03 -1.5205638E-02  1.5865047E-02  0.0000000E+00
  2.0799350E+02  1.9172757E-02 -5.5728789E-03 -1.3605394E-02  1.5653434E-02  0.0000000E+00
  2.0799350E+02  1.7552371E-02 -5.2694383E-03 -1.2276629E-02  1.5391025E-02  0.0000000E+00
  2.0799350E+02  1.6209388E-02 -5.1447041E-03 -1.1069181E-02  1.5095141E-02  0.0000000E+00
  2.0799350E+02  1.5126781E-02 -5.2406088E-03 -9.9008834E-03  1.4779097E-02  0.0000000E+00
  2.0799350E+02  1.4302775E-02 -5.5061027E-03 -8.8062995E-03  1.4451502E-02  0.0000000E+00
  2.0799350E+02  1.3726036E-02 -5.8224054E-03 -7.8962276E-03  1.4117450E-02  0.0000000E+00
  2.0799350E+02  1.3366377E-02 -6.0721893E-03 -7.2718057E-03  1.3780452E-02  0.0000000E+00
  2.0799350E+02  1.3176844E-02 -6.2120793E-03 -6.9399540E-03  1.3444223E-02  0.0000000E+00
  2.0799350E+02  1.3103021E-02 -6.3078507E-03 -6.7768950E-03  1.3113475E-02  0.0000000E+00
  2.0799350E+02  1.3095405E-02 -6.4917114E-03 -6.5864887E-03  1.2792837E-02  0.0000000E+00
  2.0799350E+02  1.3120695E-02 -6.8010495E-03 -6.3001243E-03  1.2483041E-02  0.0000000E+00
  2.0799350E+02  1.3148129E-02 -6.8746260E-03 -6.2602445E-03  1.2177960E-02  0.0000000E+00
  2.0799350E+02  1.2977440E-02 -6.6257212E-03 -6.3359798E-03  1.1874600E-02  0.0000000E+00
  2.0799350E+02  1.2722590E-02 -6.2972747E-03 -6.4160080E-03  1.1573588E-02  0.0000000E+00
  2.0799350E+02  1.2450381E-02 -5.9885517E-03 -6.4586438E-03  1.1277915E-02  0.0000000E+00
  2.0799350E+02  1.2156169E-02 -5.7346105E-03 -6.4215516E-03  1.0989937E-02  0.0000000E+00
  2.0799350E+02  1.1817375E-02 -5.5315032E-03 -6.2863079E-03  1.0710912E-02  0.0000000E+00
  2.0799350E+02  1.1422034E-02 -5.3567980E-03 -6.0642934E-03  1.0440961E-02  0.0000000E+00
  2.0799350E+02  1.0978180E-02 -5.1852948E-03 -5.7894506E-03  1.0179323E-02  0.0000000E+00
  2.0799350E+02  1.0509887E-02 -4.9998093E-03 -5.5034446E-03  9.9248028E-03  0.0000000E+00
  2.0799350E+02  1.0045768E-02 -4.7968977E-03 -5.2387673E-03  9.6762839E-03  0.0000000E+00
  2.0799350E+02  9.6057453E-03 -4.5873969E-03 -5.0053199E-03  9.4331901E-03  0.0000000E+00
  2.0799350E+02  9.1918999E-03 -4.3916525E-03 -4.7860141E-03  9.1957829E-03  0.0000000E+00
  2.0799350E+02  8.7892153E-03 -4.2293092E-03 -4.5469282E-03  8.9651752E-03  0.0000000E+00
  2.0799350E+02  8.3820175E-03 -4.1035368E-03 -4.2675570E-03  8.7429436E-03  0.0000000E+00
  2.0799350E+02  7.9919267E-03 -3.9795648E-03 -3.9966935E-03  8.5302229E-03  0.0000000E+00
  2.0799350E+02  7.6698371E-03 -3.8166545E-03 -3.8430771E-03  8.3267806E-03  0.0000000E+00
  2.0799350E+02  7.3953692E-03 -3.7296030E-03 -3.6648890E-03  8.1354365E-03  0.0000000E+00
  2.0799350E+02  7.1803206E-03 -3.6530013E-03 -3.5252119E-03  7.9544138E-03  0.0000000E+00
  2.0799350E+02  7.0056165E-03 -3.5477016E-03 -3.4531253E-03  7.7808277E-03  0.0000000E+00
  2.0799350E+02  6.8518057E-03 -3.4108212E-03 -3.4349682E-03  7.6123334E-03  0.0000000E+00
  2.0799350E+02  6.7030202E-03 -3.2593599E-03 -3.4379060E-03  7.4473082E-03  0.0000000E+00
  2.0799350E+02  6.5487262E-03 -3.1171026E-03 -3.4267934E-03  7.2848611E-03  0.0000000E+00
  2.0799350E+02  6.3837837E-03 -3.0048071E-03 -3.3750938E-03  7.1247129E-03  0.0000000E+00
  2.0799350E+02  6.2073243E-03 -2.9336745E-03 -3.2706115E-03  6.9669930E-03  0.0000000E+00
  2.0799350E+02  6.0209644E-03 -2.9021010E-03 -3.1167953E-03  6.8119971E-03  0.0000000E+00
  2.0799350E+02  5.8265396E-03 -2.8957092E-03 -2.9300520E-03  6.6597019E-03  0.0000000E+00
  2.0799350E+02  5.6258191E-03 -2.8906485E-03 -2.7357619E-03  6.5105769E-03  0.0000000E+00
  2.0799350E+02  5.4178779E-03 -2.8601927E-03 -2.5589300E-03  6.3639881E-03  0.0000000E+00
  2.0799350E+02  5.2010579E-03 -2.7846597E-03 -2.4165739E-03  6.2192564E-03  0.0000000E+00
  2.0799350E+02  4.9752451E-03 -2.6645343E-03 -2.3079719E-03  6.0756374E-03  0.0000000E+00
  2.0799350E+02  4.7468788E-03 -2.5368923E-03 -2.2053194E-03  5.9327859E-03  0.0000000E+00
  2.0799350E+02  4.5229547E-03 -2.4601680E-03 -2.0598664E-03  5.7910640E-03  0.0000000E+00
  2.0799350E+02  4.3064288E-03 -2.4038573E-03 -1.8974046E-03  5.6507284E-03  0.0000000E+00
  2.0799350E+02  4.1347911E-03 -2.4102150E-03 -1.7211455E-03  5.5132624E-03  0.0000000E+00
  2.0799350E+02  3.9982646E-03 -2.4500620E-03 -1.5467908E-03  5.3790428E-03  0.0000000E+00
  2.0799350E+02  3.8844379E-03 -2.4976639E-03 -1.3865121E-03  5.2482814E-03  0.0000000E+00
  2.0799350E+02  3.7827242E-03 -2.5370911E-03 -1.2457344E-03  5.1211573E-03  0.0000000E+00
  2.0799350E+02  3.6863313E-03 -2.5636825E-03 -1.1227933E-03  4.9979026E-03  0.0000000E+00
  2.0799350E+02  3.5923363E-03 -2.5818877E-03 -1.0106950E-03  4.8788467E-03  0.0000000E+00
  2.0799350E+02  3.5004588E-03 -2.6007623E-03 -9.0021503E-04  4.7644260E-03  0.0000000E+00
  2.0799350E+02  3.4111270E-03 -2.6283922E-03 -7.8356521E-04  4.6551636E-03  0.0000000E+00
  2.0799350E+02  3.3234283E-03 -2.6665224E-03 -6.5786294E-04  4.5516254E-03  0.0000000E+00
  2.0799350E+02  3.2335402E-03 -2.7066649E-03 -5.2763441E-04  4.4543584E-03  0.0000000E+00
  2.0799350E+02  3.1342339E-03 -2.7289622E-03 -4.0558439E-04  4.3638158E-03  0.0000000E+00
  2.0799350E+02  3.0160440E-03 -2.7050799E-03 -3.1086493E-04  4.2802766E-03  0.0000000E+00
  2.0799350E+02  2.8706988E-03 -2.6064053E-03 -2.6407524E-04  4.2037632E-03  0.0000000E+00
  2.0799350E+02  2.6974042E-03 -2.4188274E-03 -2.7822532E-04  4.1339647E-03  0.0000000E+00
  2.0799350E+02  2.5125748E-03 -2.1653713E-03 -3.4489550E-04  4.0701698E-03  0.0000000E+00
  2.0799350E+02  2.3472608E-03 -1.9095654E-03 -4.3369705E-04  4.0118235E-03  0.0000000E+00
  2.0799350E+02  2.1990519E-03 -1.6584034E-03 -5.3963629E-04  3.9582455E-03  0.0000000E+00
  2.0799350E+02  2.0782363E-03 -1.4458533E-03 -6.3181250E-04  3.9070422E-03  0.0000000E+00
  2.0799350E+02  1.9788311E-03 -1.2749427E-03 -7.0305472E-04  3.8570670E-03  0.0000000E+00
  2.0799350E+02  1.8938514E-03 -1.1404708E-03 -7.5242903E-04  3.8075757E-03  0.0000000E+00
  2.0799350E+02  1.8174022E-03 -1.0351477E-03 -7.8154900E-04  3.7581157E-03  0.0000000E+00
  2.0799350E+02  1.7456525E-03 -9.5296326E-04 -7.9246858E-04  3.7084351E-03  0.0000000E+00
  2.0799350E+02  1.6769424E-03 -8.9038316E-04 -7.8681373E-04  3.6584104E-03  0.0000000E+00
  2.0799350E+02  1.6112782E-03 -8.4597352E-04 -7.6580890E-04  3.6079930E-03  0.0000000E+00
  2.0799350E+02  1.5494687E-03 -8.1905136E-04 -7.3085490E-04  3.5571743E-03  0.0000000E+00
  2.0799350E+02  1.4921538E-03 -8.0796116E-04 -6.8431426E-04  3.5059689E-03  0.0000000E+00
  2.0799350E+02  1.4389810E-03 -8.0857640E-04 -6.3016035E-04  3.4544161E-03  0.0000000E+00
  2.0799350E+02  1.3881816E-03 -8.1362534E-04 -5.7414671E-04  3.4025995E-03  0.0000000E+00
  2.0799350E+02  8.7086248E-02 -8.7167996E-02  2.0740419E-16  6.9126948E-02  0.0000000E+00
  2.0799350E+02  2.6675662E-02  7.6664808E-02 -1.0336903E-01  6.9128257E-02  0.0000000E+00
  2.0799350E+02 -6.3338995E-03  1.1065148E-01 -1.0443512E-01  6.7696805E-02  0.0000000E+00
  2.0799350E+02 -7.7001400E-03  8.3419629E-02 -7.5666234E-02  6.4881299E-02  0.0000000E+00
  2.0799350E+02  3.7807907E-03  4.6203341E-02 -4.9916443E-02  6.1473893E-02  0.0000000E+00
  2.0799350E+02  1.7784405E-02  1.9589918E-02 -3.7276584E-02  5.8049837E-02  0.0000000E+00
  2.0799350E+02  3.2022868E-02  3.8707792E-03 -3.5874284E-02  5.4906615E-02  0.0000000E+00
  2.0799350E+02  4.5364872E-02 -7.2217282E-03 -3.8115898E-02  5.2178648E-02  0.0000000E+00
  2.0799350E+02  5.7361548E-02 -1.6333683E-02 -4.0988350E-02  4.9901868E-02  0.0000000E+00
  2.0799350E+02  6.8352100E-02 -2.5205147E-02 -4.3056451E-02  4.8049251E-02  0.0000000E+00
  2.0799350E+02  7.7907056E-02 -3.2052269E-02 -4.5727356E-02  4.6590848E-02  0.0000000E+00
  2.0799350E+02  8.5988174E-02 -3.6009243E-02 -4.9817789E-02  4.5461318E-02  0.0000000E+00
  2.0799350E+02  9.2383870E-02 -3.8180499E-02 -5.3950922E-02  4.4578626E-02  0.0000000E+00
  2.0799350E+02  9.6303260E-02 -4.0488082E-02 -5.5546142E-02  4.3889037E-02  0.0000000E+00
  2.0799350E+02  9.6702091E-02 -4.3129970E-02 -5.3395486E-02  4.3378893E-02  0.0000000E+00
  2.0799350E+02  9.3646469E-02 -4.3523400E-02 -4.9932728E-02  4.3017379E-02  0.0000000E+00
  2.0799350E+02  8.9352364E-02 -4.2811811E-02 -4.6473514E-02  4.2761704E-02  0.0000000E+00
  2.0799350E+02  8.3207040E-02 -3.9281867E-02 -4.3776160E-02  4.2551678E-02  0.0000000E+00
  2.0799350E+02  7.5385267E-02 -3.4223868E-02 -4.1064340E-02  4.2312556E-02  0.0000000E+00
  2.0799350E+02  6.6903765E-02 -2.9231244E-02 -3.7662453E-02  4.1981105E-02  0.0000000E+00
  2.0799350E+02  5.8604490E-02 -2.4952934E-02 -3.3662100E-02  4.1530223E-02  0.0000000E+00
  2.0799350E+02  5.0934066E-02 -2.1134395E-02 -2.9778832E-02  4.0970082E-02  0.0000000E+00
  2.0799350E+02  4.3995979E-02 -1.7233132E-02 -2.6727046E-02  4.0329000E-02  0.0000000E+00
  2.0799350E+02  3.7775057E-02 -1.3151633E-02 -2.4600599E-02  3.9627539E-02  0.0000000E+00
  2.0799350E+02  3.2369542E-02 -9.5847202E-03 -2.2732750E-02  3.8871893E-02  0.0000000E+00
  2.0799350E+02  2.7771130E-02 -7.3152585E-03 -2.0374887E-02  3.8059398E-02  0.0000000E+00
  2.0799350E+02  2.3995453E-02 -5.5478018E-03 -1.8390744E-02  3.7182933E-02  0.0000000E+00
  2.0799350E+02  2.1239397E-02 -4.5253770E-03 -1.6657129E-02  3.6260956E-02  0.0000000E+00
  2.0799350E+02  1.9164407E-02 -4.3704540E-03 -1.4763774E-02  3.5288588E-02  0.0000000E+00
  2.0799350E+02  1.7631409E-02 -4.7457099E-03 -1.2868346E-02  3.4271907E-02  0.0000000E+00
  2.0799350E+02  1.6489922E-02 -5.2681987E-03 -1.1203762E-02  3.3227472E-02  0.0000000E+00
  2.0799350E+02  1.5592353E-02 -5.6606059E-03 -9.9101525E-03  3.2168472E-02  0.0000000E+00
  2.0799350E+02  1.4824731E-02 -5.7963523E-03 -9.0063838E-03  3.1111083E-02  0.0000000E+00
  2.0799350E+02  1.4117498E-02 -5.6881488E-03 -8.4098830E-03  3.0068077E-02  0.0000000E+00
  2.0799350E+02  1.3452755E-02 -5.4306148E-03 -8.0053625E-03  2.9044169E-02  0.0000000E+00
  2.0799350E+02  1.2867368E-02 -5.1339414E-03 -7.7195772E-03  2.8047522E-02  0.0000000E+00
  2.0799350E+02  1.2425449E-02 -4.8709104E-03 -7.5481609E-03  2.7084658E-02  0.0000000E+00
  2.0799350E+02  1.2168289E-02 -4.6643064E-03 -7.5103693E-03  2.6154187E-02  0.0000000E+00
  2.0799350E+02  1.2039325E-02 -4.5478252E-03 -7.4907911E-03  2.5251592E-02  0.0000000E+00
  2.0799350E+02  1.2007395E-02 -4.7014698E-03 -7.2954555E-03  2.4375619E-02  0.0000000E+00
  2.0799350E+02  1.2024640E-02 -4.8490744E-03 -7.1768236E-03  2.3524272E-02  0.0000000E+00
  2.0799350E+02  1.1935798E-02 -4.8689650E-03 -7.0624963E-03  2.2698167E-02  0.0000000E+00
  2.0799350E+02  1.1746020E-02 -4.7986169E-03 -6.9387567E-03  2.1899328E-02  0.0000000E+00
  2.0799350E+02  1.1456096E-02 -4.6738162E-03 -6.7739556E-03  2.1128717E-02  0.0000000E+00
  2.0799350E+02  1.1076141E-02 -4.5207827E-03 -6.5495816E-03  2.0385632E-02  0.0000000E+00
  2.0799350E+02  1.0627290E-02 -4.3534804E-03 -6.2700938E-03  1.9666225E-02  0.0000000E+00
  2.0799350E+02  1.0143166E-02 -4.1783146E-03 -5.9618739E-03  1.8971661E-02  0.0000000E+00
  2.0799350E+02  9.6614759E-03 -3.9988978E-03 -5.6600537E-03  1.8304018E-02  0.0000000E+00
  2.0799350E+02  9.2125981E-03 -3.8206065E-03 -5.3912059E-03  1.7662424E-02  0.0000000E+00
  2.0799350E+02  8.8160602E-03 -3.6556808E-03 -5.1630469E-03  1.7048880E-02  0.0000000E+00
  2.0799350E+02  8.4720826E-03 -3.5209872E-03 -4.9571327E-03  1.6464110E-02  0.0000000E+00
  2.0799350E+02  8.1595785E-03 -3.4294222E-03 -4.7359497E-03  1.5904890E-02  0.0000000E+00
  2.0799350E+02  7.8468796E-03 -3.3742357E-03 -4.4722607E-03  1.5371827E-02  0.0000000E+00
  2.0799350E+02  7.5038765E-03 -3.2992791E-03 -4.1973836E-03  1.4864407E-02  0.0000000E+00
  2.0799350E+02  7.1957571E-03 -3.2675919E-03 -3.9178228E-03  1.4382272E-02  0.0000000E+00
  2.0799350E+02  6.9788826E-03 -3.3117225E-03 -3.6548274E-03  1.3924056E-02  0.0000000E+00
  2.0799350E+02  6.7922945E-03 -3.2997171E-03 -3.4822699E-03  1.3488167E-02  0.0000000E+00
  2.0799350E+02  6.6189346E-03 -3.2365395E-03 -3.3740874E-03  1.3071234E-02  0.0000000E+00
  2.0799350E+02  6.4466531E-03 -3.1292592E-03 -3.3099717E-03  1.2671465E-02  0.0000000E+00
  2.0799350E+02  6.2678033E-03 -2.9890857E-03 -3.2714037E-03  1.2286108E-02  0.0000000E+00
  2.0799350E+02  6.0806290E-03 -2.8322670E-03 -3.2411123E-03  1.1914945E-02  0.0000000E+00
  2.0799350E+02  5.8876074E-03 -2.6773283E-03 -3.2035918E-03  1.1557854E-02  0.0000000E+00
  2.0799350E+02  5.6931772E-03 -2.5407006E-03 -3.1469581E-03  1.1212921E-02  0.0000000E+00
  2.0799350E+02  5.5041535E-03 -2.4347100E-03 -3.0653829E-03  1.0879922E-02  0.0000000E+00
  2.0799350E+02  5.3270537E-03 -2.3638804E-03 -2.9603083E-03  1.0558433E-02  0.0000000E+00
  2.0799350E+02  5.1655689E-03 -2.3239828E-03 -2.8391578E-03  1.0246365E-02  0.0000000E+00
  2.0799350E+02  5.0210073E-03 -2.3048575E-03 -2.7132329E-03  9.9437423E-03  0.0000000E+00
  2.0799350E+02  4.8888317E-03 -2.2958184E-03 -2.5890591E-03  9.6486343E-03  0.0000000E+00
  2.0799350E+02  4.7594585E-03 -2.2969256E-03 -2.4579606E-03  9.3607805E-03  0.0000000E+00
  2.0799350E+02  4.6170909E-03 -2.3356441E-03 -2.2780256E-03  9.0800429E-03  0.0000000E+00
  2.0799350E+02  4.4316902E-03 -2.4337738E-03 -1.9959922E-03  8.8057651E-03  0.0000000E+00
  2.0799350E+02  4.2036447E-03 -2.4493394E-03 -1.7510487E-03  8.5390395E-03  0.0000000E+00
  2.0799350E+02  3.9914653E-03 -2.4700344E-03 -1.5186510E-03  8.2800016E-03  0.0000000E+00
  2.0799350E+02  3.8076848E-03 -2.4886503E-03 -1.3167954E-03  8.0291163E-03  0.0000000E+00
  2.0799350E+02  3.6537546E-03 -2.4932603E-03 -1.1584597E-03  7.7872298E-03  0.0000000E+00
  2.0799350E+02  3.5254680E-03 -2.4767377E-03 -1.0467095E-03  7.5547233E-03  0.0000000E+00
  2.0799350E+02  3.4166225E-03 -2.4403526E-03 -9.7429217E-04  7.3307554E-03  0.0000000E+00
  2.0799350E+02  3.3224535E-03 -2.3935469E-03 -9.2708552E-04  7.1161261E-03  0.0000000E+00
  2.0799350E+02  3.2386121E-03 -2.3501002E-03 -8.8689065E-04  6.9103640E-03  0.0000000E+00
  2.0799350E+02  3.1617769E-03 -2.3235569E-03 -8.3670887E-04  6.7142425E-03  0.0000000E+00
  2.0799350E+02  3.0880860E-03 -2.3214381E-03 -7.6510023E-04  6.5285428E-03  0.0000000E+00
  2.0799350E+02  3.0118096E-03 -2.3408417E-03 -6.6936339E-04  6.3530692E-03  0.0000000E+00
  2.0799350E+02  2.9256260E-03 -2.3661823E-03 -5.5807826E-04  6.1883679E-03  0.0000000E+00
  2.0799350E+02  2.8209752E-03 -2.3704154E-03 -4.5006272E-04  6.0345980E-03  0.0000000E+00
  2.0799350E+02  2.6897220E-03 -2.3211601E-03 -3.6950502E-04  5.8907673E-03  0.0000000E+00
  2.0799350E+02  2.5296010E-03 -2.1927897E-03 -3.3857057E-04  5.7562682E-03  0.0000000E+00
  2.0799350E+02  2.3509702E-03 -1.9866065E-03 -3.6286676E-04  5.6301395E-03  0.0000000E+00
  2.0799350E+02  2.1872815E-03 -1.7575137E-03 -4.2528678E-04  5.5109951E-03  0.0000000E+00
  2.0799350E+02  2.0462430E-03 -1.5278408E-03 -5.1851615E-04  5.3984696E-03  0.0000000E+00
  2.0799350E+02  1.9270801E-03 -1.3052782E-03 -6.2181403E-04  5.2904272E-03  0.0000000E+00
  2.0799350E+02  1.8317655E-03 -1.1093724E-03 -7.2117932E-04  5.1860635E-03  0.0000000E+00
  2.0799350E+02  1.7539430E-03 -9.4926114E-04 -8.0268872E-04  5.0848892E-03  0.0000000E+00
  2.0799350E+02  1.6851114E-03 -8.2709484E-04 -8.5604759E-04  4.9860665E-03  0.0000000E+00
  2.0799350E+02  1.6190998E-03 -7.4224203E-04 -8.7547034E-04  4.8893134E-03  0.0000000E+00
  2.0799350E+02  1.5531944E-03 -6.9167200E-04 -8.6083885E-04  4.7943398E-03  0.0000000E+00
  2.0799350E+02  1.4877467E-03 -6.7061235E-04 -8.1692421E-04  4.7003960E-03  0.0000000E+00
  2.0799350E+02  1.4256362E-03 -6.7317040E-04 -7.5235157E-04  4.6072631E-03  0.0000000E+00
  2.0799350E+02  1.3701456E-03 -6.9183866E-04 -6.7799650E-04  4.5148340E-03  0.0000000E+00
  2.0799350E+02  1.3228971E-03 -7.1781292E-04 -6.0453453E-04  4.4227242E-03  0.0000000E+00
  2.0799350E+02  1.2830879E-03 -7.4126757E-04 -5.4127479E-04  4.3312526E-03  0.0000000E+00
  2.0799350E+02  2.3866300E-01 -2.3855273E-01 -1.4267185E-04  9.7324269E-02  0.0000000E+00
  2.0799350E+02  1.1954315E-01  3.1354617E-02 -1.5090196E-01  9.6753201E-02  0.0000000E+00
  2.0799350E+02  2.1578841E-02  1.3637932E-01 -1.5801508E-01  9.4615410E-02  0.0000000E+00
  2.0799350E+02  4.4025457E-03  1.1581004E-01 -1.2009172E-01  9.0834589E-02  0.0000000E+00
  2.0799350E+02  1.3635273E-02  7.1134839E-02 -8.4743377E-02  8.6234843E-02  0.0000000E+00
  2.0799350E+02  2.5935178E-02  3.6846960E-02 -6.2686985E-02  8.1451156E-02  0.0000000E+00
  2.0799350E+02  3.7283394E-02  1.5429721E-02 -5.2647673E-02  7.6850543E-02  0.0000000E+00
  2.0799350E+02  4.7360665E-02  1.6098093E-03 -4.8940682E-02  7.2621932E-02  0.0000000E+00
  2.0799350E+02  5.5359647E-02 -7.7427946E-03 -4.7657019E-02  6.8840192E-02  0.0000000E+00
  2.0799350E+02  6.0960690E-02 -1.2435532E-02 -4.8631611E-02  6.5522086E-02  0.0000000E+00
  2.0799350E+02  6.5395243E-02 -1.6148293E-02 -4.9369661E-02  6.2641641E-02  0.0000000E+00
  2.0799350E+02  6.8898747E-02 -2.0709989E-02 -4.8268458E-02  6.0159187E-02  0.0000000E+00
  2.0799350E+02  7.1034424E-02 -2.5002980E-02 -4.6084019E-02  5.8030698E-02  0.0000000E+00
  2.0799350E+02  7.1323904E-02 -2.6842002E-02 -4.4529315E-02  5.6192497E-02  0.0000000E+00
  2.0799350E+02  6.9824846E-02 -2.5870821E-02 -4.3917444E-02  5.4565537E-02  0.0000000E+00
  2.0799350E+02  6.6587395E-02 -2.3963479E-02 -4.2445028E-02  5.3064076E-02  0.0000000E+00
  2.0799350E+02  6.2003662E-02 -2.2992606E-02 -3.8825066E-02  5.1638610E-02  0.0000000E+00
  2.0799350E+02  5.6754563E-02 -2.1311533E-02 -3.5318139E-02  5.0248980E-02  0.0000000E+00
  2.0799350E+02  5.1025363E-02 -1.8084959E-02 -3.2845261E-02  4.8862834E-02  0.0000000E+00
  2.0799350E+02  4.5372091E-02 -1.4388532E-02 -3.0897037E-02  4.7470361E-02  0.0000000E+00
  2.0799350E+02  4.0240316E-02 -1.1332058E-02 -2.8838092E-02  4.6069435E-02  0.0000000E+00
  2.0799350E+02  3.5803824E-02 -9.3439334E-03 -2.6423913E-02  4.4666160E-02  0.0000000E+00
  2.0799350E+02  3.1949879E-02 -8.2024260E-03 -2.3752824E-02  4.3262074E-02  0.0000000E+00
  2.0799350E+02  2.8449157E-02 -7.4686478E-03 -2.1015615E-02  4.1866145E-02  0.0000000E+00
  2.0799350E+02  2.5080532E-02 -6.8656722E-03 -1.8250193E-02  4.0483510E-02  0.0000000E+00
  2.0799350E+02  2.1747085E-02 -6.2678089E-03 -1.5453156E-02  3.9116685E-02  0.0000000E+00
  2.0799350E+02  1.9196770E-02 -5.6577529E-03 -1.3525886E-02  3.7767228E-02  0.0000000E+00
  2.0799350E+02  1.7308793E-02 -4.9283010E-03 -1.2391659E-02  3.6418569E-02  0.0000000E+00
  2.0799350E+02  1.5889809E-02 -4.1248761E-03 -1.1769087E-02  3.5077685E-02  0.0000000E+00
  2.0799350E+02  1.4855860E-02 -3.4916718E-03 -1.1360545E-02  3.3750356E-02  0.0000000E+00
  2.0799350E+02  1.4026652E-02 -3.1547770E-03 -1.0863800E-02  3.2442030E-02  0.0000000E+00
  2.0799350E+02  1.3270843E-02 -3.1126014E-03 -1.0146683E-02  3.1161020E-02  0.0000000E+00
  2.0799350E+02  1.2548921E-02 -3.2673864E-03 -9.2670951E-03  2.9909700E-02  0.0000000E+00
  2.0799350E+02  1.1902926E-02 -3.4798263E-03 -8.4091030E-03  2.8696767E-02  0.0000000E+00
  2.0799350E+02  1.1397503E-02 -3.6289105E-03 -7.7608203E-03  2.7527333E-02  0.0000000E+00
  2.0799350E+02  1.1061441E-02 -3.6614725E-03 -7.4022584E-03  2.6404147E-02  0.0000000E+00
  2.0799350E+02  1.0852326E-02 -3.6129281E-03 -7.2476781E-03  2.5328996E-02  0.0000000E+00
  2.0799350E+02  1.0673887E-02 -3.5814752E-03 -7.0932372E-03  2.4296080E-02  0.0000000E+00
  2.0799350E+02  1.0480426E-02 -3.6404961E-03 -6.8228319E-03  2.3305080E-02  0.0000000E+00
  2.0799350E+02  1.0334617E-02 -3.7015182E-03 -6.6221264E-03  2.2351349E-02  0.0000000E+00
  2.0799350E+02  1.0067271E-02 -3.4683925E-03 -6.5945808E-03  2.1433803E-02  0.0000000E+00
  2.0799350E+02  9.7373625E-03 -3.1545831E-03 -6.5792126E-03  2.0554845E-02  0.0000000E+00
  2.0799350E+02  9.3771013E-03 -2.9236537E-03 -6.4492159E-03  1.9709365E-02  0.0000000E+00
  2.0799350E+02  9.0081802E-03 -2.8134688E-03 -6.1899092E-03  1.8898391E-02  0.0000000E+00
  2.0799350E+02  8.6472875E-03 -2.7964163E-03 -5.8456710E-03  1.8122042E-02  0.0000000E+00
  2.0799350E+02  8.3093298E-03 -2.8227130E-03 -5.4808988E-03  1.7380459E-02  0.0000000E+00
  2.0799350E+02  8.0071467E-03 -2.8465550E-03 -5.1541265E-03  1.6674716E-02  0.0000000E+00
  2.0799350E+02  7.7468537E-03 -2.8392185E-03 -4.9004230E-03  1.6002030E-02  0.0000000E+00
  2.0799350E+02  7.5279587E-03 -2.7918772E-03 -4.7285803E-03  1.5363073E-02  0.0000000E+00
  2.0799350E+02  7.3394636E-03 -2.7125494E-03 -4.6199654E-03  1.4757233E-02  0.0000000E+00
  2.0799350E+02  7.1617688E-03 -2.6198448E-03 -4.5363055E-03  1.4184881E-02  0.0000000E+00
  2.0799350E+02  6.9709076E-03 -2.5362751E-03 -4.4302880E-03  1.3643449E-02  0.0000000E+00
  2.0799350E+02  6.7516521E-03 -2.4869460E-03 -4.2597595E-03  1.3132964E-02  0.0000000E+00
  2.0799350E+02  6.5151996E-03 -2.5036843E-03 -4.0013402E-03  1.2651438E-02  0.0000000E+00
  2.0799350E+02  6.2945114E-03 -2.5734898E-03 -3.7110086E-03  1.2195572E-02  0.0000000E+00
  2.0799350E+02  6.0696554E-03 -2.6507756E-03 -3.4134130E-03  1.1763819E-02  0.0000000E+00
  2.0799350E+02  5.8618544E-03 -2.7015677E-03 -3.1567433E-03  1.1352672E-02  0.0000000E+00
  2.0799350E+02  5.6741127E-03 -2.6907792E-03 -2.9814074E-03  1.0961781E-02  0.0000000E+00
  2.0799350E+02  5.4998760E-03 -2.6164675E-03 -2.8831867E-03  1.0590288E-02  0.0000000E+00
  2.0799350E+02  5.3315292E-03 -2.4949981E-03 -2.8376503E-03  1.0237177E-02  0.0000000E+00
  2.0799350E+02  5.1650273E-03 -2.3505604E-03 -2.8159971E-03  9.9016567E-03  0.0000000E+00
  2.0799350E+02  5.0001252E-03 -2.2068151E-03 -2.7940550E-03  9.5809206E-03  0.0000000E+00
  2.0799350E+02  4.8412480E-03 -2.0839467E-03 -2.7562530E-03  9.2737081E-03  0.0000000E+00
  2.0799350E+02  4.6941042E-03 -1.9954371E-03 -2.6954230E-03  8.9782056E-03  0.0000000E+00
  2.0799350E+02  4.5630721E-03 -1.9477551E-03 -2.6103041E-03  8.6928595E-03  0.0000000E+00
  2.0799350E+02  4.4486238E-03 -1.9409044E-03 -2.5021329E-03  8.4170290E-03  0.0000000E+00
  2.0799350E+02  4.3447383E-03 -1.9695594E-03 -2.3705936E-03  8.1492168E-03  0.0000000E+00
  2.0799350E+02  4.2399100E-03 -2.0241916E-03 -2.2133968E-03  7.8898338E-03  0.0000000E+00
  2.0799350E+02  4.1186710E-03 -2.0914179E-03 -2.0272029E-03  7.6390480E-03  0.0000000E+00
  2.0799350E+02  3.9673822E-03 -2.1533225E-03 -1.8139741E-03  7.3967445E-03  0.0000000E+00
  2.0799350E+02  3.7852407E-03 -2.1811780E-03 -1.6022029E-03  7.1624133E-03  0.0000000E+00
  2.0799350E+02  3.6108396E-03 -2.1893359E-03 -1.4225295E-03  6.9357015E-03  0.0000000E+00
  2.0799350E+02  3.4540051E-03 -2.2027261E-03 -1.2525522E-03  6.7176992E-03  0.0000000E+00
  2.0799350E+02  3.3136816E-03 -2.2141915E-03 -1.1000102E-03  6.5088354E-03  0.0000000E+00
  2.0799350E+02  3.1913903E-03 -2.2199281E-03 -9.7122373E-04  6.3091810E-03  0.0000000E+00
  2.0799350E+02  3.0881446E-03 -2.2193566E-03 -8.6821338E-04  6.1190412E-03  0.0000000E+00
  2.0799350E+02  3.0020941E-03 -2.2141438E-03 -7.8746027E-04  5.9378277E-03  0.0000000E+00
  2.0799350E+02  2.9291395E-03 -2.2067469E-03 -7.2215688E-04  5.7660537E-03  0.0000000E+00
  2.0799350E+02  2.8627052E-03 -2.1987652E-03 -6.6381071E-04  5.6039987E-03  0.0000000E+00
  2.0799350E+02  2.7952022E-03 -2.1894327E-03 -6.0538112E-04  5.4522118E-03  0.0000000E+00
  2.0799350E+02  2.7190540E-03 -2.1744901E-03 -5.4354826E-04  5.3103875E-03  0.0000000E+00
  2.0799350E+02  2.6288848E-03 -2.1459743E-03 -4.8115515E-04  5.1788051E-03  0.0000000E+00
  2.0799350E+02  2.5223241E-03 -2.0929581E-03 -4.2720647E-04  5.0571821E-03  0.0000000E+00
  2.0799350E+02  2.4007866E-03 -2.0037744E-03 -3.9522648E-04  4.9448883E-03  0.0000000E+00
  2.0799350E+02  2.2694867E-03 -1.8702267E-03 -3.9869922E-04  4.8411279E-03  0.0000000E+00
  2.0799350E+02  2.1351219E-03 -1.6925840E-03 -4.4321744E-04  4.7443491E-03  0.0000000E+00
  2.0799350E+02  2.0043428E-03 -1.4893047E-03 -5.1444433E-04  4.6535152E-03  0.0000000E+00
  2.0799350E+02  1.8835716E-03 -1.2984740E-03 -5.8316630E-04  4.5673063E-03  0.0000000E+00
  2.0799350E+02  1.7772163E-03 -1.1020758E-03 -6.7600442E-04  4.4850163E-03  0.0000000E+00
  2.0799350E+02  1.6846479E-03 -9.1815348E-04 -7.6688159E-04  4.4063685E-03  0.0000000E+00
  2.0799350E+02  1.6061164E-03 -7.6723153E-04 -8.3829117E-04  4.3302496E-03  0.0000000E+00
  2.0799350E+02  1.5380505E-03 -6.5932525E-04 -8.7770003E-04  4.2562292E-03  0.0000000E+00
  2.0799350E+02  1.4760514E-03 -5.9550915E-04 -8.7972779E-04  4.1838237E-03  0.0000000E+00
  2.0799350E+02  1.4170816E-03 -5.7078477E-04 -8.4601060E-04  4.1125476E-03  0.0000000E+00
  2.0799350E+02  1.3602769E-03 -5.7625070E-04 -7.8419967E-04  4.0420313E-03  0.0000000E+00
  2.0799350E+02  1.3063153E-03 -6.0108413E-04 -7.0555240E-04  3.9715965E-03  0.0000000E+00
  2.0799350E+02  1.2571322E-03 -6.3406071E-04 -6.2319539E-04  3.9010628E-03  0.0000000E+00
  2.0799350E+02  1.2143736E-03 -6.6490941E-04 -5.4920422E-04  3.8303572E-03  0.0000000E+00
  2.0799350E+02  1.1783910E-03 -6.8544531E-04 -4.9237393E-04  3.7597041E-03  0.0000000E+00
  2.0799350E+02  1.1475762E-03 -6.9049166E-04 -4.5650476E-04  3.6897638E-03  0.0000000E+00
  2.0799350E+02  2.8545206E-01 -2.8523584E-01  2.9922224E-16  5.6590535E-02  0.0000000E+00
  2.0799350E+02  1.2252407E-01 -2.0360421E-03 -1.2025573E-01  5.4960255E-02  0.0000000E+00
  2.0799350E+02  3.1208858E-03  1.2851222E-01 -1.3157843E-01  5.2483429E-02  0.0000000E+00
  2.0799350E+02 -1.1686349E-02  1.1399724E-01 -1.0241199E-01  4.8842991E-02  0.0000000E+00
  2.0799350E+02  1.7568400E-04  6.9722739E-02 -7.0034049E-02  4.4516605E-02  0.0000000E+00
  2.0799350E+02  1.0765397E-02  3.6702776E-02 -4.7520523E-02  4.0013107E-02  0.0000000E+00
  2.0799350E+02  1.8366623E-02  1.7220871E-02 -3.5523868E-02  3.5693593E-02  0.0000000E+00
  2.0799350E+02  2.3866173E-02  7.4792780E-03 -3.1161635E-02  3.1784780E-02  0.0000000E+00
  2.0799350E+02  2.8139474E-02  2.4177482E-03 -3.0340893E-02  2.8393551E-02  0.0000000E+00
  2.0799350E+02  3.1715597E-02 -1.6052748E-03 -2.9905829E-02  2.5535957E-02  0.0000000E+00
  2.0799350E+02  3.4371439E-02 -4.8541089E-03 -2.9319905E-02  2.3177678E-02  0.0000000E+00
  2.0799350E+02  3.5935504E-02 -7.4294067E-03 -2.8321999E-02  2.1239415E-02  0.0000000E+00
  2.0799350E+02  3.6425792E-02 -9.7183383E-03 -2.6563592E-02  1.9642807E-02  0.0000000E+00
  2.0799350E+02  3.5937817E-02 -1.1596930E-02 -2.4231271E-02  1.8316148E-02  0.0000000E+00
  2.0799350E+02  3.4622118E-02 -1.2117152E-02 -2.2407457E-02  1.7207149E-02  0.0000000E+00
  2.0799350E+02  3.3059416E-02 -1.1121028E-02 -2.1914346E-02  1.6262550E-02  0.0000000E+00
  2.0799350E+02  3.1288471E-02 -1.0057091E-02 -2.1263297E-02  1.5432952E-02  0.0000000E+00
  2.0799350E+02  2.9708151E-02 -9.2688235E-03 -2.0527425E-02  1.4677165E-02  0.0000000E+00
  2.0799350E+02  2.8138018E-02 -8.4957983E-03 -1.9723016E-02  1.3978178E-02  0.0000000E+00
  2.0799350E+02  2.6186018E-02 -7.6469787E-03 -1.8575923E-02  1.3329971E-02  0.0000000E+00
  2.0799350E+02  2.3763022E-02 -6.8007859E-03 -1.6953305E-02  1.2732146E-02  0.0000000E+00
  2.0799350E+02  2.1137487E-02 -6.0877369E-03 -1.5008985E-02  1.2181836E-02  0.0000000E+00
  2.0799350E+02  1.8722555E-02 -5.5494858E-03 -1.3116311E-02  1.1669876E-02  0.0000000E+00
  2.0799350E+02  1.6794734E-02 -5.0638874E-03 -1.1674665E-02  1.1184863E-02  0.0000000E+00
  2.0799350E+02  1.5259719E-02 -4.4099117E-03 -1.0807384E-02  1.0711595E-02  0.0000000E+00
  2.0799350E+02  1.3730997E-02 -3.5765255E-03 -1.0089570E-02  1.0241484E-02  0.0000000E+00
  2.0799350E+02  1.2555190E-02 -3.0093855E-03 -9.4953320E-03  9.7745831E-03  0.0000000E+00
  2.0799350E+02  1.1521753E-02 -2.5489816E-03 -8.9439918E-03  9.3141964E-03  0.0000000E+00
  2.0799350E+02  1.0621934E-02 -2.2831570E-03 -8.3152422E-03  8.8575427E-03  0.0000000E+00
  2.0799350E+02  9.9485530E-03 -2.1724438E-03 -7.7693260E-03  8.4061477E-03  0.0000000E+00
  2.0799350E+02  9.4504519E-03 -2.1391489E-03 -7.3271868E-03  7.9632063E-03  0.0000000E+00
  2.0799350E+02  9.0540477E-03 -2.1400066E-03 -6.9459253E-03  7.5344541E-03  0.0000000E+00
  2.0799350E+02  8.7121150E-03 -2.1724985E-03 -6.5744087E-03  7.1223025E-03  0.0000000E+00
  2.0799350E+02  8.4155636E-03 -2.2438788E-03 -6.1986164E-03  6.7285701E-03  0.0000000E+00
  2.0799350E+02  8.1739690E-03 -2.3303439E-03 -5.8594834E-03  6.3538412E-03  0.0000000E+00
  2.0799350E+02  7.9892023E-03 -2.3548877E-03 -5.6425458E-03  5.9973061E-03  0.0000000E+00
  2.0799350E+02  7.8418588E-03 -2.2119936E-03 -5.6347943E-03  5.6597440E-03  0.0000000E+00
  2.0799350E+02  7.7050080E-03 -1.8681585E-03 -5.8378573E-03  5.3401069E-03  0.0000000E+00
  2.0799350E+02  7.6105544E-03 -1.5645624E-03 -6.0405305E-03  5.0379715E-03  0.0000000E+00
  2.0799350E+02  7.4644457E-03 -1.5008054E-03 -5.9565371E-03  4.7500794E-03  0.0000000E+00
  2.0799350E+02  7.1493783E-03 -1.4165050E-03 -5.7263173E-03  4.4741861E-03  0.0000000E+00
  2.0799350E+02  6.9138689E-03 -1.5530243E-03 -5.3582455E-03  4.2132376E-03  0.0000000E+00
  2.0799350E+02  6.7618668E-03 -1.8039768E-03 -4.9590549E-03  3.9678778E-03  0.0000000E+00
  2.0799350E+02  6.6667708E-03 -2.0756529E-03 -4.5939457E-03  3.7370877E-03  0.0000000E+00
  2.0799350E+02  6.5918962E-03 -2.2980418E-03 -4.2958494E-03  3.5209012E-03  0.0000000E+00
  2.0799350E+02  6.5031644E-03 -2.4328699E-03 -4.0697074E-03  3.3185587E-03  0.0000000E+00
  2.0799350E+02  6.3778845E-03 -2.4703714E-03 -3.9039469E-03  3.1303070E-03  0.0000000E+00
  2.0799350E+02  6.2076596E-03 -2.4240615E-03 -3.7780540E-03  2.9565373E-03  0.0000000E+00
  2.0799350E+02  5.9993353E-03 -2.3230544E-03 -3.6706974E-03  2.7986337E-03  0.0000000E+00
  2.0799350E+02  5.7699033E-03 -2.2024923E-03 -3.5637867E-03  2.6567207E-03  0.0000000E+00
  2.0799350E+02  5.5422352E-03 -2.0957380E-03 -3.4458537E-03  2.5305299E-03  0.0000000E+00
  2.0799350E+02  5.3382000E-03 -2.0290768E-03 -3.3105842E-03  2.4188581E-03  0.0000000E+00
  2.0799350E+02  5.1713852E-03 -2.0210081E-03 -3.1507465E-03  2.3194524E-03  0.0000000E+00
  2.0799350E+02  5.0416082E-03 -2.0877672E-03 -2.9481707E-03  2.2301238E-03  0.0000000E+00
  2.0799350E+02  4.9413712E-03 -2.1779491E-03 -2.7559265E-03  2.1502901E-03  0.0000000E+00
  2.0799350E+02  4.8319176E-03 -2.2177326E-03 -2.6082935E-03  2.0806608E-03  0.0000000E+00
  2.0799350E+02  4.6989391E-03 -2.2051670E-03 -2.4872482E-03  2.0195026E-03  0.0000000E+00
  2.0799350E+02  4.5542255E-03 -2.1368915E-03 -2.4098622E-03  1.9661466E-03  0.0000000E+00
  2.0799350E+02  4.4102241E-03 -2.0370786E-03 -2.3652947E-03  1.9193854E-03  0.0000000E+00
  2.0799350E+02  4.2769960E-03 -1.9377733E-03 -2.3318058E-03  1.8779572E-03  0.0000000E+00
  2.0799350E+02  4.1596796E-03 -1.8661785E-03 -2.2872318E-03  1.8404504E-03  0.0000000E+00
  2.0799350E+02  4.0586680E-03 -1.8382760E-03 -2.2157450E-03  1.8056669E-03  0.0000000E+00
  2.0799350E+02  3.9689825E-03 -1.8559364E-03 -2.1102647E-03  1.7723500E-03  0.0000000E+00
  2.0799350E+02  3.8826537E-03 -1.9090442E-03 -1.9727693E-03  1.7395670E-03  0.0000000E+00
  2.0799350E+02  3.7906373E-03 -1.9793740E-03 -1.8123385E-03  1.7067380E-03  0.0000000E+00
  2.0799350E+02  3.6850612E-03 -2.0461240E-03 -1.6418158E-03  1.6736419E-03  0.0000000E+00
  2.0799350E+02  3.5624510E-03 -2.0911758E-03 -1.4756579E-03  1.6406678E-03  0.0000000E+00
  2.0799350E+02  3.4247941E-03 -2.1047495E-03 -1.3252185E-03  1.6084204E-03  0.0000000E+00
  2.0799350E+02  3.2818097E-03 -2.0878546E-03 -1.1983767E-03  1.5778322E-03  0.0000000E+00
  2.0799350E+02  3.1512415E-03 -2.0522768E-03 -1.0996301E-03  1.5498465E-03  0.0000000E+00
  2.0799350E+02  3.0571070E-03 -2.0327598E-03 -1.0213189E-03  1.5246092E-03  0.0000000E+00
  2.0799350E+02  2.9681789E-03 -2.0668131E-03 -9.0191414E-04  1.5014041E-03  0.0000000E+00
  2.0799350E+02  2.8760953E-03 -2.1104864E-03 -7.6614491E-04  1.4815007E-03  0.0000000E+00
  2.0799350E+02  2.7893192E-03 -2.1553133E-03 -6.3358150E-04  1.4649155E-03  0.0000000E+00
  2.0799350E+02  2.7106563E-03 -2.1896356E-03 -5.1993206E-04  1.4522959E-03  0.0000000E+00
  2.0799350E+02  2.6383813E-03 -2.2030668E-03 -4.3418572E-04  1.4442505E-03  0.0000000E+00
  2.0799350E+02  2.5686805E-03 -2.1883745E-03 -3.7958593E-04  1.4411832E-03  0.0000000E+00
  2.0799350E+02  2.4970436E-03 -2.1423879E-03 -3.5442789E-04  1.4431356E-03  0.0000000E+00
  2.0799350E+02  2.4193723E-03 -2.0656196E-03 -3.5377344E-04  1.4498034E-03  0.0000000E+00
  2.0799350E+02  2.3334585E-03 -1.9619438E-03 -3.7139013E-04  1.4605697E-03  0.0000000E+00
  2.0799350E+02  2.2387285E-03 -1.8365063E-03 -4.0164461E-04  1.4747142E-03  0.0000000E+00
  2.0799350E+02  2.1369270E-03 -1.6949356E-03 -4.4094211E-04  1.4915236E-03  0.0000000E+00
  2.0799350E+02  2.0315239E-03 -1.5420202E-03 -4.8834415E-04  1.5104549E-03  0.0000000E+00
  2.0799350E+02  1.9277175E-03 -1.3825479E-03 -5.4453611E-04  1.5310554E-03  0.0000000E+00
  2.0799350E+02  1.8300643E-03 -1.2204643E-03 -6.1001892E-04  1.5531147E-03  0.0000000E+00
  2.0799350E+02  1.7414408E-03 -1.0620918E-03 -6.8049423E-04  1.5763443E-03  0.0000000E+00
  2.0799350E+02  1.6603703E-03 -9.1952528E-04 -7.4035066E-04  1.6000787E-03  0.0000000E+00
  2.0799350E+02  1.5783194E-03 -8.0450013E-04 -7.7195495E-04  1.6233503E-03  0.0000000E+00
  2.0799350E+02  1.4984749E-03 -6.8552418E-04 -8.1356585E-04  1.6467293E-03  0.0000000E+00
  2.0799350E+02  1.4270687E-03 -5.9406991E-04 -8.3341686E-04  1.6691458E-03  0.0000000E+00
  2.0799350E+02  1.3636192E-03 -5.4333524E-04 -8.2000396E-04  1.6900832E-03  0.0000000E+00
  2.0799350E+02  1.3070343E-03 -5.2952754E-04 -7.7684862E-04  1.7090797E-03  0.0000000E+00
  2.0799350E+02  1.2565355E-03 -5.4090720E-04 -7.1500717E-04  1.7256907E-03  0.0000000E+00
  2.0799350E+02  1.2112873E-03 -5.6389805E-04 -6.4701616E-04  1.7397439E-03  0.0000000E+00
  2.0799350E+02  1.1707919E-03 -5.8707097E-04 -5.8357297E-04  1.7512212E-03  0.0000000E+00
  2.0799350E+02  1.1345612E-03 -6.0300002E-04 -5.3148269E-04  1.7603024E-03  0.0000000E+00
  2.0799350E+02  1.1021312E-03 -6.0853502E-04 -4.9343167E-04  1.7672801E-03  0.0000000E+00
  2.0799350E+02  1.0724648E-03 -6.0424586E-04 -4.6790982E-04  1.7726153E-03  0.0000000E+00
  2.0799350E+02  1.0440942E-03 -5.9288412E-04 -4.5081598E-04  1.7768246E-03  0.0000000E+00
  2.0799350E+02  1.0150618E-03 -5.7774254E-04 -4.3696179E-04  1.7804579E-03  0.0000000E+00
  2.0799350E+02  5.4196069E-02 -5.3937411E-02 -1.1232713E-04 -3.0473513E-02  0.0000000E+00
  2.0799350E+02  2.4304116E-02  2.7807229E-02 -5.1952546E-02 -3.1188717E-02  0.0000000E+00
  2.0799350E+02 -3.0633469E-03  5.8637646E-02 -5.5421332E-02 -3.1488065E-02  0.0000000E+00
  2.0799350E+02 -7.2605109E-03  4.5440596E-02 -3.8028831E-02 -3.1932242E-02  0.0000000E+00
  2.0799350E+02 -2.0944110E-03  1.9702219E-02 -1.7512354E-02 -3.2689210E-02  0.0000000E+00
  2.0799350E+02  3.3336116E-03  2.0107901E-04 -3.5222619E-03 -3.3603339E-02  0.0000000E+00
  2.0799350E+02  7.1320699E-03 -9.1714920E-03  2.0231162E-03 -3.4474337E-02  0.0000000E+00
  2.0799350E+02  9.7338738E-03 -1.1506658E-02  1.8209250E-03 -3.5147448E-02  0.0000000E+00
  2.0799350E+02  1.1748793E-02 -1.0625799E-02 -1.0388797E-03 -3.5534449E-02  0.0000000E+00
  2.0799350E+02  1.3594060E-02 -9.2803863E-03 -4.1941112E-03 -3.5605926E-02  0.0000000E+00
  2.0799350E+02  1.5277073E-02 -8.6804935E-03 -6.4740834E-03 -3.5374015E-02  0.0000000E+00
  2.0799350E+02  1.6624128E-02 -8.7205568E-03 -7.7680190E-03 -3.4874066E-02  0.0000000E+00
  2.0799350E+02  1.7499860E-02 -8.9406891E-03 -8.4019478E-03 -3.4151195E-02  0.0000000E+00
  2.0799350E+02  1.7990474E-02 -9.2220507E-03 -8.6320670E-03 -3.3259895E-02  0.0000000E+00
  2.0799350E+02  1.8323302E-02 -9.6928528E-03 -8.5487973E-03 -3.2252432E-02  0.0000000E+00
  2.0799350E+02  1.8461859E-02 -9.8079279E-03 -8.6027042E-03 -3.1188769E-02  0.0000000E+00
  2.0799350E+02  1.8171700E-02 -8.8554142E-03 -9.3104451E-03 -3.0110882E-02  0.0000000E+00
  2.0799350E+02  1.7482030E-02 -7.4562944E-03 -9.9888761E-03 -2.9039239E-02  0.0000000E+00
  2.0799350E+02  1.6698885E-02 -6.2725852E-03 -1.0369265E-02 -2.7982174E-02  0.0000000E+00
  2.0799350E+02  1.5978075E-02 -5.4517053E-03 -1.0471366E-02 -2.6938370E-02  0.0000000E+00
  2.0799350E+02  1.5298600E-02 -4.9235162E-03 -1.0324017E-02 -2.5915802E-02  0.0000000E+00
  2.0799350E+02  1.4529036E-02 -4.5605228E-03 -9.9059841E-03 -2.4918282E-02  0.0000000E+00
  2.0799350E+02  1.3553684E-02 -4.2665877E-03 -9.2025032E-03 -2.3948927E-02  0.0000000E+00
  2.0799350E+02  1.2385446E-02 -3.9924433E-03 -8.3004804E-03 -2.3012660E-02  0.0000000E+00
  2.0799350E+02  1.1182351E-02 -3.7015199E-03 -7.4089102E-03 -2.2104974E-02  0.0000000E+00
  2.0799350E+02  1.0136021E-02 -3.3146472E-03 -6.7390595E-03 -2.1220254E-02  0.0000000E+00
  2.0799350E+02  9.3672001E-03 -3.0012627E-03 -6.3266444E-03 -2.0364238E-02  0.0000000E+00
  2.0799350E+02  8.9416752E-03 -2.9932027E-03 -5.9462176E-03 -1.9540100E-02  0.0000000E+00
  2.0799350E+02  8.5689532E-03 -2.8354983E-03 -5.7254904E-03 -1.8758814E-02  0.0000000E+00
  2.0799350E+02  8.1908826E-03 -2.6027459E-03 -5.5769788E-03 -1.8023570E-02  0.0000000E+00
  2.0799350E+02  7.8421493E-03 -2.4978446E-03 -5.3400688E-03 -1.7334138E-02  0.0000000E+00
  2.0799350E+02  7.5562909E-03 -2.6201323E-03 -4.9422085E-03 -1.6691034E-02  0.0000000E+00
  2.0799350E+02  7.3279808E-03 -2.9019583E-03 -4.4379397E-03 -1.6087893E-02  0.0000000E+00
  2.0799350E+02  7.1254503E-03 -3.1600219E-03 -3.9754876E-03 -1.5521607E-02  0.0000000E+00
  2.0799350E+02  6.9171244E-03 -3.2111057E-03 -3.7080612E-03 -1.4985394E-02  0.0000000E+00
  2.0799350E+02  6.7036591E-03 -2.9870664E-03 -3.7082774E-03 -1.4473077E-02  0.0000000E+00
  2.0799350E+02  6.5305627E-03 -2.6056583E-03 -3.9070350E-03 -1.3982308E-02  0.0000000E+00
  2.0799350E+02  6.4576659E-03 -2.3313935E-03 -4.1008939E-03 -1.3509681E-02  0.0000000E+00
  2.0799350E+02  6.4727706E-03 -2.3814390E-03 -4.0630971E-03 -1.3054127E-02  0.0000000E+00
  2.0799350E+02  6.4472264E-03 -2.5488296E-03 -3.8870773E-03 -1.2618015E-02  0.0000000E+00
  2.0799350E+02  6.3923175E-03 -2.6776269E-03 -3.7122082E-03 -1.2197091E-02  0.0000000E+00
  2.0799350E+02  6.2752997E-03 -2.6950885E-03 -3.5776264E-03 -1.1790582E-02  0.0000000E+00
  2.0799350E+02  6.1124136E-03 -2.5905708E-03 -3.5182763E-03 -1.1397049E-02  0.0000000E+00
  2.0799350E+02  5.9249208E-03 -2.4205462E-03 -3.5009558E-03 -1.1015942E-02  0.0000000E+00
  2.0799350E+02  5.7331103E-03 -2.2519749E-03 -3.4783875E-03 -1.0648494E-02  0.0000000E+00
  2.0799350E+02  5.5498825E-03 -2.1291407E-03 -3.4180997E-03 -1.0292513E-02  0.0000000E+00
  2.0799350E+02  5.3820913E-03 -2.0658407E-03 -3.3126666E-03 -9.9476621E-03  0.0000000E+00
  2.0799350E+02  5.2290537E-03 -2.0488801E-03 -3.1750075E-03 -9.6112185E-03  0.0000000E+00
  2.0799350E+02  5.0859931E-03 -2.0529984E-03 -3.0266150E-03 -9.2805207E-03  0.0000000E+00
  2.0799350E+02  4.9479666E-03 -2.0570225E-03 -2.8847290E-03 -8.9551728E-03  0.0000000E+00
  2.0799350E+02  4.8119198E-03 -2.0568930E-03 -2.7506508E-03 -8.6338718E-03  0.0000000E+00
  2.0799350E+02  4.6807890E-03 -2.0688261E-03 -2.6101513E-03 -8.3163628E-03  0.0000000E+00
  2.0799350E+02  4.5665936E-03 -2.1164573E-03 -2.4492372E-03 -8.0048700E-03  0.0000000E+00
  2.0799350E+02  4.4898315E-03 -2.1961652E-03 -2.2887113E-03 -7.6993645E-03  0.0000000E+00
  2.0799350E+02  4.4441003E-03 -2.2005392E-03 -2.2401099E-03 -7.4016567E-03  0.0000000E+00
  2.0799350E+02  4.3516331E-03 -2.1483370E-03 -2.2037190E-03 -7.1117458E-03  0.0000000E+00
  2.0799350E+02  4.2355704E-03 -2.0807159E-03 -2.1543291E-03 -6.8291175E-03  0.0000000E+00
  2.0799350E+02  4.1143967E-03 -2.0079418E-03 -2.1036681E-03 -6.5551170E-03  0.0000000E+00
  2.0799350E+02  3.9983769E-03 -1.9474916E-03 -2.0460693E-03 -6.2890416E-03  0.0000000E+00
  2.0799350E+02  3.8924739E-03 -1.9169240E-03 -1.9694327E-03 -6.0321405E-03  0.0000000E+00
  2.0799350E+02  3.7962945E-03 -1.9274426E-03 -1.8621841E-03 -5.7842249E-03  0.0000000E+00
  2.0799350E+02  3.7062721E-03 -1.9811988E-03 -1.7185214E-03 -5.5451179E-03  0.0000000E+00
  2.0799350E+02  3.6175894E-03 -2.0695761E-03 -1.5422011E-03 -5.3157891E-03  0.0000000E+00
  2.0799350E+02  3.5245186E-03 -2.1750040E-03 -1.3450780E-03 -5.0953090E-03  0.0000000E+00
  2.0799350E+02  3.4231193E-03 -2.2729156E-03 -1.1477488E-03 -4.8840871E-03  0.0000000E+00
  2.0799350E+02  3.3112996E-03 -2.3380516E-03 -9.7319547E-04 -4.6810406E-03  0.0000000E+00
  2.0799350E+02  3.1902447E-03 -2.3505793E-03 -8.4196872E-04 -4.4848933E-03  0.0000000E+00
  2.0799350E+02  3.0658752E-03 -2.3050239E-03 -7.6463706E-04 -4.2952991E-03  0.0000000E+00
  2.0799350E+02  2.9479227E-03 -2.2208740E-03 -7.3033088E-04 -4.1109743E-03  0.0000000E+00
  2.0799350E+02  2.8506447E-03 -2.1543956E-03 -6.9582233E-04 -3.9311725E-03  0.0000000E+00
  2.0799350E+02  2.7803966E-03 -2.1679772E-03 -6.0844634E-04 -3.7562160E-03  0.0000000E+00
  2.0799350E+02  2.6985539E-03 -2.1796884E-03 -5.1783849E-04 -3.5836542E-03  0.0000000E+00
  2.0799350E+02  2.6240328E-03 -2.2167772E-03 -4.0672457E-04 -3.4143566E-03  0.0000000E+00
  2.0799350E+02  2.5551747E-03 -2.2429586E-03 -3.1162637E-04 -3.2467545E-03  0.0000000E+00
  2.0799350E+02  2.4873377E-03 -2.2363823E-03 -2.5050811E-04 -3.0800118E-03  0.0000000E+00
  2.0799350E+02  2.4160507E-03 -2.1874463E-03 -2.2860269E-04 -2.9147538E-03  0.0000000E+00
  2.0799350E+02  2.3378336E-03 -2.0959074E-03 -2.4247492E-04 -2.7508090E-03  0.0000000E+00
  2.0799350E+02  2.2519986E-03 -1.9687619E-03 -2.8417960E-04 -2.5894106E-03  0.0000000E+00
  2.0799350E+02  2.1597009E-03 -1.8164660E-03 -3.4424412E-04 -2.4309646E-03  0.0000000E+00
  2.0799350E+02  2.0637884E-03 -1.6506428E-03 -4.1387048E-04 -2.2758126E-03  0.0000000E+00
  2.0799350E+02  1.9685123E-03 -1.4830033E-03 -4.8572642E-04 -2.1249333E-03  0.0000000E+00
  2.0799350E+02  1.8774999E-03 -1.3219674E-03 -5.5524032E-04 -1.9782036E-03  0.0000000E+00
  2.0799350E+02  1.7933905E-03 -1.1728414E-03 -6.1997046E-04 -1.8352571E-03  0.0000000E+00
  2.0799350E+02  1.7176191E-03 -1.0388121E-03 -6.7828223E-04 -1.6962802E-03  0.0000000E+00
  2.0799350E+02  1.6492281E-03 -9.2056585E-04 -7.2841802E-04 -1.5603702E-03  0.0000000E+00
  2.0799350E+02  1.5864820E-03 -8.2103096E-04 -7.6525582E-04 -1.4277704E-03  0.0000000E+00
  2.0799350E+02  1.5273755E-03 -7.4821931E-04 -7.7788714E-04 -1.2984817E-03  0.0000000E+00
  2.0799350E+02  1.4655299E-03 -7.0327519E-04 -7.6059023E-04 -1.1729673E-03  0.0000000E+00
  2.0799350E+02  1.3931123E-03 -6.4316423E-04 -7.4964518E-04 -1.0516855E-03  0.0000000E+00
  2.0799350E+02  1.3235685E-03 -5.9969417E-04 -7.2325989E-04 -9.3521644E-04  0.0000000E+00
  2.0799350E+02  1.2608884E-03 -5.8046714E-04 -6.7921090E-04 -8.2436714E-04  0.0000000E+00
  2.0799350E+02  1.2065274E-03 -5.7931512E-04 -6.2568108E-04 -7.1903354E-04  0.0000000E+00
  2.0799350E+02  1.1603132E-03 -5.8555997E-04 -5.7326096E-04 -6.1892557E-04  0.0000000E+00
  2.0799350E+02  1.1211411E-03 -5.8947613E-04 -5.3043467E-04 -5.2411724E-04  0.0000000E+00
  2.0799350E+02  1.0869935E-03 -5.8531564E-04 -5.0074692E-04 -4.3402250E-04  0.0000000E+00
  2.0799350E+02  1.0557151E-03 -5.7201928E-04 -4.8296772E-04 -3.4802232E-04  0.0000000E+00
  2.0799350E+02  1.0255632E-03 -5.5256757E-04 -4.7233235E-04 -2.6593330E-04  0.0000000E+00
  2.0799350E+02  9.9514358E-04 -5.3200794E-04 -4.6244895E-04 -1.8697834E-04  0.0000000E+00
  2.0799350E+02  9.6404628E-04 -5.1544846E-04 -4.4790185E-04 -1.1099539E-04  0.0000000E+00
  2.0799350E+02  9.3248383E-04 -5.0567548E-04 -4.2621485E-04 -3.7440055E-05  0.0000000E+00
  2.0799350E+02 -4.2785394E-03  4.2920816E-03  7.7670477E-18 -8.3581782E-02  0.0000000E+00
  2.0799350E+02  1.0799972E-03  1.4344380E-02 -1.5405621E-02 -8.3003663E-02  0.0000000E+00
  2.0799350E+02  1.2650126E-02  7.7224048E-04 -1.3406983E-02 -8.1704903E-02  0.0000000E+00
  2.0799350E+02  1.4594342E-02 -8.7393575E-03 -5.8337692E-03 -7.9828413E-02  0.0000000E+00
  2.0799350E+02  1.1696739E-02 -1.5010641E-02  3.2867239E-03 -7.7842097E-02  0.0000000E+00
  2.0799350E+02  9.4176990E-03 -1.9779868E-02  1.0309676E-02 -7.5985779E-02  0.0000000E+00
  2.0799350E+02  8.5869224E-03 -2.2347599E-02  1.3697573E-02 -7.4284302E-02  0.0000000E+00
  2.0799350E+02  8.6505992E-03 -2.2748797E-02  1.4077438E-02 -7.2672163E-02  0.0000000E+00
  2.0799350E+02  9.0997591E-03 -2.1677267E-02  1.2607357E-02 -7.1069339E-02  0.0000000E+00
  2.0799350E+02  9.7575897E-03 -1.9949432E-02  1.0259836E-02 -6.9415805E-02  0.0000000E+00
  2.0799350E+02  1.0459109E-02 -1.7993967E-02  7.6258214E-03 -6.7671572E-02  0.0000000E+00
  2.0799350E+02  1.1170819E-02 -1.5907092E-02  4.8432828E-03 -6.5821830E-02  0.0000000E+00
  2.0799350E+02  1.1907299E-02 -1.3796463E-02  1.9888502E-03 -6.3879564E-02  0.0000000E+00
  2.0799350E+02  1.2556989E-02 -1.1920453E-02 -5.5879506E-04 -6.1879761E-02  0.0000000E+00
  2.0799350E+02  1.2899590E-02 -1.0550284E-02 -2.2796411E-03 -5.9863880E-02  0.0000000E+00
  2.0799350E+02  1.2992258E-02 -9.4088154E-03 -3.5513102E-03 -5.7856695E-02  0.0000000E+00
  2.0799350E+02  1.3024404E-02 -8.4751062E-03 -4.5017056E-03 -5.5869833E-02  0.0000000E+00
  2.0799350E+02  1.3195734E-02 -8.0232861E-03 -5.1202815E-03 -5.3910321E-02  0.0000000E+00
  2.0799350E+02  1.3435600E-02 -7.9886857E-03 -5.4041195E-03 -5.1988108E-02  0.0000000E+00
  2.0799350E+02  1.3586896E-02 -8.2215022E-03 -5.3390747E-03 -5.0111990E-02  0.0000000E+00
  2.0799350E+02  1.3537643E-02 -8.4973187E-03 -5.0305470E-03 -4.8287736E-02  0.0000000E+00
  2.0799350E+02  1.3264242E-02 -8.5895682E-03 -4.6770459E-03 -4.6518258E-02  0.0000000E+00
  2.0799350E+02  1.2814765E-02 -8.3580671E-03 -4.4640369E-03 -4.4804743E-02  0.0000000E+00
  2.0799350E+02  1.2260702E-02 -7.8077429E-03 -4.4555627E-03 -4.3147687E-02  0.0000000E+00
  2.0799350E+02  1.1645535E-02 -7.0716834E-03 -4.5611268E-03 -4.1546751E-02  0.0000000E+00
  2.0799350E+02  1.0958541E-02 -6.2726312E-03 -4.6553314E-03 -3.9998389E-02  0.0000000E+00
  2.0799350E+02  1.0273922E-02 -5.3192040E-03 -4.9348325E-03 -3.8498578E-02  0.0000000E+00
  2.0799350E+02  9.6648108E-03 -4.5874388E-03 -5.0725006E-03 -3.7047884E-02  0.0000000E+00
  2.0799350E+02  9.1827672E-03 -4.2472627E-03 -4.9370070E-03 -3.5641726E-02  0.0000000E+00
  2.0799350E+02  8.8082749E-03 -4.1946133E-03 -4.6167246E-03 -3.4286643E-02  0.0000000E+00
  2.0799350E+02  8.4862088E-03 -4.2645260E-03 -4.2259375E-03 -3.2991324E-02  0.0000000E+00
  2.0799350E+02  8.1806248E-03 -4.3243493E-03 -3.8630623E-03 -3.1761341E-02  0.0000000E+00
  2.0799350E+02  7.8894396E-03 -4.3097095E-03 -3.5891226E-03 -3.0597163E-02  0.0000000E+00
  2.0799350E+02  7.6329136E-03 -4.2201326E-03 -3.4222533E-03 -2.9494574E-02  0.0000000E+00
  2.0799350E+02  7.4298515E-03 -4.0912310E-03 -3.3440123E-03 -2.8446556E-02  0.0000000E+00
  2.0799350E+02  7.2754327E-03 -3.9603629E-03 -3.3132763E-03 -2.7445750E-02  0.0000000E+00
  2.0799350E+02  7.1345866E-03 -3.8426720E-03 -3.2834973E-03 -2.6486583E-02  0.0000000E+00
  2.0799350E+02  6.9648255E-03 -3.7344138E-03 -3.2190985E-03 -2.5566139E-02  0.0000000E+00
  2.0799350E+02  6.7824481E-03 -3.6604790E-03 -3.1067843E-03 -2.4682896E-02  0.0000000E+00
  2.0799350E+02  6.6139907E-03 -3.5939967E-03 -3.0029677E-03 -2.3835266E-02  0.0000000E+00
  2.0799350E+02  6.4462406E-03 -3.4564913E-03 -2.9782412E-03 -2.3019071E-02  0.0000000E+00
  2.0799350E+02  6.3325030E-03 -3.3169610E-03 -3.0050735E-03 -2.2231609E-02  0.0000000E+00
  2.0799350E+02  6.2180845E-03 -3.1454127E-03 -3.0635859E-03 -2.1472483E-02  0.0000000E+00
  2.0799350E+02  6.0668132E-03 -2.9346340E-03 -3.1263482E-03 -2.0740928E-02  0.0000000E+00
  2.0799350E+02  5.8675152E-03 -2.6983824E-03 -3.1676996E-03 -2.0035817E-02  0.0000000E+00
  2.0799350E+02  5.6319701E-03 -2.4650666E-03 -3.1692088E-03 -1.9355635E-02  0.0000000E+00
  2.0799350E+02  5.3870704E-03 -2.2687188E-03 -3.1220119E-03 -1.8698466E-02  0.0000000E+00
  2.0799350E+02  5.1639155E-03 -2.1390572E-03 -3.0267730E-03 -1.8062030E-02  0.0000000E+00
  2.0799350E+02  4.9865688E-03 -2.0924360E-03 -2.8920079E-03 -1.7443791E-02  0.0000000E+00
  2.0799350E+02  4.8632040E-03 -2.1254840E-03 -2.7315111E-03 -1.6841196E-02  0.0000000E+00
  2.0799350E+02  4.7823715E-03 -2.2132277E-03 -2.5616309E-03 -1.6252055E-02  0.0000000E+00
  2.0799350E+02  4.7171124E-03 -2.3135000E-03 -2.3991314E-03 -1.5675119E-02  0.0000000E+00
  2.0799350E+02  4.6396480E-03 -2.3794316E-03 -2.2603847E-03 -1.5110884E-02  0.0000000E+00
  2.0799350E+02  4.5493735E-03 -2.3818250E-03 -2.1626344E-03 -1.4562647E-02  0.0000000E+00
  2.0799350E+02  4.4680682E-03 -2.3349453E-03 -2.1289645E-03 -1.4031412E-02  0.0000000E+00
  2.0799350E+02  4.3513807E-03 -2.2633824E-03 -2.0903600E-03 -1.3517721E-02  0.0000000E+00
  2.0799350E+02  4.2299302E-03 -2.1849189E-03 -2.0453320E-03 -1.3022490E-02  0.0000000E+00
  2.0799350E+02  4.1173550E-03 -2.1186035E-03 -1.9971818E-03 -1.2543873E-02  0.0000000E+00
  2.0799350E+02  4.0171314E-03 -2.0824241E-03 -1.9333598E-03 -1.2081279E-02  0.0000000E+00
  2.0799350E+02  3.9271310E-03 -2.0897207E-03 -1.8374649E-03 -1.1634587E-02  0.0000000E+00
  2.0799350E+02  3.8427284E-03 -2.1463088E-03 -1.6975946E-03 -1.1203673E-02  0.0000000E+00
  2.0799350E+02  3.7587466E-03 -2.2486033E-03 -1.5113444E-03 -1.0788178E-02  0.0000000E+00
  2.0799350E+02  3.6705266E-03 -2.3830308E-03 -1.2877518E-03 -1.0387468E-02  0.0000000E+00
  2.0799350E+02  3.5744117E-03 -2.5270206E-03 -1.0464837E-03 -1.0000716E-02  0.0000000E+00
  2.0799350E+02  3.4679310E-03 -2.6518634E-03 -8.1456315E-04 -9.6270372E-03  0.0000000E+00
  2.0799350E+02  3.3499725E-03 -2.7277277E-03 -6.2093252E-04 -9.2656256E-03  0.0000000E+00
  2.0799350E+02  3.2212325E-03 -2.7311221E-03 -4.8915066E-04 -8.9158236E-03  0.0000000E+00
  2.0799350E+02  3.0852283E-03 -2.6550941E-03 -4.2852085E-04 -8.5770605E-03  0.0000000E+00
  2.0799350E+02  2.9501637E-03 -2.5224530E-03 -4.2394653E-04 -8.2486004E-03  0.0000000E+00
  2.0799350E+02  2.8319336E-03 -2.4023089E-03 -4.2481184E-04 -7.9290347E-03  0.0000000E+00
  2.0799350E+02  2.7480724E-03 -2.3750546E-03 -3.7199166E-04 -7.6168257E-03  0.0000000E+00
  2.0799350E+02  2.6662482E-03 -2.3424867E-03 -3.2202537E-04 -7.3121870E-03  0.0000000E+00
  2.0799350E+02  2.5880260E-03 -2.3381396E-03 -2.4933202E-04 -7.0128413E-03  0.0000000E+00
  2.0799350E+02  2.5086990E-03 -2.3214080E-03 -1.8754279E-04 -6.7192725E-03  0.0000000E+00
  2.0799350E+02  2.4255931E-03 -2.2701346E-03 -1.5569057E-04 -6.4315192E-03  0.0000000E+00
  2.0799350E+02  2.3381441E-03 -2.1770447E-03 -1.6082413E-04 -6.1496115E-03  0.0000000E+00
  2.0799350E+02  2.2475646E-03 -2.0458799E-03 -2.0089978E-04 -5.8737840E-03  0.0000000E+00
  2.0799350E+02  2.1562332E-03 -1.8874686E-03 -2.6777131E-04 -5.6045136E-03  0.0000000E+00
  2.0799350E+02  2.0669377E-03 -1.7159662E-03 -3.5009926E-04 -5.3424327E-03  0.0000000E+00
  2.0799350E+02  1.9822531E-03 -1.5458052E-03 -4.3584754E-04 -5.0886220E-03  0.0000000E+00
  2.0799350E+02  1.9032808E-03 -1.3877519E-03 -5.1512335E-04 -4.8425929E-03  0.0000000E+00
  2.0799350E+02  1.8301720E-03 -1.2489659E-03 -5.8080416E-04 -4.6048964E-03  0.0000000E+00
  2.0799350E+02  1.7614748E-03 -1.1310147E-03 -6.2997525E-04 -4.3751761E-03  0.0000000E+00
  2.0799350E+02  1.6947794E-03 -1.0308206E-03 -6.6359341E-04 -4.1526758E-03  0.0000000E+00
  2.0799350E+02  1.6278503E-03 -9.4287909E-04 -6.8515120E-04 -3.9364533E-03  0.0000000E+00
  2.0799350E+02  1.5605327E-03 -8.6329854E-04 -6.9800673E-04 -3.7258195E-03  0.0000000E+00
  2.0799350E+02  1.4975674E-03 -7.9589781E-04 -7.0119965E-04 -3.5210519E-03  0.0000000E+00
  2.0799350E+02  1.4456693E-03 -7.5471814E-04 -6.8930111E-04 -3.3224914E-03  0.0000000E+00
  2.0799350E+02  1.3906573E-03 -7.2325054E-04 -6.6806336E-04 -3.1292261E-03  0.0000000E+00
  2.0799350E+02  1.3358374E-03 -6.9972316E-04 -6.3629445E-04 -2.9436333E-03  0.0000000E+00
  2.0799350E+02  1.2823325E-03 -6.8297639E-04 -5.9866488E-04 -2.7657259E-03  0.0000000E+00
  2.0799350E+02  1.2305816E-03 -6.6923171E-04 -5.6025479E-04 -2.5954221E-03  0.0000000E+00
  2.0799350E+02  1.1807351E-03 -6.5452580E-04 -5.2522229E-04 -2.4324728E-03  0.0000000E+00
  2.0799350E+02  1.1329085E-03 -6.3615834E-04 -4.9610052E-04 -2.2764512E-03  0.0000000E+00
  2.0799350E+02  1.0873177E-03 -6.1332380E-04 -4.7360848E-04 -2.1267872E-03  0.0000000E+00
  2.0799350E+02  1.0443159E-03 -5.8709703E-04 -4.5686035E-04 -1.9828325E-03  0.0000000E+00
  2.0799350E+02  1.0043541E-03 -5.5994288E-04 -4.4385837E-04 -1.8439388E-03  0.0000000E+00
  2.0799350E+02  9.6788850E-04 -5.3491982E-04 -4.3215408E-04 -1.7095358E-03  0.0000000E+00
  2.0799350E+02  9.3525352E-04 -5.1474753E-04 -4.1956282E-04 -1.5791903E-03  0.0000000E+00
  2.0799350E+02  9.0652497E-04 -5.0090870E-04 -4.0481648E-04 -1.4526334E-03  0.0000000E+00
