          atime         ptr_uu         ptr_vv         ptr_ww         pm1avg           tavg
  2.0799350E+02  3.7250106E-06  5.2606430E-07  2.4296928E-05 -5.1768939E-02  0.0000000E+00
  2.0799350E+02 -6.6485003E-03  4.2074773E-06  1.0169437E-02 -5.1810476E-02  0.0000000E+00
  2.0799350E+02 -2.2310840E-02  6.9366856E-04  1.2542491E-02 -5.1832752E-02  0.0000000E+00
  2.0799350E+02 -3.4909625E-02  2.3141728E-03  1.3757955E-02 -5.1839544E-02  0.0000000E+00
  2.0799350E+02 -3.9064330E-02  4.2627692E-03  1.3398216E-02 -5.1809062E-02  0.0000000E+00
  2.0799350E+02 -3.6587155E-02  5.6152001E-03  1.1084654E-02 -5.1753684E-02  0.0000000E+00
  2.0799350E+02 -3.2019073E-02  6.5106086E-03  7.4601296E-03 -5.1705599E-02  0.0000000E+00
  2.0799350E+02 -2.7815055E-02  8.0092447E-03  3.2632209E-03 -5.1690854E-02  0.0000000E+00
  2.0799350E+02 -2.4550533E-02  1.0869470E-02 -6.0530775E-04 -5.1704730E-02  0.0000000E+00
  2.0799350E+02 -2.2117698E-02  1.4620390E-02 -3.2702195E-03 -5.1713309E-02  0.0000000E+00
  2.0799350E+02 -2.0287033E-02  1.8303362E-02 -4.3278406E-03 -5.1676756E-02  0.0000000E+00
  2.0799350E+02 -1.8860614E-02  2.1122697E-02 -3.9008450E-03 -5.1554776E-02  0.0000000E+00
  2.0799350E+02 -1.7695691E-02  2.2720346E-02 -2.5355306E-03 -5.1314032E-02  0.0000000E+00
  2.0799350E+02 -1.6698059E-02  2.3279607E-02 -1.0538938E-03 -5.0939513E-02  0.0000000E+00
  2.0799350E+02 -1.5840313E-02  2.3343994E-02 -1.3635429E-04 -5.0430306E-02  0.0000000E+00
  2.0799350E+02 -1.5178795E-02  2.3010442E-02  3.0017700E-04 -4.9795416E-02  0.0000000E+00
  2.0799350E+02 -1.4667814E-02  2.2238936E-02  6.7479955E-04 -4.9052061E-02  0.0000000E+00
  2.0799350E+02 -1.4278683E-02  2.0902281E-02  1.5868650E-03 -4.8221614E-02  0.0000000E+00
  2.0799350E+02 -1.3940617E-02  1.9022617E-02  3.0134248E-03 -4.7328864E-02  0.0000000E+00
  2.0799350E+02 -1.3651831E-02  1.6861474E-02  4.6111859E-03 -4.6384967E-02  0.0000000E+00
  2.0799350E+02 -1.3445127E-02  1.4661846E-02  6.0007864E-03 -4.5405385E-02  0.0000000E+00
  2.0799350E+02 -1.3349651E-02  1.2560808E-02  6.9376652E-03 -4.4398823E-02  0.0000000E+00
  2.0799350E+02 -1.3368676E-02  1.0659173E-02  7.3433665E-03 -4.3370604E-02  0.0000000E+00
  2.0799350E+02 -1.3468465E-02  9.1055995E-03  7.2826126E-03 -4.2327541E-02  0.0000000E+00
  2.0799350E+02 -1.3587543E-02  8.0658522E-03  6.9176501E-03 -4.1269159E-02  0.0000000E+00
  2.0799350E+02 -1.3669651E-02  7.5407293E-03  6.4693087E-03 -4.0201255E-02  0.0000000E+00
  2.0799350E+02 -1.3632168E-02  7.4353508E-03  6.0619512E-03 -3.9133389E-02  0.0000000E+00
  2.0799350E+02 -1.3387163E-02  7.3837669E-03  5.8503764E-03 -3.8073019E-02  0.0000000E+00
  2.0799350E+02 -1.3027654E-02  7.1900546E-03  5.7999699E-03 -3.7025380E-02  0.0000000E+00
  2.0799350E+02 -1.2640292E-02  6.7835582E-03  5.7961716E-03 -3.5986310E-02  0.0000000E+00
  2.0799350E+02 -1.2273210E-02  6.1286392E-03  5.7643455E-03 -3.4955008E-02  0.0000000E+00
  2.0799350E+02 -1.1927427E-02  5.2917289E-03  5.6736244E-03 -3.3937170E-02  0.0000000E+00
  2.0799350E+02 -1.1565559E-02  4.4217617E-03  5.5316086E-03 -3.2931404E-02  0.0000000E+00
  2.0799350E+02 -1.1143931E-02  3.7048158E-03  5.3741184E-03 -3.1944134E-02  0.0000000E+00
  2.0799350E+02 -1.0637507E-02  3.2795918E-03  5.2475655E-03 -3.0977458E-02  0.0000000E+00
  2.0799350E+02 -1.0062480E-02  3.1802867E-03  5.1916121E-03 -3.0034851E-02  0.0000000E+00
  2.0799350E+02 -9.4821666E-03  3.3084606E-03  5.2207526E-03 -2.9125082E-02  0.0000000E+00
  2.0799350E+02 -8.9730436E-03  3.4705564E-03  5.3072547E-03 -2.8249235E-02  0.0000000E+00
  2.0799350E+02 -8.5600083E-03  3.5096175E-03  5.3696010E-03 -2.7400717E-02  0.0000000E+00
  2.0799350E+02 -8.2118017E-03  3.3864903E-03  5.3069055E-03 -2.6578645E-02  0.0000000E+00
  2.0799350E+02 -7.8557955E-03  3.2581649E-03  5.1304922E-03 -2.5777846E-02  0.0000000E+00
  2.0799350E+02 -7.4769874E-03  3.2026472E-03  4.9198718E-03 -2.4996998E-02  0.0000000E+00
  2.0799350E+02 -7.1216413E-03  3.2047611E-03  4.7185195E-03 -2.4238723E-02  0.0000000E+00
  2.0799350E+02 -6.8094769E-03  3.2732989E-03  4.5341854E-03 -2.3502439E-02  0.0000000E+00
  2.0799350E+02 -6.5444265E-03  3.4080927E-03  4.3635186E-03 -2.2790135E-02  0.0000000E+00
  2.0799350E+02 -6.3184570E-03  3.5879583E-03  4.2027600E-03 -2.2098245E-02  0.0000000E+00
  2.0799350E+02 -6.1214261E-03  3.7699733E-03  4.0548919E-03 -2.1428244E-02  0.0000000E+00
  2.0799350E+02 -5.9424832E-03  3.9020941E-03  3.9262838E-03 -2.0777739E-02  0.0000000E+00
  2.0799350E+02 -5.7743164E-03  3.9370835E-03  3.8228733E-03 -2.0144029E-02  0.0000000E+00
  2.0799350E+02 -5.6152752E-03  3.8480725E-03  3.7445227E-03 -1.9527093E-02  0.0000000E+00
  2.0799350E+02 -5.4674590E-03  3.6397168E-03  3.6790233E-03 -1.8922789E-02  0.0000000E+00
  2.0799350E+02 -5.3361692E-03  3.3484954E-03  3.6013603E-03 -1.8326928E-02  0.0000000E+00
  2.0799350E+02 -5.2275509E-03  3.0325070E-03  3.4785723E-03 -1.7739732E-02  0.0000000E+00
  2.0799350E+02 -5.1426826E-03  2.7362940E-03  3.2813240E-03 -1.7160781E-02  0.0000000E+00
  2.0799350E+02 -5.0416602E-03  2.4793640E-03  3.0610599E-03 -1.6592342E-02  0.0000000E+00
  2.0799350E+02 -4.9061446E-03  2.3588106E-03  2.8215103E-03 -1.6033649E-02  0.0000000E+00
  2.0799350E+02 -4.7468237E-03  2.3378817E-03  2.5507413E-03 -1.5488873E-02  0.0000000E+00
  2.0799350E+02 -4.5715662E-03  2.3560586E-03  2.2928003E-03 -1.4960795E-02  0.0000000E+00
  2.0799350E+02 -4.3987729E-03  2.3619044E-03  2.0792645E-03 -1.4448522E-02  0.0000000E+00
  2.0799350E+02 -4.2481094E-03  2.3219557E-03  1.9276379E-03 -1.3954389E-02  0.0000000E+00
  2.0799350E+02 -4.1313651E-03  2.2233468E-03  1.8383745E-03 -1.3477196E-02  0.0000000E+00
  2.0799350E+02 -4.0505462E-03  2.0712488E-03  1.7998780E-03 -1.3015156E-02  0.0000000E+00
  2.0799350E+02 -3.9980901E-03  1.8848002E-03  1.7937903E-03 -1.2568524E-02  0.0000000E+00
  2.0799350E+02 -3.9583305E-03  1.6879855E-03  1.8010281E-03 -1.2134223E-02  0.0000000E+00
  2.0799350E+02 -3.9123673E-03  1.5046938E-03  1.8079181E-03 -1.1712648E-02  0.0000000E+00
  2.0799350E+02 -3.8423200E-03  1.3500369E-03  1.8102225E-03 -1.1302395E-02  0.0000000E+00
  2.0799350E+02 -3.7362406E-03  1.2279254E-03  1.8139073E-03 -1.0902713E-02  0.0000000E+00
  2.0799350E+02 -3.5930499E-03  1.1318710E-03  1.8314046E-03 -1.0515254E-02  0.0000000E+00
  2.0799350E+02 -3.4241175E-03  1.0495301E-03  1.8720004E-03 -1.0139014E-02  0.0000000E+00
  2.0799350E+02 -3.2541545E-03  9.7628363E-04  1.9250776E-03 -9.7712642E-03  0.0000000E+00
  2.0799350E+02 -3.1093749E-03  9.5264473E-04  1.9492450E-03 -9.4110534E-03  0.0000000E+00
  2.0799350E+02 -2.9906365E-03  9.5433605E-04  1.9266835E-03 -9.0619972E-03  0.0000000E+00
  2.0799350E+02 -2.8957828E-03  9.1015259E-04  1.8610221E-03 -8.7199815E-03  0.0000000E+00
  2.0799350E+02 -2.8024854E-03  8.4949738E-04  1.7780899E-03 -8.3848788E-03  0.0000000E+00
  2.0799350E+02 -2.7006337E-03  7.9901256E-04  1.6888460E-03 -8.0557821E-03  0.0000000E+00
  2.0799350E+02 -2.5885042E-03  7.7658526E-04  1.5965637E-03 -7.7333888E-03  0.0000000E+00
  2.0799350E+02 -2.4681899E-03  7.8826421E-04  1.5002837E-03 -7.4162857E-03  0.0000000E+00
  2.0799350E+02 -2.3448418E-03  8.2902670E-04  1.3991194E-03 -7.1057605E-03  0.0000000E+00
  2.0799350E+02 -2.2235871E-03  8.8552363E-04  1.2926925E-03 -6.8017851E-03  0.0000000E+00
  2.0799350E+02 -2.1091801E-03  9.4025006E-04  1.1821911E-03 -6.5046502E-03  0.0000000E+00
  2.0799350E+02 -2.0060114E-03  9.7582802E-04  1.0708238E-03 -6.2163099E-03  0.0000000E+00
  2.0799350E+02 -1.9165359E-03  9.8009210E-04  9.6197682E-04 -5.9369508E-03  0.0000000E+00
  2.0799350E+02 -1.8417637E-03  9.4895504E-04  8.5900877E-04 -5.6664618E-03  0.0000000E+00
  2.0799350E+02 -1.7812585E-03  8.8832559E-04  7.6508277E-04 -5.4056889E-03  0.0000000E+00
  2.0799350E+02 -1.7317266E-03  8.1243575E-04  6.8161729E-04 -5.1530684E-03  0.0000000E+00
  2.0799350E+02 -1.6869955E-03  7.3988435E-04  6.1003207E-04 -4.9085502E-03  0.0000000E+00
  2.0799350E+02 -1.6358805E-03  6.8371034E-04  5.5205574E-04 -4.6707719E-03  0.0000000E+00
  2.0799350E+02 -1.5701598E-03  6.2580336E-04  5.1749550E-04 -4.4392335E-03  0.0000000E+00
  2.0799350E+02 -1.4994303E-03  5.8420124E-04  4.9940928E-04 -4.2141158E-03  0.0000000E+00
  2.0799350E+02 -1.4289386E-03  5.5558301E-04  4.9435411E-04 -3.9949426E-03  0.0000000E+00
  2.0799350E+02 -1.3676885E-03  5.1489553E-04  5.0403132E-04 -3.7835312E-03  0.0000000E+00
  2.0799350E+02 -1.3167605E-03  4.5789093E-04  5.2218595E-04 -3.5801251E-03  0.0000000E+00
  2.0799350E+02 -1.2735185E-03  3.9126075E-04  5.4014323E-04 -3.3845907E-03  0.0000000E+00
  2.0799350E+02 -1.2343498E-03  3.2597587E-04  5.5012528E-04 -3.1974324E-03  0.0000000E+00
  2.0799350E+02 -1.1958092E-03  2.7183052E-04  5.4730750E-04 -3.0177691E-03  0.0000000E+00
  2.0799350E+02 -1.1556685E-03  2.3520324E-04  5.3017613E-04 -2.8445645E-03  0.0000000E+00
  2.0799350E+02 -1.1133323E-03  2.1815084E-04  5.0031027E-04 -2.6776344E-03  0.0000000E+00
  2.0799350E+02 -1.0691180E-03  2.1828390E-04  4.6109320E-04 -2.5156268E-03  0.0000000E+00
  2.0799350E+02 -1.0244283E-03  2.3020283E-04  4.1680628E-04 -2.3585385E-03  0.0000000E+00
  2.0799350E+02 -9.8072983E-04  2.4713185E-04  3.7092952E-04 -2.2057215E-03  0.0000000E+00
  2.0799350E+02  0.0000000E+00  0.0000000E+00  0.0000000E+00 -2.1404089E-02  0.0000000E+00
  2.0799350E+02  2.8147849E-03  2.8193079E-04  5.4647591E-03 -2.1611591E-02  0.0000000E+00
  2.0799350E+02 -8.6204273E-04  2.1278219E-04  5.6419569E-03 -2.1834745E-02  0.0000000E+00
  2.0799350E+02 -5.5086496E-03  2.2379140E-04  6.2447914E-03 -2.2112740E-02  0.0000000E+00
  2.0799350E+02 -1.1301822E-02  9.4194544E-04  8.4452546E-03 -2.2422798E-02  0.0000000E+00
  2.0799350E+02 -1.8606636E-02  2.5596124E-03  1.1875874E-02 -2.2729033E-02  0.0000000E+00
  2.0799350E+02 -2.5486118E-02  4.5873289E-03  1.5582422E-02 -2.3022453E-02  0.0000000E+00
  2.0799350E+02 -3.0646207E-02  6.0892862E-03  1.8098219E-02 -2.3324628E-02  0.0000000E+00
  2.0799350E+02 -3.2782316E-02  6.9973146E-03  1.8625253E-02 -2.3661799E-02  0.0000000E+00
  2.0799350E+02 -3.1899056E-02  7.5244450E-03  1.7092440E-02 -2.4079126E-02  0.0000000E+00
  2.0799350E+02 -2.8785988E-02  8.2119674E-03  1.4075374E-02 -2.4583760E-02  0.0000000E+00
  2.0799350E+02 -2.5000563E-02  9.3077800E-03  1.0638733E-02 -2.5165339E-02  0.0000000E+00
  2.0799350E+02 -2.1619521E-02  1.0746975E-02  7.7678456E-03 -2.5805059E-02  0.0000000E+00
  2.0799350E+02 -1.9102894E-02  1.2476910E-02  5.8535213E-03 -2.6465556E-02  0.0000000E+00
  2.0799350E+02 -1.7468819E-02  1.4456864E-02  4.7434577E-03 -2.7095307E-02  0.0000000E+00
  2.0799350E+02 -1.6343985E-02  1.6213284E-02  4.3892275E-03 -2.7677602E-02  0.0000000E+00
  2.0799350E+02 -1.5427357E-02  1.7546909E-02  4.5196196E-03 -2.8182152E-02  0.0000000E+00
  2.0799350E+02 -1.4593180E-02  1.8253380E-02  4.7645732E-03 -2.8600846E-02  0.0000000E+00
  2.0799350E+02 -1.3953850E-02  1.8353625E-02  4.9597800E-03 -2.8919326E-02  0.0000000E+00
  2.0799350E+02 -1.3497826E-02  1.7880279E-02  5.1942359E-03 -2.9134591E-02  0.0000000E+00
  2.0799350E+02 -1.3214390E-02  1.6948178E-02  5.5480811E-03 -2.9246864E-02  0.0000000E+00
  2.0799350E+02 -1.3104660E-02  1.5746137E-02  5.9934315E-03 -2.9259640E-02  0.0000000E+00
  2.0799350E+02 -1.3146033E-02  1.4474536E-02  6.4084717E-03 -2.9180511E-02  0.0000000E+00
  2.0799350E+02 -1.3264675E-02  1.3279949E-02  6.6542197E-03 -2.9022257E-02  0.0000000E+00
  2.0799350E+02 -1.3375499E-02  1.2189056E-02  6.6781269E-03 -2.8799244E-02  0.0000000E+00
  2.0799350E+02 -1.3544806E-02  1.1123840E-02  6.5816351E-03 -2.8519545E-02  0.0000000E+00
  2.0799350E+02 -1.3738078E-02  1.0338726E-02  6.5380104E-03 -2.8190969E-02  0.0000000E+00
  2.0799350E+02 -1.3868001E-02  9.7287046E-03  6.5401147E-03 -2.7824946E-02  0.0000000E+00
  2.0799350E+02 -1.3941396E-02  9.2296745E-03  6.4382211E-03 -2.7422907E-02  0.0000000E+00
  2.0799350E+02 -1.3936575E-02  8.8501161E-03  6.2228093E-03 -2.6990075E-02  0.0000000E+00
  2.0799350E+02 -1.3891767E-02  8.5167478E-03  5.9780354E-03 -2.6529276E-02  0.0000000E+00
  2.0799350E+02 -1.3833664E-02  8.1377765E-03  5.8083010E-03 -2.6045363E-02  0.0000000E+00
  2.0799350E+02 -1.3752077E-02  7.6415170E-03  5.7839558E-03 -2.5540867E-02  0.0000000E+00
  2.0799350E+02 -1.3607768E-02  7.0030447E-03  5.9150210E-03 -2.5019247E-02  0.0000000E+00
  2.0799350E+02 -1.3357367E-02  6.2523901E-03  6.1451799E-03 -2.4483920E-02  0.0000000E+00
  2.0799350E+02 -1.2980307E-02  5.4681359E-03  6.3684919E-03 -2.3937043E-02  0.0000000E+00
  2.0799350E+02 -1.2497413E-02  4.7658798E-03  6.4655924E-03 -2.3383261E-02  0.0000000E+00
  2.0799350E+02 -1.1955716E-02  4.2621687E-03  6.3649662E-03 -2.2824158E-02  0.0000000E+00
  2.0799350E+02 -1.1378145E-02  4.0441168E-03  6.1198052E-03 -2.2262820E-02  0.0000000E+00
  2.0799350E+02 -1.0898380E-02  3.9129159E-03  5.8745446E-03 -2.1703507E-02  0.0000000E+00
  2.0799350E+02 -1.0457672E-02  3.8065455E-03  5.6675156E-03 -2.1151864E-02  0.0000000E+00
  2.0799350E+02 -9.9673929E-03  3.8212470E-03  5.5137830E-03 -2.0610184E-02  0.0000000E+00
  2.0799350E+02 -9.4949038E-03  3.8516785E-03  5.3649679E-03 -2.0079065E-02  0.0000000E+00
  2.0799350E+02 -9.0529115E-03  3.8306744E-03  5.1945334E-03 -1.9556344E-02  0.0000000E+00
  2.0799350E+02 -8.6393670E-03  3.7360558E-03  4.9998979E-03 -1.9042339E-02  0.0000000E+00
  2.0799350E+02 -8.2520597E-03  3.5856724E-03  4.7953294E-03 -1.8535244E-02  0.0000000E+00
  2.0799350E+02 -7.8976264E-03  3.4245135E-03  4.6040310E-03 -1.8035125E-02  0.0000000E+00
  2.0799350E+02 -7.5870272E-03  3.3069434E-03  4.4473035E-03 -1.7542030E-02  0.0000000E+00
  2.0799350E+02 -7.3296265E-03  3.2782458E-03  4.3363962E-03 -1.7059036E-02  0.0000000E+00
  2.0799350E+02 -7.1213625E-03  3.3557621E-03  4.2652447E-03 -1.6586513E-02  0.0000000E+00
  2.0799350E+02 -6.9422734E-03  3.5173915E-03  4.2121312E-03 -1.6125060E-02  0.0000000E+00
  2.0799350E+02 -6.7591996E-03  3.6970355E-03  4.1483064E-03 -1.5674219E-02  0.0000000E+00
  2.0799350E+02 -6.5409780E-03  3.7917967E-03  4.0576575E-03 -1.5231581E-02  0.0000000E+00
  2.0799350E+02 -6.2923279E-03  3.6833392E-03  3.9706806E-03 -1.4796169E-02  0.0000000E+00
  2.0799350E+02 -6.0877940E-03  3.5167116E-03  3.8473072E-03 -1.4363797E-02  0.0000000E+00
  2.0799350E+02 -5.8802551E-03  3.2881379E-03  3.7086588E-03 -1.3933746E-02  0.0000000E+00
  2.0799350E+02 -5.6833247E-03  2.9839363E-03  3.5858840E-03 -1.3504481E-02  0.0000000E+00
  2.0799350E+02 -5.5075035E-03  2.7262254E-03  3.4244226E-03 -1.3078049E-02  0.0000000E+00
  2.0799350E+02 -5.3412470E-03  2.5564328E-03  3.2093366E-03 -1.2655845E-02  0.0000000E+00
  2.0799350E+02 -5.1698042E-03  2.4700020E-03  2.9512849E-03 -1.2240618E-02  0.0000000E+00
  2.0799350E+02 -4.9844493E-03  2.4394305E-03  2.6738958E-03 -1.1834277E-02  0.0000000E+00
  2.0799350E+02 -4.7877132E-03  2.4305322E-03  2.4064436E-03 -1.1440229E-02  0.0000000E+00
  2.0799350E+02 -4.5906799E-03  2.4122742E-03  2.1739772E-03 -1.1058831E-02  0.0000000E+00
  2.0799350E+02 -4.4102746E-03  2.3623048E-03  1.9946832E-03 -1.0690185E-02  0.0000000E+00
  2.0799350E+02 -4.2631431E-03  2.2687037E-03  1.8768770E-03 -1.0333509E-02  0.0000000E+00
  2.0799350E+02 -4.1592742E-03  2.1294328E-03  1.8183093E-03 -9.9867752E-03  0.0000000E+00
  2.0799350E+02 -4.0973785E-03  1.9523536E-03  1.8075335E-03 -9.6494826E-03  0.0000000E+00
  2.0799350E+02 -4.0609219E-03  1.7532353E-03  1.8259256E-03 -9.3194576E-03  0.0000000E+00
  2.0799350E+02 -4.0198563E-03  1.5580253E-03  1.8521358E-03 -8.9958202E-03  0.0000000E+00
  2.0799350E+02 -3.9362948E-03  1.4070222E-03  1.8670547E-03 -8.6783735E-03  0.0000000E+00
  2.0799350E+02 -3.8204061E-03  1.2983046E-03  1.8799257E-03 -8.3695878E-03  0.0000000E+00
  2.0799350E+02 -3.6980895E-03  1.1581889E-03  1.9219232E-03 -8.0663409E-03  0.0000000E+00
  2.0799350E+02 -3.5261722E-03  1.0804928E-03  1.9446755E-03 -7.7694529E-03  0.0000000E+00
  2.0799350E+02 -3.3634546E-03  1.0099579E-03  1.9497729E-03 -7.4785733E-03  0.0000000E+00
  2.0799350E+02 -3.2256400E-03  9.2905657E-04  1.9353574E-03 -7.1943272E-03  0.0000000E+00
  2.0799350E+02 -3.1057225E-03  8.4248202E-04  1.8987557E-03 -6.9154987E-03  0.0000000E+00
  2.0799350E+02 -2.9901950E-03  7.6575849E-04  1.8381108E-03 -6.6413076E-03  0.0000000E+00
  2.0799350E+02 -2.8677563E-03  7.1610548E-04  1.7533689E-03 -6.3710874E-03  0.0000000E+00
  2.0799350E+02 -2.7332666E-03  7.0609131E-04  1.6464324E-03 -6.1039750E-03  0.0000000E+00
  2.0799350E+02 -2.5892722E-03  7.3974396E-04  1.5218377E-03 -5.8408833E-03  0.0000000E+00
  2.0799350E+02 -2.4426417E-03  8.1088390E-04  1.3851639E-03 -5.5817360E-03  0.0000000E+00
  2.0799350E+02 -2.3022143E-03  9.0390430E-04  1.2430905E-03 -5.3273230E-03  0.0000000E+00
  2.0799350E+02 -2.1749222E-03  9.9649246E-04  1.1022529E-03 -5.0782938E-03  0.0000000E+00
  2.0799350E+02 -2.0642015E-03  1.0634531E-03  9.6955382E-04 -4.8367024E-03  0.0000000E+00
  2.0799350E+02 -1.9683378E-03  1.0839244E-03  8.5018161E-04 -4.6030900E-03  0.0000000E+00
  2.0799350E+02 -1.8843991E-03  1.0483737E-03  7.4845784E-04 -4.3778429E-03  0.0000000E+00
  2.0799350E+02 -1.8153694E-03  9.6767115E-04  6.6776686E-04 -4.1598531E-03  0.0000000E+00
  2.0799350E+02 -1.7641550E-03  8.7014206E-04  6.0486355E-04 -3.9489107E-03  0.0000000E+00
  2.0799350E+02 -1.7049353E-03  7.7709833E-04  5.5585266E-04 -3.7446388E-03  0.0000000E+00
  2.0799350E+02 -1.6425504E-03  7.0616212E-04  5.2991407E-04 -3.5450670E-03  0.0000000E+00
  2.0799350E+02 -1.5731086E-03  6.4968479E-04  5.2452568E-04 -3.3506663E-03  0.0000000E+00
  2.0799350E+02 -1.4993994E-03  5.9933619E-04  5.3579050E-04 -3.1617909E-03  0.0000000E+00
  2.0799350E+02 -1.4268571E-03  5.4935601E-04  5.5772595E-04 -2.9797503E-03  0.0000000E+00
  2.0799350E+02 -1.3599152E-03  4.9726655E-04  5.8276575E-04 -2.8046575E-03  0.0000000E+00
  2.0799350E+02 -1.3010802E-03  4.4414740E-04  6.0273073E-04 -2.6366751E-03  0.0000000E+00
  2.0799350E+02 -1.2503760E-03  3.9346936E-04  6.1022477E-04 -2.4753719E-03  0.0000000E+00
  2.0799350E+02 -1.2061351E-03  3.4992106E-04  6.0005480E-04 -2.3208656E-03  0.0000000E+00
  2.0799350E+02 -1.1654161E-03  3.1718191E-04  5.7052901E-04 -2.1721915E-03  0.0000000E+00
  2.0799350E+02 -1.1255067E-03  2.9683977E-04  5.2402529E-04 -2.0285450E-03  0.0000000E+00
  2.0799350E+02 -1.0847757E-03  2.8744791E-04  4.6671997E-04 -1.8888737E-03  0.0000000E+00
  2.0799350E+02  1.2779513E-05  9.5439764E-07  5.7545573E-06 -8.3592709E-03  0.0000000E+00
  2.0799350E+02  8.3815016E-03  9.7053672E-04  4.6675711E-03 -8.4467051E-03  0.0000000E+00
  2.0799350E+02  3.8329414E-03  1.7776024E-03  3.6130422E-03 -8.6501983E-03  0.0000000E+00
  2.0799350E+02 -1.7550663E-04  1.2695278E-03  2.0096489E-03 -9.0020750E-03  0.0000000E+00
  2.0799350E+02 -2.5000686E-03  1.3655030E-04  1.3883207E-03 -9.4427098E-03  0.0000000E+00
  2.0799350E+02 -4.9754899E-03  3.0795322E-04  2.2460998E-03 -9.9013782E-03  0.0000000E+00
  2.0799350E+02 -8.8354277E-03  2.1141179E-03  5.1363895E-03 -1.0320763E-02  0.0000000E+00
  2.0799350E+02 -1.5333211E-02  4.7582914E-03  1.0626608E-02 -1.0650140E-02  0.0000000E+00
  2.0799350E+02 -2.5601143E-02  7.8981112E-03  1.8219684E-02 -1.0840116E-02  0.0000000E+00
  2.0799350E+02 -3.8880449E-02  1.1442913E-02  2.5168082E-02 -1.0868363E-02  0.0000000E+00
  2.0799350E+02 -5.1134573E-02  1.4544132E-02  2.9760041E-02 -1.0757885E-02  0.0000000E+00
  2.0799350E+02 -5.8616278E-02  1.6754866E-02  3.1773774E-02 -1.0569507E-02  0.0000000E+00
  2.0799350E+02 -5.9823562E-02  1.8018235E-02  3.1809770E-02 -1.0373650E-02  0.0000000E+00
  2.0799350E+02 -5.5816463E-02  1.8393704E-02  3.0482052E-02 -1.0219086E-02  0.0000000E+00
  2.0799350E+02 -4.9150559E-02  1.7789383E-02  2.7943591E-02 -1.0124489E-02  0.0000000E+00
  2.0799350E+02 -4.1652619E-02  1.6576232E-02  2.4241051E-02 -1.0104937E-02  0.0000000E+00
  2.0799350E+02 -3.4018724E-02  1.5808447E-02  2.0085010E-02 -1.0162835E-02  0.0000000E+00
  2.0799350E+02 -2.7679162E-02  1.5093328E-02  1.6267381E-02 -1.0301747E-02  0.0000000E+00
  2.0799350E+02 -2.2993255E-02  1.4687722E-02  1.3270523E-02 -1.0513718E-02  0.0000000E+00
  2.0799350E+02 -1.9756365E-02  1.4721679E-02  1.1181563E-02 -1.0783002E-02  0.0000000E+00
  2.0799350E+02 -1.7554009E-02  1.5098820E-02  9.7761296E-03 -1.1092042E-02  0.0000000E+00
  2.0799350E+02 -1.5979239E-02  1.5559299E-02  8.7357690E-03 -1.1422162E-02  0.0000000E+00
  2.0799350E+02 -1.4702946E-02  1.5821620E-02  7.8521077E-03 -1.1755466E-02  0.0000000E+00
  2.0799350E+02 -1.3521775E-02  1.5711571E-02  7.1547229E-03 -1.2071110E-02  0.0000000E+00
  2.0799350E+02 -1.2407950E-02  1.5216190E-02  6.8341190E-03 -1.2349230E-02  0.0000000E+00
  2.0799350E+02 -1.1677002E-02  1.4368864E-02  6.8908066E-03 -1.2575998E-02  0.0000000E+00
  2.0799350E+02 -1.1366756E-02  1.3180509E-02  7.0592671E-03 -1.2743209E-02  0.0000000E+00
  2.0799350E+02 -1.1316495E-02  1.2251788E-02  7.0869604E-03 -1.2855708E-02  0.0000000E+00
  2.0799350E+02 -1.1505027E-02  1.1576847E-02  6.9041388E-03 -1.2914403E-02  0.0000000E+00
  2.0799350E+02 -1.1782803E-02  1.1056461E-02  6.6485174E-03 -1.2924428E-02  0.0000000E+00
  2.0799350E+02 -1.2087587E-02  1.0616595E-02  6.4262733E-03 -1.2894144E-02  0.0000000E+00
  2.0799350E+02 -1.2375624E-02  1.0220287E-02  6.2947529E-03 -1.2831141E-02  0.0000000E+00
  2.0799350E+02 -1.2604291E-02  9.8537750E-03  6.2619831E-03 -1.2740155E-02  0.0000000E+00
  2.0799350E+02 -1.2739598E-02  9.5084590E-03  6.3005225E-03 -1.2623862E-02  0.0000000E+00
  2.0799350E+02 -1.2779487E-02  9.1568927E-03  6.3658080E-03 -1.2483598E-02  0.0000000E+00
  2.0799350E+02 -1.2765989E-02  8.7446331E-03  6.4175677E-03 -1.2320729E-02  0.0000000E+00
  2.0799350E+02 -1.2770041E-02  8.2065191E-03  6.4372152E-03 -1.2137676E-02  0.0000000E+00
  2.0799350E+02 -1.2829530E-02  7.5136377E-03  6.4362603E-03 -1.1935956E-02  0.0000000E+00
  2.0799350E+02 -1.2821202E-02  6.7768969E-03  6.4501537E-03 -1.1715225E-02  0.0000000E+00
  2.0799350E+02 -1.2717620E-02  6.0952627E-03  6.5117209E-03 -1.1481069E-02  0.0000000E+00
  2.0799350E+02 -1.2405726E-02  5.3722959E-03  6.6720702E-03 -1.1238077E-02  0.0000000E+00
  2.0799350E+02 -1.1893571E-02  4.8367379E-03  6.7470109E-03 -1.0983557E-02  0.0000000E+00
  2.0799350E+02 -1.1382890E-02  4.4793947E-03  6.6715655E-03 -1.0722685E-02  0.0000000E+00
  2.0799350E+02 -1.0921532E-02  4.2453837E-03  6.4819258E-03 -1.0459920E-02  0.0000000E+00
  2.0799350E+02 -1.0490037E-02  4.0727116E-03  6.2430352E-03 -1.0197777E-02  0.0000000E+00
  2.0799350E+02 -1.0058053E-02  3.9178866E-03  6.0068553E-03 -9.9376336E-03  0.0000000E+00
  2.0799350E+02 -9.6128823E-03  3.7658184E-03  5.7963132E-03 -9.6804541E-03  0.0000000E+00
  2.0799350E+02 -9.1632161E-03  3.6267329E-03  5.6058476E-03 -9.4252861E-03  0.0000000E+00
  2.0799350E+02 -8.7365012E-03  3.5272854E-03  5.4169391E-03 -9.1721123E-03  0.0000000E+00
  2.0799350E+02 -8.3615738E-03  3.4937977E-03  5.2147286E-03 -8.9203402E-03  0.0000000E+00
  2.0799350E+02 -8.0552565E-03  3.5346252E-03  5.0047747E-03 -8.6699726E-03  0.0000000E+00
  2.0799350E+02 -7.8124538E-03  3.6240216E-03  4.8187086E-03 -8.4202987E-03  0.0000000E+00
  2.0799350E+02 -7.6148548E-03  3.6894547E-03  4.7079397E-03 -8.1729802E-03  0.0000000E+00
  2.0799350E+02 -7.4547437E-03  3.6071348E-03  4.7112067E-03 -7.9310366E-03  0.0000000E+00
  2.0799350E+02 -7.3345532E-03  3.3698171E-03  4.7061441E-03 -7.6927709E-03  0.0000000E+00
  2.0799350E+02 -7.1437571E-03  3.2873862E-03  4.6252031E-03 -7.4587847E-03  0.0000000E+00
  2.0799350E+02 -6.9379567E-03  3.2402590E-03  4.5317963E-03 -7.2299312E-03  0.0000000E+00
  2.0799350E+02 -6.7398266E-03  3.1710267E-03  4.4111322E-03 -7.0037501E-03  0.0000000E+00
  2.0799350E+02 -6.5421440E-03  3.0676251E-03  4.2525746E-03 -6.7786398E-03  0.0000000E+00
  2.0799350E+02 -6.3307088E-03  2.9401226E-03  4.0538450E-03 -6.5539168E-03  0.0000000E+00
  2.0799350E+02 -6.0975054E-03  2.8055959E-03  3.8217824E-03 -6.3299629E-03  0.0000000E+00
  2.0799350E+02 -5.8439540E-03  2.6784355E-03  3.5683916E-03 -6.1065445E-03  0.0000000E+00
  2.0799350E+02 -5.5823836E-03  2.5680655E-03  3.3093828E-03 -5.8849946E-03  0.0000000E+00
  2.0799350E+02 -5.3298055E-03  2.4778689E-03  3.0582697E-03 -5.6665864E-03  0.0000000E+00
  2.0799350E+02 -5.1018783E-03  2.4073326E-03  2.8229702E-03 -5.4527946E-03  0.0000000E+00
  2.0799350E+02 -4.9071156E-03  2.3545848E-03  2.6040708E-03 -5.2454643E-03  0.0000000E+00
  2.0799350E+02 -4.7418908E-03  2.3175615E-03  2.3940200E-03 -5.0451400E-03  0.0000000E+00
  2.0799350E+02 -4.5930800E-03  2.2935622E-03  2.1838179E-03 -4.8527955E-03  0.0000000E+00
  2.0799350E+02 -4.4437687E-03  2.2739028E-03  1.9708827E-03 -4.6678550E-03  0.0000000E+00
  2.0799350E+02 -4.2891970E-03  2.2335624E-03  1.7748003E-03 -4.4878079E-03  0.0000000E+00
  2.0799350E+02 -4.1662767E-03  2.1251300E-03  1.6649413E-03 -4.3114422E-03  0.0000000E+00
  2.0799350E+02 -4.0577119E-03  2.0004879E-03  1.6329998E-03 -4.1428568E-03  0.0000000E+00
  2.0799350E+02 -3.9507597E-03  1.8509400E-03  1.6427126E-03 -3.9755655E-03  0.0000000E+00
  2.0799350E+02 -3.8619239E-03  1.6681642E-03  1.6948917E-03 -3.8108096E-03  0.0000000E+00
  2.0799350E+02 -3.7875234E-03  1.4644718E-03  1.7720607E-03 -3.6488645E-03  0.0000000E+00
  2.0799350E+02 -3.7157733E-03  1.2592204E-03  1.8516665E-03 -3.4897605E-03  0.0000000E+00
  2.0799350E+02 -3.6340422E-03  1.0690740E-03  1.9146588E-03 -3.3325055E-03  0.0000000E+00
  2.0799350E+02 -3.5338280E-03  9.0626800E-04  1.9483914E-03 -3.1768919E-03  0.0000000E+00
  2.0799350E+02 -3.4118515E-03  7.7662020E-04  1.9477441E-03 -3.0224998E-03  0.0000000E+00
  2.0799350E+02 -3.2700183E-03  6.8166253E-04  1.9134111E-03 -2.8692586E-03  0.0000000E+00
  2.0799350E+02 -3.1127682E-03  6.2076951E-04  1.8487901E-03 -2.7163996E-03  0.0000000E+00
  2.0799350E+02 -2.9464093E-03  5.9478304E-04  1.7574043E-03 -2.5640129E-03  0.0000000E+00
  2.0799350E+02 -2.7763063E-03  6.0677798E-04  1.6406886E-03 -2.4120173E-03  0.0000000E+00
  2.0799350E+02 -2.6062376E-03  6.6140777E-04  1.4979347E-03 -2.2604922E-03  0.0000000E+00
  2.0799350E+02 -2.4395549E-03  7.6040797E-04  1.3294955E-03 -2.1100845E-03  0.0000000E+00
  2.0799350E+02 -2.2814193E-03  8.9450251E-04  1.1424903E-03 -1.9612482E-03  0.0000000E+00
  2.0799350E+02 -2.1471225E-03  1.0278151E-03  9.6449834E-04 -1.8161891E-03  0.0000000E+00
  2.0799350E+02 -2.0421872E-03  1.0919397E-03  8.4309279E-04 -1.6765480E-03  0.0000000E+00
  2.0799350E+02 -1.9436698E-03  1.1048512E-03  7.4948411E-04 -1.5428002E-03  0.0000000E+00
  2.0799350E+02 -1.8687847E-03  1.0679331E-03  6.7159094E-04 -1.4156183E-03  0.0000000E+00
  2.0799350E+02 -1.8035530E-03  9.8889939E-04  6.0735185E-04 -1.2927535E-03  0.0000000E+00
  2.0799350E+02 -1.7406635E-03  8.8629091E-04  5.6020699E-04 -1.1735338E-03  0.0000000E+00
  2.0799350E+02 -1.6767427E-03  7.7963124E-04  5.3397302E-04 -1.0577274E-03  0.0000000E+00
  2.0799350E+02 -1.6108519E-03  6.8376038E-04  5.3015974E-04 -9.4552350E-04  0.0000000E+00
  2.0799350E+02 -1.5434508E-03  6.0651363E-04  5.4658226E-04 -8.3749908E-04  0.0000000E+00
  2.0799350E+02 -1.4751924E-03  5.4830134E-04  5.7737746E-04 -7.3370833E-04  0.0000000E+00
  2.0799350E+02 -1.4072041E-03  5.0472168E-04  6.1362178E-04 -6.3464386E-04  0.0000000E+00
  2.0799350E+02 -1.3404681E-03  4.6882754E-04  6.4488364E-04 -5.4038998E-04  0.0000000E+00
  2.0799350E+02 -1.2759450E-03  4.3437306E-04  6.6107316E-04 -4.5075360E-04  0.0000000E+00
  2.0799350E+02 -1.2147729E-03  3.9849119E-04  6.5445950E-04 -3.6540057E-04  0.0000000E+00
  2.0799350E+02  0.0000000E+00  0.0000000E+00  0.0000000E+00 -1.1722352E-03  0.0000000E+00
  2.0799350E+02  2.1455808E-02  1.5158955E-03  9.5201447E-03 -1.2698707E-03  0.0000000E+00
  2.0799350E+02  1.1589222E-02  4.2621578E-03  7.5891164E-03 -1.7722486E-03  0.0000000E+00
  2.0799350E+02  1.2375729E-03  3.7302227E-03  4.3129465E-03 -2.6739363E-03  0.0000000E+00
  2.0799350E+02 -5.2622524E-03  1.0863509E-03  2.7474319E-03 -3.7334330E-03  0.0000000E+00
  2.0799350E+02 -1.1056194E-02 -7.3420198E-04  3.7387226E-03 -4.7512167E-03  0.0000000E+00
  2.0799350E+02 -1.8676064E-02 -4.0167595E-04  7.7586122E-03 -5.6215403E-03  0.0000000E+00
  2.0799350E+02 -2.8689020E-02  2.1967526E-03  1.4597541E-02 -6.2900784E-03  0.0000000E+00
  2.0799350E+02 -4.1517903E-02  7.7341272E-03  2.2703717E-02 -6.7149555E-03  0.0000000E+00
  2.0799350E+02 -5.7077590E-02  1.3940865E-02  3.2154146E-02 -6.8776088E-03  0.0000000E+00
  2.0799350E+02 -7.3493783E-02  1.9952725E-02  4.0873610E-02 -6.7859315E-03  0.0000000E+00
  2.0799350E+02 -8.8093123E-02  2.5043434E-02  4.6704927E-02 -6.4703078E-03  0.0000000E+00
  2.0799350E+02 -9.8453167E-02  2.8390004E-02  4.9098260E-02 -5.9780609E-03  0.0000000E+00
  2.0799350E+02 -1.0295826E-01  2.9900059E-02  4.8972728E-02 -5.3649577E-03  0.0000000E+00
  2.0799350E+02 -1.0154705E-01  3.0341306E-02  4.7522161E-02 -4.6841891E-03  0.0000000E+00
  2.0799350E+02 -9.5617985E-02  3.0252520E-02  4.4655735E-02 -3.9730108E-03  0.0000000E+00
  2.0799350E+02 -8.6712011E-02  3.0484132E-02  4.0826257E-02 -3.2652438E-03  0.0000000E+00
  2.0799350E+02 -7.6732776E-02  2.9458381E-02  3.6614194E-02 -2.5757739E-03  0.0000000E+00
  2.0799350E+02 -6.6109972E-02  2.6899062E-02  3.2292394E-02 -1.9372728E-03  0.0000000E+00
  2.0799350E+02 -5.5706824E-02  2.3318628E-02  2.8114289E-02 -1.3828347E-03  0.0000000E+00
  2.0799350E+02 -4.6309849E-02  1.9642419E-02  2.4109075E-02 -9.2948248E-04  0.0000000E+00
  2.0799350E+02 -3.8464106E-02  1.6772859E-02  2.0217851E-02 -5.8270600E-04  0.0000000E+00
  2.0799350E+02 -3.2302546E-02  1.5142966E-02  1.6475077E-02 -3.3860581E-04  0.0000000E+00
  2.0799350E+02 -2.7562479E-02  1.4514794E-02  1.3136777E-02 -1.8982930E-04  0.0000000E+00
  2.0799350E+02 -2.3809318E-02  1.4197061E-02  1.0640103E-02 -1.2898744E-04  0.0000000E+00
  2.0799350E+02 -2.0668545E-02  1.3810958E-02  9.1094792E-03 -1.3634018E-04  0.0000000E+00
  2.0799350E+02 -1.8270193E-02  1.3494619E-02  8.0587510E-03 -1.8995281E-04  0.0000000E+00
  2.0799350E+02 -1.6158258E-02  1.3214678E-02  7.1695293E-03 -2.6905220E-04  0.0000000E+00
  2.0799350E+02 -1.4568834E-02  1.2864320E-02  6.6542815E-03 -3.6046105E-04  0.0000000E+00
  2.0799350E+02 -1.3582163E-02  1.2341872E-02  6.5248694E-03 -4.5463626E-04  0.0000000E+00
  2.0799350E+02 -1.3067711E-02  1.1711310E-02  6.6103423E-03 -5.4019391E-04  0.0000000E+00
  2.0799350E+02 -1.2859139E-02  1.1054471E-02  6.7449190E-03 -6.0924334E-04  0.0000000E+00
  2.0799350E+02 -1.2835238E-02  1.0419631E-02  6.8447293E-03 -6.5828776E-04  0.0000000E+00
  2.0799350E+02 -1.2924828E-02  9.8182922E-03  6.9100233E-03 -6.8835518E-04  0.0000000E+00
  2.0799350E+02 -1.3080684E-02  9.2523110E-03  6.9817906E-03 -7.0326164E-04  0.0000000E+00
  2.0799350E+02 -1.3243720E-02  8.7521112E-03  7.0831076E-03 -7.0716483E-04  0.0000000E+00
  2.0799350E+02 -1.3332089E-02  8.3794849E-03  7.1778174E-03 -7.0314340E-04  0.0000000E+00
  2.0799350E+02 -1.3283923E-02  8.1789663E-03  7.1769450E-03 -6.9283612E-04  0.0000000E+00
  2.0799350E+02 -1.3182551E-02  8.0526113E-03  7.0217662E-03 -6.7853535E-04  0.0000000E+00
  2.0799350E+02 -1.3117441E-02  7.8082463E-03  6.8418050E-03 -6.5981607E-04  0.0000000E+00
  2.0799350E+02 -1.3012185E-02  7.4446976E-03  6.7591209E-03 -6.3515306E-04  0.0000000E+00
  2.0799350E+02 -1.2932052E-02  6.8691041E-03  6.7606280E-03 -6.0529579E-04  0.0000000E+00
  2.0799350E+02 -1.2789965E-02  6.1742971E-03  6.8212481E-03 -5.6684550E-04  0.0000000E+00
  2.0799350E+02 -1.2560218E-02  5.4649735E-03  6.9113353E-03 -5.1930139E-04  0.0000000E+00
  2.0799350E+02 -1.2248092E-02  4.8307757E-03  6.9980928E-03 -4.6443763E-04  0.0000000E+00
  2.0799350E+02 -1.1868731E-02  4.3289723E-03  7.0500879E-03 -4.0517413E-04  0.0000000E+00
  2.0799350E+02 -1.1440371E-02  3.9854884E-03  7.0412734E-03 -3.4521253E-04  0.0000000E+00
  2.0799350E+02 -1.0979741E-02  3.7921048E-03  6.9567655E-03 -2.8784734E-04  0.0000000E+00
  2.0799350E+02 -1.0499941E-02  3.7134141E-03  6.7956994E-03 -2.3487746E-04  0.0000000E+00
  2.0799350E+02 -1.0017072E-02  3.6991928E-03  6.5734388E-03 -1.8664036E-04  0.0000000E+00
  2.0799350E+02 -9.5488011E-03  3.6955576E-03  6.3194522E-03 -1.4152809E-04  0.0000000E+00
  2.0799350E+02 -9.1091912E-03  3.6584931E-03  6.0688404E-03 -9.6132042E-05  0.0000000E+00
  2.0799350E+02 -8.7050403E-03  3.5659167E-03  5.8527114E-03 -4.6744713E-05  0.0000000E+00
  2.0799350E+02 -8.3123038E-03  3.4261687E-03  5.6755896E-03  9.5478881E-06  0.0000000E+00
  2.0799350E+02 -8.0477330E-03  3.3714160E-03  5.5235617E-03  6.8968450E-05  0.0000000E+00
  2.0799350E+02 -7.8860533E-03  3.3092256E-03  5.4096736E-03  1.2649065E-04  0.0000000E+00
  2.0799350E+02 -7.7232892E-03  3.2334776E-03  5.2654705E-03  1.8197489E-04  0.0000000E+00
  2.0799350E+02 -7.5780776E-03  3.1841257E-03  5.0787557E-03  2.3444785E-04  0.0000000E+00
  2.0799350E+02 -7.4393809E-03  3.1486462E-03  4.8665420E-03  2.8391120E-04  0.0000000E+00
  2.0799350E+02 -7.2859840E-03  3.1003491E-03  4.6487829E-03  3.3105792E-04  0.0000000E+00
  2.0799350E+02 -7.1003676E-03  3.0206026E-03  4.4375360E-03  3.7643465E-04  0.0000000E+00
  2.0799350E+02 -6.8745472E-03  2.9076666E-03  4.2321705E-03  4.2049551E-04  0.0000000E+00
  2.0799350E+02 -6.6102085E-03  2.7750290E-03  4.0212772E-03  4.6370904E-04  0.0000000E+00
  2.0799350E+02 -6.3190167E-03  2.6453458E-03  3.7915749E-03  5.0609592E-04  0.0000000E+00
  2.0799350E+02 -6.0176722E-03  2.5397152E-03  3.5351763E-03  5.4748112E-04  0.0000000E+00
  2.0799350E+02 -5.7215424E-03  2.4674897E-03  3.2549674E-03  5.8773748E-04  0.0000000E+00
  2.0799350E+02 -5.4442022E-03  2.4215926E-03  2.9703979E-03  6.2633993E-04  0.0000000E+00
  2.0799350E+02 -5.1917460E-03  2.3789182E-03  2.7099486E-03  6.6288839E-04  0.0000000E+00
  2.0799350E+02 -4.9677254E-03  2.3130013E-03  2.5011244E-03  6.9656940E-04  0.0000000E+00
  2.0799350E+02 -4.7780705E-03  2.2199924E-03  2.3433566E-03  7.2618941E-04  0.0000000E+00
  2.0799350E+02 -4.6303793E-03  2.1115331E-03  2.1664316E-03  7.5168036E-04  0.0000000E+00
  2.0799350E+02 -4.5073645E-03  2.0126250E-03  1.9551305E-03  7.7634254E-04  0.0000000E+00
  2.0799350E+02 -4.3846691E-03  1.9799329E-03  1.7737577E-03  7.9831588E-04  0.0000000E+00
  2.0799350E+02 -4.2427171E-03  1.9435610E-03  1.6418659E-03  8.1890201E-04  0.0000000E+00
  2.0799350E+02 -4.0907779E-03  1.8751492E-03  1.5691746E-03  8.3873028E-04  0.0000000E+00
  2.0799350E+02 -3.9464257E-03  1.7690518E-03  1.5554791E-03  8.5818445E-04  0.0000000E+00
  2.0799350E+02 -3.8226581E-03  1.6293496E-03  1.5926087E-03  8.7769837E-04  0.0000000E+00
  2.0799350E+02 -3.7238361E-03  1.4642631E-03  1.6662881E-03  8.9764308E-04  0.0000000E+00
  2.0799350E+02 -3.6433614E-03  1.2814661E-03  1.7586066E-03  9.1862978E-04  0.0000000E+00
  2.0799350E+02 -3.5677101E-03  1.0898030E-03  1.8495127E-03  9.4126007E-04  0.0000000E+00
  2.0799350E+02 -3.4807746E-03  8.9995038E-04  1.9194328E-03  9.6615107E-04  0.0000000E+00
  2.0799350E+02 -3.3689288E-03  7.2508724E-04  1.9518052E-03  9.9398229E-04  0.0000000E+00
  2.0799350E+02 -3.2264859E-03  5.8350191E-04  1.9344080E-03  1.0251463E-03  0.0000000E+00
  2.0799350E+02 -3.0577804E-03  4.9578773E-04  1.8619236E-03  1.0597507E-03  0.0000000E+00
  2.0799350E+02 -2.8746584E-03  4.7951717E-04  1.7367825E-03  1.0977369E-03  0.0000000E+00
  2.0799350E+02 -2.6915104E-03  5.4020359E-04  1.5710862E-03  1.1384897E-03  0.0000000E+00
  2.0799350E+02 -2.5110965E-03  6.5432503E-04  1.3872625E-03  1.1809978E-03  0.0000000E+00
  2.0799350E+02 -2.3387636E-03  7.5933566E-04  1.1925751E-03  1.2245575E-03  0.0000000E+00
  2.0799350E+02 -2.2013172E-03  8.6487704E-04  1.0037152E-03  1.2680060E-03  0.0000000E+00
  2.0799350E+02 -2.0715589E-03  9.5142737E-04  8.5850368E-04  1.3091297E-03  0.0000000E+00
  2.0799350E+02 -1.9594545E-03  9.9771952E-04  7.5057058E-04  1.3470762E-03  0.0000000E+00
  2.0799350E+02 -1.8658794E-03  9.9839391E-04  6.7506600E-04  1.3817849E-03  0.0000000E+00
  2.0799350E+02 -1.7869136E-03  9.5848685E-04  6.2724577E-04  1.4137251E-03  0.0000000E+00
  2.0799350E+02 -1.7178502E-03  8.8901172E-04  6.0249361E-04  1.4432673E-03  0.0000000E+00
  2.0799350E+02 -1.6544408E-03  8.0356547E-04  5.9552757E-04  1.4707031E-03  0.0000000E+00
  2.0799350E+02 -1.5934330E-03  7.1485743E-04  6.0064700E-04  1.4962863E-03  0.0000000E+00
  2.0799350E+02 -1.5332479E-03  6.3353117E-04  6.1213128E-04  1.5199552E-03  0.0000000E+00
  2.0799350E+02 -1.4732594E-03  5.6637159E-04  6.2461015E-04  1.5415378E-03  0.0000000E+00
  2.0799350E+02 -1.4129398E-03  5.1542163E-04  6.3361710E-04  1.5609354E-03  0.0000000E+00
  2.0799350E+02 -1.3520118E-03  4.7876803E-04  6.3576305E-04  1.5780173E-03  0.0000000E+00
  2.0799350E+02  2.6780566E-06 -5.6447817E-11  1.7805313E-06  1.9262190E-02  0.0000000E+00
  2.0799350E+02  3.6090409E-02 -1.1628921E-03  3.0097307E-02  1.9084325E-02  0.0000000E+00
  2.0799350E+02  1.6768354E-02 -2.2141785E-03  2.8007659E-02  1.7942091E-02  0.0000000E+00
  2.0799350E+02 -6.5537554E-03 -5.6441714E-03  2.0033331E-02  1.5986239E-02  0.0000000E+00
  2.0799350E+02 -2.3080409E-02 -9.3619065E-03  1.4764950E-02  1.3814770E-02  0.0000000E+00
  2.0799350E+02 -3.6161362E-02 -1.0554391E-02  1.4099503E-02  1.1840122E-02  0.0000000E+00
  2.0799350E+02 -4.9364940E-02 -8.2638383E-03  1.7514830E-02  1.0237882E-02  0.0000000E+00
  2.0799350E+02 -6.3611757E-02 -2.3240084E-03  2.3464030E-02  9.0300305E-03  0.0000000E+00
  2.0799350E+02 -7.9012776E-02  6.2072891E-03  3.1236447E-02  8.1884346E-03  0.0000000E+00
  2.0799350E+02 -9.5250845E-02  1.6295537E-02  3.8589195E-02  7.6774224E-03  0.0000000E+00
  2.0799350E+02 -1.1155409E-01  2.5025517E-02  4.5559604E-02  7.4691497E-03  0.0000000E+00
  2.0799350E+02 -1.2658156E-01  3.0788229E-02  5.1588322E-02  7.5430748E-03  0.0000000E+00
  2.0799350E+02 -1.3865616E-01  3.3762517E-02  5.5466355E-02  7.8728653E-03  0.0000000E+00
  2.0799350E+02 -1.4616587E-01  3.5016979E-02  5.6814639E-02  8.4200466E-03  0.0000000E+00
  2.0799350E+02 -1.4787186E-01  3.5021929E-02  5.6836042E-02  9.1332479E-03  0.0000000E+00
  2.0799350E+02 -1.4380132E-01  3.4671081E-02  5.6135240E-02  9.9615139E-03  0.0000000E+00
  2.0799350E+02 -1.3702007E-01  3.5554153E-02  5.3070844E-02  1.0871092E-02  0.0000000E+00
  2.0799350E+02 -1.2742553E-01  3.4801474E-02  4.9187814E-02  1.1815708E-02  0.0000000E+00
  2.0799350E+02 -1.1560633E-01  3.2524489E-02  4.5067428E-02  1.2744276E-02  0.0000000E+00
  2.0799350E+02 -1.0249184E-01  2.9090244E-02  4.0618820E-02  1.3605629E-02  0.0000000E+00
  2.0799350E+02 -8.9055952E-02  2.4986600E-02  3.5831740E-02  1.4361270E-02  0.0000000E+00
  2.0799350E+02 -7.6102580E-02  2.0790601E-02  3.0997380E-02  1.4987167E-02  0.0000000E+00
  2.0799350E+02 -6.4147716E-02  1.7145056E-02  2.6579784E-02  1.5470707E-02  0.0000000E+00
  2.0799350E+02 -5.3432525E-02  1.4648725E-02  2.2929411E-02  1.5806692E-02  0.0000000E+00
  2.0799350E+02 -4.4099559E-02  1.3565496E-02  2.0029219E-02  1.5996638E-02  0.0000000E+00
  2.0799350E+02 -3.6563997E-02  1.3257989E-02  1.7463620E-02  1.6055569E-02  0.0000000E+00
  2.0799350E+02 -3.1237069E-02  1.2597702E-02  1.5062900E-02  1.6006090E-02  0.0000000E+00
  2.0799350E+02 -2.7341295E-02  1.2179628E-02  1.2938741E-02  1.5865047E-02  0.0000000E+00
  2.0799350E+02 -2.4631554E-02  1.1794515E-02  1.1087985E-02  1.5653434E-02  0.0000000E+00
  2.0799350E+02 -2.2674216E-02  1.1439307E-02  9.6728198E-03  1.5391025E-02  0.0000000E+00
  2.0799350E+02 -2.1092742E-02  1.1135815E-02  8.7711057E-03  1.5095141E-02  0.0000000E+00
  2.0799350E+02 -1.9684391E-02  1.0879383E-02  8.3407592E-03  1.4779097E-02  0.0000000E+00
  2.0799350E+02 -1.8414066E-02  1.0621600E-02  8.2380467E-03  1.4451502E-02  0.0000000E+00
  2.0799350E+02 -1.7350549E-02  1.0281539E-02  8.2797449E-03  1.4117450E-02  0.0000000E+00
  2.0799350E+02 -1.6575329E-02  9.7755625E-03  8.3162260E-03  1.3780452E-02  0.0000000E+00
  2.0799350E+02 -1.6099555E-02  9.0563835E-03  8.2858443E-03  1.3444223E-02  0.0000000E+00
  2.0799350E+02 -1.5824652E-02  8.1520582E-03  8.2209999E-03  1.3113475E-02  0.0000000E+00
  2.0799350E+02 -1.5582149E-02  7.1956100E-03  8.1762549E-03  1.2792837E-02  0.0000000E+00
  2.0799350E+02 -1.5288238E-02  6.4359646E-03  8.0488806E-03  1.2483041E-02  0.0000000E+00
  2.0799350E+02 -1.5115100E-02  6.0994406E-03  7.7315134E-03  1.2177960E-02  0.0000000E+00
  2.0799350E+02 -1.4797145E-02  6.1172376E-03  7.4395027E-03  1.1874600E-02  0.0000000E+00
  2.0799350E+02 -1.4437132E-02  6.1876838E-03  7.1999484E-03  1.1573588E-02  0.0000000E+00
  2.0799350E+02 -1.4114818E-02  6.1111977E-03  7.0990259E-03  1.1277915E-02  0.0000000E+00
  2.0799350E+02 -1.3822530E-02  5.8404047E-03  7.1028386E-03  1.0989937E-02  0.0000000E+00
  2.0799350E+02 -1.3520089E-02  5.4134597E-03  7.1437103E-03  1.0710912E-02  0.0000000E+00
  2.0799350E+02 -1.3168793E-02  4.9063173E-03  7.1676393E-03  1.0440961E-02  0.0000000E+00
  2.0799350E+02 -1.2748476E-02  4.4008228E-03  7.1518282E-03  1.0179323E-02  0.0000000E+00
  2.0799350E+02 -1.2261691E-02  3.9654990E-03  7.1012054E-03  9.9248028E-03  0.0000000E+00
  2.0799350E+02 -1.1729032E-02  3.6459014E-03  7.0328506E-03  9.6762839E-03  0.0000000E+00
  2.0799350E+02 -1.1179648E-02  3.4614173E-03  6.9572405E-03  9.4331901E-03  0.0000000E+00
  2.0799350E+02 -1.0640950E-02  3.4053811E-03  6.8652283E-03  9.1957829E-03  0.0000000E+00
  2.0799350E+02 -1.0131575E-02  3.4453813E-03  6.7296707E-03  8.9651752E-03  0.0000000E+00
  2.0799350E+02 -9.6616201E-03  3.5206323E-03  6.5306194E-03  8.7429436E-03  0.0000000E+00
  2.0799350E+02 -9.2441721E-03  3.5332847E-03  6.3129879E-03  8.5302229E-03  0.0000000E+00
  2.0799350E+02 -8.8773794E-03  3.3231155E-03  6.2018469E-03  8.3267806E-03  0.0000000E+00
  2.0799350E+02 -8.5031804E-03  3.0728787E-03  6.0193205E-03  8.1354365E-03  0.0000000E+00
  2.0799350E+02 -8.1775782E-03  2.9151715E-03  5.7881638E-03  7.9544138E-03  0.0000000E+00
  2.0799350E+02 -7.9217588E-03  2.8419760E-03  5.5399508E-03  7.7808277E-03  0.0000000E+00
  2.0799350E+02 -7.7299046E-03  2.8177877E-03  5.2816402E-03  7.6123334E-03  0.0000000E+00
  2.0799350E+02 -7.5806780E-03  2.8047681E-03  5.0120560E-03  7.4473082E-03  0.0000000E+00
  2.0799350E+02 -7.4465445E-03  2.7767283E-03  4.7311383E-03  7.2848611E-03  0.0000000E+00
  2.0799350E+02 -7.3009886E-03  2.7241939E-03  4.4435401E-03  7.1247129E-03  0.0000000E+00
  2.0799350E+02 -7.1236795E-03  2.6528050E-03  4.1581466E-03  6.9669930E-03  0.0000000E+00
  2.0799350E+02 -6.9036382E-03  2.5773052E-03  3.8850924E-03  6.8119971E-03  0.0000000E+00
  2.0799350E+02 -6.6399955E-03  2.5132822E-03  3.6314551E-03  6.6597019E-03  0.0000000E+00
  2.0799350E+02 -6.3431490E-03  2.4694847E-03  3.3996297E-03  6.5105769E-03  0.0000000E+00
  2.0799350E+02 -6.0296290E-03  2.4414368E-03  3.1837907E-03  6.3639881E-03  0.0000000E+00
  2.0799350E+02 -5.7194912E-03  2.4107890E-03  2.9743889E-03  6.2192564E-03  0.0000000E+00
  2.0799350E+02 -5.4299089E-03  2.3509399E-03  2.7658810E-03  6.0756374E-03  0.0000000E+00
  2.0799350E+02 -5.1674937E-03  2.2418870E-03  2.5718539E-03  5.9327859E-03  0.0000000E+00
  2.0799350E+02 -4.9149388E-03  2.1090156E-03  2.4281672E-03  5.7910640E-03  0.0000000E+00
  2.0799350E+02 -4.6842107E-03  1.9770259E-03  2.3017410E-03  5.6507284E-03  0.0000000E+00
  2.0799350E+02 -4.5023021E-03  1.8420057E-03  2.1805891E-03  5.5132624E-03  0.0000000E+00
  2.0799350E+02 -4.3528972E-03  1.7342524E-03  2.0501315E-03  5.3790428E-03  0.0000000E+00
  2.0799350E+02 -4.2176303E-03  1.6590868E-03  1.9174545E-03  5.2482814E-03  0.0000000E+00
  2.0799350E+02 -4.0833460E-03  1.6065122E-03  1.7987824E-03  5.1211573E-03  0.0000000E+00
  2.0799350E+02 -3.9449764E-03  1.5592407E-03  1.7106519E-03  4.9979026E-03  0.0000000E+00
  2.0799350E+02 -3.8050723E-03  1.4991062E-03  1.6643003E-03  4.8788467E-03  0.0000000E+00
  2.0799350E+02 -3.6710257E-03  1.4118818E-03  1.6627765E-03  4.7644260E-03  0.0000000E+00
  2.0799350E+02 -3.5510210E-03  1.2905217E-03  1.7002876E-03  4.6551636E-03  0.0000000E+00
  2.0799350E+02 -3.4497520E-03  1.1368456E-03  1.7632885E-03  4.5516254E-03  0.0000000E+00
  2.0799350E+02 -3.3649417E-03  9.6168537E-04  1.8328269E-03  4.4543584E-03  0.0000000E+00
  2.0799350E+02 -3.2857030E-03  7.8351110E-04  1.8876533E-03  4.3638158E-03  0.0000000E+00
  2.0799350E+02 -3.1937763E-03  6.2555799E-04  1.9076065E-03  4.2802766E-03  0.0000000E+00
  2.0799350E+02 -3.0686825E-03  5.1147055E-04  1.8767838E-03  4.2037632E-03  0.0000000E+00
  2.0799350E+02 -2.8978274E-03  4.5948440E-04  1.7860087E-03  4.1339647E-03  0.0000000E+00
  2.0799350E+02 -2.6925960E-03  4.7516393E-04  1.6341041E-03  4.0701698E-03  0.0000000E+00
  2.0799350E+02 -2.4983230E-03  5.3300624E-04  1.4394826E-03  4.0118235E-03  0.0000000E+00
  2.0799350E+02 -2.3265892E-03  6.1236202E-04  1.2490978E-03  3.9582455E-03  0.0000000E+00
  2.0799350E+02 -2.1815691E-03  7.0125731E-04  1.0646247E-03  3.9070422E-03  0.0000000E+00
  2.0799350E+02 -2.0583036E-03  7.7448114E-04  9.0048711E-04  3.8570670E-03  0.0000000E+00
  2.0799350E+02 -1.9509354E-03  8.1929481E-04  7.7069554E-04  3.8075757E-03  0.0000000E+00
  2.0799350E+02 -1.8545768E-03  8.3230970E-04  6.8350920E-04  3.7581157E-03  0.0000000E+00
  2.0799350E+02 -1.7661414E-03  8.1661071E-04  6.3929768E-04  3.7084351E-03  0.0000000E+00
  2.0799350E+02 -1.6843806E-03  7.7917300E-04  6.3088615E-04  3.6584104E-03  0.0000000E+00
  2.0799350E+02 -1.6093669E-03  7.2861964E-04  6.4566685E-04  3.6079930E-03  0.0000000E+00
  2.0799350E+02 -1.5416630E-03  6.7336798E-04  6.6876008E-04  3.5571743E-03  0.0000000E+00
  2.0799350E+02 -1.4814193E-03  6.2021232E-04  6.8650755E-04  3.5059689E-03  0.0000000E+00
  2.0799350E+02 -1.4276392E-03  5.7339069E-04  6.8958146E-04  3.4544161E-03  0.0000000E+00
  2.0799350E+02 -1.3778533E-03  5.3418328E-04  6.7499209E-04  3.4025995E-03  0.0000000E+00
  2.0799350E+02  0.0000000E+00  0.0000000E+00  0.0000000E+00  6.9126948E-02  0.0000000E+00
  2.0799350E+02  4.6357163E-02 -1.8010694E-03  1.0317462E-01  6.9128257E-02  0.0000000E+00
  2.0799350E+02  1.0981886E-02 -4.9859142E-03  1.0137456E-01  6.7696805E-02  0.0000000E+00
  2.0799350E+02 -2.6028204E-02 -7.7158208E-03  7.1642133E-02  6.4881299E-02  0.0000000E+00
  2.0799350E+02 -4.9618835E-02 -8.5145047E-03  4.7223142E-02  6.1473893E-02  0.0000000E+00
  2.0799350E+02 -6.5374742E-02 -5.6752099E-03  3.4297842E-02  5.8049837E-02  0.0000000E+00
  2.0799350E+02 -7.8214913E-02  1.7972677E-04  2.9674653E-02  5.4906615E-02  0.0000000E+00
  2.0799350E+02 -9.1223234E-02  7.0767620E-03  2.9499713E-02  5.2178648E-02  0.0000000E+00
  2.0799350E+02 -1.0470815E-01  1.1828302E-02  3.3013791E-02  4.9901868E-02  0.0000000E+00
  2.0799350E+02 -1.1689163E-01  1.3292786E-02  3.8712133E-02  4.8049251E-02  0.0000000E+00
  2.0799350E+02 -1.2778653E-01  1.4534437E-02  4.3699731E-02  4.6590848E-02  0.0000000E+00
  2.0799350E+02 -1.3693436E-01  1.7880382E-02  4.6896409E-02  4.5461318E-02  0.0000000E+00
  2.0799350E+02 -1.4324701E-01  2.2213334E-02  4.9153659E-02  4.4578626E-02  0.0000000E+00
  2.0799350E+02 -1.4636969E-01  2.4815317E-02  5.1438407E-02  4.3889037E-02  0.0000000E+00
  2.0799350E+02 -1.4679609E-01  2.4202452E-02  5.3494310E-02  4.3378893E-02  0.0000000E+00
  2.0799350E+02 -1.4329463E-01  2.1727251E-02  5.4467068E-02  4.3017379E-02  0.0000000E+00
  2.0799350E+02 -1.3730070E-01  1.8068851E-02  5.3731598E-02  4.2761704E-02  0.0000000E+00
  2.0799350E+02 -1.2902280E-01  1.5327090E-02  5.1493556E-02  4.2551678E-02  0.0000000E+00
  2.0799350E+02 -1.1946842E-01  1.4168211E-02  4.7899423E-02  4.2312556E-02  0.0000000E+00
  2.0799350E+02 -1.0983988E-01  1.3513917E-02  4.3631393E-02  4.1981105E-02  0.0000000E+00
  2.0799350E+02 -1.0072475E-01  1.2495864E-02  3.9441639E-02  4.1530223E-02  0.0000000E+00
  2.0799350E+02 -9.2017661E-02  1.1026060E-02  3.5836941E-02  4.0970082E-02  0.0000000E+00
  2.0799350E+02 -8.3115025E-02  9.5250014E-03  3.2843427E-02  4.0329000E-02  0.0000000E+00
  2.0799350E+02 -7.3383921E-02  8.3535546E-03  3.0006777E-02  3.9627539E-02  0.0000000E+00
  2.0799350E+02 -6.2873834E-02  7.5318279E-03  2.6728831E-02  3.8871893E-02  0.0000000E+00
  2.0799350E+02 -5.2856913E-02  7.2423712E-03  2.2931178E-02  3.8059398E-02  0.0000000E+00
  2.0799350E+02 -4.5127283E-02  6.8331922E-03  1.9233440E-02  3.7182933E-02  0.0000000E+00
  2.0799350E+02 -3.9238434E-02  6.5259625E-03  1.6215905E-02  3.6260956E-02  0.0000000E+00
  2.0799350E+02 -3.4621867E-02  6.4630324E-03  1.4149483E-02  3.5288588E-02  0.0000000E+00
  2.0799350E+02 -3.0937103E-02  6.3513822E-03  1.2890882E-02  3.4271907E-02  0.0000000E+00
  2.0799350E+02 -2.7988681E-02  6.2061068E-03  1.2199283E-02  3.3227472E-02  0.0000000E+00
  2.0799350E+02 -2.5618583E-02  6.0742529E-03  1.1813000E-02  3.2168472E-02  0.0000000E+00
  2.0799350E+02 -2.3692357E-02  5.9298216E-03  1.1506618E-02  3.1111083E-02  0.0000000E+00
  2.0799350E+02 -2.2077975E-02  5.6829366E-03  1.1117815E-02  3.0068077E-02  0.0000000E+00
  2.0799350E+02 -2.0660624E-02  5.2509892E-03  1.0561048E-02  2.9044169E-02  0.0000000E+00
  2.0799350E+02 -1.9383406E-02  4.6433777E-03  9.8336608E-03  2.8047522E-02  0.0000000E+00
  2.0799350E+02 -1.8250897E-02  4.0003099E-03  9.0087187E-03  2.7084658E-02  0.0000000E+00
  2.0799350E+02 -1.7308158E-02  3.5309778E-03  8.2182848E-03  2.6154187E-02  0.0000000E+00
  2.0799350E+02 -1.6589002E-02  3.3129842E-03  7.6490701E-03  2.5251592E-02  0.0000000E+00
  2.0799350E+02 -1.5990354E-02  3.1036297E-03  7.3546433E-03  2.4375619E-02  0.0000000E+00
  2.0799350E+02 -1.5440180E-02  3.2461429E-03  7.2800894E-03  2.3524272E-02  0.0000000E+00
  2.0799350E+02 -1.4889849E-02  3.4970423E-03  7.3003738E-03  2.2698167E-02  0.0000000E+00
  2.0799350E+02 -1.4313993E-02  3.6600719E-03  7.2945450E-03  2.1899328E-02  0.0000000E+00
  2.0799350E+02 -1.3723635E-02  3.6721281E-03  7.2459995E-03  2.1128717E-02  0.0000000E+00
  2.0799350E+02 -1.3140477E-02  3.5484351E-03  7.1787064E-03  2.0385632E-02  0.0000000E+00
  2.0799350E+02 -1.2580217E-02  3.3393898E-03  7.1182894E-03  1.9666225E-02  0.0000000E+00
  2.0799350E+02 -1.2052223E-02  3.1035604E-03  7.0748396E-03  1.8971661E-02  0.0000000E+00
  2.0799350E+02 -1.1555793E-02  2.8899469E-03  7.0397071E-03  1.8304018E-02  0.0000000E+00
  2.0799350E+02 -1.1081013E-02  2.7280986E-03  6.9924266E-03  1.7662424E-02  0.0000000E+00
  2.0799350E+02 -1.0618656E-02  2.6282327E-03  6.9125161E-03  1.7048880E-02  0.0000000E+00
  2.0799350E+02 -1.0162508E-02  2.5819090E-03  6.7901593E-03  1.6464110E-02  0.0000000E+00
  2.0799350E+02 -9.7101522E-03  2.5664078E-03  6.6298334E-03  1.5904890E-02  0.0000000E+00
  2.0799350E+02 -9.2674161E-03  2.5491487E-03  6.4448258E-03  1.5371827E-02  0.0000000E+00
  2.0799350E+02 -8.8358495E-03  2.4887129E-03  6.2313601E-03  1.4864407E-02  0.0000000E+00
  2.0799350E+02 -8.4145890E-03  2.4491831E-03  6.0492521E-03  1.4382272E-02  0.0000000E+00
  2.0799350E+02 -8.0496318E-03  2.4341671E-03  5.8432683E-03  1.3924056E-02  0.0000000E+00
  2.0799350E+02 -7.7346052E-03  2.3867249E-03  5.5642302E-03  1.3488167E-02  0.0000000E+00
  2.0799350E+02 -7.4605710E-03  2.3288558E-03  5.2571025E-03  1.3071234E-02  0.0000000E+00
  2.0799350E+02 -7.2213316E-03  2.2703072E-03  4.9472606E-03  1.2671465E-02  0.0000000E+00
  2.0799350E+02 -7.0089094E-03  2.2153302E-03  4.6457454E-03  1.2286108E-02  0.0000000E+00
  2.0799350E+02 -6.8146942E-03  2.1667875E-03  4.3577477E-03  1.1914945E-02  0.0000000E+00
  2.0799350E+02 -6.6286406E-03  2.1266701E-03  4.0848220E-03  1.1557854E-02  0.0000000E+00
  2.0799350E+02 -6.4400908E-03  2.0951350E-03  3.8261924E-03  1.1212921E-02  0.0000000E+00
  2.0799350E+02 -6.2416665E-03  2.0694255E-03  3.5829954E-03  1.0879922E-02  0.0000000E+00
  2.0799350E+02 -6.0302325E-03  2.0424732E-03  3.3574549E-03  1.0558433E-02  0.0000000E+00
  2.0799350E+02 -5.8067180E-03  2.0029434E-03  3.1518918E-03  1.0246365E-02  0.0000000E+00
  2.0799350E+02 -5.5780157E-03  1.9380578E-03  2.9708585E-03  9.9437423E-03  0.0000000E+00
  2.0799350E+02 -5.3512526E-03  1.8386961E-03  2.8178139E-03  9.6486343E-03  0.0000000E+00
  2.0799350E+02 -5.1307673E-03  1.7100826E-03  2.6967148E-03  9.3607805E-03  0.0000000E+00
  2.0799350E+02 -4.9077610E-03  1.5868947E-03  2.6104694E-03  9.0800429E-03  0.0000000E+00
  2.0799350E+02 -4.6515298E-03  1.5391444E-03  2.5561044E-03  8.8057651E-03  0.0000000E+00
  2.0799350E+02 -4.3667933E-03  1.4915810E-03  2.4731069E-03  8.5390395E-03  0.0000000E+00
  2.0799350E+02 -4.1124520E-03  1.4245391E-03  2.3636303E-03  8.2800016E-03  0.0000000E+00
  2.0799350E+02 -3.9128357E-03  1.3562257E-03  2.2446594E-03  8.0291163E-03  0.0000000E+00
  2.0799350E+02 -3.7603381E-03  1.2997516E-03  2.1266451E-03  7.7872298E-03  0.0000000E+00
  2.0799350E+02 -3.6356364E-03  1.2593528E-03  2.0165285E-03  7.5547233E-03  0.0000000E+00
  2.0799350E+02 -3.5206388E-03  1.2301534E-03  1.9191589E-03  7.3307554E-03  0.0000000E+00
  2.0799350E+02 -3.4061744E-03  1.2009162E-03  1.8392342E-03  7.1161261E-03  0.0000000E+00
  2.0799350E+02 -3.2913483E-03  1.1574070E-03  1.7798289E-03  6.9103640E-03  0.0000000E+00
  2.0799350E+02 -3.1821633E-03  1.0872599E-03  1.7426064E-03  6.7142425E-03  0.0000000E+00
  2.0799350E+02 -3.0860770E-03  9.8435805E-04  1.7262401E-03  6.5285428E-03  0.0000000E+00
  2.0799350E+02 -3.0062870E-03  8.5142927E-04  1.7255787E-03  6.3530692E-03  0.0000000E+00
  2.0799350E+02 -2.9385830E-03  7.0247312E-04  1.7313365E-03  6.1883679E-03  0.0000000E+00
  2.0799350E+02 -2.8694770E-03  5.6096681E-04  1.7303014E-03  6.0345980E-03  0.0000000E+00
  2.0799350E+02 -2.7790273E-03  4.5404492E-04  1.7068361E-03  5.8907673E-03  0.0000000E+00
  2.0799350E+02 -2.6506332E-03  4.0446536E-04  1.6457949E-03  5.7562682E-03  0.0000000E+00
  2.0799350E+02 -2.4877409E-03  4.1465020E-04  1.5375506E-03  5.6301395E-03  0.0000000E+00
  2.0799350E+02 -2.3223067E-03  4.3454179E-04  1.3855552E-03  5.5109951E-03  0.0000000E+00
  2.0799350E+02 -2.1578834E-03  4.6717627E-04  1.2264715E-03  5.3984696E-03  0.0000000E+00
  2.0799350E+02 -2.0153715E-03  5.2749469E-04  1.0649662E-03  5.2904272E-03  0.0000000E+00
  2.0799350E+02 -1.8977976E-03  5.8681164E-04  9.1183675E-04  5.1860635E-03  0.0000000E+00
  2.0799350E+02 -1.8008851E-03  6.2690141E-04  7.8418377E-04  5.0848892E-03  0.0000000E+00
  2.0799350E+02 -1.7175957E-03  6.4024763E-04  6.9487284E-04  4.9860665E-03  0.0000000E+00
  2.0799350E+02 -1.6420993E-03  6.2809617E-04  6.4884012E-04  4.8893134E-03  0.0000000E+00
  2.0799350E+02 -1.5707296E-03  5.9822318E-04  6.4109231E-04  4.7943398E-03  0.0000000E+00
  2.0799350E+02 -1.5020148E-03  5.6138935E-04  6.5881596E-04  4.7003960E-03  0.0000000E+00
  2.0799350E+02 -1.4368644E-03  5.2830987E-04  6.8513570E-04  4.6072631E-03  0.0000000E+00
  2.0799350E+02 -1.3771443E-03  5.0647439E-04  7.0354521E-04  4.5148340E-03  0.0000000E+00
  2.0799350E+02 -1.3241815E-03  4.9786836E-04  7.0238771E-04  4.4227242E-03  0.0000000E+00
  2.0799350E+02 -1.2782853E-03  4.9829864E-04  6.7772000E-04  4.3312526E-03  0.0000000E+00
  2.0799350E+02  5.1979985E-05  6.3335613E-06  1.4342246E-04  9.7324269E-02  0.0000000E+00
  2.0799350E+02  4.1191971E-02  3.6932606E-03  1.5272109E-01  9.6753201E-02  0.0000000E+00
  2.0799350E+02  2.2392995E-02  2.9566848E-03  1.6252027E-01  9.4615410E-02  0.0000000E+00
  2.0799350E+02 -7.0430695E-04 -3.1038770E-03  1.3094004E-01  9.0834589E-02  0.0000000E+00
  2.0799350E+02 -1.7831962E-02 -6.6389297E-03  1.0024679E-01  8.6234843E-02  0.0000000E+00
  2.0799350E+02 -3.0701761E-02 -4.1743284E-03  7.9340041E-02  8.1451156E-02  0.0000000E+00
  2.0799350E+02 -4.0429728E-02  2.0411451E-03  6.4589167E-02  7.6850543E-02  0.0000000E+00
  2.0799350E+02 -4.9028423E-02  8.4019185E-03  5.3277073E-02  7.2621932E-02  0.0000000E+00
  2.0799350E+02 -5.8457999E-02  1.3543614E-02  4.4993289E-02  6.8840192E-02  0.0000000E+00
  2.0799350E+02 -6.8346723E-02  1.7506646E-02  3.8335848E-02  6.5522086E-02  0.0000000E+00
  2.0799350E+02 -7.7834434E-02  1.8732538E-02  3.4864931E-02  6.2641641E-02  0.0000000E+00
  2.0799350E+02 -8.5815842E-02  1.6613381E-02  3.4995380E-02  6.0159187E-02  0.0000000E+00
  2.0799350E+02 -9.1298009E-02  1.2316930E-02  3.6735804E-02  5.8030698E-02  0.0000000E+00
  2.0799350E+02 -9.3868091E-02  7.8190344E-03  3.7707822E-02  5.6192497E-02  0.0000000E+00
  2.0799350E+02 -9.3640239E-02  4.2996546E-03  3.7516918E-02  5.4565537E-02  0.0000000E+00
  2.0799350E+02 -9.0780849E-02  1.8127755E-03  3.7282930E-02  5.3064076E-02  0.0000000E+00
  2.0799350E+02 -8.6428470E-02 -1.6144653E-04  3.7685907E-02  5.1638610E-02  0.0000000E+00
  2.0799350E+02 -8.0838769E-02 -1.5284804E-03  3.7129996E-02  5.0248980E-02  0.0000000E+00
  2.0799350E+02 -7.4508571E-02 -1.9516475E-03  3.5441102E-02  4.8862834E-02  0.0000000E+00
  2.0799350E+02 -6.7939272E-02 -1.7678140E-03  3.3396719E-02  4.7470361E-02  0.0000000E+00
  2.0799350E+02 -6.1545199E-02 -1.4141337E-03  3.1478546E-02  4.6069435E-02  0.0000000E+00
  2.0799350E+02 -5.5671545E-02 -1.1736543E-03  2.9601980E-02  4.4666160E-02  0.0000000E+00
  2.0799350E+02 -5.0560637E-02 -1.1439457E-03  2.7409014E-02  4.3262074E-02  0.0000000E+00
  2.0799350E+02 -4.6374477E-02 -1.3183453E-03  2.4775342E-02  4.1866145E-02  0.0000000E+00
  2.0799350E+02 -4.3022339E-02 -1.6584724E-03  2.2076500E-02  4.0483510E-02  0.0000000E+00
  2.0799350E+02 -3.9898487E-02 -2.0529269E-03  1.9862986E-02  3.9116685E-02  0.0000000E+00
  2.0799350E+02 -3.6129739E-02 -2.3708104E-03  1.8694372E-02  3.7767228E-02  0.0000000E+00
  2.0799350E+02 -3.1920396E-02 -2.4027371E-03  1.8136609E-02  3.6418569E-02  0.0000000E+00
  2.0799350E+02 -2.7962248E-02 -1.9411172E-03  1.7183464E-02  3.5077685E-02  0.0000000E+00
  2.0799350E+02 -2.4654458E-02 -1.2734436E-03  1.5887643E-02  3.3750356E-02  0.0000000E+00
  2.0799350E+02 -2.2082546E-02 -7.3222171E-04  1.4547165E-02  3.2442030E-02  0.0000000E+00
  2.0799350E+02 -2.0161336E-02 -4.8950886E-04  1.3392472E-02  3.1161020E-02  0.0000000E+00
  2.0799350E+02 -1.8722021E-02 -5.1579202E-04  1.2468242E-02  2.9909700E-02  0.0000000E+00
  2.0799350E+02 -1.7595885E-02 -6.4993292E-04  1.1675154E-02  2.8696767E-02  0.0000000E+00
  2.0799350E+02 -1.6637277E-02 -7.1477272E-04  1.0868985E-02  2.7527333E-02  0.0000000E+00
  2.0799350E+02 -1.5743315E-02 -6.2854695E-04  9.9851428E-03  2.6404147E-02  0.0000000E+00
  2.0799350E+02 -1.4857072E-02 -4.5113957E-04  9.1141025E-03  2.5328996E-02  0.0000000E+00
  2.0799350E+02 -1.3955646E-02 -3.0635762E-04  8.4581584E-03  2.4296080E-02  0.0000000E+00
  2.0799350E+02 -1.3052515E-02 -1.2825172E-04  8.1296536E-03  2.3305080E-02  0.0000000E+00
  2.0799350E+02 -1.2170132E-02  4.1476295E-04  7.7920506E-03  2.2351349E-02  0.0000000E+00
  2.0799350E+02 -1.1484802E-02  1.1033702E-03  7.4388112E-03  2.1433803E-02  0.0000000E+00
  2.0799350E+02 -1.0877466E-02  1.6453209E-03  7.1974626E-03  2.0554845E-02  0.0000000E+00
  2.0799350E+02 -1.0281624E-02  1.8961585E-03  7.0679952E-03  1.9709365E-02  0.0000000E+00
  2.0799350E+02 -9.7228139E-03  1.9044875E-03  7.0151328E-03  1.8898391E-02  0.0000000E+00
  2.0799350E+02 -9.2443089E-03  1.7878794E-03  6.9908746E-03  1.8122042E-02  0.0000000E+00
  2.0799350E+02 -8.8698760E-03  1.6551958E-03  6.9517497E-03  1.7380459E-02  0.0000000E+00
  2.0799350E+02 -8.5909579E-03  1.5714372E-03  6.8689083E-03  1.6674716E-02  0.0000000E+00
  2.0799350E+02 -8.3698391E-03  1.5525399E-03  6.7314023E-03  1.6002030E-02  0.0000000E+00
  2.0799350E+02 -8.1583933E-03  1.5811395E-03  6.5458479E-03  1.5363073E-02  0.0000000E+00
  2.0799350E+02 -7.9162595E-03  1.6295472E-03  6.3305925E-03  1.4757233E-02  0.0000000E+00
  2.0799350E+02 -7.6293293E-03  1.6815851E-03  6.1074396E-03  1.4184881E-02  0.0000000E+00
  2.0799350E+02 -7.3153522E-03  1.7418470E-03  5.8888825E-03  1.3643449E-02  0.0000000E+00
  2.0799350E+02 -7.0179211E-03  1.8205057E-03  5.6675634E-03  1.3132964E-02  0.0000000E+00
  2.0799350E+02 -6.7719468E-03  1.8845569E-03  5.4010933E-03  1.2651438E-02  0.0000000E+00
  2.0799350E+02 -6.5084011E-03  1.8599851E-03  5.1131900E-03  1.2195572E-02  0.0000000E+00
  2.0799350E+02 -6.2490109E-03  1.7922288E-03  4.8958118E-03  1.1763819E-02  0.0000000E+00
  2.0799350E+02 -6.0243019E-03  1.7016088E-03  4.6426133E-03  1.1352672E-02  0.0000000E+00
  2.0799350E+02 -5.8204074E-03  1.6232740E-03  4.3536597E-03  1.0961781E-02  0.0000000E+00
  2.0799350E+02 -5.6310497E-03  1.5737279E-03  4.0603199E-03  1.0590288E-02  0.0000000E+00
  2.0799350E+02 -5.4539931E-03  1.5530703E-03  3.7960338E-03  1.0237177E-02  0.0000000E+00
  2.0799350E+02 -5.2886719E-03  1.5494000E-03  3.5808287E-03  9.9016567E-03  0.0000000E+00
  2.0799350E+02 -5.1335591E-03  1.5445547E-03  3.4149959E-03  9.5809206E-03  0.0000000E+00
  2.0799350E+02 -4.9871854E-03  1.5202477E-03  3.2842198E-03  9.2737081E-03  0.0000000E+00
  2.0799350E+02 -4.8469116E-03  1.4637246E-03  3.1658828E-03  8.9782056E-03  0.0000000E+00
  2.0799350E+02 -4.7094614E-03  1.3720829E-03  3.0393570E-03  8.6928595E-03  0.0000000E+00
  2.0799350E+02 -4.5714564E-03  1.2545104E-03  2.8951968E-03  8.4170290E-03  0.0000000E+00
  2.0799350E+02 -4.4285643E-03  1.1302723E-03  2.7391451E-03  8.1492168E-03  0.0000000E+00
  2.0799350E+02 -4.2765133E-03  1.0247414E-03  2.5918257E-03  7.8898338E-03  0.0000000E+00
  2.0799350E+02 -4.1090330E-03  9.5840834E-04  2.4762160E-03  7.6390480E-03  0.0000000E+00
  2.0799350E+02 -3.9159528E-03  9.3097698E-04  2.3935569E-03  7.3967445E-03  0.0000000E+00
  2.0799350E+02 -3.6997369E-03  9.1525468E-04  2.3077391E-03  7.1624133E-03  0.0000000E+00
  2.0799350E+02 -3.5031306E-03  9.2847115E-04  2.2294048E-03  6.9357015E-03  0.0000000E+00
  2.0799350E+02 -3.3243950E-03  9.4934833E-04  2.1267717E-03  6.7176992E-03  0.0000000E+00
  2.0799350E+02 -3.1803083E-03  9.6961566E-04  2.0156957E-03  6.5088354E-03  0.0000000E+00
  2.0799350E+02 -3.0672903E-03  9.7832754E-04  1.9138641E-03  6.3091810E-03  0.0000000E+00
  2.0799350E+02 -2.9743352E-03  9.6705200E-04  1.8345687E-03  6.1190412E-03  0.0000000E+00
  2.0799350E+02 -2.8902543E-03  9.3222126E-04  1.7831883E-03  5.9378277E-03  0.0000000E+00
  2.0799350E+02 -2.8084357E-03  8.7561639E-04  1.7576083E-03  5.7660537E-03  0.0000000E+00
  2.0799350E+02 -2.7269804E-03  8.0322246E-04  1.7491398E-03  5.6039987E-03  0.0000000E+00
  2.0799350E+02 -2.6476560E-03  7.2334953E-04  1.7454357E-03  5.4522118E-03  0.0000000E+00
  2.0799350E+02 -2.5728190E-03  6.4375018E-04  1.7337604E-03  5.3103875E-03  0.0000000E+00
  2.0799350E+02 -2.5034417E-03  5.7041992E-04  1.7041178E-03  5.1788051E-03  0.0000000E+00
  2.0799350E+02 -2.4364517E-03  5.0588884E-04  1.6515193E-03  5.0571821E-03  0.0000000E+00
  2.0799350E+02 -2.3643799E-03  4.4966690E-04  1.5767177E-03  4.9448883E-03  0.0000000E+00
  2.0799350E+02 -2.2775947E-03  4.0070157E-04  1.4848602E-03  4.8411279E-03  0.0000000E+00
  2.0799350E+02 -2.1692427E-03  3.6208736E-04  1.3803861E-03  4.7443491E-03  0.0000000E+00
  2.0799350E+02 -2.0461021E-03  3.4985881E-04  1.2599071E-03  4.6535152E-03  0.0000000E+00
  2.0799350E+02 -1.9313167E-03  3.6298912E-04  1.1158269E-03  4.5673063E-03  0.0000000E+00
  2.0799350E+02 -1.8178928E-03  3.8703627E-04  9.7653307E-04  4.4850163E-03  0.0000000E+00
  2.0799350E+02 -1.7170857E-03  4.3702497E-04  8.4807139E-04  4.4063685E-03  0.0000000E+00
  2.0799350E+02 -1.6301548E-03  4.7800273E-04  7.4439180E-04  4.3302496E-03  0.0000000E+00
  2.0799350E+02 -1.5549599E-03  4.9474409E-04  6.7369788E-04  4.2562292E-03  0.0000000E+00
  2.0799350E+02 -1.4879905E-03  4.8641060E-04  6.3690214E-04  4.1838237E-03  0.0000000E+00
  2.0799350E+02 -1.4262290E-03  4.6102601E-04  6.2861977E-04  4.1125476E-03  0.0000000E+00
  2.0799350E+02 -1.3680497E-03  4.3057628E-04  6.3889140E-04  4.0420313E-03  0.0000000E+00
  2.0799350E+02 -1.3129495E-03  4.0655777E-04  6.5563671E-04  3.9715965E-03  0.0000000E+00
  2.0799350E+02 -1.2617759E-03  3.9701464E-04  6.6707234E-04  3.9010628E-03  0.0000000E+00
  2.0799350E+02 -1.2156676E-03  4.0414922E-04  6.6415010E-04  3.8303572E-03  0.0000000E+00
  2.0799350E+02 -1.1753955E-03  4.2356429E-04  6.4236010E-04  3.7597041E-03  0.0000000E+00
  2.0799350E+02 -1.1407518E-03  4.4499549E-04  6.0266011E-04  3.6897638E-03  0.0000000E+00
  2.0799350E+02  0.0000000E+00  0.0000000E+00  0.0000000E+00  5.6590535E-02  0.0000000E+00
  2.0799350E+02  4.2308274E-02  5.2924859E-03  1.1724110E-01  5.4960255E-02  0.0000000E+00
  2.0799350E+02  4.5048183E-02  3.0504115E-03  1.2666572E-01  5.2483429E-02  0.0000000E+00
  2.0799350E+02  3.8724455E-02 -4.7773127E-03  9.6732033E-02  4.8842991E-02  0.0000000E+00
  2.0799350E+02  3.2539332E-02 -7.0806638E-03  6.2951730E-02  4.4516605E-02  0.0000000E+00
  2.0799350E+02  2.7992857E-02 -2.1400122E-03  3.8176116E-02  4.0013107E-02  0.0000000E+00
  2.0799350E+02  2.4262025E-02  6.0809797E-03  2.4832002E-02  3.5693593E-02  0.0000000E+00
  2.0799350E+02  2.0731852E-02  1.3317004E-02  1.9175941E-02  3.1784780E-02  0.0000000E+00
  2.0799350E+02  1.6610507E-02  1.7070645E-02  1.7047288E-02  2.8393551E-02  0.0000000E+00
  2.0799350E+02  1.1206086E-02  1.7110232E-02  1.6834490E-02  2.5535957E-02  0.0000000E+00
  2.0799350E+02  4.8280087E-03  1.4155285E-02  1.8325274E-02  2.3177678E-02  0.0000000E+00
  2.0799350E+02 -1.5720725E-03  8.9579138E-03  2.0931401E-02  2.1239415E-02  0.0000000E+00
  2.0799350E+02 -6.9787460E-03  2.7329005E-03  2.3420551E-02  1.9642807E-02  0.0000000E+00
  2.0799350E+02 -1.0927545E-02 -2.5597219E-03  2.4599597E-02  1.8316148E-02  0.0000000E+00
  2.0799350E+02 -1.3642359E-02 -5.0987533E-03  2.4161506E-02  1.7207149E-02  0.0000000E+00
  2.0799350E+02 -1.5298807E-02 -5.8994309E-03  2.2887261E-02  1.6262550E-02  0.0000000E+00
  2.0799350E+02 -1.6339514E-02 -5.7059648E-03  2.1721901E-02  1.5432952E-02  0.0000000E+00
  2.0799350E+02 -1.7689426E-02 -5.7783713E-03  2.0851636E-02  1.4677165E-02  0.0000000E+00
  2.0799350E+02 -1.9019684E-02 -6.6002345E-03  2.0226498E-02  1.3978178E-02  0.0000000E+00
  2.0799350E+02 -1.9813657E-02 -7.8978950E-03  1.9725784E-02  1.3329971E-02  0.0000000E+00
  2.0799350E+02 -1.9844332E-02 -9.2076908E-03  1.9189676E-02  1.2732146E-02  0.0000000E+00
  2.0799350E+02 -1.9231102E-02 -1.0144159E-02  1.8472127E-02  1.2181836E-02  0.0000000E+00
  2.0799350E+02 -1.8245407E-02 -1.0472171E-02  1.7499010E-02  1.1669876E-02  0.0000000E+00
  2.0799350E+02 -1.7062720E-02 -1.0081153E-02  1.6316791E-02  1.1184863E-02  0.0000000E+00
  2.0799350E+02 -1.5617663E-02 -8.9670737E-03  1.5080308E-02  1.0711595E-02  0.0000000E+00
  2.0799350E+02 -1.3782941E-02 -7.3096823E-03  1.3989843E-02  1.0241484E-02  0.0000000E+00
  2.0799350E+02 -1.1751208E-02 -5.6511818E-03  1.3027476E-02  9.7745831E-03  0.0000000E+00
  2.0799350E+02 -9.6241191E-03 -4.2114343E-03  1.2336331E-02  9.3141964E-03  0.0000000E+00
  2.0799350E+02 -8.0312819E-03 -3.3912359E-03  1.1964042E-02  8.8575427E-03  0.0000000E+00
  2.0799350E+02 -7.0730467E-03 -3.1104939E-03  1.1756038E-02  8.4061477E-03  0.0000000E+00
  2.0799350E+02 -6.5700677E-03 -3.0719388E-03  1.1546909E-02  7.9632063E-03  0.0000000E+00
  2.0799350E+02 -6.3104215E-03 -3.0138925E-03  1.1224765E-02  7.5344541E-03  0.0000000E+00
  2.0799350E+02 -6.1554078E-03 -2.8132074E-03  1.0747835E-02  7.1223025E-03  0.0000000E+00
  2.0799350E+02 -6.0584672E-03 -2.4811517E-03  1.0133921E-02  6.7285701E-03  0.0000000E+00
  2.0799350E+02 -6.0224220E-03 -2.0960906E-03  9.4324145E-03  6.3538412E-03  0.0000000E+00
  2.0799350E+02 -6.0400123E-03 -1.7163286E-03  8.6935224E-03  5.9973061E-03  0.0000000E+00
  2.0799350E+02 -6.0547390E-03 -1.3203772E-03  7.9564157E-03  5.6597440E-03  0.0000000E+00
  2.0799350E+02 -5.9817124E-03 -8.0866822E-04  7.2508527E-03  5.3401069E-03  0.0000000E+00
  2.0799350E+02 -5.8260885E-03 -1.2350375E-04  6.6526451E-03  5.0379715E-03  0.0000000E+00
  2.0799350E+02 -5.6739568E-03  5.6444200E-04  6.2745050E-03  4.7500794E-03  0.0000000E+00
  2.0799350E+02 -5.5080280E-03  7.0451343E-04  6.1481189E-03  4.4741861E-03  0.0000000E+00
  2.0799350E+02 -5.3625597E-03  5.9298818E-04  6.1635262E-03  4.2132376E-03  0.0000000E+00
  2.0799350E+02 -5.2138975E-03  5.1961087E-04  6.1793217E-03  3.9678778E-03  0.0000000E+00
  2.0799350E+02 -5.0850293E-03  5.7863165E-04  6.1184486E-03  3.7370877E-03  0.0000000E+00
  2.0799350E+02 -5.0011299E-03  7.5352084E-04  5.9589204E-03  3.5209012E-03  0.0000000E+00
  2.0799350E+02 -4.9662444E-03  9.8069187E-04  5.7182203E-03  3.3185587E-03  0.0000000E+00
  2.0799350E+02 -4.9602882E-03  1.1924214E-03  5.4358624E-03  3.1303070E-03  0.0000000E+00
  2.0799350E+02 -4.9470118E-03  1.3426705E-03  5.1551232E-03  2.9565373E-03  0.0000000E+00
  2.0799350E+02 -4.8890725E-03  1.4169572E-03  4.9095523E-03  2.7986337E-03  0.0000000E+00
  2.0799350E+02 -4.7640996E-03  1.4324136E-03  4.7092907E-03  2.6567207E-03  0.0000000E+00
  2.0799350E+02 -4.5763131E-03  1.4251852E-03  4.5398010E-03  2.5305299E-03  0.0000000E+00
  2.0799350E+02 -4.3581001E-03  1.4321170E-03  4.3678040E-03  2.4188581E-03  0.0000000E+00
  2.0799350E+02 -4.1556648E-03  1.4674447E-03  4.1595661E-03  2.3194524E-03  0.0000000E+00
  2.0799350E+02 -3.9951415E-03  1.4968100E-03  3.9159202E-03  2.2301238E-03  0.0000000E+00
  2.0799350E+02 -3.8779661E-03  1.4158680E-03  3.7220175E-03  2.1502901E-03  0.0000000E+00
  2.0799350E+02 -3.8180391E-03  1.3540826E-03  3.5509953E-03  2.0806608E-03  0.0000000E+00
  2.0799350E+02 -3.7626328E-03  1.3456778E-03  3.3564826E-03  2.0195026E-03  0.0000000E+00
  2.0799350E+02 -3.7005084E-03  1.3490038E-03  3.1511438E-03  1.9661466E-03  0.0000000E+00
  2.0799350E+02 -3.6337220E-03  1.3283355E-03  2.9576809E-03  1.9193854E-03  0.0000000E+00
  2.0799350E+02 -3.5696732E-03  1.2632693E-03  2.7969065E-03  1.8779572E-03  0.0000000E+00
  2.0799350E+02 -3.5152097E-03  1.1512231E-03  2.6799577E-03  1.8404504E-03  0.0000000E+00
  2.0799350E+02 -3.4735554E-03  1.0061402E-03  2.6065465E-03  1.8056669E-03  0.0000000E+00
  2.0799350E+02 -3.4422785E-03  8.5169336E-04  2.5649512E-03  1.7723500E-03  0.0000000E+00
  2.0799350E+02 -3.4139373E-03  7.1461818E-04  2.5367152E-03  1.7395670E-03  0.0000000E+00
  2.0799350E+02 -3.3775883E-03  6.1694458E-04  2.5016295E-03  1.7067380E-03  0.0000000E+00
  2.0799350E+02 -3.3213564E-03  5.6969657E-04  2.4431451E-03  1.6736419E-03  0.0000000E+00
  2.0799350E+02 -3.2363381E-03  5.6978181E-04  2.3535637E-03  1.6406678E-03  0.0000000E+00
  2.0799350E+02 -3.1199844E-03  6.0067825E-04  2.2362327E-03  1.6084204E-03  0.0000000E+00
  2.0799350E+02 -2.9805588E-03  6.4012826E-04  2.1056048E-03  1.5778322E-03  0.0000000E+00
  2.0799350E+02 -2.8408294E-03  6.7499712E-04  1.9824846E-03  1.5498465E-03  0.0000000E+00
  2.0799350E+02 -2.7277474E-03  7.2420431E-04  1.8787266E-03  1.5246092E-03  0.0000000E+00
  2.0799350E+02 -2.6219853E-03  7.8025198E-04  1.7750114E-03  1.5014041E-03  0.0000000E+00
  2.0799350E+02 -2.5435843E-03  7.9665408E-04  1.7023906E-03  1.4815007E-03  0.0000000E+00
  2.0799350E+02 -2.4821699E-03  7.6896228E-04  1.6705115E-03  1.4649155E-03  0.0000000E+00
  2.0799350E+02 -2.4266270E-03  7.1310669E-04  1.6732037E-03  1.4522959E-03  0.0000000E+00
  2.0799350E+02 -2.3679920E-03  6.5033357E-04  1.6954724E-03  1.4442505E-03  0.0000000E+00
  2.0799350E+02 -2.3015475E-03  5.9814386E-04  1.7195366E-03  1.4411832E-03  0.0000000E+00
  2.0799350E+02 -2.2269014E-03  5.6566411E-04  1.7290122E-03  1.4431356E-03  0.0000000E+00
  2.0799350E+02 -2.1469723E-03  5.5266672E-04  1.7117648E-03  1.4498034E-03  0.0000000E+00
  2.0799350E+02 -2.0670038E-03  5.5136211E-04  1.6617274E-03  1.4605697E-03  0.0000000E+00
  2.0799350E+02 -1.9918507E-03  5.4981505E-04  1.5792114E-03  1.4747142E-03  0.0000000E+00
  2.0799350E+02 -1.9247737E-03  5.3644018E-04  1.4703666E-03  1.4915236E-03  0.0000000E+00
  2.0799350E+02 -1.8659131E-03  5.0418552E-04  1.3453862E-03  1.5104549E-03  0.0000000E+00
  2.0799350E+02 -1.8122558E-03  4.5408493E-04  1.2169792E-03  1.5310554E-03  0.0000000E+00
  2.0799350E+02 -1.7578480E-03  3.9625214E-04  1.0958078E-03  1.5531147E-03  0.0000000E+00
  2.0799350E+02 -1.6966824E-03  3.4851882E-04  9.8747660E-04  1.5763443E-03  0.0000000E+00
  2.0799350E+02 -1.6269469E-03  3.3104363E-04  8.8768733E-04  1.6000787E-03  0.0000000E+00
  2.0799350E+02 -1.5615281E-03  3.3243020E-04  7.8511615E-04  1.6233503E-03  0.0000000E+00
  2.0799350E+02 -1.4982399E-03  3.5282728E-04  6.9653774E-04  1.6467293E-03  0.0000000E+00
  2.0799350E+02 -1.4341097E-03  3.8157200E-04  6.3206340E-04  1.6691458E-03  0.0000000E+00
  2.0799350E+02 -1.3746525E-03  3.8652771E-04  5.9452616E-04  1.6900832E-03  0.0000000E+00
  2.0799350E+02 -1.3208629E-03  3.6552452E-04  5.8002560E-04  1.7090797E-03  0.0000000E+00
  2.0799350E+02 -1.2719814E-03  3.3084895E-04  5.8104109E-04  1.7256907E-03  0.0000000E+00
  2.0799350E+02 -1.2264864E-03  2.9808002E-04  5.8872192E-04  1.7397439E-03  0.0000000E+00
  2.0799350E+02 -1.1833377E-03  2.7943149E-04  5.9483589E-04  1.7512212E-03  0.0000000E+00
  2.0799350E+02 -1.1421138E-03  2.8040476E-04  5.9296662E-04  1.7603024E-03  0.0000000E+00
  2.0799350E+02 -1.1032070E-03  2.9911832E-04  5.7926857E-04  1.7672801E-03  0.0000000E+00
  2.0799350E+02 -1.0670437E-03  3.2773881E-04  5.5269055E-04  1.7726153E-03  0.0000000E+00
  2.0799350E+02 -1.0339322E-03  3.5526610E-04  5.1473963E-04  1.7768246E-03  0.0000000E+00
  2.0799350E+02 -1.0035366E-03  3.7092460E-04  4.6875662E-04  1.7804579E-03  0.0000000E+00
  2.0799350E+02  7.2997583E-05  6.4573479E-06  1.0971997E-04 -3.0473513E-02  0.0000000E+00
  2.0799350E+02  4.2106479E-02 -2.5667658E-04  4.8784767E-02 -3.1188717E-02  0.0000000E+00
  2.0799350E+02  5.8720189E-02 -2.6499723E-03  4.7979372E-02 -3.1488065E-02  0.0000000E+00
  2.0799350E+02  5.9217998E-02 -4.0036828E-03  2.9262164E-02 -3.1932242E-02  0.0000000E+00
  2.0799350E+02  5.4482761E-02 -2.9336982E-03  1.0338172E-02 -3.2689210E-02  0.0000000E+00
  2.0799350E+02  4.9991909E-02  2.0320034E-03 -3.0533545E-03 -3.3603339E-02  0.0000000E+00
  2.0799350E+02  4.6579486E-02  9.3519812E-03 -9.9633151E-03 -3.4474337E-02  0.0000000E+00
  2.0799350E+02  4.3561070E-02  1.6042765E-02 -1.1419498E-02 -3.5147448E-02  0.0000000E+00
  2.0799350E+02  4.0163495E-02  2.0250286E-02 -9.3938469E-03 -3.5534449E-02  0.0000000E+00
  2.0799350E+02  3.5995815E-02  2.1506713E-02 -5.2523599E-03 -3.5605926E-02  0.0000000E+00
  2.0799350E+02  3.1263902E-02  2.0235855E-02 -6.0912056E-04 -3.5374015E-02  0.0000000E+00
  2.0799350E+02  2.6263769E-02  1.7254479E-02  3.5003748E-03 -3.4874066E-02  0.0000000E+00
  2.0799350E+02  2.1220321E-02  1.3287849E-02  6.8000715E-03 -3.4151195E-02  0.0000000E+00
  2.0799350E+02  1.6423287E-02  8.9753326E-03  9.3426250E-03 -3.3259895E-02  0.0000000E+00
  2.0799350E+02  1.2217762E-02  4.8875668E-03  1.1092401E-02 -3.2252432E-02  0.0000000E+00
  2.0799350E+02  8.8346181E-03  1.5483007E-03  1.2159945E-02 -3.1188769E-02  0.0000000E+00
  2.0799350E+02  6.2228770E-03 -1.5582776E-04  1.2575575E-02 -3.0110882E-02  0.0000000E+00
  2.0799350E+02  4.0272307E-03 -1.1504436E-03  1.2812427E-02 -2.9039239E-02  0.0000000E+00
  2.0799350E+02  2.2622211E-03 -1.8957640E-03  1.2895023E-02 -2.7982174E-02  0.0000000E+00
  2.0799350E+02  9.0229497E-04 -2.4200242E-03  1.2574345E-02 -2.6938370E-02  0.0000000E+00
  2.0799350E+02 -2.1883607E-04 -2.7085047E-03  1.1826542E-02 -2.5915802E-02  0.0000000E+00
  2.0799350E+02 -1.3178657E-03 -2.8585888E-03  1.0899011E-02 -2.4918282E-02  0.0000000E+00
  2.0799350E+02 -2.4618718E-03 -3.0498330E-03  1.0109580E-02 -2.3948927E-02  0.0000000E+00
  2.0799350E+02 -3.4389649E-03 -3.4228456E-03  9.5983844E-03 -2.3012660E-02  0.0000000E+00
  2.0799350E+02 -3.8675359E-03 -3.9439691E-03  9.2109945E-03 -2.2104974E-02  0.0000000E+00
  2.0799350E+02 -3.6547380E-03 -4.3303085E-03  8.7389156E-03 -2.1220254E-02  0.0000000E+00
  2.0799350E+02 -3.4203863E-03 -4.3320238E-03  8.3242331E-03 -2.0364238E-02  0.0000000E+00
  2.0799350E+02 -3.2279440E-03 -3.8866531E-03  8.0910776E-03 -1.9540100E-02  0.0000000E+00
  2.0799350E+02 -2.9254559E-03 -3.0277281E-03  7.9687742E-03 -1.8758814E-02  0.0000000E+00
  2.0799350E+02 -2.5460006E-03 -2.0130918E-03  7.9226238E-03 -1.8023570E-02  0.0000000E+00
  2.0799350E+02 -2.2168149E-03 -1.0892549E-03  7.9271799E-03 -1.7334138E-02  0.0000000E+00
  2.0799350E+02 -2.0462249E-03 -4.0387703E-04  7.9140909E-03 -1.6691034E-02  0.0000000E+00
  2.0799350E+02 -2.0706098E-03  2.8259086E-05  7.7818526E-03 -1.6087893E-02  0.0000000E+00
  2.0799350E+02 -2.2550446E-03  2.8835111E-04  7.4422258E-03 -1.5521607E-02  0.0000000E+00
  2.0799350E+02 -2.5215863E-03  5.0279034E-04  6.8737139E-03 -1.4985394E-02  0.0000000E+00
  2.0799350E+02 -2.7907517E-03  7.7376844E-04  6.1587875E-03 -1.4473077E-02  0.0000000E+00
  2.0799350E+02 -3.0148464E-03  1.1224108E-03  5.4848395E-03 -1.3982308E-02  0.0000000E+00
  2.0799350E+02 -3.1930826E-03  1.4670089E-03  5.0629129E-03 -1.3509681E-02  0.0000000E+00
  2.0799350E+02 -3.3407491E-03  1.6482338E-03  4.9654406E-03 -1.3054127E-02  0.0000000E+00
  2.0799350E+02 -3.4109802E-03  1.6640151E-03  4.9790011E-03 -1.2618015E-02  0.0000000E+00
  2.0799350E+02 -3.5282112E-03  1.5784812E-03  5.1079078E-03 -1.2197091E-02  0.0000000E+00
  2.0799350E+02 -3.6609159E-03  1.5274444E-03  5.1828356E-03 -1.1790582E-02  0.0000000E+00
  2.0799350E+02 -3.7569995E-03  1.5961539E-03  5.1377499E-03 -1.1397049E-02  0.0000000E+00
  2.0799350E+02 -3.8036143E-03  1.7465812E-03  4.9873446E-03 -1.1015942E-02  0.0000000E+00
  2.0799350E+02 -3.8078208E-03  1.9003082E-03  4.7784933E-03 -1.0648494E-02  0.0000000E+00
  2.0799350E+02 -3.7835676E-03  1.9914918E-03  4.5567696E-03 -1.0292513E-02  0.0000000E+00
  2.0799350E+02 -3.7431183E-03  1.9894227E-03  4.3529219E-03 -9.9476621E-03  0.0000000E+00
  2.0799350E+02 -3.6927953E-03  1.9034618E-03  4.1758272E-03 -9.6112185E-03  0.0000000E+00
  2.0799350E+02 -3.6324443E-03  1.7714237E-03  4.0176896E-03 -9.2805207E-03  0.0000000E+00
  2.0799350E+02 -3.5580346E-03  1.6425853E-03  3.8632482E-03 -8.9551728E-03  0.0000000E+00
  2.0799350E+02 -3.4651790E-03  1.5564016E-03  3.6978373E-03 -8.6338718E-03  0.0000000E+00
  2.0799350E+02 -3.3546967E-03  1.5286798E-03  3.5155857E-03 -8.3163628E-03  0.0000000E+00
  2.0799350E+02 -3.2391610E-03  1.5479019E-03  3.3220578E-03 -8.0048700E-03  0.0000000E+00
  2.0799350E+02 -3.1470380E-03  1.5891473E-03  3.1241778E-03 -7.6993645E-03  0.0000000E+00
  2.0799350E+02 -3.0962267E-03  1.5812740E-03  2.9350294E-03 -7.4016567E-03  0.0000000E+00
  2.0799350E+02 -3.0714472E-03  1.5743875E-03  2.7777644E-03 -7.1117458E-03  0.0000000E+00
  2.0799350E+02 -3.0669236E-03  1.5744338E-03  2.6052815E-03 -6.8291175E-03  0.0000000E+00
  2.0799350E+02 -3.0692563E-03  1.5383347E-03  2.4219006E-03 -6.5551170E-03  0.0000000E+00
  2.0799350E+02 -3.0718960E-03  1.4515729E-03  2.2552220E-03 -6.2890416E-03  0.0000000E+00
  2.0799350E+02 -3.0718391E-03  1.3192777E-03  2.1339960E-03 -6.0321405E-03  0.0000000E+00
  2.0799350E+02 -3.0674183E-03  1.1573966E-03  2.0726167E-03 -5.7842249E-03  0.0000000E+00
  2.0799350E+02 -3.0569571E-03  9.8656977E-04  2.0680087E-03 -5.5451179E-03  0.0000000E+00
  2.0799350E+02 -3.0383293E-03  8.2834512E-04  2.1014019E-03 -5.3157891E-03  0.0000000E+00
  2.0799350E+02 -3.0088534E-03  6.9947878E-04  2.1449866E-03 -5.0953090E-03  0.0000000E+00
  2.0799350E+02 -2.9660780E-03  6.1166938E-04  2.1704086E-03 -4.8840871E-03  0.0000000E+00
  2.0799350E+02 -2.9082178E-03  5.6854645E-04  2.1578760E-03 -4.6810406E-03  0.0000000E+00
  2.0799350E+02 -2.8350502E-03  5.6641813E-04  2.1019147E-03 -4.4848933E-03  0.0000000E+00
  2.0799350E+02 -2.7492148E-03  5.9453685E-04  2.0135934E-03 -4.2952991E-03  0.0000000E+00
  2.0799350E+02 -2.6559686E-03  6.3648475E-04  1.9146765E-03 -4.1109743E-03  0.0000000E+00
  2.0799350E+02 -2.5636738E-03  6.7234379E-04  1.8234897E-03 -3.9311725E-03  0.0000000E+00
  2.0799350E+02 -2.4794108E-03  6.9881055E-04  1.7333173E-03 -3.7562160E-03  0.0000000E+00
  2.0799350E+02 -2.3883480E-03  7.3695396E-04  1.6574171E-03 -3.5836542E-03  0.0000000E+00
  2.0799350E+02 -2.3112319E-03  7.3753430E-04  1.6157696E-03 -3.4143566E-03  0.0000000E+00
  2.0799350E+02 -2.2502266E-03  7.1125805E-04  1.6032973E-03 -3.2467545E-03  0.0000000E+00
  2.0799350E+02 -2.1960064E-03  6.7625967E-04  1.6047958E-03 -3.0800118E-03  0.0000000E+00
  2.0799350E+02 -2.1379543E-03  6.4888195E-04  1.6029567E-03 -2.9147538E-03  0.0000000E+00
  2.0799350E+02 -2.0690905E-03  6.3808178E-04  1.5835770E-03 -2.7508090E-03  0.0000000E+00
  2.0799350E+02 -1.9890748E-03  6.4415043E-04  1.5383942E-03 -2.5894106E-03  0.0000000E+00
  2.0799350E+02 -1.9028319E-03  6.5966466E-04  1.4655727E-03 -2.4309646E-03  0.0000000E+00
  2.0799350E+02 -1.8185709E-03  6.7261483E-04  1.3687775E-03 -2.2758126E-03  0.0000000E+00
  2.0799350E+02 -1.7450727E-03  6.7029416E-04  1.2561026E-03 -2.1249333E-03  0.0000000E+00
  2.0799350E+02 -1.6875218E-03  6.4366124E-04  1.1367308E-03 -1.9782036E-03  0.0000000E+00
  2.0799350E+02 -1.6456750E-03  5.9059969E-04  1.0191586E-03 -1.8352571E-03  0.0000000E+00
  2.0799350E+02 -1.6132786E-03  5.1835937E-04  9.1019489E-04 -1.6962802E-03  0.0000000E+00
  2.0799350E+02 -1.5794534E-03  4.4242489E-04  8.1288481E-04 -1.5603702E-03  0.0000000E+00
  2.0799350E+02 -1.5345959E-03  3.8376549E-04  7.2899416E-04 -1.4277704E-03  0.0000000E+00
  2.0799350E+02 -1.4796060E-03  3.6014784E-04  6.6076883E-04 -1.2984817E-03  0.0000000E+00
  2.0799350E+02 -1.4302315E-03  3.5816704E-04  6.0537686E-04 -1.1729673E-03  0.0000000E+00
  2.0799350E+02 -1.3771155E-03  3.6786334E-04  5.6319701E-04 -1.0516855E-03  0.0000000E+00
  2.0799350E+02 -1.3249761E-03  3.7439039E-04  5.4470052E-04 -9.3521644E-04  0.0000000E+00
  2.0799350E+02 -1.2751471E-03  3.5616489E-04  5.4081491E-04 -8.2436714E-04  0.0000000E+00
  2.0799350E+02 -1.2281375E-03  3.1676979E-04  5.4394468E-04 -7.1903354E-04  0.0000000E+00
  2.0799350E+02 -1.1839687E-03  2.7014258E-04  5.4797393E-04 -6.1892557E-04  0.0000000E+00
  2.0799350E+02 -1.1425112E-03  2.3130456E-04  5.4813000E-04 -5.2411724E-04  0.0000000E+00
  2.0799350E+02 -1.1031822E-03  2.1030056E-04  5.4104529E-04 -4.3402250E-04  0.0000000E+00
  2.0799350E+02 -1.0653927E-03  2.1038401E-04  5.2470433E-04 -3.4802232E-04  0.0000000E+00
  2.0799350E+02 -1.0289154E-03  2.2820817E-04  4.9858797E-04 -2.6593330E-04  0.0000000E+00
  2.0799350E+02 -9.9355147E-04  2.5590803E-04  4.6336417E-04 -1.8697834E-04  0.0000000E+00
  2.0799350E+02 -9.5971572E-04  2.8381962E-04  4.2108561E-04 -1.1099539E-04  0.0000000E+00
  2.0799350E+02 -9.2793611E-04  3.0376156E-04  3.7446400E-04 -3.7440055E-05  0.0000000E+00
  2.0799350E+02  0.0000000E+00  0.0000000E+00  0.0000000E+00 -8.3581782E-02  0.0000000E+00
  2.0799350E+02  2.9405592E-03 -4.2938561E-04  1.4508049E-02 -8.3003663E-02  0.0000000E+00
  2.0799350E+02  2.3510820E-03  7.2610196E-04  1.2821952E-02 -8.1704903E-02  0.0000000E+00
  2.0799350E+02  4.5260835E-03  2.4815585E-03  5.8666078E-03 -7.9828413E-02  0.0000000E+00
  2.0799350E+02  6.4232845E-03  4.7536103E-03 -3.0805874E-03 -7.7842097E-02  0.0000000E+00
  2.0799350E+02  7.0742956E-03  9.1344898E-03 -1.0857387E-02 -7.5985779E-02  0.0000000E+00
  2.0799350E+02  7.3105252E-03  1.5201961E-02 -1.5399596E-02 -7.4284302E-02  0.0000000E+00
  2.0799350E+02  7.5165973E-03  2.0945736E-02 -1.6223535E-02 -7.2672163E-02  0.0000000E+00
  2.0799350E+02  7.5748006E-03  2.4899700E-02 -1.4297621E-02 -7.1069339E-02  0.0000000E+00
  2.0799350E+02  7.2631489E-03  2.6650782E-02 -1.1123606E-02 -6.9415805E-02  0.0000000E+00
  2.0799350E+02  6.5715687E-03  2.6987814E-02 -7.9775448E-03 -6.7671572E-02  0.0000000E+00
  2.0799350E+02  5.6174796E-03  2.6814169E-02 -5.5484785E-03 -6.5821830E-02  0.0000000E+00
  2.0799350E+02  4.5351295E-03  2.6522005E-02 -3.7768673E-03 -6.3879564E-02  0.0000000E+00
  2.0799350E+02  3.4013237E-03  2.5711042E-02 -2.0408146E-03 -6.1879761E-02  0.0000000E+00
  2.0799350E+02  2.2269363E-03  2.3539537E-02  2.5792506E-04 -5.9863880E-02  0.0000000E+00
  2.0799350E+02  1.0228688E-03  2.0100698E-02  2.9427254E-03 -5.7856695E-02  0.0000000E+00
  2.0799350E+02 -1.7588147E-05  1.6016516E-02  5.7562345E-03 -5.5869833E-02  0.0000000E+00
  2.0799350E+02 -1.0969447E-03  1.2289814E-02  7.8645590E-03 -5.3910321E-02  0.0000000E+00
  2.0799350E+02 -2.2751123E-03  9.3712577E-03  9.0847200E-03 -5.1988108E-02  0.0000000E+00
  2.0799350E+02 -3.4549915E-03  7.1558262E-03  9.5327483E-03 -5.0111990E-02  0.0000000E+00
  2.0799350E+02 -4.5182804E-03  5.4791634E-03  9.3748992E-03 -4.8287736E-02  0.0000000E+00
  2.0799350E+02 -5.3846864E-03  4.2916477E-03  8.7696130E-03 -4.6518258E-02  0.0000000E+00
  2.0799350E+02 -6.0219451E-03  3.6211743E-03  7.9032749E-03 -4.4804743E-02  0.0000000E+00
  2.0799350E+02 -6.4340475E-03  3.4356525E-03  7.0228264E-03 -4.3147687E-02  0.0000000E+00
  2.0799350E+02 -6.6550798E-03  3.5162164E-03  6.3682806E-03 -4.1546751E-02  0.0000000E+00
  2.0799350E+02 -6.7760781E-03  3.4521505E-03  5.9081950E-03 -3.9998389E-02  0.0000000E+00
  2.0799350E+02 -6.8303014E-03  3.5075855E-03  5.4813607E-03 -3.8498578E-02  0.0000000E+00
  2.0799350E+02 -6.9873317E-03  2.7702502E-03  5.3540556E-03 -3.7047884E-02  0.0000000E+00
  2.0799350E+02 -6.9185360E-03  1.7885326E-03  5.4097117E-03 -3.5641726E-02  0.0000000E+00
  2.0799350E+02 -6.5712067E-03  1.1690897E-03  5.5787295E-03 -3.4286643E-02  0.0000000E+00
  2.0799350E+02 -6.0974841E-03  1.0617951E-03  5.7730594E-03 -3.2991324E-02  0.0000000E+00
  2.0799350E+02 -5.6669130E-03  1.3524258E-03  5.9208937E-03 -3.1761341E-02  0.0000000E+00
  2.0799350E+02 -5.3744286E-03  1.8215628E-03  5.9822599E-03 -3.0597163E-02  0.0000000E+00
  2.0799350E+02 -5.2202264E-03  2.2646058E-03  5.9501744E-03 -2.9494574E-02  0.0000000E+00
  2.0799350E+02 -5.1379714E-03  2.5678010E-03  5.8420130E-03 -2.8446556E-02  0.0000000E+00
  2.0799350E+02 -5.0478034E-03  2.7351809E-03  5.6857601E-03 -2.7445750E-02  0.0000000E+00
  2.0799350E+02 -4.9105919E-03  2.8613169E-03  5.5057922E-03 -2.6486583E-02  0.0000000E+00
  2.0799350E+02 -4.7598980E-03  3.0447819E-03  5.3128567E-03 -2.5566139E-02  0.0000000E+00
  2.0799350E+02 -4.6880977E-03  3.2372241E-03  5.1029030E-03 -2.4682896E-02  0.0000000E+00
  2.0799350E+02 -4.6503907E-03  3.2241908E-03  4.8986500E-03 -2.3835266E-02  0.0000000E+00
  2.0799350E+02 -4.6209049E-03  3.1154731E-03  4.7053206E-03 -2.3019071E-02  0.0000000E+00
  2.0799350E+02 -4.6488411E-03  2.9870059E-03  4.5343668E-03 -2.2231609E-02  0.0000000E+00
  2.0799350E+02 -4.6789968E-03  2.9114425E-03  4.3960551E-03 -2.1472483E-02  0.0000000E+00
  2.0799350E+02 -4.6757923E-03  2.9052811E-03  4.2811591E-03 -2.0740928E-02  0.0000000E+00
  2.0799350E+02 -4.6248185E-03  2.9464034E-03  4.1766462E-03 -2.0035817E-02  0.0000000E+00
  2.0799350E+02 -4.5299418E-03  2.9922066E-03  4.0733202E-03 -1.9355635E-02  0.0000000E+00
  2.0799350E+02 -4.4074122E-03  2.9968488E-03  3.9675236E-03 -1.8698466E-02  0.0000000E+00
  2.0799350E+02 -4.2784249E-03  2.9261277E-03  3.8590059E-03 -1.8062030E-02  0.0000000E+00
  2.0799350E+02 -4.1615818E-03  2.7685138E-03  3.7470628E-03 -1.7443791E-02  0.0000000E+00
  2.0799350E+02 -4.0667013E-03  2.5408576E-03  3.6270523E-03 -1.6841196E-02  0.0000000E+00
  2.0799350E+02 -3.9914252E-03  2.2872916E-03  3.4893920E-03 -1.6252055E-02  0.0000000E+00
  2.0799350E+02 -3.9220705E-03  2.0698469E-03  3.3231437E-03 -1.5675119E-02  0.0000000E+00
  2.0799350E+02 -3.8401734E-03  1.9493047E-03  3.1262912E-03 -1.5110884E-02  0.0000000E+00
  2.0799350E+02 -3.7361751E-03  1.9548036E-03  2.9248153E-03 -1.4562647E-02  0.0000000E+00
  2.0799350E+02 -3.6389502E-03  1.9746805E-03  2.7226245E-03 -1.4031412E-02  0.0000000E+00
  2.0799350E+02 -3.5280826E-03  1.9986036E-03  2.5256093E-03 -1.3517721E-02  0.0000000E+00
  2.0799350E+02 -3.4350972E-03  2.0122155E-03  2.3502992E-03 -1.3022490E-02  0.0000000E+00
  2.0799350E+02 -3.3820713E-03  1.9706407E-03  2.1869567E-03 -1.2543873E-02  0.0000000E+00
  2.0799350E+02 -3.3642769E-03  1.8686194E-03  2.0439930E-03 -1.2081279E-02  0.0000000E+00
  2.0799350E+02 -3.3653123E-03  1.7200980E-03  1.9346019E-03 -1.1634587E-02  0.0000000E+00
  2.0799350E+02 -3.3670450E-03  1.5451210E-03  1.8683556E-03 -1.1203673E-02  0.0000000E+00
  2.0799350E+02 -3.3552818E-03  1.3625734E-03  1.8469519E-03 -1.0788178E-02  0.0000000E+00
  2.0799350E+02 -3.3220807E-03  1.1873207E-03  1.8633018E-03 -1.0387468E-02  0.0000000E+00
  2.0799350E+02 -3.2656188E-03  1.0302973E-03  1.9031479E-03 -1.0000716E-02  0.0000000E+00
  2.0799350E+02 -3.1885298E-03  9.0008878E-04  1.9484022E-03 -9.6270372E-03  0.0000000E+00
  2.0799350E+02 -3.0956276E-03  8.0455945E-04  1.9813941E-03 -9.2656256E-03  0.0000000E+00
  2.0799350E+02 -2.9919286E-03  7.5107175E-04  1.9892169E-03 -8.9158236E-03  0.0000000E+00
  2.0799350E+02 -2.8818885E-03  7.4384671E-04  1.9673631E-03 -8.5770605E-03  0.0000000E+00
  2.0799350E+02 -2.7707668E-03  7.7701385E-04  1.9218382E-03 -8.2486004E-03  0.0000000E+00
  2.0799350E+02 -2.6690351E-03  8.2189894E-04  1.8689415E-03 -7.9290347E-03  0.0000000E+00
  2.0799350E+02 -2.5951840E-03  8.0989551E-04  1.8129502E-03 -7.6168257E-03  0.0000000E+00
  2.0799350E+02 -2.5160817E-03  7.8395967E-04  1.7193353E-03 -7.3121870E-03  0.0000000E+00
  2.0799350E+02 -2.4332748E-03  7.7371230E-04  1.6396475E-03 -7.0128413E-03  0.0000000E+00
  2.0799350E+02 -2.3520502E-03  7.6752775E-04  1.5765537E-03 -6.7192725E-03  0.0000000E+00
  2.0799350E+02 -2.2703058E-03  7.6509831E-04  1.5236666E-03 -6.4315192E-03  0.0000000E+00
  2.0799350E+02 -2.1847548E-03  7.6925578E-04  1.4714772E-03 -6.1496115E-03  0.0000000E+00
  2.0799350E+02 -2.0942793E-03  7.8118635E-04  1.4113064E-03 -5.8737840E-03  0.0000000E+00
  2.0799350E+02 -2.0010288E-03  7.9839700E-04  1.3375812E-03 -5.6045136E-03  0.0000000E+00
  2.0799350E+02 -1.9098570E-03  8.1479193E-04  1.2487404E-03 -5.3424327E-03  0.0000000E+00
  2.0799350E+02 -1.8268319E-03  8.2221696E-04  1.1472690E-03 -5.0886220E-03  0.0000000E+00
  2.0799350E+02 -1.7565463E-03  8.1286841E-04  1.0380119E-03 -4.8425929E-03  0.0000000E+00
  2.0799350E+02 -1.7010593E-03  7.8174380E-04  9.2792246E-04 -4.6048964E-03  0.0000000E+00
  2.0799350E+02 -1.6580010E-03  7.2883111E-04  8.2381324E-04 -4.3751761E-03  0.0000000E+00
  2.0799350E+02 -1.6207782E-03  6.6008858E-04  7.3115815E-04 -4.1526758E-03  0.0000000E+00
  2.0799350E+02 -1.5805256E-03  5.8670973E-04  6.5317915E-04 -3.9364533E-03  0.0000000E+00
  2.0799350E+02 -1.5305558E-03  5.2200806E-04  5.9069691E-04 -3.7258195E-03  0.0000000E+00
  2.0799350E+02 -1.4739047E-03  4.7527952E-04  5.4305036E-04 -3.5210519E-03  0.0000000E+00
  2.0799350E+02 -1.4222060E-03  4.3522732E-04  5.0948882E-04 -3.3224914E-03  0.0000000E+00
  2.0799350E+02 -1.3695980E-03  4.1547950E-04  4.9341250E-04 -3.1292261E-03  0.0000000E+00
  2.0799350E+02 -1.3232429E-03  4.0067588E-04  4.9414746E-04 -2.9436333E-03  0.0000000E+00
  2.0799350E+02 -1.2798239E-03  3.6954479E-04  5.0508872E-04 -2.7657259E-03  0.0000000E+00
  2.0799350E+02 -1.2372120E-03  3.2226962E-04  5.1889122E-04 -2.5954221E-03  0.0000000E+00
  2.0799350E+02 -1.1942103E-03  2.6911531E-04  5.2903245E-04 -2.4324728E-03  0.0000000E+00
  2.0799350E+02 -1.1503678E-03  2.2253973E-04  5.3072091E-04 -2.2764512E-03  0.0000000E+00
  2.0799350E+02 -1.1058411E-03  1.9228206E-04  5.2126856E-04 -2.1267872E-03  0.0000000E+00
  2.0799350E+02 -1.0612801E-03  1.8291986E-04  5.0004540E-04 -1.9828325E-03  0.0000000E+00
  2.0799350E+02 -1.0177172E-03  1.9338699E-04  4.6813448E-04 -1.8439388E-03  0.0000000E+00
  2.0799350E+02 -9.7643539E-04  2.1794423E-04  4.2780546E-04 -1.7095358E-03  0.0000000E+00
  2.0799350E+02 -9.3879584E-04  2.4809451E-04  3.8192486E-04 -1.5791903E-03  0.0000000E+00
  2.0799350E+02 -9.0599967E-04  2.7493477E-04  3.3342135E-04 -1.4526334E-03  0.0000000E+00
