          atime         tdf_uu         tdf_vv         tdf_ww         pm1avg           tavg
  2.0799350E+02 -6.8842005E-06 -3.3840332E-07  1.7903284E-07 -5.1768939E-02  0.0000000E+00
  2.0799350E+02  3.0750504E-03  8.5839053E-05 -2.6676991E-04 -5.1810476E-02  0.0000000E+00
  2.0799350E+02  1.2813072E-02  6.3282626E-04 -5.0312290E-04 -5.1832752E-02  0.0000000E+00
  2.0799350E+02 -2.5670647E-03  1.8580123E-03 -1.4320378E-03 -5.1839544E-02  0.0000000E+00
  2.0799350E+02 -2.8840008E-02  3.3842060E-03 -4.0685056E-03 -5.1809062E-02  0.0000000E+00
  2.0799350E+02 -2.8603658E-02  4.5576254E-03 -7.9655486E-03 -5.1753684E-02  0.0000000E+00
  2.0799350E+02 -1.3282778E-02  4.7576932E-03 -8.8634521E-03 -5.1705599E-02  0.0000000E+00
  2.0799350E+02  1.2458751E-03  2.5671866E-03 -7.1024168E-03 -5.1690854E-02  0.0000000E+00
  2.0799350E+02  8.1156756E-03 -2.1366074E-03 -4.0336755E-03 -5.1704730E-02  0.0000000E+00
  2.0799350E+02  9.0688165E-03 -8.0217400E-03 -8.0407975E-04 -5.1713309E-02  0.0000000E+00
  2.0799350E+02  7.4945408E-03 -1.3501865E-02  1.4681880E-03 -5.1676756E-02  0.0000000E+00
  2.0799350E+02  4.7464239E-03 -1.7372694E-02  2.1456996E-03 -5.1554776E-02  0.0000000E+00
  2.0799350E+02  7.9542695E-04 -1.9053200E-02  1.5807773E-03 -5.1314032E-02  0.0000000E+00
  2.0799350E+02 -4.0042178E-03 -1.8849708E-02  7.0381300E-04 -5.0939513E-02  0.0000000E+00
  2.0799350E+02 -8.4511012E-03 -1.7800281E-02 -7.0681709E-06 -5.0430306E-02  0.0000000E+00
  2.0799350E+02 -1.1812143E-02 -1.6494513E-02 -1.3639432E-03 -4.9795416E-02  0.0000000E+00
  2.0799350E+02 -1.4687687E-02 -1.5146356E-02 -2.3528159E-03 -4.9052061E-02  0.0000000E+00
  2.0799350E+02 -1.6474733E-02 -1.3217861E-02 -3.2680416E-03 -4.8221614E-02  0.0000000E+00
  2.0799350E+02 -1.6759716E-02 -1.0490165E-02 -4.1175319E-03 -4.7328864E-02  0.0000000E+00
  2.0799350E+02 -1.6334740E-02 -7.3434006E-03 -4.6346376E-03 -4.6384967E-02  0.0000000E+00
  2.0799350E+02 -1.5962503E-02 -4.3292174E-03 -4.6880084E-03 -4.5405385E-02  0.0000000E+00
  2.0799350E+02 -1.5836177E-02 -1.8421166E-03 -4.3770078E-03 -4.4398823E-02  0.0000000E+00
  2.0799350E+02 -1.5577149E-02 -1.4864668E-05 -3.9120531E-03 -4.3370604E-02  0.0000000E+00
  2.0799350E+02 -1.4612843E-02  1.2413486E-03 -3.4327393E-03 -4.2327541E-02  0.0000000E+00
  2.0799350E+02 -1.2783069E-02  2.0699198E-03 -2.8719368E-03 -4.1269159E-02  0.0000000E+00
  2.0799350E+02 -1.1025268E-02  2.3220997E-03 -2.0123252E-03 -4.0201255E-02  0.0000000E+00
  2.0799350E+02 -8.3857546E-03  2.1458819E-03 -9.7139548E-04 -3.9133389E-02  0.0000000E+00
  2.0799350E+02 -5.9430815E-03  1.5001210E-03 -5.1946030E-04 -3.8073019E-02  0.0000000E+00
  2.0799350E+02 -4.7855082E-03  1.0145599E-03 -3.4490923E-05 -3.7025380E-02  0.0000000E+00
  2.0799350E+02 -4.1190529E-03  1.1177996E-03  5.6587717E-04 -3.5986310E-02  0.0000000E+00
  2.0799350E+02 -3.3366611E-03  1.7578856E-03  1.0989788E-03 -3.4955008E-02  0.0000000E+00
  2.0799350E+02 -2.1709271E-03  2.6482093E-03  1.4260157E-03 -3.3937170E-02  0.0000000E+00
  2.0799350E+02 -6.6356792E-04  3.4625394E-03  1.5593747E-03 -3.2931404E-02  0.0000000E+00
  2.0799350E+02  9.4412887E-04  3.9487138E-03  1.6169930E-03 -3.1944134E-02  0.0000000E+00
  2.0799350E+02  2.3939691E-03  4.0036969E-03  1.7107750E-03 -3.0977458E-02  0.0000000E+00
  2.0799350E+02  3.5384915E-03  3.6762821E-03  1.8278047E-03 -3.0034851E-02  0.0000000E+00
  2.0799350E+02  4.3776260E-03  3.1314655E-03  1.7763498E-03 -2.9125082E-02  0.0000000E+00
  2.0799350E+02  4.9510198E-03  2.5592620E-03  1.2678045E-03 -2.8249235E-02  0.0000000E+00
  2.0799350E+02  4.9799698E-03  2.0458667E-03  1.9556767E-04 -2.7400717E-02  0.0000000E+00
  2.0799350E+02  4.4466529E-03  1.6697075E-03 -5.7184994E-04 -2.6578645E-02  0.0000000E+00
  2.0799350E+02  3.4770671E-03  1.6887408E-03 -7.8586458E-04 -2.5777846E-02  0.0000000E+00
  2.0799350E+02  2.5611065E-03  1.6982004E-03 -8.7429393E-04 -2.4996998E-02  0.0000000E+00
  2.0799350E+02  2.1942096E-03  1.5302138E-03 -8.6910421E-04 -2.4238723E-02  0.0000000E+00
  2.0799350E+02  2.2445211E-03  1.1641476E-03 -7.9089696E-04 -2.3502439E-02  0.0000000E+00
  2.0799350E+02  2.3783064E-03  6.6280875E-04 -6.6024452E-04 -2.2790135E-02  0.0000000E+00
  2.0799350E+02  2.3143275E-03  1.1833205E-04 -5.0046635E-04 -2.2098245E-02  0.0000000E+00
  2.0799350E+02  1.9380068E-03 -3.7503616E-04 -3.3864830E-04 -2.1428244E-02  0.0000000E+00
  2.0799350E+02  1.3097023E-03 -7.4795748E-04 -1.9999806E-04 -2.0777739E-02  0.0000000E+00
  2.0799350E+02  6.0249304E-04 -9.6171645E-04 -1.0351070E-04 -2.0144029E-02  0.0000000E+00
  2.0799350E+02  1.2491182E-05 -1.0089280E-03 -5.6875386E-05 -1.9527093E-02  0.0000000E+00
  2.0799350E+02 -3.4382881E-04 -9.1051314E-04 -5.1431185E-05 -1.8922789E-02  0.0000000E+00
  2.0799350E+02 -4.8310995E-04 -7.0404242E-04 -6.1963387E-05 -1.8326928E-02  0.0000000E+00
  2.0799350E+02 -5.4392564E-04 -4.3490044E-04 -4.9823942E-05 -1.7739732E-02  0.0000000E+00
  2.0799350E+02 -6.7027916E-04 -1.4291232E-04  2.7596208E-05 -1.7160781E-02  0.0000000E+00
  2.0799350E+02 -7.3152717E-04  5.9155460E-05  1.4575739E-04 -1.6592342E-02  0.0000000E+00
  2.0799350E+02 -6.2733544E-04  1.7929263E-04  4.1983358E-04 -1.6033649E-02  0.0000000E+00
  2.0799350E+02 -4.8615243E-04  2.2907383E-04  6.5020755E-04 -1.5488873E-02  0.0000000E+00
  2.0799350E+02 -3.7294199E-04  2.2775560E-04  7.1039996E-04 -1.4960795E-02  0.0000000E+00
  2.0799350E+02 -3.1059730E-04  2.3357025E-04  6.1207604E-04 -1.4448522E-02  0.0000000E+00
  2.0799350E+02 -2.8368582E-04  2.9401954E-04  4.2485177E-04 -1.3954389E-02  0.0000000E+00
  2.0799350E+02 -2.5014889E-04  4.2364951E-04  2.2435384E-04 -1.3477196E-02  0.0000000E+00
  2.0799350E+02 -1.6010109E-04  6.0254412E-04  6.4300687E-05 -1.3015156E-02  0.0000000E+00
  2.0799350E+02  2.3464542E-05  7.8684620E-04 -3.2703642E-05 -1.2568524E-02  0.0000000E+00
  2.0799350E+02  3.0872423E-04  9.3039726E-04 -7.4070819E-05 -1.2134223E-02  0.0000000E+00
  2.0799350E+02  6.6193131E-04  1.0028945E-03 -8.4615907E-05 -1.1712648E-02  0.0000000E+00
  2.0799350E+02  1.0116713E-03  1.0067097E-03 -9.2829436E-05 -1.1302395E-02  0.0000000E+00
  2.0799350E+02  1.2639562E-03  9.7860897E-04 -1.1776988E-04 -1.0902713E-02  0.0000000E+00
  2.0799350E+02  1.3376942E-03  9.7493235E-04 -1.6265927E-04 -1.0515254E-02  0.0000000E+00
  2.0799350E+02  1.2286676E-03  1.0308539E-03 -2.2028044E-04 -1.0139014E-02  0.0000000E+00
  2.0799350E+02  1.0968894E-03  1.0891142E-03 -2.9448928E-04 -9.7712642E-03  0.0000000E+00
  2.0799350E+02  1.2920393E-03  9.7457930E-04 -3.9369212E-04 -9.4110534E-03  0.0000000E+00
  2.0799350E+02  1.3541612E-03  1.0003763E-03 -3.0066644E-04 -9.0619972E-03  0.0000000E+00
  2.0799350E+02  1.2741485E-03  1.0801001E-03 -1.6654227E-04 -8.7199815E-03  0.0000000E+00
  2.0799350E+02  1.1592968E-03  1.1311484E-03 -7.0715540E-05 -8.3848788E-03  0.0000000E+00
  2.0799350E+02  1.0604358E-03  1.1267408E-03 -1.6465580E-05 -8.0557821E-03  0.0000000E+00
  2.0799350E+02  9.9812316E-04  1.0699728E-03  2.2869082E-05 -7.7333888E-03  0.0000000E+00
  2.0799350E+02  9.7795530E-04  9.7614413E-04  7.5547044E-05 -7.4162857E-03  0.0000000E+00
  2.0799350E+02  1.0007153E-03  8.6305689E-04  1.5555823E-04 -7.1057605E-03  0.0000000E+00
  2.0799350E+02  1.0657450E-03  7.4511718E-04  2.5911806E-04 -6.8017851E-03  0.0000000E+00
  2.0799350E+02  1.1713480E-03  6.3282458E-04  3.6819302E-04 -6.5046502E-03  0.0000000E+00
  2.0799350E+02  1.3116478E-03  5.3481146E-04  4.5816342E-04 -6.2163099E-03  0.0000000E+00
  2.0799350E+02  1.4749742E-03  4.5878095E-04  5.0915379E-04 -5.9369508E-03  0.0000000E+00
  2.0799350E+02  1.6418124E-03  4.1368209E-04  5.1389247E-04 -5.6664618E-03  0.0000000E+00
  2.0799350E+02  1.7848577E-03  4.0881098E-04  4.8227408E-04 -5.4056889E-03  0.0000000E+00
  2.0799350E+02  1.8765289E-03  4.4853430E-04  4.3811997E-04 -5.1530684E-03  0.0000000E+00
  2.0799350E+02  1.8987795E-03  5.2194703E-04  4.0566976E-04 -4.9085502E-03  0.0000000E+00
  2.0799350E+02  1.8637776E-03  5.8580947E-04  3.8174129E-04 -4.6707719E-03  0.0000000E+00
  2.0799350E+02  1.7787625E-03  6.1476706E-04  3.5944823E-04 -4.4392335E-03  0.0000000E+00
  2.0799350E+02  1.5186928E-03  6.6156890E-04  4.0857137E-04 -4.2141158E-03  0.0000000E+00
  2.0799350E+02  1.2744929E-03  6.8293612E-04  4.6421549E-04 -3.9949426E-03  0.0000000E+00
  2.0799350E+02  1.1271780E-03  7.0604791E-04  5.2161279E-04 -3.7835312E-03  0.0000000E+00
  2.0799350E+02  1.0763926E-03  7.3644535E-04  5.7414584E-04 -3.5801251E-03  0.0000000E+00
  2.0799350E+02  1.0902763E-03  7.6876464E-04  6.1510476E-04 -3.3845907E-03  0.0000000E+00
  2.0799350E+02  1.1345409E-03  7.9406647E-04  6.3920126E-04 -3.1974324E-03  0.0000000E+00
  2.0799350E+02  1.1879039E-03  8.0494965E-04  6.4425019E-04 -3.0177691E-03  0.0000000E+00
  2.0799350E+02  1.2460178E-03  7.9771285E-04  6.3149828E-04 -2.8445645E-03  0.0000000E+00
  2.0799350E+02  1.3169507E-03  7.7312784E-04  6.0593629E-04 -2.6776344E-03  0.0000000E+00
  2.0799350E+02  1.4132482E-03  7.3557962E-04  5.7552940E-04 -2.5156268E-03  0.0000000E+00
  2.0799350E+02  1.5407273E-03  6.9183064E-04  5.5022067E-04 -2.3585385E-03  0.0000000E+00
  2.0799350E+02  1.6915330E-03  6.4869369E-04  5.3948014E-04 -2.2057215E-03  0.0000000E+00
  2.0799350E+02 -3.9834859E-07  6.3346728E-08  5.7812767E-08 -2.1404089E-02  0.0000000E+00
  2.0799350E+02  1.9849887E-04  3.7729525E-05  8.9702577E-05 -2.1611591E-02  0.0000000E+00
  2.0799350E+02  1.1285618E-03  1.5034174E-04  1.2926355E-04 -2.1834745E-02  0.0000000E+00
  2.0799350E+02  5.0213286E-03  3.7624280E-04  4.0173400E-04 -2.2112740E-02  0.0000000E+00
  2.0799350E+02  6.9584811E-03  4.2181641E-04  4.0748780E-04 -2.2422798E-02  0.0000000E+00
  2.0799350E+02 -3.9564685E-03  5.1943474E-04  9.2662403E-05 -2.2729033E-02  0.0000000E+00
  2.0799350E+02 -2.5888739E-02  1.4232081E-03 -9.8694247E-04 -2.3022453E-02  0.0000000E+00
  2.0799350E+02 -4.0129407E-02  2.4992319E-03 -2.7873822E-03 -2.3324628E-02  0.0000000E+00
  2.0799350E+02 -2.9951977E-02  2.9342238E-03 -3.9603076E-03 -2.3661799E-02  0.0000000E+00
  2.0799350E+02 -1.1360527E-02  3.4645716E-03 -4.2859795E-03 -2.4079126E-02  0.0000000E+00
  2.0799350E+02  6.0966059E-03  3.0202926E-03 -3.7749479E-03 -2.4583760E-02  0.0000000E+00
  2.0799350E+02  1.7288968E-02  1.2989552E-03 -2.4033520E-03 -2.5165339E-02  0.0000000E+00
  2.0799350E+02  2.0634294E-02 -1.0780142E-03 -6.1955783E-04 -2.5805059E-02  0.0000000E+00
  2.0799350E+02  1.8907544E-02 -3.9259618E-03  5.1245055E-04 -2.6465556E-02  0.0000000E+00
  2.0799350E+02  1.6464533E-02 -7.6119086E-03  1.2907285E-04 -2.7095307E-02  0.0000000E+00
  2.0799350E+02  1.1588183E-02 -1.0772804E-02  1.1779553E-05 -2.7677602E-02  0.0000000E+00
  2.0799350E+02  7.3443817E-03 -1.3174090E-02 -8.0218643E-04 -2.8182152E-02  0.0000000E+00
  2.0799350E+02  3.3036422E-03 -1.4102600E-02 -1.5497462E-03 -2.8600846E-02  0.0000000E+00
  2.0799350E+02 -1.0818043E-04 -1.3983727E-02 -1.7566576E-03 -2.8919326E-02  0.0000000E+00
  2.0799350E+02 -2.7621076E-03 -1.3264781E-02 -1.9934763E-03 -2.9134591E-02  0.0000000E+00
  2.0799350E+02 -5.0152287E-03 -1.2147919E-02 -2.6350894E-03 -2.9246864E-02  0.0000000E+00
  2.0799350E+02 -7.3491259E-03 -1.0643013E-02 -3.5088733E-03 -2.9259640E-02  0.0000000E+00
  2.0799350E+02 -9.8485991E-03 -8.7558064E-03 -4.1052276E-03 -2.9180511E-02  0.0000000E+00
  2.0799350E+02 -1.1931602E-02 -6.6688395E-03 -4.0340740E-03 -2.9022257E-02  0.0000000E+00
  2.0799350E+02 -1.2831878E-02 -4.6958815E-03 -3.4281161E-03 -2.8799244E-02  0.0000000E+00
  2.0799350E+02 -1.3172443E-02 -2.9105579E-03 -2.9537209E-03 -2.8519545E-02  0.0000000E+00
  2.0799350E+02 -1.2401058E-02 -1.8461946E-03 -2.9497776E-03 -2.8190969E-02  0.0000000E+00
  2.0799350E+02 -1.0999106E-02 -1.0265721E-03 -3.0556839E-03 -2.7824946E-02  0.0000000E+00
  2.0799350E+02 -1.0633647E-02 -4.1105456E-04 -2.9762895E-03 -2.7422907E-02  0.0000000E+00
  2.0799350E+02 -1.0345345E-02 -7.3875140E-05 -2.6155346E-03 -2.6990075E-02  0.0000000E+00
  2.0799350E+02 -9.3795033E-03  1.7952748E-04 -2.0615374E-03 -2.6529276E-02  0.0000000E+00
  2.0799350E+02 -7.5930233E-03  5.2792497E-04 -1.4815930E-03 -2.6045363E-02  0.0000000E+00
  2.0799350E+02 -5.4020938E-03  1.0231304E-03 -1.0234735E-03 -2.5540867E-02  0.0000000E+00
  2.0799350E+02 -3.4761237E-03  1.5931397E-03 -7.5422882E-04 -2.5019247E-02  0.0000000E+00
  2.0799350E+02 -2.3308314E-03  2.1130957E-03 -6.3182244E-04 -2.4483920E-02  0.0000000E+00
  2.0799350E+02 -1.9992349E-03  2.4904407E-03 -5.2514073E-04 -2.3937043E-02  0.0000000E+00
  2.0799350E+02 -1.9524580E-03  2.7095850E-03 -2.9309981E-04 -2.3383261E-02  0.0000000E+00
  2.0799350E+02 -1.4410168E-03  2.7933026E-03  6.9161264E-05 -2.2824158E-02  0.0000000E+00
  2.0799350E+02 -4.3602840E-04  2.6157606E-03  2.0439296E-04 -2.2262820E-02  0.0000000E+00
  2.0799350E+02  3.8574766E-04  2.2253531E-03  4.2930443E-04 -2.1703507E-02  0.0000000E+00
  2.0799350E+02  9.0979914E-04  2.1005883E-03  7.5781632E-04 -2.1151864E-02  0.0000000E+00
  2.0799350E+02  1.1579822E-03  1.8058627E-03  5.8047157E-04 -2.0610184E-02  0.0000000E+00
  2.0799350E+02  1.4958256E-03  1.4085216E-03  2.3574807E-04 -2.0079065E-02  0.0000000E+00
  2.0799350E+02  1.8561775E-03  1.0427690E-03 -9.3345524E-05 -1.9556344E-02  0.0000000E+00
  2.0799350E+02  2.0652535E-03  8.1269209E-04 -3.1200109E-04 -1.9042339E-02  0.0000000E+00
  2.0799350E+02  2.0252983E-03  7.4379389E-04 -3.8100268E-04 -1.8535244E-02  0.0000000E+00
  2.0799350E+02  1.7725142E-03  7.8392546E-04 -2.9813467E-04 -1.8035125E-02  0.0000000E+00
  2.0799350E+02  1.4536500E-03  8.3008517E-04 -9.4217423E-05 -1.7542030E-02  0.0000000E+00
  2.0799350E+02  1.2534779E-03  7.7221487E-04  1.6600320E-04 -1.7059036E-02  0.0000000E+00
  2.0799350E+02  1.2975861E-03  5.4199520E-04  3.9209929E-04 -1.6586513E-02  0.0000000E+00
  2.0799350E+02  1.5763208E-03  1.5123971E-04  4.8615029E-04 -1.6125060E-02  0.0000000E+00
  2.0799350E+02  1.9133607E-03 -2.9087774E-04  3.8454343E-04 -1.5674219E-02  0.0000000E+00
  2.0799350E+02  2.0153124E-03 -5.9563349E-04  1.2952535E-04 -1.5231581E-02  0.0000000E+00
  2.0799350E+02  1.6350471E-03 -5.5784470E-04 -1.7320940E-05 -1.4796169E-02  0.0000000E+00
  2.0799350E+02  7.7392333E-04 -4.7687755E-04  1.0227999E-04 -1.4363797E-02  0.0000000E+00
  2.0799350E+02  2.0437021E-04 -3.9438662E-04 -1.2059873E-04 -1.3933746E-02  0.0000000E+00
  2.0799350E+02 -1.3988533E-04 -1.7913670E-04 -3.4786757E-04 -1.3504481E-02  0.0000000E+00
  2.0799350E+02 -4.2323597E-04  2.1565996E-05 -4.2628126E-04 -1.3078049E-02  0.0000000E+00
  2.0799350E+02 -6.7332652E-04  1.4397762E-04 -3.3007315E-04 -1.2655845E-02  0.0000000E+00
  2.0799350E+02 -8.6287279E-04  1.7782136E-04 -1.1159536E-04 -1.2240618E-02  0.0000000E+00
  2.0799350E+02 -9.6066424E-04  1.4452127E-04  1.4083662E-04 -1.1834277E-02  0.0000000E+00
  2.0799350E+02 -9.5446534E-04  8.1050913E-05  3.3662375E-04 -1.1440229E-02  0.0000000E+00
  2.0799350E+02 -8.5571567E-04  2.7480851E-05  4.1301782E-04 -1.1058831E-02  0.0000000E+00
  2.0799350E+02 -6.8955174E-04  1.8762780E-05  3.5048923E-04 -1.0690185E-02  0.0000000E+00
  2.0799350E+02 -4.8033453E-04  7.8977839E-05  1.7890823E-04 -1.0333509E-02  0.0000000E+00
  2.0799350E+02 -2.3785156E-04  2.1761739E-04 -3.0212093E-05 -9.9867752E-03  0.0000000E+00
  2.0799350E+02  4.5850488E-05  4.2519372E-04 -1.8433724E-04 -9.6494826E-03  0.0000000E+00
  2.0799350E+02  3.8838981E-04  6.7130324E-04 -2.1098187E-04 -9.3194576E-03  0.0000000E+00
  2.0799350E+02  7.8226025E-04  8.9927795E-04 -1.1272018E-04 -8.9958202E-03  0.0000000E+00
  2.0799350E+02  1.1329577E-03  1.0198509E-03 -4.3844800E-05 -8.6783735E-03  0.0000000E+00
  2.0799350E+02  1.3492910E-03  9.9494518E-04 -1.9134449E-04 -8.3695878E-03  0.0000000E+00
  2.0799350E+02  1.5604522E-03  1.0114524E-03 -8.7393690E-05 -8.0663409E-03  0.0000000E+00
  2.0799350E+02  1.5406395E-03  9.8553522E-04 -3.8804259E-05 -7.7694529E-03  0.0000000E+00
  2.0799350E+02  1.4640804E-03  9.8184241E-04 -3.6318889E-05 -7.4785733E-03  0.0000000E+00
  2.0799350E+02  1.3980091E-03  1.0166607E-03 -6.0682414E-05 -7.1943272E-03  0.0000000E+00
  2.0799350E+02  1.3510437E-03  1.0776863E-03 -8.8957856E-05 -6.9154987E-03  0.0000000E+00
  2.0799350E+02  1.3086515E-03  1.1397277E-03 -9.9845459E-05 -6.6413076E-03  0.0000000E+00
  2.0799350E+02  1.2553699E-03  1.1762828E-03 -7.7725215E-05 -6.3710874E-03  0.0000000E+00
  2.0799350E+02  1.1866055E-03  1.1674687E-03 -1.5289318E-05 -6.1039750E-03  0.0000000E+00
  2.0799350E+02  1.1127231E-03  1.1048678E-03  8.4602365E-05 -5.8408833E-03  0.0000000E+00
  2.0799350E+02  1.0555218E-03  9.9317055E-04  2.0983415E-04 -5.5817360E-03  0.0000000E+00
  2.0799350E+02  1.0416376E-03  8.4917832E-04  3.4063979E-04 -5.3273230E-03  0.0000000E+00
  2.0799350E+02  1.0932924E-03  6.9829681E-04  4.5366659E-04 -5.0782938E-03  0.0000000E+00
  2.0799350E+02  1.2182973E-03  5.7031901E-04  5.2702967E-04 -4.8367024E-03  0.0000000E+00
  2.0799350E+02  1.4029102E-03  4.9076305E-04  5.4951483E-04 -4.6030900E-03  0.0000000E+00
  2.0799350E+02  1.6078565E-03  4.7361975E-04  5.2991945E-04 -4.3778429E-03  0.0000000E+00
  2.0799350E+02  1.7707202E-03  5.1177869E-04  5.0990140E-04 -4.1598531E-03  0.0000000E+00
  2.0799350E+02  1.7916502E-03  5.7741957E-04  4.6204850E-04 -3.9489107E-03  0.0000000E+00
  2.0799350E+02  1.8984718E-03  6.3028201E-04  3.8806277E-04 -3.7446388E-03  0.0000000E+00
  2.0799350E+02  1.9991882E-03  6.6220334E-04  3.9146366E-04 -3.5450670E-03  0.0000000E+00
  2.0799350E+02  1.9612423E-03  6.8623412E-04  4.0329510E-04 -3.3506663E-03  0.0000000E+00
  2.0799350E+02  1.7907906E-03  7.0882702E-04  3.9849652E-04 -3.1617909E-03  0.0000000E+00
  2.0799350E+02  1.5555993E-03  7.3151972E-04  3.7842064E-04 -2.9797503E-03  0.0000000E+00
  2.0799350E+02  1.3312018E-03  7.5290274E-04  3.5685244E-04 -2.8046575E-03  0.0000000E+00
  2.0799350E+02  1.1724712E-03  7.7003162E-04  3.4957337E-04 -2.6366751E-03  0.0000000E+00
  2.0799350E+02  1.1017272E-03  7.7981847E-04  3.6732756E-04 -2.4753719E-03  0.0000000E+00
  2.0799350E+02  1.1107789E-03  7.8004134E-04  4.1169734E-04 -2.3208656E-03  0.0000000E+00
  2.0799350E+02  1.1708774E-03  7.7018321E-04  4.7432930E-04 -2.1721915E-03  0.0000000E+00
  2.0799350E+02  1.2485095E-03  7.5168306E-04  5.3873611E-04 -2.0285450E-03  0.0000000E+00
  2.0799350E+02  1.3204379E-03  7.2780849E-04  5.8487854E-04 -1.8888737E-03  0.0000000E+00
  2.0799350E+02  1.0552702E-06  7.2195042E-07 -5.2129798E-07 -8.3592709E-03  0.0000000E+00
  2.0799350E+02  3.7581905E-04 -2.0897785E-04  3.0809100E-04 -8.4467051E-03  0.0000000E+00
  2.0799350E+02  1.3868661E-03 -6.6912771E-04  7.8233513E-04 -8.6501983E-03  0.0000000E+00
  2.0799350E+02  2.6610786E-03 -7.2465832E-05  1.0708518E-03 -9.0020750E-03  0.0000000E+00
  2.0799350E+02  5.7467627E-03  1.2039391E-03  1.8203283E-03 -9.4427098E-03  0.0000000E+00
  2.0799350E+02  1.0980064E-02  1.1930852E-03  2.4803351E-03 -9.9013782E-03  0.0000000E+00
  2.0799350E+02  1.5801913E-02 -4.1139681E-04  2.9647615E-03 -1.0320763E-02  0.0000000E+00
  2.0799350E+02  1.4584244E-02 -2.4161731E-03  2.2017300E-03 -1.0650140E-02  0.0000000E+00
  2.0799350E+02  2.7242083E-04 -3.3278037E-03 -3.8054634E-04 -1.0840116E-02  0.0000000E+00
  2.0799350E+02 -2.4427768E-02 -3.9375395E-03 -2.1740110E-03 -1.0868363E-02  0.0000000E+00
  2.0799350E+02 -5.1579055E-02 -3.2905925E-03 -2.1864508E-03 -1.0757885E-02  0.0000000E+00
  2.0799350E+02 -6.8964967E-02 -1.6018915E-03 -1.8989929E-03 -1.0569507E-02  0.0000000E+00
  2.0799350E+02 -6.5669623E-02  6.3243538E-05 -2.5936943E-03 -1.0373650E-02  0.0000000E+00
  2.0799350E+02 -4.3169317E-02  1.3355984E-03 -3.8653688E-03 -1.0219086E-02  0.0000000E+00
  2.0799350E+02 -1.6179780E-02  2.6949908E-03 -3.8865236E-03 -1.0124489E-02  0.0000000E+00
  2.0799350E+02  8.8016021E-03  2.9719067E-03 -2.5861915E-03 -1.0104937E-02  0.0000000E+00
  2.0799350E+02  2.7392349E-02  3.3150804E-03 -5.4887884E-04 -1.0162835E-02  0.0000000E+00
  2.0799350E+02  3.6025929E-02  2.5121949E-03  1.1936325E-03 -1.0301747E-02  0.0000000E+00
  2.0799350E+02  3.6532515E-02  6.3608892E-04  1.8681470E-03 -1.0513718E-02  0.0000000E+00
  2.0799350E+02  3.2187837E-02 -1.6183439E-03  1.8750449E-03 -1.0783002E-02  0.0000000E+00
  2.0799350E+02  2.5965065E-02 -3.7619933E-03  1.8314191E-03 -1.1092042E-02  0.0000000E+00
  2.0799350E+02  1.9726872E-02 -5.6587489E-03  2.0244876E-03 -1.1422162E-02  0.0000000E+00
  2.0799350E+02  1.4136898E-02 -7.3152721E-03  2.2603871E-03 -1.1755466E-02  0.0000000E+00
  2.0799350E+02  9.1447288E-03 -8.5680383E-03  2.0548927E-03 -1.2071110E-02  0.0000000E+00
  2.0799350E+02  4.5471018E-03 -9.0334957E-03  1.1327782E-03 -1.2349230E-02  0.0000000E+00
  2.0799350E+02  5.1069695E-04 -8.5744534E-03  1.8995790E-04 -1.2575998E-02  0.0000000E+00
  2.0799350E+02 -2.6078005E-03 -7.7310053E-03 -1.0550403E-03 -1.2743209E-02  0.0000000E+00
  2.0799350E+02 -5.6766984E-03 -6.7272118E-03 -1.4917184E-03 -1.2855708E-02  0.0000000E+00
  2.0799350E+02 -7.8720111E-03 -5.7806748E-03 -1.3086001E-03 -1.2914403E-02  0.0000000E+00
  2.0799350E+02 -8.8978988E-03 -4.9205790E-03 -1.1805218E-03 -1.2924428E-02  0.0000000E+00
  2.0799350E+02 -8.9796627E-03 -4.1735075E-03 -1.2241675E-03 -1.2894144E-02  0.0000000E+00
  2.0799350E+02 -8.5571516E-03 -3.5718573E-03 -1.3685659E-03 -1.2831141E-02  0.0000000E+00
  2.0799350E+02 -8.0459573E-03 -3.1336353E-03 -1.5474639E-03 -1.2740155E-02  0.0000000E+00
  2.0799350E+02 -7.6881679E-03 -2.8429329E-03 -1.7563480E-03 -1.2623862E-02  0.0000000E+00
  2.0799350E+02 -7.4828075E-03 -2.6248738E-03 -2.0265057E-03 -1.2483598E-02  0.0000000E+00
  2.0799350E+02 -7.2158994E-03 -2.3457592E-03 -2.3590374E-03 -1.2320729E-02  0.0000000E+00
  2.0799350E+02 -6.5958047E-03 -1.8473222E-03 -2.6666816E-03 -1.2137676E-02  0.0000000E+00
  2.0799350E+02 -5.4940234E-03 -1.0246424E-03 -2.7731540E-03 -1.1935956E-02  0.0000000E+00
  2.0799350E+02 -4.3167967E-03  2.4267979E-05 -2.5083390E-03 -1.1715225E-02  0.0000000E+00
  2.0799350E+02 -3.4213761E-03  7.2902294E-04 -2.6186192E-03 -1.1481069E-02  0.0000000E+00
  2.0799350E+02 -2.7876806E-03  1.2965253E-03 -2.5040460E-03 -1.1238077E-02  0.0000000E+00
  2.0799350E+02 -2.3424241E-03  1.7076754E-03 -1.9532618E-03 -1.0983557E-02  0.0000000E+00
  2.0799350E+02 -1.7613536E-03  1.8674690E-03 -1.3873531E-03 -1.0722685E-02  0.0000000E+00
  2.0799350E+02 -1.0904335E-03  1.8301666E-03 -9.4484304E-04 -1.0459920E-02  0.0000000E+00
  2.0799350E+02 -5.1165547E-04  1.6990501E-03 -6.3244662E-04 -1.0197777E-02  0.0000000E+00
  2.0799350E+02 -1.9124232E-04  1.5617547E-03 -4.1861577E-04 -9.9376336E-03  0.0000000E+00
  2.0799350E+02 -1.9530281E-04  1.4597601E-03 -2.7814827E-04 -9.6804541E-03  0.0000000E+00
  2.0799350E+02 -4.6384615E-04  1.3834023E-03 -2.0130362E-04 -9.4252861E-03  0.0000000E+00
  2.0799350E+02 -8.3006032E-04  1.2878220E-03 -1.8464133E-04 -9.1721123E-03  0.0000000E+00
  2.0799350E+02 -1.0743857E-03  1.1196102E-03 -2.1273255E-04 -8.9203402E-03  0.0000000E+00
  2.0799350E+02 -1.0039171E-03  8.5061360E-04 -2.4841699E-04 -8.6699726E-03  0.0000000E+00
  2.0799350E+02 -5.4282320E-04  5.0764052E-04 -2.4420943E-04 -8.4202987E-03  0.0000000E+00
  2.0799350E+02  1.7378978E-04  1.9893015E-04 -1.8792810E-04 -8.1729802E-03  0.0000000E+00
  2.0799350E+02  7.1529618E-04  1.2120014E-04 -1.9810891E-04 -7.9310366E-03  0.0000000E+00
  2.0799350E+02  8.1134323E-04  3.0213596E-04 -1.7646940E-05 -7.6927709E-03  0.0000000E+00
  2.0799350E+02  1.1782936E-03  2.8685776E-04  3.6902376E-04 -7.4587847E-03  0.0000000E+00
  2.0799350E+02  1.5151997E-03  2.4662878E-04  5.4650533E-04 -7.2299312E-03  0.0000000E+00
  2.0799350E+02  1.6721881E-03  2.5223222E-04  5.7128504E-04 -7.0037501E-03  0.0000000E+00
  2.0799350E+02  1.6058208E-03  3.0715033E-04  4.9286131E-04 -6.7786398E-03  0.0000000E+00
  2.0799350E+02  1.3432077E-03  3.8640990E-04  3.5318073E-04 -6.5539168E-03  0.0000000E+00
  2.0799350E+02  9.5151869E-04  4.6090428E-04  1.8775403E-04 -6.3299629E-03  0.0000000E+00
  2.0799350E+02  5.0883410E-04  5.1062256E-04  2.5470881E-05 -6.1065445E-03  0.0000000E+00
  2.0799350E+02  8.7933518E-05  5.2768321E-04 -1.0884661E-04 -5.8849946E-03  0.0000000E+00
  2.0799350E+02 -2.6013228E-04  5.1466693E-04 -1.9536292E-04 -5.6665864E-03  0.0000000E+00
  2.0799350E+02 -5.1184908E-04  4.7894987E-04 -2.1965212E-04 -5.4527946E-03  0.0000000E+00
  2.0799350E+02 -6.6916585E-04  4.2678595E-04 -1.7480518E-04 -5.2454643E-03  0.0000000E+00
  2.0799350E+02 -7.4943829E-04  3.5922076E-04 -6.4601842E-05 -5.0451400E-03  0.0000000E+00
  2.0799350E+02 -7.6303448E-04  2.7402523E-04  9.0416870E-05 -4.8527955E-03  0.0000000E+00
  2.0799350E+02 -6.8297134E-04  1.7466406E-04  2.4516039E-04 -4.6678550E-03  0.0000000E+00
  2.0799350E+02 -4.0145062E-04  9.0388525E-05  3.1928174E-04 -4.4878079E-03  0.0000000E+00
  2.0799350E+02 -6.7122851E-05  6.0225528E-05  2.8317575E-04 -4.3114422E-03  0.0000000E+00
  2.0799350E+02 -6.3906269E-05  6.8560529E-05  2.7051780E-04 -4.1428568E-03  0.0000000E+00
  2.0799350E+02  3.2102174E-04  1.9487896E-04  1.3498698E-04 -3.9755655E-03  0.0000000E+00
  2.0799350E+02  7.8654772E-04  3.8547247E-04 -2.9147070E-05 -3.8108096E-03  0.0000000E+00
  2.0799350E+02  1.1738292E-03  5.9334438E-04 -1.5253229E-04 -3.6488645E-03  0.0000000E+00
  2.0799350E+02  1.4199400E-03  7.8446728E-04 -1.9936028E-04 -3.4897605E-03  0.0000000E+00
  2.0799350E+02  1.5227731E-03  9.4080957E-04 -1.6689652E-04 -3.3325055E-03  0.0000000E+00
  2.0799350E+02  1.5106965E-03  1.0565216E-03 -7.7630409E-05 -3.1768919E-03  0.0000000E+00
  2.0799350E+02  1.4243754E-03  1.1351378E-03  3.1847448E-05 -3.0224998E-03  0.0000000E+00
  2.0799350E+02  1.3030640E-03  1.1838302E-03  1.2421716E-04 -2.8692586E-03  0.0000000E+00
  2.0799350E+02  1.1761879E-03  1.2084100E-03  1.7458727E-04 -2.7163996E-03  0.0000000E+00
  2.0799350E+02  1.0620363E-03  1.2088344E-03  1.7876306E-04 -2.5640129E-03  0.0000000E+00
  2.0799350E+02  9.6827326E-04  1.1780385E-03  1.5747228E-04 -2.4120173E-03  0.0000000E+00
  2.0799350E+02  8.9652243E-04  1.1039844E-03  1.5137981E-04 -2.2604922E-03  0.0000000E+00
  2.0799350E+02  8.4893804E-04  9.7698655E-04  2.0530813E-04 -2.1100845E-03  0.0000000E+00
  2.0799350E+02  8.3560154E-04  8.0190317E-04  3.3981722E-04 -1.9612482E-03  0.0000000E+00
  2.0799350E+02  8.8297361E-04  6.1992656E-04  5.0600186E-04 -1.8161891E-03  0.0000000E+00
  2.0799350E+02  1.0179160E-03  4.7651898E-04  6.0249803E-04 -1.6765480E-03  0.0000000E+00
  2.0799350E+02  1.1556961E-03  3.7917406E-04  6.3427470E-04 -1.5428002E-03  0.0000000E+00
  2.0799350E+02  1.3253052E-03  3.7276404E-04  6.1182743E-04 -1.4156183E-03  0.0000000E+00
  2.0799350E+02  1.5312919E-03  4.2054784E-04  5.8439302E-04 -1.2927535E-03  0.0000000E+00
  2.0799350E+02  1.7471345E-03  4.9462622E-04  5.5790043E-04 -1.1735338E-03  0.0000000E+00
  2.0799350E+02  1.9369736E-03  5.7427199E-04  5.2172774E-04 -1.0577274E-03  0.0000000E+00
  2.0799350E+02  2.0691214E-03  6.4506619E-04  4.6556815E-04 -9.4552350E-04  0.0000000E+00
  2.0799350E+02  2.1239456E-03  6.9826845E-04  3.8810012E-04 -8.3749908E-04  0.0000000E+00
  2.0799350E+02  2.0972210E-03  7.3074071E-04  2.9842010E-04 -7.3370833E-04  0.0000000E+00
  2.0799350E+02  1.9989813E-03  7.4391217E-04  2.1417635E-04 -6.3464386E-04  0.0000000E+00
  2.0799350E+02  1.8508416E-03  7.4339006E-04  1.5550103E-04 -5.4038998E-04  0.0000000E+00
  2.0799350E+02  1.6810691E-03  7.3751618E-04  1.3848084E-04 -4.5075360E-04  0.0000000E+00
  2.0799350E+02  1.5195856E-03  7.3525304E-04  1.6916187E-04 -3.6540057E-04  0.0000000E+00
  2.0799350E+02  3.8014820E-06  2.3686981E-06  7.4483933E-07 -1.1722352E-03  0.0000000E+00
  2.0799350E+02  9.7230484E-04 -6.4456796E-04  1.0672605E-03 -1.2698707E-03  0.0000000E+00
  2.0799350E+02  1.0888449E-03 -1.1552368E-03  1.2782231E-03 -1.7722486E-03  0.0000000E+00
  2.0799350E+02  4.6629848E-03  1.3811835E-03  1.3882016E-03 -2.6739363E-03  0.0000000E+00
  2.0799350E+02  1.0410522E-02  4.4317234E-03  2.9979838E-03 -3.7334330E-03  0.0000000E+00
  2.0799350E+02  1.7275605E-02  4.8351847E-03  4.8063794E-03 -4.7512167E-03  0.0000000E+00
  2.0799350E+02  2.4110292E-02  2.7425944E-03  3.7510115E-03 -5.6215403E-03  0.0000000E+00
  2.0799350E+02  2.5686697E-02 -6.2403981E-04  1.8365636E-05 -6.2900784E-03  0.0000000E+00
  2.0799350E+02  2.0032512E-02 -4.8621112E-03 -3.0470627E-03 -6.7149555E-03  0.0000000E+00
  2.0799350E+02  9.4260035E-03 -8.9655588E-03 -5.4752125E-03 -6.8776088E-03  0.0000000E+00
  2.0799350E+02 -4.9412355E-03 -1.1618619E-02 -7.4652666E-03 -6.7859315E-03  0.0000000E+00
  2.0799350E+02 -2.4805759E-02 -1.1913987E-02 -7.4520723E-03 -6.4703078E-03  0.0000000E+00
  2.0799350E+02 -4.8988873E-02 -1.0220979E-02 -5.0444216E-03 -5.9780609E-03  0.0000000E+00
  2.0799350E+02 -7.1155016E-02 -7.3625976E-03 -2.3031537E-03 -5.3649577E-03  0.0000000E+00
  2.0799350E+02 -8.2825281E-02 -4.1551446E-03 -1.5868397E-03 -4.6841891E-03  0.0000000E+00
  2.0799350E+02 -7.8811723E-02 -1.7420744E-03 -8.5046468E-04 -3.9730108E-03  0.0000000E+00
  2.0799350E+02 -6.0242236E-02 -7.7946345E-04 -3.5434799E-04 -3.2652438E-03  0.0000000E+00
  2.0799350E+02 -3.6820993E-02 -3.3021525E-04  1.1161165E-03 -2.5757739E-03  0.0000000E+00
  2.0799350E+02 -1.5081726E-02  1.0393459E-03  2.4195725E-03 -1.9372728E-03  0.0000000E+00
  2.0799350E+02  1.5996568E-03  3.0492285E-03  2.5793742E-03 -1.3828347E-03  0.0000000E+00
  2.0799350E+02  1.3964229E-02  4.5370503E-03  1.6432039E-03 -9.2948248E-04  0.0000000E+00
  2.0799350E+02  2.4548445E-02  4.4080601E-03  5.5648682E-04 -5.8270600E-04  0.0000000E+00
  2.0799350E+02  3.4649974E-02  2.4452900E-03  4.7157087E-04 -3.3860581E-04  0.0000000E+00
  2.0799350E+02  4.2301273E-02 -4.3978125E-04  1.9043627E-03 -1.8982930E-04  0.0000000E+00
  2.0799350E+02  4.3228316E-02 -2.7711824E-03  4.1610652E-03 -1.2898744E-04  0.0000000E+00
  2.0799350E+02  3.7182668E-02 -4.2978758E-03  5.4439885E-03 -1.3634018E-04  0.0000000E+00
  2.0799350E+02  3.0297654E-02 -5.4947583E-03  6.1585221E-03 -1.8995281E-04  0.0000000E+00
  2.0799350E+02  2.1401510E-02 -6.1981046E-03  5.6498653E-03 -2.6905220E-04  0.0000000E+00
  2.0799350E+02  1.4097992E-02 -6.9946081E-03  4.3281974E-03 -3.6046105E-04  0.0000000E+00
  2.0799350E+02  8.7324697E-03 -7.5531120E-03  3.0871397E-03 -4.5463626E-04  0.0000000E+00
  2.0799350E+02  4.7479462E-03 -7.6840603E-03  2.2012121E-03 -5.4019391E-04  0.0000000E+00
  2.0799350E+02  1.5463588E-03 -7.3473284E-03  1.6037358E-03 -6.0924334E-04  0.0000000E+00
  2.0799350E+02 -1.1216658E-03 -6.6298223E-03  1.1081317E-03 -6.5828776E-04  0.0000000E+00
  2.0799350E+02 -3.1906427E-03 -5.7069499E-03  5.4842980E-04 -6.8835518E-04  0.0000000E+00
  2.0799350E+02 -4.4979546E-03 -4.7813346E-03 -1.3951114E-04 -7.0326164E-04  0.0000000E+00
  2.0799350E+02 -5.0204340E-03 -4.0350851E-03 -8.8779141E-04 -7.0716483E-04  0.0000000E+00
  2.0799350E+02 -5.0353287E-03 -3.5719310E-03 -1.5286845E-03 -7.0314340E-04  0.0000000E+00
  2.0799350E+02 -4.9910148E-03 -3.3780972E-03 -1.8780812E-03 -6.9283612E-04  0.0000000E+00
  2.0799350E+02 -4.9563320E-03 -3.3117191E-03 -1.8550260E-03 -6.7853535E-04  0.0000000E+00
  2.0799350E+02 -4.2474518E-03 -2.9145935E-03 -2.1660861E-03 -6.5981607E-04  0.0000000E+00
  2.0799350E+02 -3.1990783E-03 -2.4770346E-03 -2.4831613E-03 -6.3515306E-04  0.0000000E+00
  2.0799350E+02 -2.4165663E-03 -2.0274478E-03 -2.4008221E-03 -6.0529579E-04  0.0000000E+00
  2.0799350E+02 -2.1190857E-03 -1.4129722E-03 -2.2165208E-03 -5.6684550E-04  0.0000000E+00
  2.0799350E+02 -2.1525023E-03 -6.6016810E-04 -2.1125581E-03 -5.1930139E-04  0.0000000E+00
  2.0799350E+02 -2.2632647E-03  1.1458867E-04 -2.1397114E-03 -4.6443763E-04  0.0000000E+00
  2.0799350E+02 -2.2609072E-03  7.8106816E-04 -2.2424424E-03 -4.0517413E-04  0.0000000E+00
  2.0799350E+02 -2.0808158E-03  1.2396524E-03 -2.3085502E-03 -3.4521253E-04  0.0000000E+00
  2.0799350E+02 -1.7797310E-03  1.4585740E-03 -2.2297326E-03 -2.8784734E-04  0.0000000E+00
  2.0799350E+02 -1.4816243E-03  1.4832190E-03 -1.9561263E-03 -2.3487746E-04  0.0000000E+00
  2.0799350E+02 -1.3089919E-03  1.4195538E-03 -1.5321429E-03 -1.8664036E-04  0.0000000E+00
  2.0799350E+02 -1.3131954E-03  1.3954697E-03 -1.0969564E-03 -1.4152809E-04  0.0000000E+00
  2.0799350E+02 -1.4374993E-03  1.4920066E-03 -8.3105845E-04 -9.6132042E-05  0.0000000E+00
  2.0799350E+02 -1.5336716E-03  1.6460202E-03 -8.4496093E-04 -4.6744713E-05  0.0000000E+00
  2.0799350E+02 -1.4588048E-03  1.5223064E-03 -9.8036358E-04  9.5478881E-06  0.0000000E+00
  2.0799350E+02 -9.9655010E-04  1.1098432E-03 -9.6763577E-04  6.8968450E-05  0.0000000E+00
  2.0799350E+02 -6.2123576E-04  8.9409970E-04 -8.8027732E-04  1.2649065E-04  0.0000000E+00
  2.0799350E+02 -1.2975461E-04  6.3864961E-04 -7.2190026E-04  1.8197489E-04  0.0000000E+00
  2.0799350E+02  6.2846604E-04  4.3496610E-04 -5.7049517E-04  2.3444785E-04  0.0000000E+00
  2.0799350E+02  1.5076174E-03  3.3092112E-04 -4.2460556E-04  2.8391120E-04  0.0000000E+00
  2.0799350E+02  2.2807885E-03  3.3566373E-04 -2.6398351E-04  3.3105792E-04  0.0000000E+00
  2.0799350E+02  2.7580878E-03  4.2985721E-04 -8.3381011E-05  3.7643465E-04  0.0000000E+00
  2.0799350E+02  2.8536490E-03  5.7607682E-04  9.8361291E-05  4.2049551E-04  0.0000000E+00
  2.0799350E+02  2.5934177E-03  7.3244092E-04  2.4569924E-04  4.6370904E-04  0.0000000E+00
  2.0799350E+02  2.0876783E-03  8.6236621E-04  3.2043801E-04  5.0609592E-04  0.0000000E+00
  2.0799350E+02  1.4863073E-03  9.4414681E-04  3.0212666E-04  5.4748112E-04  0.0000000E+00
  2.0799350E+02  9.2202817E-04  9.7557468E-04  2.0294391E-04  5.8773748E-04  0.0000000E+00
  2.0799350E+02  4.7580299E-04  9.7154074E-04  7.3578536E-05  6.2633993E-04  0.0000000E+00
  2.0799350E+02  1.5425783E-04  9.5533279E-04 -8.7804092E-06  6.6288839E-04  0.0000000E+00
  2.0799350E+02 -7.9239186E-05  9.3997466E-04  2.6794956E-05  6.9656940E-04  0.0000000E+00
  2.0799350E+02 -2.2521728E-04  8.9873285E-04  1.7982024E-04  7.2618941E-04  0.0000000E+00
  2.0799350E+02 -1.3862200E-04  7.8806176E-04  2.4072005E-04  7.5168036E-04  0.0000000E+00
  2.0799350E+02  1.0388272E-04  6.5014066E-04  2.1963967E-04  7.7634254E-04  0.0000000E+00
  2.0799350E+02  2.2757106E-04  4.5816854E-04  3.0489197E-04  7.9831588E-04  0.0000000E+00
  2.0799350E+02  1.7058258E-04  3.0591725E-04  4.0453205E-04  8.1890201E-04  0.0000000E+00
  2.0799350E+02  3.5879512E-05  2.3182383E-04  4.5213884E-04  8.3873028E-04  0.0000000E+00
  2.0799350E+02 -3.9664183E-05  2.3918901E-04  4.1742542E-04  8.5818445E-04  0.0000000E+00
  2.0799350E+02  3.7038650E-05  3.1288145E-04  3.0521741E-04  8.7769837E-04  0.0000000E+00
  2.0799350E+02  2.8357862E-04  4.3036171E-04  1.4795647E-04  8.9764308E-04  0.0000000E+00
  2.0799350E+02  6.4519695E-04  5.6972106E-04 -8.4337257E-06  9.1862978E-04  0.0000000E+00
  2.0799350E+02  1.0179770E-03  7.1233896E-04 -1.1774616E-04  9.4126007E-04  0.0000000E+00
  2.0799350E+02  1.2885934E-03  8.4456512E-04 -1.4860327E-04  9.6615107E-04  0.0000000E+00
  2.0799350E+02  1.3767799E-03  9.5754783E-04 -9.4627757E-05  9.9398229E-04  0.0000000E+00
  2.0799350E+02  1.2654245E-03  1.0437256E-03  2.2019055E-05  1.0251463E-03  0.0000000E+00
  2.0799350E+02  1.0175812E-03  1.0949412E-03  1.5549702E-04  1.0597507E-03  0.0000000E+00
  2.0799350E+02  7.5903921E-04  1.0998614E-03  2.5491751E-04  1.0977369E-03  0.0000000E+00
  2.0799350E+02  6.2644612E-04  1.0416189E-03  2.9538226E-04  1.1384897E-03  0.0000000E+00
  2.0799350E+02  6.6041844E-04  8.9826085E-04  3.2913142E-04  1.1809978E-03  0.0000000E+00
  2.0799350E+02  7.1483127E-04  7.3574681E-04  4.5614224E-04  1.2245575E-03  0.0000000E+00
  2.0799350E+02  7.1857126E-04  6.2389785E-04  5.8584311E-04  1.2680060E-03  0.0000000E+00
  2.0799350E+02  7.2929344E-04  4.9658603E-04  6.9298582E-04  1.3091297E-03  0.0000000E+00
  2.0799350E+02  8.0758444E-04  4.0655142E-04  7.3175884E-04  1.3470762E-03  0.0000000E+00
  2.0799350E+02  9.5376537E-04  3.6882370E-04  7.0916018E-04  1.3817849E-03  0.0000000E+00
  2.0799350E+02  1.1419676E-03  3.7678080E-04  6.5115935E-04  1.4137251E-03  0.0000000E+00
  2.0799350E+02  1.3401781E-03  4.1433998E-04  5.8276443E-04  1.4432673E-03  0.0000000E+00
  2.0799350E+02  1.5229960E-03  4.6369022E-04  5.1838682E-04  1.4707031E-03  0.0000000E+00
  2.0799350E+02  1.6773024E-03  5.1077382E-04  4.5983064E-04  1.4962863E-03  0.0000000E+00
  2.0799350E+02  1.7995990E-03  5.4720721E-04  4.0084649E-04  1.5199552E-03  0.0000000E+00
  2.0799350E+02  1.8928699E-03  5.7102541E-04  3.3366158E-04  1.5415378E-03  0.0000000E+00
  2.0799350E+02  1.9610463E-03  5.8570368E-04  2.5588365E-04  1.5609354E-03  0.0000000E+00
  2.0799350E+02  2.0027898E-03  5.9798599E-04  1.7627586E-04  1.5780173E-03  0.0000000E+00
  2.0799350E+02  2.9639751E-05  1.0232044E-06  2.0188377E-05  1.9262190E-02  0.0000000E+00
  2.0799350E+02  4.2134514E-03  6.6438815E-04  1.5165328E-03  1.9084325E-02  0.0000000E+00
  2.0799350E+02  1.2968825E-02  4.9722325E-03 -3.4621579E-03  1.7942091E-02  0.0000000E+00
  2.0799350E+02  2.4283906E-02  9.6734439E-03 -3.2952317E-03  1.5986239E-02  0.0000000E+00
  2.0799350E+02  2.6527007E-02  1.2031217E-02  6.5474378E-04  1.3814770E-02  0.0000000E+00
  2.0799350E+02  2.4588467E-02  1.2742654E-02  4.4096630E-03  1.1840122E-02  0.0000000E+00
  2.0799350E+02  2.3491500E-02  9.9473655E-03  5.4121377E-03  1.0237882E-02  0.0000000E+00
  2.0799350E+02  2.0355483E-02  2.9481659E-03  2.7837377E-03  9.0300305E-03  0.0000000E+00
  2.0799350E+02  1.2488193E-02 -3.7794776E-03 -2.5481079E-03  8.1884346E-03  0.0000000E+00
  2.0799350E+02 -2.5005115E-03 -9.1620159E-03 -5.4075259E-03  7.6774224E-03  0.0000000E+00
  2.0799350E+02 -1.9306150E-02 -1.1897301E-02 -6.6885156E-03  7.4691497E-03  0.0000000E+00
  2.0799350E+02 -3.2492105E-02 -1.1497199E-02 -7.8854619E-03  7.5430748E-03  0.0000000E+00
  2.0799350E+02 -4.3884209E-02 -9.1286610E-03 -8.4929215E-03  7.8728653E-03  0.0000000E+00
  2.0799350E+02 -5.6894005E-02 -5.9769410E-03 -6.7813913E-03  8.4200466E-03  0.0000000E+00
  2.0799350E+02 -6.6756846E-02 -2.2381446E-03 -3.6828734E-03  9.1332479E-03  0.0000000E+00
  2.0799350E+02 -6.4272627E-02 -7.8711713E-04 -4.9322093E-03  9.9615139E-03  0.0000000E+00
  2.0799350E+02 -5.5911357E-02 -7.4339329E-04 -2.1091043E-03  1.0871092E-02  0.0000000E+00
  2.0799350E+02 -3.9503011E-02 -4.3096600E-04 -1.8415028E-04  1.1815708E-02  0.0000000E+00
  2.0799350E+02 -2.1187038E-02  5.3215542E-04  6.4196255E-04  1.2744276E-02  0.0000000E+00
  2.0799350E+02 -5.1997987E-03  2.8266555E-03  1.8323399E-03  1.3605629E-02  0.0000000E+00
  2.0799350E+02  7.0487176E-03  6.1167966E-03  3.6341222E-03  1.4361270E-02  0.0000000E+00
  2.0799350E+02  1.6121045E-02  9.1530770E-03  5.1603275E-03  1.4987167E-02  0.0000000E+00
  2.0799350E+02  2.2914660E-02  1.0622712E-02  5.7966484E-03  1.5470707E-02  0.0000000E+00
  2.0799350E+02  2.7199391E-02  1.0077070E-02  6.2895720E-03  1.5806692E-02  0.0000000E+00
  2.0799350E+02  2.7292956E-02  8.2652820E-03  7.8731275E-03  1.5996638E-02  0.0000000E+00
  2.0799350E+02  2.1837780E-02  6.2032497E-03  7.7915636E-03  1.6055569E-02  0.0000000E+00
  2.0799350E+02  2.0392966E-02  3.5034595E-03  4.8647130E-03  1.6006090E-02  0.0000000E+00
  2.0799350E+02  2.3008036E-02  1.6369310E-03  5.0549452E-03  1.5865047E-02  0.0000000E+00
  2.0799350E+02  2.4148690E-02  2.0318711E-04  5.2604384E-03  1.5653434E-02  0.0000000E+00
  2.0799350E+02  2.3287315E-02 -1.1212603E-03  5.2912100E-03  1.5391025E-02  0.0000000E+00
  2.0799350E+02  2.0811717E-02 -2.3880007E-03  4.9550257E-03  1.5095141E-02  0.0000000E+00
  2.0799350E+02  1.7496190E-02 -3.5147904E-03  4.1806914E-03  1.4779097E-02  0.0000000E+00
  2.0799350E+02  1.4101497E-02 -4.3849820E-03  3.0517984E-03  1.4451502E-02  0.0000000E+00
  2.0799350E+02  1.1102977E-02 -4.9044025E-03  1.7738900E-03  1.4117450E-02  0.0000000E+00
  2.0799350E+02  8.5685993E-03 -5.0285797E-03  6.0063737E-04  1.3780452E-02  0.0000000E+00
  2.0799350E+02  6.2054184E-03 -4.7706400E-03 -2.5574850E-04  1.3444223E-02  0.0000000E+00
  2.0799350E+02  3.5928324E-03 -4.2002009E-03 -7.0464264E-04  1.3113475E-02  0.0000000E+00
  2.0799350E+02  6.2108540E-04 -3.4435826E-03 -8.2244227E-04  1.2792837E-02  0.0000000E+00
  2.0799350E+02 -1.8465649E-03 -2.6956597E-03 -8.3808744E-04  1.2483041E-02  0.0000000E+00
  2.0799350E+02 -2.5007117E-03 -2.3303979E-03 -6.0682493E-04  1.2177960E-02  0.0000000E+00
  2.0799350E+02 -3.7850314E-03 -2.4869195E-03 -3.7263966E-04  1.1874600E-02  0.0000000E+00
  2.0799350E+02 -4.5314078E-03 -2.5619151E-03 -3.9662571E-04  1.1573588E-02  0.0000000E+00
  2.0799350E+02 -4.2957236E-03 -2.3494508E-03 -5.1927123E-04  1.1277915E-02  0.0000000E+00
  2.0799350E+02 -3.3310942E-03 -1.8868395E-03 -6.6978605E-04  1.0989937E-02  0.0000000E+00
  2.0799350E+02 -2.1384297E-03 -1.2923590E-03 -8.4200118E-04  1.0710912E-02  0.0000000E+00
  2.0799350E+02 -1.1798273E-03 -6.7561232E-04 -1.0607402E-03  1.0440961E-02  0.0000000E+00
  2.0799350E+02 -7.2691499E-04 -1.0311691E-04 -1.3463061E-03  1.0179323E-02  0.0000000E+00
  2.0799350E+02 -8.1626908E-04  3.9829074E-04 -1.6847261E-03  9.9248028E-03  0.0000000E+00
  2.0799350E+02 -1.2840274E-03  8.1764938E-04 -2.0113996E-03  9.6762839E-03  0.0000000E+00
  2.0799350E+02 -1.8518207E-03  1.1330795E-03 -2.2157903E-03  9.4331901E-03  0.0000000E+00
  2.0799350E+02 -2.2361437E-03  1.2994159E-03 -2.1748077E-03  9.1957829E-03  0.0000000E+00
  2.0799350E+02 -2.2532880E-03  1.2676798E-03 -1.8225205E-03  8.9651752E-03  0.0000000E+00
  2.0799350E+02 -1.8919601E-03  1.0538046E-03 -1.2638457E-03  8.7429436E-03  0.0000000E+00
  2.0799350E+02 -1.3257041E-03  8.7402891E-04 -9.3985610E-04  8.5302229E-03  0.0000000E+00
  2.0799350E+02 -8.0993747E-04  1.1658151E-03 -1.0587261E-03  8.3267806E-03  0.0000000E+00
  2.0799350E+02 -5.2507228E-04  1.2929057E-03 -1.2813766E-03  8.1354365E-03  0.0000000E+00
  2.0799350E+02 -4.4902405E-04  1.2451054E-03 -1.5072029E-03  7.9544138E-03  0.0000000E+00
  2.0799350E+02 -4.1973365E-04  1.1229431E-03 -1.5142567E-03  7.7808277E-03  0.0000000E+00
  2.0799350E+02 -2.7795467E-04  9.6529295E-04 -1.2977453E-03  7.6123334E-03  0.0000000E+00
  2.0799350E+02  6.5013861E-05  7.8883216E-04 -9.4473674E-04  7.4473082E-03  0.0000000E+00
  2.0799350E+02  6.0438022E-04  6.0905132E-04 -5.5545279E-04  7.2848611E-03  0.0000000E+00
  2.0799350E+02  1.2526210E-03  4.4719798E-04 -2.0223439E-04  7.1247129E-03  0.0000000E+00
  2.0799350E+02  1.8728736E-03  3.2753376E-04  8.2740162E-05  6.9669930E-03  0.0000000E+00
  2.0799350E+02  2.3238823E-03  2.6928584E-04  2.9990148E-04  6.8119971E-03  0.0000000E+00
  2.0799350E+02  2.5054736E-03  2.7773694E-04  4.6405119E-04  6.6597019E-03  0.0000000E+00
  2.0799350E+02  2.3927193E-03  3.3851583E-04  5.8288016E-04  6.5105769E-03  0.0000000E+00
  2.0799350E+02  2.0509314E-03  4.2004617E-04  6.4501175E-04  6.3639881E-03  0.0000000E+00
  2.0799350E+02  1.6142093E-03  4.8815403E-04  6.2117939E-04  6.2192564E-03  0.0000000E+00
  2.0799350E+02  1.2224603E-03  5.3719076E-04  4.9162317E-04  6.0756374E-03  0.0000000E+00
  2.0799350E+02  9.0295252E-04  6.4218097E-04  3.0686317E-04  5.9327859E-03  0.0000000E+00
  2.0799350E+02  3.7287278E-04  8.7969193E-04  2.4103815E-04  5.7910640E-03  0.0000000E+00
  2.0799350E+02 -3.7830088E-05  9.6424353E-04  2.7582053E-04  5.6507284E-03  0.0000000E+00
  2.0799350E+02 -1.1905885E-04  1.0435820E-03  3.2617804E-04  5.5132624E-03  0.0000000E+00
  2.0799350E+02 -6.7171503E-05  1.0432556E-03  3.3388739E-04  5.3790428E-03  0.0000000E+00
  2.0799350E+02  1.0883526E-05  9.5722530E-04  3.0425555E-04  5.2482814E-03  0.0000000E+00
  2.0799350E+02  7.2781233E-05  8.1632708E-04  2.6235466E-04  5.1211573E-03  0.0000000E+00
  2.0799350E+02  1.1812404E-04  6.6476214E-04  2.2804932E-04  4.9979026E-03  0.0000000E+00
  2.0799350E+02  1.6838019E-04  5.4373583E-04  2.0589379E-04  4.8788467E-03  0.0000000E+00
  2.0799350E+02  2.5000075E-04  4.8136494E-04  1.8597725E-04  4.7644260E-03  0.0000000E+00
  2.0799350E+02  3.8125934E-04  4.8797364E-04  1.5179467E-04  4.6551636E-03  0.0000000E+00
  2.0799350E+02  5.6335889E-04  5.5589808E-04  9.1221305E-05  4.5516254E-03  0.0000000E+00
  2.0799350E+02  7.7634951E-04  6.6291982E-04  6.6686388E-06  4.4543584E-03  0.0000000E+00
  2.0799350E+02  9.8040174E-04  7.7844814E-04 -7.9500502E-05  4.3638158E-03  0.0000000E+00
  2.0799350E+02  1.1229794E-03  8.7157139E-04 -1.2821969E-04  4.2802766E-03  0.0000000E+00
  2.0799350E+02  1.1524560E-03  9.2009743E-04 -9.9551732E-05  4.2037632E-03  0.0000000E+00
  2.0799350E+02  1.0387196E-03  9.1970323E-04  1.4971226E-05  4.1339647E-03  0.0000000E+00
  2.0799350E+02  8.0130899E-04  8.9231381E-04  1.3957824E-04  4.0701698E-03  0.0000000E+00
  2.0799350E+02  5.4068100E-04  8.3036078E-04  1.9925112E-04  4.0118235E-03  0.0000000E+00
  2.0799350E+02  5.9580408E-04  6.7803247E-04  4.4063637E-04  3.9582455E-03  0.0000000E+00
  2.0799350E+02  7.5829872E-04  5.4388166E-04  6.5813214E-04  3.9070422E-03  0.0000000E+00
  2.0799350E+02  8.4963074E-04  4.4733060E-04  7.9959506E-04  3.8570670E-03  0.0000000E+00
  2.0799350E+02  8.5683684E-04  3.9248686E-04  8.6002225E-04  3.8075757E-03  0.0000000E+00
  2.0799350E+02  8.3752571E-04  3.7438173E-04  8.5537872E-04  3.7581157E-03  0.0000000E+00
  2.0799350E+02  8.5798157E-04  3.8361605E-04  8.0628094E-04  3.7084351E-03  0.0000000E+00
  2.0799350E+02  9.5878549E-04  4.0963310E-04  7.2959373E-04  3.6584104E-03  0.0000000E+00
  2.0799350E+02  1.1423701E-03  4.4283869E-04  6.3599746E-04  3.6079930E-03  0.0000000E+00
  2.0799350E+02  1.3769231E-03  4.7578804E-04  5.3158255E-04  3.5571743E-03  0.0000000E+00
  2.0799350E+02  1.6110552E-03  5.0365955E-04  4.2152838E-04  3.5059689E-03  0.0000000E+00
  2.0799350E+02  1.7936475E-03  5.2423510E-04  3.1392355E-04  3.4544161E-03  0.0000000E+00
  2.0799350E+02  1.8932948E-03  5.3760698E-04  2.2178467E-04  3.4025995E-03  0.0000000E+00
  2.0799350E+02  1.1077729E-04 -6.3968227E-06  9.0295109E-05  6.9126948E-02  0.0000000E+00
  2.0799350E+02  1.4767829E-02  2.1415222E-03 -5.0984767E-03  6.9128257E-02  0.0000000E+00
  2.0799350E+02  4.1753121E-02  6.4981756E-03 -2.4355554E-02  6.7696805E-02  0.0000000E+00
  2.0799350E+02  4.3279102E-02  5.2514487E-03 -1.1072409E-02  6.4881299E-02  0.0000000E+00
  2.0799350E+02  3.5385937E-02 -8.8856790E-04  1.2515231E-02  6.1473893E-02  0.0000000E+00
  2.0799350E+02  2.5152866E-02 -7.8496579E-03  2.4401465E-02  5.8049837E-02  0.0000000E+00
  2.0799350E+02  1.4296649E-02 -1.5971648E-02  2.4517894E-02  5.4906615E-02  0.0000000E+00
  2.0799350E+02  2.7034955E-03 -2.1989414E-02  2.1326082E-02  5.2178648E-02  0.0000000E+00
  2.0799350E+02 -1.6829923E-02 -2.4266380E-02  1.6248464E-02  4.9901868E-02  0.0000000E+00
  2.0799350E+02 -2.8524782E-02 -1.9363903E-02  8.2819809E-03  4.8049251E-02  0.0000000E+00
  2.0799350E+02 -3.6092994E-02 -1.3704778E-02  2.4516801E-03  4.6590848E-02  0.0000000E+00
  2.0799350E+02 -4.4544912E-02 -1.1722831E-02 -1.7370693E-03  4.5461318E-02  0.0000000E+00
  2.0799350E+02 -5.2033568E-02 -1.1580285E-02 -8.2509384E-03  4.4578626E-02  0.0000000E+00
  2.0799350E+02 -5.8595020E-02 -9.1693902E-03 -1.6332998E-02  4.3889037E-02  0.0000000E+00
  2.0799350E+02 -6.8901019E-02 -3.5169666E-03 -2.0459169E-02  4.3378893E-02  0.0000000E+00
  2.0799350E+02 -7.2222226E-02  1.7999546E-03 -2.5420532E-02  4.3017379E-02  0.0000000E+00
  2.0799350E+02 -6.6957431E-02  7.5498728E-03 -2.3428801E-02  4.2761704E-02  0.0000000E+00
  2.0799350E+02 -5.1473826E-02  1.1775983E-02 -1.6117092E-02  4.2551678E-02  0.0000000E+00
  2.0799350E+02 -2.9903137E-02  1.3129749E-02 -8.4629186E-03  4.2312556E-02  0.0000000E+00
  2.0799350E+02 -8.5456857E-03  1.2814976E-02 -3.7587007E-03  4.1981105E-02  0.0000000E+00
  2.0799350E+02  9.1173542E-03  1.2329069E-02 -2.3767913E-03  4.1530223E-02  0.0000000E+00
  2.0799350E+02  2.2781353E-02  1.2377334E-02 -2.4865384E-03  4.0970082E-02  0.0000000E+00
  2.0799350E+02  3.3632533E-02  1.2677438E-02 -1.6838286E-03  4.0329000E-02  0.0000000E+00
  2.0799350E+02  4.2019628E-02  1.2418148E-02  1.2248485E-03  3.9627539E-02  0.0000000E+00
  2.0799350E+02  4.6315044E-02  1.1105917E-02  5.2028001E-03  3.8871893E-02  0.0000000E+00
  2.0799350E+02  4.5156865E-02  9.5655683E-03  7.6133587E-03  3.8059398E-02  0.0000000E+00
  2.0799350E+02  3.7959988E-02  7.7000663E-03  9.9516668E-03  3.7182933E-02  0.0000000E+00
  2.0799350E+02  3.0095004E-02  5.3831658E-03  1.1614159E-02  3.6260956E-02  0.0000000E+00
  2.0799350E+02  2.4367748E-02  3.6688746E-03  1.1709440E-02  3.5288588E-02  0.0000000E+00
  2.0799350E+02  2.0499160E-02  2.3551190E-03  1.0757260E-02  3.4271907E-02  0.0000000E+00
  2.0799350E+02  1.7977631E-02  1.2419256E-03  9.1344139E-03  3.3227472E-02  0.0000000E+00
  2.0799350E+02  1.6139615E-02  2.5184117E-04  7.1670471E-03  3.2168472E-02  0.0000000E+00
  2.0799350E+02  1.4368494E-02 -5.5090428E-04  5.1689356E-03  3.1111083E-02  0.0000000E+00
  2.0799350E+02  1.2276461E-02 -1.0335454E-03  3.4022524E-03  3.0068077E-02  0.0000000E+00
  2.0799350E+02  9.8359456E-03 -1.0953776E-03  2.0190407E-03  2.9044169E-02  0.0000000E+00
  2.0799350E+02  7.4118855E-03 -7.5566860E-04  1.0467302E-03  2.8047522E-02  0.0000000E+00
  2.0799350E+02  5.5576915E-03 -2.0423407E-04  3.9554638E-04  2.7084658E-02  0.0000000E+00
  2.0799350E+02  4.5340337E-03  2.4639016E-04 -3.6494103E-05  2.6154187E-02  0.0000000E+00
  2.0799350E+02  3.5002756E-03  3.2572580E-04 -1.3055909E-04  2.5251592E-02  0.0000000E+00
  2.0799350E+02  1.1990031E-03  3.7875017E-04  2.3704550E-04  2.4375619E-02  0.0000000E+00
  2.0799350E+02 -2.1541708E-04  2.4426911E-04  2.4526478E-04  2.3524272E-02  0.0000000E+00
  2.0799350E+02 -1.2105276E-03 -6.3082998E-05  1.4760134E-04  2.2698167E-02  0.0000000E+00
  2.0799350E+02 -1.9028669E-03 -2.9493909E-04  3.6948266E-05  2.1899328E-02  0.0000000E+00
  2.0799350E+02 -2.3617430E-03 -3.6999429E-04 -6.8309839E-05  2.1128717E-02  0.0000000E+00
  2.0799350E+02 -2.6354764E-03 -3.0435769E-04 -1.9035882E-04  2.0385632E-02  0.0000000E+00
  2.0799350E+02 -2.7594750E-03 -1.5719373E-04 -3.6231827E-04  1.9666225E-02  0.0000000E+00
  2.0799350E+02 -2.7555595E-03  5.0400139E-06 -6.0307204E-04  1.8971661E-02  0.0000000E+00
  2.0799350E+02 -2.6342104E-03  1.3133333E-04 -9.0190650E-04  1.8304018E-02  0.0000000E+00
  2.0799350E+02 -2.3952416E-03  1.9805751E-04 -1.2156231E-03  1.7662424E-02  0.0000000E+00
  2.0799350E+02 -2.0381047E-03  2.0996957E-04 -1.4734922E-03  1.7048880E-02  0.0000000E+00
  2.0799350E+02 -1.5824682E-03  1.9725963E-04 -1.6022904E-03  1.6464110E-02  0.0000000E+00
  2.0799350E+02 -1.1011465E-03  2.0748743E-04 -1.5669119E-03  1.5904890E-02  0.0000000E+00
  2.0799350E+02 -7.8134112E-04  2.9679645E-04 -1.4291376E-03  1.5371827E-02  0.0000000E+00
  2.0799350E+02 -1.0004488E-03  5.2314818E-04 -1.4291316E-03  1.4864407E-02  0.0000000E+00
  2.0799350E+02 -9.6741534E-04  4.8468694E-04 -1.3543197E-03  1.4382272E-02  0.0000000E+00
  2.0799350E+02 -3.5648827E-05  3.6012714E-04 -1.3055941E-03  1.3924056E-02  0.0000000E+00
  2.0799350E+02  4.7420084E-04  3.6803318E-04 -1.4826309E-03  1.3488167E-02  0.0000000E+00
  2.0799350E+02  5.3274255E-04  3.7800029E-04 -1.6264035E-03  1.3071234E-02  0.0000000E+00
  2.0799350E+02  3.3928430E-04  3.5677895E-04 -1.6220021E-03  1.2671465E-02  0.0000000E+00
  2.0799350E+02  1.3196031E-04  3.1654691E-04 -1.4488433E-03  1.2286108E-02  0.0000000E+00
  2.0799350E+02  8.3986020E-05  2.8177466E-04 -1.1402453E-03  1.1914945E-02  0.0000000E+00
  2.0799350E+02  2.5919021E-04  2.7080479E-04 -7.5321756E-04  1.1557854E-02  0.0000000E+00
  2.0799350E+02  6.1871200E-04  2.8914145E-04 -3.4339113E-04  1.1212921E-02  0.0000000E+00
  2.0799350E+02  1.0552030E-03  3.3104435E-04  4.4400742E-05  1.0879922E-02  0.0000000E+00
  2.0799350E+02  1.4441024E-03  3.8548074E-04  3.8307933E-04  1.0558433E-02  0.0000000E+00
  2.0799350E+02  1.6957615E-03  4.4398964E-04  6.6148888E-04  1.0246365E-02  0.0000000E+00
  2.0799350E+02  1.7834474E-03  5.0524529E-04  8.6923252E-04  9.9437423E-03  0.0000000E+00
  2.0799350E+02  1.7448516E-03  5.7541527E-04  9.8103170E-04  9.6486343E-03  0.0000000E+00
  2.0799350E+02  1.6289148E-03  6.5796535E-04  9.2706803E-04  9.3607805E-03  0.0000000E+00
  2.0799350E+02  1.3792426E-03  7.3187891E-04  5.6118500E-04  9.0800429E-03  0.0000000E+00
  2.0799350E+02  9.0334581E-04  6.7054395E-04  6.9583880E-05  8.8057651E-03  0.0000000E+00
  2.0799350E+02  6.3749911E-04  6.2846994E-04  3.0151825E-04  8.5390395E-03  0.0000000E+00
  2.0799350E+02  2.9780905E-04  7.5916438E-04  3.2666522E-04  8.2800016E-03  0.0000000E+00
  2.0799350E+02  2.6585518E-05  9.2488084E-04  2.5777024E-04  8.0291163E-03  0.0000000E+00
  2.0799350E+02 -1.3360090E-04  1.0412315E-03  1.7891033E-04  7.7872298E-03  0.0000000E+00
  2.0799350E+02 -1.9087542E-04  1.0707185E-03  1.3691146E-04  7.5547233E-03  0.0000000E+00
  2.0799350E+02 -1.7011176E-04  1.0127238E-03  1.4224004E-04  7.3307554E-03  0.0000000E+00
  2.0799350E+02 -9.3796189E-05  8.9204100E-04  1.7793514E-04  7.1161261E-03  0.0000000E+00
  2.0799350E+02  2.5326233E-05  7.4638680E-04  2.1255165E-04  6.9103640E-03  0.0000000E+00
  2.0799350E+02  1.8259401E-04  6.1611417E-04  2.1450160E-04  6.7142425E-03  0.0000000E+00
  2.0799350E+02  3.7541387E-04  5.3350847E-04  1.6592015E-04  6.5285428E-03  0.0000000E+00
  2.0799350E+02  5.9656163E-04  5.1490378E-04  7.1672702E-05  6.3530692E-03  0.0000000E+00
  2.0799350E+02  8.2564991E-04  5.5739400E-04 -3.7506698E-05  6.1883679E-03  0.0000000E+00
  2.0799350E+02  1.0280850E-03  6.3825360E-04 -1.1220123E-04  6.0345980E-03  0.0000000E+00
  2.0799350E+02  1.1619552E-03  7.2139654E-04 -1.0425130E-04  5.8907673E-03  0.0000000E+00
  2.0799350E+02  1.1928129E-03  7.6850059E-04 -7.2258304E-07  5.7562682E-03  0.0000000E+00
  2.0799350E+02  1.1265384E-03  7.5901146E-04  1.2226845E-04  5.6301395E-03  0.0000000E+00
  2.0799350E+02  9.2820395E-04  7.3348648E-04  1.5313409E-04  5.5109951E-03  0.0000000E+00
  2.0799350E+02  7.4486098E-04  6.8737055E-04  3.3783906E-04  5.3984696E-03  0.0000000E+00
  2.0799350E+02  7.1812917E-04  6.0193774E-04  5.5304767E-04  5.2904272E-03  0.0000000E+00
  2.0799350E+02  7.4257597E-04  5.1208016E-04  7.3826903E-04  5.1860635E-03  0.0000000E+00
  2.0799350E+02  7.7001246E-04  4.4188201E-04  8.6700157E-04  5.0848892E-03  0.0000000E+00
  2.0799350E+02  7.9146271E-04  4.0292776E-04  9.3215459E-04  4.9860665E-03  0.0000000E+00
  2.0799350E+02  8.2018889E-04  3.9610857E-04  9.3535283E-04  4.8893134E-03  0.0000000E+00
  2.0799350E+02  8.7751847E-04  4.1381043E-04  8.8310835E-04  4.7943398E-03  0.0000000E+00
  2.0799350E+02  9.8179035E-04  4.4400663E-04  7.8439325E-04  4.7003960E-03  0.0000000E+00
  2.0799350E+02  1.1396396E-03  4.7418415E-04  6.5145029E-04  4.6072631E-03  0.0000000E+00
  2.0799350E+02  1.3413796E-03  4.9523213E-04  5.0078382E-04  4.5148340E-03  0.0000000E+00
  2.0799350E+02  1.5618905E-03  5.0436854E-04  3.5266461E-04  4.4227242E-03  0.0000000E+00
  2.0799350E+02  1.7625087E-03  5.0607594E-04  2.3145670E-04  4.3312526E-03  0.0000000E+00
  2.0799350E+02 -9.8364473E-05 -2.8883709E-06  1.0875264E-04  9.7324269E-02  0.0000000E+00
  2.0799350E+02  2.5318921E-02  2.0684365E-03 -3.5295781E-03  9.6753201E-02  0.0000000E+00
  2.0799350E+02  3.1168587E-02  5.8442877E-03 -4.3206692E-02  9.4615410E-02  0.0000000E+00
  2.0799350E+02  2.1268188E-02  5.6004141E-03 -3.7343315E-02  9.0834589E-02  0.0000000E+00
  2.0799350E+02  1.4035885E-02 -3.5024618E-03 -1.1149457E-02  8.6234843E-02  0.0000000E+00
  2.0799350E+02  2.8321730E-03 -1.8057332E-02  4.6931624E-03  8.1451156E-02  0.0000000E+00
  2.0799350E+02 -1.0177173E-02 -3.1244759E-02  1.0935332E-02  7.6850543E-02  0.0000000E+00
  2.0799350E+02 -2.4561945E-02 -3.8800128E-02  1.0310783E-02  7.2621932E-02  0.0000000E+00
  2.0799350E+02 -3.7680719E-02 -4.1753327E-02  6.4988306E-03  6.8840192E-02  0.0000000E+00
  2.0799350E+02 -4.6834291E-02 -4.0337387E-02  2.2387959E-03  6.5522086E-02  0.0000000E+00
  2.0799350E+02 -5.4931926E-02 -3.3151341E-02 -1.7132261E-03  6.2641641E-02  0.0000000E+00
  2.0799350E+02 -6.2689778E-02 -2.2608507E-02 -5.5402818E-03  6.0159187E-02  0.0000000E+00
  2.0799350E+02 -6.7229746E-02 -1.2793857E-02 -9.1275535E-03  5.8030698E-02  0.0000000E+00
  2.0799350E+02 -6.5297629E-02 -4.7500533E-03 -1.1298890E-02  5.6192497E-02  0.0000000E+00
  2.0799350E+02 -5.8218570E-02  4.0492498E-03 -1.0996225E-02  5.4565537E-02  0.0000000E+00
  2.0799350E+02 -5.3512502E-02  1.1836811E-02 -1.2106190E-02  5.3064076E-02  0.0000000E+00
  2.0799350E+02 -4.6378439E-02  1.8156245E-02 -1.1365150E-02  5.1638610E-02  0.0000000E+00
  2.0799350E+02 -3.7900183E-02  2.2269188E-02 -8.7258788E-03  5.0248980E-02  0.0000000E+00
  2.0799350E+02 -2.8217253E-02  2.3272768E-02 -6.0818766E-03  4.8862834E-02  0.0000000E+00
  2.0799350E+02 -1.7326313E-02  2.1371874E-02 -3.8760483E-03  4.7470361E-02  0.0000000E+00
  2.0799350E+02 -6.3908017E-03  1.7883895E-02 -2.2687501E-03  4.6069435E-02  0.0000000E+00
  2.0799350E+02  2.9178735E-03  1.4531493E-02 -1.3657953E-03  4.4666160E-02  0.0000000E+00
  2.0799350E+02  9.9191507E-03  1.2515392E-02 -9.5657088E-04  4.3262074E-02  0.0000000E+00
  2.0799350E+02  1.5718945E-02  1.1914509E-02 -2.7023260E-04  4.1866145E-02  0.0000000E+00
  2.0799350E+02  2.2327158E-02  1.1758753E-02  1.7945891E-03  4.0483510E-02  0.0000000E+00
  2.0799350E+02  2.8541020E-02  1.1342562E-02  5.4545588E-03  3.9116685E-02  0.0000000E+00
  2.0799350E+02  3.0647253E-02  1.1594079E-02  5.7722558E-03  3.7767228E-02  0.0000000E+00
  2.0799350E+02  3.0105220E-02  1.0739714E-02  5.3050126E-03  3.6418569E-02  0.0000000E+00
  2.0799350E+02  2.7578560E-02  9.0040751E-03  5.2664817E-03  3.5077685E-02  0.0000000E+00
  2.0799350E+02  2.4794339E-02  6.9227871E-03  4.9240060E-03  3.3750356E-02  0.0000000E+00
  2.0799350E+02  2.2525066E-02  4.9119650E-03  4.0277340E-03  3.2442030E-02  0.0000000E+00
  2.0799350E+02  2.0812301E-02  3.2299387E-03  2.7700485E-03  3.1161020E-02  0.0000000E+00
  2.0799350E+02  1.9259191E-02  1.9818483E-03  1.5838827E-03  2.9909700E-02  0.0000000E+00
  2.0799350E+02  1.7372764E-02  1.1847256E-03  8.9928262E-04  2.8696767E-02  0.0000000E+00
  2.0799350E+02  1.4842598E-02  8.1116649E-04  8.9547021E-04  2.7527333E-02  0.0000000E+00
  2.0799350E+02  1.1741002E-02  8.3309131E-04  1.3659000E-03  2.6404147E-02  0.0000000E+00
  2.0799350E+02  8.5722095E-03  1.2219693E-03  1.7675671E-03  2.5328996E-02  0.0000000E+00
  2.0799350E+02  6.0831654E-03  1.8901454E-03  1.5434204E-03  2.4296080E-02  0.0000000E+00
  2.0799350E+02  4.8613470E-03  2.5375745E-03  7.9013031E-04  2.3305080E-02  0.0000000E+00
  2.0799350E+02  3.0012982E-03  2.4534328E-03  1.4938227E-04  2.2351349E-02  0.0000000E+00
  2.0799350E+02  6.8543904E-04  1.7093657E-03 -3.9551818E-04  2.1433803E-02  0.0000000E+00
  2.0799350E+02 -7.3913839E-04  9.5768868E-04 -6.3935182E-04  2.0554845E-02  0.0000000E+00
  2.0799350E+02 -1.6397847E-03  4.5357419E-04 -8.0790063E-04  1.9709365E-02  0.0000000E+00
  2.0799350E+02 -2.1890417E-03  2.2771201E-04 -9.6723394E-04  1.8898391E-02  0.0000000E+00
  2.0799350E+02 -2.4415419E-03  1.9796494E-04 -1.1222495E-03  1.8122042E-02  0.0000000E+00
  2.0799350E+02 -2.3992649E-03  2.5188124E-04 -1.2668595E-03  1.7380459E-02  0.0000000E+00
  2.0799350E+02 -2.0736258E-03  2.9657007E-04 -1.4005764E-03  1.6674716E-02  0.0000000E+00
  2.0799350E+02 -1.5283712E-03  2.8295760E-04 -1.5246567E-03  1.6002030E-02  0.0000000E+00
  2.0799350E+02 -9.0451981E-04  2.0863521E-04 -1.6268182E-03  1.5363073E-02  0.0000000E+00
  2.0799350E+02 -4.0719987E-04  1.0649907E-04 -1.6714237E-03  1.4757233E-02  0.0000000E+00
  2.0799350E+02 -2.5297195E-04  2.2944866E-05 -1.6043190E-03  1.4184881E-02  0.0000000E+00
  2.0799350E+02 -5.6653025E-04 -9.1073803E-06 -1.3849357E-03  1.3643449E-02  0.0000000E+00
  2.0799350E+02 -1.2210912E-03  4.9465552E-06 -1.0598878E-03  1.3132964E-02  0.0000000E+00
  2.0799350E+02 -1.6073022E-03  8.4565109E-07 -8.8861349E-04  1.2651438E-02  0.0000000E+00
  2.0799350E+02 -1.1855188E-03 -9.9987280E-05 -1.2411026E-03  1.2195572E-02  0.0000000E+00
  2.0799350E+02 -6.6278450E-04 -5.5327339E-05 -1.4085527E-03  1.1763819E-02  0.0000000E+00
  2.0799350E+02 -1.5557383E-04  3.7930999E-05 -1.4645963E-03  1.1352672E-02  0.0000000E+00
  2.0799350E+02  1.6560083E-04  1.0187926E-04 -1.4768851E-03  1.0961781E-02  0.0000000E+00
  2.0799350E+02  2.9587489E-04  1.2981100E-04 -1.4259107E-03  1.0590288E-02  0.0000000E+00
  2.0799350E+02  3.1367533E-04  1.4779425E-04 -1.2755397E-03  1.0237177E-02  0.0000000E+00
  2.0799350E+02  3.2023940E-04  1.8815657E-04 -1.0124089E-03  9.9016567E-03  0.0000000E+00
  2.0799350E+02  3.9846215E-04  2.7372181E-04 -6.5742951E-04  9.5809206E-03  0.0000000E+00
  2.0799350E+02  5.8909888E-04  4.0994580E-04 -2.6360344E-04  9.2737081E-03  0.0000000E+00
  2.0799350E+02  8.8188903E-04  5.8439569E-04  1.0214920E-04  8.9782056E-03  0.0000000E+00
  2.0799350E+02  1.2200723E-03  7.7109237E-04  3.8001529E-04  8.6928595E-03  0.0000000E+00
  2.0799350E+02  1.5157414E-03  9.3797594E-04  5.3647089E-04  8.4170290E-03  0.0000000E+00
  2.0799350E+02  1.6768241E-03  1.0573059E-03  5.7556204E-04  8.1492168E-03  0.0000000E+00
  2.0799350E+02  1.6360731E-03  1.1130062E-03  5.3208123E-04  7.8898338E-03  0.0000000E+00
  2.0799350E+02  1.3909076E-03  1.1091252E-03  4.4509814E-04  7.6390480E-03  0.0000000E+00
  2.0799350E+02  1.0436952E-03  1.0730912E-03  3.0041195E-04  7.3967445E-03  0.0000000E+00
  2.0799350E+02  7.4506264E-04  9.7944013E-04  1.3822246E-04  7.1624133E-03  0.0000000E+00
  2.0799350E+02  4.8373157E-04  7.7564017E-04  2.7307953E-04  6.9357015E-03  0.0000000E+00
  2.0799350E+02  3.5520916E-04  6.7634162E-04  3.7841378E-04  6.7176992E-03  0.0000000E+00
  2.0799350E+02  2.5167975E-04  6.5821136E-04  4.8306628E-04  6.5088354E-03  0.0000000E+00
  2.0799350E+02  1.3096732E-04  6.8646018E-04  5.5439398E-04  6.3091810E-03  0.0000000E+00
  2.0799350E+02 -2.1792107E-06  7.2620311E-04  5.5379337E-04  6.1190412E-03  0.0000000E+00
  2.0799350E+02 -1.1618942E-04  7.5030993E-04  4.6590658E-04  5.9378277E-03  0.0000000E+00
  2.0799350E+02 -1.6934923E-04  7.4310362E-04  3.0746347E-04  5.7660537E-03  0.0000000E+00
  2.0799350E+02 -1.2665081E-04  7.0194019E-04  1.2145670E-04  5.6039987E-03  0.0000000E+00
  2.0799350E+02  2.7587683E-05  6.3607992E-04 -3.8032308E-05  5.4522118E-03  0.0000000E+00
  2.0799350E+02  2.8316979E-04  5.6301847E-04 -1.2591838E-04  5.3103875E-03  0.0000000E+00
  2.0799350E+02  6.0045796E-04  5.0453462E-04 -1.2153751E-04  5.1788051E-03  0.0000000E+00
  2.0799350E+02  9.1634598E-04  4.8053819E-04 -3.9637230E-05  5.0571821E-03  0.0000000E+00
  2.0799350E+02  1.1575224E-03  5.0287249E-04  7.3217694E-05  4.9448883E-03  0.0000000E+00
  2.0799350E+02  1.2633782E-03  5.6877728E-04  1.6045378E-04  4.8411279E-03  0.0000000E+00
  2.0799350E+02  1.2201147E-03  6.5541327E-04  2.0208607E-04  4.7443491E-03  0.0000000E+00
  2.0799350E+02  1.1052111E-03  7.1393613E-04  2.8958857E-04  4.6535152E-03  0.0000000E+00
  2.0799350E+02  8.9758236E-04  7.3545000E-04  4.3953506E-04  4.5673063E-03  0.0000000E+00
  2.0799350E+02  7.2939640E-04  7.6051256E-04  4.7836752E-04  4.4850163E-03  0.0000000E+00
  2.0799350E+02  7.9588313E-04  7.2521932E-04  6.3292667E-04  4.4063685E-03  0.0000000E+00
  2.0799350E+02  8.9907238E-04  6.6401940E-04  7.8696263E-04  4.3302496E-03  0.0000000E+00
  2.0799350E+02  9.5879684E-04  6.0340524E-04  8.8503844E-04  4.2562292E-03  0.0000000E+00
  2.0799350E+02  9.6897860E-04  5.5921874E-04  9.1126710E-04  4.1838237E-03  0.0000000E+00
  2.0799350E+02  9.6167106E-04  5.3679008E-04  8.7234435E-04  4.1125476E-03  0.0000000E+00
  2.0799350E+02  9.7917738E-04  5.3297218E-04  7.8585547E-04  4.0420313E-03  0.0000000E+00
  2.0799350E+02  1.0543655E-03  5.3942968E-04  6.7182549E-04  3.9715965E-03  0.0000000E+00
  2.0799350E+02  1.1984666E-03  5.4648657E-04  5.4918646E-04  3.9010628E-03  0.0000000E+00
  2.0799350E+02  1.3964761E-03  5.4679201E-04  4.3326231E-04  3.8303572E-03  0.0000000E+00
  2.0799350E+02  1.6098910E-03  5.3824749E-04  3.3562944E-04  3.7597041E-03  0.0000000E+00
  2.0799350E+02  1.7863237E-03  5.2544764E-04  2.6488111E-04  3.6897638E-03  0.0000000E+00
  2.0799350E+02 -2.2740596E-04  3.8696315E-06  2.9349970E-06  5.6590535E-02  0.0000000E+00
  2.0799350E+02  2.5768646E-02  1.3084594E-03 -5.8948161E-03  5.4960255E-02  0.0000000E+00
  2.0799350E+02  7.3398115E-03  6.9571901E-03 -5.0119157E-02  5.2483429E-02  0.0000000E+00
  2.0799350E+02 -4.2265415E-03  7.7273629E-03 -5.1811296E-02  4.8842991E-02  0.0000000E+00
  2.0799350E+02 -4.4122777E-03 -3.9562887E-03 -2.1510777E-02  4.4516605E-02  0.0000000E+00
  2.0799350E+02 -1.0296763E-02 -2.2685806E-02  4.0325753E-03  4.0013107E-02  0.0000000E+00
  2.0799350E+02 -2.0631659E-02 -4.0624878E-02  1.5841738E-02  3.5693593E-02  0.0000000E+00
  2.0799350E+02 -3.0371626E-02 -5.1462377E-02  1.8603554E-02  3.1784780E-02  0.0000000E+00
  2.0799350E+02 -3.8068221E-02 -5.4145714E-02  1.5918896E-02  2.8393551E-02  0.0000000E+00
  2.0799350E+02 -4.5368762E-02 -4.9902273E-02  9.8211090E-03  2.5535957E-02  0.0000000E+00
  2.0799350E+02 -5.1725131E-02 -4.0873646E-02  4.1872873E-03  2.3177678E-02  0.0000000E+00
  2.0799350E+02 -5.6811326E-02 -2.9262632E-02 -4.0385899E-04  2.1239415E-02  0.0000000E+00
  2.0799350E+02 -6.0297427E-02 -1.7180836E-02 -4.6462516E-03  1.9642807E-02  0.0000000E+00
  2.0799350E+02 -6.1326152E-02 -6.2231208E-03 -6.2797404E-03  1.8316148E-02  0.0000000E+00
  2.0799350E+02 -5.9185712E-02  2.2613138E-03 -2.8998913E-03  1.7207149E-02  0.0000000E+00
  2.0799350E+02 -5.5759067E-02  7.9149930E-03 -1.8385714E-04  1.6262550E-02  0.0000000E+00
  2.0799350E+02 -4.7506218E-02  1.1416874E-02  5.5791238E-04  1.5432952E-02  0.0000000E+00
  2.0799350E+02 -3.7701164E-02  1.4064246E-02 -1.5685231E-03  1.4677165E-02  0.0000000E+00
  2.0799350E+02 -2.8327383E-02  1.6449942E-02 -2.4892111E-03  1.3978178E-02  0.0000000E+00
  2.0799350E+02 -1.9194670E-02  1.7950687E-02 -1.9825648E-03  1.3329971E-02  0.0000000E+00
  2.0799350E+02 -1.0017228E-02  1.8474806E-02 -1.1533718E-03  1.2732146E-02  0.0000000E+00
  2.0799350E+02 -1.2499545E-03  1.8539474E-02 -8.1978047E-04  1.2181836E-02  0.0000000E+00
  2.0799350E+02  5.9585117E-03  1.8530302E-02 -7.9613993E-04  1.1669876E-02  0.0000000E+00
  2.0799350E+02  1.0384425E-02  1.8024529E-02 -8.9499726E-05  1.1184863E-02  0.0000000E+00
  2.0799350E+02  1.1845158E-02  1.6059448E-02  1.9690917E-03  1.0711595E-02  0.0000000E+00
  2.0799350E+02  1.2288074E-02  1.3220813E-02  3.6529703E-03  1.0241484E-02  0.0000000E+00
  2.0799350E+02  1.3978862E-02  1.0848899E-02  5.5488195E-03  9.7745831E-03  0.0000000E+00
  2.0799350E+02  1.8030218E-02  8.6672304E-03  5.5402996E-03  9.3141964E-03  0.0000000E+00
  2.0799350E+02  1.9918805E-02  7.3240583E-03  4.0511343E-03  8.8575427E-03  0.0000000E+00
  2.0799350E+02  1.8583853E-02  6.1966815E-03  2.7128419E-03  8.4061477E-03  0.0000000E+00
  2.0799350E+02  1.5441410E-02  4.9869968E-03  1.7754448E-03  7.9632063E-03  0.0000000E+00
  2.0799350E+02  1.2256119E-02  3.7324831E-03  1.0193672E-03  7.5344541E-03  0.0000000E+00
  2.0799350E+02  1.0054927E-02  2.6543939E-03  2.4624473E-04  7.1223025E-03  0.0000000E+00
  2.0799350E+02  8.9212588E-03  1.9656633E-03 -5.2578294E-04  6.7285701E-03  0.0000000E+00
  2.0799350E+02  8.2926141E-03  1.6868473E-03 -1.0913331E-03  6.3538412E-03  0.0000000E+00
  2.0799350E+02  7.5043683E-03  1.5612359E-03 -1.2048374E-03  5.9973061E-03  0.0000000E+00
  2.0799350E+02  6.2981283E-03  1.1476461E-03 -7.5275582E-04  5.6597440E-03  0.0000000E+00
  2.0799350E+02  4.9850229E-03  1.6956938E-04  1.4370866E-04  5.3401069E-03  0.0000000E+00
  2.0799350E+02  4.0016895E-03 -7.9961897E-04  1.1960244E-03  5.0379715E-03  0.0000000E+00
  2.0799350E+02  2.7584678E-03 -1.2385454E-03  1.6789007E-03  4.7500794E-03  0.0000000E+00
  2.0799350E+02  1.5489874E-03 -1.4900882E-03  9.6140388E-04  4.4741861E-03  0.0000000E+00
  2.0799350E+02  5.0165403E-04 -1.0592284E-03 -7.0417526E-05  4.2132376E-03  0.0000000E+00
  2.0799350E+02 -3.4614584E-04 -4.9078833E-04 -9.7257112E-04  3.9678778E-03  0.0000000E+00
  2.0799350E+02 -8.7752113E-04 -7.3099215E-05 -1.5250169E-03  3.7370877E-03  0.0000000E+00
  2.0799350E+02 -1.0307883E-03  1.0983955E-04 -1.6925348E-03  3.5209012E-03  0.0000000E+00
  2.0799350E+02 -8.5912871E-04  1.1472389E-04 -1.5719906E-03  3.3185587E-03  0.0000000E+00
  2.0799350E+02 -5.1690037E-04  6.0265137E-05 -1.3184647E-03  3.1303070E-03  0.0000000E+00
  2.0799350E+02 -2.0927891E-04  5.7710702E-05 -1.0785204E-03  2.9565373E-03  0.0000000E+00
  2.0799350E+02 -1.2198698E-04  1.5636510E-04 -9.3745101E-04  2.7986337E-03  0.0000000E+00
  2.0799350E+02 -3.4492455E-04  3.1680928E-04 -8.8749927E-04  2.6567207E-03  0.0000000E+00
  2.0799350E+02 -8.2300403E-04  4.2390278E-04 -8.3814347E-04  2.5305299E-03  0.0000000E+00
  2.0799350E+02 -1.3453286E-03  3.5021512E-04 -6.7317358E-04  2.4188581E-03  0.0000000E+00
  2.0799350E+02 -1.5975556E-03  8.1344555E-05 -3.6885172E-04  2.3194524E-03  0.0000000E+00
  2.0799350E+02 -1.2965098E-03 -8.1448497E-05 -1.8875860E-04  2.2301238E-03  0.0000000E+00
  2.0799350E+02 -7.0196852E-04 -8.4181338E-05 -5.3560437E-04  2.1502901E-03  0.0000000E+00
  2.0799350E+02 -8.5605808E-05 -1.3724525E-04 -8.0197406E-04  2.0806608E-03  0.0000000E+00
  2.0799350E+02  4.4590016E-04 -7.9278335E-05 -9.9385417E-04  2.0195026E-03  0.0000000E+00
  2.0799350E+02  7.7960391E-04 -5.0919374E-05 -1.1033461E-03  1.9661466E-03  0.0000000E+00
  2.0799350E+02  9.5812976E-04 -5.4489787E-05 -1.1113987E-03  1.9193854E-03  0.0000000E+00
  2.0799350E+02  1.0726224E-03 -3.7346273E-05 -1.0093007E-03  1.8779572E-03  0.0000000E+00
  2.0799350E+02  1.2009212E-03  5.4358273E-05 -8.0870527E-04  1.8404504E-03  0.0000000E+00
  2.0799350E+02  1.3757890E-03  2.4484057E-04 -5.4327264E-04  1.8056669E-03  0.0000000E+00
  2.0799350E+02  1.5806337E-03  5.1916196E-04 -2.5936246E-04  1.7723500E-03  0.0000000E+00
  2.0799350E+02  1.7613536E-03  8.2753517E-04 -5.9689080E-06  1.7395670E-03  0.0000000E+00
  2.0799350E+02  1.8501143E-03  1.1007931E-03  1.7825167E-04  1.7067380E-03  0.0000000E+00
  2.0799350E+02  1.7925455E-03  1.2721488E-03  2.7624955E-04  1.6736419E-03  0.0000000E+00
  2.0799350E+02  1.5726370E-03  1.2995147E-03  2.9884059E-04  1.6406678E-03  0.0000000E+00
  2.0799350E+02  1.2259785E-03  1.1880096E-03  2.8515865E-04  1.6084204E-03  0.0000000E+00
  2.0799350E+02  8.3607358E-04  1.0018060E-03  2.9106133E-04  1.5778322E-03  0.0000000E+00
  2.0799350E+02  5.0551048E-04  8.6611928E-04  3.6576840E-04  1.5498465E-03  0.0000000E+00
  2.0799350E+02  2.2605096E-04  7.9538087E-04  4.9519807E-04  1.5246092E-03  0.0000000E+00
  2.0799350E+02  1.9772157E-04  5.6854404E-04  5.4899317E-04  1.5014041E-03  0.0000000E+00
  2.0799350E+02  3.9372951E-04  4.7976216E-04  5.2745400E-04  1.4815007E-03  0.0000000E+00
  2.0799350E+02  5.4442122E-04  4.5968558E-04  4.4717972E-04  1.4649155E-03  0.0000000E+00
  2.0799350E+02  5.8259476E-04  4.7120978E-04  3.3587093E-04  1.4522959E-03  0.0000000E+00
  2.0799350E+02  5.4372643E-04  4.9403053E-04  2.2083187E-04  1.4442505E-03  0.0000000E+00
  2.0799350E+02  4.9494951E-04  5.1582468E-04  1.2334171E-04  1.4411832E-03  0.0000000E+00
  2.0799350E+02  4.9274994E-04  5.2807099E-04  5.5999708E-05  1.4431356E-03  0.0000000E+00
  2.0799350E+02  5.6249780E-04  5.2535544E-04  2.2873974E-05  1.4498034E-03  0.0000000E+00
  2.0799350E+02  6.9423256E-04  5.0671674E-04  2.1737213E-05  1.4605697E-03  0.0000000E+00
  2.0799350E+02  8.5206870E-04  4.7743175E-04  4.6846061E-05  1.4747142E-03  0.0000000E+00
  2.0799350E+02  9.8976808E-04  4.4986913E-04  9.2556124E-05  1.4915236E-03  0.0000000E+00
  2.0799350E+02  1.0691547E-03  4.4198841E-04  1.5603972E-04  1.5104549E-03  0.0000000E+00
  2.0799350E+02  1.0754364E-03  4.7198661E-04  2.3800759E-04  1.5310554E-03  0.0000000E+00
  2.0799350E+02  1.0263791E-03  5.4747381E-04  3.4223483E-04  1.5531147E-03  0.0000000E+00
  2.0799350E+02  9.6750758E-04  6.4816209E-04  4.7082822E-04  1.5763443E-03  0.0000000E+00
  2.0799350E+02  9.5098995E-04  7.0014724E-04  6.1624464E-04  1.6000787E-03  0.0000000E+00
  2.0799350E+02  9.1180997E-04  6.6028916E-04  7.2480778E-04  1.6233503E-03  0.0000000E+00
  2.0799350E+02  9.3620213E-04  6.4872072E-04  7.5473513E-04  1.6467293E-03  0.0000000E+00
  2.0799350E+02  1.0364348E-03  6.1660143E-04  7.7722428E-04  1.6691458E-03  0.0000000E+00
  2.0799350E+02  1.0968507E-03  6.0431016E-04  7.9793285E-04  1.6900832E-03  0.0000000E+00
  2.0799350E+02  1.1003144E-03  6.1539411E-04  8.0366228E-04  1.7090797E-03  0.0000000E+00
  2.0799350E+02  1.0786876E-03  6.3745485E-04  7.8058700E-04  1.7256907E-03  0.0000000E+00
  2.0799350E+02  1.0770929E-03  6.5584562E-04  7.2380492E-04  1.7397439E-03  0.0000000E+00
  2.0799350E+02  1.1305483E-03  6.6099588E-04  6.3980721E-04  1.7512212E-03  0.0000000E+00
  2.0799350E+02  1.2517649E-03  6.5093869E-04  5.4396705E-04  1.7603024E-03  0.0000000E+00
  2.0799350E+02  1.4267440E-03  6.3047967E-04  4.5584787E-04  1.7672801E-03  0.0000000E+00
  2.0799350E+02  1.6202021E-03  6.0797621E-04  3.9165140E-04  1.7726153E-03  0.0000000E+00
  2.0799350E+02  1.7848329E-03  5.9145433E-04  3.5925597E-04  1.7768246E-03  0.0000000E+00
  2.0799350E+02  1.8757867E-03  5.8517082E-04  3.5516898E-04  1.7804579E-03  0.0000000E+00
  2.0799350E+02 -1.9269029E-04  7.1445789E-08  3.0454866E-06 -3.0473513E-02  0.0000000E+00
  2.0799350E+02  2.1529707E-02  7.0405233E-04 -5.3722798E-04 -3.1188717E-02  0.0000000E+00
  2.0799350E+02 -1.0697265E-02  4.8062648E-03 -2.4413875E-02 -3.1488065E-02  0.0000000E+00
  2.0799350E+02 -2.2780886E-02  5.6587439E-03 -3.4188301E-02 -3.1932242E-02  0.0000000E+00
  2.0799350E+02 -1.3850623E-02 -3.6201029E-03 -1.8371995E-02 -3.2689210E-02  0.0000000E+00
  2.0799350E+02 -1.1172716E-02 -1.8537089E-02  2.4660633E-03 -3.3603339E-02  0.0000000E+00
  2.0799350E+02 -1.4515320E-02 -3.3827178E-02  1.5857974E-02 -3.4474337E-02  0.0000000E+00
  2.0799350E+02 -2.0208985E-02 -4.4133963E-02  2.1469726E-02 -3.5147448E-02  0.0000000E+00
  2.0799350E+02 -2.6718630E-02 -4.8606578E-02  2.0043803E-02 -3.5534449E-02  0.0000000E+00
  2.0799350E+02 -3.1474137E-02 -4.8676801E-02  1.4956340E-02 -3.5605926E-02  0.0000000E+00
  2.0799350E+02 -3.3951431E-02 -4.4673212E-02  9.1521720E-03 -3.5374015E-02  0.0000000E+00
  2.0799350E+02 -3.5629700E-02 -3.7150829E-02  3.6193355E-03 -3.4874066E-02  0.0000000E+00
  2.0799350E+02 -3.7498701E-02 -2.7381305E-02 -8.0440933E-04 -3.4151195E-02  0.0000000E+00
  2.0799350E+02 -3.9129343E-02 -1.6949721E-02 -3.6131566E-03 -3.3259895E-02  0.0000000E+00
  2.0799350E+02 -3.8770267E-02 -7.4695145E-03 -5.2967283E-03 -3.2252432E-02  0.0000000E+00
  2.0799350E+02 -3.6253515E-02 -9.9716811E-04 -6.0288495E-03 -3.1188769E-02  0.0000000E+00
  2.0799350E+02 -3.2875630E-02  3.4241565E-03 -4.1523320E-03 -3.0110882E-02  0.0000000E+00
  2.0799350E+02 -2.8934485E-02  6.2441440E-03 -2.8630312E-03 -2.9039239E-02  0.0000000E+00
  2.0799350E+02 -2.5129211E-02  8.0891834E-03 -2.3970504E-03 -2.7982174E-02  0.0000000E+00
  2.0799350E+02 -2.0676633E-02  9.3725435E-03 -1.9855149E-03 -2.6938370E-02  0.0000000E+00
  2.0799350E+02 -1.4976701E-02  1.0347174E-02 -1.2978717E-03 -2.5915802E-02  0.0000000E+00
  2.0799350E+02 -8.2356853E-03  1.1166770E-02 -5.9663200E-04 -2.4918282E-02  0.0000000E+00
  2.0799350E+02 -1.4759426E-03  1.1890869E-02 -2.3745298E-04 -2.3948927E-02  0.0000000E+00
  2.0799350E+02  3.8735503E-03  1.2480378E-02 -1.0780281E-04 -2.3012660E-02  0.0000000E+00
  2.0799350E+02  6.7098740E-03  1.2800676E-02  3.9760916E-04 -2.2104974E-02  0.0000000E+00
  2.0799350E+02  6.8223705E-03  1.2620479E-02  1.2521846E-03 -2.1220254E-02  0.0000000E+00
  2.0799350E+02  9.2927497E-03  1.2061900E-02  1.9368701E-03 -2.0364238E-02  0.0000000E+00
  2.0799350E+02  1.0230101E-02  1.1093078E-02  3.1222128E-03 -1.9540100E-02  0.0000000E+00
  2.0799350E+02  9.8987456E-03  9.5107107E-03  3.7471134E-03 -1.8758814E-02  0.0000000E+00
  2.0799350E+02  9.9356097E-03  7.5235791E-03  3.6063285E-03 -1.8023570E-02  0.0000000E+00
  2.0799350E+02  1.0501785E-02  5.4545885E-03  2.8031545E-03 -1.7334138E-02  0.0000000E+00
  2.0799350E+02  1.1078073E-02  3.6253908E-03  1.6503751E-03 -1.6691034E-02  0.0000000E+00
  2.0799350E+02  1.1054913E-02  2.2380905E-03  5.2793073E-04 -1.6087893E-02  0.0000000E+00
  2.0799350E+02  1.0100347E-02  1.3490732E-03 -2.3365348E-04 -1.5521607E-02  0.0000000E+00
  2.0799350E+02  8.3203065E-03  8.4819480E-04 -4.7184596E-04 -1.4985394E-02  0.0000000E+00
  2.0799350E+02  6.2016836E-03  5.2211334E-04 -2.3836591E-04 -1.4473077E-02  0.0000000E+00
  2.0799350E+02  4.3691604E-03  1.6724512E-04  2.1223050E-04 -1.3982308E-02  0.0000000E+00
  2.0799350E+02  3.0930166E-03 -2.3195567E-04  5.3820080E-04 -1.3509681E-02  0.0000000E+00
  2.0799350E+02  1.6278389E-03 -2.4555354E-04  5.4114857E-04 -1.3054127E-02  0.0000000E+00
  2.0799350E+02  8.9008372E-05  8.6733330E-05  3.4845149E-04 -1.2618015E-02  0.0000000E+00
  2.0799350E+02  4.4813560E-04 -7.2434712E-05 -3.3835666E-05 -1.2197091E-02  0.0000000E+00
  2.0799350E+02  6.6290209E-04 -2.1501232E-04 -4.0848463E-04 -1.1790582E-02  0.0000000E+00
  2.0799350E+02  4.9393721E-04 -3.7980563E-04 -6.8772920E-04 -1.1397049E-02  0.0000000E+00
  2.0799350E+02  4.5878991E-05 -5.2818875E-04 -8.4941428E-04 -1.1015942E-02  0.0000000E+00
  2.0799350E+02 -4.6653819E-04 -6.0163041E-04 -9.0835679E-04 -1.0648494E-02  0.0000000E+00
  2.0799350E+02 -8.6397769E-04 -5.6018311E-04 -8.9557134E-04 -1.0292513E-02  0.0000000E+00
  2.0799350E+02 -1.0581622E-03 -4.0026021E-04 -8.4077396E-04 -9.9476621E-03  0.0000000E+00
  2.0799350E+02 -1.0609595E-03 -1.5739636E-04 -7.6233421E-04 -9.6112185E-03  0.0000000E+00
  2.0799350E+02 -9.4800473E-04  1.0392303E-04 -6.6311390E-04 -9.2805207E-03  0.0000000E+00
  2.0799350E+02 -8.1178363E-04  3.0783759E-04 -5.3354979E-04 -8.9551728E-03  0.0000000E+00
  2.0799350E+02 -7.1590597E-04  3.9659339E-04 -3.5934208E-04 -8.6338718E-03  0.0000000E+00
  2.0799350E+02 -6.7693419E-04  3.5882533E-04 -1.3690500E-04 -8.3163628E-03  0.0000000E+00
  2.0799350E+02 -6.9139443E-04  2.6223100E-04  1.0324183E-04 -8.0048700E-03  0.0000000E+00
  2.0799350E+02 -8.2948722E-04  2.8313255E-04  2.7057325E-04 -7.6993645E-03  0.0000000E+00
  2.0799350E+02 -7.1652262E-04  3.3886801E-04  1.5424015E-04 -7.4016567E-03  0.0000000E+00
  2.0799350E+02 -1.9781265E-04  3.0133080E-04 -1.7010637E-04 -7.1117458E-03  0.0000000E+00
  2.0799350E+02  3.3276057E-04  3.3776492E-04 -4.9685981E-04 -6.8291175E-03  0.0000000E+00
  2.0799350E+02  8.6077770E-04  4.0015220E-04 -7.4164621E-04 -6.5551170E-03  0.0000000E+00
  2.0799350E+02  1.3303602E-03  4.7304063E-04 -8.7319215E-04 -6.2890416E-03  0.0000000E+00
  2.0799350E+02  1.6860794E-03  5.5933168E-04 -8.9180152E-04 -6.0321405E-03  0.0000000E+00
  2.0799350E+02  1.9030278E-03  6.6895944E-04 -8.1733909E-04 -5.7842249E-03  0.0000000E+00
  2.0799350E+02  1.9880213E-03  8.0863150E-04 -6.7741091E-04 -5.5451179E-03  0.0000000E+00
  2.0799350E+02  1.9716331E-03  9.7370787E-04 -5.0166795E-04 -5.3157891E-03  0.0000000E+00
  2.0799350E+02  1.8928134E-03  1.1464700E-03 -3.1540229E-04 -5.0953090E-03  0.0000000E+00
  2.0799350E+02  1.7810826E-03  1.2947635E-03 -1.3955618E-04 -4.8840871E-03  0.0000000E+00
  2.0799350E+02  1.6423701E-03  1.3802148E-03  1.2149931E-05 -4.6810406E-03  0.0000000E+00
  2.0799350E+02  1.4556818E-03  1.3688241E-03  1.3145111E-04 -4.4848933E-03  0.0000000E+00
  2.0799350E+02  1.1867864E-03  1.2502886E-03  2.1380800E-04 -4.2952991E-03  0.0000000E+00
  2.0799350E+02  8.2037967E-04  1.0641573E-03  2.5824475E-04 -4.1109743E-03  0.0000000E+00
  2.0799350E+02  4.2217531E-04  9.3411242E-04  2.6525382E-04 -3.9311725E-03  0.0000000E+00
  2.0799350E+02  2.1230342E-04  9.2178581E-04  2.3619658E-04 -3.7562160E-03  0.0000000E+00
  2.0799350E+02  2.8738822E-04  7.2208163E-04  2.1119799E-04 -3.5836542E-03  0.0000000E+00
  2.0799350E+02  4.6703877E-04  6.3205756E-04  2.0197871E-04 -3.4143566E-03  0.0000000E+00
  2.0799350E+02  6.2392481E-04  5.8348171E-04  1.9891337E-04 -3.2467545E-03  0.0000000E+00
  2.0799350E+02  7.2321503E-04  5.4824336E-04  1.9720806E-04 -3.0800118E-03  0.0000000E+00
  2.0799350E+02  7.7898818E-04  5.1789963E-04  1.9470482E-04 -2.9147538E-03  0.0000000E+00
  2.0799350E+02  8.2396609E-04  4.9091748E-04  1.9078324E-04 -2.7508090E-03  0.0000000E+00
  2.0799350E+02  8.8730469E-04  4.6693636E-04  1.8607901E-04 -2.5894106E-03  0.0000000E+00
  2.0799350E+02  9.8312103E-04  4.4475509E-04  1.8256280E-04 -2.4309646E-03  0.0000000E+00
  2.0799350E+02  1.1060390E-03  4.2370455E-04  1.8384121E-04 -2.2758126E-03  0.0000000E+00
  2.0799350E+02  1.2322694E-03  4.0616395E-04  1.9523541E-04 -2.1249333E-03  0.0000000E+00
  2.0799350E+02  1.3280378E-03  3.9929154E-04  2.2340395E-04 -1.9782036E-03  0.0000000E+00
  2.0799350E+02  1.3595118E-03  4.1508886E-04  2.7531107E-04 -1.8352571E-03  0.0000000E+00
  2.0799350E+02  1.3061971E-03  4.6630057E-04  3.5555776E-04 -1.6962802E-03  0.0000000E+00
  2.0799350E+02  1.1755321E-03  5.5740491E-04  4.6349287E-04 -1.5603702E-03  0.0000000E+00
  2.0799350E+02  1.0179751E-03  6.6739029E-04  5.8670186E-04 -1.4277704E-03  0.0000000E+00
  2.0799350E+02  9.3852227E-04  7.2563087E-04  6.9490202E-04 -1.2984817E-03  0.0000000E+00
  2.0799350E+02  9.8960357E-04  6.7489723E-04  7.3936626E-04 -1.1729673E-03  0.0000000E+00
  2.0799350E+02  1.0508640E-03  6.3319081E-04  7.4025070E-04 -1.0516855E-03  0.0000000E+00
  2.0799350E+02  1.1600935E-03  5.8133753E-04  7.3622318E-04 -9.3521644E-04  0.0000000E+00
  2.0799350E+02  1.2522095E-03  5.5643856E-04  7.3619252E-04 -8.2436714E-04  0.0000000E+00
  2.0799350E+02  1.3041501E-03  5.6194586E-04  7.3350834E-04 -7.1903354E-04  0.0000000E+00
  2.0799350E+02  1.3204198E-03  5.8575447E-04  7.1869277E-04 -6.1892557E-04  0.0000000E+00
  2.0799350E+02  1.3207371E-03  6.1178204E-04  6.8665104E-04 -5.2411724E-04  0.0000000E+00
  2.0799350E+02  1.3292150E-03  6.2740640E-04  6.3913983E-04 -4.3402250E-04  0.0000000E+00
  2.0799350E+02  1.3654421E-03  6.2655580E-04  5.8401727E-04 -3.4802232E-04  0.0000000E+00
  2.0799350E+02  1.4379091E-03  6.1012347E-04  5.3274599E-04 -2.6593330E-04  0.0000000E+00
  2.0799350E+02  1.5413218E-03  5.8421374E-04  4.9578292E-04 -1.8697834E-04  0.0000000E+00
  2.0799350E+02  1.6559008E-03  5.5750816E-04  4.7939655E-04 -1.1099539E-04  0.0000000E+00
  2.0799350E+02  1.7529285E-03  5.3795306E-04  4.8259317E-04 -3.7440055E-05  0.0000000E+00
  2.0799350E+02 -3.9841251E-05  3.8467405E-07 -5.5508003E-08 -8.3581782E-02  0.0000000E+00
  2.0799350E+02  1.7014560E-02  1.5042523E-04  1.0010602E-03 -8.3003663E-02  0.0000000E+00
  2.0799350E+02 -2.0701157E-04  2.3562191E-03 -5.3872865E-03 -8.1704903E-02  0.0000000E+00
  2.0799350E+02 -2.5455221E-02  5.2701519E-03 -1.8720163E-02 -7.9828413E-02  0.0000000E+00
  2.0799350E+02 -1.5716296E-02  2.9155390E-03 -2.0557429E-02 -7.7842097E-02  0.0000000E+00
  2.0799350E+02 -4.3479451E-03 -4.5883059E-03 -1.1741463E-02 -7.5985779E-02  0.0000000E+00
  2.0799350E+02  1.5044791E-05 -1.4077259E-02 -2.4515201E-03 -7.4284302E-02  0.0000000E+00
  2.0799350E+02 -1.6689135E-03 -2.2485746E-02  2.9466200E-03 -7.2672163E-02  0.0000000E+00
  2.0799350E+02 -6.5914851E-03 -2.7482665E-02  5.7126811E-03 -7.1069339E-02  0.0000000E+00
  2.0799350E+02 -1.2110841E-02 -2.9360514E-02  5.2831264E-03 -6.9415805E-02  0.0000000E+00
  2.0799350E+02 -1.6821814E-02 -2.8757645E-02  3.3293341E-03 -6.7671572E-02  0.0000000E+00
  2.0799350E+02 -2.0715746E-02 -2.6942521E-02  1.7160374E-03 -6.5821830E-02  0.0000000E+00
  2.0799350E+02 -2.3946628E-02 -2.4886913E-02  5.8485492E-04 -6.3879564E-02  0.0000000E+00
  2.0799350E+02 -2.6240601E-02 -2.2335551E-02 -8.1931139E-04 -6.1879761E-02  0.0000000E+00
  2.0799350E+02 -2.7185530E-02 -1.8460039E-02 -2.5974989E-03 -5.9863880E-02  0.0000000E+00
  2.0799350E+02 -2.7473867E-02 -1.3751687E-02 -4.2549904E-03 -5.7856695E-02  0.0000000E+00
  2.0799350E+02 -2.6247485E-02 -8.9323805E-03 -6.2361749E-03 -5.5869833E-02  0.0000000E+00
  2.0799350E+02 -2.3919596E-02 -4.1767857E-03 -6.7598506E-03 -5.3910321E-02  0.0000000E+00
  2.0799350E+02 -2.1175675E-02  1.4329800E-04 -6.2245631E-03 -5.1988108E-02  0.0000000E+00
  2.0799350E+02 -1.8174253E-02  3.1210512E-03 -5.4703322E-03 -5.0111990E-02  0.0000000E+00
  2.0799350E+02 -1.4909572E-02  4.5192382E-03 -4.7056297E-03 -4.8287736E-02  0.0000000E+00
  2.0799350E+02 -1.1484904E-02  4.8793305E-03 -3.5879616E-03 -4.6518258E-02  0.0000000E+00
  2.0799350E+02 -8.2290115E-03  5.0165006E-03 -1.8545538E-03 -4.4804743E-02  0.0000000E+00
  2.0799350E+02 -5.5882561E-03  5.3818342E-03  1.0036152E-04 -4.3147687E-02  0.0000000E+00
  2.0799350E+02 -3.7268434E-03  5.7731089E-03  1.3051628E-03 -4.1546751E-02  0.0000000E+00
  2.0799350E+02 -1.7676982E-03  5.8754884E-03  1.5508593E-03 -3.9998389E-02  0.0000000E+00
  2.0799350E+02  5.1397240E-04  5.6679253E-03  2.1763663E-03 -3.8498578E-02  0.0000000E+00
  2.0799350E+02  3.5564324E-03  6.3218232E-03  1.8857301E-03 -3.7047884E-02  0.0000000E+00
  2.0799350E+02  5.9975743E-03  7.0509546E-03  1.6511797E-03 -3.5641726E-02  0.0000000E+00
  2.0799350E+02  7.1037302E-03  7.1815197E-03  1.7697860E-03 -3.4286643E-02  0.0000000E+00
  2.0799350E+02  7.2103948E-03  6.6525232E-03  2.0767593E-03 -3.2991324E-02  0.0000000E+00
  2.0799350E+02  6.9313942E-03  5.6941416E-03  2.2508092E-03 -3.1761341E-02  0.0000000E+00
  2.0799350E+02  6.7207753E-03  4.6033116E-03  2.0364403E-03 -3.0597163E-02  0.0000000E+00
  2.0799350E+02  6.7096913E-03  3.6061482E-03  1.3773249E-03 -2.9494574E-02  0.0000000E+00
  2.0799350E+02  6.7405555E-03  2.7968050E-03  4.5489361E-04 -2.8446556E-02  0.0000000E+00
  2.0799350E+02  6.5207394E-03  2.1423858E-03 -3.7371672E-04 -2.7445750E-02  0.0000000E+00
  2.0799350E+02  5.8180894E-03  1.5435186E-03 -7.4421567E-04 -2.6486583E-02  0.0000000E+00
  2.0799350E+02  4.6205360E-03  9.4020202E-04 -5.6607330E-04 -2.5566139E-02  0.0000000E+00
  2.0799350E+02  3.1820698E-03  4.5253515E-04 -4.2165420E-04 -2.4682896E-02  0.0000000E+00
  2.0799350E+02  1.8982738E-03  1.2473967E-05 -7.1792448E-04 -2.3835266E-02  0.0000000E+00
  2.0799350E+02  1.0168131E-03 -2.8189212E-04 -4.0961683E-04 -2.3019071E-02  0.0000000E+00
  2.0799350E+02  4.5245582E-04 -3.6301054E-04 -2.8304983E-04 -2.2231609E-02  0.0000000E+00
  2.0799350E+02  1.2929793E-04 -4.5543948E-04 -3.5915678E-04 -2.1472483E-02  0.0000000E+00
  2.0799350E+02 -1.8524825E-05 -6.1942279E-04 -5.2394287E-04 -2.0740928E-02  0.0000000E+00
  2.0799350E+02 -6.3357174E-05 -8.2379854E-04 -6.5049198E-04 -2.0035817E-02  0.0000000E+00
  2.0799350E+02 -8.2244747E-05 -1.0005382E-03 -6.6277966E-04 -1.9355635E-02  0.0000000E+00
  2.0799350E+02 -1.4368173E-04 -1.0828208E-03 -5.5438840E-04 -1.8698466E-02  0.0000000E+00
  2.0799350E+02 -2.8971275E-04 -1.0285448E-03 -3.7522179E-04 -1.8062030E-02  0.0000000E+00
  2.0799350E+02 -5.2021615E-04 -8.3118351E-04 -1.9931398E-04 -1.7443791E-02  0.0000000E+00
  2.0799350E+02 -7.8619551E-04 -5.1988598E-04 -8.6830868E-05 -1.6841196E-02  0.0000000E+00
  2.0799350E+02 -9.9890667E-04 -1.5072815E-04 -5.3359383E-05 -1.6252055E-02  0.0000000E+00
  2.0799350E+02 -1.0616472E-03  2.0898170E-04 -5.9581430E-05 -1.5675119E-02  0.0000000E+00
  2.0799350E+02 -9.3103532E-04  5.0143972E-04 -3.4428795E-05 -1.5110884E-02  0.0000000E+00
  2.0799350E+02 -7.1460553E-04  7.0222143E-04  5.5184482E-05 -1.4562647E-02  0.0000000E+00
  2.0799350E+02 -2.0678217E-04  6.3858976E-04  2.1586308E-04 -1.4031412E-02  0.0000000E+00
  2.0799350E+02  2.1791664E-04  5.3535063E-04  9.6118189E-05 -1.3517721E-02  0.0000000E+00
  2.0799350E+02  3.6609241E-04  5.5306809E-04 -1.5651798E-04 -1.3022490E-02  0.0000000E+00
  2.0799350E+02  4.6950974E-04  6.2611837E-04 -3.5682585E-04 -1.2543873E-02  0.0000000E+00
  2.0799350E+02  6.1870561E-04  7.1669480E-04 -4.6049102E-04 -1.2081279E-02  0.0000000E+00
  2.0799350E+02  8.2175636E-04  8.0953298E-04 -4.8850197E-04 -1.1634587E-02  0.0000000E+00
  2.0799350E+02  1.0477148E-03  9.0427264E-04 -4.7903555E-04 -1.1203673E-02  0.0000000E+00
  2.0799350E+02  1.2565205E-03  1.0068420E-03 -4.6155405E-04 -1.0788178E-02  0.0000000E+00
  2.0799350E+02  1.4171852E-03  1.1212504E-03 -4.4783768E-04 -1.0387468E-02  0.0000000E+00
  2.0799350E+02  1.5160579E-03  1.2431759E-03 -4.3467635E-04 -1.0000716E-02  0.0000000E+00
  2.0799350E+02  1.5569698E-03  1.3567324E-03 -4.1294455E-04 -9.6270372E-03  0.0000000E+00
  2.0799350E+02  1.5550647E-03  1.4358035E-03 -3.7778319E-04 -9.2656256E-03  0.0000000E+00
  2.0799350E+02  1.5261156E-03  1.4513287E-03 -3.3461222E-04 -8.9158236E-03  0.0000000E+00
  2.0799350E+02  1.4731307E-03  1.3859269E-03 -2.9569789E-04 -8.5770605E-03  0.0000000E+00
  2.0799350E+02  1.3720532E-03  1.2572447E-03 -2.6199847E-04 -8.2486004E-03  0.0000000E+00
  2.0799350E+02  1.1583545E-03  1.1514143E-03 -1.8501233E-04 -7.9290347E-03  0.0000000E+00
  2.0799350E+02  7.6841600E-04  1.1285432E-03  1.4590367E-05 -7.6168257E-03  0.0000000E+00
  2.0799350E+02  5.9788280E-04  9.6076107E-04  7.4289180E-05 -7.3121870E-03  0.0000000E+00
  2.0799350E+02  5.8842088E-04  8.6578295E-04  9.7734639E-05 -7.0128413E-03  0.0000000E+00
  2.0799350E+02  6.3191888E-04  7.9658208E-04  1.2121514E-04 -6.7192725E-03  0.0000000E+00
  2.0799350E+02  6.9061165E-04  7.2637534E-04  1.5538246E-04 -6.4315192E-03  0.0000000E+00
  2.0799350E+02  7.6376617E-04  6.4543250E-04  1.9853728E-04 -6.1496115E-03  0.0000000E+00
  2.0799350E+02  8.6376082E-04  5.5674265E-04  2.4502772E-04 -5.8737840E-03  0.0000000E+00
  2.0799350E+02  1.0003925E-03  4.7106759E-04  2.8974955E-04 -5.6045136E-03  0.0000000E+00
  2.0799350E+02  1.1722460E-03  4.0191231E-04  3.2973645E-04 -5.3424327E-03  0.0000000E+00
  2.0799350E+02  1.3636096E-03  3.6098629E-04  3.6377276E-04 -5.0886220E-03  0.0000000E+00
  2.0799350E+02  1.5479191E-03  3.5435798E-04  3.9136701E-04 -4.8425929E-03  0.0000000E+00
  2.0799350E+02  1.6911491E-03  3.8082041E-04  4.1117176E-04 -4.6048964E-03  0.0000000E+00
  2.0799350E+02  1.7611740E-03  4.3145484E-04  4.2107634E-04 -4.3751761E-03  0.0000000E+00
  2.0799350E+02  1.7366287E-03  4.9223270E-04  4.2000348E-04 -4.1526758E-03  0.0000000E+00
  2.0799350E+02  1.6161778E-03  5.4961020E-04  4.1279277E-04 -3.9364533E-03  0.0000000E+00
  2.0799350E+02  1.4266902E-03  5.9974843E-04  4.1909208E-04 -3.7258195E-03  0.0000000E+00
  2.0799350E+02  1.2291546E-03  6.6188891E-04  4.8724542E-04 -3.5210519E-03  0.0000000E+00
  2.0799350E+02  1.0719574E-03  7.4117760E-04  6.3802948E-04 -3.3224914E-03  0.0000000E+00
  2.0799350E+02  1.0206086E-03  7.2689904E-04  7.0381500E-04 -3.1292261E-03  0.0000000E+00
  2.0799350E+02  1.0898049E-03  6.9488993E-04  7.3618034E-04 -2.9436333E-03  0.0000000E+00
  2.0799350E+02  1.1973607E-03  6.7179186E-04  7.4316996E-04 -2.7657259E-03  0.0000000E+00
  2.0799350E+02  1.2919127E-03  6.6420290E-04  7.2946535E-04 -2.5954221E-03  0.0000000E+00
  2.0799350E+02  1.3521977E-03  6.6765919E-04  6.9988340E-04 -2.4324728E-03  0.0000000E+00
  2.0799350E+02  1.3813925E-03  6.7325601E-04  6.6082264E-04 -2.2764512E-03  0.0000000E+00
  2.0799350E+02  1.3982357E-03  6.7220124E-04  6.2015141E-04 -2.1267872E-03  0.0000000E+00
  2.0799350E+02  1.4266499E-03  6.5859462E-04  5.8603237E-04 -1.9828325E-03  0.0000000E+00
  2.0799350E+02  1.4855850E-03  6.3072587E-04  5.6517727E-04 -1.8439388E-03  0.0000000E+00
  2.0799350E+02  1.5808014E-03  5.9118494E-04  5.6102639E-04 -1.7095358E-03  0.0000000E+00
  2.0799350E+02  1.7003136E-03  5.4607750E-04  5.7234663E-04 -1.5791903E-03  0.0000000E+00
  2.0799350E+02  1.8152118E-03  5.0363901E-04  5.9274257E-04 -1.4526334E-03  0.0000000E+00
