          atime           conv           prod        pres_tr        pres_df        garbage
  2.0799350E+02  1.8193562E-06 -3.1936336E-09  1.4274002E-05  2.3697610E-05  6.4295529E-06
  2.0799350E+02  1.4004586E-03  3.8780137E-03  1.7625718E-03  1.7658419E-03 -1.0082160E-08
  2.0799350E+02  5.0788221E-03  2.9548638E-02 -4.5373404E-03 -4.4699308E-03  0.0000000E+00
  2.0799350E+02  8.3217978E-03  7.2257804E-02 -9.4187487E-03 -9.4205059E-03  0.0000000E+00
  2.0799350E+02  8.1022697E-03  9.3477833E-02 -1.0701672E-02 -1.0588847E-02  0.0000000E+00
  2.0799350E+02  8.1197041E-03  8.2322125E-02 -9.9436503E-03 -9.9374056E-03  0.0000000E+00
  2.0799350E+02  6.4813280E-03  5.9520900E-02 -9.0241673E-03 -8.9305029E-03  0.0000000E+00
  2.0799350E+02  3.4103502E-03  4.0242568E-02 -8.2712948E-03 -8.2164926E-03  6.8136945E-07
  2.0799350E+02 -9.4329913E-04  2.7600361E-02 -7.1431852E-03 -7.1379649E-03 -3.2666093E-07
  2.0799350E+02 -5.3047810E-03  1.9898347E-02 -5.3837637E-03 -5.4403868E-03  4.0644708E-07
  2.0799350E+02 -9.0412323E-03  1.5413119E-02 -3.1557556E-03 -3.2175847E-03 -1.3243377E-07
  2.0799350E+02 -1.2074244E-02  1.2881815E-02 -8.1938077E-04 -8.4350579E-04 -1.6935169E-07
  2.0799350E+02 -1.4496197E-02  1.1505358E-02  1.2445621E-03  1.2514182E-03  1.6364140E-07
  2.0799350E+02 -1.6483434E-02  1.0792303E-02  2.7638271E-03  2.8174697E-03 -1.1902844E-08
  2.0799350E+02 -1.8190383E-02  1.0420313E-02  3.6836631E-03  3.8057882E-03 -3.0055563E-08
  2.0799350E+02 -1.9391394E-02  1.0232088E-02  4.0659122E-03  4.1936752E-03  0.0000000E+00
  2.0799350E+02 -2.0034077E-02  1.0221465E-02  4.1229603E-03  4.2339402E-03  0.0000000E+00
  2.0799350E+02 -1.9531698E-02  1.0309160E-02  4.1052312E-03  4.1628186E-03  0.0000000E+00
  2.0799350E+02 -1.8175079E-02  1.0438415E-02  4.0477125E-03  4.1542523E-03  0.0000000E+00
  2.0799350E+02 -1.6501334E-02  1.0571875E-02  3.9104146E-03  4.0969081E-03  0.0000000E+00
  2.0799350E+02 -1.4861493E-02  1.0661532E-02  3.6087527E-03  3.8194114E-03  0.0000000E+00
  2.0799350E+02 -1.3349318E-02  1.0661107E-02  3.0744107E-03  3.2325850E-03  0.0000000E+00
  2.0799350E+02 -1.1955218E-02  1.0552623E-02  2.3169320E-03  2.3904894E-03  0.0000000E+00
  2.0799350E+02 -1.0715612E-02  1.0370804E-02  1.4598737E-03  1.4817489E-03  0.0000000E+00
  2.0799350E+02 -9.6411437E-03  1.0198152E-02  6.9797982E-04  7.2792957E-04  0.0000000E+00
  2.0799350E+02 -8.2702655E-03  1.0113097E-02  1.7019348E-04  2.2160926E-04  0.0000000E+00
  2.0799350E+02 -6.9413678E-03  1.0055009E-02 -6.7433001E-05 -7.2494113E-05  8.7335366E-07
  2.0799350E+02 -5.3511586E-03  9.9547180E-03 -7.6509796E-05 -5.2787749E-05 -8.4062783E-07
  2.0799350E+02 -3.9590478E-03  9.7270218E-03 -1.8814521E-05 -4.0656381E-06 -4.0957940E-08
  2.0799350E+02 -3.0955706E-03  9.3596160E-03 -3.0280910E-05 -5.7357757E-05  4.1761377E-07
  2.0799350E+02 -2.5208107E-03  8.8971655E-03 -1.9011260E-04 -2.3259570E-04  2.1693549E-07
  2.0799350E+02 -1.9040046E-03  8.4053014E-03 -4.8103666E-04 -4.8524066E-04 -1.4412169E-07
  2.0799350E+02 -1.0581359E-03  7.9389684E-03 -8.0609438E-04 -7.4192239E-04 -2.5287971E-07
  2.0799350E+02 -1.3726242E-05  7.5350484E-03 -1.0324982E-03 -9.2072826E-04 -7.6253668E-08
  2.0799350E+02  1.0476828E-03  7.2022987E-03 -1.0551748E-03 -9.5261929E-04  1.3797869E-07
  2.0799350E+02  1.9057295E-03  6.9280044E-03 -8.4529076E-04 -7.9704479E-04  1.4593342E-07
  2.0799350E+02  2.4147444E-03  6.6883601E-03 -4.7647673E-04 -4.6681902E-04 -3.5899950E-08
  2.0799350E+02  2.5739562E-03  6.4588277E-03 -9.7616220E-05 -5.9001440E-05 -1.1172256E-07
  2.0799350E+02  2.4643300E-03  6.2308439E-03  1.5960512E-04  1.9733099E-04  6.4104760E-08
  2.0799350E+02  2.1301390E-03  6.0328400E-03  2.4079703E-04  2.4022558E-04  0.0000000E+00
  2.0799350E+02  1.4860514E-03  5.8281036E-03  2.6643077E-04  2.8891570E-04  0.0000000E+00
  2.0799350E+02  9.8458924E-04  5.6090396E-03  3.2276581E-04  3.1023325E-04  0.0000000E+00
  2.0799350E+02  7.7406233E-04  5.3925018E-03  4.0081961E-04  3.8000208E-04  0.0000000E+00
  2.0799350E+02  7.4042002E-04  5.1901576E-03  4.9900370E-04  5.0017372E-04  0.0000000E+00
  2.0799350E+02  7.1772385E-04  5.0085073E-03  6.1359240E-04  6.4313262E-04  0.0000000E+00
  2.0799350E+02  5.9843237E-04  4.8467896E-03  7.3613068E-04  7.7972069E-04  0.0000000E+00
  2.0799350E+02  3.6798985E-04  4.7010186E-03  8.5171955E-04  8.8934852E-04  0.0000000E+00
  2.0799350E+02  8.3569261E-05  4.5639464E-03  9.4294736E-04  9.6322678E-04  0.0000000E+00
  2.0799350E+02 -1.7463952E-04  4.4283385E-03  9.9282024E-04  9.9867425E-04  0.0000000E+00
  2.0799350E+02 -3.5563535E-04  4.2898356E-03  9.8866000E-04  9.9247432E-04  0.0000000E+00
  2.0799350E+02 -4.7538147E-04  4.1471806E-03  9.2564052E-04  9.3666221E-04  0.0000000E+00
  2.0799350E+02 -6.0677787E-04  4.0036852E-03  8.0684326E-04  8.1960184E-04  0.0000000E+00
  2.0799350E+02 -8.0378909E-04  3.8674753E-03  6.4176423E-04  6.3915385E-04  0.0000000E+00
  2.0799350E+02 -9.3596407E-04  3.7474797E-03  4.3746771E-04  4.2777722E-04  0.0000000E+00
  2.0799350E+02 -7.9356590E-04  3.6168509E-03  2.4938182E-04  2.4802595E-04  2.1296927E-06
  2.0799350E+02 -8.4030302E-04  3.4964458E-03  1.3708816E-04  1.2602704E-04 -7.6075771E-07
  2.0799350E+02 -8.6114429E-04  3.4099191E-03  7.0899646E-05  6.3554639E-05 -5.6908027E-07
  2.0799350E+02 -8.1418030E-04  3.3415131E-03  3.8646296E-05  3.5718270E-05  1.2402599E-07
  2.0799350E+02 -7.4148545E-04  3.2769343E-03  2.1198023E-05  2.0871144E-05  4.1936623E-07
  2.0799350E+02 -6.9141921E-04  3.2070081E-03  7.4211742E-07  2.4886458E-06  2.7668087E-07
  2.0799350E+02 -6.8045452E-04  3.1276543E-03 -3.4821935E-05 -3.0086034E-05 -2.9705062E-08
  2.0799350E+02 -6.8714293E-04  3.0396600E-03 -8.9709711E-05 -8.1056420E-05 -2.3550780E-07
  2.0799350E+02 -6.6611187E-04  2.9477588E-03 -1.5974978E-04 -1.4774389E-04 -2.2772325E-07
  2.0799350E+02 -5.7334339E-04  2.8574934E-03 -2.3465849E-04 -2.2190992E-04 -5.9793926E-08
  2.0799350E+02 -3.9349122E-04  2.7742875E-03 -2.9987774E-04 -2.9032957E-04  1.1907289E-07
  2.0799350E+02 -1.5698798E-04  2.7003204E-03 -3.4103026E-04 -3.3812248E-04  1.7176510E-07
  2.0799350E+02  6.0111112E-05  2.6336853E-03 -3.4720399E-04 -3.5171598E-04  6.6509919E-08
  2.0799350E+02  1.6310672E-04  2.5682732E-03 -3.1488710E-04 -3.2370045E-04 -8.5547774E-08
  2.0799350E+02  1.0769227E-04  2.4940305E-03 -2.5129354E-04 -2.5912840E-04 -1.0149595E-07
  2.0799350E+02  1.2249321E-05  2.3999623E-03 -1.7639666E-04 -1.8284393E-04  5.1491724E-08
  2.0799350E+02  1.5677538E-04  2.2827339E-03 -1.0374257E-04 -1.0432055E-04  0.0000000E+00
  2.0799350E+02  1.8646422E-04  2.1637375E-03 -5.4808443E-05 -4.1736233E-05  0.0000000E+00
  2.0799350E+02  2.0934664E-04  2.0481238E-03 -6.2304058E-05 -6.0221867E-05  0.0000000E+00
  2.0799350E+02  1.9560553E-04  1.9375489E-03 -8.7449073E-05 -9.4023251E-05  0.0000000E+00
  2.0799350E+02  1.4675713E-04  1.8318884E-03 -1.0638756E-04 -1.1265925E-04  0.0000000E+00
  2.0799350E+02  8.1031131E-05  1.7309280E-03 -1.0767759E-04 -1.0763635E-04  0.0000000E+00
  2.0799350E+02  2.1209712E-05  1.6337686E-03 -8.9820995E-05 -8.2937030E-05  0.0000000E+00
  2.0799350E+02 -1.2811979E-05  1.5406345E-03 -5.8347838E-05 -4.8186641E-05  0.0000000E+00
  2.0799350E+02 -9.9185216E-06  1.4516979E-03 -2.2685480E-05 -1.3902470E-05  0.0000000E+00
  2.0799350E+02  3.0451293E-05  1.3674961E-03  6.6305419E-06  1.1009745E-05  0.0000000E+00
  2.0799350E+02  9.7935989E-05  1.2890827E-03  2.0320219E-05  2.0348106E-05  0.0000000E+00
  2.0799350E+02  1.7405379E-04  1.2168032E-03  1.2766522E-05  1.1185167E-05  0.0000000E+00
  2.0799350E+02  2.3633265E-04  1.1505119E-03 -1.6899950E-05 -1.6593178E-05  0.0000000E+00
  2.0799350E+02  2.6386888E-04  1.0897059E-03 -6.3925089E-05 -6.0178368E-05  0.0000000E+00
  2.0799350E+02  2.4531767E-04  1.0327266E-03 -1.1883677E-04 -1.1395956E-04  0.0000000E+00
  2.0799350E+02  1.8706139E-04  9.7792914E-04 -1.6853953E-04 -1.6771622E-04  0.0000000E+00
  2.0799350E+02  1.2241881E-04  9.2357733E-04 -2.0005721E-04 -2.0462186E-04  0.0000000E+00
  2.0799350E+02  9.6066871E-05  8.6793923E-04 -2.1343048E-04 -2.1297237E-04  3.2181337E-06
  2.0799350E+02  2.3805354E-06  8.0432749E-04 -2.0790989E-04 -2.0967162E-04 -5.4904336E-07
  2.0799350E+02 -9.1329140E-05  7.3756790E-04 -1.8950075E-04 -1.9446631E-04 -7.2364014E-07
  2.0799350E+02 -1.3794459E-04  6.7218806E-04 -1.7438083E-04 -1.7986976E-04 -4.6669151E-08
  2.0799350E+02 -1.3756905E-04  6.0976806E-04 -1.6834180E-04 -1.7181792E-04  3.8123627E-07
  2.0799350E+02 -1.0970152E-04  5.5044421E-04 -1.7105725E-04 -1.7153132E-04  3.6265889E-07
  2.0799350E+02 -7.6312747E-05  4.9402096E-04 -1.7912434E-04 -1.7714670E-04  9.1389438E-08
  2.0799350E+02 -5.1995834E-05  4.3987659E-04 -1.8833556E-04 -1.8525607E-04 -1.6993911E-07
  2.0799350E+02 -4.0905910E-05  3.8761860E-04 -1.9514459E-04 -1.9226577E-04 -2.5788274E-07
  2.0799350E+02 -3.8086022E-05  3.3747737E-04 -1.9743557E-04 -1.9540758E-04 -1.5747748E-07
  2.0799350E+02 -3.3566635E-05  2.8964635E-04 -1.9487046E-04 -1.9354438E-04  2.9256965E-08
  2.0799350E+02 -1.7963247E-05  2.4488415E-04 -1.8870957E-04 -1.8746089E-04  1.6108765E-07
  2.0799350E+02  1.2535441E-05  2.0372466E-04 -1.8133423E-04 -1.7970915E-04  1.4796244E-07
  2.0799350E+02 -2.1325300E-07  0.0000000E+00  0.0000000E+00 -9.9969854E-07 -8.6477933E-05
  2.0799350E+02  2.6193008E-04  3.2894314E-04  4.2807374E-03  4.2939325E-03  1.7657261E-07
  2.0799350E+02  1.5116138E-03  2.5522942E-03  2.4963482E-03  2.4692931E-03  0.0000000E+00
  2.0799350E+02  4.6063566E-03  9.5117738E-03  4.7996660E-04  4.7321425E-04  0.0000000E+00
  2.0799350E+02  9.1970684E-03  2.6547160E-02 -9.5731116E-04 -1.0035188E-03  0.0000000E+00
  2.0799350E+02  1.5089128E-02  5.5620971E-02 -2.0855752E-03 -2.0308536E-03  0.0000000E+00
  2.0799350E+02  2.1243150E-02  8.6626242E-02 -2.6581835E-03 -2.6534609E-03  0.0000000E+00
  2.0799350E+02  2.8212952E-02  1.0290222E-01 -3.2293512E-03 -3.2513772E-03 -9.2206676E-06
  2.0799350E+02  3.1340518E-02  9.7937458E-02 -3.5798743E-03 -3.7765395E-03  4.3482570E-06
  2.0799350E+02  3.2090629E-02  8.0083601E-02 -3.6410856E-03 -3.5840323E-03 -5.3651383E-06
  2.0799350E+02  2.9543673E-02  5.9853381E-02 -3.2493235E-03 -3.0821916E-03  1.7374484E-06
  2.0799350E+02  2.4372285E-02  4.3279519E-02 -2.5270248E-03 -2.4416058E-03  2.2385355E-06
  2.0799350E+02  1.8613371E-02  3.1639372E-02 -1.5523499E-03 -1.5234647E-03 -2.1535551E-06
  2.0799350E+02  1.3006678E-02  2.3821142E-02 -3.8623147E-04 -3.0637065E-04  1.5431745E-07
  2.0799350E+02  6.6656326E-03  1.8808473E-02  8.6575106E-04  9.3073333E-04  4.0615954E-07
  2.0799350E+02  1.7282349E-03  1.5660754E-02  2.1292631E-03  2.1566204E-03  0.0000000E+00
  2.0799350E+02 -2.7437447E-03  1.3732629E-02  3.3195859E-03  3.3126872E-03  0.0000000E+00
  2.0799350E+02 -5.6597793E-03  1.2618661E-02  4.2123863E-03  4.1534923E-03  0.0000000E+00
  2.0799350E+02 -7.2045805E-03  1.2005680E-02  4.6797775E-03  4.6083955E-03  0.0000000E+00
  2.0799350E+02 -8.2287376E-03  1.1653390E-02  4.7883445E-03  4.7616170E-03  0.0000000E+00
  2.0799350E+02 -9.2484864E-03  1.1420500E-02  4.6409346E-03  4.6746960E-03  0.0000000E+00
  2.0799350E+02 -1.0240361E-02  1.1253793E-02  4.3174541E-03  4.3682997E-03  0.0000000E+00
  2.0799350E+02 -1.0886279E-02  1.1160656E-02  3.8684876E-03  3.8738539E-03  0.0000000E+00
  2.0799350E+02 -1.0963963E-02  1.1170079E-02  3.3347472E-03  3.2848185E-03  0.0000000E+00
  2.0799350E+02 -1.0591115E-02  1.1286788E-02  2.7458419E-03  2.7153486E-03  0.0000000E+00
  2.0799350E+02 -9.9911962E-03  1.1449036E-02  2.0803343E-03  2.1065011E-03  0.0000000E+00
  2.0799350E+02 -8.9037304E-03  1.1399618E-02  1.5693296E-03  1.6063066E-03 -1.1549395E-05
  2.0799350E+02 -8.1225471E-03  1.1304020E-02  1.2004091E-03  1.2369624E-03  1.1095008E-05
  2.0799350E+02 -7.4845505E-03  1.1233682E-02  8.6324981E-04  8.7703456E-04  5.5834944E-07
  2.0799350E+02 -6.7685575E-03  1.1150490E-02  5.6817534E-04  5.7485882E-04 -5.5060218E-06
  2.0799350E+02 -5.8699960E-03  1.1027845E-02  3.0150831E-04  3.1923204E-04 -2.8664648E-06
  2.0799350E+02 -4.7763120E-03  1.0852803E-02  5.6206976E-05  9.0315183E-05  1.8976164E-06
  2.0799350E+02 -3.5454869E-03  1.0622106E-02 -1.6330198E-04 -1.2080762E-04  3.3367304E-06
  2.0799350E+02 -2.3039178E-03  1.0338306E-02 -3.4485095E-04 -3.0735156E-04  1.0122457E-06
  2.0799350E+02 -1.2259249E-03  1.0005112E-02 -4.7989834E-04 -4.5577366E-04 -1.8164809E-06
  2.0799350E+02 -4.8746477E-04  9.6243509E-03 -5.7183975E-04 -5.5798370E-04 -1.9268407E-06
  2.0799350E+02 -1.8373500E-04  9.2005647E-03 -6.3297021E-04 -6.1861628E-04  4.7046328E-07
  2.0799350E+02 -1.7748648E-04  8.7450586E-03 -6.6429043E-04 -6.5198981E-04  1.4742959E-06
  2.0799350E+02  1.1018935E-04  8.2947706E-03 -6.0711125E-04 -6.5741046E-04 -8.4155228E-07
  2.0799350E+02  6.9296572E-04  7.9746032E-03 -5.5545998E-04 -6.0371424E-04  0.0000000E+00
  2.0799350E+02  8.8625299E-04  7.7060246E-03 -4.9180564E-04 -4.7683317E-04  0.0000000E+00
  2.0799350E+02  1.2057459E-03  7.4484812E-03 -3.1618142E-04 -3.2357449E-04  0.0000000E+00
  2.0799350E+02  1.4547607E-03  7.2179563E-03 -1.3912868E-04 -1.7989543E-04  0.0000000E+00
  2.0799350E+02  1.5457916E-03  7.0046791E-03 -1.3851844E-05 -5.8125118E-05  0.0000000E+00
  2.0799350E+02  1.4838772E-03  6.7909708E-03  4.8293352E-05  3.7550484E-05  0.0000000E+00
  2.0799350E+02  1.3361152E-03  6.5604178E-03  6.4471038E-05  1.0659970E-04  0.0000000E+00
  2.0799350E+02  1.1919288E-03  6.3061261E-03  6.5459059E-05  1.5128193E-04  0.0000000E+00
  2.0799350E+02  1.1249616E-03  6.0324577E-03  8.3609856E-05  1.7970178E-04  0.0000000E+00
  2.0799350E+02  1.1629746E-03  5.7558947E-03  1.4250775E-04  2.0808093E-04  0.0000000E+00
  2.0799350E+02  1.2723749E-03  5.4977322E-03  2.4982216E-04  2.6000953E-04  0.0000000E+00
  2.0799350E+02  1.3676551E-03  5.2787701E-03  3.9362462E-04  3.5872381E-04  0.0000000E+00
  2.0799350E+02  1.3509472E-03  5.1092331E-03  5.4307110E-04  5.1005999E-04  0.0000000E+00
  2.0799350E+02  1.1901360E-03  4.9769811E-03  6.5423813E-04  6.7291535E-04  0.0000000E+00
  2.0799350E+02  1.0454978E-03  4.8352168E-03  6.8084596E-04  7.1236969E-04  0.0000000E+00
  2.0799350E+02  7.8197622E-04  4.6323580E-03  6.3811240E-04  6.2285142E-04 -2.8196041E-05
  2.0799350E+02  9.7812874E-05  4.4220501E-03  5.5827078E-04  5.7008951E-04  1.0021876E-05
  2.0799350E+02 -4.1579745E-04  4.2244089E-03  4.4324775E-04  4.5351054E-04  7.5127666E-06
  2.0799350E+02 -6.8975659E-04  4.0549290E-03  3.2157225E-04  3.1707297E-04 -1.6315372E-06
  2.0799350E+02 -7.8050466E-04  3.9169220E-03  2.1226119E-04  1.9573354E-04 -5.5293020E-06
  2.0799350E+02 -7.7761484E-04  3.8063487E-03  1.2574137E-04  1.0919104E-04 -3.6552229E-06
  2.0799350E+02 -7.5384092E-04  3.7144963E-03  6.4438489E-05  6.0477123E-05  3.9283698E-07
  2.0799350E+02 -7.4372579E-04  3.6314669E-03  2.4631290E-05  3.9333898E-05  3.1041567E-06
  2.0799350E+02 -7.4353568E-04  3.5476858E-03 -2.2142459E-06  2.7609387E-05  3.0044429E-06
  2.0799350E+02 -7.2596203E-04  3.4564427E-03 -2.6643330E-05  6.7314931E-06  7.9495161E-07
  2.0799350E+02 -6.6105020E-04  3.3549140E-03 -5.8781203E-05 -3.5691758E-05 -1.5665823E-06
  2.0799350E+02 -5.3577230E-04  3.2443511E-03 -1.0576603E-04 -1.0119357E-04 -2.2652114E-06
  2.0799350E+02 -3.6611864E-04  3.1303280E-03 -1.6874572E-04 -1.7858548E-04 -8.8037680E-07
  2.0799350E+02 -1.9036471E-04  3.0199506E-03 -2.4088050E-04 -2.4835480E-04  1.1262845E-06
  2.0799350E+02 -4.0386208E-05  2.9198273E-03 -3.0484759E-04 -2.9248741E-04  1.3396917E-06
  2.0799350E+02  1.2005430E-04  2.8316263E-03 -3.3110893E-04 -3.1297376E-04 -6.7778641E-07
  2.0799350E+02  4.5413386E-04  2.7552819E-03 -3.2108789E-04 -3.4191747E-04  0.0000000E+00
  2.0799350E+02  5.4850988E-04  2.6739383E-03 -3.0898868E-04 -3.0851060E-04  0.0000000E+00
  2.0799350E+02  4.8675836E-04  2.5673005E-03 -2.5050195E-04 -2.5294809E-04  0.0000000E+00
  2.0799350E+02  4.4920564E-04  2.4476651E-03 -2.0186191E-04 -2.1027740E-04  0.0000000E+00
  2.0799350E+02  4.6220174E-04  2.3239967E-03 -1.8061299E-04 -1.9031518E-04  0.0000000E+00
  2.0799350E+02  4.8913697E-04  2.2012462E-03 -1.8224238E-04 -1.8815950E-04  0.0000000E+00
  2.0799350E+02  4.8757558E-04  2.0819331E-03 -1.9316290E-04 -1.9283197E-04  0.0000000E+00
  2.0799350E+02  4.3766647E-04  1.9667601E-03 -1.9914098E-04 -1.9304797E-04  0.0000000E+00
  2.0799350E+02  3.4894740E-04  1.8552377E-03 -1.9037142E-04 -1.8091238E-04  0.0000000E+00
  2.0799350E+02  2.5306078E-04  1.7472075E-03 -1.6384524E-04 -1.5391170E-04  0.0000000E+00
  2.0799350E+02  1.8631023E-04  1.6422772E-03 -1.2329697E-04 -1.1510167E-04  0.0000000E+00
  2.0799350E+02  1.7202625E-04  1.5410022E-03 -7.7609715E-05 -7.2177335E-05  0.0000000E+00
  2.0799350E+02  2.0704151E-04  1.4446336E-03 -3.8088414E-05 -3.5422461E-05  0.0000000E+00
  2.0799350E+02  2.5915540E-04  1.3555418E-03 -1.5597248E-05 -1.5241657E-05  0.0000000E+00
  2.0799350E+02  2.8334783E-04  1.2755245E-03 -1.7115897E-05 -1.8581081E-05  0.0000000E+00
  2.0799350E+02  2.6181170E-04  1.2053270E-03 -4.3783770E-05 -4.5894429E-05  0.0000000E+00
  2.0799350E+02  2.7542237E-04  1.1426231E-03 -8.9965698E-05 -8.7937590E-05  0.0000000E+00
  2.0799350E+02  3.5920167E-04  1.0815204E-03 -1.4457467E-04 -1.4386911E-04 -4.2527726E-05
  2.0799350E+02  3.0883818E-04  1.0216903E-03 -1.8599218E-04 -1.9289483E-04  7.2292269E-06
  2.0799350E+02  2.9621431E-04  9.5901626E-04 -2.0323710E-04 -2.0630818E-04  9.5584963E-06
  2.0799350E+02  2.5475317E-04  8.9173556E-04 -1.9944908E-04 -1.9866479E-04  6.3109220E-07
  2.0799350E+02  1.7472291E-04  8.2054520E-04 -1.8213636E-04 -1.8055499E-04 -5.0281288E-06
  2.0799350E+02  7.4708873E-05  7.4770895E-04 -1.5988755E-04 -1.5967691E-04 -4.7858952E-06
  2.0799350E+02 -1.9493476E-05  6.7534089E-04 -1.3994146E-04 -1.4126774E-04 -1.2092499E-06
  2.0799350E+02 -8.6885044E-05  6.0531419E-04 -1.2710105E-04 -1.2865335E-04  2.2393341E-06
  2.0799350E+02 -1.1755615E-04  5.3874495E-04 -1.2334096E-04 -1.2349213E-04  3.4009656E-06
  2.0799350E+02 -1.1367262E-04  4.7641180E-04 -1.2807962E-04 -1.2598516E-04  2.0770993E-06
  2.0799350E+02 -8.7184055E-05  4.1818714E-04 -1.3885258E-04 -1.3499576E-04 -3.8187443E-07
  2.0799350E+02 -5.4516698E-05  3.6375306E-04 -1.5232083E-04 -1.4832866E-04 -2.1231790E-06
  2.0799350E+02 -3.0517327E-05  3.1267614E-04 -1.6530390E-04 -1.6308903E-04 -1.9504632E-06
  2.0799350E+02 -1.9028326E-08 -7.4430384E-11  9.7442338E-06  3.9042290E-06  0.0000000E+00
  2.0799350E+02 -8.1326874E-05  5.3749795E-05  7.0098047E-03  6.9837166E-03  0.0000000E+00
  2.0799350E+02 -1.9769035E-04  4.4147695E-04  4.6117930E-03  4.5787769E-03  0.0000000E+00
  2.0799350E+02  1.9327357E-04  1.4295498E-03  1.5518350E-03  1.5496288E-03  0.0000000E+00
  2.0799350E+02  1.7790797E-03  3.4335521E-03 -4.8759878E-04 -4.8830019E-04  0.0000000E+00
  2.0799350E+02  5.1747832E-03  7.8022140E-03 -1.2107185E-03 -1.2045845E-03  0.0000000E+00
  2.0799350E+02  1.0253175E-02  1.6514893E-02 -7.9246010E-04 -8.8058593E-04  0.0000000E+00
  2.0799350E+02  1.5922042E-02  3.1515100E-02  2.5844236E-05 -7.2534828E-05  0.0000000E+00
  2.0799350E+02  2.0657920E-02  5.3758895E-02  2.5832591E-04  2.4549591E-04  0.0000000E+00
  2.0799350E+02  2.4073045E-02  8.0797701E-02 -1.1347268E-03 -1.1372870E-03  0.0000000E+00
  2.0799350E+02  2.6192078E-02  1.0505329E-01 -3.4151999E-03 -3.1804590E-03  0.0000000E+00
  2.0799350E+02  2.9023713E-02  1.1938342E-01 -5.0438184E-03 -4.5529753E-03  0.0000000E+00
  2.0799350E+02  3.4040864E-02  1.2056741E-01 -4.9977787E-03 -4.7205030E-03  0.0000000E+00
  2.0799350E+02  3.9334365E-02  1.0999594E-01 -3.4703534E-03 -3.6873686E-03  0.0000000E+00
  2.0799350E+02  4.2326638E-02  9.2342648E-02 -1.7087927E-03 -1.8784466E-03  0.0000000E+00
  2.0799350E+02  4.4995414E-02  7.3000871E-02 -4.1766766E-04 -7.4007610E-04  0.0000000E+00
  2.0799350E+02  4.3248546E-02  5.5967151E-02  9.3736668E-04  7.7754804E-04  0.0000000E+00
  2.0799350E+02  3.9736208E-02  4.2384077E-02  1.8407733E-03  1.8634857E-03  0.0000000E+00
  2.0799350E+02  3.3842489E-02  3.2100517E-02  2.4824951E-03  2.5295445E-03  0.0000000E+00
  2.0799350E+02  2.6821881E-02  2.4646834E-02  3.0734385E-03  3.1072396E-03  0.0000000E+00
  2.0799350E+02  1.9937535E-02  1.9448277E-02  3.6604703E-03  3.7210211E-03  0.0000000E+00
  2.0799350E+02  1.3812199E-02  1.5985667E-02  4.1579145E-03  4.2514588E-03  0.0000000E+00
  2.0799350E+02  8.4878554E-03  1.3791372E-02  4.4853906E-03  4.5562703E-03  0.0000000E+00
  2.0799350E+02  3.9286916E-03  1.2456034E-02  4.6722598E-03  4.6825892E-03  0.0000000E+00
  2.0799350E+02  3.3835147E-04  1.1600480E-02  4.8211795E-03  4.8395239E-03  0.0000000E+00
  2.0799350E+02 -1.9691301E-03  1.0974654E-02  4.7913343E-03  4.8647131E-03  0.0000000E+00
  2.0799350E+02 -4.0249159E-03  1.0499482E-02  4.4365100E-03  4.3316880E-03  0.0000000E+00
  2.0799350E+02 -5.7106246E-03  1.0299645E-02  4.0111268E-03  3.9292013E-03  0.0000000E+00
  2.0799350E+02 -6.7974660E-03  1.0296171E-02  3.4879791E-03  3.4698140E-03  0.0000000E+00
  2.0799350E+02 -7.3062005E-03  1.0353349E-02  2.9610880E-03  2.9807582E-03  0.0000000E+00
  2.0799350E+02 -7.2709697E-03  1.0394597E-02  2.4776406E-03  2.5172268E-03  0.0000000E+00
  2.0799350E+02 -6.8407382E-03  1.0396079E-02  2.0697080E-03  2.1301121E-03  0.0000000E+00
  2.0799350E+02 -6.2473511E-03  1.0370090E-02  1.7557334E-03  1.8409231E-03  0.0000000E+00
  2.0799350E+02 -5.7122043E-03  1.0343523E-02  1.5346920E-03  1.6348954E-03  0.0000000E+00
  2.0799350E+02 -5.3333567E-03  1.0336395E-02  1.3716068E-03  1.4603739E-03  0.0000000E+00
  2.0799350E+02 -5.0224270E-03  1.0345308E-02  1.1981061E-03  1.2464145E-03  0.0000000E+00
  2.0799350E+02 -4.5473064E-03  1.0337144E-02  9.3684652E-04  9.3637147E-04  0.0000000E+00
  2.0799350E+02 -3.7336647E-03  1.0257836E-02  5.6018382E-04  5.3603146E-04  0.0000000E+00
  2.0799350E+02 -2.8960917E-03  1.0061344E-02  2.0292419E-04  1.8626320E-04  0.0000000E+00
  2.0799350E+02 -2.2620136E-03  9.8741620E-03 -5.5318308E-05 -5.3773593E-05  0.0000000E+00
  2.0799350E+02 -1.6007502E-03  9.6868392E-03 -1.8067974E-04 -1.7266033E-04  0.0000000E+00
  2.0799350E+02 -1.1101798E-03  9.4119041E-03 -1.5491102E-04 -1.5581462E-04  0.0000000E+00
  2.0799350E+02 -5.6406410E-04  9.0906273E-03 -1.1596479E-04 -1.1695685E-04  0.0000000E+00
  2.0799350E+02  8.5925681E-06  8.7569080E-03 -9.7111363E-05 -8.7521170E-05  0.0000000E+00
  2.0799350E+02  5.0770075E-04  8.4334639E-03 -8.7144941E-05 -6.3431513E-05  0.0000000E+00
  2.0799350E+02  8.5951056E-04  8.1323117E-03 -6.6655469E-05 -3.3067603E-05  0.0000000E+00
  2.0799350E+02  1.0512818E-03  7.8568112E-03 -2.5375330E-05  9.4925673E-06  0.0000000E+00
  2.0799350E+02  1.1235046E-03  7.6024022E-03  3.4682151E-05  6.2295314E-05  0.0000000E+00
  2.0799350E+02  1.1354452E-03  7.3623934E-03  1.0386164E-04  1.1905067E-04  0.0000000E+00
  2.0799350E+02  1.1299171E-03  7.1289015E-03  1.7347627E-04  1.7568860E-04  0.0000000E+00
  2.0799350E+02  1.1117071E-03  6.8959226E-03  2.4207171E-04  2.3461338E-04  0.0000000E+00
  2.0799350E+02  1.0616221E-03  6.6586969E-03  3.1513823E-04  3.0348156E-04  0.0000000E+00
  2.0799350E+02  1.0058069E-03  6.4152618E-03  3.9126981E-04  3.8279021E-04  0.0000000E+00
  2.0799350E+02  1.1597473E-03  6.1617298E-03  4.3179891E-04  4.4002666E-04  0.0000000E+00
  2.0799350E+02  1.5608333E-03  5.8903936E-03  3.7070399E-04  3.3271078E-04  0.0000000E+00
  2.0799350E+02  1.6490855E-03  5.6745209E-03  3.8441610E-04  3.3535187E-04  0.0000000E+00
  2.0799350E+02  1.7042091E-03  5.4897143E-03  4.1704929E-04  4.0106293E-04  0.0000000E+00
  2.0799350E+02  1.7304100E-03  5.3050155E-03  4.2116619E-04  4.2874194E-04  0.0000000E+00
  2.0799350E+02  1.6871076E-03  5.1086106E-03  3.8902787E-04  4.0020937E-04  0.0000000E+00
  2.0799350E+02  1.5361120E-03  4.9014467E-03  3.3162943E-04  3.3507639E-04  0.0000000E+00
  2.0799350E+02  1.2673948E-03  4.6918828E-03  2.6493644E-04  2.6153514E-04  0.0000000E+00
  2.0799350E+02  9.0448196E-04  4.4896541E-03  2.0143654E-04  1.9963249E-04  0.0000000E+00
  2.0799350E+02  5.0142444E-04  4.3045441E-03  1.4753237E-04  1.5610748E-04  0.0000000E+00
  2.0799350E+02  1.2642224E-04  4.1425360E-03  1.0316654E-04  1.2527066E-04  0.0000000E+00
  2.0799350E+02 -1.5702879E-04  4.0048594E-03  6.4212230E-05  9.5093601E-05  0.0000000E+00
  2.0799350E+02 -3.0925361E-04  3.8879565E-03  2.5770049E-05  5.4941509E-05  0.0000000E+00
  2.0799350E+02 -3.3003667E-04  3.7835954E-03 -1.5154673E-05  1.7562877E-06  0.0000000E+00
  2.0799350E+02 -2.6313003E-04  3.6819981E-03 -5.7849953E-05 -5.7077982E-05  0.0000000E+00
  2.0799350E+02 -1.9041390E-04  3.5740580E-03 -9.9491612E-05 -1.0838067E-04  0.0000000E+00
  2.0799350E+02 -2.0670943E-04  3.4556738E-03 -1.4041715E-04 -1.4725460E-04  0.0000000E+00
  2.0799350E+02 -2.7822839E-04  3.3377782E-03 -1.8810275E-04 -1.8544699E-04  0.0000000E+00
  2.0799350E+02 -1.7326042E-04  3.2320662E-03 -2.1211209E-04 -2.1224420E-04  0.0000000E+00
  2.0799350E+02 -8.3264259E-05  3.1246590E-03 -2.2855354E-04 -2.4551050E-04  0.0000000E+00
  2.0799350E+02  1.4151930E-05  3.0157459E-03 -2.4943395E-04 -2.7385710E-04  0.0000000E+00
  2.0799350E+02  1.3509302E-04  2.9049922E-03 -2.7549547E-04 -2.9446824E-04  0.0000000E+00
  2.0799350E+02  2.8106985E-04  2.7922218E-03 -3.0244325E-04 -3.0857809E-04  0.0000000E+00
  2.0799350E+02  4.3907952E-04  2.6769045E-03 -3.2515475E-04 -3.1849084E-04  0.0000000E+00
  2.0799350E+02  5.8424464E-04  2.5593908E-03 -3.3958429E-04 -3.2560879E-04  0.0000000E+00
  2.0799350E+02  6.8818100E-04  2.4401049E-03 -3.4374360E-04 -3.2971955E-04  0.0000000E+00
  2.0799350E+02  7.2749364E-04  2.3198255E-03 -3.3747235E-04 -3.2897093E-04  0.0000000E+00
  2.0799350E+02  6.9205383E-04  2.1987264E-03 -3.2160428E-04 -3.2045925E-04  0.0000000E+00
  2.0799350E+02  5.9019449E-04  2.0775015E-03 -2.9711095E-04 -3.0122337E-04  0.0000000E+00
  2.0799350E+02  4.5033889E-04  1.9565216E-03 -2.6441985E-04 -2.6943380E-04  0.0000000E+00
  2.0799350E+02  3.1575016E-04  1.8361495E-03 -2.2344756E-04 -2.2554786E-04  0.0000000E+00
  2.0799350E+02  2.3123897E-04  1.7172368E-03 -1.7482576E-04 -1.7332958E-04  0.0000000E+00
  2.0799350E+02  2.1917316E-04  1.6008499E-03 -1.2221321E-04 -1.1996055E-04  0.0000000E+00
  2.0799350E+02  2.4483266E-04  1.4903123E-03 -7.7404534E-05 -7.6431861E-05  0.0000000E+00
  2.0799350E+02  2.0130703E-04  1.3921104E-03 -5.3577398E-05 -5.3706933E-05  0.0000000E+00
  2.0799350E+02  2.0714637E-04  1.3113489E-03 -4.4667249E-05 -4.9452160E-05  0.0000000E+00
  2.0799350E+02  2.5908994E-04  1.2404762E-03 -6.4630328E-05 -6.8509905E-05  0.0000000E+00
  2.0799350E+02  3.2014397E-04  1.1728939E-03 -1.0365087E-04 -1.0482538E-04  0.0000000E+00
  2.0799350E+02  3.7118566E-04  1.1046999E-03 -1.4708282E-04 -1.4590210E-04  0.0000000E+00
  2.0799350E+02  4.0403576E-04  1.0338042E-03 -1.8156920E-04 -1.7922537E-04  0.0000000E+00
  2.0799350E+02  4.1632301E-04  9.5963579E-04 -1.9846588E-04 -1.9607515E-04  0.0000000E+00
  2.0799350E+02  4.0832061E-04  8.8285427E-04 -1.9517743E-04 -1.9328271E-04  0.0000000E+00
  2.0799350E+02  3.8118869E-04  8.0441732E-04 -1.7475681E-04 -1.7323677E-04  0.0000000E+00
  2.0799350E+02  3.3656457E-04  7.2600071E-04 -1.4443030E-04 -1.4273420E-04  0.0000000E+00
  2.0799350E+02  2.7686627E-04  6.4916294E-04 -1.1337847E-04 -1.1097821E-04  0.0000000E+00
  2.0799350E+02  2.0608264E-04  5.7523076E-04 -9.0249381E-05 -8.7135044E-05  0.0000000E+00
  2.0799350E+02  1.3080981E-04  5.0526161E-04 -8.0911094E-05 -7.7909599E-05  0.0000000E+00
  2.0799350E+02  4.1656842E-07  0.0000000E+00  0.0000000E+00 -1.1184167E-05  0.0000000E+00
  2.0799350E+02 -2.5092512E-04  7.3570204E-04  1.6245924E-02  1.6252876E-02  0.0000000E+00
  2.0799350E+02 -1.2322620E-03  1.7241726E-03  1.1720248E-02  1.1681301E-02  0.0000000E+00
  2.0799350E+02 -1.7055927E-03  2.6188319E-03  4.6403710E-03  4.6581162E-03  0.0000000E+00
  2.0799350E+02 -8.0356319E-04  4.7168194E-03 -7.1423480E-04 -6.6704399E-04  0.0000000E+00
  2.0799350E+02  1.4796701E-03  8.9381941E-03 -4.0258369E-03 -4.0040102E-03  0.0000000E+00
  2.0799350E+02  4.8078152E-03  1.6103071E-02 -5.6595638E-03 -5.6085469E-03  0.0000000E+00
  2.0799350E+02  8.8102620E-03  2.6711366E-02 -5.9473633E-03 -5.6462425E-03  0.0000000E+00
  2.0799350E+02  1.3046493E-02  4.0962527E-02 -5.5400299E-03 -5.2236440E-03  0.0000000E+00
  2.0799350E+02  1.6928481E-02  5.8413470E-02 -5.4912897E-03 -5.4149231E-03  0.0000000E+00
  2.0799350E+02  2.0236568E-02  7.8220748E-02 -6.3337239E-03 -6.2980243E-03  0.0000000E+00
  2.0799350E+02  2.3136419E-02  9.8546819E-02 -8.1723812E-03 -7.9681923E-03  0.0000000E+00
  2.0799350E+02  2.5584108E-02  1.1638162E-01 -1.0482451E-02 -1.0262267E-02  0.0000000E+00
  2.0799350E+02  2.7199521E-02  1.2816627E-01 -1.2042734E-02 -1.2220807E-02  0.0000000E+00
  2.0799350E+02  2.8121614E-02  1.3150484E-01 -1.1841793E-02 -1.2215543E-02  0.0000000E+00
  2.0799350E+02  2.9532260E-02  1.2693252E-01 -1.0354865E-02 -1.0652487E-02  0.0000000E+00
  2.0799350E+02  3.1707478E-02  1.1521638E-01 -7.7008111E-03 -7.8694253E-03  0.0000000E+00
  2.0799350E+02  3.5431817E-02  9.9889157E-02 -5.3301008E-03 -5.1454578E-03  0.0000000E+00
  2.0799350E+02  3.8102397E-02  8.3443924E-02 -3.4592580E-03 -3.3942295E-03  0.0000000E+00
  2.0799350E+02  3.8186952E-02  6.7741182E-02 -2.1369533E-03 -2.2027893E-03  0.0000000E+00
  2.0799350E+02  3.6077947E-02  5.3892635E-02 -1.2791774E-03 -1.1998154E-03  0.0000000E+00
  2.0799350E+02  3.3349291E-02  4.2489134E-02 -7.3669819E-04 -4.0913849E-04  0.0000000E+00
  2.0799350E+02  3.1336072E-02  3.3629156E-02 -3.4225161E-04  5.0279469E-06  0.0000000E+00
  2.0799350E+02  2.9928830E-02  2.7035938E-02  4.4546047E-05  1.3512131E-04  0.0000000E+00
  2.0799350E+02  2.7556757E-02  2.2272962E-02  5.1392334E-04  4.3407487E-04  0.0000000E+00
  2.0799350E+02  2.3219302E-02  1.8760264E-02  1.1259457E-03  1.0960505E-03  0.0000000E+00
  2.0799350E+02  1.8104942E-02  1.6012710E-02  1.6415883E-03  1.5924201E-03  0.0000000E+00
  2.0799350E+02  1.2070813E-02  1.4027491E-02  2.1129748E-03  2.1540797E-03  0.0000000E+00
  2.0799350E+02  6.9130300E-03  1.2631056E-02  2.4748838E-03  2.5403252E-03  0.0000000E+00
  2.0799350E+02  3.0928053E-03  1.1699978E-02  2.6422892E-03  2.7263840E-03  0.0000000E+00
  2.0799350E+02  4.6678638E-04  1.1115714E-02  2.6269703E-03  2.7261276E-03  0.0000000E+00
  2.0799350E+02 -1.3192945E-03  1.0764806E-02  2.4701256E-03  2.5711652E-03  0.0000000E+00
  2.0799350E+02 -2.5821712E-03  1.0550533E-02  2.2145611E-03  2.3030031E-03  0.0000000E+00
  2.0799350E+02 -3.5268652E-03  1.0397814E-02  1.9017440E-03  1.9721048E-03  0.0000000E+00
  2.0799350E+02 -4.2432205E-03  1.0261562E-02  1.5767089E-03  1.6343545E-03  0.0000000E+00
  2.0799350E+02 -4.7362212E-03  1.0131623E-02  1.2957495E-03  1.3487374E-03  0.0000000E+00
  2.0799350E+02 -4.9716241E-03  1.0027261E-02  1.1126064E-03  1.1594215E-03  0.0000000E+00
  2.0799350E+02 -4.8702828E-03  9.9802454E-03  1.0359941E-03  1.0637008E-03  0.0000000E+00
  2.0799350E+02 -4.2122468E-03  1.0003950E-02  9.4591317E-04  9.6135470E-04  0.0000000E+00
  2.0799350E+02 -3.5674894E-03  1.0039076E-02  7.6630509E-04  7.7502031E-04  0.0000000E+00
  2.0799350E+02 -3.3854914E-03  1.0037114E-02  5.9581662E-04  6.1696575E-04  0.0000000E+00
  2.0799350E+02 -2.8785169E-03  9.9949611E-03  3.4884009E-04  3.8447185E-04  0.0000000E+00
  2.0799350E+02 -2.2485530E-03  9.9020586E-03  1.0279002E-04  1.2513644E-04  0.0000000E+00
  2.0799350E+02 -1.6917390E-03  9.7541905E-03 -9.1954579E-05 -9.3670815E-05  0.0000000E+00
  2.0799350E+02 -1.2981915E-03  9.5549022E-03 -2.0961176E-04 -2.2298477E-04  0.0000000E+00
  2.0799350E+02 -1.0351763E-03  9.3133268E-03 -2.4483556E-04 -2.4772854E-04  0.0000000E+00
  2.0799350E+02 -7.9174126E-04  9.0440022E-03 -2.0680481E-04 -1.8436693E-04  0.0000000E+00
  2.0799350E+02 -4.4706482E-04  8.7630669E-03 -1.1543516E-04 -7.0567663E-05  0.0000000E+00
  2.0799350E+02  5.7192500E-05  8.4834227E-03  4.5862556E-06  5.2644686E-05  0.0000000E+00
  2.0799350E+02  6.6227775E-04  8.2147339E-03  1.2777983E-04  1.5585637E-04  0.0000000E+00
  2.0799350E+02  1.1912168E-03  7.9600982E-03  2.3310437E-04  2.3212826E-04  0.0000000E+00
  2.0799350E+02  1.4247385E-03  7.7145728E-03  3.0907117E-04  2.9593790E-04  0.0000000E+00
  2.0799350E+02  1.2702124E-03  7.4700440E-03  3.5679391E-04  3.6392225E-04  0.0000000E+00
  2.0799350E+02  1.0654891E-03  7.2165925E-03  3.9472726E-04  4.1490395E-04  0.0000000E+00
  2.0799350E+02  1.1337299E-03  6.9435565E-03  4.2362235E-04  3.6897989E-04  0.0000000E+00
  2.0799350E+02  1.0038542E-03  6.6593757E-03  4.1642294E-04  3.8444629E-04  0.0000000E+00
  2.0799350E+02  1.0541403E-03  6.3986827E-03  3.8782947E-04  3.9375791E-04  0.0000000E+00
  2.0799350E+02  1.2591257E-03  6.1710164E-03  3.4240194E-04  3.5810864E-04  0.0000000E+00
  2.0799350E+02  1.5481046E-03  5.9710272E-03  2.8790362E-04  2.9153529E-04  0.0000000E+00
  2.0799350E+02  1.8423357E-03  5.7859464E-03  2.3157398E-04  2.2184467E-04  0.0000000E+00
  2.0799350E+02  2.0731419E-03  5.6033973E-03  1.7888553E-04  1.6980152E-04  0.0000000E+00
  2.0799350E+02  2.1942150E-03  5.4140932E-03  1.3264497E-04  1.4048847E-04  0.0000000E+00
  2.0799350E+02  2.1842907E-03  5.2128373E-03  9.3048837E-05  1.2469090E-04  0.0000000E+00
  2.0799350E+02  2.0432505E-03  5.0008286E-03  5.8951995E-05  1.0657111E-04  0.0000000E+00
  2.0799350E+02  1.7887133E-03  4.7840216E-03  2.8609648E-05  7.3216499E-05  0.0000000E+00
  2.0799350E+02  1.4493286E-03  4.5703250E-03  4.5732843E-07  2.2757255E-05  0.0000000E+00
  2.0799350E+02  1.0668271E-03  4.3698858E-03 -2.6105906E-05 -3.1985423E-05  0.0000000E+00
  2.0799350E+02  6.9667549E-04  4.1898318E-03 -5.1439597E-05 -6.9573538E-05  0.0000000E+00
  2.0799350E+02  4.2612811E-04  4.0342026E-03 -7.6799815E-05 -7.7244635E-05  0.0000000E+00
  2.0799350E+02  3.9686240E-04  3.9006766E-03 -1.0736075E-04 -8.5321303E-05  0.0000000E+00
  2.0799350E+02  5.1873425E-04  3.7721586E-03 -1.7620730E-04 -1.9632755E-04  0.0000000E+00
  2.0799350E+02  2.9277846E-04  3.6407481E-03 -2.6980447E-04 -2.8339664E-04  0.0000000E+00
  2.0799350E+02  2.2199314E-04  3.5196248E-03 -3.1548926E-04 -3.1736421E-04  0.0000000E+00
  2.0799350E+02  1.3885273E-04  3.3998628E-03 -3.2864513E-04 -3.2443218E-04  0.0000000E+00
  2.0799350E+02  2.3771000E-05  3.2781560E-03 -3.2322704E-04 -3.1937888E-04  0.0000000E+00
  2.0799350E+02 -7.9478928E-05  3.1543158E-03 -3.1094744E-04 -3.1059729E-04  0.0000000E+00
  2.0799350E+02 -1.1961745E-04  3.0291447E-03 -3.0034992E-04 -3.0295539E-04  0.0000000E+00
  2.0799350E+02 -6.7824683E-05  2.9047589E-03 -2.9664246E-04 -2.9951147E-04  0.0000000E+00
  2.0799350E+02  7.0522604E-05  2.7821562E-03 -3.0164438E-04 -3.0201163E-04  0.0000000E+00
  2.0799350E+02  2.5878565E-04  2.6622016E-03 -3.1419726E-04 -3.1084043E-04  0.0000000E+00
  2.0799350E+02  4.4215114E-04  2.5448061E-03 -3.3069574E-04 -3.2454108E-04  0.0000000E+00
  2.0799350E+02  5.6714661E-04  2.4284273E-03 -3.4601816E-04 -3.3955017E-04  0.0000000E+00
  2.0799350E+02  5.9825044E-04  2.3115335E-03 -3.5428798E-04 -3.5007576E-04  0.0000000E+00
  2.0799350E+02  5.3349354E-04  2.1925049E-03 -3.5003450E-04 -3.4898695E-04  0.0000000E+00
  2.0799350E+02  4.0824353E-04  2.0696781E-03 -3.2917941E-04 -3.2967720E-04  0.0000000E+00
  2.0799350E+02  2.8656130E-04  1.9433098E-03 -2.9011033E-04 -2.8944764E-04  0.0000000E+00
  2.0799350E+02  2.3256915E-04  1.8158766E-03 -2.3475452E-04 -2.3486352E-04  0.0000000E+00
  2.0799350E+02  2.0405060E-04  1.6877900E-03 -1.9342643E-04 -1.9692872E-04  0.0000000E+00
  2.0799350E+02  1.4643840E-04  1.5668526E-03 -1.6636247E-04 -1.6251841E-04  0.0000000E+00
  2.0799350E+02  1.2799955E-04  1.4622020E-03 -1.3081392E-04 -1.2691803E-04  0.0000000E+00
  2.0799350E+02  1.3037943E-04  1.3709479E-03 -1.0558219E-04 -1.0541251E-04  0.0000000E+00
  2.0799350E+02  1.4666396E-04  1.2890448E-03 -9.6209747E-05 -9.9621890E-05  0.0000000E+00
  2.0799350E+02  1.7497828E-04  1.2120520E-03 -1.0059049E-04 -1.0491443E-04  0.0000000E+00
  2.0799350E+02  2.1397350E-04  1.1366456E-03 -1.1317244E-04 -1.1518754E-04  0.0000000E+00
  2.0799350E+02  2.6045152E-04  1.0605818E-03 -1.2767390E-04 -1.2539637E-04  0.0000000E+00
  2.0799350E+02  3.0889141E-04  9.8245571E-04 -1.3896428E-04 -1.3261335E-04  0.0000000E+00
  2.0799350E+02  3.5142455E-04  9.0237578E-04 -1.4379272E-04 -1.3576304E-04  0.0000000E+00
  2.0799350E+02  3.7944022E-04  8.2135813E-04 -1.4113881E-04 -1.3492522E-04  0.0000000E+00
  2.0799350E+02  3.8551893E-04  7.4056936E-04 -1.3195056E-04 -1.3040972E-04  0.0000000E+00
  2.0799350E+02  3.6512438E-04  6.6175292E-04 -1.1874035E-04 -1.2225910E-04  0.0000000E+00
  2.0799350E+02  9.2611546E-07  3.2834807E-11  2.2292657E-06 -6.0688535E-06 -1.2326457E-05
  2.0799350E+02 -1.8323732E-03 -1.1477996E-04  3.2512412E-02  3.2586253E-02  2.3167920E-08
  2.0799350E+02 -5.3892261E-03 -1.1528345E-03  2.1280917E-02  2.1264941E-02  0.0000000E+00
  2.0799350E+02 -7.2759415E-03  2.2293340E-03  3.9177021E-03  3.7772103E-03  0.0000000E+00
  2.0799350E+02 -7.2328113E-03  1.0112724E-02 -8.8386825E-03 -8.9415350E-03  0.0000000E+00
  2.0799350E+02 -6.0869677E-03  2.0121432E-02 -1.6308125E-02 -1.6205844E-02  0.0000000E+00
  2.0799350E+02 -4.7847246E-03  3.0649599E-02 -2.0056974E-02 -2.0060522E-02  0.0000000E+00
  2.0799350E+02 -4.0163997E-03  4.1960928E-02 -2.1235868E-02 -2.1312433E-02 -1.3008006E-06
  2.0799350E+02 -3.7886317E-03  5.5220613E-02 -2.0784520E-02 -2.0614180E-02  6.1579069E-07
  2.0799350E+02 -2.9182020E-03  7.0722782E-02 -2.0183056E-02 -2.0058415E-02 -7.6501082E-07
  2.0799350E+02 -7.4115402E-04  8.6259996E-02 -2.0484485E-02 -2.0316987E-02  2.4814812E-07
  2.0799350E+02  2.1517976E-03  1.0015868E-01 -2.2102503E-02 -2.1643958E-02  3.1869562E-07
  2.0799350E+02  5.0631641E-03  1.1193459E-01 -2.4713642E-02 -2.4288634E-02 -3.0740868E-07
  2.0799350E+02  8.2334777E-03  1.2155819E-01 -2.7167126E-02 -2.7179499E-02  2.1961504E-08
  2.0799350E+02  1.2458647E-02  1.2835087E-01 -2.8006943E-02 -2.8018973E-02  5.7726884E-08
  2.0799350E+02  1.8889647E-02  1.3014902E-01 -2.6497497E-02 -2.6698564E-02  0.0000000E+00
  2.0799350E+02  2.5993023E-02  1.2730700E-01 -2.4197537E-02 -2.4381051E-02  0.0000000E+00
  2.0799350E+02  3.1858222E-02  1.2124092E-01 -2.1718119E-02 -2.1697736E-02  0.0000000E+00
  2.0799350E+02  3.7391906E-02  1.1185205E-01 -1.9007205E-02 -1.8910702E-02  0.0000000E+00
  2.0799350E+02  4.2024194E-02  9.9534131E-02 -1.6391390E-02 -1.6351624E-02  0.0000000E+00
  2.0799350E+02  4.4738090E-02  8.5439637E-02 -1.4118806E-02 -1.4158900E-02  0.0000000E+00
  2.0799350E+02  4.4912580E-02  7.1200211E-02 -1.2157300E-02 -1.2208595E-02  0.0000000E+00
  2.0799350E+02  4.2781933E-02  5.8363631E-02 -1.0211438E-02 -1.0198301E-02  0.0000000E+00
  2.0799350E+02  3.9300327E-02  4.7820813E-02 -7.9271948E-03 -7.8489835E-03  0.0000000E+00
  2.0799350E+02  3.5202944E-02  3.9494973E-02 -5.2524220E-03 -5.1890269E-03  0.0000000E+00
  2.0799350E+02  2.9054672E-02  3.2565047E-02 -2.9211940E-03 -2.8847085E-03  0.0000000E+00
  2.0799350E+02  2.2306733E-02  2.6953954E-02 -1.7882338E-03 -1.7699555E-03 -1.6550277E-06
  2.0799350E+02  1.9923008E-02  2.2983490E-02 -1.1114633E-03 -1.0797752E-03  1.5824245E-06
  2.0799350E+02  1.8153594E-02  2.0043085E-02 -8.7452750E-04 -8.5334264E-04  7.7279978E-08
  2.0799350E+02  1.6120093E-02  1.7816720E-02 -7.8104458E-04 -8.0446634E-04 -7.8539229E-07
  2.0799350E+02  1.3726857E-02  1.6097441E-02 -5.9291084E-04 -6.4024377E-04 -4.0841207E-07
  2.0799350E+02  1.1164143E-02  1.4766684E-02 -2.3212442E-04 -2.5475923E-04  2.7102121E-07
  2.0799350E+02  8.6344988E-03  1.3751935E-02  2.2279050E-04  2.5248304E-04  4.7567125E-07
  2.0799350E+02  6.2553632E-03  1.2996882E-02  6.0536724E-04  6.6727695E-04  1.4362340E-07
  2.0799350E+02  4.0721682E-03  1.2441200E-02  7.5822949E-04  7.9856209E-04 -2.5951214E-07
  2.0799350E+02  2.1193119E-03  1.2012661E-02  6.2133641E-04  6.0067357E-04 -2.7464701E-07
  2.0799350E+02  4.6633072E-04  1.1634298E-02  2.7420287E-04  2.1726704E-04  6.7394490E-08
  2.0799350E+02 -8.1338442E-04  1.1249322E-02 -1.0514222E-04 -1.1580805E-04  2.1004585E-07
  2.0799350E+02 -1.8139878E-03  1.0866499E-02 -4.0169663E-04 -3.7141428E-04 -1.2036426E-07
  2.0799350E+02 -2.5453966E-03  1.0622107E-02 -6.4207307E-04 -7.0153582E-04  0.0000000E+00
  2.0799350E+02 -2.8353628E-03  1.0490736E-02 -6.2020228E-04 -6.4984769E-04  0.0000000E+00
  2.0799350E+02 -2.8883118E-03  1.0396179E-02 -5.2474998E-04 -5.3652596E-04  0.0000000E+00
  2.0799350E+02 -2.6181807E-03  1.0314575E-02 -4.5229735E-04 -4.5986747E-04  0.0000000E+00
  2.0799350E+02 -2.0552025E-03  1.0229835E-02 -4.3964326E-04 -4.5262865E-04  0.0000000E+00
  2.0799350E+02 -1.3196652E-03  1.0129248E-02 -4.8145951E-04 -5.0228003E-04  0.0000000E+00
  2.0799350E+02 -5.7712479E-04  1.0001658E-02 -5.4741820E-04 -5.7103094E-04  0.0000000E+00
  2.0799350E+02  1.4236683E-05  9.8375640E-03 -5.9791260E-04 -6.1425816E-04  0.0000000E+00
  2.0799350E+02  3.5341743E-04  9.6304291E-03 -5.9749316E-04 -5.9597228E-04  0.0000000E+00
  2.0799350E+02  4.3287431E-04  9.3785335E-03 -5.2514023E-04 -4.9995555E-04  0.0000000E+00
  2.0799350E+02  3.5058283E-04  9.0866806E-03 -3.8049498E-04 -3.3520493E-04  0.0000000E+00
  2.0799350E+02  2.8718730E-04  8.7670737E-03 -1.8517006E-04 -1.3431409E-04  0.0000000E+00
  2.0799350E+02  4.3754992E-04  8.4386790E-03  2.1738357E-05  5.6571734E-05  0.0000000E+00
  2.0799350E+02  8.8600758E-04  8.1243931E-03  1.9481580E-04  1.9759453E-04  0.0000000E+00
  2.0799350E+02  1.4146452E-03  7.8453289E-03  3.0105019E-04  2.8618196E-04  0.0000000E+00
  2.0799350E+02  1.6574049E-03  7.6471795E-03  3.2379149E-04  3.1701623E-04 -4.0174909E-06
  2.0799350E+02  1.6262841E-03  7.3988321E-03  2.9450945E-04  2.8759753E-04  1.4299607E-06
  2.0799350E+02  1.3776353E-03  7.0890251E-03  2.6287850E-04  2.5323265E-04  1.0722892E-06
  2.0799350E+02  1.1136770E-03  6.7707451E-03  2.3008402E-04  2.1422642E-04 -2.3223579E-07
  2.0799350E+02  9.5846547E-04  6.4764999E-03  1.8476166E-04  1.6725557E-04 -7.8845277E-07
  2.0799350E+02  9.6383984E-04  6.2208685E-03  1.1807302E-04  1.0902836E-04 -5.2105598E-07
  2.0799350E+02  1.1222096E-03  6.0041882E-03  3.0661060E-05  3.8870574E-05  5.5426378E-08
  2.0799350E+02  1.3839185E-03  5.8169532E-03 -6.6627311E-05 -3.9811759E-05  4.4250007E-07
  2.0799350E+02  1.6769186E-03  5.6444941E-03 -1.5636401E-04 -1.1924221E-04  4.2849582E-07
  2.0799350E+02  1.9264882E-03  5.4715137E-03 -2.2062027E-04 -1.8820586E-04  1.1336042E-07
  2.0799350E+02  2.0728614E-03  5.2857273E-03 -2.4762912E-04 -2.3430349E-04 -2.2388677E-07
  2.0799350E+02  2.0834697E-03  5.0820749E-03 -2.3701733E-04 -2.4721304E-04 -3.2297279E-07
  2.0799350E+02  1.9607223E-03  4.8624306E-03 -2.0220079E-04 -2.2407262E-04 -1.2525410E-07
  2.0799350E+02  1.7379908E-03  4.6364583E-03 -1.6715667E-04 -1.7543220E-04  1.6088219E-07
  2.0799350E+02  1.4658743E-03  4.4187039E-03 -1.5654397E-04 -1.3313804E-04  1.9074224E-07
  2.0799350E+02  1.1845675E-03  4.2232666E-03 -1.7687641E-04 -1.5963763E-04 -9.6718669E-08
  2.0799350E+02  9.2740498E-04  4.0523125E-03 -1.8887799E-04 -2.3529223E-04  0.0000000E+00
  2.0799350E+02  7.2685746E-04  3.8866259E-03 -2.0272191E-04 -1.8795363E-04  0.0000000E+00
  2.0799350E+02  5.5521331E-04  3.7298788E-03 -2.3985363E-04 -2.3285092E-04  0.0000000E+00
  2.0799350E+02  4.4998074E-04  3.5815109E-03 -2.8425663E-04 -2.9714338E-04  0.0000000E+00
  2.0799350E+02  3.9286405E-04  3.4394159E-03 -3.2054448E-04 -3.4251639E-04  0.0000000E+00
  2.0799350E+02  3.5150427E-04  3.3014253E-03 -3.3902570E-04 -3.5598369E-04  0.0000000E+00
  2.0799350E+02  3.0314796E-04  3.1661142E-03 -3.3754186E-04 -3.4132126E-04  0.0000000E+00
  2.0799350E+02  2.4391788E-04  3.0330653E-03 -3.2083291E-04 -3.1137867E-04  0.0000000E+00
  2.0799350E+02  1.8735950E-04  2.9027267E-03 -2.9818371E-04 -2.8151341E-04  0.0000000E+00
  2.0799350E+02  1.5593672E-04  2.7759995E-03 -2.8010589E-04 -2.6439382E-04  0.0000000E+00
  2.0799350E+02  1.6915082E-04  2.6536907E-03 -2.7480894E-04 -2.6641632E-04  0.0000000E+00
  2.0799350E+02  2.3195629E-04  2.5359666E-03 -2.8521473E-04 -2.8598248E-04  0.0000000E+00
  2.0799350E+02  3.2714711E-04  2.4219444E-03 -3.0726927E-04 -3.1388167E-04  0.0000000E+00
  2.0799350E+02  4.1538750E-04  2.3095545E-03 -3.3030594E-04 -3.3602477E-04  0.0000000E+00
  2.0799350E+02  4.4656055E-04  2.1958133E-03 -3.4021410E-04 -3.3877475E-04  0.0000000E+00
  2.0799350E+02  3.8610875E-04  2.0776382E-03 -3.2616715E-04 -3.1711957E-04  0.0000000E+00
  2.0799350E+02  2.6003994E-04  1.9533437E-03 -2.9166401E-04 -2.8593316E-04  0.0000000E+00
  2.0799350E+02  1.4781895E-04  1.8194069E-03 -2.6291708E-04 -2.6458014E-04 -6.0683833E-06
  2.0799350E+02  1.1835556E-04  1.6848805E-03 -2.3256468E-04 -2.2858535E-04  1.0309854E-06
  2.0799350E+02  1.4689119E-04  1.5655913E-03 -2.0784353E-04 -2.0612694E-04  1.3625866E-06
  2.0799350E+02  1.5708399E-04  1.4610023E-03 -1.9166765E-04 -1.9248862E-04  8.9067622E-08
  2.0799350E+02  1.3871004E-04  1.3682360E-03 -1.8047250E-04 -1.8152010E-04 -7.1676298E-07
  2.0799350E+02  1.1049467E-04  1.2835070E-03 -1.6937896E-04 -1.6853910E-04 -6.8254779E-07
  2.0799350E+02  9.5865735E-05  1.2031277E-03 -1.5511651E-04 -1.5162764E-04 -1.7238608E-07
  2.0799350E+02  1.0942890E-04  1.1241444E-03 -1.3716074E-04 -1.3169273E-04  3.1947768E-07
  2.0799350E+02  1.5196507E-04  1.0446619E-03 -1.1754018E-04 -1.1166122E-04  4.8499212E-07
  2.0799350E+02  2.1174993E-04  9.6391524E-04 -9.9767445E-05 -9.5179269E-05  2.9637378E-07
  2.0799350E+02  2.6999576E-04  8.8214675E-04 -8.7349699E-05 -8.5186132E-05 -5.4371573E-08
  2.0799350E+02  3.0821552E-04  8.0034562E-04 -8.2333502E-05 -8.2732547E-05 -3.0277145E-07
  2.0799350E+02  3.1530926E-04  7.1990915E-04 -8.4338981E-05 -8.6413662E-05 -2.7834294E-07
  2.0799350E+02 -4.1924146E-06  0.0000000E+00  0.0000000E+00 -3.4775869E-05  6.5525924E-06
  2.0799350E+02 -7.6133358E-03 -5.7231103E-03  7.3865357E-02  7.3710273E-02 -1.4464743E-08
  2.0799350E+02 -1.2861424E-02 -5.5362589E-03  5.3685266E-02  5.3605201E-02  0.0000000E+00
  2.0799350E+02 -8.7147259E-03  7.1731866E-03  1.8949054E-02  1.8511443E-02  0.0000000E+00
  2.0799350E+02 -6.3002045E-03  2.1583035E-02 -5.4550987E-03 -5.8305029E-03  0.0000000E+00
  2.0799350E+02 -7.5775898E-03  3.5295686E-02 -1.8376055E-02 -1.8176161E-02  0.0000000E+00
  2.0799350E+02 -1.1589808E-02  4.8023828E-02 -2.4180267E-02 -2.3460038E-02  0.0000000E+00
  2.0799350E+02 -1.6198385E-02  6.0590492E-02 -2.7323380E-02 -2.6340571E-02  6.9986372E-07
  2.0799350E+02 -1.9812786E-02  7.2941744E-02 -2.9933027E-02 -2.9390888E-02 -3.2933039E-07
  2.0799350E+02 -2.0719428E-02  8.3677695E-02 -3.2443357E-02 -3.1405973E-02  4.0704323E-07
  2.0799350E+02 -1.9395636E-02  9.2804030E-02 -3.4776183E-02 -3.3848059E-02 -1.3144512E-07
  2.0799350E+02 -1.7475789E-02  1.0062563E-01 -3.6078784E-02 -3.6051275E-02 -1.6978953E-07
  2.0799350E+02 -1.6486101E-02  1.0699222E-01 -3.5940009E-02 -3.6146098E-02  1.6332783E-07
  2.0799350E+02 -1.6694480E-02  1.1128531E-01 -3.5057985E-02 -3.4779440E-02 -1.1307155E-08
  2.0799350E+02 -1.6958742E-02  1.1267541E-01 -3.4549665E-02 -3.4574227E-02 -3.1040773E-08
  2.0799350E+02 -1.6702439E-02  1.1063416E-01 -3.3550155E-02 -3.3704405E-02  0.0000000E+00
  2.0799350E+02 -1.1489461E-02  1.0633870E-01 -3.2750123E-02 -3.2696495E-02  0.0000000E+00
  2.0799350E+02 -1.1754920E-03  1.0030864E-01 -3.1101078E-02 -3.0619027E-02  0.0000000E+00
  2.0799350E+02  1.0635421E-02  9.3107082E-02 -2.8700392E-02 -2.8535643E-02  0.0000000E+00
  2.0799350E+02  2.1016776E-02  8.5193315E-02 -2.6347285E-02 -2.6578448E-02  0.0000000E+00
  2.0799350E+02  2.8513905E-02  7.6865737E-02 -2.4393626E-02 -2.4666964E-02  0.0000000E+00
  2.0799350E+02  3.3090953E-02  6.8404056E-02 -2.2577330E-02 -2.2714413E-02  0.0000000E+00
  2.0799350E+02  3.5740945E-02  6.0106961E-02 -2.0373299E-02 -2.0547108E-02  0.0000000E+00
  2.0799350E+02  3.7660418E-02  5.2284342E-02 -1.7511794E-02 -1.7849821E-02  0.0000000E+00
  2.0799350E+02  3.9207343E-02  4.5278453E-02 -1.4306588E-02 -1.4457691E-02  0.0000000E+00
  2.0799350E+02  3.8863921E-02  3.9201319E-02 -1.1341682E-02 -1.1219102E-02  0.0000000E+00
  2.0799350E+02  3.3652233E-02  3.3553094E-02 -9.5303255E-03 -9.5894088E-03  8.7998033E-07
  2.0799350E+02  2.7421969E-02  2.8493022E-02 -8.2482830E-03 -8.3146501E-03 -8.4182827E-07
  2.0799350E+02  2.2098783E-02  2.4342338E-02 -7.0046759E-03 -7.1152209E-03 -4.2727498E-08
  2.0799350E+02  1.8057982E-02  2.1134018E-02 -5.8474194E-03 -5.9069399E-03  4.1755219E-07
  2.0799350E+02  1.5079678E-02  1.8750459E-02 -4.7916455E-03 -4.7790095E-03  2.1806247E-07
  2.0799350E+02  1.2690152E-02  1.7001379E-02 -3.8656648E-03 -3.8349910E-03 -1.4365627E-07
  2.0799350E+02  1.0460481E-02  1.5704837E-02 -3.1279586E-03 -3.1365748E-03 -2.5301028E-07
  2.0799350E+02  8.1682850E-03  1.4707018E-02 -2.6386118E-03 -2.6876710E-03 -7.6882399E-08
  2.0799350E+02  5.8615368E-03  1.3896498E-02 -2.4242935E-03 -2.4576460E-03  1.3780955E-07
  2.0799350E+02  3.8373433E-03  1.3213458E-02 -2.4531836E-03 -2.4150029E-03  1.4613810E-07
  2.0799350E+02  2.4529372E-03  1.2629950E-02 -2.6209342E-03 -2.5315923E-03 -3.5504093E-08
  2.0799350E+02  1.8013888E-03  1.2124121E-02 -2.7794477E-03 -2.7442707E-03 -1.1178465E-07
  2.0799350E+02  1.2480001E-03  1.1654980E-02 -2.8134738E-03 -2.8380631E-03  6.3950481E-08
  2.0799350E+02  1.6398217E-04  1.1210625E-02 -2.7660407E-03 -2.7967569E-03  0.0000000E+00
  2.0799350E+02 -4.6018953E-04  1.0815540E-02 -2.4569737E-03 -2.5158050E-03  0.0000000E+00
  2.0799350E+02 -9.2414933E-04  1.0474819E-02 -2.0462163E-03 -2.0453653E-03  0.0000000E+00
  2.0799350E+02 -1.1533843E-03  1.0207984E-02 -1.6796882E-03 -1.6507595E-03  0.0000000E+00
  2.0799350E+02 -1.1854930E-03  1.0004189E-02 -1.4027539E-03 -1.3872143E-03  0.0000000E+00
  2.0799350E+02 -1.0988707E-03  9.8377964E-03 -1.2066678E-03 -1.2177998E-03  0.0000000E+00
  2.0799350E+02 -9.6377028E-04  9.6799404E-03 -1.0612691E-03 -1.0868086E-03  0.0000000E+00
  2.0799350E+02 -8.1969614E-04  9.5073545E-03 -9.3691173E-04 -9.5727946E-04  0.0000000E+00
  2.0799350E+02 -6.7055884E-04  9.3051435E-03 -8.1306964E-04 -8.1863184E-04  0.0000000E+00
  2.0799350E+02 -4.9387932E-04  9.0665102E-03 -6.8024384E-04 -6.7734485E-04  0.0000000E+00
  2.0799350E+02 -2.6256075E-04  8.7939360E-03 -5.3895386E-04 -5.4254264E-04  0.0000000E+00
  2.0799350E+02  2.9381953E-05  8.4969567E-03 -3.9521998E-04 -4.1250234E-04  0.0000000E+00
  2.0799350E+02  3.4116430E-04  8.1893822E-03 -2.5695555E-04 -2.7441975E-04  0.0000000E+00
  2.0799350E+02  5.5756525E-04  7.8931440E-03 -1.3672084E-04 -1.2961896E-04  0.0000000E+00
  2.0799350E+02  4.7523280E-04  7.6371831E-03 -5.7888219E-05 -4.8805692E-05  0.0000000E+00
  2.0799350E+02  5.0495392E-04  7.4179894E-03  4.1923084E-05  3.3209413E-05  2.1364480E-06
  2.0799350E+02  8.9723824E-04  7.1460859E-03  1.1390183E-04  1.2393308E-04 -7.5966202E-07
  2.0799350E+02  1.0026437E-03  6.8415854E-03  1.0817494E-04  1.0940430E-04 -5.7047188E-07
  2.0799350E+02  8.4760790E-04  6.5283356E-03  6.2693616E-05  5.3619405E-05  1.2365136E-07
  2.0799350E+02  5.7328036E-04  6.2291984E-03 -1.8818582E-06 -1.2203397E-05  4.1924470E-07
  2.0799350E+02  3.3218230E-04  5.9591818E-03 -7.3916865E-05 -7.6165628E-05  2.7710424E-07
  2.0799350E+02  2.3388951E-04  5.7260109E-03 -1.4507949E-04 -1.3516185E-04 -2.9640495E-08
  2.0799350E+02  3.1962883E-04  5.5282241E-03 -2.0857429E-04 -1.8905201E-04 -2.3526358E-07
  2.0799350E+02  5.6620025E-04  5.3560577E-03 -2.5938172E-04 -2.3765135E-04 -2.2783870E-07
  2.0799350E+02  9.0471146E-04  5.1962483E-03 -2.9462285E-04 -2.7918049E-04 -6.0107818E-08
  2.0799350E+02  1.2484415E-03  5.0344868E-03 -3.1515220E-04 -3.1112072E-04  1.1881827E-07
  2.0799350E+02  1.5231530E-03  4.8583812E-03 -3.2594142E-04 -3.3169091E-04  1.7178530E-07
  2.0799350E+02  1.6825200E-03  4.6626832E-03 -3.3454967E-04 -3.4103018E-04  6.6946557E-08
  2.0799350E+02  1.7132723E-03  4.4492589E-03 -3.4737131E-04 -3.4242718E-04 -8.5383128E-08
  2.0799350E+02  1.6088386E-03  4.2302104E-03 -3.6198500E-04 -3.4186918E-04 -1.0151044E-07
  2.0799350E+02  1.3125927E-03  4.0258071E-03 -3.5519847E-04 -3.4584148E-04  5.1183063E-08
  2.0799350E+02  8.2931936E-04  3.8478995E-03 -2.7814050E-04 -2.9791545E-04  0.0000000E+00
  2.0799350E+02  7.1057435E-04  3.6719265E-03 -2.0105274E-04 -1.8875077E-04  0.0000000E+00
  2.0799350E+02  5.9608687E-04  3.5100292E-03 -1.6214131E-04 -1.6415468E-04  0.0000000E+00
  2.0799350E+02  4.7949147E-04  3.3552450E-03 -1.5597531E-04 -1.7103965E-04  0.0000000E+00
  2.0799350E+02  3.7062236E-04  3.2054729E-03 -1.6697071E-04 -1.8136513E-04  0.0000000E+00
  2.0799350E+02  2.8073993E-04  3.0608480E-03 -1.7987757E-04 -1.8405956E-04  0.0000000E+00
  2.0799350E+02  2.1509992E-04  2.9217496E-03 -1.8566326E-04 -1.7866081E-04  0.0000000E+00
  2.0799350E+02  1.7229535E-04  2.7895599E-03 -1.8301202E-04 -1.7020641E-04  0.0000000E+00
  2.0799350E+02  1.4548189E-04  2.6642676E-03 -1.7705625E-04 -1.6534539E-04  0.0000000E+00
  2.0799350E+02  1.2713225E-04  2.5457786E-03 -1.7614848E-04 -1.6968499E-04  0.0000000E+00
  2.0799350E+02  1.1330021E-04  2.4331884E-03 -1.8773945E-04 -1.8595067E-04  0.0000000E+00
  2.0799350E+02  1.0686986E-04  2.3244338E-03 -2.1463948E-04 -2.1328618E-04  0.0000000E+00
  2.0799350E+02  1.1796745E-04  2.2177079E-03 -2.5238670E-04 -2.4702115E-04  0.0000000E+00
  2.0799350E+02  1.5935964E-04  2.1112457E-03 -2.8910437E-04 -2.7930661E-04  0.0000000E+00
  2.0799350E+02  2.3606030E-04  2.0031867E-03 -3.0907313E-04 -3.0046255E-04  0.0000000E+00
  2.0799350E+02  3.2614779E-04  1.8929747E-03 -3.0018648E-04 -3.0021262E-04  0.0000000E+00
  2.0799350E+02  3.5252595E-04  1.7810811E-03 -2.6777003E-04 -2.6990439E-04  0.0000000E+00
  2.0799350E+02  1.8865451E-04  1.6575686E-03 -2.5110488E-04 -2.4324707E-04  3.2277841E-06
  2.0799350E+02  1.0192721E-04  1.5304696E-03 -2.3211784E-04 -2.3582995E-04 -5.4674384E-07
  2.0799350E+02  1.0206173E-04  1.4227446E-03 -2.1145531E-04 -2.1404088E-04 -7.2484011E-07
  2.0799350E+02  1.2250615E-04  1.3306362E-03 -1.9957462E-04 -1.9813241E-04 -4.7248090E-08
  2.0799350E+02  1.3282859E-04  1.2490599E-03 -1.9489993E-04 -1.9054215E-04  3.8099396E-07
  2.0799350E+02  1.2634932E-04  1.1726957E-03 -1.9123760E-04 -1.8589417E-04  3.6299348E-07
  2.0799350E+02  1.0964171E-04  1.0976699E-03 -1.8258151E-04 -1.7763614E-04  9.1525666E-08
  2.0799350E+02  9.4490368E-05  1.0215821E-03 -1.6570706E-04 -1.6171258E-04 -1.6978649E-07
  2.0799350E+02  9.1725037E-05  9.4323264E-04 -1.4090474E-04 -1.3786370E-04 -2.5790303E-07
  2.0799350E+02  1.0743243E-04  8.6319810E-04 -1.1170942E-04 -1.0948312E-04 -1.5747553E-07
  2.0799350E+02  1.4078360E-04  7.8307904E-04 -8.3562325E-05 -8.2154225E-05  2.8868256E-08
  2.0799350E+02  1.8426898E-04  7.0458273E-04 -6.1962712E-05 -6.1546183E-05  1.6103201E-07
  2.0799350E+02  2.2513621E-04  6.2977559E-04 -5.1133314E-05 -5.1825232E-05  1.4792059E-07
  2.0799350E+02  5.0133670E-06 -1.7829393E-08  1.0086800E-04  8.8003731E-05 -8.5722754E-05
  2.0799350E+02 -1.1463324E-02 -4.1187967E-03  9.8803161E-02  9.9380020E-02  1.4974694E-07
  2.0799350E+02 -1.6192709E-02 -6.5609699E-03  9.3934976E-02  9.4523678E-02  0.0000000E+00
  2.0799350E+02 -7.8455898E-03 -1.2490798E-03  6.3565928E-02  6.4517392E-02  0.0000000E+00
  2.0799350E+02 -3.7758554E-03  1.0456427E-02  3.7887948E-02  3.8671672E-02  0.0000000E+00
  2.0799350E+02 -6.0644935E-03  2.3739349E-02  2.2231976E-02  2.2639287E-02  0.0000000E+00
  2.0799350E+02 -1.3047461E-02  3.6030558E-02  1.3100292E-02  1.3046642E-02  0.0000000E+00
  2.0799350E+02 -2.1795381E-02  4.6903773E-02  6.3252842E-03  6.0577334E-03 -9.0590244E-06
  2.0799350E+02 -2.9584243E-02  5.5949068E-02  3.9452156E-05  3.7049303E-05  4.3081936E-06
  2.0799350E+02 -3.3318277E-02  6.3408519E-02 -6.2521142E-03 -6.6599283E-03 -5.3632681E-06
  2.0799350E+02 -3.4486390E-02  6.9734906E-02 -1.2118483E-02 -1.2617258E-02  1.7440431E-06
  2.0799350E+02 -3.4715213E-02  7.4695238E-02 -1.7103541E-02 -1.7252499E-02  2.2319654E-06
  2.0799350E+02 -3.3383603E-02  7.7860272E-02 -2.1122638E-02 -2.1379702E-02 -2.1555994E-06
  2.0799350E+02 -2.8876518E-02  7.9101098E-02 -2.4170617E-02 -2.4842491E-02  1.5519757E-07
  2.0799350E+02 -2.1819899E-02  7.8537984E-02 -2.5911833E-02 -2.6031358E-02  4.0173470E-07
  2.0799350E+02 -1.5129729E-02  7.6389670E-02 -2.5842572E-02 -2.6135946E-02  0.0000000E+00
  2.0799350E+02 -9.1026895E-03  7.2151495E-02 -2.4452005E-02 -2.4247681E-02  0.0000000E+00
  2.0799350E+02 -4.0663175E-03  6.6639535E-02 -2.2618627E-02 -2.2291585E-02  0.0000000E+00
  2.0799350E+02  1.6501718E-03  6.1147531E-02 -2.0509559E-02 -2.0355115E-02  0.0000000E+00
  2.0799350E+02  7.6045918E-03  5.6031503E-02 -1.8155184E-02 -1.8066290E-02  0.0000000E+00
  2.0799350E+02  1.2432586E-02  5.1162854E-02 -1.5740393E-02 -1.5551802E-02  0.0000000E+00
  2.0799350E+02  1.5150661E-02  4.6312176E-02 -1.3621610E-02 -1.3410357E-02  0.0000000E+00
  2.0799350E+02  1.6107497E-02  4.1352758E-02 -1.2147784E-02 -1.2163145E-02  0.0000000E+00
  2.0799350E+02  1.6990576E-02  3.6412999E-02 -1.1458740E-02 -1.1742676E-02  0.0000000E+00
  2.0799350E+02  1.9449395E-02  3.1809709E-02 -1.1302155E-02 -1.1445183E-02  0.0000000E+00
  2.0799350E+02  2.1724999E-02  2.7881052E-02 -1.1044214E-02 -1.0911950E-02  0.0000000E+00
  2.0799350E+02  2.2449701E-02  2.4550367E-02 -9.9030886E-03 -9.9639447E-03 -1.1575859E-05
  2.0799350E+02  2.2138285E-02  2.1683732E-02 -8.0932621E-03 -7.9924846E-03  1.1093378E-05
  2.0799350E+02  1.9983754E-02  1.9197635E-02 -6.3599504E-03 -6.2412809E-03  5.4634532E-07
  2.0799350E+02  1.7207447E-02  1.7051453E-02 -5.0201290E-03 -4.9529415E-03 -5.5078038E-06
  2.0799350E+02  1.4414753E-02  1.5259052E-02 -4.1338015E-03 -4.1022438E-03 -2.8622303E-06
  2.0799350E+02  1.1860582E-02  1.3828487E-02 -3.6291868E-03 -3.5861432E-03  1.8972773E-06
  2.0799350E+02  9.6040561E-03  1.2725101E-02 -3.3847856E-03 -3.3089274E-03  3.3362148E-06
  2.0799350E+02  7.6382182E-03  1.1884487E-02 -3.2853318E-03 -3.2049495E-03  1.0076533E-06
  2.0799350E+02  5.9291217E-03  1.1218396E-02 -3.2415319E-03 -3.2128631E-03 -1.8203728E-06
  2.0799350E+02  4.4528745E-03  1.0643217E-02 -3.1933595E-03 -3.2460049E-03 -1.9250351E-06
  2.0799350E+02  3.2268864E-03  1.0107692E-02 -3.0970543E-03 -3.1838622E-03  4.7098316E-07
  2.0799350E+02  2.3498120E-03  9.6088157E-03 -2.9019226E-03 -2.9154128E-03  1.4732902E-06
  2.0799350E+02  2.1025790E-03  9.2011722E-03 -2.5255568E-03 -2.4667870E-03 -8.4430234E-07
  2.0799350E+02  9.7349735E-04  8.8681670E-03 -1.9816593E-03 -1.9646738E-03  0.0000000E+00
  2.0799350E+02 -2.5568366E-04  8.5899013E-03 -1.4713104E-03 -1.4530781E-03  0.0000000E+00
  2.0799350E+02 -6.5285675E-04  8.4187045E-03 -1.0173413E-03 -1.0301142E-03  0.0000000E+00
  2.0799350E+02 -9.0295689E-04  8.3120583E-03 -6.5873514E-04 -6.7619691E-04  0.0000000E+00
  2.0799350E+02 -1.1434495E-03  8.2287948E-03 -4.0159681E-04 -4.0031439E-04  0.0000000E+00
  2.0799350E+02 -1.2928004E-03  8.1342403E-03 -2.3277743E-04 -2.1077539E-04  0.0000000E+00
  2.0799350E+02 -1.2497949E-03  8.0050669E-03 -1.3146526E-04 -1.0302224E-04  0.0000000E+00
  2.0799350E+02 -9.9239982E-04  7.8319933E-03 -7.5306180E-05 -5.7056080E-05  0.0000000E+00
  2.0799350E+02 -5.9581101E-04  7.6185949E-03 -4.2948431E-05 -4.1987266E-05  0.0000000E+00
  2.0799350E+02 -2.0178412E-04  7.3807005E-03 -1.5702957E-05 -2.5526702E-05  0.0000000E+00
  2.0799350E+02  4.6053222E-05  7.1402663E-03  2.1940127E-05  1.5888812E-05  0.0000000E+00
  2.0799350E+02  7.0959986E-05  6.9181343E-03  7.9847672E-05  8.7947228E-05  0.0000000E+00
  2.0799350E+02 -8.6924006E-05  6.7217166E-03  1.5768864E-04  1.7475081E-04  0.0000000E+00
  2.0799350E+02 -2.6297435E-04  6.5332722E-03  2.3507402E-04  2.4133538E-04  0.0000000E+00
  2.0799350E+02 -2.2640280E-04  6.2909405E-03  2.5685174E-04  2.4798885E-04  0.0000000E+00
  2.0799350E+02 -4.6562344E-04  5.9925729E-03  2.3238702E-04  2.5680050E-04 -2.8069874E-05
  2.0799350E+02 -5.3748400E-04  5.7305147E-03  2.1951484E-04  2.4602690E-04  1.0028277E-05
  2.0799350E+02 -3.3258385E-04  5.4815797E-03  1.5996008E-04  1.6390454E-04  7.5159249E-06
  2.0799350E+02 -1.7711316E-04  5.2640245E-03  7.8263156E-05  5.7628813E-05 -1.6345132E-06
  2.0799350E+02 -1.3899268E-04  5.0807851E-03  1.4991070E-06 -3.1048806E-05 -5.5299591E-06
  2.0799350E+02 -1.5902123E-04  4.9256547E-03 -5.2444508E-05 -7.9740970E-05 -3.6482364E-06
  2.0799350E+02 -1.4291321E-04  4.7881624E-03 -7.9221563E-05 -8.8525971E-05  3.8980835E-07
  2.0799350E+02 -1.8611964E-05  4.6562787E-03 -8.7004294E-05 -7.5217604E-05  3.1041021E-06
  2.0799350E+02  2.3513483E-04  4.5204035E-03 -9.1358985E-05 -6.5809753E-05  3.0034318E-06
  2.0799350E+02  5.8338709E-04  4.3740905E-03 -1.0865208E-04 -8.3210466E-05  7.9107357E-07
  2.0799350E+02  9.4768264E-04  4.2150559E-03 -1.4901076E-04 -1.3693690E-04 -1.5704564E-06
  2.0799350E+02  1.2306996E-03  4.0453809E-03 -2.1087462E-04 -2.1680072E-04 -2.2654243E-06
  2.0799350E+02  1.3499257E-03  3.8694272E-03 -2.7957345E-04 -2.9441056E-04 -8.7983324E-07
  2.0799350E+02  1.2677672E-03  3.6939149E-03 -3.2997310E-04 -3.3318073E-04  1.1277889E-06
  2.0799350E+02  1.0229279E-03  3.5243888E-03 -3.3720431E-04 -3.1277138E-04  1.3375291E-06
  2.0799350E+02  7.4929973E-04  3.3624351E-03 -2.9570943E-04 -2.6884397E-04 -6.7912343E-07
  2.0799350E+02  5.4483399E-04  3.2029807E-03 -2.3837158E-04 -2.5964666E-04  0.0000000E+00
  2.0799350E+02  3.6363520E-04  3.0614008E-03 -1.7262732E-04 -1.6414121E-04  0.0000000E+00
  2.0799350E+02  3.5460318E-04  2.9347503E-03 -1.2413752E-04 -1.2158740E-04  0.0000000E+00
  2.0799350E+02  3.5204477E-04  2.8121446E-03 -9.7498461E-05 -1.0346653E-04  0.0000000E+00
  2.0799350E+02  2.9097093E-04  2.6893539E-03 -8.7549336E-05 -9.4777479E-05  0.0000000E+00
  2.0799350E+02  1.6848812E-04  2.5663659E-03 -8.6357250E-05 -8.9010747E-05  0.0000000E+00
  2.0799350E+02  1.2969347E-05  2.4445224E-03 -8.7422338E-05 -8.4460189E-05  0.0000000E+00
  2.0799350E+02 -1.3642429E-04  2.3263170E-03 -8.7605497E-05 -8.1786431E-05  0.0000000E+00
  2.0799350E+02 -2.4526192E-04  2.2135825E-03 -8.7309086E-05 -8.2416670E-05  0.0000000E+00
  2.0799350E+02 -2.9229171E-04  2.1073309E-03 -8.9435401E-05 -8.7684573E-05  0.0000000E+00
  2.0799350E+02 -2.7310238E-04  2.0068590E-03 -9.7654244E-05 -9.8496280E-05  0.0000000E+00
  2.0799350E+02 -1.9888599E-04  1.9109476E-03 -1.1445197E-04 -1.1515440E-04  0.0000000E+00
  2.0799350E+02 -9.2891559E-05  1.8174741E-03 -1.3952178E-04 -1.3728691E-04  0.0000000E+00
  2.0799350E+02  1.6013225E-05  1.7241130E-03 -1.6899769E-04 -1.6354769E-04  0.0000000E+00
  2.0799350E+02  1.0087655E-04  1.6291176E-03 -1.9601646E-04 -1.9085312E-04  0.0000000E+00
  2.0799350E+02  1.4522359E-04  1.5313223E-03 -2.1338462E-04 -2.1320781E-04  0.0000000E+00
  2.0799350E+02  1.4960598E-04  1.4317377E-03 -2.1816806E-04 -2.1916878E-04  0.0000000E+00
  2.0799350E+02  3.2665396E-05  1.3289708E-03 -2.2625033E-04 -2.2251098E-04 -4.2484414E-05
  2.0799350E+02 -4.4769106E-05  1.2363944E-03 -2.2716174E-04 -2.3292328E-04  7.2506104E-06
  2.0799350E+02  2.2250175E-05  1.1598652E-03 -2.1599468E-04 -2.2031435E-04  9.5565941E-06
  2.0799350E+02  1.0625065E-04  1.0910477E-03 -2.0388015E-04 -2.0297254E-04  6.2249032E-07
  2.0799350E+02  1.5017762E-04  1.0243751E-03 -1.9325896E-04 -1.8804505E-04 -5.0281621E-06
  2.0799350E+02  1.4352829E-04  9.5640707E-04 -1.8233890E-04 -1.7589794E-04 -4.7839692E-06
  2.0799350E+02  1.0211037E-04  8.8570261E-04 -1.6829160E-04 -1.6370946E-04 -1.2031407E-06
  2.0799350E+02  5.2085670E-05  8.1256211E-04 -1.4929101E-04 -1.4822757E-04  2.2407548E-06
  2.0799350E+02  1.7688025E-05  7.3806026E-04 -1.2537749E-04 -1.2754458E-04  3.4010559E-06
  2.0799350E+02  1.3919678E-05  6.6429405E-04 -9.8844467E-05 -1.0231696E-04  2.0764068E-06
  2.0799350E+02  4.2262018E-05  5.9338086E-04 -7.3684116E-05 -7.5936793E-05 -3.8442542E-07
  2.0799350E+02  9.0772038E-05  5.2710988E-04 -5.4735552E-05 -5.4035572E-05 -2.1247733E-06
  2.0799350E+02  1.3788609E-04  4.6664193E-04 -4.6548102E-05 -4.3204233E-05 -1.9515060E-06
  2.0799350E+02  2.1943848E-05  0.0000000E+00  0.0000000E+00  1.0863211E-04  0.0000000E+00
  2.0799350E+02 -1.7603128E-02  9.3071590E-03  8.2420931E-02  8.2477875E-02  0.0000000E+00
  2.0799350E+02 -2.8614404E-02  9.6908221E-03  8.7382156E-02  8.7421473E-02  0.0000000E+00
  2.0799350E+02 -2.1387857E-02  6.8650403E-04  6.5339587E-02  6.5336854E-02  0.0000000E+00
  2.0799350E+02 -1.8407464E-02  9.0870649E-04  4.4205199E-02  4.4052076E-02  0.0000000E+00
  2.0799350E+02 -1.9731298E-02  5.3747120E-03  3.2014480E-02  3.1731664E-02  0.0000000E+00
  2.0799350E+02 -2.4206727E-02  1.0397697E-02  2.7587504E-02  2.7373181E-02  0.0000000E+00
  2.0799350E+02 -2.9812000E-02  1.4742854E-02  2.6612399E-02  2.6543289E-02  0.0000000E+00
  2.0799350E+02 -3.4728124E-02  1.8639006E-02  2.5364220E-02  2.5192515E-02  0.0000000E+00
  2.0799350E+02 -3.8819016E-02  2.1913914E-02  2.2575404E-02  2.2550184E-02  0.0000000E+00
  2.0799350E+02 -4.1834544E-02  2.4379445E-02  1.8654283E-02  1.8750044E-02  0.0000000E+00
  2.0799350E+02 -4.3061362E-02  2.6082361E-02  1.4158621E-02  1.4178233E-02  0.0000000E+00
  2.0799350E+02 -4.2042034E-02  2.7205765E-02  9.5873526E-03  9.5178714E-03  0.0000000E+00
  2.0799350E+02 -3.8704127E-02  2.7838636E-02  5.5561647E-03  5.5086314E-03  0.0000000E+00
  2.0799350E+02 -3.3071214E-02  2.7961120E-02  2.7101968E-03  2.6142175E-03  0.0000000E+00
  2.0799350E+02 -2.6706747E-02  2.7819413E-02  8.4451160E-04  6.9500726E-04  0.0000000E+00
  2.0799350E+02 -2.0095276E-02  2.6968999E-02 -1.6178916E-04 -3.9352394E-04  0.0000000E+00
  2.0799350E+02 -1.4709091E-02  2.5908577E-02 -1.3080810E-03 -1.4806409E-03  0.0000000E+00
  2.0799350E+02 -1.0847045E-02  2.4736132E-02 -2.6967104E-03 -2.7314805E-03  0.0000000E+00
  2.0799350E+02 -7.0197245E-03  2.3309820E-02 -3.9928839E-03 -3.9405737E-03  0.0000000E+00
  2.0799350E+02 -2.5682998E-03  2.1577399E-02 -4.9311732E-03 -4.8988644E-03  0.0000000E+00
  2.0799350E+02  1.8918217E-03  1.9647481E-02 -5.4515666E-03 -5.5042071E-03  0.0000000E+00
  2.0799350E+02  5.2537489E-03  1.7707092E-02 -5.6092843E-03 -5.7187241E-03  0.0000000E+00
  2.0799350E+02  7.0257257E-03  1.5900126E-02 -5.4135408E-03 -5.4870957E-03  0.0000000E+00
  2.0799350E+02  7.9587834E-03  1.4211784E-02 -4.7522143E-03 -4.7333240E-03  0.0000000E+00
  2.0799350E+02  9.1867627E-03  1.2524713E-02 -3.5513905E-03 -3.5414161E-03  0.0000000E+00
  2.0799350E+02  9.7915470E-03  1.0944687E-02 -2.1874569E-03 -2.0981790E-03  0.0000000E+00
  2.0799350E+02  1.1438520E-02  9.7908633E-03 -7.4961122E-04 -6.7961717E-04  0.0000000E+00
  2.0799350E+02  1.2103064E-02  8.9099217E-03  2.7076192E-04  2.9247551E-04  0.0000000E+00
  2.0799350E+02  1.1057602E-02  8.1872135E-03  7.8624850E-04  8.0865536E-04  0.0000000E+00
  2.0799350E+02  8.8171921E-03  7.5586957E-03  9.5245120E-04  9.9012945E-04  0.0000000E+00
  2.0799350E+02  6.2506249E-03  6.9989037E-03  9.5022574E-04  9.7738364E-04  0.0000000E+00
  2.0799350E+02  4.0389059E-03  6.5019705E-03  8.8960971E-04  8.7603524E-04  0.0000000E+00
  2.0799350E+02  2.4844484E-03  6.0765792E-03  7.9715094E-04  7.4102935E-04  0.0000000E+00
  2.0799350E+02  1.5275152E-03  5.7371586E-03  6.5695096E-04  5.9059427E-04  0.0000000E+00
  2.0799350E+02  9.0755352E-04  5.4968438E-03  4.6859075E-04  4.3328279E-04  0.0000000E+00
  2.0799350E+02  3.8916403E-04  5.3622021E-03  2.9064978E-04  2.9667027E-04  0.0000000E+00
  2.0799350E+02 -4.4643489E-05  5.3228565E-03  2.3023605E-04  2.3969069E-04  0.0000000E+00
  2.0799350E+02 -9.5462806E-05  5.3435205E-03  3.5152645E-04  3.4058492E-04  0.0000000E+00
  2.0799350E+02  2.6348880E-05  5.4144931E-03  5.8249512E-04  5.8003181E-04  0.0000000E+00
  2.0799350E+02 -4.1529882E-04  5.5023063E-03  6.7230216E-04  6.6566448E-04  0.0000000E+00
  2.0799350E+02 -9.7377346E-04  5.5214438E-03  6.9697735E-04  7.0024840E-04  0.0000000E+00
  2.0799350E+02 -1.4722551E-03  5.4778426E-03  7.4251753E-04  7.4718385E-04  0.0000000E+00
  2.0799350E+02 -1.7477330E-03  5.3980324E-03  8.0602547E-04  8.0766554E-04  0.0000000E+00
  2.0799350E+02 -1.7312752E-03  5.3104449E-03  8.5565566E-04  8.5862643E-04  0.0000000E+00
  2.0799350E+02 -1.4682215E-03  5.2331598E-03  8.6633390E-04  8.7799547E-04  0.0000000E+00
  2.0799350E+02 -1.0870866E-03  5.1698052E-03  8.3399777E-04  8.5714812E-04  0.0000000E+00
  2.0799350E+02 -7.4473684E-04  5.1100114E-03  7.7539094E-04  8.0437542E-04  0.0000000E+00
  2.0799350E+02 -5.6605053E-04  5.0345193E-03  7.1871853E-04  7.4163098E-04  0.0000000E+00
  2.0799350E+02 -5.8873368E-04  4.9220219E-03  6.8880233E-04  6.9526405E-04  0.0000000E+00
  2.0799350E+02 -7.4537561E-04  4.7583521E-03  6.9433652E-04  6.8500877E-04  0.0000000E+00
  2.0799350E+02 -8.9145951E-04  4.5452353E-03  7.2091046E-04  7.1207710E-04  0.0000000E+00
  2.0799350E+02 -9.0235734E-04  4.3074756E-03  7.3567302E-04  7.4911253E-04  0.0000000E+00
  2.0799350E+02 -8.5845481E-04  4.0997406E-03  7.0879437E-04  7.3374179E-04  0.0000000E+00
  2.0799350E+02 -9.7532671E-04  3.9389964E-03  6.2995970E-04  6.1346553E-04  0.0000000E+00
  2.0799350E+02 -8.3628619E-04  3.8275355E-03  5.4351940E-04  5.3527994E-04  0.0000000E+00
  2.0799350E+02 -6.9061587E-04  3.7672092E-03  4.6976382E-04  4.7467578E-04  0.0000000E+00
  2.0799350E+02 -6.2090337E-04  3.7240378E-03  3.9981964E-04  4.0724222E-04  0.0000000E+00
  2.0799350E+02 -5.9702469E-04  3.6768761E-03  3.2614723E-04  3.2936290E-04  0.0000000E+00
  2.0799350E+02 -5.5353679E-04  3.6144481E-03  2.4525132E-04  2.4575127E-04  0.0000000E+00
  2.0799350E+02 -4.3663525E-04  3.5323732E-03  1.5798555E-04  1.6196703E-04  0.0000000E+00
  2.0799350E+02 -2.2903762E-04  3.4316821E-03  6.9565660E-05  8.2065309E-05  0.0000000E+00
  2.0799350E+02  4.6159481E-05  3.3162904E-03 -1.2816959E-05  7.7499113E-06  0.0000000E+00
  2.0799350E+02  3.3387877E-04  3.1921805E-03 -8.1301974E-05 -5.9313870E-05  0.0000000E+00
  2.0799350E+02  5.6541469E-04  3.0660828E-03 -1.2950711E-04 -1.1557738E-04  0.0000000E+00
  2.0799350E+02  6.8114150E-04  2.9441035E-03 -1.5425735E-04 -1.5454177E-04  0.0000000E+00
  2.0799350E+02  6.5217612E-04  2.8312952E-03 -1.5649630E-04 -1.6766474E-04  0.0000000E+00
  2.0799350E+02  4.9870396E-04  2.7288346E-03 -1.4153672E-04 -1.4953240E-04  0.0000000E+00
  2.0799350E+02  2.9583487E-04  2.6329884E-03 -1.1741288E-04 -1.0716699E-04  0.0000000E+00
  2.0799350E+02  1.6597993E-04  2.5322683E-03 -9.1673847E-05 -7.5938726E-05  0.0000000E+00
  2.0799350E+02  5.8493834E-05  2.4118768E-03 -6.2408245E-05 -7.6460448E-05  0.0000000E+00
  2.0799350E+02 -1.3399009E-04  2.3044140E-03 -3.3360996E-05 -2.6538916E-05  0.0000000E+00
  2.0799350E+02 -9.3588650E-05  2.2074769E-03 -2.2269806E-05 -2.4056608E-05  0.0000000E+00
  2.0799350E+02 -2.6620222E-05  2.1146167E-03 -2.1348050E-05 -2.9696119E-05  0.0000000E+00
  2.0799350E+02 -1.3118699E-05  2.0225615E-03 -2.0158340E-05 -2.6058619E-05  0.0000000E+00
  2.0799350E+02 -5.8558451E-05  1.9296341E-03 -1.1093021E-05 -9.5707404E-06  0.0000000E+00
  2.0799350E+02 -1.3373306E-04  1.8358113E-03  8.0665075E-06  1.5717425E-05  0.0000000E+00
  2.0799350E+02 -2.0192479E-04  1.7420098E-03  3.3887489E-05  4.2478421E-05  0.0000000E+00
  2.0799350E+02 -2.3588813E-04  1.6494341E-03  5.8729583E-05  6.3032082E-05  0.0000000E+00
  2.0799350E+02 -2.2583878E-04  1.5598075E-03  7.3042851E-05  7.0956151E-05  0.0000000E+00
  2.0799350E+02 -1.8068900E-04  1.4740672E-03  6.8587854E-05  6.2212302E-05  0.0000000E+00
  2.0799350E+02 -1.2278857E-04  1.3928029E-03  4.1016575E-05  3.5320135E-05  0.0000000E+00
  2.0799350E+02 -7.8811328E-05  1.3158682E-03 -8.1706551E-06 -8.5878061E-06  0.0000000E+00
  2.0799350E+02 -6.8153722E-05  1.2429623E-03 -7.0595836E-05 -6.5261246E-05  0.0000000E+00
  2.0799350E+02 -8.9340970E-05  1.1730299E-03 -1.3289404E-04 -1.2727735E-04  0.0000000E+00
  2.0799350E+02 -1.0768746E-04  1.1051932E-03 -1.8034350E-04 -1.8256114E-04  0.0000000E+00
  2.0799350E+02 -4.4083507E-05  1.0390753E-03 -2.0410798E-04 -2.1229416E-04  0.0000000E+00
  2.0799350E+02  4.7737667E-06  9.7623876E-04 -2.2199085E-04 -2.1674918E-04  0.0000000E+00
  2.0799350E+02 -4.9784209E-05  9.1787361E-04 -2.2443745E-04 -2.2573912E-04  0.0000000E+00
  2.0799350E+02  8.8088962E-07  8.6000804E-04 -2.1023716E-04 -2.1736322E-04  0.0000000E+00
  2.0799350E+02  4.7243221E-05  8.0027371E-04 -1.9679932E-04 -2.0292946E-04  0.0000000E+00
  2.0799350E+02  5.2291521E-05  7.3806520E-04 -1.8765640E-04 -1.8828724E-04  0.0000000E+00
  2.0799350E+02  2.1105763E-05  6.7431473E-04 -1.8004569E-04 -1.7528423E-04  0.0000000E+00
  2.0799350E+02 -2.2416161E-05  6.1027737E-04 -1.6984225E-04 -1.6313262E-04  0.0000000E+00
  2.0799350E+02 -5.2376904E-05  5.4751457E-04 -1.5453514E-04 -1.5005083E-04  0.0000000E+00
  2.0799350E+02 -5.1498476E-05  4.8734230E-04 -1.3437123E-04 -1.3458975E-04  0.0000000E+00
  2.0799350E+02 -1.6527586E-05  4.3101156E-04 -1.1241003E-04 -1.1682351E-04  0.0000000E+00
  2.0799350E+02  4.1200718E-05  3.7893943E-04 -9.3307186E-05 -9.8798795E-05  0.0000000E+00
  2.0799350E+02  9.9424931E-05  3.3110904E-04 -8.1963242E-05 -8.4626643E-05  0.0000000E+00
  2.0799350E+02  1.3207788E-04  2.8695820E-04 -8.1927668E-05 -7.9670432E-05  0.0000000E+00
  2.0799350E+02  1.0881501E-07 -3.1141242E-08  9.4587451E-05  1.6661591E-04  0.0000000E+00
  2.0799350E+02 -1.3422436E-02  2.4403186E-02  4.5317285E-02  4.5574107E-02  0.0000000E+00
  2.0799350E+02 -2.9447447E-02  3.9354247E-02  5.2024794E-02  5.2551239E-02  0.0000000E+00
  2.0799350E+02 -3.0497855E-02  1.4198533E-02  4.2238239E-02  4.2738507E-02  0.0000000E+00
  2.0799350E+02 -3.0791491E-02 -1.7581011E-03  3.0943617E-02  3.1122531E-02  0.0000000E+00
  2.0799350E+02 -3.2221864E-02 -6.8439939E-03  2.4485279E-02  2.4274393E-02  0.0000000E+00
  2.0799350E+02 -3.4293967E-02 -7.5769971E-03  2.2984076E-02  2.2628432E-02  0.0000000E+00
  2.0799350E+02 -3.6369574E-02 -6.5677300E-03  2.4092169E-02  2.3970336E-02  0.0000000E+00
  2.0799350E+02 -3.8426900E-02 -4.8360089E-03  2.5509967E-02  2.5466411E-02  0.0000000E+00
  2.0799350E+02 -4.0416929E-02 -2.7604262E-03  2.6125084E-02  2.6144583E-02  0.0000000E+00
  2.0799350E+02 -4.1251609E-02 -5.3438252E-04  2.5445318E-02  2.5506625E-02  0.0000000E+00
  2.0799350E+02 -4.0416005E-02  1.6192560E-03  2.3509312E-02  2.3600778E-02  0.0000000E+00
  2.0799350E+02 -3.8379434E-02  3.5258033E-03  2.0654121E-02  2.0775271E-02  0.0000000E+00
  2.0799350E+02 -3.5968702E-02  5.0179625E-03  1.7370622E-02  1.7444669E-02  0.0000000E+00
  2.0799350E+02 -3.3248709E-02  6.0417794E-03  1.4098865E-02  1.3951754E-02  0.0000000E+00
  2.0799350E+02 -2.9246992E-02  6.8172344E-03  1.1271432E-02  1.0944325E-02  0.0000000E+00
  2.0799350E+02 -2.4553065E-02  7.4030709E-03  9.3213120E-03  8.9004969E-03  0.0000000E+00
  2.0799350E+02 -2.0139437E-02  7.6963059E-03  7.8446072E-03  7.5564671E-03  0.0000000E+00
  2.0799350E+02 -1.6525321E-02  7.6567535E-03  6.6307399E-03  6.5666754E-03  0.0000000E+00
  2.0799350E+02 -1.3405676E-02  7.4286058E-03  5.5283081E-03  5.6152286E-03  0.0000000E+00
  2.0799350E+02 -1.0178839E-02  7.1858983E-03  4.4496006E-03  4.5746767E-03  0.0000000E+00
  2.0799350E+02 -6.4512243E-03  7.0314485E-03  3.3612785E-03  3.4779714E-03  0.0000000E+00
  2.0799350E+02 -2.4524695E-03  6.9550584E-03  2.2989377E-03  2.4303947E-03  0.0000000E+00
  2.0799350E+02  9.0178483E-04  6.8465281E-03  1.3682870E-03  1.5241764E-03  0.0000000E+00
  2.0799350E+02  2.5960755E-03  6.5655732E-03  6.9974480E-04  8.1653520E-04  0.0000000E+00
  2.0799350E+02  2.8218023E-03  6.0699879E-03  3.7693455E-04  4.8692152E-04  0.0000000E+00
  2.0799350E+02  4.2412070E-03  5.6281490E-03  2.8591151E-04  2.3263245E-04  0.0000000E+00
  2.0799350E+02  5.2180207E-03  5.2159668E-03  4.8824026E-04  4.7737921E-04  0.0000000E+00
  2.0799350E+02  5.7097342E-03  4.7995352E-03  1.0077951E-03  1.0917072E-03  0.0000000E+00
  2.0799350E+02  5.8621355E-03  4.4139684E-03  1.6817656E-03  1.7543409E-03  0.0000000E+00
  2.0799350E+02  5.6355061E-03  4.0880913E-03  2.3105550E-03  2.3244918E-03  0.0000000E+00
  2.0799350E+02  5.0119623E-03  3.8424903E-03  2.7319945E-03  2.7186607E-03  0.0000000E+00
  2.0799350E+02  4.0673852E-03  3.6839649E-03  2.8697510E-03  2.8792640E-03  0.0000000E+00
  2.0799350E+02  2.9674878E-03  3.6087889E-03  2.7377662E-03  2.7816770E-03  0.0000000E+00
  2.0799350E+02  1.8945531E-03  3.6016140E-03  2.4274590E-03  2.4679401E-03  0.0000000E+00
  2.0799350E+02  9.7764625E-04  3.6394443E-03  2.0709021E-03  2.0622827E-03  0.0000000E+00
  2.0799350E+02  2.4829264E-04  3.6947129E-03  1.7962019E-03  1.7485163E-03  0.0000000E+00
  2.0799350E+02 -3.5473895E-04  3.7406785E-03  1.6684196E-03  1.6632028E-03  0.0000000E+00
  2.0799350E+02 -8.6262129E-04  3.7570747E-03  1.6364626E-03  1.6898224E-03  0.0000000E+00
  2.0799350E+02 -1.1478806E-03  3.7777357E-03  1.6160180E-03  1.5674523E-03  0.0000000E+00
  2.0799350E+02 -1.1395340E-03  3.8115191E-03  1.5790889E-03  1.5649896E-03  0.0000000E+00
  2.0799350E+02 -1.1634090E-03  3.8371662E-03  1.5246821E-03  1.5360754E-03  0.0000000E+00
  2.0799350E+02 -1.3416899E-03  3.8626145E-03  1.4884521E-03  1.4964697E-03  0.0000000E+00
  2.0799350E+02 -1.6046188E-03  3.8859051E-03  1.4651557E-03  1.4589500E-03  0.0000000E+00
  2.0799350E+02 -1.8292721E-03  3.8995755E-03  1.4354903E-03  1.4251645E-03  0.0000000E+00
  2.0799350E+02 -1.9238036E-03  3.8946768E-03  1.3823469E-03  1.3856643E-03  0.0000000E+00
  2.0799350E+02 -1.8587383E-03  3.8636526E-03  1.2996132E-03  1.3267039E-03  0.0000000E+00
  2.0799350E+02 -1.6672498E-03  3.8024927E-03  1.1932469E-03  1.2384496E-03  0.0000000E+00
  2.0799350E+02 -1.4199258E-03  3.7117476E-03  1.0783345E-03  1.1228444E-03  0.0000000E+00
  2.0799350E+02 -1.1931455E-03  3.5974754E-03  9.7389948E-04  9.9822733E-04  0.0000000E+00
  2.0799350E+02 -1.0346913E-03  3.4694116E-03  8.9452991E-04  8.9449237E-04  0.0000000E+00
  2.0799350E+02 -9.4874179E-04  3.3393759E-03  8.4478438E-04  8.3972703E-04  0.0000000E+00
  2.0799350E+02 -9.0628767E-04  3.2189003E-03  8.1539934E-04  8.3233469E-04  0.0000000E+00
  2.0799350E+02 -8.9430336E-04  3.1131699E-03  7.8314354E-04  7.9518474E-04  0.0000000E+00
  2.0799350E+02 -9.1247021E-04  3.0322529E-03  7.1003835E-04  6.8909302E-04  0.0000000E+00
  2.0799350E+02 -8.9825136E-04  3.0105810E-03  6.4035235E-04  6.3186504E-04  0.0000000E+00
  2.0799350E+02 -8.3714581E-04  3.0107431E-03  5.5639587E-04  5.4540494E-04  0.0000000E+00
  2.0799350E+02 -7.2737123E-04  3.0052395E-03  4.4548951E-04  4.3515091E-04  0.0000000E+00
  2.0799350E+02 -5.9245838E-04  2.9806946E-03  3.1744942E-04  3.1511023E-04  0.0000000E+00
  2.0799350E+02 -4.5592817E-04  2.9335939E-03  1.9071726E-04  2.0071792E-04  0.0000000E+00
  2.0799350E+02 -3.2802525E-04  2.8664115E-03  8.1297519E-05  1.0271308E-04  0.0000000E+00
  2.0799350E+02 -2.0589202E-04  2.7847273E-03 -1.1892866E-06  2.6299437E-05  0.0000000E+00
  2.0799350E+02 -8.0841949E-05  2.6956268E-03 -5.4291164E-05 -2.7979629E-05  0.0000000E+00
  2.0799350E+02  5.3150776E-05  2.6050273E-03 -8.2194010E-05 -6.3214860E-05  0.0000000E+00
  2.0799350E+02  1.8804347E-04  2.5177820E-03 -9.2000033E-05 -8.2979014E-05  0.0000000E+00
  2.0799350E+02  2.9820852E-04  2.4358345E-03 -9.0897694E-05 -8.9938090E-05  0.0000000E+00
  2.0799350E+02  3.4248144E-04  2.3583393E-03 -8.3358660E-05 -8.4935775E-05  0.0000000E+00
  2.0799350E+02  2.7923946E-04  2.2818662E-03 -7.0542300E-05 -6.8681900E-05  0.0000000E+00
  2.0799350E+02  9.7976024E-05  2.1995429E-03 -5.2403660E-05 -4.6289206E-05  0.0000000E+00
  2.0799350E+02 -1.3087684E-04  2.1014396E-03 -3.3920110E-05 -3.5794694E-05  0.0000000E+00
  2.0799350E+02 -2.5378326E-04  1.9863066E-03 -2.3641453E-05 -3.3453460E-05  0.0000000E+00
  2.0799350E+02 -3.3538305E-04  1.8925859E-03  3.0115044E-06  1.0439676E-05  0.0000000E+00
  2.0799350E+02 -3.2084200E-04  1.8072403E-03  2.1036015E-05  1.6572940E-05  0.0000000E+00
  2.0799350E+02 -2.6367444E-04  1.7277563E-03  3.2164381E-05  1.8184023E-05  0.0000000E+00
  2.0799350E+02 -2.0050451E-04  1.6510141E-03  4.2524560E-05  2.9624965E-05  0.0000000E+00
  2.0799350E+02 -1.5169260E-04  1.5747886E-03  5.6942194E-05  5.2622599E-05  0.0000000E+00
  2.0799350E+02 -1.2305629E-04  1.4974047E-03  7.6284158E-05  8.1599885E-05  0.0000000E+00
  2.0799350E+02 -1.1073883E-04  1.4190367E-03  9.6734919E-05  1.0752829E-04  0.0000000E+00
  2.0799350E+02 -1.0585505E-04  1.3405918E-03  1.1120273E-04  1.2144364E-04  0.0000000E+00
  2.0799350E+02 -9.9755617E-05  1.2637446E-03  1.1141073E-04  1.1647510E-04  0.0000000E+00
  2.0799350E+02 -8.8163050E-05  1.1908168E-03  9.0662038E-05  8.9408267E-05  0.0000000E+00
  2.0799350E+02 -7.3523875E-05  1.1233551E-03  4.6435079E-05  4.1313092E-05  0.0000000E+00
  2.0799350E+02 -6.4817679E-05  1.0620335E-03 -1.7958357E-05 -2.2623638E-05  0.0000000E+00
  2.0799350E+02 -7.3908270E-05  1.0065156E-03 -9.2362184E-05 -9.3270984E-05  0.0000000E+00
  2.0799350E+02 -1.0744133E-04  9.5449831E-04 -1.6207187E-04 -1.5963174E-04  0.0000000E+00
  2.0799350E+02 -1.5335512E-04  9.0263462E-04 -2.1091810E-04 -2.0969770E-04  0.0000000E+00
  2.0799350E+02 -1.6187674E-04  8.4637843E-04 -2.2934468E-04 -2.3352781E-04  0.0000000E+00
  2.0799350E+02 -1.3524408E-04  7.8659230E-04 -2.3334383E-04 -2.3050484E-04  0.0000000E+00
  2.0799350E+02 -1.3762924E-04  7.3369754E-04 -2.2302759E-04 -2.1952938E-04  0.0000000E+00
  2.0799350E+02 -8.8796918E-05  6.8037727E-04 -2.0294259E-04 -2.0575276E-04  0.0000000E+00
  2.0799350E+02 -4.4850622E-05  6.2574531E-04 -1.8908368E-04 -1.9395976E-04  0.0000000E+00
  2.0799350E+02 -2.6536561E-05  5.6992395E-04 -1.8371152E-04 -1.8569082E-04  0.0000000E+00
  2.0799350E+02 -3.3202070E-05  5.1372935E-04 -1.8292609E-04 -1.8031286E-04  0.0000000E+00
  2.0799350E+02 -5.3328434E-05  4.5853662E-04 -1.8153834E-04 -1.7602524E-04  0.0000000E+00
  2.0799350E+02 -7.2710383E-05  4.0535864E-04 -1.7591816E-04 -1.7075582E-04  0.0000000E+00
  2.0799350E+02 -8.0034162E-05  3.5496844E-04 -1.6515221E-04 -1.6300557E-04  0.0000000E+00
  2.0799350E+02 -7.0145233E-05  3.0806027E-04 -1.5105965E-04 -1.5251324E-04  0.0000000E+00
  2.0799350E+02 -4.5255158E-05  2.6462195E-04 -1.3713964E-04 -1.4048344E-04  0.0000000E+00
  2.0799350E+02 -1.4262646E-05  2.2467022E-04 -1.2740525E-04 -1.2969806E-04  0.0000000E+00
  2.0799350E+02  1.0114231E-05  1.8780636E-04 -1.2485527E-04 -1.2389997E-04  0.0000000E+00
  2.0799350E+02 -7.3362248E-07  0.0000000E+00  0.0000000E+00  3.9190290E-06 -1.2332490E-05
  2.0799350E+02 -4.5657071E-03  2.1585992E-02  8.5096114E-03  8.5455597E-03  2.1455676E-08
  2.0799350E+02 -1.6682182E-02  6.7090705E-02  7.9495680E-03  7.9179910E-03  0.0000000E+00
  2.0799350E+02 -2.2141151E-02  5.7708389E-02  6.4371249E-03  6.4912715E-03  0.0000000E+00
  2.0799350E+02 -2.3497954E-02  3.0101292E-02  4.0481537E-03  4.0910201E-03  0.0000000E+00
  2.0799350E+02 -2.5606407E-02  1.3073526E-02  2.6756994E-03  2.6686452E-03  0.0000000E+00
  2.0799350E+02 -2.7344343E-02  4.4127504E-03  3.5564453E-03  3.5011738E-03  0.0000000E+00
  2.0799350E+02 -2.9243549E-02  6.2670235E-04  6.1193992E-03  6.0827164E-03 -1.2924738E-06
  2.0799350E+02 -3.1057815E-02 -8.4099412E-04  9.0884400E-03  9.2093813E-03  6.1447726E-07
  2.0799350E+02 -3.2107499E-02 -8.9946682E-04  1.1395163E-02  1.1658483E-02 -7.6480272E-07
  2.0799350E+02 -3.2498269E-02 -1.6516338E-04  1.2790919E-02  1.3067065E-02  2.4864260E-07
  2.0799350E+02 -3.2579055E-02  8.5797648E-04  1.3441585E-02  1.3666815E-02  3.1830804E-07
  2.0799350E+02 -3.2400470E-02  1.8498075E-03  1.3640134E-02  1.3808255E-02 -3.0752775E-07
  2.0799350E+02 -3.1614748E-02  2.7075209E-03  1.3535775E-02  1.3632436E-02  2.2298836E-08
  2.0799350E+02 -2.9869358E-02  3.4988221E-03  1.3012199E-02  1.3023042E-02  5.7332604E-08
  2.0799350E+02 -2.7539321E-02  4.3048276E-03  1.2033146E-02  1.1900813E-02  0.0000000E+00
  2.0799350E+02 -2.4984193E-02  5.0169391E-03  1.0877581E-02  1.0778664E-02  0.0000000E+00
  2.0799350E+02 -2.1852655E-02  5.5099909E-03  9.5287141E-03  9.5181035E-03  0.0000000E+00
  2.0799350E+02 -1.8652382E-02  5.7720517E-03  8.0904327E-03  8.1004369E-03  0.0000000E+00
  2.0799350E+02 -1.5892483E-02  5.8649090E-03  6.6167915E-03  6.6454270E-03  0.0000000E+00
  2.0799350E+02 -1.3569914E-02  5.8879393E-03  5.1678911E-03  5.2285212E-03  0.0000000E+00
  2.0799350E+02 -1.1315392E-02  5.9353560E-03  3.8382871E-03  3.8912496E-03  0.0000000E+00
  2.0799350E+02 -8.8337382E-03  6.0577827E-03  2.7512520E-03  2.7236119E-03  0.0000000E+00
  2.0799350E+02 -6.2734996E-03  6.2391071E-03  2.0122157E-03  1.8972706E-03  0.0000000E+00
  2.0799350E+02 -4.1607631E-03  6.3995654E-03  1.6147086E-03  1.5283706E-03  0.0000000E+00
  2.0799350E+02 -2.5320299E-03  6.4360082E-03  1.2921337E-03  1.2488039E-03  0.0000000E+00
  2.0799350E+02 -8.3555356E-04  6.3096470E-03  1.0793224E-03  1.0505178E-03 -1.6419888E-06
  2.0799350E+02  7.3417849E-04  6.0962217E-03  5.6848708E-04  5.6677396E-04  1.5815006E-06
  2.0799350E+02  2.1663085E-03  5.7745204E-03  1.3985416E-04  1.0795195E-04  7.7562033E-08
  2.0799350E+02  3.1661888E-03  5.3761392E-03  8.8306238E-05  5.4865898E-05 -7.8537437E-07
  2.0799350E+02  3.6317571E-03  4.9687724E-03  3.6868520E-04  3.6813540E-04 -4.0846992E-07
  2.0799350E+02  3.6301883E-03  4.6219366E-03  8.0320321E-04  8.4219864E-04  2.7100494E-07
  2.0799350E+02  3.3330928E-03  4.3831703E-03  1.2146970E-03  1.2710081E-03  4.7566914E-07
  2.0799350E+02  2.9329570E-03  4.2648640E-03  1.4972769E-03  1.5375246E-03  1.4359126E-07
  2.0799350E+02  2.5635187E-03  4.2418710E-03  1.6359213E-03  1.6391250E-03 -2.5954279E-07
  2.0799350E+02  2.2467730E-03  4.2600535E-03  1.6865688E-03  1.6610399E-03 -2.7460919E-07
  2.0799350E+02  1.8893039E-03  4.2559148E-03  1.7282586E-03  1.7099372E-03  6.7473019E-08
  2.0799350E+02  1.3506349E-03  4.1874706E-03  1.7988703E-03  1.8197660E-03  2.1000524E-07
  2.0799350E+02  6.0629381E-04  4.0765123E-03  1.8260147E-03  1.8419781E-03 -1.2043752E-07
  2.0799350E+02 -1.1121057E-05  4.0370645E-03  1.7362251E-03  1.7105019E-03  0.0000000E+00
  2.0799350E+02 -5.7001636E-04  3.9798789E-03  1.5999444E-03  1.6048082E-03  0.0000000E+00
  2.0799350E+02 -1.0446302E-03  3.9016467E-03  1.4362658E-03  1.4440717E-03  0.0000000E+00
  2.0799350E+02 -1.3570796E-03  3.8313564E-03  1.3142504E-03  1.3152112E-03  0.0000000E+00
  2.0799350E+02 -1.5002552E-03  3.7795029E-03  1.2553239E-03  1.2509972E-03  0.0000000E+00
  2.0799350E+02 -1.5086174E-03  3.7435078E-03  1.2491155E-03  1.2458426E-03  0.0000000E+00
  2.0799350E+02 -1.4350183E-03  3.7132178E-03  1.2677925E-03  1.2714262E-03  0.0000000E+00
  2.0799350E+02 -1.3331681E-03  3.6760657E-03  1.2784801E-03  1.2912189E-03  0.0000000E+00
  2.0799350E+02 -1.2453635E-03  3.6214821E-03  1.2533543E-03  1.2729802E-03  0.0000000E+00
  2.0799350E+02 -1.1950978E-03  3.5441408E-03  1.1769974E-03  1.1982952E-03  0.0000000E+00
  2.0799350E+02 -1.1841698E-03  3.4456251E-03  1.0506043E-03  1.0682195E-03  0.0000000E+00
  2.0799350E+02 -1.1939103E-03  3.3340995E-03  8.9262921E-04  9.0410350E-04  0.0000000E+00
  2.0799350E+02 -1.1901447E-03  3.2215734E-03  7.3546006E-04  7.4266189E-04  0.0000000E+00
  2.0799350E+02 -1.1315104E-03  3.1183410E-03  6.1771124E-04  6.2435979E-04  0.0000000E+00
  2.0799350E+02 -9.8074652E-04  3.0241845E-03  5.7172190E-04  5.7418326E-04  0.0000000E+00
  2.0799350E+02 -6.9162310E-04  2.9501702E-03  5.2917735E-04  5.2683676E-04 -4.0049102E-06
  2.0799350E+02 -5.6603449E-04  2.9243530E-03  4.9806516E-04  4.9482195E-04  1.4315767E-06
  2.0799350E+02 -5.9246542E-04  2.9058370E-03  4.6370873E-04  4.5622259E-04  1.0706718E-06
  2.0799350E+02 -6.5936967E-04  2.8782208E-03  3.8776307E-04  3.7924329E-04 -2.3355930E-07
  2.0799350E+02 -6.9897593E-04  2.8365510E-03  2.7416774E-04  2.6936639E-04 -7.8855990E-07
  2.0799350E+02 -6.8051410E-04  2.7823838E-03  1.4469375E-04  1.4674938E-04 -5.2033794E-07
  2.0799350E+02 -6.0137107E-04  2.7201123E-03  2.3215811E-05  3.2246392E-05  5.6205762E-08
  2.0799350E+02 -4.7723012E-04  2.6544105E-03 -7.2878243E-05 -5.9662128E-05  4.4278590E-07
  2.0799350E+02 -3.3224867E-04  2.5886442E-03 -1.3572907E-04 -1.2274784E-04  4.2818573E-07
  2.0799350E+02 -1.9032857E-04  2.5240995E-03 -1.6608679E-04 -1.5743728E-04  1.1276310E-07
  2.0799350E+02 -6.8533566E-05  2.4598786E-03 -1.7001941E-04 -1.6745497E-04 -2.2388209E-07
  2.0799350E+02  2.6291899E-05  2.3933132E-03 -1.5483702E-04 -1.5642326E-04 -3.2297082E-07
  2.0799350E+02  9.6647835E-05  2.3207466E-03 -1.2582001E-04 -1.2613485E-04 -1.2522978E-07
  2.0799350E+02  1.4819359E-04  2.2385342E-03 -8.5339339E-05 -7.8214387E-05  1.6091018E-07
  2.0799350E+02  1.7719797E-04  2.1441127E-03 -3.5957397E-05 -2.0885115E-05  1.9071024E-07
  2.0799350E+02  1.5057014E-04  2.0369885E-03  1.0902648E-05  1.7443116E-05 -9.6777124E-08
  2.0799350E+02 -3.3407484E-06  1.9217241E-03  1.3830852E-05  7.1187113E-07  0.0000000E+00
  2.0799350E+02 -1.3978156E-04  1.8178631E-03 -6.3933728E-06 -3.3782309E-06  0.0000000E+00
  2.0799350E+02 -2.1732682E-04  1.7246606E-03 -9.9574779E-06 -1.5605975E-05  0.0000000E+00
  2.0799350E+02 -2.5202760E-04  1.6389675E-03 -3.9843885E-06 -1.7089434E-05  0.0000000E+00
  2.0799350E+02 -2.5175598E-04  1.5581179E-03  9.2295253E-06 -3.0528687E-06  0.0000000E+00
  2.0799350E+02 -2.2128707E-04  1.4802034E-03  2.7989113E-05  2.2629018E-05  0.0000000E+00
  2.0799350E+02 -1.6566476E-04  1.4041769E-03  4.9106752E-05  5.1773554E-05  0.0000000E+00
  2.0799350E+02 -9.2063782E-05  1.3298139E-03  6.7474674E-05  7.5206166E-05  0.0000000E+00
  2.0799350E+02 -1.0361121E-05  1.2575578E-03  7.6837694E-05  8.5136955E-05  0.0000000E+00
  2.0799350E+02  6.7241048E-05  1.1883988E-03  7.1327028E-05  7.6717969E-05  0.0000000E+00
  2.0799350E+02  1.2814781E-04  1.1230728E-03  4.7167016E-05  4.8702603E-05  0.0000000E+00
  2.0799350E+02  1.6051092E-04  1.0624800E-03  4.3034720E-06  3.6140094E-06  0.0000000E+00
  2.0799350E+02  1.5629084E-04  1.0068292E-03 -5.2678323E-05 -5.2787078E-05  0.0000000E+00
  2.0799350E+02  1.1379897E-04  9.5544222E-04 -1.1476575E-04 -1.1252135E-04  0.0000000E+00
  2.0799350E+02  4.0403059E-05  9.0647600E-04 -1.7031835E-04 -1.6682589E-04  0.0000000E+00
  2.0799350E+02 -4.4965732E-05  8.5672013E-04 -2.0892544E-04 -2.0792056E-04  0.0000000E+00
  2.0799350E+02 -1.0971665E-04  8.0149612E-04 -2.2778740E-04 -2.3101888E-04  0.0000000E+00
  2.0799350E+02 -1.3597939E-04  7.3623737E-04 -2.3874495E-04 -2.3893245E-04 -6.0773844E-06
  2.0799350E+02 -1.4859966E-04  6.7609739E-04 -2.3035298E-04 -2.3231625E-04  1.0294157E-06
  2.0799350E+02 -1.2468448E-04  6.2206182E-04 -2.1420976E-04 -2.1838370E-04  1.3631717E-06
  2.0799350E+02 -8.5974748E-05  5.7035954E-04 -2.0259520E-04 -2.0634056E-04  8.9698409E-08
  2.0799350E+02 -5.2938639E-05  5.1907725E-04 -1.9802560E-04 -1.9925714E-04 -7.1659217E-07
  2.0799350E+02 -3.7519681E-05  4.6762943E-04 -1.9803126E-04 -1.9639802E-04 -6.8269935E-07
  2.0799350E+02 -4.0963601E-05  4.1630076E-04 -1.9855356E-04 -1.9517589E-04 -1.7259990E-07
  2.0799350E+02 -5.5434489E-05  3.6586149E-04 -1.9614522E-04 -1.9271109E-04  3.1936280E-07
  2.0799350E+02 -6.8130856E-05  3.1725671E-04 -1.8915744E-04 -1.8697811E-04  4.8500003E-07
  2.0799350E+02 -6.6612198E-05  2.7137006E-04 -1.7809785E-04 -1.7752051E-04  2.9644310E-07
  2.0799350E+02 -4.4046612E-05  2.2886267E-04 -1.6534285E-04 -1.6571569E-04 -5.4313326E-08
  2.0799350E+02 -3.0900841E-06  1.9008792E-04 -1.5438824E-04 -1.5457081E-04 -3.0275637E-07
  2.0799350E+02  4.2891997E-05  1.5508283E-04 -1.4882177E-04 -1.4803141E-04 -2.7835466E-07
