          atime        pres_st        turb_df           diss        visc_df        garbage
  2.0799350E+02  1.0390031E-05 -3.5217855E-06 -3.7851445E-02  3.7720448E-02 -3.1936336E-09
  2.0799350E+02  6.5568328E-06  1.4470598E-03 -3.3164912E-02  2.7374495E-02  3.8780137E-03
  2.0799350E+02  2.1451925E-05  6.4713877E-03 -3.8548318E-02  1.2190838E-02  2.9548638E-02
  2.0799350E+02  1.2917242E-05 -1.0705451E-03 -3.8932386E-02 -1.4728500E-02  7.2257804E-02
  2.0799350E+02  1.5075300E-05 -1.4762154E-02 -3.8304612E-02 -2.1143727E-02  9.3477833E-02
  2.0799350E+02 -1.4075115E-06 -1.6005791E-02 -3.5700072E-02 -1.3260942E-02  8.2322125E-02
  2.0799350E+02 -9.1054260E-06 -8.6942684E-03 -3.0602260E-02 -5.2961922E-03  5.9520900E-02
  2.0799350E+02 -7.3296302E-06 -1.6446775E-03 -2.6333236E-02 -9.9422975E-04  4.0242568E-02
  2.0799350E+02  1.6955439E-06  9.7269636E-04 -2.3542500E-02  8.1894170E-04  2.7600361E-02
  2.0799350E+02  8.3812506E-06  1.2149839E-04 -2.1931222E-02  1.3748077E-03  1.9898347E-02
  2.0799350E+02  9.5507957E-06 -2.2695681E-03 -2.0935119E-02  1.2345206E-03  1.5413119E-02
  2.0799350E+02  7.7243631E-06 -5.2402852E-03 -2.0238099E-02  9.1304241E-04  1.2881815E-02
  2.0799350E+02 -9.9903176E-07 -8.3384978E-03 -1.9708804E-02  5.3090174E-04  1.1505358E-02
  2.0799350E+02  3.0557957E-06 -1.1075057E-02 -1.9281923E-02  1.2329380E-04  1.0792303E-02
  2.0799350E+02  2.7409697E-05 -1.3129225E-02 -1.8875646E-02 -1.1064049E-04  1.0420313E-02
  2.0799350E+02  2.2732862E-05 -1.4835300E-02 -1.8493916E-02 -2.6586009E-04  1.0232088E-02
  2.0799350E+02  3.3480414E-05 -1.6093429E-02 -1.8010068E-02 -4.0813616E-04  1.0221465E-02
  2.0799350E+02  2.5769627E-05 -1.6480318E-02 -1.7466610E-02 -4.3472432E-04  1.0309160E-02
  2.0799350E+02  2.8766197E-05 -1.5683706E-02 -1.6914912E-02 -4.3869222E-04  1.0438415E-02
  2.0799350E+02  3.2081600E-05 -1.4156389E-02 -1.6343757E-02 -4.6513345E-04  1.0571875E-02
  2.0799350E+02  2.8357527E-05 -1.2489864E-02 -1.5767025E-02 -4.8850234E-04  1.0661532E-02
  2.0799350E+02  2.2566019E-05 -1.1027651E-02 -1.5218743E-02 -4.4741154E-04  1.0661107E-02
  2.0799350E+02  2.2987775E-05 -9.7520333E-03 -1.4720803E-02 -3.0635604E-04  1.0552623E-02
  2.0799350E+02  2.8915853E-05 -8.4021166E-03 -1.4251766E-02 -1.1864057E-04  1.0370804E-02
  2.0799350E+02  3.0011303E-05 -6.7925428E-03 -1.3749408E-02 -5.7168322E-05  1.0198152E-02
  2.0799350E+02  3.2262847E-05 -5.3577466E-03 -1.3202285E-02 -3.9111787E-04  1.0113097E-02
  2.0799350E+02  2.4729010E-05 -3.6056341E-03 -1.2663537E-02 -7.1224211E-04  1.0055009E-02
  2.0799350E+02  1.0429351E-05 -2.4812104E-03 -1.2165535E-02 -4.8036292E-04  9.9547180E-03
  2.0799350E+02  2.8722855E-06 -1.9027196E-03 -1.1660159E-02 -2.6912382E-04  9.7270218E-03
  2.0799350E+02 -2.9501567E-06 -1.2176881E-03 -1.1134836E-02 -1.9075572E-04  9.3596160E-03
  2.0799350E+02 -5.4538296E-06 -2.3989840E-04 -1.0619981E-02 -1.9809481E-04  8.8971655E-03
  2.0799350E+02 -3.1494700E-06  9.5164897E-04 -1.0146998E-02 -2.1620934E-04  8.4053014E-03
  2.0799350E+02  2.9133539E-06  2.1791731E-03 -9.7238220E-03 -2.0360734E-04  7.9389684E-03
  2.0799350E+02  9.5723781E-06  3.2549178E-03 -9.3422611E-03 -1.6215799E-04  7.5350484E-03
  2.0799350E+02  1.3579727E-05  4.0542205E-03 -8.9839168E-03 -1.1564852E-04  7.2022987E-03
  2.0799350E+02  1.3664376E-05  4.5212892E-03 -8.6369379E-03 -7.7501025E-05  6.9280044E-03
  2.0799350E+02  1.1444399E-05  4.6427206E-03 -8.3068642E-03 -2.7859369E-05  6.6883601E-03
  2.0799350E+02  9.7404336E-06  4.3890432E-03 -8.0090243E-03  8.0751843E-05  6.4588277E-03
  2.0799350E+02  6.9384477E-06  3.6107021E-03 -7.7457951E-03  2.6829947E-04  6.2308439E-03
  2.0799350E+02  1.9823345E-06  2.7722552E-03 -7.4563551E-03  3.5168421E-04  6.0328400E-03
  2.0799350E+02  1.3929314E-06  2.1899717E-03 -7.1136448E-03  3.4712590E-04  5.8281036E-03
  2.0799350E+02 -1.0186465E-07  1.6925065E-03 -6.7727334E-03  3.1806682E-04  5.6090396E-03
  2.0799350E+02 -8.8007098E-07  1.4276596E-03 -6.4603589E-03  2.5674755E-04  5.3925018E-03
  2.0799350E+02 -5.6661552E-07  1.3088859E-03 -6.1860291E-03  1.7940733E-04  5.1901576E-03
  2.0799350E+02  5.5716587E-07  1.1904353E-03 -5.9504938E-03  1.0805199E-04  5.0085073E-03
  2.0799350E+02  1.9882328E-06  9.6609661E-04 -5.7478253E-03  5.8462310E-05  4.8467896E-03
  2.0799350E+02  3.2698848E-06  6.1216115E-04 -5.5725633E-03  3.6371228E-05  4.7010186E-03
  2.0799350E+02  4.1568648E-06  1.8087337E-04 -5.4192029E-03  3.6935286E-05  4.5639464E-03
  2.0799350E+02  4.6412553E-06 -2.3136706E-04 -5.2842660E-03  4.8714046E-05  4.4283385E-03
  2.0799350E+02  4.8939218E-06 -5.2665612E-04 -5.1663998E-03  5.8903681E-05  4.2898356E-03
  2.0799350E+02  5.1339016E-06 -6.5288657E-04 -5.0633775E-03  5.9406544E-05  4.1471806E-03
  2.0799350E+02  5.4308319E-06 -6.2455788E-04 -4.9704216E-03  5.1605701E-05  4.0036852E-03
  2.0799350E+02  5.4682064E-06 -5.1432501E-04 -4.8772466E-03  4.8867339E-05  3.8674753E-03
  2.0799350E+02  4.2848674E-06 -3.9279763E-04 -4.7628216E-03  7.4953173E-05  3.7474797E-03
  2.0799350E+02  1.1498893E-06 -2.6330716E-04 -4.6026475E-03  3.4741950E-05  3.6168509E-03
  2.0799350E+02 -1.1450385E-06 -1.4104614E-05 -4.4385521E-03 -4.2275641E-05  3.4964458E-03
  2.0799350E+02 -2.1259155E-06  1.9656447E-04 -4.2853352E-03 -7.7302996E-05  3.4099191E-03
  2.0799350E+02 -2.0841818E-06  2.8260678E-04 -4.1442751E-03 -9.3135569E-05  3.3415131E-03
  2.0799350E+02 -1.5313975E-06  2.6752449E-04 -4.0133700E-03 -1.0086969E-04  3.2769343E-03
  2.0799350E+02 -9.2321892E-07  2.1759274E-04 -3.8911361E-03 -1.0477692E-04  3.2070081E-03
  2.0799350E+02 -5.2824989E-07  1.9892723E-04 -3.7759553E-03 -1.0590074E-04  3.1276543E-03
  2.0799350E+02 -4.1435385E-07  2.5337186E-04 -3.6672864E-03 -1.0402016E-04  3.0396600E-03
  2.0799350E+02 -5.0318552E-07  3.8880355E-04 -3.5661680E-03 -9.8654989E-05  2.9477588E-03
  2.0799350E+02 -6.6166954E-07  5.8252534E-04 -3.4735169E-03 -8.9281307E-05  2.8574934E-03
  2.0799350E+02 -7.9535038E-07  7.9010495E-04 -3.3909733E-03 -7.5300635E-05  2.7742875E-03
  2.0799350E+02 -9.0843315E-07  9.6277580E-04 -3.3189967E-03 -5.5806915E-05  2.7003204E-03
  2.0799350E+02 -1.0907029E-06  1.0623976E-03 -3.2567623E-03 -2.9784361E-05  2.6336853E-03
  2.0799350E+02 -1.3974198E-06  1.0749836E-03 -3.2018687E-03  2.8434004E-06  2.5682732E-03
  2.0799350E+02 -1.5895327E-06  1.0196205E-03 -3.1493921E-03  3.9612871E-05  2.4940305E-03
  2.0799350E+02 -6.8935591E-07  9.4575717E-04 -3.0923377E-03  7.2152973E-05  2.3999623E-03
  2.0799350E+02  1.3744073E-06  9.3646324E-04 -3.0117650E-03  7.5185972E-05  2.2827339E-03
  2.0799350E+02  7.1433817E-07  1.0269355E-03 -2.9060750E-03  7.9857793E-05  2.1637375E-03
  2.0799350E+02  7.7161135E-07  1.0938532E-03 -2.8114184E-03  1.0028407E-04  2.0481238E-03
  2.0799350E+02  7.4346996E-07  1.1098648E-03 -2.7233676E-03  1.1342764E-04  1.9375489E-03
  2.0799350E+02  4.8579105E-07  1.0853555E-03 -2.6393867E-03  1.1307420E-04  1.8318884E-03
  2.0799350E+02  1.3490697E-07  1.0454825E-03 -2.5586666E-03  1.0131215E-04  1.7309280E-03
  2.0799350E+02 -1.3092232E-07  1.0148232E-03 -2.4806693E-03  8.2955610E-05  1.6337686E-03
  2.0799350E+02 -2.0780828E-07  1.0096652E-03 -2.4059849E-03  6.2571967E-05  1.5406345E-03
  2.0799350E+02 -1.0170697E-07  1.0349901E-03 -2.3351114E-03  4.3057798E-05  1.4516979E-03
  2.0799350E+02  1.0199682E-07  1.0861828E-03 -2.2687315E-03  2.5819105E-05  1.3674961E-03
  2.0799350E+02  2.9568934E-07  1.1523113E-03 -2.2078851E-03  1.1676895E-05  1.2890827E-03
  2.0799350E+02  4.1557238E-07  1.2214544E-03 -2.1530899E-03  1.6670168E-06  1.2168032E-03
  2.0799350E+02  4.7996468E-07  1.2846935E-03 -2.1045436E-03 -2.2367737E-06  1.1505119E-03
  2.0799350E+02  5.7747771E-07  1.3379714E-03 -2.0620657E-03  2.4970073E-06  1.0897059E-03
  2.0799350E+02  7.7654168E-07  1.3815916E-03 -2.0241377E-03  1.7052360E-05  1.0327266E-03
  2.0799350E+02  9.2440032E-07  1.4131982E-03 -1.9880235E-03  3.7199609E-05  9.7792914E-04
  2.0799350E+02  3.1592649E-07  1.4156642E-03 -1.9486140E-03  4.6811478E-05  9.2357733E-04
  2.0799350E+02 -3.4411482E-07  1.3764889E-03 -1.9056292E-03  3.2631388E-05  8.6793923E-04
  2.0799350E+02  3.3158927E-07  1.2944166E-03 -1.8632515E-03  3.0383703E-05  8.0432749E-04
  2.0799350E+02  1.2557000E-07  1.2108223E-03 -1.8146536E-03  2.5704175E-05  7.3756790E-04
  2.0799350E+02 -1.0893484E-07  1.1774193E-03 -1.7649086E-03  2.2751471E-05  6.7218806E-04
  2.0799350E+02 -1.2058880E-07  1.1934919E-03 -1.7175961E-03  2.4201145E-05  6.0976806E-04
  2.0799350E+02  4.5877197E-08  1.2370729E-03 -1.6748330E-03  3.0962919E-05  5.5044421E-04
  2.0799350E+02  2.4975156E-07  1.2839043E-03 -1.6375427E-03  4.2192237E-05  4.9402096E-04
  2.0799350E+02  3.7430060E-07  1.3185519E-03 -1.6052671E-03  5.5760215E-05  4.3987659E-04
  2.0799350E+02  3.7643732E-07  1.3376145E-03 -1.5768498E-03  6.8842417E-05  3.8761860E-04
  2.0799350E+02  2.8861642E-07  1.3480074E-03 -1.5510226E-03  7.8548054E-05  3.3747737E-04
  2.0799350E+02  1.8777043E-07  1.3621786E-03 -1.5265087E-03  8.2792485E-05  2.8964635E-04
  2.0799350E+02  1.4997216E-07  1.3913893E-03 -1.5027491E-03  8.0800852E-05  2.4488415E-04
  2.0799350E+02  2.0563309E-07  1.4398534E-03 -1.4797456E-03  7.3604475E-05  2.0372466E-04
  2.0799350E+02 -1.2640237E-06 -1.3859455E-07 -1.9821670E-02  1.9772799E-02  0.0000000E+00
  2.0799350E+02  1.5708116E-06  1.6296549E-04 -1.0060623E-02  5.5668108E-03  3.2894314E-04
  2.0799350E+02 -2.7875410E-06  7.0408352E-04 -1.2730868E-02  8.4041938E-03  2.5522942E-03
  2.0799350E+02  3.7387361E-06  2.8996527E-03 -2.0336879E-02  1.2063816E-02  9.5117738E-03
  2.0799350E+02  8.2216901E-06  3.8938926E-03 -2.8055554E-02  7.9733505E-03  2.6547160E-02
  2.0799350E+02  2.0536221E-05 -1.6721857E-03 -3.3245985E-02 -3.7359060E-03  5.5620971E-02
  2.0799350E+02 -5.9930319E-06 -1.2726237E-02 -3.6660088E-02 -1.2867990E-02  8.6626242E-02
  2.0799350E+02 -4.9850093E-06 -2.0208779E-02 -3.8823709E-02 -1.4398636E-02  1.0290222E-01
  2.0799350E+02 -1.3301161E-05 -1.5489031E-02 -3.6827093E-02 -1.0122887E-02  9.7937458E-02
  2.0799350E+02  1.6678397E-05 -6.0909675E-03 -3.2965192E-02 -4.9443697E-03  8.0083601E-02
  2.0799350E+02  2.2990031E-05  2.6709753E-03 -2.9007620E-02 -1.5402336E-03  5.9853381E-02
  2.0799350E+02  1.6558863E-05  8.0922856E-03 -2.5405646E-02  3.2895752E-04  4.3279519E-02
  2.0799350E+02  1.6822126E-05  9.4683608E-03 -2.2505488E-02  1.1798184E-03  3.1639372E-02
  2.0799350E+02  1.6732902E-05  7.7470166E-03 -2.0459844E-02  1.3416965E-03  2.3821142E-02
  2.0799350E+02  8.5010468E-06  4.4908486E-03 -1.9004075E-02  1.2814679E-03  1.8808473E-02
  2.0799350E+02  1.4723183E-05  4.1357921E-04 -1.8036551E-02  1.0263052E-03  1.5660754E-02
  2.0799350E+02  1.4828811E-06 -3.3159472E-03 -1.7254736E-02  4.2313668E-04  1.3732629E-02
  2.0799350E+02  6.7706402E-06 -6.1743519E-03 -1.6668341E-02  1.7857742E-04  1.2618661E-02
  2.0799350E+02  1.1394404E-05 -7.9242824E-03 -1.6254127E-02  1.5269261E-04  1.2005680E-02
  2.0799350E+02  1.1613329E-05 -9.0101824E-03 -1.5895415E-02  1.7527457E-04  1.1653390E-02
  2.0799350E+02  1.0302548E-05 -9.8991184E-03 -1.5528979E-02  1.5540675E-04  1.1420500E-02
  2.0799350E+02  1.0525191E-05 -1.0750506E-02 -1.5163794E-02  8.1728971E-05  1.1253793E-02
  2.0799350E+02  1.2189047E-05 -1.1354817E-02 -1.4833287E-02 -2.8055637E-05  1.1160656E-02
  2.0799350E+02  1.2517334E-05 -1.1317258E-02 -1.4538132E-02 -1.7286882E-04  1.1170079E-02
  2.0799350E+02  1.1150981E-05 -1.0477938E-02 -1.4226256E-02 -3.5697802E-04  1.1286788E-02
  2.0799350E+02  2.0540252E-05 -9.5183608E-03 -1.3876751E-02 -4.6280304E-04  1.1449036E-02
  2.0799350E+02  1.8221547E-05 -8.5985149E-03 -1.3514003E-02 -3.5194722E-04  1.1399618E-02
  2.0799350E+02  2.0143406E-05 -7.5406812E-03 -1.2985476E-02 -2.2576790E-04  1.1304020E-02
  2.0799350E+02  2.2862816E-05 -7.0104956E-03 -1.2441473E-02 -1.5491601E-04  1.1233682E-02
  2.0799350E+02  1.8185386E-05 -6.5173774E-03 -1.1943711E-02 -1.7229738E-04  1.1150490E-02
  2.0799350E+02  1.0737936E-05 -5.6307566E-03 -1.1500051E-02 -2.4573664E-04  1.1027845E-02
  2.0799350E+02  6.2201074E-06 -4.2733457E-03 -1.1100595E-02 -3.2066782E-04  1.0852803E-02
  2.0799350E+02  6.3830377E-06 -2.7012184E-03 -1.0730726E-02 -3.5065086E-04  1.0622106E-02
  2.0799350E+02  8.9698864E-06 -1.3186064E-03 -1.0380770E-02 -3.1393316E-04  1.0338306E-02
  2.0799350E+02  1.0299508E-05 -4.2477907E-04 -1.0044708E-02 -2.1942923E-04  1.0005112E-02
  2.0799350E+02  8.4955867E-06 -1.6967500E-05 -9.7164610E-03 -1.0249337E-04  9.6243509E-03
  2.0799350E+02  5.3034437E-06  2.3201361E-04 -9.3906065E-03 -1.3124544E-05  9.2005647E-03
  2.0799350E+02  4.3352526E-06  7.1072354E-04 -9.0632001E-03  5.4626025E-06  8.7450586E-03
  2.0799350E+02  3.7429760E-06  1.1920626E-03 -8.7484163E-03 -5.7905007E-05  8.2947706E-03
  2.0799350E+02  4.1964352E-06  1.5202026E-03 -8.3816221E-03 -2.7538042E-04  7.9746032E-03
  2.0799350E+02  3.4243638E-06  1.8841019E-03 -7.9940172E-03 -1.9165621E-04  7.7060246E-03
  2.0799350E+02 -4.2827054E-07  1.7721583E-03 -7.6500268E-03  4.6675996E-05  7.4484812E-03
  2.0799350E+02 -1.4147083E-06  1.5700476E-03 -7.3235161E-03  2.2127964E-04  7.2179563E-03
  2.0799350E+02  1.2248365E-07  1.4028005E-03 -7.0096674E-03  2.8744475E-04  7.0046791E-03
  2.0799350E+02  2.1963504E-06  1.2829722E-03 -6.7136716E-03  2.7434318E-04  6.7909708E-03
  2.0799350E+02  3.5173586E-06  1.1940447E-03 -6.4397502E-03  2.2567794E-04  6.5604178E-03
  2.0799350E+02  4.0796039E-06  1.1291525E-03 -6.1902051E-03  1.7034760E-04  6.3061261E-03
  2.0799350E+02  4.6612244E-06  1.0947589E-03 -5.9644074E-03  1.1663634E-04  6.0324577E-03
  2.0799350E+02  5.8403699E-06  1.0958480E-03 -5.7620113E-03  6.1008332E-05  5.7558947E-03
  2.0799350E+02  7.1642390E-06  1.1158403E-03 -5.5826340E-03  1.9354154E-06  5.4977322E-03
  2.0799350E+02  7.0791265E-06  1.1068554E-03 -5.4285477E-03 -4.7841091E-05  5.2787701E-03
  2.0799350E+02  4.2509993E-06  1.0035132E-03 -5.3029827E-03 -6.0422468E-05  5.1092331E-03
  2.0799350E+02  8.9244980E-07  7.7460216E-04 -5.2049837E-03 -1.0935982E-05  4.9769811E-03
  2.0799350E+02  8.7667032E-06  5.2994072E-04 -5.1199540E-03  7.5846531E-05  4.8352168E-03
  2.0799350E+02  9.7855689E-06  1.9966288E-04 -4.9913707E-03  9.8508987E-05  4.6323580E-03
  2.0799350E+02  1.1565916E-06 -1.5530757E-04 -4.8367005E-03  1.3672742E-04  4.4220501E-03
  2.0799350E+02  1.8787653E-06 -3.3344480E-04 -4.6745180E-03  1.4377010E-04  4.2244089E-03
  2.0799350E+02  3.0759324E-06 -4.1397561E-04 -4.5069927E-03  1.0135730E-04  4.0549290E-03
  2.0799350E+02  2.3514952E-06 -4.2971102E-04 -4.3408512E-03  2.8084547E-05  3.9169220E-03
  2.0799350E+02  3.1434689E-07 -3.9832340E-04 -4.1836749E-03 -4.6901766E-05  3.8063487E-03
  2.0799350E+02 -1.6372895E-06 -3.3765318E-04 -4.0405923E-03 -9.9865857E-05  3.7144963E-03
  2.0799350E+02 -2.5013358E-06 -2.6839534E-04 -3.9141035E-03 -1.1977407E-04  3.6314669E-03
  2.0799350E+02 -2.1147386E-06 -2.0760850E-04 -3.8026805E-03 -1.0997147E-04  3.5476858E-03
  2.0799350E+02 -1.0104781E-06 -1.6014987E-04 -3.7027983E-03 -8.4125401E-05  3.4564427E-03
  2.0799350E+02  1.6242845E-08 -1.1122423E-04 -3.6101614E-03 -5.9868146E-05  3.3549140E-03
  2.0799350E+02  4.2375852E-07 -2.5223133E-05 -3.5211597E-03 -5.1279849E-05  3.2443511E-03
  2.0799350E+02  2.8313758E-07  1.4335348E-04 -3.4348347E-03 -6.2163859E-05  3.1303280E-03
  2.0799350E+02  2.5294078E-07  4.2435559E-04 -3.3526477E-03 -8.1802263E-05  3.0199506E-03
  2.0799350E+02  9.2210164E-07  7.8440901E-04 -3.2787774E-03 -8.5356571E-05  2.9198273E-03
  2.0799350E+02  1.3007912E-06  1.0544819E-03 -3.2181337E-03 -4.0236446E-05  2.8316263E-03
  2.0799350E+02 -4.3517373E-07  1.0764459E-03 -3.1731550E-03  2.8544178E-05  2.7552819E-03
  2.0799350E+02  3.6267877E-07  1.2422554E-03 -3.1014523E-03  3.4269527E-05  2.6739383E-03
  2.0799350E+02 -2.8097941E-08  1.2436852E-03 -3.0042066E-03  6.7004981E-05  2.5673005E-03
  2.0799350E+02 -1.6048568E-07  1.2048019E-03 -2.9018434E-03  9.8465950E-05  2.4476651E-03
  2.0799350E+02  1.8670006E-07  1.1769937E-03 -2.8049770E-03  1.1740577E-04  2.3239967E-03
  2.0799350E+02  7.3014040E-07  1.1698861E-03 -2.7168280E-03  1.2243526E-04  2.2012462E-03
  2.0799350E+02  1.1277547E-06  1.1742668E-03 -2.6367959E-03  1.1646666E-04  2.0819331E-03
  2.0799350E+02  1.1969228E-06  1.1769637E-03 -2.5624697E-03  1.0338484E-04  1.9667601E-03
  2.0799350E+02  9.6412543E-07  1.1693925E-03 -2.4910965E-03  8.6194997E-05  1.8552377E-03
  2.0799350E+02  6.0409556E-07  1.1510966E-03 -2.4211155E-03  6.6568194E-05  1.7472075E-03
  2.0799350E+02  3.1550172E-07  1.1292633E-03 -2.3519378E-03  4.4982487E-05  1.6422772E-03
  2.0799350E+02  1.9829653E-07  1.1157279E-03 -2.2845049E-03  2.1741581E-05  1.5410022E-03
  2.0799350E+02  1.8209145E-07  1.1226279E-03 -2.2206866E-03 -1.9511605E-06  1.4446336E-03
  2.0799350E+02  6.2468332E-08  1.1578230E-03 -2.1629738E-03 -2.2770853E-05  1.3555418E-03
  2.0799350E+02 -2.9857149E-07  1.2215941E-03 -2.1127114E-03 -3.4900632E-05  1.2755245E-03
  2.0799350E+02 -5.5411833E-07  1.3056978E-03 -2.0691753E-03 -2.9990704E-05  1.2053270E-03
  2.0799350E+02  8.2549536E-07  1.3962001E-03 -2.0277466E-03  1.6678600E-06  1.1426231E-03
  2.0799350E+02  1.8220259E-06  1.4155591E-03 -1.9807152E-03  1.7613487E-05  1.0815204E-03
  2.0799350E+02 -4.4706485E-07  1.4584083E-03 -1.9351650E-03  6.8011122E-07  1.0216903E-03
  2.0799350E+02 -2.9981156E-07  1.5264276E-03 -1.8910579E-03  1.1260164E-05  9.5901626E-04
  2.0799350E+02  2.7258852E-07  1.5253857E-03 -1.8468127E-03  2.7772023E-05  8.9173556E-04
  2.0799350E+02  5.4326064E-07  1.4490571E-03 -1.8019745E-03  4.1369575E-05  8.2054520E-04
  2.0799350E+02  4.5423386E-07  1.3327698E-03 -1.7571640E-03  5.0156237E-05  7.4770895E-04
  2.0799350E+02  2.1193514E-07  1.2204785E-03 -1.7132688E-03  5.5440372E-05  6.7534089E-04
  2.0799350E+02  3.4449007E-08  1.1460381E-03 -1.6714585E-03  5.9230419E-05  6.0531419E-04
  2.0799350E+02  2.9947525E-08  1.1244366E-03 -1.6327848E-03  6.3048127E-05  5.3874495E-04
  2.0799350E+02  1.7066053E-07  1.1512588E-03 -1.5982361E-03  6.7532471E-05  4.7641180E-04
  2.0799350E+02  3.3418391E-07  1.2076950E-03 -1.5681667E-03  7.2644118E-05  4.1818714E-04
  2.0799350E+02  3.8180569E-07  1.2694643E-03 -1.5424706E-03  7.8021445E-05  3.6375306E-04
  2.0799350E+02  2.4231881E-07  1.3165625E-03 -1.5204293E-03  8.3271179E-05  3.1267614E-04
  2.0799350E+02 -5.7851194E-06  6.2796134E-07 -2.5000322E-02  2.4975070E-02 -7.4430384E-11
  2.0799350E+02 -1.3814596E-06  2.3746610E-04 -7.8786703E-03  5.1067105E-04  5.3749795E-05
  2.0799350E+02 -5.4089339E-06  7.5003676E-04 -5.7038963E-03 -2.8067882E-04  4.4147695E-04
  2.0799350E+02 -1.7945259E-06  1.8297323E-03 -7.5276821E-03  2.7599569E-03  1.4295498E-03
  2.0799350E+02 -9.6853786E-06  4.3855151E-03 -1.1009594E-02  5.4650724E-03  3.4335521E-03
  2.0799350E+02  7.0645259E-06  7.3267421E-03 -1.5493081E-02  6.7181094E-03  7.8022140E-03
  2.0799350E+02  7.4217476E-06  9.1776389E-03 -2.0898635E-02  6.1680983E-03  1.6514893E-02
  2.0799350E+02  7.7925354E-06  7.1849004E-03 -2.7120445E-02  4.0475127E-03  3.1515100E-02
  2.0799350E+02 -2.7684215E-05 -1.7179646E-03 -3.2068759E-02  3.6189673E-04  5.3758895E-02
  2.0799350E+02 -2.0803685E-05 -1.5269659E-02 -3.5274882E-02 -4.2574560E-03  8.0797701E-02
  2.0799350E+02  1.7890425E-05 -2.8528049E-02 -3.7436417E-02 -7.6691449E-03  1.0505329E-01
  2.0799350E+02  4.4821928E-05 -3.6232926E-02 -3.8653078E-02 -9.2992981E-03  1.1938342E-01
  2.0799350E+02  2.7097495E-05 -3.4100037E-02 -3.8771926E-02 -9.6131284E-03  1.2056741E-01
  2.0799350E+02  1.5413407E-05 -2.2849543E-02 -3.7627411E-02 -8.1742453E-03  1.0999594E-01
  2.0799350E+02  6.6161793E-05 -8.6856564E-03 -3.5318178E-02 -4.2520788E-03  9.2342648E-02
  2.0799350E+02  5.6362037E-05  4.5936587E-03 -3.1938813E-02 -2.2238701E-03  7.3000871E-02
  2.0799350E+02  4.9959890E-05  1.5079275E-02 -2.7970105E-02 -4.2496399E-04  5.5967151E-02
  2.0799350E+02  2.2732498E-05  1.9865878E-02 -2.4494115E-02  9.3081462E-04  4.2384077E-02
  2.0799350E+02  1.4705704E-05  1.9518376E-02 -2.1572882E-02  1.3887282E-03  3.2100517E-02
  2.0799350E+02  1.9681320E-05  1.6222269E-02 -1.9274131E-02  1.3731222E-03  2.4646834E-02
  2.0799350E+02  2.5895991E-05  1.2017245E-02 -1.7592142E-02  1.3003218E-03  1.9448277E-02
  2.0799350E+02  2.9111102E-05  8.0463054E-03 -1.6440486E-02  1.2691907E-03  1.5985667E-02
  2.0799350E+02  2.9830463E-05  4.5410068E-03 -1.5662167E-02  1.1403261E-03  1.3791372E-02
  2.0799350E+02  2.6745981E-05  1.3157916E-03 -1.5083107E-02  7.9255953E-04  1.2456034E-02
  2.0799350E+02  1.8599276E-05 -1.6768078E-03 -1.4563879E-02  3.4959793E-04  1.1600480E-02
  2.0799350E+02  2.6482778E-05 -3.9368993E-03 -1.4073368E-02  1.6901314E-04  1.0974654E-02
  2.0799350E+02  1.1045891E-05 -5.6969231E-03 -1.3680898E-02 -1.7200865E-05  1.0499482E-02
  2.0799350E+02 -5.4992611E-06 -6.9478143E-03 -1.3314170E-02  9.3077895E-06  1.0299645E-02
  2.0799350E+02 -2.0685821E-06 -7.4806430E-03 -1.2977235E-02  1.3198449E-04  1.0296171E-02
  2.0799350E+02  4.6835839E-06 -7.4994998E-03 -1.2640598E-02  1.4425723E-04  1.0353349E-02
  2.0799350E+02  1.0269590E-05 -7.1886689E-03 -1.2279238E-02  2.3342779E-05  1.0394597E-02
  2.0799350E+02  1.4294234E-05 -6.7487874E-03 -1.1894453E-02 -1.5909870E-04  1.0396079E-02
  2.0799350E+02  1.6658958E-05 -6.3635283E-03 -1.1509239E-02 -3.0943147E-04  1.0370090E-02
  2.0799350E+02  1.6666175E-05 -6.1437244E-03 -1.1156619E-02 -3.6091340E-04  1.0343523E-02
  2.0799350E+02  1.3881872E-05 -6.0670935E-03 -1.0856936E-02 -3.0445389E-04  1.0336395E-02
  2.0799350E+02  9.3711152E-06 -5.9603480E-03 -1.0603344E-02 -1.9459965E-04  1.0345308E-02
  2.0799350E+02  6.0755372E-06 -5.5549043E-03 -1.0361376E-02 -1.3110563E-04  1.0337144E-02
  2.0799350E+02  7.0218115E-06 -4.6459099E-03 -1.0090110E-02 -2.1391818E-04  1.0257836E-02
  2.0799350E+02  1.0172626E-05 -3.4004339E-03 -9.8002590E-03 -4.7172782E-04  1.0061344E-02
  2.0799350E+02  7.4062755E-06 -2.6554862E-03 -9.5228402E-03 -4.4512964E-04  9.8741620E-03
  2.0799350E+02  6.4870882E-06 -1.9976006E-03 -9.1491102E-03 -2.5505171E-04  9.6868392E-03
  2.0799350E+02  7.7004921E-06 -1.2940052E-03 -8.7494262E-03 -1.9893787E-04  9.4119041E-03
  2.0799350E+02  1.0113424E-05 -6.4061884E-04 -8.3564672E-03 -1.8413704E-04  9.0906273E-03
  2.0799350E+02  1.1960586E-05 -1.0255498E-04 -7.9944130E-03 -1.5543825E-04  8.7569080E-03
  2.0799350E+02  1.1882686E-05  2.7747400E-04 -7.6731486E-03 -9.0502618E-05  8.4334639E-03
  2.0799350E+02  9.4738190E-06  4.7594830E-04 -7.3903303E-03  7.0393109E-06  8.1323117E-03
  2.0799350E+02  5.3182942E-06  4.9315453E-04 -7.1361265E-03  1.1639726E-04  7.8568112E-03
  2.0799350E+02  6.3654235E-07  3.5912626E-04 -6.8972722E-03  2.1031004E-04  7.6024022E-03
  2.0799350E+02 -3.1738280E-06  1.3656019E-04 -6.6652666E-03  2.6369829E-04  7.3623934E-03
  2.0799350E+02 -5.0861255E-06 -8.3754024E-05 -6.4386432E-03  2.6324881E-04  7.1289015E-03
  2.0799350E+02 -4.8097775E-06 -2.0086024E-04 -6.2246723E-03  2.1412176E-04  6.8959226E-03
  2.0799350E+02 -2.8331187E-06 -1.3969606E-04 -6.0341827E-03  1.4326005E-04  6.6586969E-03
  2.0799350E+02  9.6938507E-09  9.2395915E-05 -5.8739058E-03  9.9722676E-05  6.4152618E-03
  2.0799350E+02  3.6291809E-06  3.1919371E-04 -5.7274323E-03  1.4918347E-04  6.1617298E-03
  2.0799350E+02  4.0096460E-06  5.4791613E-04 -5.5354236E-03  4.4957059E-05  5.8903936E-03
  2.0799350E+02  2.6513010E-06  9.1708757E-04 -5.3228229E-03 -9.6877676E-05  5.6745209E-03
  2.0799350E+02  2.6571626E-06  1.1541669E-03 -5.1360218E-03 -6.5587821E-05  5.4897143E-03
  2.0799350E+02  2.6915962E-06  1.2478527E-03 -4.9774900E-03  4.0338325E-05  5.3050155E-03
  2.0799350E+02  2.3964975E-06  1.2029162E-03 -4.8338923E-03  1.4576295E-04  5.1086106E-03
  2.0799350E+02  1.9072854E-06  1.0413991E-03 -4.6910051E-03  2.0562286E-04  4.9014467E-03
  2.0799350E+02  1.5109074E-06  8.0008850E-04 -4.5414635E-03  2.0457440E-04  4.6918828E-03
  2.0799350E+02  1.4286486E-06  5.2246377E-04 -4.3857273E-03  1.5147502E-04  4.4896541E-03
  2.0799350E+02  1.7150047E-06  2.5338506E-04 -4.2317195E-03  7.0771126E-05  4.3045441E-03
  2.0799350E+02  2.2385129E-06  2.9585862E-05 -4.0896075E-03 -7.6284077E-06  4.1425360E-03
  2.0799350E+02  2.7383493E-06 -1.2627567E-04 -3.9670845E-03 -5.8506383E-05  4.0048594E-03
  2.0799350E+02  2.9328987E-06 -2.0859254E-04 -3.8653903E-03 -6.9626340E-05  3.8879565E-03
  2.0799350E+02  2.6628876E-06 -2.2740968E-04 -3.7769363E-03 -4.6461549E-05  3.7835954E-03
  2.0799350E+02  2.0465922E-06 -1.9929619E-04 -3.6885772E-03 -1.1611133E-05  3.6819981E-03
  2.0799350E+02  1.6365704E-06 -1.3157345E-04 -3.5887019E-03  2.4591090E-06  3.5740580E-03
  2.0799350E+02  2.5512043E-06  4.1098261E-06 -3.4823778E-03 -3.0481294E-05  3.4556738E-03
  2.0799350E+02  3.8086896E-06  1.3813921E-04 -3.3991733E-03 -7.0344145E-05  3.3377782E-03
  2.0799350E+02  8.4029576E-07  1.3758603E-04 -3.3031532E-03 -5.0010544E-05  3.2320662E-03
  2.0799350E+02 -5.0757740E-07  3.2544384E-04 -3.2080859E-03 -4.0986075E-05  3.1246590E-03
  2.0799350E+02 -9.7263064E-07  5.7143656E-04 -3.1164473E-03 -2.7649294E-05  3.0157459E-03
  2.0799350E+02 -1.0790912E-06  8.0732064E-04 -3.0274208E-03 -7.6690614E-06  2.9049922E-03
  2.0799350E+02 -1.1141829E-06  1.0025235E-03 -2.9397633E-03  1.5384072E-05  2.7922218E-03
  2.0799350E+02 -1.1601525E-06  1.1483431E-03 -2.8526430E-03  3.6899914E-05  2.6769045E-03
  2.0799350E+02 -1.1621698E-06  1.2447938E-03 -2.7669660E-03  5.3465528E-05  2.5593908E-03
  2.0799350E+02 -1.0140776E-06  1.2956803E-03 -2.6844876E-03  6.3817397E-05  2.4401049E-03
  2.0799350E+02 -6.4376763E-07  1.3055557E-03 -2.6073543E-03  6.8407874E-05  2.3198255E-03
  2.0799350E+02 -7.4817349E-08  1.2795926E-03 -2.5366883E-03  6.8366934E-05  2.1987264E-03
  2.0799350E+02  5.4369263E-07  1.2248169E-03 -2.4725973E-03  6.4247676E-05  2.0775015E-03
  2.0799350E+02  9.7069274E-07  1.1518920E-03 -2.4132469E-03  5.5215793E-05  1.9565216E-03
  2.0799350E+02  9.8042733E-07  1.0759433E-03 -2.3552837E-03  3.9065237E-05  1.8361495E-03
  2.0799350E+02  5.6614545E-07  1.0156164E-03 -2.2951806E-03  1.3690807E-05  1.7172368E-03
  2.0799350E+02  2.5216874E-07  9.8866096E-04 -2.2312946E-03 -1.9778645E-05  1.6008499E-03
  2.0799350E+02  1.5480945E-06  1.0044510E-03 -2.1684594E-03 -5.0973826E-05  1.4903123E-03
  2.0799350E+02  2.1203896E-06  1.0484665E-03 -2.1111739E-03 -5.0790406E-05  1.3921104E-03
  2.0799350E+02 -5.0691563E-07  1.0845724E-03 -2.0503518E-03 -3.8795959E-05  1.3113489E-03
  2.0799350E+02 -5.8837403E-07  1.1549483E-03 -1.9935408E-03 -3.5992723E-05  1.2404762E-03
  2.0799350E+02 -5.1850730E-08  1.2681164E-03 -1.9385195E-03 -3.7561964E-05  1.1728939E-03
  2.0799350E+02  3.1848736E-07  1.3998306E-03 -1.8862541E-03 -3.7499376E-05  1.1046999E-03
  2.0799350E+02  3.6685819E-07  1.5164867E-03 -1.8382490E-03 -3.1029957E-05  1.0338042E-03
  2.0799350E+02  2.1201862E-07  1.5898779E-03 -1.7953781E-03 -1.5909544E-05  9.5963579E-04
  2.0799350E+02  2.6423303E-08  1.6051571E-03 -1.7574720E-03  7.1859035E-06  8.8285427E-04
  2.0799350E+02 -7.8221679E-08  1.5631909E-03 -1.7231814E-03  3.5226136E-05  8.0441732E-04
  2.0799350E+02 -8.0459896E-08  1.4785349E-03 -1.6908541E-03  6.3500216E-05  7.2600071E-04
  2.0799350E+02 -2.7207251E-08  1.3748663E-03 -1.6589374E-03  8.7001132E-05  6.4916294E-04
  2.0799350E+02  1.8806228E-08  1.2785331E-03 -1.6266843E-03  1.0173989E-04  5.7523076E-04
  2.0799350E+02  3.3687786E-08  1.2120003E-03 -1.5946074E-03  1.0599504E-04  5.0526161E-04
  2.0799350E+02 -1.1199812E-05  3.4575097E-06 -5.3581185E-02  5.3479762E-02  0.0000000E+00
  2.0799350E+02  1.3619395E-06  6.9749867E-04 -1.5785542E-02 -2.0746011E-03  7.3570204E-04
  2.0799350E+02 -1.2778423E-05  6.0591557E-04 -1.1891937E-02 -3.2587569E-03  1.7241726E-03
  2.0799350E+02  3.2227175E-06  3.7161849E-03 -1.3849439E-02  1.0429682E-03  2.6188319E-03
  2.0799350E+02 -1.8887456E-06  8.9201146E-03 -1.6461776E-02  2.8360854E-03  4.7168194E-03
  2.0799350E+02  2.2658066E-05  1.3458584E-02 -1.9565490E-02  2.7977973E-03  8.9381941E-03
  2.0799350E+02  9.6911063E-05  1.5301949E-02 -2.3050032E-02  2.0954457E-03  1.6103071E-02
  2.0799350E+02  1.2547060E-04  1.2540511E-02 -2.7147371E-02  2.2559272E-03  2.6711366E-02
  2.0799350E+02  6.1935225E-05  6.0616691E-03 -3.0807524E-02  1.9837810E-03  4.0962527E-02
  2.0799350E+02  2.2335635E-05 -2.5073839E-03 -3.3930107E-02  3.9219576E-04  5.8413470E-02
  2.0799350E+02 -2.7801287E-06 -1.2012561E-02 -3.6956052E-02 -1.1027110E-03  7.8220748E-02
  2.0799350E+02 -2.1292719E-05 -2.2085909E-02 -3.9779864E-02 -2.4585130E-03  9.8546819E-02
  2.0799350E+02  6.8827138E-06 -3.2127136E-02 -4.1994907E-02 -4.3501382E-03  1.1638162E-01
  2.0799350E+02 -2.7709985E-06 -4.0410384E-02 -4.3290781E-02 -5.8229688E-03  1.2816627E-01
  2.0799350E+02 -6.8518845E-05 -4.4283633E-02 -4.3849029E-02 -4.6596620E-03  1.3150484E-01
  2.0799350E+02  8.4701696E-07 -4.0702131E-02 -4.3149179E-02 -5.2038624E-03  1.2693252E-01
  2.0799350E+02 -8.9510200E-05 -3.0688024E-02 -3.9780038E-02 -5.1067283E-03  1.1521638E-01
  2.0799350E+02  1.0974682E-05 -1.8017546E-02 -3.6237262E-02 -3.1752942E-03  9.9889157E-02
  2.0799350E+02  6.1790773E-05 -5.8114040E-03 -3.2894054E-02 -1.3968208E-03  8.3443924E-02
  2.0799350E+02  5.8920583E-05  3.6141298E-03 -2.9754827E-02 -1.5539469E-04  6.7741182E-02
  2.0799350E+02  4.8854576E-05  1.0072242E-02 -2.6794421E-02  6.1552603E-04  5.3892635E-02
  2.0799350E+02  5.0382625E-05  1.4756496E-02 -2.4088677E-02  9.7748068E-04  4.2489134E-02
  2.0799350E+02  4.9021529E-05  1.8783417E-02 -2.1746042E-02  9.8738564E-04  3.3629156E-02
  2.0799350E+02  2.9219330E-05  2.1882927E-02 -1.9803577E-02  8.3610770E-04  2.7035938E-02
  2.0799350E+02  9.3108203E-06  2.2309100E-02 -1.8218933E-02  8.5750876E-04  2.2272962E-02
  2.0799350E+02  4.4142660E-05  1.9164390E-02 -1.6993338E-02  1.1200864E-03  1.8760264E-02
  2.0799350E+02  1.4994821E-05  1.5480709E-02 -1.5708857E-02  9.5285652E-04  1.6012710E-02
  2.0799350E+02 -6.2438075E-06  1.0426636E-02 -1.4549354E-02  7.1428274E-04  1.4027491E-02
  2.0799350E+02  4.3806303E-06  5.7157908E-03 -1.3694929E-02  4.5828807E-04  1.2631056E-02
  2.0799350E+02  1.3266245E-05  2.1332487E-03 -1.3033228E-02  2.4929793E-04  1.1699978E-02
  2.0799350E+02  1.4593991E-05 -3.6745101E-04 -1.2509057E-02  1.3513637E-04  1.1115714E-02
  2.0799350E+02  1.3027646E-05 -2.0986169E-03 -1.2086886E-02  1.0627726E-04  1.0764806E-02
  2.0799350E+02  1.3547967E-05 -3.3216782E-03 -1.1738641E-02  1.0524717E-04  1.0550533E-02
  2.0799350E+02  1.7073465E-05 -4.1745814E-03 -1.1436805E-02  6.2801595E-05  1.0397814E-02
  2.0799350E+02  2.0454381E-05 -4.7094002E-03 -1.1157867E-02 -5.6633682E-05  1.0261562E-02
  2.0799350E+02  1.9324114E-05 -4.9716553E-03 -1.0892340E-02 -2.2069771E-04  1.0131623E-02
  2.0799350E+02  1.2531742E-05 -5.0679721E-03 -1.0647325E-02 -3.2692236E-04  1.0027261E-02
  2.0799350E+02  6.5394417E-06 -5.1235966E-03 -1.0441299E-02 -2.5306841E-04  9.9802454E-03
  2.0799350E+02  1.8613663E-05 -5.0615386E-03 -1.0288650E-02  2.2554341E-05  1.0003950E-02
  2.0799350E+02  2.2658409E-05 -4.6640657E-03 -1.0017545E-02 -1.8015259E-04  1.0039076E-02
  2.0799350E+02  9.2879258E-06 -4.0796371E-03 -9.6182387E-03 -3.4534148E-04  1.0037114E-02
  2.0799350E+02  6.5058929E-06 -3.4224181E-03 -9.2388105E-03 -2.3757516E-04  9.9949611E-03
  2.0799350E+02  4.6473134E-06 -2.8742894E-03 -8.8785359E-03 -1.0522117E-04  9.9020586E-03
  2.0799350E+02  1.5807561E-06 -2.4626143E-03 -8.5413090E-03 -2.2718707E-05  9.7541905E-03
  2.0799350E+02 -1.5684805E-06 -2.1441937E-03 -8.2295172E-03  1.4486273E-05  9.5549022E-03
  2.0799350E+02 -3.1500738E-06 -1.8611407E-03 -7.9413782E-03  3.2303854E-05  9.3133268E-03
  2.0799350E+02 -2.3865014E-06 -1.5748568E-03 -7.6746901E-03  4.9689246E-05  9.0440022E-03
  2.0799350E+02  1.7692750E-07 -1.2754448E-03 -7.4267736E-03  7.2109174E-05  8.7630669E-03
  2.0799350E+02  3.0229846E-06 -9.7726583E-04 -7.1952033E-03  9.7665627E-05  8.4834227E-03
  2.0799350E+02  4.4303754E-06 -7.1079051E-04 -6.9813654E-03  1.2729015E-04  8.2147339E-03
  2.0799350E+02  3.4955624E-06 -5.0734106E-04 -6.7885556E-03  1.7116201E-04  7.9600982E-03
  2.0799350E+02  1.0528630E-06 -3.8827558E-04 -6.6181396E-03  2.4285211E-04  7.7145728E-03
  2.0799350E+02  2.8187131E-07 -3.6630614E-04 -6.4653504E-03  3.3172419E-04  7.4700440E-03
  2.0799350E+02  6.6927747E-06 -4.5843096E-04 -6.3063641E-03  3.4747890E-04  7.2165925E-03
  2.0799350E+02  5.7413597E-06 -4.2717134E-04 -6.0432618E-03  1.6978795E-04  6.9435565E-03
  2.0799350E+02 -1.4485552E-07 -3.0370669E-04 -5.7736133E-03  8.6006901E-05  6.6593757E-03
  2.0799350E+02  3.6534530E-07 -1.0650263E-04 -5.5420265E-03  3.5915842E-05  6.3986827E-03
  2.0799350E+02  2.2810195E-06  2.4646848E-04 -5.3326178E-03 -1.2031049E-05  6.1710164E-03
  2.0799350E+02  3.4269347E-06  7.0696650E-04 -5.1430521E-03 -4.9896800E-05  5.9710272E-03
  2.0799350E+02  3.3618892E-06  1.1762344E-03 -4.9737013E-03 -6.1877647E-05  5.7859464E-03
  2.0799350E+02  2.5141194E-06  1.5522820E-03 -4.8241510E-03 -4.0862725E-05  5.6033973E-03
  2.0799350E+02  1.5746912E-06  1.7640435E-03 -4.6903717E-03  5.6209142E-06  5.4140932E-03
  2.0799350E+02  1.0837769E-06  1.7857789E-03 -4.5650390E-03  5.8590635E-05  5.2128373E-03
  2.0799350E+02  1.2319941E-06  1.6352412E-03 -4.4412356E-03  9.4961684E-05  5.0008286E-03
  2.0799350E+02  1.8176892E-06  1.3662904E-03 -4.3146167E-03  9.7725220E-05  4.7840216E-03
  2.0799350E+02  2.3755032E-06  1.0502734E-03 -4.1850608E-03  6.4513182E-05  4.5703250E-03
  2.0799350E+02  2.4280822E-06  7.6046113E-04 -4.0587643E-03  1.2000892E-05  4.3698858E-03
  2.0799350E+02  1.8644467E-06  5.5040511E-04 -3.9444880E-03 -2.7523965E-05  4.1898318E-03
  2.0799350E+02  1.4112610E-06  4.4376521E-04 -3.8492136E-03 -1.9335749E-05  4.0342026E-03
  2.0799350E+02  3.1796753E-06  4.2666790E-04 -3.7667519E-03  4.5673970E-05  3.9006766E-03
  2.0799350E+02  5.4655523E-06  4.4507991E-04 -3.6477073E-03  3.2247923E-05  3.7721586E-03
  2.0799350E+02  6.6418677E-07  4.8683153E-04 -3.4946133E-03 -7.0041204E-05  3.6407481E-03
  2.0799350E+02 -2.3982220E-07  4.9531578E-04 -3.3677228E-03 -6.1989120E-05  3.5196248E-03
  2.0799350E+02 -6.6197921E-08  4.4051594E-04 -3.2573417E-03 -2.7090329E-05  3.3998628E-03
  2.0799350E+02  3.7344508E-08  3.5992109E-04 -3.1583830E-03  5.1458191E-07  3.2781560E-03
  2.0799350E+02 -1.5969678E-07  3.0847513E-04 -3.0678148E-03  1.3747563E-05  3.1543158E-03
  2.0799350E+02 -4.9061439E-07  3.2756875E-04 -2.9831716E-03  1.7343454E-05  3.0291447E-03
  2.0799350E+02 -7.1709136E-07  4.3094840E-04 -2.9030138E-03  1.8242317E-05  2.9047589E-03
  2.0799350E+02 -7.0279282E-07  6.0324214E-04 -2.8256236E-03  2.0893966E-05  2.7821562E-03
  2.0799350E+02 -4.6099935E-07  8.0628490E-04 -2.7500576E-03  2.5931599E-05  2.6622016E-03
  2.0799350E+02 -1.2247647E-07  9.9227763E-04 -2.6759419E-03  3.1209785E-05  2.5448061E-03
  2.0799350E+02  1.5152082E-07  1.1198500E-03 -2.6032944E-03  3.4058823E-05  2.4284273E-03
  2.0799350E+02  2.6264976E-07  1.1655846E-03 -2.5332654E-03  3.3445312E-05  2.3115335E-03
  2.0799350E+02  2.5254741E-07  1.1340097E-03 -2.4674175E-03  3.1069525E-05  2.1925049E-03
  2.0799350E+02  3.1778135E-07  1.0569091E-03 -2.4066154E-03  3.0048562E-05  2.0696781E-03
  2.0799350E+02  7.3188677E-07  9.8172364E-04 -2.3502626E-03  3.0153557E-05  1.9433098E-03
  2.0799350E+02  1.6342494E-06  9.4390536E-04 -2.2937578E-03  1.8354813E-05  1.8158766E-03
  2.0799350E+02  1.7468934E-06  9.5336016E-04 -2.2267040E-03 -2.5465141E-05  1.6877900E-03
  2.0799350E+02  6.3372853E-07  9.6415611E-04 -2.1575762E-03 -3.6475108E-05  1.5668526E-03
  2.0799350E+02  3.4012083E-08  9.5943264E-04 -2.0895743E-03 -3.5929200E-05  1.4622020E-03
  2.0799350E+02 -2.0747997E-07  9.7294735E-04 -2.0232670E-03 -3.8863930E-05  1.3709479E-03
  2.0799350E+02 -2.3995280E-07  1.0158746E-03 -1.9605779E-03 -4.7074233E-05  1.2890448E-03
  2.0799350E+02 -1.7619447E-07  1.0849539E-03 -1.9031184E-03 -5.6185491E-05  1.2120520E-03
  2.0799350E+02 -8.4590931E-08  1.1686412E-03 -1.8520723E-03 -6.0371874E-05  1.1366456E-03
  2.0799350E+02  4.1645544E-09  1.2525365E-03 -1.8075843E-03 -5.5349147E-05  1.0605818E-03
  2.0799350E+02  8.3089357E-08  1.3239534E-03 -1.7686957E-03 -3.9685024E-05  9.8245571E-04
  2.0799350E+02  1.5055753E-07  1.3738264E-03 -1.7341348E-03 -1.5005303E-05  9.0237578E-04
  2.0799350E+02  1.9644189E-07  1.3987784E-03 -1.7025143E-03  1.4680433E-05  8.2135813E-04
  2.0799350E+02  1.9659587E-07  1.4013168E-03 -1.6726336E-03  4.4433861E-05  7.4056936E-04
  2.0799350E+02  1.2120033E-07  1.3885258E-03 -1.6440660E-03  6.9517341E-05  6.6175292E-04
  2.0799350E+02 -8.0752762E-06  2.5425666E-05 -1.0464767E-01  1.0427473E-01  3.2834807E-11
  2.0799350E+02 -4.5700368E-06  3.1971862E-03 -3.1402647E-02 -6.0820930E-03 -1.1477996E-04
  2.0799350E+02 -2.3176937E-05  7.2394498E-03 -2.4966304E-02 -7.6000744E-03 -1.1528345E-03
  2.0799350E+02 -2.4450579E-05  1.5331059E-02 -2.6374612E-02 -2.5062144E-03  2.2293340E-03
  2.0799350E+02 -3.9686823E-05  1.9606484E-02 -2.8736603E-02 -1.1444304E-04  1.0112724E-02
  2.0799350E+02 -2.4177516E-05  2.0870392E-02 -3.1988438E-02  1.0379003E-03  2.0121432E-02
  2.0799350E+02 -2.9314072E-05  1.9425502E-02 -3.5373183E-02  4.7912119E-04  3.0649599E-02
  2.0799350E+02 -3.6449285E-06  1.3043693E-02 -3.9012029E-02  5.4072159E-05  4.1960928E-02
  2.0799350E+02  2.1109990E-05  3.0803037E-03 -4.2041072E-02 -4.9227168E-04  5.5220613E-02
  2.0799350E+02  9.8813148E-05 -8.5350266E-03 -4.4203056E-02 -1.5230841E-03  7.0722782E-02
  2.0799350E+02  1.4853305E-04 -1.8945984E-02 -4.6243195E-02 -1.4180905E-03  8.6259996E-02
  2.0799350E+02  1.5692116E-04 -2.5937383E-02 -4.8136050E-02 -9.4480367E-04  1.0015868E-01
  2.0799350E+02  1.4443913E-04 -3.0752896E-02 -4.9480492E-02 -1.6246898E-03  1.1193459E-01
  2.0799350E+02  9.3685992E-05 -3.4826169E-02 -5.0223076E-02 -2.9420009E-03  1.2155819E-01
  2.0799350E+02  2.6135723E-05 -3.6338932E-02 -5.0761540E-02 -2.9913884E-03  1.2835087E-01
  2.0799350E+02  5.0292666E-05 -3.4995977E-02 -4.9466133E-02 -3.7258961E-03  1.3014902E-01
  2.0799350E+02 -1.7676281E-05 -2.9381927E-02 -4.6174858E-02 -3.1719148E-03  1.2730700E-01
  2.0799350E+02 -2.1964712E-05 -2.0059064E-02 -4.2485687E-02 -3.4404909E-03  1.2124092E-01
  2.0799350E+02 -3.4722913E-05 -1.0006460E-02 -3.8714252E-02 -3.5878181E-03  1.1185205E-01
  2.0799350E+02 -5.9842050E-05 -2.7040168E-04 -3.5366555E-02 -2.5960117E-03  9.9534131E-02
  2.0799350E+02 -7.3307045E-05  8.3998182E-03 -3.2558580E-02 -6.4909573E-04  8.5439637E-02
  2.0799350E+02 -5.7587899E-05  1.5217225E-02 -3.0042835E-02  1.1479189E-03  7.1200211E-02
  2.0799350E+02 -2.1308643E-05  1.9667010E-02 -2.7537354E-02  1.7994847E-03  5.8363631E-02
  2.0799350E+02  4.5611240E-06  2.1783016E-02 -2.5060785E-02  1.3919898E-03  4.7820813E-02
  2.0799350E+02  2.7417388E-06  2.1715683E-02 -2.2976024E-02  1.2007879E-03  3.9494973E-02
  2.0799350E+02  4.6655656E-05  1.7916297E-02 -2.1444884E-02  2.1243207E-03  3.2565047E-02
  2.0799350E+02  1.3309606E-05  1.4380569E-02 -1.8633875E-02  5.1709890E-04  2.6953954E-02
  2.0799350E+02 -1.7418144E-05  1.4849956E-02 -1.6526472E-02 -1.3364238E-04  2.2983490E-02
  2.0799350E+02 -2.7580354E-06  1.4806158E-02 -1.5252692E-02  1.9707042E-04  2.0043085E-02
  2.0799350E+02  3.1517323E-06  1.3728632E-02 -1.4307320E-02  5.6778223E-04  1.7816720E-02
  2.0799350E+02 -2.2483392E-06  1.1689371E-02 -1.3491531E-02  6.9666602E-04  1.6097441E-02
  2.0799350E+02 -7.3555270E-06  9.0810453E-03 -1.2764738E-02  5.9707144E-04  1.4766684E-02
  2.0799350E+02 -4.8133809E-06  6.3841569E-03 -1.2140806E-02  3.7093058E-04  1.3751935E-02
  2.0799350E+02  3.7016645E-06  3.9862322E-03 -1.1631935E-02  1.1552739E-04  1.2996882E-02
  2.0799350E+02  1.1191161E-05  2.0703285E-03 -1.1227438E-02 -9.7022499E-05  1.2441200E-02
  2.0799350E+02  1.2405576E-05  5.8951494E-04 -1.0897234E-02 -2.0836007E-04  1.2012661E-02
  2.0799350E+02  9.1378630E-06 -6.5600561E-04 -1.0609873E-02 -1.7131769E-04  1.1634298E-02
  2.0799350E+02  8.6022340E-06 -1.8224697E-03 -1.0354924E-02  3.0209850E-06  1.1249322E-02
  2.0799350E+02  9.7607305E-06 -2.6901560E-03 -1.0159523E-02  1.0785766E-04  1.0866499E-02
  2.0799350E+02  6.6294874E-06 -2.7189673E-03 -9.8423259E-03 -1.7863251E-04  1.0622107E-02
  2.0799350E+02  7.8695221E-06 -3.3222953E-03 -9.4743383E-03 -1.7018193E-04  1.0490736E-02
  2.0799350E+02  4.6534764E-06 -3.7449743E-03 -9.1719407E-03 -9.3255195E-05  1.0396179E-02
  2.0799350E+02  1.5926793E-06 -3.5822228E-03 -8.8654416E-03 -8.0672035E-05  1.0314575E-02
  2.0799350E+02  3.4116043E-09 -2.9438599E-03 -8.5485174E-03 -1.2750712E-04  1.0229835E-02
  2.0799350E+02 -2.1802455E-07 -2.1363949E-03 -8.2408520E-03 -1.8032381E-04  1.0129248E-02
  2.0799350E+02  4.7114868E-07 -1.4580899E-03 -7.9641253E-03 -1.9056325E-04  1.0001658E-02
  2.0799350E+02  1.7171941E-06 -1.0881690E-03 -7.7291581E-03 -1.3924619E-04  9.8375640E-03
  2.0799350E+02  3.3165923E-06 -1.0513522E-03 -7.5320234E-03 -4.0144949E-05  9.6304291E-03
  2.0799350E+02  5.0516661E-06 -1.2388888E-03 -7.3569343E-03  7.1417087E-05  9.3785335E-03
  2.0799350E+02  6.5142663E-06 -1.4672658E-03 -7.1837167E-03  1.5698110E-04  9.0866806E-03
  2.0799350E+02  7.1166875E-06 -1.5557677E-03 -6.9976772E-03  1.9342614E-04  8.7670737E-03
  2.0799350E+02  6.4889818E-06 -1.4040644E-03 -6.7996749E-03  1.8434276E-04  8.4386790E-03
  2.0799350E+02  5.4618404E-06 -1.0510006E-03 -6.6142070E-03  1.5714955E-04  8.1243931E-03
  2.0799350E+02  7.8342112E-06 -6.9576565E-04 -6.4933175E-03  1.3879523E-04  7.8453289E-03
  2.0799350E+02  5.0527415E-06 -3.5142422E-04 -6.2984622E-03  8.5240180E-05  7.6471795E-03
  2.0799350E+02  4.3859707E-07 -2.5677156E-04 -6.0085508E-03  1.0858782E-04  7.3988321E-03
  2.0799350E+02  1.0537004E-06 -3.5556079E-04 -5.7557533E-03  1.4081123E-04  7.0890251E-03
  2.0799350E+02  2.3948026E-06 -4.0552362E-04 -5.5223143E-03  1.2208518E-04  6.7707451E-03
  2.0799350E+02  3.0081552E-06 -3.0520352E-04 -5.3065502E-03  5.6456731E-05  6.4764999E-03
  2.0799350E+02  2.8771708E-06 -4.5445359E-05 -5.1125021E-03 -2.6011046E-05  6.2208685E-03
  2.0799350E+02  2.4151377E-06  3.2898938E-04 -4.9435738E-03 -9.3681817E-05  6.0041882E-03
  2.0799350E+02  1.9413714E-06  7.4879230E-04 -4.7994272E-03 -1.2666783E-04  5.8169532E-03
  2.0799350E+02  1.5191846E-06  1.1415738E-03 -4.6754130E-03 -1.2132348E-04  5.6444941E-03
  2.0799350E+02  1.0340606E-06  1.4465348E-03 -4.5638085E-03 -8.8203080E-05  5.4715137E-03
  2.0799350E+02  3.8924125E-07  1.6236309E-03 -4.4559607E-03 -4.5708609E-05  5.2857273E-03
  2.0799350E+02 -2.9568000E-07  1.6570577E-03 -4.3456719E-03 -1.2147645E-05  5.0820749E-03
  2.0799350E+02 -6.2243264E-07  1.5579946E-03 -4.2304639E-03  2.6340206E-06  4.8624306E-03
  2.0799350E+02 -8.7844842E-08  1.3617713E-03 -4.1134961E-03  2.2022766E-06  4.6364583E-03
  2.0799350E+02  1.3694482E-06  1.1256371E-03 -4.0027844E-03  3.9244980E-06  4.4187039E-03
  2.0799350E+02  2.3335203E-06  9.2599833E-04 -3.9080543E-03  3.2067913E-05  4.2232666E-03
  2.0799350E+02  1.4601661E-06  7.4680143E-04 -3.8021328E-03  4.0242094E-05  4.0523125E-03
  2.0799350E+02  2.5834393E-06  6.0111699E-04 -3.6270921E-03 -3.5371774E-05  3.8866259E-03
  2.0799350E+02  1.7153412E-06  6.2535059E-04 -3.4721549E-03 -5.0102885E-05  3.7298788E-03
  2.0799350E+02  7.0587140E-07  6.5498574E-04 -3.3397953E-03 -3.5942540E-05  3.5815109E-03
  2.0799350E+02  1.3094376E-07  6.3618219E-04 -3.2276738E-03 -1.0239626E-05  3.4394159E-03
  2.0799350E+02 -5.0648994E-08  5.7573149E-04 -3.1311143E-03  1.7647063E-05  3.3014253E-03
  2.0799350E+02 -7.2231535E-08  5.0546775E-04 -3.0449069E-03  4.2239446E-05  3.1661142E-03
  2.0799350E+02 -1.2324419E-07  4.5900490E-04 -2.9645134E-03  5.9839111E-05  3.0330653E-03
  2.0799350E+02 -2.5928544E-07  4.5867147E-04 -2.8867552E-03  6.7899984E-05  2.9027267E-03
  2.0799350E+02 -4.1524048E-07  5.1051382E-04 -2.8100586E-03  6.5340107E-05  2.7759995E-03
  2.0799350E+02 -4.7853789E-07  6.0523914E-04 -2.7343392E-03  5.3257916E-05  2.6536907E-03
  2.0799350E+02 -3.7957623E-07  7.2296898E-04 -2.6605996E-03  3.5518402E-05  2.5359666E-03
  2.0799350E+02 -1.5636255E-07  8.3967469E-04 -2.5903211E-03  1.8674546E-05  2.4219444E-03
  2.0799350E+02  4.9595187E-08  9.3316554E-04 -2.5247261E-03  1.0689421E-05  2.3095545E-03
  2.0799350E+02  1.0909998E-07  9.8650086E-04 -2.4639890E-03  1.7924341E-05  2.1958133E-03
  2.0799350E+02  1.7573984E-07  9.8669703E-04 -2.4064741E-03  3.9858454E-05  2.0776382E-03
  2.0799350E+02  1.1539823E-06  9.1660052E-04 -2.3480783E-03  6.1005167E-05  1.9533437E-03
  2.0799350E+02  1.9991637E-06  7.8514645E-04 -2.2737833E-03  1.7909500E-05  1.8194069E-03
  2.0799350E+02  5.0612108E-07  8.5723646E-04 -2.1920502E-03 -2.9768935E-05  1.6848805E-03
  2.0799350E+02  2.8526947E-07  9.8015626E-04 -2.1204693E-03 -3.5962337E-05  1.5655913E-03
  2.0799350E+02  4.1685751E-07  1.0482782E-03 -2.0554638E-03 -3.0829532E-05  1.4610023E-03
  2.0799350E+02  4.7577946E-07  1.0546730E-03 -1.9950667E-03 -2.7759329E-05  1.3682360E-03
  2.0799350E+02  3.5275115E-07  1.0336431E-03 -1.9384450E-03 -2.9920311E-05  1.2835070E-03
  2.0799350E+02  1.1034871E-07  1.0239393E-03 -1.8854937E-03 -3.5144883E-05  1.2031277E-03
  2.0799350E+02 -1.2726569E-07  1.0490062E-03 -1.8364973E-03 -3.9365092E-05  1.1241444E-03
  2.0799350E+02 -2.5210724E-07  1.1106031E-03 -1.7918570E-03 -3.8817721E-05  1.0446619E-03
  2.0799350E+02 -2.1879698E-07  1.1921469E-03 -1.7518778E-03 -3.1236141E-05  9.6391524E-04
  2.0799350E+02 -6.0831324E-08  1.2681215E-03 -1.7166166E-03 -1.6246450E-05  8.8214675E-04
  2.0799350E+02  1.2213129E-07  1.3159031E-03 -1.6857842E-03  4.8146111E-06  8.0034562E-04
  2.0799350E+02  2.0479079E-07  1.3263432E-03 -1.6587020E-03  2.9442463E-05  7.1990915E-04
  2.0799350E+02 -4.0874168E-05  9.7337787E-05 -2.2655072E-01  2.2565016E-01  0.0000000E+00
  2.0799350E+02 -1.4279587E-05  5.9054374E-03 -6.6164424E-02 -1.5371919E-02 -5.7231103E-03
  2.0799350E+02 -5.8771913E-05  1.1947871E-02 -4.1953509E-02 -2.9815834E-02 -5.5362589E-03
  2.0799350E+02  2.6627440E-05  1.8729071E-02 -4.0892205E-02 -1.3259652E-02  7.1731866E-03
  2.0799350E+02  3.3844605E-05  2.3506300E-02 -4.2831317E-02 -4.3161208E-03  2.1583035E-02
  2.0799350E+02  4.8869322E-05  2.0852337E-02 -4.5050560E-02 -9.3305931E-04  3.5295686E-02
  2.0799350E+02  9.6814323E-06  1.1421447E-02 -4.7210873E-02  4.0050674E-04  4.8023828E-02
  2.0799350E+02  1.3623201E-05  1.0200816E-03 -4.9295277E-02  1.9187600E-04  6.0590492E-02
  2.0799350E+02  1.9757883E-05 -1.2423920E-02 -5.0060901E-02 -1.0882313E-03  7.2941744E-02
  2.0799350E+02  4.5250820E-05 -1.9803352E-02 -5.0400810E-02 -1.0650223E-03  8.3677695E-02
  2.0799350E+02  6.3715720E-05 -2.3673046E-02 -5.0594155E-02 -5.9342862E-04  9.2804030E-02
  2.0799350E+02  8.0571094E-05 -2.9002406E-02 -5.0364555E-02 -7.0667835E-04  1.0062563E-01
  2.0799350E+02  1.2622473E-04 -3.5932396E-02 -4.9725654E-02 -1.3004951E-03  1.0699222E-01
  2.0799350E+02  1.3451750E-04 -4.2048704E-02 -4.8896580E-02 -1.5204855E-03  1.1128531E-01
  2.0799350E+02  8.8317029E-05 -4.6438577E-02 -4.7903392E-02 -7.2080531E-04  1.1267541E-01
  2.0799350E+02  9.5169990E-05 -4.7921402E-02 -4.6051759E-02 -1.9461690E-04  1.1063416E-01
  2.0799350E+02  3.3519865E-05 -4.1418180E-02 -4.2714933E-02 -1.3836902E-03  1.0633870E-01
  2.0799350E+02  7.4506266E-05 -2.7907468E-02 -3.9448119E-02 -1.8741974E-03  1.0030864E-01
  2.0799350E+02  4.8529768E-05 -1.2618153E-02 -3.6528355E-02 -1.6670095E-03  9.3107082E-02
  2.0799350E+02  5.0338014E-06  2.5529500E-04 -3.3818340E-02 -1.1791536E-03  8.5193315E-02
  2.0799350E+02 -5.2719837E-06  9.5348160E-03 -3.1214428E-02 -7.8445371E-04  7.6865737E-02
  2.0799350E+02  1.0419595E-05  1.6336074E-02 -2.8778041E-02 -6.4452653E-04  6.8404056E-02
  2.0799350E+02  1.7900973E-05  2.2313071E-02 -2.6627095E-02 -7.0572159E-04  6.0106961E-02
  2.0799350E+02  1.1412653E-05  2.7831312E-02 -2.4793230E-02 -7.7425455E-04  5.2284342E-02
  2.0799350E+02  2.6036074E-05  3.1311880E-02 -2.3228599E-02 -5.5811630E-04  4.5278453E-02
  2.0799350E+02  4.0492393E-05  3.1167896E-02 -2.2054846E-02  4.2046332E-04  3.9201319E-02
  2.0799350E+02  2.8453480E-05  2.7805861E-02 -1.9912893E-02  1.4092178E-03  3.3553094E-02
  2.0799350E+02  2.8445479E-05  2.3546164E-02 -1.7567926E-02  1.4007132E-03  2.8493022E-02
  2.0799350E+02  1.5089581E-05  1.9873031E-02 -1.5828910E-02  1.2163687E-03  2.4342338E-02
  2.0799350E+02  8.6766612E-06  1.6805770E-02 -1.4490662E-02  1.0323744E-03  2.1134018E-02
  2.0799350E+02  8.9805781E-06  1.4176985E-02 -1.3443745E-02  8.8944447E-04  1.8750459E-02
  2.0799350E+02  1.0797538E-05  1.1779252E-02 -1.2614663E-02  7.6496031E-04  1.7001379E-02
  2.0799350E+02  1.0997379E-05  9.4932627E-03 -1.1947958E-02  6.2432742E-04  1.5704837E-02
  2.0799350E+02  9.7330622E-06  7.3225840E-03 -1.1392680E-02  4.4992709E-04  1.4707018E-02
  2.0799350E+02  8.3889743E-06  5.3798044E-03 -1.0906364E-02  2.5226119E-04  1.3896498E-02
  2.0799350E+02  6.9247194E-06  3.8514735E-03 -1.0470132E-02  6.9212544E-05  1.3213458E-02
  2.0799350E+02  3.1887866E-06  2.8745019E-03 -1.0090713E-02 -4.9214637E-05  1.2629950E-02
  2.0799350E+02 -3.1931953E-06  2.3719649E-03 -9.7913103E-03 -6.4482163E-05  1.2124121E-02
  2.0799350E+02  3.5439149E-07  1.8477212E-03 -9.5863446E-03  2.2589220E-05  1.1654980E-02
  2.0799350E+02  5.2347523E-06  9.0739939E-04 -9.2367340E-03 -2.0935083E-05  1.1210625E-02
  2.0799350E+02 -6.2885482E-07  1.3705840E-04 -8.8605661E-03 -5.4104717E-05  1.0815540E-02
  2.0799350E+02  2.1684619E-06 -5.6300461E-04 -8.5660260E-03 -5.0350583E-05  1.0474819E-02
  2.0799350E+02  4.3234063E-06 -1.0804289E-03 -8.2884080E-03 -8.0434122E-05  1.0207984E-02
  2.0799350E+02  4.1622342E-06 -1.4000236E-03 -8.0239861E-03 -1.2151938E-04  1.0004189E-02
  2.0799350E+02  2.8882397E-06 -1.5650965E-03 -7.7862394E-03 -1.3120229E-04  9.8377964E-03
  2.0799350E+02  1.8581370E-06 -1.6394935E-03 -7.5820612E-03 -8.6580920E-05  9.6799404E-03
  2.0799350E+02  1.4886442E-06 -1.6767958E-03 -7.4063575E-03  3.8991407E-06  9.5073545E-03
  2.0799350E+02  1.2621914E-06 -1.7023918E-03 -7.2433416E-03  1.0699987E-04  9.3051435E-03
  2.0799350E+02  3.9284361E-07 -1.7064036E-03 -7.0745662E-03  1.8316039E-04  9.0665102E-03
  2.0799350E+02 -1.3337848E-06 -1.6508137E-03 -6.8906722E-03  2.0570274E-04  8.7939360E-03
  2.0799350E+02 -3.0186052E-06 -1.4937495E-03 -6.6978222E-03  1.7654035E-04  8.4969567E-03
  2.0799350E+02 -2.8967036E-06 -1.2302855E-03 -6.5163507E-03  1.2696275E-04  8.1893822E-03
  2.0799350E+02  1.9157871E-07 -9.5684113E-04 -6.3706821E-03  9.7582719E-05  7.8931440E-03
  2.0799350E+02  3.6069206E-06 -9.5321612E-04 -6.2584244E-03  8.7796263E-05  7.6371831E-03
  2.0799350E+02  5.1711812E-06 -9.1852405E-04 -6.0291060E-03 -5.0973327E-05  7.4179894E-03
  2.0799350E+02  6.1663899E-06 -4.9055792E-04 -5.7554749E-03 -1.0666441E-04  7.1460859E-03
  2.0799350E+02  5.1537631E-06 -3.2019842E-04 -5.5255941E-03 -7.7088770E-05  6.8415854E-03
  2.0799350E+02  4.1538306E-06 -3.5783033E-04 -5.3247012E-03 -3.5526804E-05  6.5283356E-03
  2.0799350E+02  3.7110877E-06 -4.6296944E-04 -5.1451868E-03 -7.8908972E-06  6.2291984E-03
  2.0799350E+02  3.6569087E-06 -5.0016807E-04 -4.9823876E-03  2.8533084E-06  5.9591818E-03
  2.0799350E+02  3.6248309E-06 -3.8724229E-04 -4.8341044E-03  1.1538831E-06  5.7260109E-03
  2.0799350E+02  3.3436219E-06 -1.1161128E-04 -4.6983581E-03 -8.6013829E-06  5.5282241E-03
  2.0799350E+02  2.7592481E-06  2.8223116E-04 -4.5723601E-03 -2.4398679E-05  5.3560577E-03
  2.0799350E+02  2.0303274E-06  7.1532406E-04 -4.4539319E-03 -4.5122829E-05  5.1962483E-03
  2.0799350E+02  1.4325047E-06  1.1063312E-03 -4.3411152E-03 -6.7650719E-05  5.0344868E-03
  2.0799350E+02  1.2141296E-06  1.4006200E-03 -4.2320393E-03 -8.4514178E-05  4.8583812E-03
  2.0799350E+02  1.4584341E-06  1.5789626E-03 -4.1263733E-03 -8.3628557E-05  4.6626832E-03
  2.0799350E+02  1.9771227E-06  1.6506493E-03 -4.0235513E-03 -5.2791945E-05  4.4492589E-03
  2.0799350E+02  2.2861541E-06  1.6069741E-03 -3.9229832E-03  9.5792555E-06  4.2302104E-03
  2.0799350E+02  1.7106029E-06  1.3361532E-03 -3.8215078E-03  7.5094375E-05  4.0258071E-03
  2.0799350E+02  9.6208230E-07  8.2173682E-04 -3.6894348E-03  3.2275615E-05  3.8478995E-03
  2.0799350E+02  1.6283035E-06  7.8374365E-04 -3.5228939E-03 -5.0011349E-05  3.6719265E-03
  2.0799350E+02  1.3899561E-06  6.9181932E-04 -3.3865138E-03 -5.3306093E-05  3.5100292E-03
  2.0799350E+02  1.1196017E-06  6.0461830E-04 -3.2694930E-03 -2.6011309E-05  3.3552450E-03
  2.0799350E+02  1.0173030E-06  5.4327045E-04 -3.1654750E-03  5.7283859E-06  3.2054729E-03
  2.0799350E+02  1.0103416E-06  5.0837727E-04 -3.0705403E-03  3.0058077E-05  3.0608480E-03
  2.0799350E+02  9.8884792E-07  4.9242605E-04 -2.9819249E-03  4.3712101E-05  2.9217496E-03
  2.0799350E+02  9.1051875E-07  4.8808998E-04 -2.8984592E-03  4.7604501E-05  2.7895599E-03
  2.0799350E+02  8.1059267E-07  4.9213234E-04 -2.8189581E-03  4.4325931E-05  2.6642676E-03
  2.0799350E+02  7.5555693E-07  5.0660489E-04 -2.7429734E-03  3.6555737E-05  2.5457786E-03
  2.0799350E+02  7.7382775E-07  5.3742125E-04 -2.6702325E-03  2.6527880E-05  2.4331884E-03
  2.0799350E+02  8.0221384E-07  5.9156906E-04 -2.6002632E-03  1.6003330E-05  2.3244338E-03
  2.0799350E+02  6.8276258E-07  6.7276860E-04 -2.5331161E-03  6.8060650E-06  2.2177079E-03
  2.0799350E+02  2.4852535E-07  7.7706868E-04 -2.4689592E-03  1.2945420E-06  2.1112457E-03
  2.0799350E+02 -4.7154809E-07  8.8955021E-04 -2.4076974E-03  2.7081130E-06  2.0031867E-03
  2.0799350E+02 -8.7963331E-07  9.8029545E-04 -2.3494237E-03  1.5151615E-05  1.8929747E-03
  2.0799350E+02  7.4845706E-07  1.0039091E-03 -2.2937307E-03  4.2693485E-05  1.7810811E-03
  2.0799350E+02  2.2405072E-06  9.0741226E-04 -2.2271154E-03  4.7991905E-05  1.6575686E-03
  2.0799350E+02 -5.6971808E-08  8.8503530E-04 -2.1435089E-03  4.5228712E-06  1.5304696E-03
  2.0799350E+02 -6.0444751E-09  9.3655729E-04 -2.0697135E-03 -1.7280381E-05  1.4227446E-03
  2.0799350E+02  6.0688737E-07  9.9646258E-04 -2.0070638E-03 -2.1509653E-05  1.3306362E-03
  2.0799350E+02  9.9655081E-07  1.0394480E-03 -1.9529552E-03 -1.6786624E-05  1.2490599E-03
  2.0799350E+02  9.8450502E-07  1.0632725E-03 -1.9036406E-03 -1.1143858E-05  1.1726957E-03
  2.0799350E+02  6.9371564E-07  1.0758251E-03 -1.8565211E-03 -9.4289455E-06  1.0976699E-03
  2.0799350E+02  3.4178107E-07  1.0872186E-03 -1.8106104E-03 -1.2446015E-05  1.0215821E-03
  2.0799350E+02  1.0507470E-07  1.1050951E-03 -1.7663121E-03 -1.7557453E-05  9.4323264E-04
  2.0799350E+02  5.7131740E-08  1.1326370E-03 -1.7253302E-03 -2.0127108E-05  8.6319810E-04
  2.0799350E+02  1.5522056E-07  1.1686978E-03 -1.6895630E-03 -1.5478757E-05  7.8307904E-04
  2.0799350E+02  2.7480988E-07  1.2094618E-03 -1.6600291E-03 -7.5712475E-07  7.0458273E-04
  2.0799350E+02  2.7274950E-07  1.2500207E-03 -1.6364702E-03  2.3615285E-05  6.2977559E-04
  2.0799350E+02 -1.6205862E-05  3.7498989E-06 -3.1133059E-01  3.1037166E-01 -1.7829393E-08
  2.0799350E+02 -2.0992915E-06  1.1928889E-02 -9.2369507E-02 -2.4768170E-02 -4.1187967E-03
  2.0799350E+02 -2.8459177E-05 -3.0969086E-03 -4.5907003E-02 -5.4985713E-02 -6.5609699E-03
  2.0799350E+02  6.0431175E-05 -5.2373563E-03 -4.5174551E-02 -2.0404285E-02 -1.2490798E-03
  2.0799350E+02  1.3367418E-05 -3.0801717E-04 -4.7678572E-02 -4.1267052E-03  1.0456427E-02
  2.0799350E+02  4.7576750E-05 -5.2659985E-03 -4.9225306E-02  1.5348981E-03  2.3739349E-02
  2.0799350E+02  3.2721548E-05 -1.5243300E-02 -4.9337150E-02  1.9981141E-03  3.6030558E-02
  2.0799350E+02  1.4895943E-05 -2.6525645E-02 -4.9321830E-02  1.0497362E-03  4.6903773E-02
  2.0799350E+02 -2.0083057E-05 -3.6467608E-02 -4.8608992E-02 -2.8242165E-04  5.5949068E-02
  2.0799350E+02 -5.3226449E-05 -4.2466441E-02 -4.7625208E-02 -1.4546224E-03  6.3408519E-02
  2.0799350E+02 -6.1355780E-05 -4.4898246E-02 -4.6885260E-02 -1.4455820E-03  6.9734906E-02
  2.0799350E+02 -3.9849873E-05 -4.5419283E-02 -4.6092441E-02 -1.1853809E-03  7.4695238E-02
  2.0799350E+02 -2.6287579E-05 -4.4575579E-02 -4.4747483E-02 -1.8597878E-03  7.7860272E-02
  2.0799350E+02 -2.3706145E-05 -4.0673286E-02 -4.2741396E-02 -3.1669844E-03  7.9101098E-02
  2.0799350E+02  1.8290185E-05 -3.2582773E-02 -4.0580753E-02 -3.3273654E-03  7.8537984E-02
  2.0799350E+02  8.9444483E-05 -2.6890940E-02 -3.8636351E-02 -2.2126760E-03  7.6389670E-02
  2.0799350E+02  9.2994918E-05 -1.9793672E-02 -3.5843132E-02 -1.7471829E-03  7.2151495E-02
  2.0799350E+02  6.2445807E-05 -1.2178437E-02 -3.2906952E-02 -1.8861544E-03  6.6639535E-02
  2.0799350E+02  4.7571170E-05 -5.5131811E-03 -3.0351110E-02 -1.7995413E-03  6.1147531E-02
  2.0799350E+02  4.3261308E-05  8.4756079E-05 -2.8285610E-02 -1.0990160E-03  5.6031503E-02
  2.0799350E+02  3.5083098E-05  4.6121713E-03 -2.6559334E-02 -2.2196270E-05  5.1162854E-02
  2.0799350E+02  1.7988961E-05  8.0417857E-03 -2.4953184E-02  8.4235628E-04  4.6312176E-02
  2.0799350E+02 -2.6854495E-06  1.0738986E-02 -2.3323519E-02  1.0290298E-03  4.1352758E-02
  2.0799350E+02 -1.7552830E-05  1.3681611E-02 -2.1698844E-02  5.8027568E-04  3.6412999E-02
  2.0799350E+02 -1.7666872E-05  1.7940250E-02 -2.0233581E-02  1.1112590E-04  3.1809709E-02
  2.0799350E+02  1.3060237E-05  2.2669071E-02 -1.9016344E-02  2.5963826E-04  2.7881052E-02
  2.0799350E+02  6.5657841E-06  2.4006794E-02 -1.7389127E-02  2.4797040E-04  2.4550367E-02
  2.0799350E+02 -5.5833399E-06  2.3074973E-02 -1.5806857E-02  5.0862173E-04  2.1683732E-02
  2.0799350E+02 -2.0772894E-06  2.0924559E-02 -1.4465918E-02  7.2763584E-04  1.9197635E-02
  2.0799350E+02  1.8215819E-06  1.8320566E-02 -1.3321733E-02  7.0141556E-04  1.7051453E-02
  2.0799350E+02  4.0378100E-06  1.5732383E-02 -1.2377529E-02  5.2205548E-04  1.5259052E-02
  2.0799350E+02  5.7794306E-06  1.3406144E-02 -1.1631551E-02  3.4201109E-04  1.3828487E-02
  2.0799350E+02  7.2196172E-06  1.1412461E-02 -1.1051776E-02  2.4991337E-04  1.2725101E-02
  2.0799350E+02  6.9982755E-06  9.7283861E-03 -1.0586750E-02  2.3717284E-04  1.1884487E-02
  2.0799350E+02  3.8859019E-06  8.2746171E-03 -1.0177958E-02  2.2359530E-04  1.1218396E-02
  2.0799350E+02 -1.1448440E-06  6.9699967E-03 -9.7840791E-03  1.2260460E-04  1.0643217E-02
  2.0799350E+02 -4.1399299E-06  5.7808730E-03 -9.4000676E-03 -8.0667122E-05  1.0107692E-02
  2.0799350E+02 -4.1281203E-07  4.7583655E-03 -9.0591687E-03 -2.6557222E-04  9.6088157E-03
  2.0799350E+02  8.5489396E-06  4.0945259E-03 -8.8184232E-03 -1.4501299E-04  9.2011722E-03
  2.0799350E+02  5.4864412E-06  2.8020566E-03 -8.5853773E-03  1.5432210E-04  8.8681670E-03
  2.0799350E+02  2.1486942E-06  9.9964329E-04 -8.2109619E-03 -2.2021582E-05  8.5899013E-03
  2.0799350E+02  1.7833413E-06 -2.1040077E-04 -7.8886298E-03 -1.4659975E-04  8.4187045E-03
  2.0799350E+02  2.1158455E-06 -9.9705557E-04 -7.6491550E-03 -1.3144163E-04  8.3120583E-03
  2.0799350E+02  2.4011156E-06 -1.4642818E-03 -7.4638158E-03 -2.6367158E-05  8.2287948E-03
  2.0799350E+02  2.6000966E-06 -1.6829133E-03 -7.2907627E-03  8.5848685E-05  8.1342403E-03
  2.0799350E+02  2.8589693E-06 -1.7071216E-03 -7.1019897E-03  1.4701863E-04  8.0050669E-03
  2.0799350E+02  3.2326150E-06 -1.5888161E-03 -6.8925920E-03  1.4313176E-04  7.8319933E-03
  2.0799350E+02  3.6061016E-06 -1.3850352E-03 -6.6757234E-03  9.7321252E-05  7.6185949E-03
  2.0799350E+02  3.7505522E-06 -1.1613514E-03 -6.4737896E-03  4.8035194E-05  7.3807005E-03
  2.0799350E+02  3.4744135E-06 -9.8606225E-04 -6.3036265E-03  2.3339181E-05  7.1402663E-03
  2.0799350E+02  2.8092429E-06 -9.1717306E-04 -6.1662168E-03  2.2563559E-05  6.9181343E-03
  2.0799350E+02  2.1722778E-06 -9.8028666E-04 -6.0425920E-03  1.6828789E-05  6.7217166E-03
  2.0799350E+02  2.4732985E-06 -1.1380162E-03 -5.9045360E-03 -2.0564908E-05  6.5332722E-03
  2.0799350E+02  5.0875451E-06 -1.2475350E-03 -5.7405752E-03 -4.2346634E-05  6.2909405E-03
  2.0799350E+02  5.0065124E-06 -1.2633043E-03 -5.5389165E-03 -3.5837397E-05  5.9925729E-03
  2.0799350E+02  2.7334394E-06 -1.0633323E-03 -5.3113219E-03 -9.3810392E-05  5.7305147E-03
  2.0799350E+02  1.7716889E-06 -7.9111956E-04 -5.1210210E-03 -8.9836557E-05  5.4815797E-03
  2.0799350E+02  9.6307753E-07 -6.0470248E-04 -4.9671386E-03 -4.0609577E-05  5.2640245E-03
  2.0799350E+02  1.1094239E-07 -5.0011242E-04 -4.8350459E-03  1.9344062E-05  5.0807851E-03
  2.0799350E+02 -5.5957044E-07 -4.0703505E-04 -4.7092051E-03  5.8509982E-05  4.9256547E-03
  2.0799350E+02 -7.6510565E-07 -2.5200647E-04 -4.5800249E-03  5.9456271E-05  4.7881624E-03
  2.0799350E+02 -3.7247873E-07  7.3772276E-06 -4.4450352E-03  2.2061216E-05  4.6562787E-03
  2.0799350E+02  5.2414944E-07  3.6772062E-04 -4.3089514E-03 -3.8984150E-05  4.5204035E-03
  2.0799350E+02  1.6220591E-06  7.8421696E-04 -4.1794799E-03 -1.0044112E-04  4.3740905E-03
  2.0799350E+02  2.5064341E-06  1.1855900E-03 -4.0633582E-03 -1.3885427E-04  4.2150559E-03
  2.0799350E+02  2.7932555E-06  1.4950941E-03 -3.9627375E-03 -1.3888654E-04  4.0453809E-03
  2.0799350E+02  2.2926444E-06  1.6548460E-03 -3.8723949E-03 -9.9607277E-05  3.8694272E-03
  2.0799350E+02  1.1608088E-06  1.6405803E-03 -3.7814878E-03 -3.7003122E-05  3.6939149E-03
  2.0799350E+02  2.5056739E-08  1.4725655E-03 -3.6776995E-03  1.9204898E-05  3.5243888E-03
  2.0799350E+02  4.2779995E-08  1.2085991E-03 -3.5576392E-03  3.6586680E-05  3.3624351E-03
  2.0799350E+02  9.2992277E-07  9.3136262E-04 -3.4357576E-03  1.6309562E-05  3.2029807E-03
  2.0799350E+02 -5.1291043E-07  7.6622564E-04 -3.3117312E-03  1.0626242E-05  3.0614008E-03
  2.0799350E+02 -6.3661352E-07  7.0498228E-04 -3.1992551E-03  8.8247742E-06  2.9347503E-03
  2.0799350E+02 -2.6000295E-07  6.9647870E-04 -3.0977881E-03  1.8767362E-05  2.8121446E-03
  2.0799350E+02  1.1922447E-07  6.8591074E-04 -3.0052676E-03  3.6543508E-05  2.6893539E-03
  2.0799350E+02  2.8728731E-07  6.3890864E-04 -2.9194072E-03  5.4527536E-05  2.5663659E-03
  2.0799350E+02  2.4501865E-07  5.5001355E-04 -2.8378428E-03  6.6335355E-05  2.4445224E-03
  2.0799350E+02  1.1782103E-07  4.4060893E-04 -2.7593644E-03  6.8851960E-05  2.3263170E-03
  2.0799350E+02  6.4630210E-08  3.4837304E-04 -2.6833965E-03  6.2636545E-05  2.2135825E-03
  2.0799350E+02  1.9420350E-07  3.1281765E-04 -2.6101303E-03  5.0857140E-05  2.1073309E-03
  2.0799350E+02  5.0781184E-07  3.6013494E-04 -2.5397456E-03  3.7464420E-05  2.0068590E-03
  2.0799350E+02  8.7767565E-07  4.9172754E-04 -2.4728111E-03  2.5550442E-05  1.9109476E-03
  2.0799350E+02  1.0797361E-06  6.7862347E-04 -2.4094365E-03  1.6099048E-05  1.8174741E-03
  2.0799350E+02  8.9284140E-07  8.6680629E-04 -2.3491355E-03  8.0766500E-06  1.7241130E-03
  2.0799350E+02  2.8038181E-07  9.9630465E-04 -2.2908126E-03  4.0654631E-07  1.6291176E-03
  2.0799350E+02 -3.3975957E-07  1.0388070E-03 -2.2324853E-03 -3.6013678E-06  1.5313223E-03
  2.0799350E+02  2.9690537E-07  1.0543679E-03 -2.1722895E-03  1.1488192E-05  1.4317377E-03
  2.0799350E+02  9.6567110E-07  1.0362837E-03 -2.1094385E-03  3.1726040E-05  1.3289708E-03
  2.0799350E+02 -4.3197848E-07  9.8413824E-04 -2.0410912E-03  9.9948378E-07  1.2363944E-03
  2.0799350E+02 -1.9355728E-07  1.0770146E-03 -1.9763424E-03 -1.4431677E-05  1.1598652E-03
  2.0799350E+02  2.9686072E-07  1.1750272E-03 -1.9200963E-03 -1.6641458E-05  1.0910477E-03
  2.0799350E+02  5.1259947E-07  1.2236203E-03 -1.8716209E-03 -1.0673514E-05  1.0243751E-03
  2.0799350E+02  4.0722672E-07  1.2197322E-03 -1.8280019E-03 -1.8051789E-06  9.5640707E-04
  2.0799350E+02  1.4313598E-07  1.1854027E-03 -1.7866314E-03  6.1697006E-06  8.8570261E-04
  2.0799350E+02 -8.6744980E-08  1.1490025E-03 -1.7463952E-03  1.1633730E-05  8.1256211E-04
  2.0799350E+02 -1.6061198E-07  1.1328103E-03 -1.7075553E-03  1.5113676E-05  7.3806026E-04
  2.0799350E+02 -6.1956335E-08  1.1470698E-03 -1.6716511E-03  1.8614961E-05  6.6429405E-04
  2.0799350E+02  1.3000476E-07  1.1882652E-03 -1.6403350E-03  2.4717967E-05  5.9338086E-04
  2.0799350E+02  2.8586954E-07  1.2418840E-03 -1.6144685E-03  3.5499187E-05  5.2710988E-04
  2.0799350E+02  2.8987082E-07  1.2883262E-03 -1.5933895E-03  5.1526135E-05  4.6664193E-04
  2.0799350E+02  1.0811391E-04 -1.1030067E-04 -2.9841542E-01  2.9754238E-01  0.0000000E+00
  2.0799350E+02  1.1615190E-04  1.0591145E-02 -1.0103635E-01 -1.8147638E-02  9.3071590E-03
  2.0799350E+02  2.7338385E-05 -1.7911078E-02 -4.6707282E-02 -6.1000191E-02  9.6908221E-03
  2.0799350E+02 -5.0549313E-05 -2.4155237E-02 -4.2187546E-02 -2.1679900E-02  6.8650403E-04
  2.0799350E+02 -6.7812891E-05 -1.4939671E-02 -4.1625828E-02 -6.0506407E-03  9.0870649E-04
  2.0799350E+02 -2.6174858E-05 -1.4474997E-02 -4.2062933E-02 -8.7925962E-04  5.3747120E-03
  2.0799350E+02  3.1813297E-05 -2.2707399E-02 -4.2218688E-02  1.2251947E-03  1.0397697E-02
  2.0799350E+02  9.1907907E-05 -3.1615224E-02 -4.1646840E-02  5.9344040E-04  1.4742854E-02
  2.0799350E+02  1.0816462E-04 -3.8147519E-02 -4.0476673E-02 -5.3819823E-04  1.8639006E-02
  2.0799350E+02  1.0224631E-04 -4.2724963E-02 -3.9147247E-02 -1.1415693E-03  2.1913914E-02
  2.0799350E+02  9.8712547E-05 -4.4205745E-02 -3.7739952E-02 -1.5472728E-03  2.4379445E-02
  2.0799350E+02  9.2049153E-05 -4.3238909E-02 -3.6211113E-02 -2.1441462E-03  2.6082361E-02
  2.0799350E+02  7.1930761E-05 -4.1062257E-02 -3.4675057E-02 -2.6721549E-03  2.7205765E-02
  2.0799350E+02  5.4808019E-05 -3.6914507E-02 -3.3232418E-02 -2.7811214E-03  2.7838636E-02
  2.0799350E+02  4.8754622E-05 -2.9912145E-02 -3.1868882E-02 -2.2445602E-03  2.7961120E-02
  2.0799350E+02  1.2020621E-05 -2.4013965E-02 -3.0544431E-02 -1.2048003E-03  2.7819413E-02
  2.0799350E+02 -1.5958391E-05 -1.7765715E-02 -2.8432109E-02 -1.2468429E-03  2.6968999E-02
  2.0799350E+02 -4.4048311E-05 -1.2602721E-02 -2.6508987E-02 -6.3491979E-04  2.5908577E-02
  2.0799350E+02 -4.0397749E-05 -7.1833262E-03 -2.4918456E-02  8.3760196E-05  2.4736132E-02
  2.0799350E+02 -1.8441907E-05 -1.6132737E-03 -2.3398960E-02  3.8962398E-04  2.3309820E-02
  2.0799350E+02  4.4659889E-06  3.6521030E-03 -2.1814487E-02  1.9157801E-04  2.1577399E-02
  2.0799350E+02  2.0382690E-05  8.2348697E-03 -2.0250804E-02 -2.1892725E-04  1.9647481E-02
  2.0799350E+02  2.8379104E-05  1.1846337E-02 -1.8875063E-02 -4.5310264E-04  1.7707092E-02
  2.0799350E+02  2.8091099E-05  1.4159727E-02 -1.7745585E-02 -3.3512276E-04  1.5900126E-02
  2.0799350E+02  2.1211400E-05  1.4936849E-02 -1.6714010E-02 -2.9960652E-05  1.4211784E-02
  2.0799350E+02  3.2450949E-05  1.4580928E-02 -1.5645983E-02  2.3377645E-04  1.2524713E-02
  2.0799350E+02  2.5236341E-05  1.5188290E-02 -1.4398642E-02 -6.5053756E-06  1.0944687E-02
  2.0799350E+02  1.4389759E-05  1.6118874E-02 -1.3184604E-02 -1.6251722E-04  9.7908633E-03
  2.0799350E+02  1.1767164E-05  1.5646999E-02 -1.2243238E-02  5.9013103E-05  8.9099217E-03
  2.0799350E+02  3.3916059E-06  1.3746688E-02 -1.1499869E-02  3.7871965E-04  8.1872135E-03
  2.0799350E+02 -7.9419429E-06  1.1101926E-02 -1.0872217E-02  5.8568404E-04  7.5586957E-03
  2.0799350E+02 -1.5942116E-05  8.5039848E-03 -1.0310806E-02  5.9435102E-04  6.9989037E-03
  2.0799350E+02 -1.7396055E-05  6.4777830E-03 -9.8001039E-03  4.3947902E-04  6.5019705E-03
  2.0799350E+02 -1.3465779E-05  5.1805696E-03 -9.3516013E-03  2.2538097E-04  6.0765792E-03
  2.0799350E+02 -7.9291435E-06  4.4440641E-03 -8.9819135E-03  6.0481243E-05  5.7371586E-03
  2.0799350E+02 -4.1156269E-06  3.9303834E-03 -8.6918640E-03 -1.7180477E-06  5.4968438E-03
  2.0799350E+02 -2.4645435E-06  3.3465093E-03 -8.4577343E-03  9.5644789E-06  5.3622021E-03
  2.0799350E+02 -5.0388982E-07  2.6491505E-03 -8.2371591E-03  9.1238526E-06  5.3228565E-03
  2.0799350E+02  2.7307527E-06  2.1990475E-03 -8.0092495E-03 -3.6924413E-05  5.3435205E-03
  2.0799350E+02  3.5515878E-06  1.5994116E-03 -7.7448216E-03  1.1677242E-04  5.4144931E-03
  2.0799350E+02  3.2779764E-06  5.1015153E-04 -7.4662156E-03  2.7421631E-04  5.5023063E-03
  2.0799350E+02  1.2995201E-06 -3.1399595E-04 -7.2092222E-03  3.0676159E-04  5.5214438E-03
  2.0799350E+02 -5.8245922E-07 -9.0475264E-04 -6.9528147E-03  2.6039404E-04  5.4778426E-03
  2.0799350E+02 -1.4139503E-06 -1.2378186E-03 -6.6978369E-03  1.7579907E-04  5.3980324E-03
  2.0799350E+02 -9.9750672E-07 -1.3067418E-03 -6.4560293E-03  8.6714271E-05  5.3104449E-03
  2.0799350E+02  2.9351667E-07 -1.1581977E-03 -6.2385205E-03  1.7120562E-05  5.2331598E-03
  2.0799350E+02  1.7831314E-06 -8.8754995E-04 -6.0523183E-03 -1.9290197E-05  5.1698052E-03
  2.0799350E+02  2.7720454E-06 -6.1504428E-04 -5.8972383E-03 -1.9448806E-05  5.1100114E-03
  2.0799350E+02  2.7917205E-06 -4.5153644E-04 -5.7669841E-03  9.8916930E-06  5.0345193E-03
  2.0799350E+02  1.8121359E-06 -4.5780727E-04 -5.6495035E-03  5.4373504E-05  4.9220219E-03
  2.0799350E+02  3.2174764E-07 -6.1862236E-04 -5.5314876E-03  9.5828624E-05  4.7583521E-03
  2.0799350E+02 -7.3049385E-07 -8.3414355E-04 -5.4023096E-03  1.1772387E-04  4.5452353E-03
  2.0799350E+02 -1.8471723E-07 -9.4253140E-04 -5.2583567E-03  1.1256193E-04  4.3074756E-03
  2.0799350E+02  2.8351181E-06 -7.8335843E-04 -5.1085218E-03  9.1595334E-05  4.0997406E-03
  2.0799350E+02  3.7478162E-06 -6.6087711E-04 -4.9605101E-03  4.6623962E-05  3.9389964E-03
  2.0799350E+02  2.9457080E-06 -5.1241256E-04 -4.8158285E-03  3.4503047E-05  3.8275355E-03
  2.0799350E+02  3.2619138E-06 -3.1361617E-04 -4.6807242E-03  5.7670151E-05  3.7672092E-03
  2.0799350E+02  3.7359553E-06 -1.8733076E-04 -4.5499778E-03  7.5118309E-05  3.7240378E-03
  2.0799350E+02  3.9253747E-06 -1.0387935E-04 -4.4185239E-03  6.6287360E-05  3.6768761E-03
  2.0799350E+02  3.7084620E-06  1.2987698E-05 -4.2845581E-03  2.8479431E-05  3.6144481E-03
  2.0799350E+02  3.1346825E-06  2.2328711E-04 -4.1494742E-03 -2.7915303E-05  3.5323732E-03
  2.0799350E+02  2.3234749E-06  5.3867849E-04 -4.0179764E-03 -8.5035162E-05  3.4316821E-03
  2.0799350E+02  1.3906761E-06  9.2021661E-04 -3.8950205E-03 -1.2465050E-04  3.3162904E-03
  2.0799350E+02  4.2012186E-07  1.2914599E-03 -3.7848393E-03 -1.3366670E-04  3.1921805E-03
  2.0799350E+02 -5.3759816E-07  1.5645796E-03 -3.6889489E-03 -1.0859196E-04  3.0660828E-03
  2.0799350E+02 -1.4393039E-06  1.6704719E-03 -3.6049004E-03 -5.7340606E-05  2.9441035E-03
  2.0799350E+02 -2.1913172E-06  1.5854961E-03 -3.5268599E-03  1.8733544E-06  2.8312952E-03
  2.0799350E+02 -2.5869361E-06  1.3495734E-03 -3.4463596E-03  4.7050866E-05  2.7288346E-03
  2.0799350E+02 -2.2107660E-06  1.0644705E-03 -3.3565980E-03  6.3340485E-05  2.6329884E-03
  2.0799350E+02 -3.3269629E-07  8.6869908E-04 -3.2583616E-03  6.0693593E-05  2.5322683E-03
  2.0799350E+02  1.5141439E-06  7.5831494E-04 -3.1607985E-03  6.7551719E-05  2.4118768E-03
  2.0799350E+02 -2.7420893E-07  6.5762939E-04 -3.0479176E-03  2.6382791E-05  2.3044140E-03
  2.0799350E+02 -2.6801832E-07  7.0047284E-04 -2.9460526E-03  1.1454712E-05  2.2074769E-03
  2.0799350E+02  2.1219419E-07  7.2564326E-04 -2.8594373E-03  2.9907192E-05  2.1146167E-03
  2.0799350E+02  5.4432428E-07  6.9483773E-04 -2.7837703E-03  6.7193034E-05  2.0225615E-03
  2.0799350E+02  5.6436096E-07  6.2929441E-04 -2.7120534E-03  1.0357271E-04  1.9296341E-03
  2.0799350E+02  3.6001685E-07  5.6705795E-04 -2.6391470E-03  1.2374165E-04  1.8358113E-03
  2.0799350E+02  1.1388462E-07  5.3841032E-04 -2.5632728E-03  1.2124520E-04  1.7420098E-03
  2.0799350E+02 -1.0342053E-08  5.5536361E-04 -2.4858396E-03  9.8757364E-05  1.6494341E-03
  2.0799350E+02  6.2266408E-08  6.1134326E-04 -2.4107939E-03  6.5755378E-05  1.5598075E-03
  2.0799350E+02  2.8879075E-07  6.8817326E-04 -2.3419845E-03  3.4091719E-05  1.4740672E-03
  2.0799350E+02  5.2465720E-07  7.6609667E-04 -2.2818390E-03  1.3557549E-05  1.3928029E-03
  2.0799350E+02  5.7979095E-07  8.3359144E-04 -2.2297599E-03  8.1012475E-06  1.3158682E-03
  2.0799350E+02  3.1670267E-07  8.9271530E-04 -2.1821234E-03  1.4104535E-05  1.2429623E-03
  2.0799350E+02 -2.0944572E-07  9.5804388E-04 -2.1329806E-03  2.1870421E-05  1.1730299E-03
  2.0799350E+02 -5.7259273E-07  1.0432489E-03 -2.0778048E-03  2.1706908E-05  1.1051932E-03
  2.0799350E+02  2.4717442E-07  1.1336909E-03 -2.0193486E-03  1.5620551E-05  1.0390753E-03
  2.0799350E+02  9.3213779E-07  1.1484535E-03 -1.9688318E-03  2.0451916E-05  9.7623876E-04
  2.0799350E+02 -3.0758154E-07  1.1698290E-03 -1.9089852E-03  1.1175819E-06  9.1787361E-04
  2.0799350E+02 -2.0901979E-07  1.2151303E-03 -1.8526433E-03 -1.6079633E-05  8.6000804E-04
  2.0799350E+02  1.4000666E-07  1.2495468E-03 -1.8053417E-03 -1.8237433E-05  8.0027371E-04
  2.0799350E+02  3.2905017E-07  1.2596854E-03 -1.7657318E-03 -6.9053386E-06  7.3806520E-04
  2.0799350E+02  3.1054685E-07  1.2483647E-03 -1.7304147E-03  1.0841296E-05  6.7431473E-04
  2.0799350E+02  1.8652741E-07  1.2283717E-03 -1.6962635E-03  2.8131509E-05  6.1027737E-04
  2.0799350E+02  7.3993494E-08  1.2156757E-03 -1.6619496E-03  4.1014635E-05  5.4751457E-04
  2.0799350E+02  3.9269555E-08  1.2233353E-03 -1.6279285E-03  4.9109234E-05  4.8734230E-04
  2.0799350E+02  8.2235648E-08  1.2565358E-03 -1.5960344E-03  5.4675688E-05  4.3101156E-04
  2.0799350E+02  1.5456178E-07  1.3099149E-03 -1.5680695E-03  6.0946190E-05  3.7893943E-04
  2.0799350E+02  1.9707204E-07  1.3677716E-03 -1.5449562E-03  7.0095274E-05  3.3110904E-04
  2.0799350E+02  1.7871699E-07  1.4080632E-03 -1.5258743E-03  8.1738358E-05  2.8695820E-04
  2.0799350E+02  7.3165577E-05 -9.4786676E-05 -2.2093837E-01  2.2094876E-01 -3.1141242E-08
  2.0799350E+02  7.9399470E-05  1.0848266E-02 -9.5957211E-02  2.7410204E-03  2.4403186E-02
  2.0799350E+02  7.6483736E-05 -1.5152437E-02 -4.6321178E-02 -5.9676034E-02  3.9354247E-02
  2.0799350E+02  7.5627032E-05 -2.5655221E-02 -3.9114241E-02 -2.3185261E-02  1.4198533E-02
  2.0799350E+02  4.7726788E-05 -1.7921361E-02 -3.6112111E-02 -6.0548030E-03 -1.7581011E-03
  2.0799350E+02  6.2143481E-06 -1.3621871E-02 -3.4818832E-02 -1.2882201E-03 -6.8439939E-03
  2.0799350E+02 -8.1529069E-06 -1.6242262E-02 -3.4051695E-02  4.7902252E-04 -7.5769971E-03
  2.0799350E+02  2.4070571E-05 -2.1436611E-02 -3.3443679E-02  8.2251525E-04 -6.5677300E-03
  2.0799350E+02  4.2057219E-05 -2.7640702E-02 -3.2560969E-02  6.0902145E-04 -4.8360089E-03
  2.0799350E+02  5.9781147E-05 -3.2597299E-02 -3.1627894E-02  2.3047770E-04 -2.7604262E-03
  2.0799350E+02  6.1248304E-05 -3.4736235E-02 -3.0607633E-02 -2.1317210E-04 -5.3438252E-04
  2.0799350E+02  6.7776135E-05 -3.4580597E-02 -2.9488947E-02 -6.6956954E-04  1.6192560E-03
  2.0799350E+02  7.8611617E-05 -3.2842208E-02 -2.8360545E-02 -8.0575271E-04  3.5258033E-03
  2.0799350E+02  6.8178146E-05 -2.9846110E-02 -2.7214410E-02 -7.6094642E-04  5.0179625E-03
  2.0799350E+02  4.0826024E-05 -2.5768255E-02 -2.5931044E-02 -1.1915943E-03  6.0417794E-03
  2.0799350E+02  2.5613653E-05 -2.1639766E-02 -2.4747920E-02 -1.3380562E-03  6.8172344E-03
  2.0799350E+02  2.9202584E-06 -1.6801903E-02 -2.3306130E-02 -9.5413205E-04  7.4030709E-03
  2.0799350E+02  1.8429678E-05 -1.2776686E-02 -2.1904629E-02 -5.4463723E-04  7.6963059E-03
  2.0799350E+02  2.8517106E-05 -9.7185390E-03 -2.0637782E-02 -3.3208634E-04  7.6567535E-03
  2.0799350E+02  2.7501644E-05 -6.6448020E-03 -1.9425982E-02 -3.4347657E-04  7.4286058E-03
  2.0799350E+02  2.5533252E-05 -2.9636993E-03 -1.8232928E-02 -4.8260642E-04  7.1858983E-03
  2.0799350E+02  3.1264613E-05  1.1672262E-03 -1.7095913E-02 -6.0053572E-04  7.0314485E-03
  2.0799350E+02  4.2296564E-05  5.0887365E-03 -1.6086761E-02 -5.6892849E-04  6.9550584E-03
  2.0799350E+02  4.6261134E-05  8.1230629E-03 -1.5238832E-02 -3.5745272E-04  6.8465281E-03
  2.0799350E+02  3.5960633E-05  9.9540796E-03 -1.4486743E-02 -1.1512642E-04  6.5655732E-03
  2.0799350E+02  4.1157342E-05  1.0347517E-02 -1.3711875E-02 -2.5817610E-04  6.0699879E-03
  2.0799350E+02  1.9646506E-05  1.1645760E-02 -1.2789857E-02 -7.9124372E-04  5.6281490E-03
  2.0799350E+02  1.1274509E-06  1.2222696E-02 -1.1958628E-02 -5.7678787E-04  5.2159668E-03
  2.0799350E+02  3.9822276E-06  1.1578285E-02 -1.1259811E-02 -1.4096801E-04  4.7995352E-03
  2.0799350E+02  5.5789675E-06  1.0532759E-02 -1.0644539E-02  2.1469125E-04  4.4139684E-03
  2.0799350E+02  2.1179475E-06  9.3797641E-03 -1.0088687E-02  3.9195869E-04  4.0880913E-03
  2.0799350E+02 -3.0249567E-06  8.1769197E-03 -9.5879230E-03  4.0727604E-04  3.8424903E-03
  2.0799350E+02 -5.9586348E-06  6.9104672E-03 -9.1425585E-03  3.2840267E-04  3.6839649E-03
  2.0799350E+02 -5.0295926E-06  5.6078835E-03 -8.7566601E-03  2.2896834E-04  3.6087889E-03
  2.0799350E+02 -1.0212227E-06  4.3483277E-03 -8.4261379E-03  1.6152456E-04  3.6016140E-03
  2.0799350E+02  4.1576389E-06  3.2427155E-03 -8.1391242E-03  1.4768864E-04  3.6394443E-03
  2.0799350E+02  8.9347235E-06  2.3743180E-03 -7.8798782E-03  1.8124901E-04  3.6947129E-03
  2.0799350E+02  1.2689234E-05  1.6996308E-03 -7.6353743E-03  2.4266339E-04  3.7406785E-03
  2.0799350E+02  1.4117234E-05  9.6171696E-04 -7.4151417E-03  3.2319820E-04  3.7570747E-03
  2.0799350E+02  5.6597404E-06  2.6209660E-04 -7.1632216E-03  3.1659401E-04  3.7777357E-03
  2.0799350E+02  1.2411781E-06  1.7093261E-04 -6.8644815E-03  2.3249306E-04  3.8115191E-03
  2.0799350E+02  1.2923960E-06  1.9702572E-05 -6.5987186E-03  1.7023842E-04  3.8371662E-03
  2.0799350E+02  1.7832794E-06 -2.8679881E-04 -6.3559952E-03  1.1460768E-04  3.8626145E-03
  2.0799350E+02  1.7094337E-06 -6.6586202E-04 -6.1329488E-03  6.3975735E-05  3.8859051E-03
  2.0799350E+02  1.3739608E-06 -9.8826270E-04 -5.9308113E-03  2.2990650E-05  3.8995755E-03
  2.0799350E+02  1.3210701E-06 -1.1598661E-03 -5.7501703E-03 -3.2742380E-06  3.8946768E-03
  2.0799350E+02  1.7919903E-06 -1.1495982E-03 -5.5919034E-03 -1.2032561E-05  3.8636526E-03
  2.0799350E+02  2.5830654E-06 -9.9034506E-04 -5.4535423E-03 -4.6570624E-06  3.8024927E-03
  2.0799350E+02  3.1898561E-06 -7.5359780E-04 -5.3299412E-03  1.3625295E-05  3.7117476E-03
  2.0799350E+02  3.1075248E-06 -5.1874792E-04 -5.2142606E-03  3.4844784E-05  3.5974754E-03
  2.0799350E+02  2.1880152E-06 -3.3932733E-04 -5.0981815E-03  5.0886424E-05  3.4694116E-03
  2.0799350E+02  9.0577387E-07 -2.2750693E-04 -4.9752755E-03  5.6549720E-05  3.3393759E-03
  2.0799350E+02  4.4951172E-07 -1.6296080E-04 -4.8456655E-03  5.3318908E-05  3.2189003E-03
  2.0799350E+02  2.4774737E-06 -1.3789071E-04 -4.7199055E-03  5.3530007E-05  3.1131699E-03
  2.0799350E+02  1.7255988E-06 -1.1170723E-04 -4.6035503E-03  3.5861883E-05  3.0322529E-03
  2.0799350E+02 -2.1147135E-07 -3.3294108E-05 -4.4820456E-03  6.0943456E-06  3.0105810E-03
  2.0799350E+02  2.6273020E-07  8.6832844E-05 -4.3587788E-03 -1.1557067E-05  3.0107431E-03
  2.0799350E+02  1.3933644E-06  2.5964185E-04 -4.2311778E-03 -3.1491907E-05  3.0052395E-03
  2.0799350E+02  2.4080013E-06  4.6510434E-04 -4.0997660E-03 -6.1356497E-05  2.9806946E-03
  2.0799350E+02  3.0585836E-06  6.7680479E-04 -3.9686649E-03 -1.0021287E-04  2.9335939E-03
  2.0799350E+02  3.3339039E-06  8.7732409E-04 -3.8425219E-03 -1.4022381E-04  2.8664115E-03
  2.0799350E+02  3.2759655E-06  1.0596209E-03 -3.7258601E-03 -1.6969305E-04  2.7847273E-03
  2.0799350E+02  2.9060978E-06  1.2218365E-03 -3.6224374E-03 -1.7705281E-04  2.6956268E-03
  2.0799350E+02  2.2183185E-06  1.3619406E-03 -3.5329080E-03 -1.5530534E-04  2.6050273E-03
  2.0799350E+02  1.2274571E-06  1.4681450E-03 -3.4558194E-03 -1.0523009E-04  2.5177820E-03
  2.0799350E+02  2.6251783E-08  1.5173674E-03 -3.3865280E-03 -3.6623807E-05  2.4358345E-03
  2.0799350E+02 -1.1517035E-06  1.4779785E-03 -3.3185503E-03  3.3072621E-05  2.3583393E-03
  2.0799350E+02 -1.8928980E-06  1.3254415E-03 -3.2455311E-03  8.3322317E-05  2.2818662E-03
  2.0799350E+02 -1.6411103E-06  1.0713909E-03 -3.1631747E-03  1.0096887E-04  2.1995429E-03
  2.0799350E+02  2.1336843E-07  8.1077078E-04 -3.0733224E-03  9.4886275E-05  2.1014396E-03
  2.0799350E+02  1.9865034E-06  6.8514290E-04 -2.9797644E-03  9.2242846E-05  1.9863066E-03
  2.0799350E+02  5.1349531E-07  6.1033392E-04 -2.8809884E-03  7.8579598E-05  1.8925859E-03
  2.0799350E+02  2.6548768E-07  6.5053752E-04 -2.7953248E-03  8.7198419E-05  1.8072403E-03
  2.0799350E+02  2.9490618E-07  7.0315995E-04 -2.7151243E-03  1.0046319E-04  1.7277563E-03
  2.0799350E+02  2.2364864E-07  7.3433323E-04 -2.6363829E-03  1.0824752E-04  1.6510141E-03
  2.0799350E+02  8.4134404E-10  7.4579632E-04 -2.5582679E-03  1.0650988E-04  1.5747886E-03
  2.0799350E+02 -2.7437458E-07  7.5283341E-04 -2.4812482E-03  9.5785059E-05  1.4974047E-03
  2.0799350E+02 -4.7146974E-07  7.7016003E-04 -2.4073361E-03  7.9509717E-05  1.4190367E-03
  2.0799350E+02 -5.0464320E-07  8.0521946E-04 -2.3383074E-03  6.2248902E-05  1.3405918E-03
  2.0799350E+02 -3.6244816E-07  8.5679239E-04 -2.2754760E-03  4.8232341E-05  1.2637446E-03
  2.0799350E+02 -1.0870806E-07  9.1683440E-04 -2.2194996E-03  4.0221630E-05  1.1908168E-03
  2.0799350E+02  1.4606200E-07  9.7536666E-04 -2.1694480E-03  3.8568372E-05  1.1233551E-03
  2.0799350E+02  2.8933372E-07  1.0249559E-03 -2.1232288E-03  4.1120064E-05  1.0620335E-03
  2.0799350E+02  2.6239053E-07  1.0640277E-03 -2.0781875E-03  4.3651122E-05  1.0065156E-03
  2.0799350E+02  1.2209494E-07  1.0982149E-03 -2.0313356E-03  4.1221852E-05  9.5449831E-04
  2.0799350E+02  9.7629268E-08  1.1360336E-03 -1.9812953E-03  3.0497287E-05  9.0263462E-04
  2.0799350E+02  6.3454320E-07  1.1795276E-03 -1.9295079E-03  1.3156697E-05  8.4637843E-04
  2.0799350E+02  8.3226226E-07  1.2019335E-03 -1.8809758E-03  9.8655634E-07  7.8659230E-04
  2.0799350E+02  1.5145439E-07  1.2121528E-03 -1.8313188E-03 -1.0264301E-05  7.3369754E-04
  2.0799350E+02  3.0721201E-07  1.2388271E-03 -1.7848949E-03 -1.2880676E-05  6.8037727E-04
  2.0799350E+02  6.0518397E-07  1.2724203E-03 -1.7439573E-03 -2.0406764E-06  6.2574531E-04
  2.0799350E+02  7.6558269E-07  1.2998021E-03 -1.7072748E-03  1.7713108E-05  5.6992395E-04
  2.0799350E+02  7.4612551E-07  1.3124335E-03 -1.6728021E-03  3.9199080E-05  5.1372935E-04
  2.0799350E+02  6.1513821E-07  1.3095851E-03 -1.6392105E-03  5.6412574E-05  4.5853662E-04
  2.0799350E+02  4.6546658E-07  1.2978806E-03 -1.6060880E-03  6.6619568E-05  4.0535864E-04
  2.0799350E+02  3.6406125E-07  1.2880076E-03 -1.5740918E-03  7.0389690E-05  3.5496844E-04
  2.0799350E+02  3.3163050E-07  1.2903893E-03 -1.5446662E-03  7.0670745E-05  3.0806027E-04
  2.0799350E+02  3.4334465E-07  1.3106592E-03 -1.5189984E-03  7.1218190E-05  2.6462195E-04
  2.0799350E+02  3.4798347E-07  1.3464028E-03 -1.4977678E-03  7.4795089E-05  2.2467022E-04
  2.0799350E+02  2.9674726E-07  1.3867374E-03 -1.4803414E-03  8.1763648E-05  1.8780636E-04
  2.0799350E+02  6.7711152E-06 -1.9756042E-05 -1.1569213E-01  1.1639227E-01  0.0000000E+00
  2.0799350E+02  9.3782887E-06  9.0830229E-03 -7.7858852E-02  3.4253519E-02  2.1585992E-02
  2.0799350E+02  7.6916291E-06 -1.6190395E-03 -4.6278334E-02 -4.4451782E-02  6.7090705E-02
  2.0799350E+02  1.0607429E-05 -1.9452616E-02 -3.8152589E-02 -2.8448701E-02  5.7708389E-02
  2.0799350E+02 -1.3588732E-05 -1.6679093E-02 -3.3149419E-02 -8.7045006E-03  3.0101292E-02
  2.0799350E+02 -2.6246333E-05 -1.0338857E-02 -2.9328717E-02 -1.8671300E-03  1.3073526E-02
  2.0799350E+02 -3.1551861E-05 -8.2568674E-03 -2.7505585E-02  1.9235841E-04  4.4127504E-03
  2.0799350E+02 -1.0379704E-05 -1.0604020E-02 -2.6587023E-02  4.4433182E-04  6.2670235E-04
  2.0799350E+02  1.4924646E-05 -1.4180735E-02 -2.5984843E-02  5.1857393E-04 -8.4099412E-04
  2.0799350E+02  3.3996692E-05 -1.8094114E-02 -2.5433926E-02  3.1096770E-04 -8.9946682E-04
  2.0799350E+02  4.5481747E-05 -2.1125063E-02 -2.4935756E-02  2.7813055E-04 -1.6516338E-04
  2.0799350E+02  5.3505059E-05 -2.2971114E-02 -2.4345031E-02  1.2931965E-04  8.5797648E-04
  2.0799350E+02  4.9842960E-05 -2.4124343E-02 -2.3509970E-02 -3.5172193E-04  1.8498075E-03
  2.0799350E+02  3.8870356E-05 -2.4697732E-02 -2.2544254E-02 -9.1061583E-04  2.7075209E-03
  2.0799350E+02  3.4832074E-05 -2.4121534E-02 -2.1783976E-02 -8.8428494E-04  3.4988221E-03
  2.0799350E+02  1.6066194E-05 -2.2740272E-02 -2.1185699E-02 -4.6742811E-04  4.3048276E-03
  2.0799350E+02  2.3796102E-05 -2.0708020E-02 -2.0277423E-02 -3.9867113E-04  5.0169391E-03
  2.0799350E+02  2.6083433E-05 -1.7428116E-02 -1.9242275E-02 -2.6972375E-04  5.5099909E-03
  2.0799350E+02  2.1397601E-05 -1.3628470E-02 -1.8248364E-02 -2.1798562E-04  5.7720517E-03
  2.0799350E+02  1.3159426E-05 -1.0261767E-02 -1.7304646E-02 -1.9585417E-04  5.8649090E-03
  2.0799350E+02  4.8887439E-06 -7.5479819E-03 -1.6406165E-02 -1.7760660E-04  5.8879393E-03
  2.0799350E+02 -1.1861862E-06 -5.0967676E-03 -1.5572710E-02 -1.9338914E-04  5.9353560E-03
  2.0799350E+02 -3.6696426E-06 -2.5335324E-03 -1.4827126E-02 -2.7196650E-04  6.0577827E-03
  2.0799350E+02 -1.3019421E-06 -5.3030176E-05 -1.4159504E-02 -3.7388501E-04  6.2391071E-03
  2.0799350E+02  6.3623455E-06  1.6757142E-03 -1.3523470E-02 -3.9670240E-04  6.3995654E-03
  2.0799350E+02  1.5289300E-05  2.8293247E-03 -1.2910794E-02 -3.3393754E-04  6.4360082E-03
  2.0799350E+02  9.9427445E-06  4.1791320E-03 -1.2318606E-02 -3.8647745E-04  6.3096470E-03
  2.0799350E+02  2.4357313E-06  5.8819928E-03 -1.1675915E-02 -3.4075672E-04  6.0962217E-03
  2.0799350E+02 -7.5126398E-07  7.3498543E-03 -1.1038548E-02 -1.9189862E-04  5.7745204E-03
  2.0799350E+02 -1.5315299E-06  8.0275180E-03 -1.0433942E-02 -6.8268860E-06  5.3761392E-03
  2.0799350E+02 -2.1273704E-06  7.9698387E-03 -9.8880409E-03  1.4697136E-04  4.9687724E-03
  2.0799350E+02 -3.3934073E-06  7.4381725E-03 -9.4135810E-03  2.3452123E-04  4.6219366E-03
  2.0799350E+02 -4.6962567E-06  6.6802636E-03 -9.0076205E-03  2.5942615E-04  4.3831703E-03
  2.0799350E+02 -4.7361309E-06  5.8465822E-03 -8.6554561E-03  2.5196209E-04  4.2648640E-03
  2.0799350E+02 -2.6959153E-06  4.9961270E-03 -8.3380665E-03  2.4823740E-04  4.2418710E-03
  2.0799350E+02  8.9673027E-07  4.1447042E-03 -8.0402241E-03  2.6945595E-04  4.2600535E-03
  2.0799350E+02  4.2086948E-06  3.3086962E-03 -7.7564134E-03  3.1032099E-04  4.2559148E-03
  2.0799350E+02  5.6566151E-06  2.4973324E-03 -7.4916989E-03  3.4561741E-04  4.1874706E-03
  2.0799350E+02  7.5923987E-06  1.6064754E-03 -7.2546800E-03  3.6400998E-04  4.0765123E-03
  2.0799350E+02  8.5131390E-06  5.9641166E-04 -6.9856399E-03  3.0006967E-04  4.0370645E-03
  2.0799350E+02  5.7540450E-06  1.6265207E-04 -6.6621961E-03  1.9661699E-04  3.9798789E-03
  2.0799350E+02  5.2342051E-06 -9.6802275E-05 -6.3672056E-03  1.3206007E-04  3.9016467E-03
  2.0799350E+02  4.5429540E-06 -3.4264917E-04 -6.1135435E-03  8.7009019E-05  3.8313564E-03
  2.0799350E+02  2.9155240E-06 -5.8094524E-04 -5.8987723E-03  5.9571227E-05  3.7795029E-03
  2.0799350E+02  7.1661494E-07 -7.6882385E-04 -5.7154380E-03  5.0910382E-05  3.7435078E-03
  2.0799350E+02 -1.1526195E-06 -8.7278132E-04 -5.5564168E-03  5.8541428E-05  3.7132178E-03
  2.0799350E+02 -1.8301695E-06 -8.9044544E-04 -5.4165961E-03  7.5272338E-05  3.6760657E-03
  2.0799350E+02 -9.5734703E-07 -8.4673965E-04 -5.2921739E-03  9.1703707E-05  3.6214821E-03
  2.0799350E+02  1.0624555E-06 -7.7535682E-04 -5.1788583E-03  1.0019712E-04  3.5441408E-03
  2.0799350E+02  3.1044295E-06 -6.9645618E-04 -5.0702535E-03  9.8223290E-05  3.4456251E-03
  2.0799350E+02  3.7564367E-06 -6.0149710E-04 -4.9577135E-03  8.9000872E-05  3.3340995E-03
  2.0799350E+02  2.2405219E-06 -4.5612346E-04 -4.8329479E-03  7.7337023E-05  3.2215734E-03
  2.0799350E+02 -8.4148821E-08 -2.3201220E-04 -4.6946636E-03  5.8580579E-05  3.1183410E-03
  2.0799350E+02  2.4570788E-06  2.1400189E-05 -4.5605257E-03 -1.4011278E-06  3.0241845E-03
  2.0799350E+02  2.0791575E-06  3.2383534E-04 -4.4400928E-03 -7.0840794E-05  2.9501702E-03
  2.0799350E+02 -1.1807960E-06  4.2469273E-04 -4.3215303E-03 -6.4576845E-05  2.9243530E-03
  2.0799350E+02 -1.6032977E-07  3.8132126E-04 -4.2028857E-03 -6.1903032E-05  2.9058370E-03
  2.0799350E+02  7.8484845E-07  3.6940113E-04 -4.0755350E-03 -7.1566544E-05  2.8782208E-03
  2.0799350E+02  6.7370670E-07  4.3745470E-04 -3.9433679E-03 -9.2094955E-05  2.8365510E-03
  2.0799350E+02 -2.7299381E-08  5.7139369E-04 -3.8144894E-03 -1.1636112E-04  2.7823838E-03
  2.0799350E+02 -5.8748172E-07  7.3647595E-04 -3.6961453E-03 -1.3544248E-04  2.7201123E-03
  2.0799350E+02 -6.0055711E-07  9.0090418E-04 -3.5922472E-03 -1.4167251E-04  2.6544105E-03
  2.0799350E+02 -1.2798130E-07  1.0452990E-03 -3.5028745E-03 -1.3078221E-04  2.5886442E-03
  2.0799350E+02  4.5370525E-07  1.1622787E-03 -3.4251300E-03 -1.0302929E-04  2.5240995E-03
  2.0799350E+02  7.5220530E-07  1.2503788E-03 -3.3547242E-03 -6.3212947E-05  2.4598786E-03
  2.0799350E+02  6.5615146E-07  1.3065425E-03 -3.2876674E-03 -1.9471931E-05  2.3933132E-03
  2.0799350E+02  4.7983695E-07  1.3214160E-03 -3.2214436E-03  1.9236219E-05  2.3207466E-03
  2.0799350E+02  8.0667561E-07  1.2816799E-03 -3.1550448E-03  4.7077060E-05  2.2385342E-03
  2.0799350E+02  1.8820763E-06  1.1836497E-03 -3.0872404E-03  6.6804425E-05  2.1441127E-03
  2.0799350E+02  2.4064171E-06  1.0623782E-03 -3.0124603E-03  9.6851119E-05  2.0369885E-03
  2.0799350E+02  5.1305512E-07  9.5577478E-04 -2.9169950E-03  1.3867577E-04  1.9217241E-03
  2.0799350E+02  8.6806747E-07  8.1646652E-04 -2.8197048E-03  1.2252743E-04  1.8178631E-03
  2.0799350E+02  2.7720185E-07  7.7596923E-04 -2.7299482E-03  1.2103427E-04  1.7246606E-03
  2.0799350E+02 -1.2591766E-07  7.7485805E-04 -2.6464138E-03  1.2087184E-04  1.6389675E-03
  2.0799350E+02 -1.1606390E-07  7.8618472E-04 -2.5669706E-03  1.1479931E-04  1.5581179E-03
  2.0799350E+02  1.3765588E-07  8.0386798E-04 -2.4900883E-03  1.0081282E-04  1.4802034E-03
  2.0799350E+02  3.9245684E-07  8.3276560E-04 -2.4154449E-03  8.0820241E-05  1.4041769E-03
  2.0799350E+02  4.9666028E-07  8.8060481E-04 -2.3439117E-03  5.9038511E-05  1.3298139E-03
  2.0799350E+02  4.3613647E-07  9.5194738E-04 -2.2771038E-03  4.0314471E-05  1.2575578E-03
  2.0799350E+02  3.0018131E-07  1.0441843E-03 -2.2167903E-03  2.8583817E-05  1.1883988E-03
  2.0799350E+02  2.0275429E-07  1.1468221E-03 -2.1637188E-03  2.5572300E-05  1.1230728E-03
  2.0799350E+02  2.0098708E-07  1.2415707E-03 -2.1176621E-03  3.0226662E-05  1.0624800E-03
  2.0799350E+02  2.4239693E-07  1.3068526E-03 -2.0766721E-03  3.8633875E-05  1.0068292E-03
  2.0799350E+02  1.8266476E-07  1.3244324E-03 -2.0374154E-03  4.5002112E-05  9.5544222E-04
  2.0799350E+02 -9.0016462E-08  1.2892904E-03 -1.9960941E-03  4.3742578E-05  9.0647600E-04
  2.0799350E+02 -3.8627590E-07  1.2227654E-03 -1.9502572E-03  3.2881848E-05  8.5672013E-04
  2.0799350E+02  2.3495041E-07  1.1891445E-03 -1.9016920E-03  1.9005742E-05  8.0149612E-04
  2.0799350E+02  8.2502329E-07  1.2255822E-03 -1.8572100E-03  1.7410830E-05  7.3623737E-04
  2.0799350E+02 -3.2829572E-07  1.2256613E-03 -1.8113060E-03  1.1122103E-05  6.7609739E-04
  2.0799350E+02 -9.0115228E-08  1.2604376E-03 -1.7663913E-03  8.4951117E-06  6.2206182E-04
  2.0799350E+02  3.4560732E-07  1.3061613E-03 -1.7242142E-03  1.4906168E-05  5.7035954E-04
  2.0799350E+02  5.4755708E-07  1.3427905E-03 -1.6852382E-03  2.8864374E-05  5.1907725E-04
  2.0799350E+02  4.9348503E-07  1.3598701E-03 -1.6492784E-03  4.6023421E-05  4.6762943E-04
  2.0799350E+02  3.2480476E-07  1.3577356E-03 -1.6159364E-03  6.1853600E-05  4.1630076E-04
  2.0799350E+02  1.9271979E-07  1.3452942E-03 -1.5848636E-03  7.3185410E-05  3.6586149E-04
  2.0799350E+02  1.7923832E-07  1.3356385E-03 -1.5558844E-03  7.8836159E-05  3.1725671E-04
  2.0799350E+02  2.7643257E-07  1.3407441E-03 -1.5290095E-03  7.9530925E-05  2.7137006E-04
  2.0799350E+02  4.0729948E-07  1.3665064E-03 -1.5043688E-03  7.7329288E-05  2.2886267E-04
  2.0799350E+02  4.7157986E-07  1.4093688E-03 -1.4820963E-03  7.4769194E-05  1.9008792E-04
  2.0799350E+02  3.9989298E-07  1.4557967E-03 -1.4621953E-03  7.3939355E-05  1.5508283E-04
