          atime          uplus          yplus           Wshr          trash          trash
  2.0799350E+02  1.4459218E-03  1.4678812E-03  2.2167600E-03  8.6062000E-02  8.6062000E-02
  2.0799350E+02  1.8934297E+00  1.2536693E+00  2.2167600E-03  9.1626000E-02  9.1626000E-02
  2.0799350E+02  4.8733360E+00  2.5058708E+00  2.2167600E-03  9.7190000E-02  9.7190000E-02
  2.0799350E+02  8.2752056E+00  3.7571720E+00  2.2167600E-03  1.0275000E-01  1.0275000E-01
  2.0799350E+02  1.1338121E+01  5.0107238E+00  2.2167600E-03  1.0832000E-01  1.0832000E-01
  2.0799350E+02  1.3629596E+01  6.2620250E+00  2.2167600E-03  1.1388000E-01  1.1388000E-01
  2.0799350E+02  1.5153188E+01  7.5155768E+00  2.2167600E-03  1.1945000E-01  1.1945000E-01
  2.0799350E+02  1.6106506E+01  8.7668780E+00  2.2167600E-03  1.2501000E-01  1.2501000E-01
  2.0799350E+02  1.6704103E+01  1.0018179E+01  2.2167600E-03  1.3057000E-01  1.3057000E-01
  2.0799350E+02  1.7094423E+01  1.1271731E+01  2.2167600E-03  1.3614000E-01  1.3614000E-01
  2.0799350E+02  1.7367163E+01  1.2523032E+01  2.2167600E-03  1.4170000E-01  1.4170000E-01
  2.0799350E+02  1.7576525E+01  1.3774333E+01  2.2167600E-03  1.4726000E-01  1.4726000E-01
  2.0799350E+02  1.7752608E+01  1.5027885E+01  2.2167600E-03  1.5283000E-01  1.5283000E-01
  2.0799350E+02  1.7910503E+01  1.6279186E+01  2.2167600E-03  1.5839000E-01  1.5839000E-01
  2.0799350E+02  1.8058505E+01  1.7532738E+01  2.2167600E-03  1.6396000E-01  1.6396000E-01
  2.0799350E+02  1.8199569E+01  1.8784039E+01  2.2167600E-03  1.6952000E-01  1.6952000E-01
  2.0799350E+02  1.8336825E+01  2.0035341E+01  2.2167600E-03  1.7508000E-01  1.7508000E-01
  2.0799350E+02  1.8473056E+01  2.1288892E+01  2.2167600E-03  1.8065000E-01  1.8065000E-01
  2.0799350E+02  1.8608958E+01  2.2540194E+01  2.2167600E-03  1.8621000E-01  1.8621000E-01
  2.0799350E+02  1.8745532E+01  2.3793745E+01  2.2167600E-03  1.9178000E-01  1.9178000E-01
  2.0799350E+02  1.8882331E+01  2.5045047E+01  2.2167600E-03  1.9734000E-01  1.9734000E-01
  2.0799350E+02  1.9019290E+01  2.6296348E+01  2.2167600E-03  2.0290000E-01  2.0290000E-01
  2.0799350E+02  1.9156121E+01  2.7549900E+01  2.2167600E-03  2.0847000E-01  2.0847000E-01
  2.0799350E+02  1.9291801E+01  2.8801201E+01  2.2167600E-03  2.1403000E-01  2.1403000E-01
  2.0799350E+02  1.9426507E+01  3.0052502E+01  2.2167600E-03  2.1959000E-01  2.1959000E-01
  2.0799350E+02  1.9561649E+01  3.1306054E+01  2.2167600E-03  2.2516000E-01  2.2516000E-01
  2.0799350E+02  1.9698085E+01  3.2557355E+01  2.2167600E-03  2.3072000E-01  2.3072000E-01
  2.0799350E+02  1.9836540E+01  3.3810907E+01  2.2167600E-03  2.3629000E-01  2.3629000E-01
  2.0799350E+02  1.9975164E+01  3.5062208E+01  2.2167600E-03  2.4185000E-01  2.4185000E-01
  2.0799350E+02  2.0112216E+01  3.6313509E+01  2.2167600E-03  2.4741000E-01  2.4741000E-01
  2.0799350E+02  2.0246551E+01  3.7567061E+01  2.2167600E-03  2.5298000E-01  2.5298000E-01
  2.0799350E+02  2.0377046E+01  3.8818362E+01  2.2167600E-03  2.5854000E-01  2.5854000E-01
  2.0799350E+02  2.0504197E+01  4.0071914E+01  2.2167600E-03  2.6411000E-01  2.6411000E-01
  2.0799350E+02  2.0628043E+01  4.1323215E+01  2.2167600E-03  2.6967000E-01  2.6967000E-01
  2.0799350E+02  2.0749505E+01  4.2574517E+01  2.2167600E-03  2.7523000E-01  2.7523000E-01
  2.0799350E+02  2.0869427E+01  4.3828068E+01  2.2167600E-03  2.8080000E-01  2.8080000E-01
  2.0799350E+02  2.0987761E+01  4.5079370E+01  2.2167600E-03  2.8636000E-01  2.8636000E-01
  2.0799350E+02  2.1104829E+01  4.6330671E+01  2.2167600E-03  2.9192000E-01  2.9192000E-01
  2.0799350E+02  2.1220858E+01  4.7584223E+01  2.2167600E-03  2.9749000E-01  2.9749000E-01
  2.0799350E+02  2.1335558E+01  4.8835524E+01  2.2167600E-03  3.0305000E-01  3.0305000E-01
  2.0799350E+02  2.1449535E+01  5.0089076E+01  2.2167600E-03  3.0862000E-01  3.0862000E-01
  2.0799350E+02  2.1562085E+01  5.1340377E+01  2.2167600E-03  3.1418000E-01  3.1418000E-01
  2.0799350E+02  2.1673140E+01  5.2591678E+01  2.2167600E-03  3.1974000E-01  3.1974000E-01
  2.0799350E+02  2.1782850E+01  5.3845230E+01  2.2167600E-03  3.2531000E-01  3.2531000E-01
  2.0799350E+02  2.1890903E+01  5.5096531E+01  2.2167600E-03  3.3087000E-01  3.3087000E-01
  2.0799350E+02  2.1997828E+01  5.6350083E+01  2.2167600E-03  3.3644000E-01  3.3644000E-01
  2.0799350E+02  2.2103376E+01  5.7601384E+01  2.2167600E-03  3.4200000E-01  3.4200000E-01
  2.0799350E+02  2.2207834E+01  5.8852685E+01  2.2167600E-03  3.4756000E-01  3.4756000E-01
  2.0799350E+02  2.2311410E+01  6.0106237E+01  2.2167600E-03  3.5313000E-01  3.5313000E-01
  2.0799350E+02  2.2413676E+01  6.1357538E+01  2.2167600E-03  3.5869000E-01  3.5869000E-01
  2.0799350E+02  2.2514684E+01  6.2608840E+01  2.2167600E-03  3.6425000E-01  3.6425000E-01
  2.0799350E+02  2.2614400E+01  6.3862391E+01  2.2167600E-03  3.6982000E-01  3.6982000E-01
  2.0799350E+02  2.2712204E+01  6.5113693E+01  2.2167600E-03  3.7538000E-01  3.7538000E-01
  2.0799350E+02  2.2808149E+01  6.6367244E+01  2.2167600E-03  3.8095000E-01  3.8095000E-01
  2.0799350E+02  2.2902031E+01  6.7618546E+01  2.2167600E-03  3.8651000E-01  3.8651000E-01
  2.0799350E+02  2.2993442E+01  6.8869847E+01  2.2167600E-03  3.9207000E-01  3.9207000E-01
  2.0799350E+02  2.3083084E+01  7.0123399E+01  2.2167600E-03  3.9764000E-01  3.9764000E-01
  2.0799350E+02  2.3171326E+01  7.1374700E+01  2.2167600E-03  4.0320000E-01  4.0320000E-01
  2.0799350E+02  2.3258721E+01  7.2628252E+01  2.2167600E-03  4.0877000E-01  4.0877000E-01
  2.0799350E+02  2.3344925E+01  7.3879553E+01  2.2167600E-03  4.1433000E-01  4.1433000E-01
  2.0799350E+02  2.3429952E+01  7.5130854E+01  2.2167600E-03  4.1989000E-01  4.1989000E-01
  2.0799350E+02  2.3513809E+01  7.6384406E+01  2.2167600E-03  4.2546000E-01  4.2546000E-01
  2.0799350E+02  2.3596128E+01  7.7635707E+01  2.2167600E-03  4.3102000E-01  4.3102000E-01
  2.0799350E+02  2.3677258E+01  7.8889259E+01  2.2167600E-03  4.3659000E-01  4.3659000E-01
  2.0799350E+02  2.3757085E+01  8.0140560E+01  2.2167600E-03  4.4215000E-01  4.4215000E-01
  2.0799350E+02  2.3836030E+01  8.1391861E+01  2.2167600E-03  4.4771000E-01  4.4771000E-01
  2.0799350E+02  2.3914541E+01  8.2645413E+01  2.2167600E-03  4.5328000E-01  4.5328000E-01
  2.0799350E+02  2.3992581E+01  8.3896714E+01  2.2167600E-03  4.5884000E-01  4.5884000E-01
  2.0799350E+02  2.4070342E+01  8.5148015E+01  2.2167600E-03  4.6440000E-01  4.6440000E-01
  2.0799350E+02  2.4147660E+01  8.6401567E+01  2.2167600E-03  4.6997000E-01  4.6997000E-01
  2.0799350E+02  2.4223562E+01  8.7652868E+01  2.2167600E-03  4.7553000E-01  4.7553000E-01
  2.0799350E+02  2.4298053E+01  8.8906420E+01  2.2167600E-03  4.8110000E-01  4.8110000E-01
  2.0799350E+02  2.4370609E+01  9.0157721E+01  2.2167600E-03  4.8666000E-01  4.8666000E-01
  2.0799350E+02  2.4441382E+01  9.1409023E+01  2.2167600E-03  4.9222000E-01  4.9222000E-01
  2.0799350E+02  2.4510504E+01  9.2662574E+01  2.2167600E-03  4.9779000E-01  4.9779000E-01
  2.0799350E+02  2.4577710E+01  9.3913876E+01  2.2167600E-03  5.0335000E-01  5.0335000E-01
  2.0799350E+02  2.4643205E+01  9.5167427E+01  2.2167600E-03  5.0892000E-01  5.0892000E-01
  2.0799350E+02  2.4706713E+01  9.6418729E+01  2.2167600E-03  5.1448000E-01  5.1448000E-01
  2.0799350E+02  2.4768317E+01  9.7670030E+01  2.2167600E-03  5.2004000E-01  5.2004000E-01
  2.0799350E+02  2.4828113E+01  9.8923582E+01  2.2167600E-03  5.2561000E-01  5.2561000E-01
  2.0799350E+02  2.4885917E+01  1.0017488E+02  2.2167600E-03  5.3117000E-01  5.3117000E-01
  2.0799350E+02  2.4941918E+01  1.0142618E+02  2.2167600E-03  5.3673000E-01  5.3673000E-01
  2.0799350E+02  2.4996338E+01  1.0267974E+02  2.2167600E-03  5.4230000E-01  5.4230000E-01
  2.0799350E+02  2.5049139E+01  1.0393104E+02  2.2167600E-03  5.4786000E-01  5.4786000E-01
  2.0799350E+02  2.5100669E+01  1.0518459E+02  2.2167600E-03  5.5343000E-01  5.5343000E-01
  2.0799350E+02  2.5150840E+01  1.0643589E+02  2.2167600E-03  5.5899000E-01  5.5899000E-01
  2.0799350E+02  2.5199707E+01  1.0768719E+02  2.2167600E-03  5.6455000E-01  5.6455000E-01
  2.0799350E+02  2.5247262E+01  1.0894074E+02  2.2167600E-03  5.7012000E-01  5.7012000E-01
  2.0799350E+02  2.5293029E+01  1.1019204E+02  2.2167600E-03  5.7568000E-01  5.7568000E-01
  2.0799350E+02  2.5336700E+01  1.1144560E+02  2.2167600E-03  5.8125000E-01  5.8125000E-01
  2.0799350E+02  2.5378103E+01  1.1269690E+02  2.2167600E-03  5.8681000E-01  5.8681000E-01
  2.0799350E+02  2.5417347E+01  1.1394820E+02  2.2167600E-03  5.9237000E-01  5.9237000E-01
  2.0799350E+02  2.5454528E+01  1.1520175E+02  2.2167600E-03  5.9794000E-01  5.9794000E-01
  2.0799350E+02  2.5489515E+01  1.1645305E+02  2.2167600E-03  6.0350000E-01  6.0350000E-01
  2.0799350E+02  2.5522347E+01  1.1770435E+02  2.2167600E-03  6.0906000E-01  6.0906000E-01
  2.0799350E+02  2.5553018E+01  1.1895790E+02  2.2167600E-03  6.1463000E-01  6.1463000E-01
  2.0799350E+02  2.5581342E+01  1.2020921E+02  2.2167600E-03  6.2019000E-01  6.2019000E-01
  2.0799350E+02  2.5607346E+01  1.2146276E+02  2.2167600E-03  6.2576000E-01  6.2576000E-01
  2.0799350E+02  2.5630880E+01  1.2271406E+02  2.2167600E-03  6.3132000E-01  6.3132000E-01
  2.0799350E+02  2.5651971E+01  1.2396536E+02  2.2167600E-03  6.3688000E-01  6.3688000E-01
  2.0799350E+02  0.0000000E+00  0.0000000E+00  7.2538714E-04  6.3809368E-02  6.3809368E-02
  2.0799350E+02  2.2300076E-01  7.3244381E-01  7.2537910E-04  6.9499000E-02  6.9499000E-02
  2.0799350E+02  6.1676283E-01  1.4652270E+00  7.2537910E-04  7.5191000E-02  7.5191000E-02
  2.0799350E+02  2.4919418E+00  2.1980101E+00  7.2537910E-04  8.0883000E-02  8.0883000E-02
  2.0799350E+02  5.4696325E+00  2.9309220E+00  7.2537910E-04  8.6576000E-02  8.6576000E-02
  2.0799350E+02  9.2554558E+00  3.6637052E+00  7.2537910E-04  9.2268000E-02  9.2268000E-02
  2.0799350E+02  1.3411924E+01  4.3964883E+00  7.2537910E-04  9.7960000E-02  9.7960000E-02
  2.0799350E+02  1.7410884E+01  5.1290140E+00  7.2537910E-04  1.0365000E-01  1.0365000E-01
  2.0799350E+02  2.0856171E+01  5.8615397E+00  7.2537910E-04  1.0934000E-01  1.0934000E-01
  2.0799350E+02  2.3561733E+01  6.5953528E+00  7.2537910E-04  1.1504000E-01  1.1504000E-01
  2.0799350E+02  2.5548933E+01  7.3278784E+00  7.2537910E-04  1.2073000E-01  1.2073000E-01
  2.0799350E+02  2.6961892E+01  8.0604041E+00  7.2537910E-04  1.2642000E-01  1.2642000E-01
  2.0799350E+02  2.7962014E+01  8.7929298E+00  7.2537910E-04  1.3211000E-01  1.3211000E-01
  2.0799350E+02  2.8687186E+01  9.5267429E+00  7.2537910E-04  1.3781000E-01  1.3781000E-01
  2.0799350E+02  2.9231603E+01  1.0259269E+01  7.2537910E-04  1.4350000E-01  1.4350000E-01
  2.0799350E+02  2.9661836E+01  1.0991794E+01  7.2537910E-04  1.4919000E-01  1.4919000E-01
  2.0799350E+02  3.0021636E+01  1.1724320E+01  7.2537910E-04  1.5488000E-01  1.5488000E-01
  2.0799350E+02  3.0338266E+01  1.2458133E+01  7.2537910E-04  1.6058000E-01  1.6058000E-01
  2.0799350E+02  3.0627230E+01  1.3190659E+01  7.2537910E-04  1.6627000E-01  1.6627000E-01
  2.0799350E+02  3.0899044E+01  1.3923184E+01  7.2537910E-04  1.7196000E-01  1.7196000E-01
  2.0799350E+02  3.1159114E+01  1.4655710E+01  7.2537910E-04  1.7765000E-01  1.7765000E-01
  2.0799350E+02  3.1410445E+01  1.5388236E+01  7.2537910E-04  1.8334000E-01  1.8334000E-01
  2.0799350E+02  3.1655855E+01  1.6122049E+01  7.2537910E-04  1.8904000E-01  1.8904000E-01
  2.0799350E+02  3.1897412E+01  1.6854574E+01  7.2537910E-04  1.9473000E-01  1.9473000E-01
  2.0799350E+02  3.2139169E+01  1.7587100E+01  7.2537910E-04  2.0042000E-01  2.0042000E-01
  2.0799350E+02  3.2384296E+01  1.8319626E+01  7.2537910E-04  2.0611000E-01  2.0611000E-01
  2.0799350E+02  3.2632934E+01  1.9053439E+01  7.2537910E-04  2.1181000E-01  2.1181000E-01
  2.0799350E+02  3.2879064E+01  1.9785965E+01  7.2537910E-04  2.1750000E-01  2.1750000E-01
  2.0799350E+02  3.3124652E+01  2.0518490E+01  7.2537910E-04  2.2319000E-01  2.2319000E-01
  2.0799350E+02  3.3370507E+01  2.1251016E+01  7.2537910E-04  2.2888000E-01  2.2888000E-01
  2.0799350E+02  3.3616731E+01  2.1984829E+01  7.2537910E-04  2.3458000E-01  2.3458000E-01
  2.0799350E+02  3.3861594E+01  2.2717355E+01  7.2537910E-04  2.4027000E-01  2.4027000E-01
  2.0799350E+02  3.4104557E+01  2.3449880E+01  7.2537910E-04  2.4596000E-01  2.4596000E-01
  2.0799350E+02  3.4344805E+01  2.4182406E+01  7.2537910E-04  2.5165000E-01  2.5165000E-01
  2.0799350E+02  3.4581795E+01  2.4914932E+01  7.2537910E-04  2.5734000E-01  2.5734000E-01
  2.0799350E+02  3.4815641E+01  2.5648745E+01  7.2537910E-04  2.6304000E-01  2.6304000E-01
  2.0799350E+02  3.5045338E+01  2.6381270E+01  7.2537910E-04  2.6873000E-01  2.6873000E-01
  2.0799350E+02  3.5270985E+01  2.7113796E+01  7.2537910E-04  2.7442000E-01  2.7442000E-01
  2.0799350E+02  3.5491795E+01  2.7846322E+01  7.2537910E-04  2.8011000E-01  2.8011000E-01
  2.0799350E+02  3.5707951E+01  2.8580135E+01  7.2537910E-04  2.8581000E-01  2.8581000E-01
  2.0799350E+02  3.5920929E+01  2.9312661E+01  7.2537910E-04  2.9150000E-01  2.9150000E-01
  2.0799350E+02  3.6130806E+01  3.0045186E+01  7.2537910E-04  2.9719000E-01  2.9719000E-01
  2.0799350E+02  3.6338330E+01  3.0777712E+01  7.2537910E-04  3.0288000E-01  3.0288000E-01
  2.0799350E+02  3.6544677E+01  3.1511525E+01  7.2537910E-04  3.0858000E-01  3.0858000E-01
  2.0799350E+02  3.6749528E+01  3.2244051E+01  7.2537910E-04  3.1427000E-01  3.1427000E-01
  2.0799350E+02  3.6953093E+01  3.2976576E+01  7.2537910E-04  3.1996000E-01  3.1996000E-01
  2.0799350E+02  3.7154765E+01  3.3709102E+01  7.2537910E-04  3.2565000E-01  3.2565000E-01
  2.0799350E+02  3.7354084E+01  3.4442915E+01  7.2537910E-04  3.3135000E-01  3.3135000E-01
  2.0799350E+02  3.7549652E+01  3.5175441E+01  7.2537910E-04  3.3704000E-01  3.3704000E-01
  2.0799350E+02  3.7741534E+01  3.5907966E+01  7.2537910E-04  3.4273000E-01  3.4273000E-01
  2.0799350E+02  3.7930019E+01  3.6640492E+01  7.2537910E-04  3.4842000E-01  3.4842000E-01
  2.0799350E+02  3.8115949E+01  3.7373018E+01  7.2537910E-04  3.5411000E-01  3.5411000E-01
  2.0799350E+02  3.8300712E+01  3.8106831E+01  7.2537910E-04  3.5981000E-01  3.5981000E-01
  2.0799350E+02  3.8484242E+01  3.8839357E+01  7.2537910E-04  3.6550000E-01  3.6550000E-01
  2.0799350E+02  3.8665115E+01  3.9571882E+01  7.2537910E-04  3.7119000E-01  3.7119000E-01
  2.0799350E+02  3.8841323E+01  4.0304408E+01  7.2537910E-04  3.7688000E-01  3.7688000E-01
  2.0799350E+02  3.9012547E+01  4.1038221E+01  7.2537910E-04  3.8258000E-01  3.8258000E-01
  2.0799350E+02  3.9178153E+01  4.1770747E+01  7.2537910E-04  3.8827000E-01  3.8827000E-01
  2.0799350E+02  3.9339123E+01  4.2503272E+01  7.2537910E-04  3.9396000E-01  3.9396000E-01
  2.0799350E+02  3.9496374E+01  4.3235798E+01  7.2537910E-04  3.9965000E-01  3.9965000E-01
  2.0799350E+02  3.9651016E+01  4.3969611E+01  7.2537910E-04  4.0535000E-01  4.0535000E-01
  2.0799350E+02  3.9803106E+01  4.4702137E+01  7.2537910E-04  4.1104000E-01  4.1104000E-01
  2.0799350E+02  3.9953216E+01  4.5434662E+01  7.2537910E-04  4.1673000E-01  4.1673000E-01
  2.0799350E+02  4.0101370E+01  4.6167188E+01  7.2537910E-04  4.2242000E-01  4.2242000E-01
  2.0799350E+02  4.0247415E+01  4.6899714E+01  7.2537910E-04  4.2811000E-01  4.2811000E-01
  2.0799350E+02  4.0391390E+01  4.7633527E+01  7.2537910E-04  4.3381000E-01  4.3381000E-01
  2.0799350E+02  4.0532655E+01  4.8366053E+01  7.2537910E-04  4.3950000E-01  4.3950000E-01
  2.0799350E+02  4.0671526E+01  4.9098578E+01  7.2537910E-04  4.4519000E-01  4.4519000E-01
  2.0799350E+02  4.0808331E+01  4.9831104E+01  7.2537910E-04  4.5088000E-01  4.5088000E-01
  2.0799350E+02  4.0943904E+01  5.0564917E+01  7.2537910E-04  4.5658000E-01  4.5658000E-01
  2.0799350E+02  4.1078417E+01  5.1297443E+01  7.2537910E-04  4.6227000E-01  4.6227000E-01
  2.0799350E+02  4.1212387E+01  5.2029968E+01  7.2537910E-04  4.6796000E-01  4.6796000E-01
  2.0799350E+02  4.1345137E+01  5.2762494E+01  7.2537910E-04  4.7365000E-01  4.7365000E-01
  2.0799350E+02  4.1476044E+01  5.3496307E+01  7.2537910E-04  4.7935000E-01  4.7935000E-01
  2.0799350E+02  4.1604210E+01  5.4228833E+01  7.2537910E-04  4.8504000E-01  4.8504000E-01
  2.0799350E+02  4.1729655E+01  5.4961358E+01  7.2537910E-04  4.9073000E-01  4.9073000E-01
  2.0799350E+02  4.1852260E+01  5.5693884E+01  7.2537910E-04  4.9642000E-01  4.9642000E-01
  2.0799350E+02  4.1971921E+01  5.6426410E+01  7.2537910E-04  5.0211000E-01  5.0211000E-01
  2.0799350E+02  4.2088705E+01  5.7160223E+01  7.2537910E-04  5.0781000E-01  5.0781000E-01
  2.0799350E+02  4.2202034E+01  5.7892749E+01  7.2537910E-04  5.1350000E-01  5.1350000E-01
  2.0799350E+02  4.2311931E+01  5.8625274E+01  7.2537910E-04  5.1919000E-01  5.1919000E-01
  2.0799350E+02  4.2418233E+01  5.9357800E+01  7.2537910E-04  5.2488000E-01  5.2488000E-01
  2.0799350E+02  4.2521023E+01  6.0091613E+01  7.2537910E-04  5.3058000E-01  5.3058000E-01
  2.0799350E+02  4.2619972E+01  6.0824139E+01  7.2537910E-04  5.3627000E-01  5.3627000E-01
  2.0799350E+02  4.2715461E+01  6.1556664E+01  7.2537910E-04  5.4196000E-01  5.4196000E-01
  2.0799350E+02  4.2807895E+01  6.2289190E+01  7.2537910E-04  5.4765000E-01  5.4765000E-01
  2.0799350E+02  4.2898059E+01  6.3023003E+01  7.2537910E-04  5.5335000E-01  5.5335000E-01
  2.0799350E+02  4.2985986E+01  6.3755529E+01  7.2537910E-04  5.5904000E-01  5.5904000E-01
  2.0799350E+02  4.3071676E+01  6.4488054E+01  7.2537910E-04  5.6473000E-01  5.6473000E-01
  2.0799350E+02  4.3155072E+01  6.5220580E+01  7.2537910E-04  5.7042000E-01  5.7042000E-01
  2.0799350E+02  4.3235473E+01  6.5953106E+01  7.2537910E-04  5.7611000E-01  5.7611000E-01
  2.0799350E+02  4.3312518E+01  6.6686919E+01  7.2537910E-04  5.8181000E-01  5.8181000E-01
  2.0799350E+02  4.3385616E+01  6.7419445E+01  7.2537910E-04  5.8750000E-01  5.8750000E-01
  2.0799350E+02  4.3454715E+01  6.8151970E+01  7.2537910E-04  5.9319000E-01  5.9319000E-01
  2.0799350E+02  4.3519718E+01  6.8884496E+01  7.2537910E-04  5.9888000E-01  5.9888000E-01
  2.0799350E+02  4.3580684E+01  6.9618309E+01  7.2537910E-04  6.0458000E-01  6.0458000E-01
  2.0799350E+02  4.3637380E+01  7.0350835E+01  7.2537910E-04  6.1027000E-01  6.1027000E-01
  2.0799350E+02  4.3689893E+01  7.1083360E+01  7.2537910E-04  6.1596000E-01  6.1596000E-01
  2.0799350E+02  4.3738181E+01  7.1815886E+01  7.2537910E-04  6.2165000E-01  6.2165000E-01
  2.0799350E+02  4.3782253E+01  7.2549699E+01  7.2537910E-04  6.2735000E-01  6.2735000E-01
  2.0799350E+02  4.3754125E-04  4.5468482E-04  9.4734161E-04  3.1648000E-02  3.1648000E-02
  2.0799350E+02  6.9494912E-01  8.6524462E-01  9.4734161E-04  3.7526000E-02  3.7526000E-02
  2.0799350E+02  1.0893576E+00  1.7300346E+00  9.4734161E-04  4.3404000E-02  4.3404000E-02
  2.0799350E+02  1.1930401E+00  2.5948245E+00  9.4734161E-04  4.9282000E-02  4.9282000E-02
  2.0799350E+02  6.4275000E-01  3.4596144E+00  9.4734161E-04  5.5160000E-02  5.5160000E-02
  2.0799350E+02  2.6765963E-01  4.3244044E+00  9.4734161E-04  6.1038000E-02  6.1038000E-02
  2.0799350E+02  1.5317704E+00  5.1891943E+00  9.4734161E-04  6.6916000E-02  6.6916000E-02
  2.0799350E+02  3.3950095E+00  6.0539842E+00  9.4734161E-04  7.2794000E-02  7.2794000E-02
  2.0799350E+02  5.6883235E+00  6.9187742E+00  9.4734161E-04  7.8672000E-02  7.8672000E-02
  2.0799350E+02  8.2543771E+00  7.7835641E+00  9.4734161E-04  8.4550000E-02  8.4550000E-02
  2.0799350E+02  1.0938023E+01  8.6483540E+00  9.4734161E-04  9.0428000E-02  9.0428000E-02
  2.0799350E+02  1.3585391E+01  9.5131440E+00  9.4734161E-04  9.6306000E-02  9.6306000E-02
  2.0799350E+02  1.6058122E+01  1.0377345E+01  9.4734161E-04  1.0218000E-01  1.0218000E-01
  2.0799350E+02  1.8255811E+01  1.1242430E+01  9.4734161E-04  1.0806000E-01  1.0806000E-01
  2.0799350E+02  2.0115550E+01  1.2107514E+01  9.4734161E-04  1.1394000E-01  1.1394000E-01
  2.0799350E+02  2.1628691E+01  1.2972598E+01  9.4734161E-04  1.1982000E-01  1.1982000E-01
  2.0799350E+02  2.2831212E+01  1.3837682E+01  9.4734161E-04  1.2570000E-01  1.2570000E-01
  2.0799350E+02  2.3772877E+01  1.4701295E+01  9.4734161E-04  1.3157000E-01  1.3157000E-01
  2.0799350E+02  2.4508803E+01  1.5566379E+01  9.4734161E-04  1.3745000E-01  1.3745000E-01
  2.0799350E+02  2.5085264E+01  1.6431463E+01  9.4734161E-04  1.4333000E-01  1.4333000E-01
  2.0799350E+02  2.5544271E+01  1.7296548E+01  9.4734161E-04  1.4921000E-01  1.4921000E-01
  2.0799350E+02  2.5919957E+01  1.8160161E+01  9.4734161E-04  1.5508000E-01  1.5508000E-01
  2.0799350E+02  2.6240577E+01  1.9025245E+01  9.4734161E-04  1.6096000E-01  1.6096000E-01
  2.0799350E+02  2.6524929E+01  1.9890329E+01  9.4734161E-04  1.6684000E-01  1.6684000E-01
  2.0799350E+02  2.6785614E+01  2.0755413E+01  9.4734161E-04  1.7272000E-01  1.7272000E-01
  2.0799350E+02  2.7029227E+01  2.1620497E+01  9.4734161E-04  1.7860000E-01  1.7860000E-01
  2.0799350E+02  2.7259679E+01  2.2484110E+01  9.4734161E-04  1.8447000E-01  1.8447000E-01
  2.0799350E+02  2.7482501E+01  2.3349194E+01  9.4734161E-04  1.9035000E-01  1.9035000E-01
  2.0799350E+02  2.7703627E+01  2.4214279E+01  9.4734161E-04  1.9623000E-01  1.9623000E-01
  2.0799350E+02  2.7925101E+01  2.5079363E+01  9.4734161E-04  2.0211000E-01  2.0211000E-01
  2.0799350E+02  2.8146258E+01  2.5944447E+01  9.4734161E-04  2.0799000E-01  2.0799000E-01
  2.0799350E+02  2.8365570E+01  2.6808060E+01  9.4734161E-04  2.1386000E-01  2.1386000E-01
  2.0799350E+02  2.8583240E+01  2.7673144E+01  9.4734161E-04  2.1974000E-01  2.1974000E-01
  2.0799350E+02  2.8799236E+01  2.8538228E+01  9.4734161E-04  2.2562000E-01  2.2562000E-01
  2.0799350E+02  2.9014500E+01  2.9403312E+01  9.4734161E-04  2.3150000E-01  2.3150000E-01
  2.0799350E+02  2.9229991E+01  3.0268397E+01  9.4734161E-04  2.3738000E-01  2.3738000E-01
  2.0799350E+02  2.9445715E+01  3.1132010E+01  9.4734161E-04  2.4325000E-01  2.4325000E-01
  2.0799350E+02  2.9661840E+01  3.1997094E+01  9.4734161E-04  2.4913000E-01  2.4913000E-01
  2.0799350E+02  2.9876643E+01  3.2862178E+01  9.4734161E-04  2.5501000E-01  2.5501000E-01
  2.0799350E+02  3.0088739E+01  3.3727262E+01  9.4734161E-04  2.6089000E-01  2.6089000E-01
  2.0799350E+02  3.0301615E+01  3.4592346E+01  9.4734161E-04  2.6677000E-01  2.6677000E-01
  2.0799350E+02  3.0513144E+01  3.5455959E+01  9.4734161E-04  2.7264000E-01  2.7264000E-01
  2.0799350E+02  3.0722099E+01  3.6321043E+01  9.4734161E-04  2.7852000E-01  2.7852000E-01
  2.0799350E+02  3.0927567E+01  3.7186128E+01  9.4734161E-04  2.8440000E-01  2.8440000E-01
  2.0799350E+02  3.1129766E+01  3.8051212E+01  9.4734161E-04  2.9028000E-01  2.9028000E-01
  2.0799350E+02  3.1329234E+01  3.8916296E+01  9.4734161E-04  2.9616000E-01  2.9616000E-01
  2.0799350E+02  3.1526192E+01  3.9779909E+01  9.4734161E-04  3.0203000E-01  3.0203000E-01
  2.0799350E+02  3.1721706E+01  4.0644993E+01  9.4734161E-04  3.0791000E-01  3.0791000E-01
  2.0799350E+02  3.1915605E+01  4.1510077E+01  9.4734161E-04  3.1379000E-01  3.1379000E-01
  2.0799350E+02  3.2107823E+01  4.2375161E+01  9.4734161E-04  3.1967000E-01  3.1967000E-01
  2.0799350E+02  3.2297796E+01  4.3238774E+01  9.4734161E-04  3.2554000E-01  3.2554000E-01
  2.0799350E+02  3.2485836E+01  4.4103859E+01  9.4734161E-04  3.3142000E-01  3.3142000E-01
  2.0799350E+02  3.2671267E+01  4.4968943E+01  9.4734161E-04  3.3730000E-01  3.3730000E-01
  2.0799350E+02  3.2853787E+01  4.5834027E+01  9.4734161E-04  3.4318000E-01  3.4318000E-01
  2.0799350E+02  3.3032804E+01  4.6699111E+01  9.4734161E-04  3.4906000E-01  3.4906000E-01
  2.0799350E+02  3.3208115E+01  4.7562724E+01  9.4734161E-04  3.5493000E-01  3.5493000E-01
  2.0799350E+02  3.3381354E+01  4.8427808E+01  9.4734161E-04  3.6081000E-01  3.6081000E-01
  2.0799350E+02  3.3552198E+01  4.9292892E+01  9.4734161E-04  3.6669000E-01  3.6669000E-01
  2.0799350E+02  3.3720119E+01  5.0157977E+01  9.4734161E-04  3.7257000E-01  3.7257000E-01
  2.0799350E+02  3.3884449E+01  5.1023061E+01  9.4734161E-04  3.7845000E-01  3.7845000E-01
  2.0799350E+02  3.4044346E+01  5.1886674E+01  9.4734161E-04  3.8432000E-01  3.8432000E-01
  2.0799350E+02  3.4200028E+01  5.2751758E+01  9.4734161E-04  3.9020000E-01  3.9020000E-01
  2.0799350E+02  3.4351195E+01  5.3616842E+01  9.4734161E-04  3.9608000E-01  3.9608000E-01
  2.0799350E+02  3.4498120E+01  5.4481926E+01  9.4734161E-04  4.0196000E-01  4.0196000E-01
  2.0799350E+02  3.4641300E+01  5.5347011E+01  9.4734161E-04  4.0784000E-01  4.0784000E-01
  2.0799350E+02  3.4781121E+01  5.6210623E+01  9.4734161E-04  4.1371000E-01  4.1371000E-01
  2.0799350E+02  3.4918666E+01  5.7075708E+01  9.4734161E-04  4.1959000E-01  4.1959000E-01
  2.0799350E+02  3.5054140E+01  5.7940792E+01  9.4734161E-04  4.2547000E-01  4.2547000E-01
  2.0799350E+02  3.5187686E+01  5.8805876E+01  9.4734161E-04  4.3135000E-01  4.3135000E-01
  2.0799350E+02  3.5319010E+01  5.9670960E+01  9.4734161E-04  4.3723000E-01  4.3723000E-01
  2.0799350E+02  3.5447418E+01  6.0534573E+01  9.4734161E-04  4.4310000E-01  4.4310000E-01
  2.0799350E+02  3.5574429E+01  6.1399657E+01  9.4734161E-04  4.4898000E-01  4.4898000E-01
  2.0799350E+02  3.5699819E+01  6.2264742E+01  9.4734161E-04  4.5486000E-01  4.5486000E-01
  2.0799350E+02  3.5823727E+01  6.3129826E+01  9.4734161E-04  4.6074000E-01  4.6074000E-01
  2.0799350E+02  3.5946172E+01  6.3994910E+01  9.4734161E-04  4.6662000E-01  4.6662000E-01
  2.0799350E+02  3.6066893E+01  6.4858523E+01  9.4734161E-04  4.7249000E-01  4.7249000E-01
  2.0799350E+02  3.6186201E+01  6.5723607E+01  9.4734161E-04  4.7837000E-01  4.7837000E-01
  2.0799350E+02  3.6303761E+01  6.6588691E+01  9.4734161E-04  4.8425000E-01  4.8425000E-01
  2.0799350E+02  3.6419418E+01  6.7453775E+01  9.4734161E-04  4.9013000E-01  4.9013000E-01
  2.0799350E+02  3.6532799E+01  6.8317388E+01  9.4734161E-04  4.9600000E-01  4.9600000E-01
  2.0799350E+02  3.6644077E+01  6.9182472E+01  9.4734161E-04  5.0188000E-01  5.0188000E-01
  2.0799350E+02  3.6752805E+01  7.0047557E+01  9.4734161E-04  5.0776000E-01  5.0776000E-01
  2.0799350E+02  3.6858697E+01  7.0912641E+01  9.4734161E-04  5.1364000E-01  5.1364000E-01
  2.0799350E+02  3.6961443E+01  7.1777725E+01  9.4734161E-04  5.1952000E-01  5.1952000E-01
  2.0799350E+02  3.7060560E+01  7.2641338E+01  9.4734161E-04  5.2539000E-01  5.2539000E-01
  2.0799350E+02  3.7156112E+01  7.3506422E+01  9.4734161E-04  5.3127000E-01  5.3127000E-01
  2.0799350E+02  3.7247745E+01  7.4371506E+01  9.4734161E-04  5.3715000E-01  5.3715000E-01
  2.0799350E+02  3.7335528E+01  7.5236591E+01  9.4734161E-04  5.4303000E-01  5.4303000E-01
  2.0799350E+02  3.7420281E+01  7.6101675E+01  9.4734161E-04  5.4891000E-01  5.4891000E-01
  2.0799350E+02  3.7502671E+01  7.6965288E+01  9.4734161E-04  5.5478000E-01  5.5478000E-01
  2.0799350E+02  3.7583242E+01  7.7830372E+01  9.4734161E-04  5.6066000E-01  5.6066000E-01
  2.0799350E+02  3.7661735E+01  7.8695456E+01  9.4734161E-04  5.6654000E-01  5.6654000E-01
  2.0799350E+02  3.7737836E+01  7.9560540E+01  9.4734161E-04  5.7242000E-01  5.7242000E-01
  2.0799350E+02  3.7811163E+01  8.0425624E+01  9.4734161E-04  5.7830000E-01  5.7830000E-01
  2.0799350E+02  3.7881237E+01  8.1289237E+01  9.4734161E-04  5.8417000E-01  5.8417000E-01
  2.0799350E+02  3.7947996E+01  8.2154322E+01  9.4734161E-04  5.9005000E-01  5.9005000E-01
  2.0799350E+02  3.8011092E+01  8.3019406E+01  9.4734161E-04  5.9593000E-01  5.9593000E-01
  2.0799350E+02  3.8070370E+01  8.3884490E+01  9.4734161E-04  6.0181000E-01  6.0181000E-01
  2.0799350E+02  3.8125722E+01  8.4749574E+01  9.4734161E-04  6.0769000E-01  6.0769000E-01
  2.0799350E+02  3.8176978E+01  8.5613187E+01  9.4734161E-04  6.1356000E-01  6.1356000E-01
  2.0799350E+02  0.0000000E+00  0.0000000E+00  1.7298593E-03  9.3988584E-03  9.3988584E-03
  2.0799350E+02  9.7504724E-01  1.1928272E+00  1.7298394E-03  1.5399000E-02  1.5399000E-02
  2.0799350E+02  1.5331900E+00  2.3868606E+00  1.7298394E-03  2.1405000E-02  2.1405000E-02
  2.0799350E+02  1.6983097E+00  3.5808941E+00  1.7298394E-03  2.7411000E-02  2.7411000E-02
  2.0799350E+02  1.4825971E+00  4.7751264E+00  1.7298394E-03  3.3418000E-02  3.3418000E-02
  2.0799350E+02  1.0111898E+00  5.9691599E+00  1.7298394E-03  3.9424000E-02  3.9424000E-02
  2.0799350E+02  2.5912955E-01  7.1633922E+00  1.7298394E-03  4.5431000E-02  4.5431000E-02
  2.0799350E+02  7.0858046E-01  8.3574257E+00  1.7298394E-03  5.1437000E-02  5.1437000E-02
  2.0799350E+02  1.8126366E+00  9.5514592E+00  1.7298394E-03  5.7443000E-02  5.7443000E-02
  2.0799350E+02  3.0726484E+00  1.0745691E+01  1.7298394E-03  6.3450000E-02  6.3450000E-02
  2.0799350E+02  4.4576926E+00  1.1939725E+01  1.7298394E-03  6.9456000E-02  6.9456000E-02
  2.0799350E+02  5.9434630E+00  1.3133957E+01  1.7298394E-03  7.5463000E-02  7.5463000E-02
  2.0799350E+02  7.4941104E+00  1.4327991E+01  1.7298394E-03  8.1469000E-02  8.1469000E-02
  2.0799350E+02  9.0648223E+00  1.5522024E+01  1.7298394E-03  8.7475000E-02  8.7475000E-02
  2.0799350E+02  1.0609132E+01  1.6716256E+01  1.7298394E-03  9.3482000E-02  9.3482000E-02
  2.0799350E+02  1.2085247E+01  1.7910290E+01  1.7298394E-03  9.9488000E-02  9.9488000E-02
  2.0799350E+02  1.3444881E+01  1.9103528E+01  1.7298394E-03  1.0549000E-01  1.0549000E-01
  2.0799350E+02  1.4654578E+01  2.0298357E+01  1.7298394E-03  1.1150000E-01  1.1150000E-01
  2.0799350E+02  1.5700843E+01  2.1493186E+01  1.7298394E-03  1.1751000E-01  1.1751000E-01
  2.0799350E+02  1.6584790E+01  2.2686026E+01  1.7298394E-03  1.2351000E-01  1.2351000E-01
  2.0799350E+02  1.7321530E+01  2.3880855E+01  1.7298394E-03  1.2952000E-01  1.2952000E-01
  2.0799350E+02  1.7927861E+01  2.5075684E+01  1.7298394E-03  1.3553000E-01  1.3553000E-01
  2.0799350E+02  1.8424739E+01  2.6268524E+01  1.7298394E-03  1.4153000E-01  1.4153000E-01
  2.0799350E+02  1.8836257E+01  2.7463353E+01  1.7298394E-03  1.4754000E-01  1.4754000E-01
  2.0799350E+02  1.9182333E+01  2.8658182E+01  1.7298394E-03  1.5355000E-01  1.5355000E-01
  2.0799350E+02  1.9479240E+01  2.9851022E+01  1.7298394E-03  1.5955000E-01  1.5955000E-01
  2.0799350E+02  1.9738361E+01  3.1045851E+01  1.7298394E-03  1.6556000E-01  1.6556000E-01
  2.0799350E+02  1.9968127E+01  3.2238692E+01  1.7298394E-03  1.7156000E-01  1.7156000E-01
  2.0799350E+02  2.0176422E+01  3.3433520E+01  1.7298394E-03  1.7757000E-01  1.7757000E-01
  2.0799350E+02  2.0369438E+01  3.4628349E+01  1.7298394E-03  1.8358000E-01  1.8358000E-01
  2.0799350E+02  2.0552366E+01  3.5821190E+01  1.7298394E-03  1.8958000E-01  1.8958000E-01
  2.0799350E+02  2.0729620E+01  3.7016019E+01  1.7298394E-03  1.9559000E-01  1.9559000E-01
  2.0799350E+02  2.0903005E+01  3.8210847E+01  1.7298394E-03  2.0160000E-01  2.0160000E-01
  2.0799350E+02  2.1073049E+01  3.9403688E+01  1.7298394E-03  2.0760000E-01  2.0760000E-01
  2.0799350E+02  2.1240421E+01  4.0598517E+01  1.7298394E-03  2.1361000E-01  2.1361000E-01
  2.0799350E+02  2.1404872E+01  4.1793345E+01  1.7298394E-03  2.1962000E-01  2.1962000E-01
  2.0799350E+02  2.1566627E+01  4.2986186E+01  1.7298394E-03  2.2562000E-01  2.2562000E-01
  2.0799350E+02  2.1727374E+01  4.4181015E+01  1.7298394E-03  2.3163000E-01  2.3163000E-01
  2.0799350E+02  2.1888387E+01  4.5375843E+01  1.7298394E-03  2.3764000E-01  2.3764000E-01
  2.0799350E+02  2.2050533E+01  4.6568684E+01  1.7298394E-03  2.4364000E-01  2.4364000E-01
  2.0799350E+02  2.2213782E+01  4.7763513E+01  1.7298394E-03  2.4965000E-01  2.4965000E-01
  2.0799350E+02  2.2377379E+01  4.8956353E+01  1.7298394E-03  2.5565000E-01  2.5565000E-01
  2.0799350E+02  2.2541685E+01  5.0151182E+01  1.7298394E-03  2.6166000E-01  2.6166000E-01
  2.0799350E+02  2.2706064E+01  5.1346011E+01  1.7298394E-03  2.6767000E-01  2.6767000E-01
  2.0799350E+02  2.2869837E+01  5.2538851E+01  1.7298394E-03  2.7367000E-01  2.7367000E-01
  2.0799350E+02  2.3033196E+01  5.3733680E+01  1.7298394E-03  2.7968000E-01  2.7968000E-01
  2.0799350E+02  2.3195607E+01  5.4928509E+01  1.7298394E-03  2.8569000E-01  2.8569000E-01
  2.0799350E+02  2.3356655E+01  5.6121350E+01  1.7298394E-03  2.9169000E-01  2.9169000E-01
  2.0799350E+02  2.3516815E+01  5.7316178E+01  1.7298394E-03  2.9770000E-01  2.9770000E-01
  2.0799350E+02  2.3675799E+01  5.8511007E+01  1.7298394E-03  3.0371000E-01  3.0371000E-01
  2.0799350E+02  2.3833306E+01  5.9703848E+01  1.7298394E-03  3.0971000E-01  3.0971000E-01
  2.0799350E+02  2.3989719E+01  6.0898676E+01  1.7298394E-03  3.1572000E-01  3.1572000E-01
  2.0799350E+02  2.4144192E+01  6.2091517E+01  1.7298394E-03  3.2172000E-01  3.2172000E-01
  2.0799350E+02  2.4296638E+01  6.3286346E+01  1.7298394E-03  3.2773000E-01  3.2773000E-01
  2.0799350E+02  2.4446324E+01  6.4481174E+01  1.7298394E-03  3.3374000E-01  3.3374000E-01
  2.0799350E+02  2.4592554E+01  6.5674015E+01  1.7298394E-03  3.3974000E-01  3.3974000E-01
  2.0799350E+02  2.4735889E+01  6.6868844E+01  1.7298394E-03  3.4575000E-01  3.4575000E-01
  2.0799350E+02  2.4876649E+01  6.8063672E+01  1.7298394E-03  3.5176000E-01  3.5176000E-01
  2.0799350E+02  2.5015061E+01  6.9256513E+01  1.7298394E-03  3.5776000E-01  3.5776000E-01
  2.0799350E+02  2.5151844E+01  7.0451342E+01  1.7298394E-03  3.6377000E-01  3.6377000E-01
  2.0799350E+02  2.5286801E+01  7.1646170E+01  1.7298394E-03  3.6978000E-01  3.6978000E-01
  2.0799350E+02  2.5419543E+01  7.2839011E+01  1.7298394E-03  3.7578000E-01  3.7578000E-01
  2.0799350E+02  2.5550194E+01  7.4033840E+01  1.7298394E-03  3.8179000E-01  3.8179000E-01
  2.0799350E+02  2.5678142E+01  7.5228669E+01  1.7298394E-03  3.8780000E-01  3.8780000E-01
  2.0799350E+02  2.5802812E+01  7.6421509E+01  1.7298394E-03  3.9380000E-01  3.9380000E-01
  2.0799350E+02  2.5924354E+01  7.7616338E+01  1.7298394E-03  3.9981000E-01  3.9981000E-01
  2.0799350E+02  2.6042274E+01  7.8809179E+01  1.7298394E-03  4.0581000E-01  4.0581000E-01
  2.0799350E+02  2.6157102E+01  8.0004007E+01  1.7298394E-03  4.1182000E-01  4.1182000E-01
  2.0799350E+02  2.6269003E+01  8.1198836E+01  1.7298394E-03  4.1783000E-01  4.1783000E-01
  2.0799350E+02  2.6378353E+01  8.2391677E+01  1.7298394E-03  4.2383000E-01  4.2383000E-01
  2.0799350E+02  2.6485965E+01  8.3586505E+01  1.7298394E-03  4.2984000E-01  4.2984000E-01
  2.0799350E+02  2.6591343E+01  8.4781334E+01  1.7298394E-03  4.3585000E-01  4.3585000E-01
  2.0799350E+02  2.6694795E+01  8.5974175E+01  1.7298394E-03  4.4185000E-01  4.4185000E-01
  2.0799350E+02  2.6796815E+01  8.7169003E+01  1.7298394E-03  4.4786000E-01  4.4786000E-01
  2.0799350E+02  2.6897290E+01  8.8363832E+01  1.7298394E-03  4.5387000E-01  4.5387000E-01
  2.0799350E+02  2.6996086E+01  8.9556673E+01  1.7298394E-03  4.5987000E-01  4.5987000E-01
  2.0799350E+02  2.7093556E+01  9.0751501E+01  1.7298394E-03  4.6588000E-01  4.6588000E-01
  2.0799350E+02  2.7189404E+01  9.1944342E+01  1.7298394E-03  4.7188000E-01  4.7188000E-01
  2.0799350E+02  2.7283985E+01  9.3139171E+01  1.7298394E-03  4.7789000E-01  4.7789000E-01
  2.0799350E+02  2.7377160E+01  9.4334000E+01  1.7298394E-03  4.8390000E-01  4.8390000E-01
  2.0799350E+02  2.7468774E+01  9.5526840E+01  1.7298394E-03  4.8990000E-01  4.8990000E-01
  2.0799350E+02  2.7559077E+01  9.6721669E+01  1.7298394E-03  4.9591000E-01  4.9591000E-01
  2.0799350E+02  2.7647790E+01  9.7916498E+01  1.7298394E-03  5.0192000E-01  5.0192000E-01
  2.0799350E+02  2.7734564E+01  9.9109338E+01  1.7298394E-03  5.0792000E-01  5.0792000E-01
  2.0799350E+02  2.7819393E+01  1.0030417E+02  1.7298394E-03  5.1393000E-01  5.1393000E-01
  2.0799350E+02  2.7901756E+01  1.0149900E+02  1.7298394E-03  5.1994000E-01  5.1994000E-01
  2.0799350E+02  2.7981102E+01  1.0269184E+02  1.7298394E-03  5.2594000E-01  5.2594000E-01
  2.0799350E+02  2.8057466E+01  1.0388667E+02  1.7298394E-03  5.3195000E-01  5.3195000E-01
  2.0799350E+02  2.8130333E+01  1.0507951E+02  1.7298394E-03  5.3795000E-01  5.3795000E-01
  2.0799350E+02  2.8200265E+01  1.0627433E+02  1.7298394E-03  5.4396000E-01  5.4396000E-01
  2.0799350E+02  2.8267817E+01  1.0746916E+02  1.7298394E-03  5.4997000E-01  5.4997000E-01
  2.0799350E+02  2.8333292E+01  1.0866200E+02  1.7298394E-03  5.5597000E-01  5.5597000E-01
  2.0799350E+02  2.8397088E+01  1.0985683E+02  1.7298394E-03  5.6198000E-01  5.6198000E-01
  2.0799350E+02  2.8459082E+01  1.1105166E+02  1.7298394E-03  5.6799000E-01  5.6799000E-01
  2.0799350E+02  2.8519028E+01  1.1224450E+02  1.7298394E-03  5.7399000E-01  5.7399000E-01
  2.0799350E+02  2.8576891E+01  1.1343933E+02  1.7298394E-03  5.8000000E-01  5.8000000E-01
  2.0799350E+02  2.8632301E+01  1.1463416E+02  1.7298394E-03  5.8601000E-01  5.8601000E-01
  2.0799350E+02  2.8684918E+01  1.1582700E+02  1.7298394E-03  5.9201000E-01  5.9201000E-01
  2.0799350E+02  2.8734705E+01  1.1702183E+02  1.7298394E-03  5.9802000E-01  5.9802000E-01
  2.0799350E+02  2.8781429E+01  1.1821666E+02  1.7298394E-03  6.0403000E-01  6.0403000E-01
  2.0799350E+02  4.9098069E-05  4.9103771E-05  3.3993752E-03  5.7482000E-05  5.7482000E-05
  2.0799350E+02  1.2054465E+00  1.6890227E+00  3.3993752E-03  6.1178000E-03  6.1178000E-03
  2.0799350E+02  1.5357072E+00  3.3779635E+00  3.3993752E-03  1.2178000E-02  1.2178000E-02
  2.0799350E+02  1.3076838E+00  5.0668485E+00  3.3993752E-03  1.8238000E-02  1.8238000E-02
  2.0799350E+02  8.2016544E-01  6.7560122E+00  3.3993752E-03  2.4299000E-02  2.4299000E-02
  2.0799350E+02  2.5126655E-01  8.4448972E+00  3.3993752E-03  3.0359000E-02  3.0359000E-02
  2.0799350E+02  4.0438733E-01  1.0133782E+01  3.3993752E-03  3.6419000E-02  3.6419000E-02
  2.0799350E+02  1.1538316E+00  1.1822667E+01  3.3993752E-03  4.2479000E-02  4.2479000E-02
  2.0799350E+02  1.8726886E+00  1.3511831E+01  3.3993752E-03  4.8540000E-02  4.8540000E-02
  2.0799350E+02  2.6231923E+00  1.5200716E+01  3.3993752E-03  5.4600000E-02  5.4600000E-02
  2.0799350E+02  3.4080374E+00  1.6889601E+01  3.3993752E-03  6.0660000E-02  6.0660000E-02
  2.0799350E+02  4.2221992E+00  1.8578486E+01  3.3993752E-03  6.6720000E-02  6.6720000E-02
  2.0799350E+02  5.0592947E+00  2.0267650E+01  3.3993752E-03  7.2781000E-02  7.2781000E-02
  2.0799350E+02  5.9156795E+00  2.1956535E+01  3.3993752E-03  7.8841000E-02  7.8841000E-02
  2.0799350E+02  6.7880131E+00  2.3645420E+01  3.3993752E-03  8.4901000E-02  8.4901000E-02
  2.0799350E+02  7.6596700E+00  2.5334583E+01  3.3993752E-03  9.0962000E-02  9.0962000E-02
  2.0799350E+02  8.5018846E+00  2.7023468E+01  3.3993752E-03  9.7022000E-02  9.7022000E-02
  2.0799350E+02  9.2981913E+00  2.8711796E+01  3.3993752E-03  1.0308000E-01  1.0308000E-01
  2.0799350E+02  1.0040188E+01  3.0400681E+01  3.3993752E-03  1.0914000E-01  1.0914000E-01
  2.0799350E+02  1.0718903E+01  3.2089566E+01  3.3993752E-03  1.1520000E-01  1.1520000E-01
  2.0799350E+02  1.1327104E+01  3.3778451E+01  3.3993752E-03  1.2126000E-01  1.2126000E-01
  2.0799350E+02  1.1861075E+01  3.5467336E+01  3.3993752E-03  1.2732000E-01  1.2732000E-01
  2.0799350E+02  1.2322393E+01  3.7156221E+01  3.3993752E-03  1.3338000E-01  1.3338000E-01
  2.0799350E+02  1.2718367E+01  3.8845106E+01  3.3993752E-03  1.3944000E-01  1.3944000E-01
  2.0799350E+02  1.3060067E+01  4.0533991E+01  3.3993752E-03  1.4550000E-01  1.4550000E-01
  2.0799350E+02  1.3356872E+01  4.2222876E+01  3.3993752E-03  1.5156000E-01  1.5156000E-01
  2.0799350E+02  1.3612764E+01  4.3911761E+01  3.3993752E-03  1.5762000E-01  1.5762000E-01
  2.0799350E+02  1.3836780E+01  4.5600646E+01  3.3993752E-03  1.6368000E-01  1.6368000E-01
  2.0799350E+02  1.4037774E+01  4.7292318E+01  3.3993752E-03  1.6975000E-01  1.6975000E-01
  2.0799350E+02  1.4220971E+01  4.8981203E+01  3.3993752E-03  1.7581000E-01  1.7581000E-01
  2.0799350E+02  1.4390412E+01  5.0670088E+01  3.3993752E-03  1.8187000E-01  1.8187000E-01
  2.0799350E+02  1.4548683E+01  5.2358973E+01  3.3993752E-03  1.8793000E-01  1.8793000E-01
  2.0799350E+02  1.4697882E+01  5.4047858E+01  3.3993752E-03  1.9399000E-01  1.9399000E-01
  2.0799350E+02  1.4839889E+01  5.5736743E+01  3.3993752E-03  2.0005000E-01  2.0005000E-01
  2.0799350E+02  1.4976384E+01  5.7425628E+01  3.3993752E-03  2.0611000E-01  2.0611000E-01
  2.0799350E+02  1.5108735E+01  5.9114513E+01  3.3993752E-03  2.1217000E-01  2.1217000E-01
  2.0799350E+02  1.5237854E+01  6.0803398E+01  3.3993752E-03  2.1823000E-01  2.1823000E-01
  2.0799350E+02  1.5364127E+01  6.2492283E+01  3.3993752E-03  2.2429000E-01  2.2429000E-01
  2.0799350E+02  1.5487535E+01  6.4181168E+01  3.3993752E-03  2.3035000E-01  2.3035000E-01
  2.0799350E+02  1.5608505E+01  6.5870053E+01  3.3993752E-03  2.3641000E-01  2.3641000E-01
  2.0799350E+02  1.5728681E+01  6.7558938E+01  3.3993752E-03  2.4247000E-01  2.4247000E-01
  2.0799350E+02  1.5848800E+01  6.9247823E+01  3.3993752E-03  2.4853000E-01  2.4853000E-01
  2.0799350E+02  1.5969354E+01  7.0936708E+01  3.3993752E-03  2.5459000E-01  2.5459000E-01
  2.0799350E+02  1.6090604E+01  7.2625593E+01  3.3993752E-03  2.6065000E-01  2.6065000E-01
  2.0799350E+02  1.6212668E+01  7.4314478E+01  3.3993752E-03  2.6671000E-01  2.6671000E-01
  2.0799350E+02  1.6335559E+01  7.6003363E+01  3.3993752E-03  2.7277000E-01  2.7277000E-01
  2.0799350E+02  1.6459180E+01  7.7692248E+01  3.3993752E-03  2.7883000E-01  2.7883000E-01
  2.0799350E+02  1.6583306E+01  7.9381133E+01  3.3993752E-03  2.8489000E-01  2.8489000E-01
  2.0799350E+02  1.6707565E+01  8.1070018E+01  3.3993752E-03  2.9095000E-01  2.9095000E-01
  2.0799350E+02  1.6831441E+01  8.2758903E+01  3.3993752E-03  2.9701000E-01  2.9701000E-01
  2.0799350E+02  1.6954311E+01  8.4447788E+01  3.3993752E-03  3.0307000E-01  3.0307000E-01
  2.0799350E+02  1.7075546E+01  8.6136673E+01  3.3993752E-03  3.0913000E-01  3.0913000E-01
  2.0799350E+02  1.7194683E+01  8.7825558E+01  3.3993752E-03  3.1519000E-01  3.1519000E-01
  2.0799350E+02  1.7311704E+01  8.9514443E+01  3.3993752E-03  3.2125000E-01  3.2125000E-01
  2.0799350E+02  1.7427075E+01  9.1203328E+01  3.3993752E-03  3.2731000E-01  3.2731000E-01
  2.0799350E+02  1.7541367E+01  9.2892213E+01  3.3993752E-03  3.3337000E-01  3.3337000E-01
  2.0799350E+02  1.7653515E+01  9.4581098E+01  3.3993752E-03  3.3943000E-01  3.3943000E-01
  2.0799350E+02  1.7762914E+01  9.6269983E+01  3.3993752E-03  3.4549000E-01  3.4549000E-01
  2.0799350E+02  1.7869635E+01  9.7958868E+01  3.3993752E-03  3.5155000E-01  3.5155000E-01
  2.0799350E+02  1.7974085E+01  9.9647753E+01  3.3993752E-03  3.5761000E-01  3.5761000E-01
  2.0799350E+02  1.8076756E+01  1.0133664E+02  3.3993752E-03  3.6367000E-01  3.6367000E-01
  2.0799350E+02  1.8178059E+01  1.0302552E+02  3.3993752E-03  3.6973000E-01  3.6973000E-01
  2.0799350E+02  1.8278227E+01  1.0471441E+02  3.3993752E-03  3.7579000E-01  3.7579000E-01
  2.0799350E+02  1.8377278E+01  1.0640329E+02  3.3993752E-03  3.8185000E-01  3.8185000E-01
  2.0799350E+02  1.8475192E+01  1.0809496E+02  3.3993752E-03  3.8792000E-01  3.8792000E-01
  2.0799350E+02  1.8571319E+01  1.0978385E+02  3.3993752E-03  3.9398000E-01  3.9398000E-01
  2.0799350E+02  1.8665434E+01  1.1147273E+02  3.3993752E-03  4.0004000E-01  4.0004000E-01
  2.0799350E+02  1.8757191E+01  1.1316162E+02  3.3993752E-03  4.0610000E-01  4.0610000E-01
  2.0799350E+02  1.8846396E+01  1.1485050E+02  3.3993752E-03  4.1216000E-01  4.1216000E-01
  2.0799350E+02  1.8933120E+01  1.1653939E+02  3.3993752E-03  4.1822000E-01  4.1822000E-01
  2.0799350E+02  1.9017760E+01  1.1822827E+02  3.3993752E-03  4.2428000E-01  4.2428000E-01
  2.0799350E+02  1.9100531E+01  1.1991716E+02  3.3993752E-03  4.3034000E-01  4.3034000E-01
  2.0799350E+02  1.9181497E+01  1.2160604E+02  3.3993752E-03  4.3640000E-01  4.3640000E-01
  2.0799350E+02  1.9260756E+01  1.2329493E+02  3.3993752E-03  4.4246000E-01  4.4246000E-01
  2.0799350E+02  1.9338421E+01  1.2498381E+02  3.3993752E-03  4.4852000E-01  4.4852000E-01
  2.0799350E+02  1.9414602E+01  1.2667270E+02  3.3993752E-03  4.5458000E-01  4.5458000E-01
  2.0799350E+02  1.9489397E+01  1.2836158E+02  3.3993752E-03  4.6064000E-01  4.6064000E-01
  2.0799350E+02  1.9562887E+01  1.3005047E+02  3.3993752E-03  4.6670000E-01  4.6670000E-01
  2.0799350E+02  1.9635133E+01  1.3173935E+02  3.3993752E-03  4.7276000E-01  4.7276000E-01
  2.0799350E+02  1.9706186E+01  1.3342824E+02  3.3993752E-03  4.7882000E-01  4.7882000E-01
  2.0799350E+02  1.9776076E+01  1.3511712E+02  3.3993752E-03  4.8488000E-01  4.8488000E-01
  2.0799350E+02  1.9844821E+01  1.3680601E+02  3.3993752E-03  4.9094000E-01  4.9094000E-01
  2.0799350E+02  1.9912414E+01  1.3849489E+02  3.3993752E-03  4.9700000E-01  4.9700000E-01
  2.0799350E+02  1.9978814E+01  1.4018378E+02  3.3993752E-03  5.0306000E-01  5.0306000E-01
  2.0799350E+02  2.0043916E+01  1.4187266E+02  3.3993752E-03  5.0912000E-01  5.0912000E-01
  2.0799350E+02  2.0107525E+01  1.4356155E+02  3.3993752E-03  5.1518000E-01  5.1518000E-01
  2.0799350E+02  2.0169301E+01  1.4525043E+02  3.3993752E-03  5.2124000E-01  5.2124000E-01
  2.0799350E+02  2.0228939E+01  1.4693932E+02  3.3993752E-03  5.2730000E-01  5.2730000E-01
  2.0799350E+02  2.0286013E+01  1.4862820E+02  3.3993752E-03  5.3336000E-01  5.3336000E-01
  2.0799350E+02  2.0340485E+01  1.5031709E+02  3.3993752E-03  5.3942000E-01  5.3942000E-01
  2.0799350E+02  2.0392847E+01  1.5200597E+02  3.3993752E-03  5.4548000E-01  5.4548000E-01
  2.0799350E+02  2.0443470E+01  1.5369486E+02  3.3993752E-03  5.5154000E-01  5.5154000E-01
  2.0799350E+02  2.0492589E+01  1.5538374E+02  3.3993752E-03  5.5760000E-01  5.5760000E-01
  2.0799350E+02  2.0540302E+01  1.5707263E+02  3.3993752E-03  5.6366000E-01  5.6366000E-01
  2.0799350E+02  2.0586591E+01  1.5876151E+02  3.3993752E-03  5.6972000E-01  5.6972000E-01
  2.0799350E+02  2.0631348E+01  1.6045040E+02  3.3993752E-03  5.7578000E-01  5.7578000E-01
  2.0799350E+02  2.0674405E+01  1.6213928E+02  3.3993752E-03  5.8184000E-01  5.8184000E-01
  2.0799350E+02  2.0715575E+01  1.6382817E+02  3.3993752E-03  5.8790000E-01  5.8790000E-01
  2.0799350E+02  2.0754679E+01  1.6551705E+02  3.3993752E-03  5.9396000E-01  5.9396000E-01
  2.0799350E+02  2.0791579E+01  1.6720594E+02  3.3993752E-03  6.0002000E-01  6.0002000E-01
  2.0799350E+02  0.0000000E+00  0.0000000E+00  2.1890949E-03  9.3988584E-03  9.3988584E-03
  2.0799350E+02  5.3827000E-01  1.3418419E+00  2.1890480E-03  1.5399000E-02  1.5399000E-02
  2.0799350E+02  2.3776237E-01  2.6850407E+00  2.1890480E-03  2.1405000E-02  2.1405000E-02
  2.0799350E+02  9.7478069E-01  4.0282396E+00  2.1890480E-03  2.7411000E-02  2.7411000E-02
  2.0799350E+02  1.8157373E+00  5.3716622E+00  2.1890480E-03  3.3418000E-02  3.3418000E-02
  2.0799350E+02  2.6333904E+00  6.7148610E+00  2.1890480E-03  3.9424000E-02  3.9424000E-02
  2.0799350E+02  3.4037428E+00  8.0582836E+00  2.1890480E-03  4.5431000E-02  4.5431000E-02
  2.0799350E+02  4.1656374E+00  9.4014824E+00  2.1890480E-03  5.1437000E-02  5.1437000E-02
  2.0799350E+02  4.9316666E+00  1.0744681E+01  2.1890480E-03  5.7443000E-02  5.7443000E-02
  2.0799350E+02  5.7119417E+00  1.2088104E+01  2.1890480E-03  6.3450000E-02  6.3450000E-02
  2.0799350E+02  6.5016260E+00  1.3431303E+01  2.1890480E-03  6.9456000E-02  6.9456000E-02
  2.0799350E+02  7.2953158E+00  1.4774725E+01  2.1890480E-03  7.5463000E-02  7.5463000E-02
  2.0799350E+02  8.0899233E+00  1.6117924E+01  2.1890480E-03  8.1469000E-02  8.1469000E-02
  2.0799350E+02  8.8836345E+00  1.7461123E+01  2.1890480E-03  8.7475000E-02  8.7475000E-02
  2.0799350E+02  9.6705849E+00  1.8804546E+01  2.1890480E-03  9.3482000E-02  9.3482000E-02
  2.0799350E+02  1.0437468E+01  2.0147744E+01  2.1890480E-03  9.9488000E-02  9.9488000E-02
  2.0799350E+02  1.1174536E+01  2.1490049E+01  2.1890480E-03  1.0549000E-01  1.0549000E-01
  2.0799350E+02  1.1878456E+01  2.2834142E+01  2.1890480E-03  1.1150000E-01  1.1150000E-01
  2.0799350E+02  1.2544262E+01  2.4178236E+01  2.1890480E-03  1.1751000E-01  1.1751000E-01
  2.0799350E+02  1.3167039E+01  2.5520093E+01  2.1890480E-03  1.2351000E-01  1.2351000E-01
  2.0799350E+02  1.3746056E+01  2.6864186E+01  2.1890480E-03  1.2952000E-01  1.2952000E-01
  2.0799350E+02  1.4279322E+01  2.8208280E+01  2.1890480E-03  1.3553000E-01  1.3553000E-01
  2.0799350E+02  1.4767413E+01  2.9550137E+01  2.1890480E-03  1.4153000E-01  1.4153000E-01
  2.0799350E+02  1.5215393E+01  3.0894230E+01  2.1890480E-03  1.4754000E-01  1.4754000E-01
  2.0799350E+02  1.5627040E+01  3.2238324E+01  2.1890480E-03  1.5355000E-01  1.5355000E-01
  2.0799350E+02  1.6005809E+01  3.3580181E+01  2.1890480E-03  1.5955000E-01  1.5955000E-01
  2.0799350E+02  1.6354968E+01  3.4924274E+01  2.1890480E-03  1.6556000E-01  1.6556000E-01
  2.0799350E+02  1.6670227E+01  3.6266131E+01  2.1890480E-03  1.7156000E-01  1.7156000E-01
  2.0799350E+02  1.6953447E+01  3.7610224E+01  2.1890480E-03  1.7757000E-01  1.7757000E-01
  2.0799350E+02  1.7208759E+01  3.8954318E+01  2.1890480E-03  1.8358000E-01  1.8358000E-01
  2.0799350E+02  1.7441362E+01  4.0296175E+01  2.1890480E-03  1.8958000E-01  1.8958000E-01
  2.0799350E+02  1.7657196E+01  4.1640268E+01  2.1890480E-03  1.9559000E-01  1.9559000E-01
  2.0799350E+02  1.7860000E+01  4.2984362E+01  2.1890480E-03  2.0160000E-01  2.0160000E-01
  2.0799350E+02  1.8052431E+01  4.4326219E+01  2.1890480E-03  2.0760000E-01  2.0760000E-01
  2.0799350E+02  1.8237125E+01  4.5670312E+01  2.1890480E-03  2.1361000E-01  2.1361000E-01
  2.0799350E+02  1.8415134E+01  4.7014406E+01  2.1890480E-03  2.1962000E-01  2.1962000E-01
  2.0799350E+02  1.8587289E+01  4.8356263E+01  2.1890480E-03  2.2562000E-01  2.2562000E-01
  2.0799350E+02  1.8755208E+01  4.9700356E+01  2.1890480E-03  2.3163000E-01  2.3163000E-01
  2.0799350E+02  1.8919436E+01  5.1044450E+01  2.1890480E-03  2.3764000E-01  2.3764000E-01
  2.0799350E+02  1.9080179E+01  5.2386307E+01  2.1890480E-03  2.4364000E-01  2.4364000E-01
  2.0799350E+02  1.9238945E+01  5.3730400E+01  2.1890480E-03  2.4965000E-01  2.4965000E-01
  2.0799350E+02  1.9395586E+01  5.5072257E+01  2.1890480E-03  2.5565000E-01  2.5565000E-01
  2.0799350E+02  1.9551315E+01  5.6416351E+01  2.1890480E-03  2.6166000E-01  2.6166000E-01
  2.0799350E+02  1.9706660E+01  5.7760444E+01  2.1890480E-03  2.6767000E-01  2.6767000E-01
  2.0799350E+02  1.9862057E+01  5.9102301E+01  2.1890480E-03  2.7367000E-01  2.7367000E-01
  2.0799350E+02  2.0018469E+01  6.0446395E+01  2.1890480E-03  2.7968000E-01  2.7968000E-01
  2.0799350E+02  2.0175728E+01  6.1790488E+01  2.1890480E-03  2.8569000E-01  2.8569000E-01
  2.0799350E+02  2.0333260E+01  6.3132345E+01  2.1890480E-03  2.9169000E-01  2.9169000E-01
  2.0799350E+02  2.0490904E+01  6.4476439E+01  2.1890480E-03  2.9770000E-01  2.9770000E-01
  2.0799350E+02  2.0647429E+01  6.5820532E+01  2.1890480E-03  3.0371000E-01  3.0371000E-01
  2.0799350E+02  2.0801519E+01  6.7162389E+01  2.1890480E-03  3.0971000E-01  3.0971000E-01
  2.0799350E+02  2.0952814E+01  6.8506483E+01  2.1890480E-03  3.1572000E-01  3.1572000E-01
  2.0799350E+02  2.1100505E+01  6.9848340E+01  2.1890480E-03  3.2172000E-01  3.2172000E-01
  2.0799350E+02  2.1245845E+01  7.1192433E+01  2.1890480E-03  3.2773000E-01  3.2773000E-01
  2.0799350E+02  2.1389538E+01  7.2536526E+01  2.1890480E-03  3.3374000E-01  3.3374000E-01
  2.0799350E+02  2.1530805E+01  7.3878383E+01  2.1890480E-03  3.3974000E-01  3.3974000E-01
  2.0799350E+02  2.1669429E+01  7.5222477E+01  2.1890480E-03  3.4575000E-01  3.4575000E-01
  2.0799350E+02  2.1804491E+01  7.6566570E+01  2.1890480E-03  3.5176000E-01  3.5176000E-01
  2.0799350E+02  2.1935777E+01  7.7908427E+01  2.1890480E-03  3.5776000E-01  3.5776000E-01
  2.0799350E+02  2.2064161E+01  7.9252521E+01  2.1890480E-03  3.6377000E-01  3.6377000E-01
  2.0799350E+02  2.2190067E+01  8.0596614E+01  2.1890480E-03  3.6978000E-01  3.6978000E-01
  2.0799350E+02  2.2313949E+01  8.1938471E+01  2.1890480E-03  3.7578000E-01  3.7578000E-01
  2.0799350E+02  2.2436734E+01  8.3282565E+01  2.1890480E-03  3.8179000E-01  3.8179000E-01
  2.0799350E+02  2.2558475E+01  8.4626658E+01  2.1890480E-03  3.8780000E-01  3.8780000E-01
  2.0799350E+02  2.2678924E+01  8.5968515E+01  2.1890480E-03  3.9380000E-01  3.9380000E-01
  2.0799350E+02  2.2798131E+01  8.7312609E+01  2.1890480E-03  3.9981000E-01  3.9981000E-01
  2.0799350E+02  2.2915129E+01  8.8654466E+01  2.1890480E-03  4.0581000E-01  4.0581000E-01
  2.0799350E+02  2.3029672E+01  8.9998559E+01  2.1890480E-03  4.1182000E-01  4.1182000E-01
  2.0799350E+02  2.3141107E+01  9.1342653E+01  2.1890480E-03  4.1783000E-01  4.1783000E-01
  2.0799350E+02  2.3249329E+01  9.2684510E+01  2.1890480E-03  4.2383000E-01  4.2383000E-01
  2.0799350E+02  2.3355227E+01  9.4028603E+01  2.1890480E-03  4.2984000E-01  4.2984000E-01
  2.0799350E+02  2.3458176E+01  9.5372697E+01  2.1890480E-03  4.3585000E-01  4.3585000E-01
  2.0799350E+02  2.3558748E+01  9.6714554E+01  2.1890480E-03  4.4185000E-01  4.4185000E-01
  2.0799350E+02  2.3657163E+01  9.8058647E+01  2.1890480E-03  4.4786000E-01  4.4786000E-01
  2.0799350E+02  2.3753290E+01  9.9402741E+01  2.1890480E-03  4.5387000E-01  4.5387000E-01
  2.0799350E+02  2.3847097E+01  1.0074460E+02  2.1890480E-03  4.5987000E-01  4.5987000E-01
  2.0799350E+02  2.3939054E+01  1.0208869E+02  2.1890480E-03  4.6588000E-01  4.6588000E-01
  2.0799350E+02  2.4029011E+01  1.0343055E+02  2.1890480E-03  4.7188000E-01  4.7188000E-01
  2.0799350E+02  2.4117398E+01  1.0477464E+02  2.1890480E-03  4.7789000E-01  4.7789000E-01
  2.0799350E+02  2.4204158E+01  1.0611873E+02  2.1890480E-03  4.8390000E-01  4.8390000E-01
  2.0799350E+02  2.4289198E+01  1.0746059E+02  2.1890480E-03  4.8990000E-01  4.8990000E-01
  2.0799350E+02  2.4372803E+01  1.0880469E+02  2.1890480E-03  4.9591000E-01  4.9591000E-01
  2.0799350E+02  2.4454783E+01  1.1014878E+02  2.1890480E-03  5.0192000E-01  5.0192000E-01
  2.0799350E+02  2.4534916E+01  1.1149064E+02  2.1890480E-03  5.0792000E-01  5.0792000E-01
  2.0799350E+02  2.4613332E+01  1.1283473E+02  2.1890480E-03  5.1393000E-01  5.1393000E-01
  2.0799350E+02  2.4689708E+01  1.1417882E+02  2.1890480E-03  5.1994000E-01  5.1994000E-01
  2.0799350E+02  2.4763668E+01  1.1552068E+02  2.1890480E-03  5.2594000E-01  5.2594000E-01
  2.0799350E+02  2.4835236E+01  1.1686477E+02  2.1890480E-03  5.3195000E-01  5.3195000E-01
  2.0799350E+02  2.4903486E+01  1.1820663E+02  2.1890480E-03  5.3795000E-01  5.3795000E-01
  2.0799350E+02  2.4968879E+01  1.1955072E+02  2.1890480E-03  5.4396000E-01  5.4396000E-01
  2.0799350E+02  2.5031966E+01  1.2089482E+02  2.1890480E-03  5.4997000E-01  5.4997000E-01
  2.0799350E+02  2.5093069E+01  1.2223667E+02  2.1890480E-03  5.5597000E-01  5.5597000E-01
  2.0799350E+02  2.5152589E+01  1.2358077E+02  2.1890480E-03  5.6198000E-01  5.6198000E-01
  2.0799350E+02  2.5210424E+01  1.2492486E+02  2.1890480E-03  5.6799000E-01  5.6799000E-01
  2.0799350E+02  2.5266342E+01  1.2626672E+02  2.1890480E-03  5.7399000E-01  5.7399000E-01
  2.0799350E+02  2.5320298E+01  1.2761081E+02  2.1890480E-03  5.8000000E-01  5.8000000E-01
  2.0799350E+02  2.5371934E+01  1.2895491E+02  2.1890480E-03  5.8601000E-01  5.8601000E-01
  2.0799350E+02  2.5420935E+01  1.3029676E+02  2.1890480E-03  5.9201000E-01  5.9201000E-01
  2.0799350E+02  2.5467290E+01  1.3164086E+02  2.1890480E-03  5.9802000E-01  5.9802000E-01
  2.0799350E+02  2.5510836E+01  1.3298495E+02  2.1890480E-03  6.0403000E-01  6.0403000E-01
  2.0799350E+02  8.3564832E-04  8.6829221E-04  3.4547548E-03  3.1648000E-02  3.1648000E-02
  2.0799350E+02  1.6271185E+00  1.6523208E+00  3.4547548E-03  3.7526000E-02  3.7526000E-02
  2.0799350E+02  2.9994664E+00  3.3037732E+00  3.4547548E-03  4.3404000E-02  4.3404000E-02
  2.0799350E+02  3.9565806E+00  4.9552257E+00  3.4547548E-03  4.9282000E-02  4.9282000E-02
  2.0799350E+02  4.6649005E+00  6.6066782E+00  3.4547548E-03  5.5160000E-02  5.5160000E-02
  2.0799350E+02  5.2520653E+00  8.2581307E+00  3.4547548E-03  6.1038000E-02  6.1038000E-02
  2.0799350E+02  5.7762020E+00  9.9095831E+00  3.4547548E-03  6.6916000E-02  6.6916000E-02
  2.0799350E+02  6.2657130E+00  1.1561036E+01  3.4547548E-03  7.2794000E-02  7.2794000E-02
  2.0799350E+02  6.7346360E+00  1.3212488E+01  3.4547548E-03  7.8672000E-02  7.8672000E-02
  2.0799350E+02  7.1903353E+00  1.4863941E+01  3.4547548E-03  8.4550000E-02  8.4550000E-02
  2.0799350E+02  7.6397426E+00  1.6515393E+01  3.4547548E-03  9.0428000E-02  9.0428000E-02
  2.0799350E+02  8.0872751E+00  1.8166845E+01  3.4547548E-03  9.6306000E-02  9.6306000E-02
  2.0799350E+02  8.5334429E+00  1.9817174E+01  3.4547548E-03  1.0218000E-01  1.0218000E-01
  2.0799350E+02  8.9767241E+00  2.1469189E+01  3.4547548E-03  1.0806000E-01  1.0806000E-01
  2.0799350E+02  9.4127104E+00  2.3121203E+01  3.4547548E-03  1.1394000E-01  1.1394000E-01
  2.0799350E+02  9.8372905E+00  2.4773217E+01  3.4547548E-03  1.1982000E-01  1.1982000E-01
  2.0799350E+02  1.0247278E+01  2.6425232E+01  3.4547548E-03  1.2570000E-01  1.2570000E-01
  2.0799350E+02  1.0635998E+01  2.8074437E+01  3.4547548E-03  1.3157000E-01  1.3157000E-01
  2.0799350E+02  1.1004550E+01  2.9726451E+01  3.4547548E-03  1.3745000E-01  1.3745000E-01
  2.0799350E+02  1.1355150E+01  3.1378465E+01  3.4547548E-03  1.4333000E-01  1.4333000E-01
  2.0799350E+02  1.1690278E+01  3.3030480E+01  3.4547548E-03  1.4921000E-01  1.4921000E-01
  2.0799350E+02  1.2009878E+01  3.4679684E+01  3.4547548E-03  1.5508000E-01  1.5508000E-01
  2.0799350E+02  1.2313448E+01  3.6331699E+01  3.4547548E-03  1.6096000E-01  1.6096000E-01
  2.0799350E+02  1.2597794E+01  3.7983713E+01  3.4547548E-03  1.6684000E-01  1.6684000E-01
  2.0799350E+02  1.2860925E+01  3.9635728E+01  3.4547548E-03  1.7272000E-01  1.7272000E-01
  2.0799350E+02  1.3103417E+01  4.1287742E+01  3.4547548E-03  1.7860000E-01  1.7860000E-01
  2.0799350E+02  1.3327259E+01  4.2936947E+01  3.4547548E-03  1.8447000E-01  1.8447000E-01
  2.0799350E+02  1.3534965E+01  4.4588961E+01  3.4547548E-03  1.9035000E-01  1.9035000E-01
  2.0799350E+02  1.3727614E+01  4.6240976E+01  3.4547548E-03  1.9623000E-01  1.9623000E-01
  2.0799350E+02  1.3906200E+01  4.7892990E+01  3.4547548E-03  2.0211000E-01  2.0211000E-01
  2.0799350E+02  1.4072155E+01  4.9545004E+01  3.4547548E-03  2.0799000E-01  2.0799000E-01
  2.0799350E+02  1.4227071E+01  5.1194209E+01  3.4547548E-03  2.1386000E-01  2.1386000E-01
  2.0799350E+02  1.4373541E+01  5.2846224E+01  3.4547548E-03  2.1974000E-01  2.1974000E-01
  2.0799350E+02  1.4513319E+01  5.4498238E+01  3.4547548E-03  2.2562000E-01  2.2562000E-01
  2.0799350E+02  1.4648103E+01  5.6150252E+01  3.4547548E-03  2.3150000E-01  2.3150000E-01
  2.0799350E+02  1.4779060E+01  5.7802267E+01  3.4547548E-03  2.3738000E-01  2.3738000E-01
  2.0799350E+02  1.4906538E+01  5.9451472E+01  3.4547548E-03  2.4325000E-01  2.4325000E-01
  2.0799350E+02  1.5031078E+01  6.1103486E+01  3.4547548E-03  2.4913000E-01  2.4913000E-01
  2.0799350E+02  1.5152550E+01  6.2755500E+01  3.4547548E-03  2.5501000E-01  2.5501000E-01
  2.0799350E+02  1.5271561E+01  6.4407515E+01  3.4547548E-03  2.6089000E-01  2.6089000E-01
  2.0799350E+02  1.5388398E+01  6.6059529E+01  3.4547548E-03  2.6677000E-01  2.6677000E-01
  2.0799350E+02  1.5504134E+01  6.7708734E+01  3.4547548E-03  2.7264000E-01  2.7264000E-01
  2.0799350E+02  1.5620271E+01  6.9360748E+01  3.4547548E-03  2.7852000E-01  2.7852000E-01
  2.0799350E+02  1.5737161E+01  7.1012763E+01  3.4547548E-03  2.8440000E-01  2.8440000E-01
  2.0799350E+02  1.5854777E+01  7.2664777E+01  3.4547548E-03  2.9028000E-01  2.9028000E-01
  2.0799350E+02  1.5972633E+01  7.4316791E+01  3.4547548E-03  2.9616000E-01  2.9616000E-01
  2.0799350E+02  1.6089789E+01  7.5965996E+01  3.4547548E-03  3.0203000E-01  3.0203000E-01
  2.0799350E+02  1.6205877E+01  7.7618011E+01  3.4547548E-03  3.0791000E-01  3.0791000E-01
  2.0799350E+02  1.6320127E+01  7.9270025E+01  3.4547548E-03  3.1379000E-01  3.1379000E-01
  2.0799350E+02  1.6432312E+01  8.0922039E+01  3.4547548E-03  3.1967000E-01  3.1967000E-01
  2.0799350E+02  1.6542396E+01  8.2571244E+01  3.4547548E-03  3.2554000E-01  3.2554000E-01
  2.0799350E+02  1.6651145E+01  8.4223259E+01  3.4547548E-03  3.3142000E-01  3.3142000E-01
  2.0799350E+02  1.6758647E+01  8.5875273E+01  3.4547548E-03  3.3730000E-01  3.3730000E-01
  2.0799350E+02  1.6864443E+01  8.7527287E+01  3.4547548E-03  3.4318000E-01  3.4318000E-01
  2.0799350E+02  1.6967223E+01  8.9179302E+01  3.4547548E-03  3.4906000E-01  3.4906000E-01
  2.0799350E+02  1.7066993E+01  9.0828507E+01  3.4547548E-03  3.5493000E-01  3.5493000E-01
  2.0799350E+02  1.7164137E+01  9.2480521E+01  3.4547548E-03  3.6081000E-01  3.6081000E-01
  2.0799350E+02  1.7258966E+01  9.4132535E+01  3.4547548E-03  3.6669000E-01  3.6669000E-01
  2.0799350E+02  1.7352082E+01  9.5784550E+01  3.4547548E-03  3.7257000E-01  3.7257000E-01
  2.0799350E+02  1.7444030E+01  9.7436564E+01  3.4547548E-03  3.7845000E-01  3.7845000E-01
  2.0799350E+02  1.7535031E+01  9.9085769E+01  3.4547548E-03  3.8432000E-01  3.8432000E-01
  2.0799350E+02  1.7625554E+01  1.0073778E+02  3.4547548E-03  3.9020000E-01  3.9020000E-01
  2.0799350E+02  1.7715394E+01  1.0238980E+02  3.4547548E-03  3.9608000E-01  3.9608000E-01
  2.0799350E+02  1.7804325E+01  1.0404181E+02  3.4547548E-03  4.0196000E-01  4.0196000E-01
  2.0799350E+02  1.7892015E+01  1.0569383E+02  3.4547548E-03  4.0784000E-01  4.0784000E-01
  2.0799350E+02  1.7977960E+01  1.0734303E+02  3.4547548E-03  4.1371000E-01  4.1371000E-01
  2.0799350E+02  1.8062147E+01  1.0899505E+02  3.4547548E-03  4.1959000E-01  4.1959000E-01
  2.0799350E+02  1.8144249E+01  1.1064706E+02  3.4547548E-03  4.2547000E-01  4.2547000E-01
  2.0799350E+02  1.8224263E+01  1.1229907E+02  3.4547548E-03  4.3135000E-01  4.3135000E-01
  2.0799350E+02  1.8302383E+01  1.1395109E+02  3.4547548E-03  4.3723000E-01  4.3723000E-01
  2.0799350E+02  1.8378556E+01  1.1560029E+02  3.4547548E-03  4.4310000E-01  4.4310000E-01
  2.0799350E+02  1.8452796E+01  1.1725231E+02  3.4547548E-03  4.4898000E-01  4.4898000E-01
  2.0799350E+02  1.8525650E+01  1.1890432E+02  3.4547548E-03  4.5486000E-01  4.5486000E-01
  2.0799350E+02  1.8597045E+01  1.2055634E+02  3.4547548E-03  4.6074000E-01  4.6074000E-01
  2.0799350E+02  1.8666939E+01  1.2220835E+02  3.4547548E-03  4.6662000E-01  4.6662000E-01
  2.0799350E+02  1.8735200E+01  1.2385756E+02  3.4547548E-03  4.7249000E-01  4.7249000E-01
  2.0799350E+02  1.8802067E+01  1.2550957E+02  3.4547548E-03  4.7837000E-01  4.7837000E-01
  2.0799350E+02  1.8867441E+01  1.2716158E+02  3.4547548E-03  4.8425000E-01  4.8425000E-01
  2.0799350E+02  1.8931352E+01  1.2881360E+02  3.4547548E-03  4.9013000E-01  4.9013000E-01
  2.0799350E+02  1.8993725E+01  1.3046280E+02  3.4547548E-03  4.9600000E-01  4.9600000E-01
  2.0799350E+02  1.9054795E+01  1.3211482E+02  3.4547548E-03  5.0188000E-01  5.0188000E-01
  2.0799350E+02  1.9114460E+01  1.3376683E+02  3.4547548E-03  5.0776000E-01  5.0776000E-01
  2.0799350E+02  1.9172705E+01  1.3541885E+02  3.4547548E-03  5.1364000E-01  5.1364000E-01
  2.0799350E+02  1.9229482E+01  1.3707086E+02  3.4547548E-03  5.1952000E-01  5.1952000E-01
  2.0799350E+02  1.9284618E+01  1.3872007E+02  3.4547548E-03  5.2539000E-01  5.2539000E-01
  2.0799350E+02  1.9338180E+01  1.4037208E+02  3.4547548E-03  5.3127000E-01  5.3127000E-01
  2.0799350E+02  1.9389912E+01  1.4202410E+02  3.4547548E-03  5.3715000E-01  5.3715000E-01
  2.0799350E+02  1.9439688E+01  1.4367611E+02  3.4547548E-03  5.4303000E-01  5.4303000E-01
  2.0799350E+02  1.9487498E+01  1.4532812E+02  3.4547548E-03  5.4891000E-01  5.4891000E-01
  2.0799350E+02  1.9533646E+01  1.4697733E+02  3.4547548E-03  5.5478000E-01  5.5478000E-01
  2.0799350E+02  1.9578612E+01  1.4862934E+02  3.4547548E-03  5.6066000E-01  5.6066000E-01
  2.0799350E+02  1.9622388E+01  1.5028136E+02  3.4547548E-03  5.6654000E-01  5.6654000E-01
  2.0799350E+02  1.9664879E+01  1.5193337E+02  3.4547548E-03  5.7242000E-01  5.7242000E-01
  2.0799350E+02  1.9705896E+01  1.5358539E+02  3.4547548E-03  5.7830000E-01  5.7830000E-01
  2.0799350E+02  1.9745157E+01  1.5523459E+02  3.4547548E-03  5.8417000E-01  5.8417000E-01
  2.0799350E+02  1.9782595E+01  1.5688661E+02  3.4547548E-03  5.9005000E-01  5.9005000E-01
  2.0799350E+02  1.9817997E+01  1.5853862E+02  3.4547548E-03  5.9593000E-01  5.9593000E-01
  2.0799350E+02  1.9851288E+01  1.6019063E+02  3.4547548E-03  6.0181000E-01  6.0181000E-01
  2.0799350E+02  1.9882474E+01  1.6184265E+02  3.4547548E-03  6.0769000E-01  6.0769000E-01
  2.0799350E+02  1.9911574E+01  1.6349185E+02  3.4547548E-03  6.1356000E-01  6.1356000E-01
  2.0799350E+02  0.0000000E+00  0.0000000E+00  1.2170953E-02  6.3809368E-02  6.3809368E-02
  2.0799350E+02  2.3888872E+00  3.0002342E+00  1.2171021E-02  6.9499000E-02  6.9499000E-02
  2.0799350E+02  3.7581062E+00  6.0018585E+00  1.2171021E-02  7.5191000E-02  7.5191000E-02
  2.0799350E+02  4.4303591E+00  9.0034828E+00  1.2171021E-02  8.0883000E-02  8.0883000E-02
  2.0799350E+02  4.7980565E+00  1.2005634E+01  1.2171021E-02  8.6576000E-02  8.6576000E-02
  2.0799350E+02  5.0451504E+00  1.5007259E+01  1.2171021E-02  9.2268000E-02  9.2268000E-02
  2.0799350E+02  5.2387892E+00  1.8008883E+01  1.2171021E-02  9.7960000E-02  9.7960000E-02
  2.0799350E+02  5.4062209E+00  2.1009453E+01  1.2171021E-02  1.0365000E-01  1.0365000E-01
  2.0799350E+02  5.5588656E+00  2.4010022E+01  1.2171021E-02  1.0934000E-01  1.0934000E-01
  2.0799350E+02  5.7040488E+00  2.7015865E+01  1.2171021E-02  1.1504000E-01  1.1504000E-01
  2.0799350E+02  5.8447214E+00  3.0016435E+01  1.2171021E-02  1.2073000E-01  1.2073000E-01
  2.0799350E+02  5.9828118E+00  3.3017004E+01  1.2171021E-02  1.2642000E-01  1.2642000E-01
  2.0799350E+02  6.1194074E+00  3.6017574E+01  1.2171021E-02  1.3211000E-01  1.3211000E-01
  2.0799350E+02  6.2555433E+00  3.9023417E+01  1.2171021E-02  1.3781000E-01  1.3781000E-01
  2.0799350E+02  6.3910320E+00  4.2023987E+01  1.2171021E-02  1.4350000E-01  1.4350000E-01
  2.0799350E+02  6.5258026E+00  4.5024556E+01  1.2171021E-02  1.4919000E-01  1.4919000E-01
  2.0799350E+02  6.6587451E+00  4.8025126E+01  1.2171021E-02  1.5488000E-01  1.5488000E-01
  2.0799350E+02  6.7886323E+00  5.1030969E+01  1.2171021E-02  1.6058000E-01  1.6058000E-01
  2.0799350E+02  6.9145908E+00  5.4031538E+01  1.2171021E-02  1.6627000E-01  1.6627000E-01
  2.0799350E+02  7.0364829E+00  5.7032108E+01  1.2171021E-02  1.7196000E-01  1.7196000E-01
  2.0799350E+02  7.1537129E+00  6.0032678E+01  1.2171021E-02  1.7765000E-01  1.7765000E-01
  2.0799350E+02  7.2655762E+00  6.3033247E+01  1.2171021E-02  1.8334000E-01  1.8334000E-01
  2.0799350E+02  7.3717320E+00  6.6039090E+01  1.2171021E-02  1.8904000E-01  1.8904000E-01
  2.0799350E+02  7.4717109E+00  6.9039660E+01  1.2171021E-02  1.9473000E-01  1.9473000E-01
  2.0799350E+02  7.5660050E+00  7.2040230E+01  1.2171021E-02  2.0042000E-01  2.0042000E-01
  2.0799350E+02  7.6547911E+00  7.5040799E+01  1.2171021E-02  2.0611000E-01  2.0611000E-01
  2.0799350E+02  7.7378206E+00  7.8046642E+01  1.2171021E-02  2.1181000E-01  2.1181000E-01
  2.0799350E+02  7.8156536E+00  8.1047212E+01  1.2171021E-02  2.1750000E-01  2.1750000E-01
  2.0799350E+02  7.8895263E+00  8.4047781E+01  1.2171021E-02  2.2319000E-01  2.2319000E-01
  2.0799350E+02  7.9601182E+00  8.7048351E+01  1.2171021E-02  2.2888000E-01  2.2888000E-01
  2.0799350E+02  8.0278924E+00  9.0054194E+01  1.2171021E-02  2.3458000E-01  2.3458000E-01
  2.0799350E+02  8.0927877E+00  9.3054764E+01  1.2171021E-02  2.4027000E-01  2.4027000E-01
  2.0799350E+02  8.1550603E+00  9.6055333E+01  1.2171021E-02  2.4596000E-01  2.4596000E-01
  2.0799350E+02  8.2148967E+00  9.9055903E+01  1.2171021E-02  2.5165000E-01  2.5165000E-01
  2.0799350E+02  8.2725913E+00  1.0205647E+02  1.2171021E-02  2.5734000E-01  2.5734000E-01
  2.0799350E+02  8.3286615E+00  1.0506232E+02  1.2171021E-02  2.6304000E-01  2.6304000E-01
  2.0799350E+02  8.3834354E+00  1.0806288E+02  1.2171021E-02  2.6873000E-01  2.6873000E-01
  2.0799350E+02  8.4375765E+00  1.1106345E+02  1.2171021E-02  2.7442000E-01  2.7442000E-01
  2.0799350E+02  8.4915815E+00  1.1406402E+02  1.2171021E-02  2.8011000E-01  2.8011000E-01
  2.0799350E+02  8.5457005E+00  1.1706987E+02  1.2171021E-02  2.8581000E-01  2.8581000E-01
  2.0799350E+02  8.6000951E+00  1.2007044E+02  1.2171021E-02  2.9150000E-01  2.9150000E-01
  2.0799350E+02  8.6546439E+00  1.2307101E+02  1.2171021E-02  2.9719000E-01  2.9719000E-01
  2.0799350E+02  8.7089157E+00  1.2607158E+02  1.2171021E-02  3.0288000E-01  3.0288000E-01
  2.0799350E+02  8.7627487E+00  1.2907742E+02  1.2171021E-02  3.0858000E-01  3.0858000E-01
  2.0799350E+02  8.8158781E+00  1.3207799E+02  1.2171021E-02  3.1427000E-01  3.1427000E-01
  2.0799350E+02  8.8684578E+00  1.3507856E+02  1.2171021E-02  3.1996000E-01  3.1996000E-01
  2.0799350E+02  8.9206069E+00  1.3807913E+02  1.2171021E-02  3.2565000E-01  3.2565000E-01
  2.0799350E+02  8.9725110E+00  1.4108497E+02  1.2171021E-02  3.3135000E-01  3.3135000E-01
  2.0799350E+02  9.0239827E+00  1.4408554E+02  1.2171021E-02  3.3704000E-01  3.3704000E-01
  2.0799350E+02  9.0749591E+00  1.4708611E+02  1.2171021E-02  3.4273000E-01  3.4273000E-01
  2.0799350E+02  9.1251373E+00  1.5008668E+02  1.2171021E-02  3.4842000E-01  3.4842000E-01
  2.0799350E+02  9.1741304E+00  1.5308725E+02  1.2171021E-02  3.5411000E-01  3.5411000E-01
  2.0799350E+02  9.2217008E+00  1.5609309E+02  1.2171021E-02  3.5981000E-01  3.5981000E-01
  2.0799350E+02  9.2676846E+00  1.5909366E+02  1.2171021E-02  3.6550000E-01  3.6550000E-01
  2.0799350E+02  9.3125088E+00  1.6209423E+02  1.2171021E-02  3.7119000E-01  3.7119000E-01
  2.0799350E+02  9.3563938E+00  1.6509480E+02  1.2171021E-02  3.7688000E-01  3.7688000E-01
  2.0799350E+02  9.3999433E+00  1.6810064E+02  1.2171021E-02  3.8258000E-01  3.8258000E-01
  2.0799350E+02  9.4432545E+00  1.7110121E+02  1.2171021E-02  3.8827000E-01  3.8827000E-01
  2.0799350E+02  9.4864868E+00  1.7410178E+02  1.2171021E-02  3.9396000E-01  3.9396000E-01
  2.0799350E+02  9.5295866E+00  1.7710235E+02  1.2171021E-02  3.9965000E-01  3.9965000E-01
  2.0799350E+02  9.5724807E+00  1.8010820E+02  1.2171021E-02  4.0535000E-01  4.0535000E-01
  2.0799350E+02  9.6148219E+00  1.8310877E+02  1.2171021E-02  4.1104000E-01  4.1104000E-01
  2.0799350E+02  9.6564879E+00  1.8610934E+02  1.2171021E-02  4.1673000E-01  4.1673000E-01
  2.0799350E+02  9.6973198E+00  1.8910990E+02  1.2171021E-02  4.2242000E-01  4.2242000E-01
  2.0799350E+02  9.7372291E+00  1.9211047E+02  1.2171021E-02  4.2811000E-01  4.2811000E-01
  2.0799350E+02  9.7762806E+00  1.9511632E+02  1.2171021E-02  4.3381000E-01  4.3381000E-01
  2.0799350E+02  9.8144154E+00  1.9811689E+02  1.2171021E-02  4.3950000E-01  4.3950000E-01
  2.0799350E+02  9.8518309E+00  2.0111746E+02  1.2171021E-02  4.4519000E-01  4.4519000E-01
  2.0799350E+02  9.8886443E+00  2.0411803E+02  1.2171021E-02  4.5088000E-01  4.5088000E-01
  2.0799350E+02  9.9249280E+00  2.0712387E+02  1.2171021E-02  4.5658000E-01  4.5658000E-01
  2.0799350E+02  9.9603797E+00  2.1012444E+02  1.2171021E-02  4.6227000E-01  4.6227000E-01
  2.0799350E+02  9.9950488E+00  2.1312501E+02  1.2171021E-02  4.6796000E-01  4.6796000E-01
  2.0799350E+02  1.0028965E+01  2.1612558E+02  1.2171021E-02  4.7365000E-01  4.7365000E-01
  2.0799350E+02  1.0062249E+01  2.1913142E+02  1.2171021E-02  4.7935000E-01  4.7935000E-01
  2.0799350E+02  1.0094795E+01  2.2213199E+02  1.2171021E-02  4.8504000E-01  4.8504000E-01
  2.0799350E+02  1.0126641E+01  2.2513256E+02  1.2171021E-02  4.9073000E-01  4.9073000E-01
  2.0799350E+02  1.0157753E+01  2.2813313E+02  1.2171021E-02  4.9642000E-01  4.9642000E-01
  2.0799350E+02  1.0188095E+01  2.3113370E+02  1.2171021E-02  5.0211000E-01  5.0211000E-01
  2.0799350E+02  1.0217690E+01  2.3413954E+02  1.2171021E-02  5.0781000E-01  5.0781000E-01
  2.0799350E+02  1.0246419E+01  2.3714011E+02  1.2171021E-02  5.1350000E-01  5.1350000E-01
  2.0799350E+02  1.0274328E+01  2.4014068E+02  1.2171021E-02  5.1919000E-01  5.1919000E-01
  2.0799350E+02  1.0301425E+01  2.4314125E+02  1.2171021E-02  5.2488000E-01  5.2488000E-01
  2.0799350E+02  1.0327771E+01  2.4614709E+02  1.2171021E-02  5.3058000E-01  5.3058000E-01
  2.0799350E+02  1.0353296E+01  2.4914766E+02  1.2171021E-02  5.3627000E-01  5.3627000E-01
  2.0799350E+02  1.0378069E+01  2.5214823E+02  1.2171021E-02  5.4196000E-01  5.4196000E-01
  2.0799350E+02  1.0402107E+01  2.5514880E+02  1.2171021E-02  5.4765000E-01  5.4765000E-01
  2.0799350E+02  1.0425464E+01  2.5815465E+02  1.2171021E-02  5.5335000E-01  5.5335000E-01
  2.0799350E+02  1.0448076E+01  2.6115522E+02  1.2171021E-02  5.5904000E-01  5.5904000E-01
  2.0799350E+02  1.0470030E+01  2.6415579E+02  1.2171021E-02  5.6473000E-01  5.6473000E-01
  2.0799350E+02  1.0491329E+01  2.6715635E+02  1.2171021E-02  5.7042000E-01  5.7042000E-01
  2.0799350E+02  1.0511927E+01  2.7015692E+02  1.2171021E-02  5.7611000E-01  5.7611000E-01
  2.0799350E+02  1.0531776E+01  2.7316277E+02  1.2171021E-02  5.8181000E-01  5.8181000E-01
  2.0799350E+02  1.0550719E+01  2.7616334E+02  1.2171021E-02  5.8750000E-01  5.8750000E-01
  2.0799350E+02  1.0568722E+01  2.7916391E+02  1.2171021E-02  5.9319000E-01  5.9319000E-01
  2.0799350E+02  1.0585735E+01  2.8216448E+02  1.2171021E-02  5.9888000E-01  5.9888000E-01
  2.0799350E+02  1.0601764E+01  2.8517032E+02  1.2171021E-02  6.0458000E-01  6.0458000E-01
  2.0799350E+02  1.0616752E+01  2.8817089E+02  1.2171021E-02  6.1027000E-01  6.1027000E-01
  2.0799350E+02  1.0630742E+01  2.9117146E+02  1.2171021E-02  6.1596000E-01  6.1596000E-01
  2.0799350E+02  1.0643749E+01  2.9417203E+02  1.2171021E-02  6.2165000E-01  6.2165000E-01
  2.0799350E+02  1.0655804E+01  2.9717787E+02  1.2171021E-02  6.2735000E-01  6.2735000E-01
  2.0799350E+02  3.9005279E-03  3.9630525E-03  1.6158319E-02  8.6062000E-02  8.6062000E-02
  2.0799350E+02  2.7834702E+00  3.3847135E+00  1.6158319E-02  9.1626000E-02  9.1626000E-02
  2.0799350E+02  4.4115716E+00  6.7654639E+00  1.6158319E-02  9.7190000E-02  9.7190000E-02
  2.0799350E+02  5.1750123E+00  1.0143784E+01  1.6158319E-02  1.0275000E-01  1.0275000E-01
  2.0799350E+02  5.5277059E+00  1.3528180E+01  1.6158319E-02  1.0832000E-01  1.0832000E-01
  2.0799350E+02  5.7156270E+00  1.6906500E+01  1.6158319E-02  1.1388000E-01  1.1388000E-01
  2.0799350E+02  5.8349078E+00  2.0290896E+01  1.6158319E-02  1.1945000E-01  1.1945000E-01
  2.0799350E+02  5.9240855E+00  2.3669216E+01  1.6158319E-02  1.2501000E-01  1.2501000E-01
  2.0799350E+02  5.9997096E+00  2.7047536E+01  1.6158319E-02  1.3057000E-01  1.3057000E-01
  2.0799350E+02  6.0701724E+00  3.0431932E+01  1.6158319E-02  1.3614000E-01  1.3614000E-01
  2.0799350E+02  6.1396719E+00  3.3810252E+01  1.6158319E-02  1.4170000E-01  1.4170000E-01
  2.0799350E+02  6.2105862E+00  3.7188572E+01  1.6158319E-02  1.4726000E-01  1.4726000E-01
  2.0799350E+02  6.2838182E+00  4.0572968E+01  1.6158319E-02  1.5283000E-01  1.5283000E-01
  2.0799350E+02  6.3587081E+00  4.3951288E+01  1.6158319E-02  1.5839000E-01  1.5839000E-01
  2.0799350E+02  6.4344036E+00  4.7335684E+01  1.6158319E-02  1.6396000E-01  1.6396000E-01
  2.0799350E+02  6.5098148E+00  5.0714004E+01  1.6158319E-02  1.6952000E-01  1.6952000E-01
  2.0799350E+02  6.5846001E+00  5.4092324E+01  1.6158319E-02  1.7508000E-01  1.7508000E-01
  2.0799350E+02  6.6585491E+00  5.7476720E+01  1.6158319E-02  1.8065000E-01  1.8065000E-01
  2.0799350E+02  6.7306054E+00  6.0855040E+01  1.6158319E-02  1.8621000E-01  1.8621000E-01
  2.0799350E+02  6.8003914E+00  6.4239436E+01  1.6158319E-02  1.9178000E-01  1.9178000E-01
  2.0799350E+02  6.8675510E+00  6.7617756E+01  1.6158319E-02  1.9734000E-01  1.9734000E-01
  2.0799350E+02  6.9325670E+00  7.0996076E+01  1.6158319E-02  2.0290000E-01  2.0290000E-01
  2.0799350E+02  6.9960552E+00  7.4380472E+01  1.6158319E-02  2.0847000E-01  2.0847000E-01
  2.0799350E+02  7.0580770E+00  7.7758792E+01  1.6158319E-02  2.1403000E-01  2.1403000E-01
  2.0799350E+02  7.1186080E+00  8.1137112E+01  1.6158319E-02  2.1959000E-01  2.1959000E-01
  2.0799350E+02  7.1773117E+00  8.4521508E+01  1.6158319E-02  2.2516000E-01  2.2516000E-01
  2.0799350E+02  7.2338527E+00  8.7899828E+01  1.6158319E-02  2.3072000E-01  2.3072000E-01
  2.0799350E+02  7.2888196E+00  9.1284224E+01  1.6158319E-02  2.3629000E-01  2.3629000E-01
  2.0799350E+02  7.3418510E+00  9.4662544E+01  1.6158319E-02  2.4185000E-01  2.4185000E-01
  2.0799350E+02  7.3928215E+00  9.8040864E+01  1.6158319E-02  2.4741000E-01  2.4741000E-01
  2.0799350E+02  7.4417530E+00  1.0142526E+02  1.6158319E-02  2.5298000E-01  2.5298000E-01
  2.0799350E+02  7.4886209E+00  1.0480358E+02  1.6158319E-02  2.5854000E-01  2.5854000E-01
  2.0799350E+02  7.5339334E+00  1.0818798E+02  1.6158319E-02  2.6411000E-01  2.6411000E-01
  2.0799350E+02  7.5779738E+00  1.1156630E+02  1.6158319E-02  2.6967000E-01  2.6967000E-01
  2.0799350E+02  7.6212730E+00  1.1494462E+02  1.6158319E-02  2.7523000E-01  2.7523000E-01
  2.0799350E+02  7.6642600E+00  1.1832901E+02  1.6158319E-02  2.8080000E-01  2.8080000E-01
  2.0799350E+02  7.7069687E+00  1.2170733E+02  1.6158319E-02  2.8636000E-01  2.8636000E-01
  2.0799350E+02  7.7494955E+00  1.2508565E+02  1.6158319E-02  2.9192000E-01  2.9192000E-01
  2.0799350E+02  7.7918495E+00  1.2847005E+02  1.6158319E-02  2.9749000E-01  2.9749000E-01
  2.0799350E+02  7.8338193E+00  1.3184837E+02  1.6158319E-02  3.0305000E-01  3.0305000E-01
  2.0799350E+02  7.8757105E+00  1.3523276E+02  1.6158319E-02  3.0862000E-01  3.0862000E-01
  2.0799350E+02  7.9173547E+00  1.3861108E+02  1.6158319E-02  3.1418000E-01  3.1418000E-01
  2.0799350E+02  7.9588119E+00  1.4198940E+02  1.6158319E-02  3.1974000E-01  3.1974000E-01
  2.0799350E+02  8.0002000E+00  1.4537380E+02  1.6158319E-02  3.2531000E-01  3.2531000E-01
  2.0799350E+02  8.0413960E+00  1.4875212E+02  1.6158319E-02  3.3087000E-01  3.3087000E-01
  2.0799350E+02  8.0825165E+00  1.5213652E+02  1.6158319E-02  3.3644000E-01  3.3644000E-01
  2.0799350E+02  8.1233164E+00  1.5551484E+02  1.6158319E-02  3.4200000E-01  3.4200000E-01
  2.0799350E+02  8.1637206E+00  1.5889316E+02  1.6158319E-02  3.4756000E-01  3.4756000E-01
  2.0799350E+02  8.2036280E+00  1.6227755E+02  1.6158319E-02  3.5313000E-01  3.5313000E-01
  2.0799350E+02  8.2427359E+00  1.6565587E+02  1.6158319E-02  3.5869000E-01  3.5869000E-01
  2.0799350E+02  8.2810046E+00  1.6903419E+02  1.6158319E-02  3.6425000E-01  3.6425000E-01
  2.0799350E+02  8.3184630E+00  1.7241859E+02  1.6158319E-02  3.6982000E-01  3.6982000E-01
  2.0799350E+02  8.3550226E+00  1.7579691E+02  1.6158319E-02  3.7538000E-01  3.7538000E-01
  2.0799350E+02  8.3909314E+00  1.7918130E+02  1.6158319E-02  3.8095000E-01  3.8095000E-01
  2.0799350E+02  8.4261094E+00  1.8255962E+02  1.6158319E-02  3.8651000E-01  3.8651000E-01
  2.0799350E+02  8.4609235E+00  1.8593794E+02  1.6158319E-02  3.9207000E-01  3.9207000E-01
  2.0799350E+02  8.4957502E+00  1.8932234E+02  1.6158319E-02  3.9764000E-01  3.9764000E-01
  2.0799350E+02  8.5304802E+00  1.9270066E+02  1.6158319E-02  4.0320000E-01  4.0320000E-01
  2.0799350E+02  8.5651338E+00  1.9608506E+02  1.6158319E-02  4.0877000E-01  4.0877000E-01
  2.0799350E+02  8.5994309E+00  1.9946338E+02  1.6158319E-02  4.1433000E-01  4.1433000E-01
  2.0799350E+02  8.6332792E+00  2.0284170E+02  1.6158319E-02  4.1989000E-01  4.1989000E-01
  2.0799350E+02  8.6666190E+00  2.0622609E+02  1.6158319E-02  4.2546000E-01  4.2546000E-01
  2.0799350E+02  8.6992669E+00  2.0960441E+02  1.6158319E-02  4.3102000E-01  4.3102000E-01
  2.0799350E+02  8.7313379E+00  2.1298881E+02  1.6158319E-02  4.3659000E-01  4.3659000E-01
  2.0799350E+02  8.7627688E+00  2.1636713E+02  1.6158319E-02  4.4215000E-01  4.4215000E-01
  2.0799350E+02  8.7937039E+00  2.1974545E+02  1.6158319E-02  4.4771000E-01  4.4771000E-01
  2.0799350E+02  8.8242891E+00  2.2312984E+02  1.6158319E-02  4.5328000E-01  4.5328000E-01
  2.0799350E+02  8.8544711E+00  2.2650816E+02  1.6158319E-02  4.5884000E-01  4.5884000E-01
  2.0799350E+02  8.8842786E+00  2.2988648E+02  1.6158319E-02  4.6440000E-01  4.6440000E-01
  2.0799350E+02  8.9135988E+00  2.3327088E+02  1.6158319E-02  4.6997000E-01  4.6997000E-01
  2.0799350E+02  8.9420755E+00  2.3664920E+02  1.6158319E-02  4.7553000E-01  4.7553000E-01
  2.0799350E+02  8.9699230E+00  2.4003360E+02  1.6158319E-02  4.8110000E-01  4.8110000E-01
  2.0799350E+02  8.9970213E+00  2.4341192E+02  1.6158319E-02  4.8666000E-01  4.8666000E-01
  2.0799350E+02  9.0235313E+00  2.4679024E+02  1.6158319E-02  4.9222000E-01  4.9222000E-01
  2.0799350E+02  9.0495314E+00  2.5017463E+02  1.6158319E-02  4.9779000E-01  4.9779000E-01
  2.0799350E+02  9.0749127E+00  2.5355295E+02  1.6158319E-02  5.0335000E-01  5.0335000E-01
  2.0799350E+02  9.0997262E+00  2.5693735E+02  1.6158319E-02  5.0892000E-01  5.0892000E-01
  2.0799350E+02  9.1238382E+00  2.6031567E+02  1.6158319E-02  5.1448000E-01  5.1448000E-01
  2.0799350E+02  9.1472587E+00  2.6369399E+02  1.6158319E-02  5.2004000E-01  5.2004000E-01
  2.0799350E+02  9.1700118E+00  2.6707838E+02  1.6158319E-02  5.2561000E-01  5.2561000E-01
  2.0799350E+02  9.1920232E+00  2.7045670E+02  1.6158319E-02  5.3117000E-01  5.3117000E-01
  2.0799350E+02  9.2133646E+00  2.7383502E+02  1.6158319E-02  5.3673000E-01  5.3673000E-01
  2.0799350E+02  9.2341199E+00  2.7721942E+02  1.6158319E-02  5.4230000E-01  5.4230000E-01
  2.0799350E+02  9.2542682E+00  2.8059774E+02  1.6158319E-02  5.4786000E-01  5.4786000E-01
  2.0799350E+02  9.2739258E+00  2.8398214E+02  1.6158319E-02  5.5343000E-01  5.5343000E-01
  2.0799350E+02  9.2930349E+00  2.8736046E+02  1.6158319E-02  5.5899000E-01  5.5899000E-01
  2.0799350E+02  9.3115869E+00  2.9073878E+02  1.6158319E-02  5.6455000E-01  5.6455000E-01
  2.0799350E+02  9.3294854E+00  2.9412317E+02  1.6158319E-02  5.7012000E-01  5.7012000E-01
  2.0799350E+02  9.3466821E+00  2.9750149E+02  1.6158319E-02  5.7568000E-01  5.7568000E-01
  2.0799350E+02  9.3632774E+00  3.0088589E+02  1.6158319E-02  5.8125000E-01  5.8125000E-01
  2.0799350E+02  9.3791761E+00  3.0426421E+02  1.6158319E-02  5.8681000E-01  5.8681000E-01
  2.0799350E+02  9.3943601E+00  3.0764253E+02  1.6158319E-02  5.9237000E-01  5.9237000E-01
  2.0799350E+02  9.4088067E+00  3.1102692E+02  1.6158319E-02  5.9794000E-01  5.9794000E-01
  2.0799350E+02  9.4224237E+00  3.1440524E+02  1.6158319E-02  6.0350000E-01  6.0350000E-01
  2.0799350E+02  9.4352082E+00  3.1778356E+02  1.6158319E-02  6.0906000E-01  6.0906000E-01
  2.0799350E+02  9.4471627E+00  3.2116796E+02  1.6158319E-02  6.1463000E-01  6.1463000E-01
  2.0799350E+02  9.4582344E+00  3.2454628E+02  1.6158319E-02  6.2019000E-01  6.2019000E-01
  2.0799350E+02  9.4684589E+00  3.2793068E+02  1.6158319E-02  6.2576000E-01  6.2576000E-01
  2.0799350E+02  9.4777966E+00  3.3130900E+02  1.6158319E-02  6.3132000E-01  6.3132000E-01
  2.0799350E+02  9.4862630E+00  3.3468732E+02  1.6158319E-02  6.3688000E-01  6.3688000E-01
  2.0799350E+02  0.0000000E+00  0.0000000E+00  1.2135751E-02  9.5397240E-02  9.5397240E-02
  2.0799350E+02  2.7603573E+00  2.9028883E+00  1.2135750E-02  1.0091000E-01  1.0091000E-01
  2.0799350E+02  4.9120623E+00  5.8043231E+00  1.2135750E-02  1.0642000E-01  1.0642000E-01
  2.0799350E+02  6.2063161E+00  8.7057579E+00  1.2135750E-02  1.1193000E-01  1.1193000E-01
  2.0799350E+02  6.8702297E+00  1.1607193E+01  1.2135750E-02  1.1744000E-01  1.1744000E-01
  2.0799350E+02  7.2028212E+00  1.4508628E+01  1.2135750E-02  1.2295000E-01  1.2295000E-01
  2.0799350E+02  7.3813537E+00  1.7410062E+01  1.2135750E-02  1.2846000E-01  1.2846000E-01
  2.0799350E+02  7.4887557E+00  2.0311497E+01  1.2135750E-02  1.3397000E-01  1.3397000E-01
  2.0799350E+02  7.5636294E+00  2.3212932E+01  1.2135750E-02  1.3948000E-01  1.3948000E-01
  2.0799350E+02  7.6249582E+00  2.6114367E+01  1.2135750E-02  1.4499000E-01  1.4499000E-01
  2.0799350E+02  7.6825055E+00  2.9015802E+01  1.2135750E-02  1.5050000E-01  1.5050000E-01
  2.0799350E+02  7.7403859E+00  3.1917236E+01  1.2135750E-02  1.5601000E-01  1.5601000E-01
  2.0799350E+02  7.7994968E+00  3.4818671E+01  1.2135750E-02  1.6152000E-01  1.6152000E-01
  2.0799350E+02  7.8594286E+00  3.7720106E+01  1.2135750E-02  1.6703000E-01  1.6703000E-01
  2.0799350E+02  7.9197963E+00  4.0621541E+01  1.2135750E-02  1.7254000E-01  1.7254000E-01
  2.0799350E+02  7.9808519E+00  4.3522975E+01  1.2135750E-02  1.7805000E-01  1.7805000E-01
  2.0799350E+02  8.0428745E+00  4.6424410E+01  1.2135750E-02  1.8356000E-01  1.8356000E-01
  2.0799350E+02  8.1053634E+00  4.9325845E+01  1.2135750E-02  1.8907000E-01  1.8907000E-01
  2.0799350E+02  8.1676034E+00  5.2227280E+01  1.2135750E-02  1.9458000E-01  1.9458000E-01
  2.0799350E+02  8.2290698E+00  5.5128715E+01  1.2135750E-02  2.0009000E-01  2.0009000E-01
  2.0799350E+02  8.2895641E+00  5.8030149E+01  1.2135750E-02  2.0560000E-01  2.0560000E-01
  2.0799350E+02  8.3492398E+00  6.0931584E+01  1.2135750E-02  2.1111000E-01  2.1111000E-01
  2.0799350E+02  8.4085254E+00  6.3833019E+01  1.2135750E-02  2.1662000E-01  2.1662000E-01
  2.0799350E+02  8.4679493E+00  6.6734454E+01  1.2135750E-02  2.2213000E-01  2.2213000E-01
  2.0799350E+02  8.5278754E+00  6.9635889E+01  1.2135750E-02  2.2764000E-01  2.2764000E-01
  2.0799350E+02  8.5881543E+00  7.2537323E+01  1.2135750E-02  2.3315000E-01  2.3315000E-01
  2.0799350E+02  8.6480968E+00  7.5438758E+01  1.2135750E-02  2.3866000E-01  2.3866000E-01
  2.0799350E+02  8.7071172E+00  7.8340193E+01  1.2135750E-02  2.4417000E-01  2.4417000E-01
  2.0799350E+02  8.7647029E+00  8.1241628E+01  1.2135750E-02  2.4968000E-01  2.4968000E-01
  2.0799350E+02  8.8203513E+00  8.4143063E+01  1.2135750E-02  2.5519000E-01  2.5519000E-01
  2.0799350E+02  8.8738025E+00  8.7044497E+01  1.2135750E-02  2.6070000E-01  2.6070000E-01
  2.0799350E+02  8.9251734E+00  8.9945932E+01  1.2135750E-02  2.6621000E-01  2.6621000E-01
  2.0799350E+02  8.9749157E+00  9.2847367E+01  1.2135750E-02  2.7172000E-01  2.7172000E-01
  2.0799350E+02  9.0236611E+00  9.5748802E+01  1.2135750E-02  2.7723000E-01  2.7723000E-01
  2.0799350E+02  9.0720155E+00  9.8650237E+01  1.2135750E-02  2.8274000E-01  2.8274000E-01
  2.0799350E+02  9.1203648E+00  1.0155167E+02  1.2135750E-02  2.8825000E-01  2.8825000E-01
  2.0799350E+02  9.1687561E+00  1.0445311E+02  1.2135750E-02  2.9376000E-01  2.9376000E-01
  2.0799350E+02  9.2169154E+00  1.0735454E+02  1.2135750E-02  2.9927000E-01  2.9927000E-01
  2.0799350E+02  9.2644655E+00  1.1025598E+02  1.2135750E-02  3.0478000E-01  3.0478000E-01
  2.0799350E+02  9.3114313E+00  1.1315741E+02  1.2135750E-02  3.1029000E-01  3.1029000E-01
  2.0799350E+02  9.3581302E+00  1.1605885E+02  1.2135750E-02  3.1580000E-01  3.1580000E-01
  2.0799350E+02  9.4043617E+00  1.1896028E+02  1.2135750E-02  3.2131000E-01  3.2131000E-01
  2.0799350E+02  9.4501066E+00  1.2186171E+02  1.2135750E-02  3.2682000E-01  3.2682000E-01
  2.0799350E+02  9.4954540E+00  1.2476315E+02  1.2135750E-02  3.3233000E-01  3.3233000E-01
  2.0799350E+02  9.5405024E+00  1.2766458E+02  1.2135750E-02  3.3784000E-01  3.3784000E-01
  2.0799350E+02  9.5853027E+00  1.3056602E+02  1.2135750E-02  3.4335000E-01  3.4335000E-01
  2.0799350E+02  9.6298357E+00  1.3346745E+02  1.2135750E-02  3.4886000E-01  3.4886000E-01
  2.0799350E+02  9.6740161E+00  1.3636889E+02  1.2135750E-02  3.5437000E-01  3.5437000E-01
  2.0799350E+02  9.7177142E+00  1.3927032E+02  1.2135750E-02  3.5988000E-01  3.5988000E-01
  2.0799350E+02  9.7607881E+00  1.4217176E+02  1.2135750E-02  3.6539000E-01  3.6539000E-01
  2.0799350E+02  9.8031183E+00  1.4507319E+02  1.2135750E-02  3.7090000E-01  3.7090000E-01
  2.0799350E+02  9.8446355E+00  1.4797463E+02  1.2135750E-02  3.7641000E-01  3.7641000E-01
  2.0799350E+02  9.8853355E+00  1.5087606E+02  1.2135750E-02  3.8192000E-01  3.8192000E-01
  2.0799350E+02  9.9252716E+00  1.5377750E+02  1.2135750E-02  3.8743000E-01  3.8743000E-01
  2.0799350E+02  9.9644191E+00  1.5667893E+02  1.2135750E-02  3.9294000E-01  3.9294000E-01
  2.0799350E+02  1.0003110E+01  1.5958037E+02  1.2135750E-02  3.9845000E-01  3.9845000E-01
  2.0799350E+02  1.0041599E+01  1.6248180E+02  1.2135750E-02  4.0396000E-01  4.0396000E-01
  2.0799350E+02  1.0079834E+01  1.6538324E+02  1.2135750E-02  4.0947000E-01  4.0947000E-01
  2.0799350E+02  1.0117694E+01  1.6828467E+02  1.2135750E-02  4.1498000E-01  4.1498000E-01
  2.0799350E+02  1.0155061E+01  1.7118611E+02  1.2135750E-02  4.2049000E-01  4.2049000E-01
  2.0799350E+02  1.0191866E+01  1.7408754E+02  1.2135750E-02  4.2600000E-01  4.2600000E-01
  2.0799350E+02  1.0228095E+01  1.7698898E+02  1.2135750E-02  4.3151000E-01  4.3151000E-01
  2.0799350E+02  1.0263796E+01  1.7989041E+02  1.2135750E-02  4.3702000E-01  4.3702000E-01
  2.0799350E+02  1.0299050E+01  1.8279185E+02  1.2135750E-02  4.4253000E-01  4.4253000E-01
  2.0799350E+02  1.0333952E+01  1.8569328E+02  1.2135750E-02  4.4804000E-01  4.4804000E-01
  2.0799350E+02  1.0368571E+01  1.8859472E+02  1.2135750E-02  4.5355000E-01  4.5355000E-01
  2.0799350E+02  1.0402929E+01  1.9149615E+02  1.2135750E-02  4.5906000E-01  4.5906000E-01
  2.0799350E+02  1.0436969E+01  1.9439758E+02  1.2135750E-02  4.6457000E-01  4.6457000E-01
  2.0799350E+02  1.0470548E+01  1.9729902E+02  1.2135750E-02  4.7008000E-01  4.7008000E-01
  2.0799350E+02  1.0503444E+01  2.0020045E+02  1.2135750E-02  4.7559000E-01  4.7559000E-01
  2.0799350E+02  1.0535449E+01  2.0310189E+02  1.2135750E-02  4.8110000E-01  4.8110000E-01
  2.0799350E+02  1.0566610E+01  2.0600332E+02  1.2135750E-02  4.8661000E-01  4.8661000E-01
  2.0799350E+02  1.0596934E+01  2.0890476E+02  1.2135750E-02  4.9212000E-01  4.9212000E-01
  2.0799350E+02  1.0626521E+01  2.1180619E+02  1.2135750E-02  4.9763000E-01  4.9763000E-01
  2.0799350E+02  1.0655404E+01  2.1470763E+02  1.2135750E-02  5.0314000E-01  5.0314000E-01
  2.0799350E+02  1.0683580E+01  2.1760906E+02  1.2135750E-02  5.0865000E-01  5.0865000E-01
  2.0799350E+02  1.0711025E+01  2.2051050E+02  1.2135750E-02  5.1416000E-01  5.1416000E-01
  2.0799350E+02  1.0737715E+01  2.2341193E+02  1.2135750E-02  5.1967000E-01  5.1967000E-01
  2.0799350E+02  1.0763632E+01  2.2631337E+02  1.2135750E-02  5.2518000E-01  5.2518000E-01
  2.0799350E+02  1.0788732E+01  2.2920954E+02  1.2135750E-02  5.3068000E-01  5.3068000E-01
  2.0799350E+02  1.0813131E+01  2.3211097E+02  1.2135750E-02  5.3619000E-01  5.3619000E-01
  2.0799350E+02  1.0836826E+01  2.3501241E+02  1.2135750E-02  5.4170000E-01  5.4170000E-01
  2.0799350E+02  1.0859872E+01  2.3791384E+02  1.2135750E-02  5.4721000E-01  5.4721000E-01
  2.0799350E+02  1.0882327E+01  2.4081528E+02  1.2135750E-02  5.5272000E-01  5.5272000E-01
  2.0799350E+02  1.0904225E+01  2.4371671E+02  1.2135750E-02  5.5823000E-01  5.5823000E-01
  2.0799350E+02  1.0925556E+01  2.4661815E+02  1.2135750E-02  5.6374000E-01  5.6374000E-01
  2.0799350E+02  1.0946226E+01  2.4951958E+02  1.2135750E-02  5.6925000E-01  5.6925000E-01
  2.0799350E+02  1.0966040E+01  2.5242102E+02  1.2135750E-02  5.7476000E-01  5.7476000E-01
  2.0799350E+02  1.0984896E+01  2.5532245E+02  1.2135750E-02  5.8027000E-01  5.8027000E-01
  2.0799350E+02  1.1002905E+01  2.5822388E+02  1.2135750E-02  5.8578000E-01  5.8578000E-01
  2.0799350E+02  1.1020134E+01  2.6112532E+02  1.2135750E-02  5.9129000E-01  5.9129000E-01
  2.0799350E+02  1.1036575E+01  2.6402675E+02  1.2135750E-02  5.9680000E-01  5.9680000E-01
  2.0799350E+02  1.1052182E+01  2.6692819E+02  1.2135750E-02  6.0231000E-01  6.0231000E-01
  2.0799350E+02  1.1066894E+01  2.6982962E+02  1.2135750E-02  6.0782000E-01  6.0782000E-01
  2.0799350E+02  1.1080654E+01  2.7273106E+02  1.2135750E-02  6.1333000E-01  6.1333000E-01
  2.0799350E+02  1.1093417E+01  2.7563249E+02  1.2135750E-02  6.1884000E-01  6.1884000E-01
  2.0799350E+02  1.1105155E+01  2.7853393E+02  1.2135750E-02  6.2435000E-01  6.2435000E-01
  2.0799350E+02  1.1115856E+01  2.8143536E+02  1.2135750E-02  6.2986000E-01  6.2986000E-01
  2.0799350E+02  1.1125522E+01  2.8433680E+02  1.2135750E-02  6.3537000E-01  6.3537000E-01
  2.0799350E+02  1.1134164E+01  2.8723823E+02  1.2135750E-02  6.4088000E-01  6.4088000E-01
