          atime          uvari          vvari          wvari          pvari          tvari
  2.0799350E+02  4.2904844E-09  9.8670128E-11  3.4045249E-09  3.6059095E-04  0.0000000E+00
  2.0799350E+02  3.0564530E-03  8.6861971E-05  1.3848821E-03  3.6045748E-04  0.0000000E+00
  2.0799350E+02  1.2689048E-02  3.8079453E-04  3.7025127E-03  3.7184290E-04  0.0000000E+00
  2.0799350E+02  2.4899624E-02  8.6406866E-04  6.4287006E-03  3.9012844E-04  0.0000000E+00
  2.0799350E+02  3.2884085E-02  1.4960122E-03  9.4536635E-03  4.0821888E-04  0.0000000E+00
  2.0799350E+02  3.5018802E-02  2.2785902E-03  1.2277595E-02  4.2224265E-04  0.0000000E+00
  2.0799350E+02  3.3790859E-02  3.2197873E-03  1.4417289E-02  4.3294717E-04  0.0000000E+00
  2.0799350E+02  3.1635330E-02  4.2910648E-03  1.5705172E-02  4.4205538E-04  0.0000000E+00
  2.0799350E+02  2.9728897E-02  5.4432877E-03  1.6300088E-02  4.5116468E-04  0.0000000E+00
  2.0799350E+02  2.8383386E-02  6.6086192E-03  1.6503190E-02  4.6056004E-04  0.0000000E+00
  2.0799350E+02  2.7603775E-02  7.7131606E-03  1.6527770E-02  4.6982148E-04  0.0000000E+00
  2.0799350E+02  2.7266700E-02  8.7056998E-03  1.6493370E-02  4.7811125E-04  0.0000000E+00
  2.0799350E+02  2.7232793E-02  9.5551838E-03  1.6450909E-02  4.8446018E-04  0.0000000E+00
  2.0799350E+02  2.7392989E-02  1.0243981E-02  1.6405646E-02  4.8822235E-04  0.0000000E+00
  2.0799350E+02  2.7680916E-02  1.0773435E-02  1.6339856E-02  4.8918547E-04  0.0000000E+00
  2.0799350E+02  2.8056362E-02  1.1151629E-02  1.6249381E-02  4.8740780E-04  0.0000000E+00
  2.0799350E+02  2.8464778E-02  1.1396743E-02  1.6153487E-02  4.8351626E-04  0.0000000E+00
  2.0799350E+02  2.8842439E-02  1.1532902E-02  1.6087925E-02  4.7819767E-04  0.0000000E+00
  2.0799350E+02  2.9159823E-02  1.1578261E-02  1.6058549E-02  4.7253632E-04  0.0000000E+00
  2.0799350E+02  2.9410620E-02  1.1549306E-02  1.6036572E-02  4.6690999E-04  0.0000000E+00
  2.0799350E+02  2.9593062E-02  1.1461869E-02  1.5982349E-02  4.6129502E-04  0.0000000E+00
  2.0799350E+02  2.9708062E-02  1.1332060E-02  1.5866831E-02  4.5544344E-04  0.0000000E+00
  2.0799350E+02  2.9756933E-02  1.1175849E-02  1.5686250E-02  4.4911894E-04  0.0000000E+00
  2.0799350E+02  2.9742231E-02  1.1008557E-02  1.5466356E-02  4.4224294E-04  0.0000000E+00
  2.0799350E+02  2.9665829E-02  1.0839651E-02  1.5245677E-02  4.3478050E-04  0.0000000E+00
  2.0799350E+02  2.9518714E-02  1.0667983E-02  1.5038675E-02  4.2650805E-04  0.0000000E+00
  2.0799350E+02  2.9295239E-02  1.0490178E-02  1.4817776E-02  4.1679203E-04  0.0000000E+00
  2.0799350E+02  2.8938648E-02  1.0305462E-02  1.4556332E-02  4.0634225E-04  0.0000000E+00
  2.0799350E+02  2.8490312E-02  1.0124159E-02  1.4287187E-02  3.9596049E-04  0.0000000E+00
  2.0799350E+02  2.7993038E-02  9.9472598E-03  1.4027545E-02  3.8565761E-04  0.0000000E+00
  2.0799350E+02  2.7468563E-02  9.7700495E-03  1.3777114E-02  3.7516108E-04  0.0000000E+00
  2.0799350E+02  2.6928871E-02  9.5895593E-03  1.3531910E-02  3.6425889E-04  0.0000000E+00
  2.0799350E+02  2.6375468E-02  9.4051160E-03  1.3287456E-02  3.5283526E-04  0.0000000E+00
  2.0799350E+02  2.5811315E-02  9.2209877E-03  1.3044150E-02  3.4109312E-04  0.0000000E+00
  2.0799350E+02  2.5236672E-02  9.0423944E-03  1.2803130E-02  3.2938656E-04  0.0000000E+00
  2.0799350E+02  2.4653581E-02  8.8741478E-03  1.2565346E-02  3.1818067E-04  0.0000000E+00
  2.0799350E+02  2.4069824E-02  8.7194046E-03  1.2331021E-02  3.0794635E-04  0.0000000E+00
  2.0799350E+02  2.3492830E-02  8.5770336E-03  1.2097370E-02  2.9882468E-04  0.0000000E+00
  2.0799350E+02  2.2932868E-02  8.4441055E-03  1.1863940E-02  2.9044584E-04  0.0000000E+00
  2.0799350E+02  2.2423313E-02  8.3183265E-03  1.1645955E-02  2.8230250E-04  0.0000000E+00
  2.0799350E+02  2.1955779E-02  8.2002656E-03  1.1448447E-02  2.7427386E-04  0.0000000E+00
  2.0799350E+02  2.1546650E-02  8.0868407E-03  1.1262381E-02  2.6638269E-04  0.0000000E+00
  2.0799350E+02  2.1201692E-02  7.9755186E-03  1.1084966E-02  2.5887687E-04  0.0000000E+00
  2.0799350E+02  2.0905189E-02  7.8666008E-03  1.0914636E-02  2.5187295E-04  0.0000000E+00
  2.0799350E+02  2.0636931E-02  7.7617741E-03  1.0750276E-02  2.4541887E-04  0.0000000E+00
  2.0799350E+02  2.0378046E-02  7.6615607E-03  1.0588636E-02  2.3943692E-04  0.0000000E+00
  2.0799350E+02  2.0119283E-02  7.5662738E-03  1.0427071E-02  2.3384556E-04  0.0000000E+00
  2.0799350E+02  1.9858098E-02  7.4746954E-03  1.0262320E-02  2.2850850E-04  0.0000000E+00
  2.0799350E+02  1.9597855E-02  7.3849420E-03  1.0092307E-02  2.2329144E-04  0.0000000E+00
  2.0799350E+02  1.9345743E-02  7.2954037E-03  9.9178273E-03  2.1810525E-04  0.0000000E+00
  2.0799350E+02  1.9106447E-02  7.2042958E-03  9.7409035E-03  2.1285997E-04  0.0000000E+00
  2.0799350E+02  1.8881367E-02  7.1105191E-03  9.5649733E-03  2.0749374E-04  0.0000000E+00
  2.0799350E+02  1.8670007E-02  7.0142810E-03  9.3939066E-03  2.0199293E-04  0.0000000E+00
  2.0799350E+02  1.8471276E-02  6.9155728E-03  9.2262716E-03  1.9630280E-04  0.0000000E+00
  2.0799350E+02  1.8285410E-02  6.8166707E-03  9.0679573E-03  1.9057322E-04  0.0000000E+00
  2.0799350E+02  1.8117751E-02  6.7155778E-03  8.9064341E-03  1.8497589E-04  0.0000000E+00
  2.0799350E+02  1.7950197E-02  6.6123555E-03  8.7358088E-03  1.7970554E-04  0.0000000E+00
  2.0799350E+02  1.7766816E-02  6.5091946E-03  8.5646309E-03  1.7491893E-04  0.0000000E+00
  2.0799350E+02  1.7560096E-02  6.4066825E-03  8.3974120E-03  1.7057522E-04  0.0000000E+00
  2.0799350E+02  1.7329242E-02  6.3056091E-03  8.2373123E-03  1.6658505E-04  0.0000000E+00
  2.0799350E+02  1.7074791E-02  6.2059353E-03  8.0844121E-03  1.6281126E-04  0.0000000E+00
  2.0799350E+02  1.6797918E-02  6.1075464E-03  7.9371347E-03  1.5913174E-04  0.0000000E+00
  2.0799350E+02  1.6501456E-02  6.0108914E-03  7.7935165E-03  1.5547831E-04  0.0000000E+00
  2.0799350E+02  1.6186333E-02  5.9158077E-03  7.6499357E-03  1.5179807E-04  0.0000000E+00
  2.0799350E+02  1.5856192E-02  5.8228972E-03  7.5037853E-03  1.4810304E-04  0.0000000E+00
  2.0799350E+02  1.5513979E-02  5.7322450E-03  7.3522310E-03  1.4441314E-04  0.0000000E+00
  2.0799350E+02  1.5163793E-02  5.6438064E-03  7.1934716E-03  1.4076076E-04  0.0000000E+00
  2.0799350E+02  1.4812623E-02  5.5576582E-03  7.0280978E-03  1.3719369E-04  0.0000000E+00
  2.0799350E+02  1.4465523E-02  5.4727774E-03  6.8577552E-03  1.3372046E-04  0.0000000E+00
  2.0799350E+02  1.4125409E-02  5.3871948E-03  6.6862217E-03  1.3032016E-04  0.0000000E+00
  2.0799350E+02  1.3794318E-02  5.3000617E-03  6.5204854E-03  1.2695060E-04  0.0000000E+00
  2.0799350E+02  1.3471203E-02  5.2133774E-03  6.3612606E-03  1.2358932E-04  0.0000000E+00
  2.0799350E+02  1.3158391E-02  5.1245531E-03  6.2084293E-03  1.2022324E-04  0.0000000E+00
  2.0799350E+02  1.2862286E-02  5.0346077E-03  6.0646208E-03  1.1680056E-04  0.0000000E+00
  2.0799350E+02  1.2584929E-02  4.9439694E-03  5.9325371E-03  1.1330533E-04  0.0000000E+00
  2.0799350E+02  1.2326617E-02  4.8533464E-03  5.8143465E-03  1.0976536E-04  0.0000000E+00
  2.0799350E+02  1.2083542E-02  4.7628109E-03  5.7095449E-03  1.0619902E-04  0.0000000E+00
  2.0799350E+02  1.1852410E-02  4.6732010E-03  5.6166800E-03  1.0265869E-04  0.0000000E+00
  2.0799350E+02  1.1628047E-02  4.5849898E-03  5.5324043E-03  9.9180215E-05  0.0000000E+00
  2.0799350E+02  1.1405340E-02  4.4987242E-03  5.4527867E-03  9.5797910E-05  0.0000000E+00
  2.0799350E+02  1.1180847E-02  4.4153776E-03  5.3744506E-03  9.2558329E-05  0.0000000E+00
  2.0799350E+02  1.0950764E-02  4.3353050E-03  5.2944484E-03  8.9480067E-05  0.0000000E+00
  2.0799350E+02  1.0712353E-02  4.2586338E-03  5.2111980E-03  8.6569570E-05  0.0000000E+00
  2.0799350E+02  1.0465462E-02  4.1855905E-03  5.1250994E-03  8.3831417E-05  0.0000000E+00
  2.0799350E+02  1.0209642E-02  4.1155603E-03  5.0371259E-03  8.1227488E-05  0.0000000E+00
  2.0799350E+02  9.9478000E-03  4.0482435E-03  4.9490344E-03  7.8710505E-05  0.0000000E+00
  2.0799350E+02  9.6831095E-03  3.9829860E-03  4.8604331E-03  7.6183099E-05  0.0000000E+00
  2.0799350E+02  9.4191457E-03  3.9192448E-03  4.7691048E-03  7.3585019E-05  0.0000000E+00
  2.0799350E+02  9.1550786E-03  3.8571775E-03  4.6738784E-03  7.0973270E-05  0.0000000E+00
  2.0799350E+02  8.8956190E-03  3.7961979E-03  4.5711269E-03  6.8361626E-05  0.0000000E+00
  2.0799350E+02  8.6439516E-03  3.7368539E-03  4.4614403E-03  6.5864480E-05  0.0000000E+00
  2.0799350E+02  8.3989164E-03  3.6801028E-03  4.3453676E-03  6.3534743E-05  0.0000000E+00
  2.0799350E+02  8.1585500E-03  3.6269474E-03  4.2243401E-03  6.1389969E-05  0.0000000E+00
  2.0799350E+02  7.9225655E-03  3.5782808E-03  4.1014226E-03  5.9432841E-05  0.0000000E+00
  2.0799350E+02  7.6903140E-03  3.5341311E-03  3.9797707E-03  5.7637495E-05  0.0000000E+00
  2.0799350E+02  7.4621384E-03  3.4939896E-03  3.8628713E-03  5.5970717E-05  0.0000000E+00
  2.0799350E+02  7.2402412E-03  3.4571313E-03  3.7546377E-03  5.4406680E-05  0.0000000E+00
  2.0799350E+02  7.0253265E-03  3.4223450E-03  3.6574450E-03  5.2911919E-05  0.0000000E+00
  2.0799350E+02  6.8192390E-03  3.3887215E-03  3.5732094E-03  5.1471740E-05  0.0000000E+00
  2.0799350E+02  6.6218362E-03  3.3554301E-03  3.5018384E-03  5.0072667E-05  0.0000000E+00
  2.0799350E+02  0.0000000E+00  0.0000000E+00  0.0000000E+00  2.7433206E-04  0.0000000E+00
  2.0799350E+02  9.1225361E-04  7.4751983E-05  7.6179540E-04  2.7308137E-04  0.0000000E+00
  2.0799350E+02  3.3363419E-03  2.7981539E-04  1.9220228E-03  2.8199036E-04  0.0000000E+00
  2.0799350E+02  8.2865594E-03  6.2890051E-04  3.0211166E-03  3.0207113E-04  0.0000000E+00
  2.0799350E+02  1.6586773E-02  1.1018617E-03  4.1410250E-03  3.3136123E-04  0.0000000E+00
  2.0799350E+02  2.6872440E-02  1.6317149E-03  5.4773660E-03  3.6465976E-04  0.0000000E+00
  2.0799350E+02  3.5910237E-02  2.1524440E-03  7.1261322E-03  3.9574982E-04  0.0000000E+00
  2.0799350E+02  4.1189076E-02  2.6443454E-03  9.0071866E-03  4.2011533E-04  0.0000000E+00
  2.0799350E+02  4.2361473E-02  3.1408261E-03  1.0899470E-02  4.3550766E-04  0.0000000E+00
  2.0799350E+02  4.0703832E-02  3.6968834E-03  1.2560422E-02  4.4244682E-04  0.0000000E+00
  2.0799350E+02  3.7801529E-02  4.3460625E-03  1.3811380E-02  4.4324626E-04  0.0000000E+00
  2.0799350E+02  3.4789898E-02  5.0855933E-03  1.4620099E-02  4.4093990E-04  0.0000000E+00
  2.0799350E+02  3.2249754E-02  5.8816500E-03  1.5068432E-02  4.3787681E-04  0.0000000E+00
  2.0799350E+02  3.0331145E-02  6.6932685E-03  1.5279296E-02  4.3505749E-04  0.0000000E+00
  2.0799350E+02  2.8986447E-02  7.4825838E-03  1.5352732E-02  4.3249963E-04  0.0000000E+00
  2.0799350E+02  2.8113369E-02  8.2216652E-03  1.5370297E-02  4.3058726E-04  0.0000000E+00
  2.0799350E+02  2.7605335E-02  8.8923753E-03  1.5353916E-02  4.2918749E-04  0.0000000E+00
  2.0799350E+02  2.7359972E-02  9.4812278E-03  1.5277812E-02  4.2931933E-04  0.0000000E+00
  2.0799350E+02  2.7310348E-02  9.9724981E-03  1.5170500E-02  4.3027555E-04  0.0000000E+00
  2.0799350E+02  2.7401321E-02  1.0359479E-02  1.5078161E-02  4.3073379E-04  0.0000000E+00
  2.0799350E+02  2.7578197E-02  1.0644031E-02  1.5028908E-02  4.2984491E-04  0.0000000E+00
  2.0799350E+02  2.7789779E-02  1.0835996E-02  1.5023021E-02  4.2752945E-04  0.0000000E+00
  2.0799350E+02  2.7999265E-02  1.0948637E-02  1.5040029E-02  4.2426091E-04  0.0000000E+00
  2.0799350E+02  2.8190035E-02  1.0992871E-02  1.5052584E-02  4.2065159E-04  0.0000000E+00
  2.0799350E+02  2.8361599E-02  1.0975458E-02  1.5038021E-02  4.1702947E-04  0.0000000E+00
  2.0799350E+02  2.8498075E-02  1.0899846E-02  1.4977011E-02  4.1340662E-04  0.0000000E+00
  2.0799350E+02  2.8580840E-02  1.0783215E-02  1.4862110E-02  4.0985357E-04  0.0000000E+00
  2.0799350E+02  2.8602227E-02  1.0645330E-02  1.4709810E-02  4.0631391E-04  0.0000000E+00
  2.0799350E+02  2.8557612E-02  1.0498422E-02  1.4534555E-02  4.0234477E-04  0.0000000E+00
  2.0799350E+02  2.8447791E-02  1.0347626E-02  1.4351990E-02  3.9754182E-04  0.0000000E+00
  2.0799350E+02  2.8264207E-02  1.0192472E-02  1.4170243E-02  3.9171553E-04  0.0000000E+00
  2.0799350E+02  2.7999462E-02  1.0032321E-02  1.3992263E-02  3.8495692E-04  0.0000000E+00
  2.0799350E+02  2.7651827E-02  9.8667377E-03  1.3815427E-02  3.7749930E-04  0.0000000E+00
  2.0799350E+02  2.7229883E-02  9.6968952E-03  1.3634686E-02  3.6962792E-04  0.0000000E+00
  2.0799350E+02  2.6752619E-02  9.5246398E-03  1.3444296E-02  3.6153561E-04  0.0000000E+00
  2.0799350E+02  2.6245516E-02  9.3512167E-03  1.3239565E-02  3.5321383E-04  0.0000000E+00
  2.0799350E+02  2.5737517E-02  9.1778859E-03  1.3020391E-02  3.4450489E-04  0.0000000E+00
  2.0799350E+02  2.5245120E-02  9.0045479E-03  1.2790977E-02  3.3514342E-04  0.0000000E+00
  2.0799350E+02  2.4761370E-02  8.8331470E-03  1.2562800E-02  3.2512408E-04  0.0000000E+00
  2.0799350E+02  2.4273930E-02  8.6701848E-03  1.2354151E-02  3.1526032E-04  0.0000000E+00
  2.0799350E+02  2.3763844E-02  8.5123335E-03  1.2123126E-02  3.0537541E-04  0.0000000E+00
  2.0799350E+02  2.3239334E-02  8.3614083E-03  1.1874474E-02  2.9555694E-04  0.0000000E+00
  2.0799350E+02  2.2732044E-02  8.2212922E-03  1.1629589E-02  2.8612568E-04  0.0000000E+00
  2.0799350E+02  2.2259311E-02  8.0933425E-03  1.1401895E-02  2.7719211E-04  0.0000000E+00
  2.0799350E+02  2.1831504E-02  7.9772371E-03  1.1198377E-02  2.6880910E-04  0.0000000E+00
  2.0799350E+02  2.1449655E-02  7.8701811E-03  1.1018196E-02  2.6093804E-04  0.0000000E+00
  2.0799350E+02  2.1110488E-02  7.7687283E-03  1.0856102E-02  2.5354765E-04  0.0000000E+00
  2.0799350E+02  2.0806054E-02  7.6693945E-03  1.0703929E-02  2.4660162E-04  0.0000000E+00
  2.0799350E+02  2.0526649E-02  7.5702699E-03  1.0553902E-02  2.4010822E-04  0.0000000E+00
  2.0799350E+02  2.0258743E-02  7.4705649E-03  1.0399080E-02  2.3404061E-04  0.0000000E+00
  2.0799350E+02  1.9988948E-02  7.3713292E-03  1.0235888E-02  2.2837714E-04  0.0000000E+00
  2.0799350E+02  1.9706357E-02  7.2745139E-03  1.0064410E-02  2.2308241E-04  0.0000000E+00
  2.0799350E+02  1.9406440E-02  7.1810314E-03  9.8874409E-03  2.1810109E-04  0.0000000E+00
  2.0799350E+02  1.9099603E-02  7.0883765E-03  9.7095615E-03  2.1340876E-04  0.0000000E+00
  2.0799350E+02  1.8816634E-02  6.9932666E-03  9.5335590E-03  2.0853791E-04  0.0000000E+00
  2.0799350E+02  1.8559693E-02  6.8976426E-03  9.3500223E-03  2.0341450E-04  0.0000000E+00
  2.0799350E+02  1.8331538E-02  6.7992116E-03  9.1712780E-03  1.9813277E-04  0.0000000E+00
  2.0799350E+02  1.8130629E-02  6.6991732E-03  9.0025180E-03  1.9267360E-04  0.0000000E+00
  2.0799350E+02  1.7945505E-02  6.5978726E-03  8.8393676E-03  1.8715951E-04  0.0000000E+00
  2.0799350E+02  1.7762447E-02  6.4959281E-03  8.6760270E-03  1.8177217E-04  0.0000000E+00
  2.0799350E+02  1.7568671E-02  6.3940228E-03  8.5084800E-03  1.7665843E-04  0.0000000E+00
  2.0799350E+02  1.7355972E-02  6.2935414E-03  8.3371048E-03  1.7192494E-04  0.0000000E+00
  2.0799350E+02  1.7119572E-02  6.1952823E-03  8.1645479E-03  1.6757210E-04  0.0000000E+00
  2.0799350E+02  1.6859210E-02  6.0999091E-03  7.9953595E-03  1.6354020E-04  0.0000000E+00
  2.0799350E+02  1.6577803E-02  6.0075340E-03  7.8336279E-03  1.5972413E-04  0.0000000E+00
  2.0799350E+02  1.6279439E-02  5.9174359E-03  7.6807151E-03  1.5599840E-04  0.0000000E+00
  2.0799350E+02  1.5969870E-02  5.8287541E-03  7.5349961E-03  1.5227497E-04  0.0000000E+00
  2.0799350E+02  1.5651873E-02  5.7398867E-03  7.3902546E-03  1.4848968E-04  0.0000000E+00
  2.0799350E+02  1.5326322E-02  5.6498250E-03  7.2387020E-03  1.4463993E-04  0.0000000E+00
  2.0799350E+02  1.4990838E-02  5.5589753E-03  7.0748831E-03  1.4076227E-04  0.0000000E+00
  2.0799350E+02  1.4646845E-02  5.4701705E-03  6.9070616E-03  1.3701588E-04  0.0000000E+00
  2.0799350E+02  1.4304915E-02  5.3824326E-03  6.7381391E-03  1.3342707E-04  0.0000000E+00
  2.0799350E+02  1.3962460E-02  5.2973159E-03  6.5644541E-03  1.2982450E-04  0.0000000E+00
  2.0799350E+02  1.3624077E-02  5.2137520E-03  6.3940892E-03  1.2628182E-04  0.0000000E+00
  2.0799350E+02  1.3296002E-02  5.1308395E-03  6.2326691E-03  1.2280305E-04  0.0000000E+00
  2.0799350E+02  1.2981804E-02  5.0473160E-03  6.0827917E-03  1.1933624E-04  0.0000000E+00
  2.0799350E+02  1.2684302E-02  4.9623715E-03  5.9459943E-03  1.1583331E-04  0.0000000E+00
  2.0799350E+02  1.2404706E-02  4.8756223E-03  5.8228276E-03  1.1226473E-04  0.0000000E+00
  2.0799350E+02  1.2142120E-02  4.7869879E-03  5.7127892E-03  1.0862267E-04  0.0000000E+00
  2.0799350E+02  1.1895454E-02  4.6972803E-03  5.6150368E-03  1.0494723E-04  0.0000000E+00
  2.0799350E+02  1.1660915E-02  4.6071802E-03  5.5271609E-03  1.0128190E-04  0.0000000E+00
  2.0799350E+02  1.1434223E-02  4.5177298E-03  5.4459801E-03  9.7688531E-05  0.0000000E+00
  2.0799350E+02  1.1210173E-02  4.4298823E-03  5.3673853E-03  9.4222661E-05  0.0000000E+00
  2.0799350E+02  1.0984667E-02  4.3449684E-03  5.2873687E-03  9.0945609E-05  0.0000000E+00
  2.0799350E+02  1.0752860E-02  4.2636365E-03  5.2021024E-03  8.7878643E-05  0.0000000E+00
  2.0799350E+02  1.0511202E-02  4.1863754E-03  5.1098988E-03  8.5023609E-05  0.0000000E+00
  2.0799350E+02  1.0257010E-02  4.1131831E-03  5.0129485E-03  8.2355662E-05  0.0000000E+00
  2.0799350E+02  9.9940623E-03  4.0433592E-03  4.9187852E-03  7.9788071E-05  0.0000000E+00
  2.0799350E+02  9.7243647E-03  3.9766145E-03  4.8261246E-03  7.7233956E-05  0.0000000E+00
  2.0799350E+02  9.4456760E-03  3.9123327E-03  4.7324386E-03  7.4664775E-05  0.0000000E+00
  2.0799350E+02  9.1633496E-03  3.8494311E-03  4.6353938E-03  7.2041518E-05  0.0000000E+00
  2.0799350E+02  8.8820848E-03  3.7878800E-03  4.5332796E-03  6.9403794E-05  0.0000000E+00
  2.0799350E+02  8.6070486E-03  3.7285333E-03  4.4258795E-03  6.6835044E-05  0.0000000E+00
  2.0799350E+02  8.3405232E-03  3.6720512E-03  4.3134289E-03  6.4399838E-05  0.0000000E+00
  2.0799350E+02  8.0838804E-03  3.6190580E-03  4.1972524E-03  6.2143353E-05  0.0000000E+00
  2.0799350E+02  7.8369154E-03  3.5697982E-03  4.0792328E-03  6.0076582E-05  0.0000000E+00
  2.0799350E+02  7.5999811E-03  3.5244247E-03  3.9624253E-03  5.8193116E-05  0.0000000E+00
  2.0799350E+02  7.3718763E-03  3.4825100E-03  3.8495409E-03  5.6456381E-05  0.0000000E+00
  2.0799350E+02  7.1520441E-03  3.4434827E-03  3.7434744E-03  5.4826594E-05  0.0000000E+00
  2.0799350E+02  6.9400781E-03  3.4065911E-03  3.6466173E-03  5.3266497E-05  0.0000000E+00
  2.0799350E+02  7.3668651E-10  5.4548630E-11  3.7164859E-10  3.5553718E-04  0.0000000E+00
  2.0799350E+02  1.1236252E-03  1.1490837E-04  6.9351207E-04  3.5116162E-04  0.0000000E+00
  2.0799350E+02  2.4898510E-03  3.8230343E-04  1.6243066E-03  3.6347367E-04  0.0000000E+00
  2.0799350E+02  3.8983191E-03  7.8745542E-04  2.3251856E-03  3.9504446E-04  0.0000000E+00
  2.0799350E+02  6.0886402E-03  1.3353668E-03  2.8945501E-03  4.4508493E-04  0.0000000E+00
  2.0799350E+02  9.7388130E-03  2.0082477E-03  3.4967243E-03  5.1000837E-04  0.0000000E+00
  2.0799350E+02  1.5248846E-02  2.7395109E-03  4.2370962E-03  5.8471989E-04  0.0000000E+00
  2.0799350E+02  2.2616784E-02  3.4489611E-03  5.1051691E-03  6.6260615E-04  0.0000000E+00
  2.0799350E+02  3.1227538E-02  4.0789559E-03  6.0783402E-03  7.3329110E-04  0.0000000E+00
  2.0799350E+02  3.9778081E-02  4.5911920E-03  7.2170176E-03  7.8562291E-04  0.0000000E+00
  2.0799350E+02  4.6964673E-02  4.9479682E-03  8.5095780E-03  8.1285751E-04  0.0000000E+00
  2.0799350E+02  5.1843182E-02  5.1667706E-03  9.8943842E-03  8.1388524E-04  0.0000000E+00
  2.0799350E+02  5.3948674E-02  5.3163479E-03  1.1281157E-02  7.9268466E-04  0.0000000E+00
  2.0799350E+02  5.3316866E-02  5.4737929E-03  1.2564849E-02  7.5640725E-04  0.0000000E+00
  2.0799350E+02  5.0493208E-02  5.6829742E-03  1.3636559E-02  7.1240157E-04  0.0000000E+00
  2.0799350E+02  4.6602301E-02  5.9612738E-03  1.4442621E-02  6.6561042E-04  0.0000000E+00
  2.0799350E+02  4.2380333E-02  6.3211241E-03  1.4941246E-02  6.1960361E-04  0.0000000E+00
  2.0799350E+02  3.8457368E-02  6.7516110E-03  1.5196365E-02  5.7682664E-04  0.0000000E+00
  2.0799350E+02  3.5161105E-02  7.2302504E-03  1.5279291E-02  5.3941972E-04  0.0000000E+00
  2.0799350E+02  3.2566874E-02  7.7268748E-03  1.5235989E-02  5.0825212E-04  0.0000000E+00
  2.0799350E+02  3.0624434E-02  8.2163532E-03  1.5108316E-02  4.8332091E-04  0.0000000E+00
  2.0799350E+02  2.9248051E-02  8.6805332E-03  1.4938666E-02  4.6418171E-04  0.0000000E+00
  2.0799350E+02  2.8337675E-02  9.1103185E-03  1.4764860E-02  4.4993602E-04  0.0000000E+00
  2.0799350E+02  2.7793404E-02  9.4975133E-03  1.4614709E-02  4.3947086E-04  0.0000000E+00
  2.0799350E+02  2.7499602E-02  9.8343915E-03  1.4499647E-02  4.3146236E-04  0.0000000E+00
  2.0799350E+02  2.7338157E-02  1.0111016E-02  1.4417311E-02  4.2480971E-04  0.0000000E+00
  2.0799350E+02  2.7252092E-02  1.0320212E-02  1.4383239E-02  4.1882963E-04  0.0000000E+00
  2.0799350E+02  2.7212774E-02  1.0460617E-02  1.4354844E-02  4.1344997E-04  0.0000000E+00
  2.0799350E+02  2.7206039E-02  1.0537621E-02  1.4328423E-02  4.0845292E-04  0.0000000E+00
  2.0799350E+02  2.7243973E-02  1.0560159E-02  1.4292526E-02  4.0365972E-04  0.0000000E+00
  2.0799350E+02  2.7326351E-02  1.0537443E-02  1.4229053E-02  3.9909540E-04  0.0000000E+00
  2.0799350E+02  2.7430474E-02  1.0478485E-02  1.4128400E-02  3.9486364E-04  0.0000000E+00
  2.0799350E+02  2.7517078E-02  1.0391150E-02  1.3993408E-02  3.9100525E-04  0.0000000E+00
  2.0799350E+02  2.7543028E-02  1.0282419E-02  1.3837912E-02  3.8745921E-04  0.0000000E+00
  2.0799350E+02  2.7478297E-02  1.0157793E-02  1.3679400E-02  3.8399370E-04  0.0000000E+00
  2.0799350E+02  2.7318024E-02  1.0021248E-02  1.3531188E-02  3.8022967E-04  0.0000000E+00
  2.0799350E+02  2.7084786E-02  9.8754924E-03  1.3396421E-02  3.7573288E-04  0.0000000E+00
  2.0799350E+02  2.6811933E-02  9.7210859E-03  1.3265709E-02  3.7014526E-04  0.0000000E+00
  2.0799350E+02  2.6508017E-02  9.5581792E-03  1.3124725E-02  3.6348499E-04  0.0000000E+00
  2.0799350E+02  2.6133540E-02  9.3842336E-03  1.2976050E-02  3.5643501E-04  0.0000000E+00
  2.0799350E+02  2.5685199E-02  9.2085859E-03  1.2819693E-02  3.4925791E-04  0.0000000E+00
  2.0799350E+02  2.5217196E-02  9.0307718E-03  1.2649203E-02  3.4150642E-04  0.0000000E+00
  2.0799350E+02  2.4752908E-02  8.8498005E-03  1.2464325E-02  3.3307328E-04  0.0000000E+00
  2.0799350E+02  2.4288354E-02  8.6694405E-03  1.2265992E-02  3.2409817E-04  0.0000000E+00
  2.0799350E+02  2.3814859E-02  8.4942567E-03  1.2056472E-02  3.1477274E-04  0.0000000E+00
  2.0799350E+02  2.3332556E-02  8.3282182E-03  1.1839977E-02  3.0527726E-04  0.0000000E+00
  2.0799350E+02  2.2853860E-02  8.1741172E-03  1.1622651E-02  2.9577147E-04  0.0000000E+00
  2.0799350E+02  2.2396022E-02  8.0323554E-03  1.1410185E-02  2.8633827E-04  0.0000000E+00
  2.0799350E+02  2.1978220E-02  7.9027728E-03  1.1208914E-02  2.7710614E-04  0.0000000E+00
  2.0799350E+02  2.1609909E-02  7.7840506E-03  1.1023120E-02  2.6820898E-04  0.0000000E+00
  2.0799350E+02  2.1286490E-02  7.6746541E-03  1.0854677E-02  2.5982332E-04  0.0000000E+00
  2.0799350E+02  2.0987384E-02  7.5723963E-03  1.0701341E-02  2.5208502E-04  0.0000000E+00
  2.0799350E+02  2.0688503E-02  7.4754362E-03  1.0558525E-02  2.4509691E-04  0.0000000E+00
  2.0799350E+02  2.0381419E-02  7.3807852E-03  1.0419047E-02  2.3872353E-04  0.0000000E+00
  2.0799350E+02  2.0093794E-02  7.2851749E-03  1.0278884E-02  2.3267563E-04  0.0000000E+00
  2.0799350E+02  1.9814230E-02  7.1897553E-03  1.0119760E-02  2.2691950E-04  0.0000000E+00
  2.0799350E+02  1.9515238E-02  7.0929599E-03  9.9337415E-03  2.2143766E-04  0.0000000E+00
  2.0799350E+02  1.9198703E-02  6.9944287E-03  9.7297970E-03  2.1617786E-04  0.0000000E+00
  2.0799350E+02  1.8880295E-02  6.8940212E-03  9.5195687E-03  2.1099003E-04  0.0000000E+00
  2.0799350E+02  1.8576726E-02  6.7918608E-03  9.3130295E-03  2.0574411E-04  0.0000000E+00
  2.0799350E+02  1.8298867E-02  6.6884282E-03  9.1165077E-03  2.0039261E-04  0.0000000E+00
  2.0799350E+02  1.8047247E-02  6.5837984E-03  8.9308684E-03  1.9494470E-04  0.0000000E+00
  2.0799350E+02  1.7815724E-02  6.4786644E-03  8.7543323E-03  1.8950162E-04  0.0000000E+00
  2.0799350E+02  1.7592648E-02  6.3736129E-03  8.5827339E-03  1.8418281E-04  0.0000000E+00
  2.0799350E+02  1.7365557E-02  6.2692852E-03  8.4118125E-03  1.7909110E-04  0.0000000E+00
  2.0799350E+02  1.7125700E-02  6.1665356E-03  8.2392865E-03  1.7428280E-04  0.0000000E+00
  2.0799350E+02  1.6869161E-02  6.0657111E-03  8.0647902E-03  1.6971563E-04  0.0000000E+00
  2.0799350E+02  1.6599605E-02  5.9676667E-03  7.8916054E-03  1.6530802E-04  0.0000000E+00
  2.0799350E+02  1.6323276E-02  5.8730030E-03  7.7238175E-03  1.6095822E-04  0.0000000E+00
  2.0799350E+02  1.6041103E-02  5.7821552E-03  7.5627978E-03  1.5665945E-04  0.0000000E+00
  2.0799350E+02  1.5740520E-02  5.6954438E-03  7.4051092E-03  1.5261658E-04  0.0000000E+00
  2.0799350E+02  1.5430996E-02  5.6102886E-03  7.2471916E-03  1.4879449E-04  0.0000000E+00
  2.0799350E+02  1.5112911E-02  5.5249013E-03  7.0810289E-03  1.4508636E-04  0.0000000E+00
  2.0799350E+02  1.4786078E-02  5.4395458E-03  6.9100450E-03  1.4138697E-04  0.0000000E+00
  2.0799350E+02  1.4450981E-02  5.3549847E-03  6.7379350E-03  1.3765912E-04  0.0000000E+00
  2.0799350E+02  1.4110181E-02  5.2720186E-03  6.5683425E-03  1.3390976E-04  0.0000000E+00
  2.0799350E+02  1.3766136E-02  5.1905941E-03  6.4034212E-03  1.3014197E-04  0.0000000E+00
  2.0799350E+02  1.3424352E-02  5.1105437E-03  6.2455258E-03  1.2637823E-04  0.0000000E+00
  2.0799350E+02  1.3090366E-02  5.0310793E-03  6.0961514E-03  1.2262601E-04  0.0000000E+00
  2.0799350E+02  1.2769970E-02  4.9512560E-03  5.9566302E-03  1.1888737E-04  0.0000000E+00
  2.0799350E+02  1.2466125E-02  4.8696838E-03  5.8273612E-03  1.1513511E-04  0.0000000E+00
  2.0799350E+02  1.2181443E-02  4.7856190E-03  5.7093063E-03  1.1135672E-04  0.0000000E+00
  2.0799350E+02  1.1915451E-02  4.6986747E-03  5.6029119E-03  1.0753783E-04  0.0000000E+00
  2.0799350E+02  1.1665060E-02  4.6091307E-03  5.5079815E-03  1.0368019E-04  0.0000000E+00
  2.0799350E+02  1.1425466E-02  4.5181368E-03  5.4230964E-03  9.9821440E-05  0.0000000E+00
  2.0799350E+02  1.1189792E-02  4.4269617E-03  5.3439120E-03  9.6022988E-05  0.0000000E+00
  2.0799350E+02  1.0953677E-02  4.3375726E-03  5.2623586E-03  9.2424051E-05  0.0000000E+00
  2.0799350E+02  1.0717856E-02  4.2517096E-03  5.1692459E-03  8.9120003E-05  0.0000000E+00
  2.0799350E+02  1.0477042E-02  4.1709067E-03  5.0699107E-03  8.6088619E-05  0.0000000E+00
  2.0799350E+02  1.0226221E-02  4.0952761E-03  4.9676693E-03  8.3312148E-05  0.0000000E+00
  2.0799350E+02  9.9640528E-03  4.0237749E-03  4.8656620E-03  8.0632901E-05  0.0000000E+00
  2.0799350E+02  9.6908680E-03  3.9554076E-03  4.7641966E-03  7.7969600E-05  0.0000000E+00
  2.0799350E+02  9.4077112E-03  3.8892568E-03  4.6619262E-03  7.5288469E-05  0.0000000E+00
  2.0799350E+02  9.1169959E-03  3.8248885E-03  4.5573028E-03  7.2596043E-05  0.0000000E+00
  2.0799350E+02  8.8228661E-03  3.7625046E-03  4.4495361E-03  6.9930416E-05  0.0000000E+00
  2.0799350E+02  8.5287701E-03  3.7024053E-03  4.3382103E-03  6.7329682E-05  0.0000000E+00
  2.0799350E+02  8.2399005E-03  3.6454102E-03  4.2244198E-03  6.4846724E-05  0.0000000E+00
  2.0799350E+02  7.9605540E-03  3.5921663E-03  4.1098473E-03  6.2520153E-05  0.0000000E+00
  2.0799350E+02  7.6940461E-03  3.5430092E-03  3.9966123E-03  6.0370918E-05  0.0000000E+00
  2.0799350E+02  7.4427016E-03  3.4978662E-03  3.8870766E-03  5.8401360E-05  0.0000000E+00
  2.0799350E+02  0.0000000E+00  0.0000000E+00  0.0000000E+00  5.6403026E-04  0.0000000E+00
  2.0799350E+02  2.7774897E-03  1.5218796E-04  1.4590094E-03  5.5791760E-04  0.0000000E+00
  2.0799350E+02  5.4929408E-03  6.7630677E-04  3.2612216E-03  5.9251027E-04  0.0000000E+00
  2.0799350E+02  7.3940005E-03  1.5831139E-03  4.4114857E-03  6.6970497E-04  0.0000000E+00
  2.0799350E+02  9.6542576E-03  2.7251166E-03  5.1670144E-03  7.7867718E-04  0.0000000E+00
  2.0799350E+02  1.2777971E-02  3.9704624E-03  5.7985964E-03  9.0510382E-04  0.0000000E+00
  2.0799350E+02  1.6814161E-02  5.2359656E-03  6.4465508E-03  1.0369933E-03  0.0000000E+00
  2.0799350E+02  2.1669038E-02  6.4278885E-03  7.1992086E-03  1.1648997E-03  0.0000000E+00
  2.0799350E+02  2.7380793E-02  7.4516236E-03  8.0999251E-03  1.2770528E-03  0.0000000E+00
  2.0799350E+02  3.3767567E-02  8.2499316E-03  9.1362903E-03  1.3655659E-03  0.0000000E+00
  2.0799350E+02  4.0405252E-02  8.7850546E-03  1.0210944E-02  1.4235896E-03  0.0000000E+00
  2.0799350E+02  4.6725218E-02  9.0665639E-03  1.1280683E-02  1.4492412E-03  0.0000000E+00
  2.0799350E+02  5.2129489E-02  9.1395451E-03  1.2334235E-02  1.4448590E-03  0.0000000E+00
  2.0799350E+02  5.6141713E-02  9.0519626E-03  1.3309669E-02  1.4131539E-03  0.0000000E+00
  2.0799350E+02  5.8542212E-02  8.8402110E-03  1.4093766E-02  1.3564515E-03  0.0000000E+00
  2.0799350E+02  5.9479616E-02  8.5743661E-03  1.4737203E-02  1.2795549E-03  0.0000000E+00
  2.0799350E+02  5.8744806E-02  8.3179264E-03  1.5227321E-02  1.1861206E-03  0.0000000E+00
  2.0799350E+02  5.6369539E-02  8.1101396E-03  1.5611746E-02  1.0861232E-03  0.0000000E+00
  2.0799350E+02  5.2931352E-02  7.9739710E-03  1.5890001E-02  9.8614542E-04  0.0000000E+00
  2.0799350E+02  4.9053050E-02  7.9151758E-03  1.6022021E-02  8.9202144E-04  0.0000000E+00
  2.0799350E+02  4.5187594E-02  7.9355221E-03  1.6002740E-02  8.0715612E-04  0.0000000E+00
  2.0799350E+02  4.1608630E-02  8.0358824E-03  1.5870263E-02  7.3337345E-04  0.0000000E+00
  2.0799350E+02  3.8428580E-02  8.2118651E-03  1.5680292E-02  6.7090600E-04  0.0000000E+00
  2.0799350E+02  3.5662568E-02  8.4504432E-03  1.5469378E-02  6.1890986E-04  0.0000000E+00
  2.0799350E+02  3.3327170E-02  8.7265911E-03  1.5242580E-02  5.7660925E-04  0.0000000E+00
  2.0799350E+02  3.1426996E-02  9.0102242E-03  1.5007543E-02  5.4277208E-04  0.0000000E+00
  2.0799350E+02  2.9929454E-02  9.2827738E-03  1.4813517E-02  5.1470242E-04  0.0000000E+00
  2.0799350E+02  2.8813230E-02  9.5282016E-03  1.4613642E-02  4.9114084E-04  0.0000000E+00
  2.0799350E+02  2.8021571E-02  9.7394938E-03  1.4427896E-02  4.7150733E-04  0.0000000E+00
  2.0799350E+02  2.7480876E-02  9.9144898E-03  1.4275264E-02  4.5524656E-04  0.0000000E+00
  2.0799350E+02  2.7118568E-02  1.0052240E-02  1.4160699E-02  4.4177684E-04  0.0000000E+00
  2.0799350E+02  2.6885180E-02  1.0151450E-02  1.4074830E-02  4.3047445E-04  0.0000000E+00
  2.0799350E+02  2.6757983E-02  1.0209313E-02  1.3999568E-02  4.2085588E-04  0.0000000E+00
  2.0799350E+02  2.6725163E-02  1.0223999E-02  1.3914363E-02  4.1254887E-04  0.0000000E+00
  2.0799350E+02  2.6768558E-02  1.0196315E-02  1.3803204E-02  4.0529676E-04  0.0000000E+00
  2.0799350E+02  2.6849839E-02  1.0130942E-02  1.3661265E-02  3.9903549E-04  0.0000000E+00
  2.0799350E+02  2.6908431E-02  1.0036756E-02  1.3497000E-02  3.9378029E-04  0.0000000E+00
  2.0799350E+02  2.6881363E-02  9.9237556E-03  1.3327945E-02  3.8946352E-04  0.0000000E+00
  2.0799350E+02  2.6751463E-02  9.7985006E-03  1.3171751E-02  3.8574396E-04  0.0000000E+00
  2.0799350E+02  2.6608530E-02  9.6664608E-03  1.3043902E-02  3.8149375E-04  0.0000000E+00
  2.0799350E+02  2.6405584E-02  9.5246508E-03  1.2913946E-02  3.7617037E-04  0.0000000E+00
  2.0799350E+02  2.6109787E-02  9.3765765E-03  1.2782737E-02  3.7022207E-04  0.0000000E+00
  2.0799350E+02  2.5740607E-02  9.2257217E-03  1.2655660E-02  3.6366752E-04  0.0000000E+00
  2.0799350E+02  2.5327552E-02  9.0710190E-03  1.2526442E-02  3.5647158E-04  0.0000000E+00
  2.0799350E+02  2.4896318E-02  8.9113453E-03  1.2386898E-02  3.4863241E-04  0.0000000E+00
  2.0799350E+02  2.4460663E-02  8.7471093E-03  1.2231669E-02  3.4018382E-04  0.0000000E+00
  2.0799350E+02  2.4026468E-02  8.5821612E-03  1.2061274E-02  3.3127194E-04  0.0000000E+00
  2.0799350E+02  2.3592903E-02  8.4218917E-03  1.1880545E-02  3.2208653E-04  0.0000000E+00
  2.0799350E+02  2.3155441E-02  8.2705917E-03  1.1695146E-02  3.1276517E-04  0.0000000E+00
  2.0799350E+02  2.2715514E-02  8.1311878E-03  1.1510578E-02  3.0344283E-04  0.0000000E+00
  2.0799350E+02  2.2282051E-02  8.0031245E-03  1.1329251E-02  2.9418449E-04  0.0000000E+00
  2.0799350E+02  2.1869676E-02  7.8819049E-03  1.1149499E-02  2.8495550E-04  0.0000000E+00
  2.0799350E+02  2.1498931E-02  7.7626796E-03  1.0970699E-02  2.7580212E-04  0.0000000E+00
  2.0799350E+02  2.1179400E-02  7.6434128E-03  1.0798104E-02  2.6687451E-04  0.0000000E+00
  2.0799350E+02  2.0900837E-02  7.5310575E-03  1.0652444E-02  2.5848340E-04  0.0000000E+00
  2.0799350E+02  2.0626957E-02  7.4245969E-03  1.0508407E-02  2.5101408E-04  0.0000000E+00
  2.0799350E+02  2.0357710E-02  7.3223195E-03  1.0360184E-02  2.4410470E-04  0.0000000E+00
  2.0799350E+02  2.0090324E-02  7.2229527E-03  1.0205983E-02  2.3745907E-04  0.0000000E+00
  2.0799350E+02  1.9815725E-02  7.1250068E-03  1.0041182E-02  2.3100240E-04  0.0000000E+00
  2.0799350E+02  1.9525601E-02  7.0267573E-03  9.8617781E-03  2.2471644E-04  0.0000000E+00
  2.0799350E+02  1.9219023E-02  6.9274309E-03  9.6680005E-03  2.1862502E-04  0.0000000E+00
  2.0799350E+02  1.8901574E-02  6.8267492E-03  9.4637605E-03  2.1272565E-04  0.0000000E+00
  2.0799350E+02  1.8581606E-02  6.7243185E-03  9.2544348E-03  2.0695926E-04  0.0000000E+00
  2.0799350E+02  1.8270010E-02  6.6204673E-03  9.0470986E-03  2.0128757E-04  0.0000000E+00
  2.0799350E+02  1.7974821E-02  6.5155730E-03  8.8474814E-03  1.9569032E-04  0.0000000E+00
  2.0799350E+02  1.7696778E-02  6.4093917E-03  8.6573171E-03  1.9016256E-04  0.0000000E+00
  2.0799350E+02  1.7431491E-02  6.3022550E-03  8.4758680E-03  1.8478944E-04  0.0000000E+00
  2.0799350E+02  1.7167308E-02  6.1937836E-03  8.2980303E-03  1.7965670E-04  0.0000000E+00
  2.0799350E+02  1.6893979E-02  6.0844779E-03  8.1190926E-03  1.7485937E-04  0.0000000E+00
  2.0799350E+02  1.6611846E-02  5.9758059E-03  7.9389397E-03  1.7036809E-04  0.0000000E+00
  2.0799350E+02  1.6348093E-02  5.8693958E-03  7.7654597E-03  1.6585961E-04  0.0000000E+00
  2.0799350E+02  1.6073928E-02  5.7675086E-03  7.5971422E-03  1.6137061E-04  0.0000000E+00
  2.0799350E+02  1.5770466E-02  5.6716837E-03  7.4304056E-03  1.5702665E-04  0.0000000E+00
  2.0799350E+02  1.5453612E-02  5.5796981E-03  7.2595472E-03  1.5279642E-04  0.0000000E+00
  2.0799350E+02  1.5132105E-02  5.4909031E-03  7.0842761E-03  1.4869230E-04  0.0000000E+00
  2.0799350E+02  1.4809220E-02  5.4051990E-03  6.9070566E-03  1.4472348E-04  0.0000000E+00
  2.0799350E+02  1.4483692E-02  5.3222397E-03  6.7307348E-03  1.4086446E-04  0.0000000E+00
  2.0799350E+02  1.4155517E-02  5.2421467E-03  6.5595018E-03  1.3709767E-04  0.0000000E+00
  2.0799350E+02  1.3823074E-02  5.1642391E-03  6.3958133E-03  1.3336553E-04  0.0000000E+00
  2.0799350E+02  1.3487865E-02  5.0879118E-03  6.2419493E-03  1.2962302E-04  0.0000000E+00
  2.0799350E+02  1.3153280E-02  5.0122450E-03  6.0989105E-03  1.2582951E-04  0.0000000E+00
  2.0799350E+02  1.2822785E-02  4.9357355E-03  5.9658486E-03  1.2194029E-04  0.0000000E+00
  2.0799350E+02  1.2502638E-02  4.8572164E-03  5.8417928E-03  1.1795264E-04  0.0000000E+00
  2.0799350E+02  1.2199021E-02  4.7757154E-03  5.7253577E-03  1.1389102E-04  0.0000000E+00
  2.0799350E+02  1.1914985E-02  4.6903024E-03  5.6148843E-03  1.0978258E-04  0.0000000E+00
  2.0799350E+02  1.1651425E-02  4.6012076E-03  5.5103945E-03  1.0568499E-04  0.0000000E+00
  2.0799350E+02  1.1402889E-02  4.5097708E-03  5.4138629E-03  1.0164148E-04  0.0000000E+00
  2.0799350E+02  1.1157537E-02  4.4182834E-03  5.3293046E-03  9.7662531E-05  0.0000000E+00
  2.0799350E+02  1.0915901E-02  4.3275353E-03  5.2412078E-03  9.3821886E-05  0.0000000E+00
  2.0799350E+02  1.0673811E-02  4.2397666E-03  5.1446092E-03  9.0233285E-05  0.0000000E+00
  2.0799350E+02  1.0428916E-02  4.1568906E-03  5.0429684E-03  8.6950586E-05  0.0000000E+00
  2.0799350E+02  1.0178310E-02  4.0791084E-03  4.9386194E-03  8.3923402E-05  0.0000000E+00
  2.0799350E+02  9.9183983E-03  4.0054454E-03  4.8323459E-03  8.1051866E-05  0.0000000E+00
  2.0799350E+02  9.6480922E-03  3.9351457E-03  4.7246608E-03  7.8260045E-05  0.0000000E+00
  2.0799350E+02  9.3679369E-03  3.8676385E-03  4.6155905E-03  7.5503094E-05  0.0000000E+00
  2.0799350E+02  9.0786373E-03  3.8024096E-03  4.5044394E-03  7.2760934E-05  0.0000000E+00
  2.0799350E+02  8.7836242E-03  3.7397004E-03  4.3911944E-03  7.0060612E-05  0.0000000E+00
  2.0799350E+02  8.4872902E-03  3.6800552E-03  4.2762669E-03  6.7449192E-05  0.0000000E+00
  2.0799350E+02  8.1929678E-03  3.6238646E-03  4.1601000E-03  6.4964474E-05  0.0000000E+00
  2.0799350E+02  7.9053835E-03  3.5717434E-03  4.0444073E-03  6.2645209E-05  0.0000000E+00
  2.0799350E+02  8.2445188E-11 -7.9232852E-13  5.3358871E-11  8.7772229E-04  0.0000000E+00
  2.0799350E+02  4.4380399E-03  1.2797088E-04  4.4795385E-03  8.6861265E-04  0.0000000E+00
  2.0799350E+02  8.7614504E-03  1.0147029E-03  9.4225612E-03  9.1873435E-04  0.0000000E+00
  2.0799350E+02  1.2418610E-02  2.6774566E-03  1.1681001E-02  1.0246903E-03  0.0000000E+00
  2.0799350E+02  1.6383323E-02  4.6820494E-03  1.2355486E-02  1.1616499E-03  0.0000000E+00
  2.0799350E+02  2.0655844E-02  6.6752041E-03  1.2552743E-02  1.3006706E-03  0.0000000E+00
  2.0799350E+02  2.5169900E-02  8.4611103E-03  1.2881614E-02  1.4259529E-03  0.0000000E+00
  2.0799350E+02  2.9743875E-02  9.9727528E-03  1.3559023E-02  1.5360443E-03  0.0000000E+00
  2.0799350E+02  3.4375670E-02  1.1219422E-02  1.4537380E-02  1.6337759E-03  0.0000000E+00
  2.0799350E+02  3.8981917E-02  1.2195226E-02  1.5703420E-02  1.7217796E-03  0.0000000E+00
  2.0799350E+02  4.3621185E-02  1.2866219E-02  1.6742149E-02  1.7966306E-03  0.0000000E+00
  2.0799350E+02  4.8228697E-02  1.3231594E-02  1.7598604E-02  1.8512314E-03  0.0000000E+00
  2.0799350E+02  5.2562691E-02  1.3329816E-02  1.8404842E-02  1.8786953E-03  0.0000000E+00
  2.0799350E+02  5.6358481E-02  1.3213692E-02  1.9138180E-02  1.8750102E-03  0.0000000E+00
  2.0799350E+02  5.9481056E-02  1.2921513E-02  1.9510814E-02  1.8397304E-03  0.0000000E+00
  2.0799350E+02  6.1785680E-02  1.2496175E-02  1.9498526E-02  1.7733346E-03  0.0000000E+00
  2.0799350E+02  6.2831583E-02  1.1995283E-02  1.9202308E-02  1.6805549E-03  0.0000000E+00
  2.0799350E+02  6.2468464E-02  1.1445418E-02  1.8958866E-02  1.5731413E-03  0.0000000E+00
  2.0799350E+02  6.0693342E-02  1.0896662E-02  1.8801984E-02  1.4585969E-03  0.0000000E+00
  2.0799350E+02  5.7751170E-02  1.0387217E-02  1.8609777E-02  1.3418791E-03  0.0000000E+00
  2.0799350E+02  5.4086088E-02  9.9440929E-03  1.8304339E-02  1.2264927E-03  0.0000000E+00
  2.0799350E+02  5.0199162E-02  9.5850476E-03  1.7897527E-02  1.1153104E-03  0.0000000E+00
  2.0799350E+02  4.6486967E-02  9.3200236E-03  1.7446983E-02  1.0109725E-03  0.0000000E+00
  2.0799350E+02  4.3134993E-02  9.1516246E-03  1.6987243E-02  9.1596084E-04  0.0000000E+00
  2.0799350E+02  4.0139958E-02  9.0739749E-03  1.6500663E-02  8.3240504E-04  0.0000000E+00
  2.0799350E+02  3.7535127E-02  9.0693129E-03  1.5992903E-02  7.6168404E-04  0.0000000E+00
  2.0799350E+02  3.5526218E-02  9.1175167E-03  1.5620250E-02  7.0152715E-04  0.0000000E+00
  2.0799350E+02  3.3735787E-02  9.2180524E-03  1.5316771E-02  6.5144022E-04  0.0000000E+00
  2.0799350E+02  3.2119207E-02  9.3370685E-03  1.5034413E-02  6.0864724E-04  0.0000000E+00
  2.0799350E+02  3.0709984E-02  9.4528852E-03  1.4770617E-02  5.7119549E-04  0.0000000E+00
  2.0799350E+02  2.9539766E-02  9.5550729E-03  1.4533912E-02  5.3834223E-04  0.0000000E+00
  2.0799350E+02  2.8623041E-02  9.6392053E-03  1.4331928E-02  5.0998984E-04  0.0000000E+00
  2.0799350E+02  2.7945255E-02  9.7038280E-03  1.4164191E-02  4.8609861E-04  0.0000000E+00
  2.0799350E+02  2.7466293E-02  9.7483232E-03  1.4020978E-02  4.6644107E-04  0.0000000E+00
  2.0799350E+02  2.7131873E-02  9.7717315E-03  1.3886251E-02  4.5054749E-04  0.0000000E+00
  2.0799350E+02  2.6888228E-02  9.7724023E-03  1.3743160E-02  4.3776723E-04  0.0000000E+00
  2.0799350E+02  2.6695429E-02  9.7483432E-03  1.3580577E-02  4.2737130E-04  0.0000000E+00
  2.0799350E+02  2.6534725E-02  9.6981405E-03  1.3399168E-02  4.1862089E-04  0.0000000E+00
  2.0799350E+02  2.6405259E-02  9.6223217E-03  1.3215469E-02  4.1072705E-04  0.0000000E+00
  2.0799350E+02  2.6297942E-02  9.5285082E-03  1.3071925E-02  4.0350846E-04  0.0000000E+00
  2.0799350E+02  2.6169140E-02  9.4218921E-03  1.2920835E-02  3.9702434E-04  0.0000000E+00
  2.0799350E+02  2.6009291E-02  9.3048923E-03  1.2775437E-02  3.9054781E-04  0.0000000E+00
  2.0799350E+02  2.5806214E-02  9.1824192E-03  1.2649809E-02  3.8394567E-04  0.0000000E+00
  2.0799350E+02  2.5548649E-02  9.0576407E-03  1.2534757E-02  3.7709869E-04  0.0000000E+00
  2.0799350E+02  2.5231360E-02  8.9322108E-03  1.2415178E-02  3.6991544E-04  0.0000000E+00
  2.0799350E+02  2.4857199E-02  8.8066981E-03  1.2280055E-02  3.6233817E-04  0.0000000E+00
  2.0799350E+02  2.4436810E-02  8.6811117E-03  1.2126561E-02  3.5434280E-04  0.0000000E+00
  2.0799350E+02  2.3986632E-02  8.5554216E-03  1.1959746E-02  3.4593519E-04  0.0000000E+00
  2.0799350E+02  2.3525865E-02  8.4299691E-03  1.1789286E-02  3.3714563E-04  0.0000000E+00
  2.0799350E+02  2.3073075E-02  8.3056658E-03  1.1624768E-02  3.2802387E-04  0.0000000E+00
  2.0799350E+02  2.2643101E-02  8.1838761E-03  1.1470996E-02  3.1863658E-04  0.0000000E+00
  2.0799350E+02  2.2244919E-02  8.0658814E-03  1.1324783E-02  3.0906949E-04  0.0000000E+00
  2.0799350E+02  2.1881153E-02  7.9518227E-03  1.1174716E-02  2.9943620E-04  0.0000000E+00
  2.0799350E+02  2.1549875E-02  7.8390168E-03  1.1005367E-02  2.8989584E-04  0.0000000E+00
  2.0799350E+02  2.1259192E-02  7.7253471E-03  1.0828185E-02  2.8051991E-04  0.0000000E+00
  2.0799350E+02  2.0968461E-02  7.6107441E-03  1.0657761E-02  2.7138840E-04  0.0000000E+00
  2.0799350E+02  2.0685554E-02  7.4939645E-03  1.0494115E-02  2.6276138E-04  0.0000000E+00
  2.0799350E+02  2.0421175E-02  7.3769699E-03  1.0339302E-02  2.5467842E-04  0.0000000E+00
  2.0799350E+02  2.0170342E-02  7.2611998E-03  1.0187425E-02  2.4708510E-04  0.0000000E+00
  2.0799350E+02  1.9921930E-02  7.1475424E-03  1.0030959E-02  2.3987848E-04  0.0000000E+00
  2.0799350E+02  1.9664911E-02  7.0363829E-03  9.8643814E-03  2.3294419E-04  0.0000000E+00
  2.0799350E+02  1.9391852E-02  6.9277056E-03  9.6856742E-03  2.2618470E-04  0.0000000E+00
  2.0799350E+02  1.9100223E-02  6.8212258E-03  9.4962266E-03  2.1953863E-04  0.0000000E+00
  2.0799350E+02  1.8792055E-02  6.7165259E-03  9.2996903E-03  2.1299068E-04  0.0000000E+00
  2.0799350E+02  1.8471995E-02  6.6130016E-03  9.1000038E-03  2.0656147E-04  0.0000000E+00
  2.0799350E+02  1.8147469E-02  6.5106143E-03  8.9011086E-03  2.0034024E-04  0.0000000E+00
  2.0799350E+02  1.7823562E-02  6.4088706E-03  8.7039510E-03  1.9440131E-04  0.0000000E+00
  2.0799350E+02  1.7503751E-02  6.3074157E-03  8.5079230E-03  1.8881653E-04  0.0000000E+00
  2.0799350E+02  1.7189133E-02  6.2056526E-03  8.3123362E-03  1.8360358E-04  0.0000000E+00
  2.0799350E+02  1.6879856E-02  6.1023900E-03  8.1204501E-03  1.7867395E-04  0.0000000E+00
  2.0799350E+02  1.6579939E-02  5.9958631E-03  7.9452086E-03  1.7391773E-04  0.0000000E+00
  2.0799350E+02  1.6295831E-02  5.8877266E-03  7.7709013E-03  1.6937509E-04  0.0000000E+00
  2.0799350E+02  1.6007223E-02  5.7792214E-03  7.5924943E-03  1.6482616E-04  0.0000000E+00
  2.0799350E+02  1.5704677E-02  5.6722707E-03  7.4141470E-03  1.6036003E-04  0.0000000E+00
  2.0799350E+02  1.5388640E-02  5.5688071E-03  7.2357225E-03  1.5599020E-04  0.0000000E+00
  2.0799350E+02  1.5063841E-02  5.4703267E-03  7.0563486E-03  1.5170200E-04  0.0000000E+00
  2.0799350E+02  1.4735642E-02  5.3776410E-03  6.8763332E-03  1.4747987E-04  0.0000000E+00
  2.0799350E+02  1.4408011E-02  5.2907930E-03  6.6977783E-03  1.4331857E-04  0.0000000E+00
  2.0799350E+02  1.4082784E-02  5.2091047E-03  6.5242392E-03  1.3922281E-04  0.0000000E+00
  2.0799350E+02  1.3759897E-02  5.1313232E-03  6.3597737E-03  1.3519930E-04  0.0000000E+00
  2.0799350E+02  1.3438258E-02  5.0558307E-03  6.2077268E-03  1.3124571E-04  0.0000000E+00
  2.0799350E+02  1.3116915E-02  4.9808878E-03  6.0695967E-03  1.2734055E-04  0.0000000E+00
  2.0799350E+02  1.2796222E-02  4.9048738E-03  5.9443267E-03  1.2343846E-04  0.0000000E+00
  2.0799350E+02  1.2478635E-02  4.8264939E-03  5.8283697E-03  1.1947493E-04  0.0000000E+00
  2.0799350E+02  1.2168851E-02  4.7449177E-03  5.7168696E-03  1.1538486E-04  0.0000000E+00
  2.0799350E+02  1.1872930E-02  4.6598177E-03  5.6063051E-03  1.1113915E-04  0.0000000E+00
  2.0799350E+02  1.1596085E-02  4.5712729E-03  5.4989431E-03  1.0680358E-04  0.0000000E+00
  2.0799350E+02  1.1338309E-02  4.4802143E-03  5.4058581E-03  1.0254028E-04  0.0000000E+00
  2.0799350E+02  1.1090720E-02  4.3885281E-03  5.3160192E-03  9.8345665E-05  0.0000000E+00
  2.0799350E+02  1.0845778E-02  4.2986398E-03  5.2225345E-03  9.4368600E-05  0.0000000E+00
  2.0799350E+02  1.0599247E-02  4.2126441E-03  5.1242384E-03  9.0648181E-05  0.0000000E+00
  2.0799350E+02  1.0348995E-02  4.1312213E-03  5.0212479E-03  8.7170714E-05  0.0000000E+00
  2.0799350E+02  1.0093850E-02  4.0541986E-03  4.9142604E-03  8.3897748E-05  0.0000000E+00
  2.0799350E+02  9.8329943E-03  3.9809946E-03  4.8040965E-03  8.0785832E-05  0.0000000E+00
  2.0799350E+02  9.5657551E-03  3.9109542E-03  4.6914502E-03  7.7799120E-05  0.0000000E+00
  2.0799350E+02  9.2916984E-03  3.8435805E-03  4.5768062E-03  7.4915957E-05  0.0000000E+00
  2.0799350E+02  9.0108961E-03  3.7786690E-03  4.4604884E-03  7.2130582E-05  0.0000000E+00
  2.0799350E+02  8.7242543E-03  3.7163530E-03  4.3428000E-03  6.9451076E-05  0.0000000E+00
  2.0799350E+02  8.4337881E-03  3.6570644E-03  4.2242167E-03  6.6894683E-05  0.0000000E+00
  2.0799350E+02  8.1427236E-03  3.6014177E-03  4.1055951E-03  6.4481650E-05  0.0000000E+00
  2.0799350E+02  0.0000000E+00  0.0000000E+00  0.0000000E+00  1.5977206E-03  0.0000000E+00
  2.0799350E+02  6.4329974E-03  3.6581441E-04  1.1992618E-02  1.5713547E-03  0.0000000E+00
  2.0799350E+02  1.4326992E-02  1.6952339E-03  2.2908556E-02  1.5908857E-03  0.0000000E+00
  2.0799350E+02  2.0078892E-02  3.9346555E-03  2.5970859E-02  1.6523917E-03  0.0000000E+00
  2.0799350E+02  2.4382818E-02  6.5594988E-03  2.5518931E-02  1.7385643E-03  0.0000000E+00
  2.0799350E+02  2.8160983E-02  9.1245645E-03  2.4179146E-02  1.8273739E-03  0.0000000E+00
  2.0799350E+02  3.1848214E-02  1.1373061E-02  2.3028505E-02  1.9051464E-03  0.0000000E+00
  2.0799350E+02  3.5503831E-02  1.3179110E-02  2.2623808E-02  1.9679359E-03  0.0000000E+00
  2.0799350E+02  3.9132626E-02  1.4500436E-02  2.2866075E-02  2.0172068E-03  0.0000000E+00
  2.0799350E+02  4.2785898E-02  1.5335182E-02  2.3202403E-02  2.0564999E-03  0.0000000E+00
  2.0799350E+02  4.6476695E-02  1.5755440E-02  2.3373638E-02  2.0816711E-03  0.0000000E+00
  2.0799350E+02  5.0044414E-02  1.5854621E-02  2.3383012E-02  2.0875267E-03  0.0000000E+00
  2.0799350E+02  5.3196900E-02  1.5704386E-02  2.3328207E-02  2.0713623E-03  0.0000000E+00
  2.0799350E+02  5.5675980E-02  1.5348125E-02  2.3275321E-02  2.0325502E-03  0.0000000E+00
  2.0799350E+02  5.7405009E-02  1.4814795E-02  2.3210375E-02  1.9719306E-03  0.0000000E+00
  2.0799350E+02  5.8487928E-02  1.4147413E-02  2.3108043E-02  1.8913865E-03  0.0000000E+00
  2.0799350E+02  5.8884150E-02  1.3420717E-02  2.2959197E-02  1.7957018E-03  0.0000000E+00
  2.0799350E+02  5.8480648E-02  1.2717956E-02  2.2593785E-02  1.6869324E-03  0.0000000E+00
  2.0799350E+02  5.7346598E-02  1.2085728E-02  2.1967433E-02  1.5747648E-03  0.0000000E+00
  2.0799350E+02  5.5612081E-02  1.1542258E-02  2.1162847E-02  1.4689739E-03  0.0000000E+00
  2.0799350E+02  5.3383716E-02  1.1092299E-02  2.0315654E-02  1.3715217E-03  0.0000000E+00
  2.0799350E+02  5.0760929E-02  1.0736238E-02  1.9550433E-02  1.2784614E-03  0.0000000E+00
  2.0799350E+02  4.7860774E-02  1.0464135E-02  1.8920107E-02  1.1844916E-03  0.0000000E+00
  2.0799350E+02  4.4825664E-02  1.0253798E-02  1.8383367E-02  1.0880209E-03  0.0000000E+00
  2.0799350E+02  4.1835153E-02  1.0081069E-02  1.7847269E-02  9.9411948E-04  0.0000000E+00
  2.0799350E+02  3.8993613E-02  9.9421229E-03  1.7276598E-02  9.0866624E-04  0.0000000E+00
  2.0799350E+02  3.6393614E-02  9.8356067E-03  1.6787002E-02  8.3124482E-04  0.0000000E+00
  2.0799350E+02  3.4290346E-02  9.7622723E-03  1.6315405E-02  7.6338469E-04  0.0000000E+00
  2.0799350E+02  3.2615731E-02  9.7183202E-03  1.5850968E-02  7.0463424E-04  0.0000000E+00
  2.0799350E+02  3.1291975E-02  9.6898020E-03  1.5415347E-02  6.5495000E-04  0.0000000E+00
  2.0799350E+02  3.0230323E-02  9.6697885E-03  1.5028311E-02  6.1327001E-04  0.0000000E+00
  2.0799350E+02  2.9357852E-02  9.6542134E-03  1.4694686E-02  5.7801274E-04  0.0000000E+00
  2.0799350E+02  2.8635014E-02  9.6396316E-03  1.4407222E-02  5.4788650E-04  0.0000000E+00
  2.0799350E+02  2.8041476E-02  9.6220835E-03  1.4150018E-02  5.2184022E-04  0.0000000E+00
  2.0799350E+02  2.7559507E-02  9.5970262E-03  1.3906365E-02  4.9902056E-04  0.0000000E+00
  2.0799350E+02  2.7165579E-02  9.5601961E-03  1.3669611E-02  4.7897705E-04  0.0000000E+00
  2.0799350E+02  2.6820644E-02  9.5086306E-03  1.3446037E-02  4.6140369E-04  0.0000000E+00
  2.0799350E+02  2.6478738E-02  9.4413169E-03  1.3250401E-02  4.4595935E-04  0.0000000E+00
  2.0799350E+02  2.6123504E-02  9.3603108E-03  1.3093494E-02  4.3237215E-04  0.0000000E+00
  2.0799350E+02  2.5807322E-02  9.2718639E-03  1.2971209E-02  4.1991087E-04  0.0000000E+00
  2.0799350E+02  2.5507960E-02  9.1774084E-03  1.2853855E-02  4.0829237E-04  0.0000000E+00
  2.0799350E+02  2.5233000E-02  9.0767568E-03  1.2728968E-02  3.9785939E-04  0.0000000E+00
  2.0799350E+02  2.4971381E-02  8.9710799E-03  1.2594405E-02  3.8840743E-04  0.0000000E+00
  2.0799350E+02  2.4699521E-02  8.8619173E-03  1.2446566E-02  3.7971990E-04  0.0000000E+00
  2.0799350E+02  2.4397062E-02  8.7507213E-03  1.2284907E-02  3.7152426E-04  0.0000000E+00
  2.0799350E+02  2.4053730E-02  8.6383140E-03  1.2112583E-02  3.6349081E-04  0.0000000E+00
  2.0799350E+02  2.3674160E-02  8.5260342E-03  1.1937086E-02  3.5535844E-04  0.0000000E+00
  2.0799350E+02  2.3273762E-02  8.4151763E-03  1.1766917E-02  3.4693871E-04  0.0000000E+00
  2.0799350E+02  2.2870888E-02  8.3063716E-03  1.1607576E-02  3.3810780E-04  0.0000000E+00
  2.0799350E+02  2.2484531E-02  8.2005434E-03  1.1460525E-02  3.2890511E-04  0.0000000E+00
  2.0799350E+02  2.2127054E-02  8.0980600E-03  1.1320856E-02  3.1947817E-04  0.0000000E+00
  2.0799350E+02  2.1800524E-02  7.9978282E-03  1.1177591E-02  3.0997728E-04  0.0000000E+00
  2.0799350E+02  2.1503870E-02  7.8978982E-03  1.1019553E-02  3.0055981E-04  0.0000000E+00
  2.0799350E+02  2.1238706E-02  7.7933292E-03  1.0841841E-02  2.9109854E-04  0.0000000E+00
  2.0799350E+02  2.1009276E-02  7.6818805E-03  1.0665823E-02  2.8155123E-04  0.0000000E+00
  2.0799350E+02  2.0764610E-02  7.5673327E-03  1.0482743E-02  2.7249308E-04  0.0000000E+00
  2.0799350E+02  2.0505019E-02  7.4492386E-03  1.0299107E-02  2.6374684E-04  0.0000000E+00
  2.0799350E+02  2.0238243E-02  7.3290490E-03  1.0125048E-02  2.5532769E-04  0.0000000E+00
  2.0799350E+02  1.9970754E-02  7.2077963E-03  9.9615611E-03  2.4725754E-04  0.0000000E+00
  2.0799350E+02  1.9704794E-02  7.0860427E-03  9.8046569E-03  2.3950489E-04  0.0000000E+00
  2.0799350E+02  1.9440642E-02  6.9652758E-03  9.6501011E-03  2.3205904E-04  0.0000000E+00
  2.0799350E+02  1.9175732E-02  6.8471896E-03  9.4942468E-03  2.2489244E-04  0.0000000E+00
  2.0799350E+02  1.8904414E-02  6.7328149E-03  9.3338645E-03  2.1793908E-04  0.0000000E+00
  2.0799350E+02  1.8622000E-02  6.6233402E-03  9.1675728E-03  2.1118086E-04  0.0000000E+00
  2.0799350E+02  1.8324995E-02  6.5191489E-03  8.9946345E-03  2.0462338E-04  0.0000000E+00
  2.0799350E+02  1.8010811E-02  6.4191291E-03  8.8135997E-03  1.9827194E-04  0.0000000E+00
  2.0799350E+02  1.7682083E-02  6.3219054E-03  8.6242909E-03  1.9220396E-04  0.0000000E+00
  2.0799350E+02  1.7342550E-02  6.2248652E-03  8.4260702E-03  1.8646736E-04  0.0000000E+00
  2.0799350E+02  1.6999869E-02  6.1261199E-03  8.2218145E-03  1.8111592E-04  0.0000000E+00
  2.0799350E+02  1.6661738E-02  6.0253923E-03  8.0202784E-03  1.7611652E-04  0.0000000E+00
  2.0799350E+02  1.6333424E-02  5.9241487E-03  7.8380084E-03  1.7132960E-04  0.0000000E+00
  2.0799350E+02  1.6013368E-02  5.8237914E-03  7.6579782E-03  1.6675697E-04  0.0000000E+00
  2.0799350E+02  1.5691528E-02  5.7251889E-03  7.4724402E-03  1.6226464E-04  0.0000000E+00
  2.0799350E+02  1.5368291E-02  5.6265956E-03  7.2842896E-03  1.5785616E-04  0.0000000E+00
  2.0799350E+02  1.5045584E-02  5.5283659E-03  7.0963060E-03  1.5352255E-04  0.0000000E+00
  2.0799350E+02  1.4725062E-02  5.4316075E-03  6.9110371E-03  1.4924830E-04  0.0000000E+00
  2.0799350E+02  1.4406419E-02  5.3370880E-03  6.7302195E-03  1.4500580E-04  0.0000000E+00
  2.0799350E+02  1.4091109E-02  5.2459489E-03  6.5569124E-03  1.4080940E-04  0.0000000E+00
  2.0799350E+02  1.3778156E-02  5.1582273E-03  6.3928641E-03  1.3665560E-04  0.0000000E+00
  2.0799350E+02  1.3467965E-02  5.0738535E-03  6.2401884E-03  1.3256412E-04  0.0000000E+00
  2.0799350E+02  1.3160870E-02  4.9922155E-03  6.1000268E-03  1.2854664E-04  0.0000000E+00
  2.0799350E+02  1.2855801E-02  4.9119103E-03  5.9716410E-03  1.2457862E-04  0.0000000E+00
  2.0799350E+02  1.2553546E-02  4.8317558E-03  5.8537340E-03  1.2063523E-04  0.0000000E+00
  2.0799350E+02  1.2255379E-02  4.7506136E-03  5.7439174E-03  1.1667429E-04  0.0000000E+00
  2.0799350E+02  1.1961771E-02  4.6672209E-03  5.6389183E-03  1.1263003E-04  0.0000000E+00
  2.0799350E+02  1.1675512E-02  4.5812119E-03  5.5369000E-03  1.0847954E-04  0.0000000E+00
  2.0799350E+02  1.1400268E-02  4.4928890E-03  5.4387750E-03  1.0426682E-04  0.0000000E+00
  2.0799350E+02  1.1135415E-02  4.4033782E-03  5.3481351E-03  1.0003613E-04  0.0000000E+00
  2.0799350E+02  1.0883964E-02  4.3140947E-03  5.2606058E-03  9.5819110E-05  0.0000000E+00
  2.0799350E+02  1.0637925E-02  4.2268345E-03  5.1703424E-03  9.1838187E-05  0.0000000E+00
  2.0799350E+02  1.0388739E-02  4.1437394E-03  5.0743623E-03  8.8124598E-05  0.0000000E+00
  2.0799350E+02  1.0134627E-02  4.0655117E-03  4.9721292E-03  8.4652873E-05  0.0000000E+00
  2.0799350E+02  9.8755911E-03  3.9916787E-03  4.8637574E-03  8.1363505E-05  0.0000000E+00
  2.0799350E+02  9.6135880E-03  3.9218349E-03  4.7502676E-03  7.8221271E-05  0.0000000E+00
  2.0799350E+02  9.3500216E-03  3.8555326E-03  4.6327337E-03  7.5208529E-05  0.0000000E+00
  2.0799350E+02  9.0840116E-03  3.7921646E-03  4.5115675E-03  7.2313746E-05  0.0000000E+00
  2.0799350E+02  8.8152712E-03  3.7317045E-03  4.3878054E-03  6.9557262E-05  0.0000000E+00
  2.0799350E+02  8.5434433E-03  3.6743437E-03  4.2627525E-03  6.6966588E-05  0.0000000E+00
  2.0799350E+02  8.2675071E-03  3.6201539E-03  4.1375608E-03  6.4554216E-05  0.0000000E+00
  2.0799350E+02  7.9891984E-03  3.5695415E-03  4.0146228E-03  6.2334143E-05  0.0000000E+00
  2.0799350E+02  3.4431110E-09  6.9204037E-10  1.4324509E-08  2.1539862E-03  0.0000000E+00
  2.0799350E+02  8.0738005E-03  6.0881147E-04  1.6809914E-02  2.1058334E-03  0.0000000E+00
  2.0799350E+02  1.7822490E-02  1.9576062E-03  3.1998308E-02  2.0887200E-03  0.0000000E+00
  2.0799350E+02  2.2879405E-02  4.0680705E-03  3.5680649E-02  2.0937165E-03  0.0000000E+00
  2.0799350E+02  2.6041015E-02  6.5945466E-03  3.4206414E-02  2.1129179E-03  0.0000000E+00
  2.0799350E+02  2.9040878E-02  9.1139480E-03  3.1429520E-02  2.1365403E-03  0.0000000E+00
  2.0799350E+02  3.2351255E-02  1.1363976E-02  2.8841751E-02  2.1576769E-03  0.0000000E+00
  2.0799350E+02  3.5844024E-02  1.3214249E-02  2.6827373E-02  2.1725652E-03  0.0000000E+00
  2.0799350E+02  3.9215881E-02  1.4617633E-02  2.5426568E-02  2.1752421E-03  0.0000000E+00
  2.0799350E+02  4.2294212E-02  1.5575080E-02  2.4505739E-02  2.1599388E-03  0.0000000E+00
  2.0799350E+02  4.4988047E-02  1.6099511E-02  2.3904344E-02  2.1270332E-03  0.0000000E+00
  2.0799350E+02  4.7313367E-02  1.6247724E-02  2.3535899E-02  2.0748233E-03  0.0000000E+00
  2.0799350E+02  4.9296494E-02  1.6105454E-02  2.3339092E-02  2.0005789E-03  0.0000000E+00
  2.0799350E+02  5.0858541E-02  1.5748592E-02  2.3201270E-02  1.9063761E-03  0.0000000E+00
  2.0799350E+02  5.1813401E-02  1.5227780E-02  2.2951536E-02  1.8020410E-03  0.0000000E+00
  2.0799350E+02  5.2130650E-02  1.4609780E-02  2.2504990E-02  1.6969005E-03  0.0000000E+00
  2.0799350E+02  5.1888528E-02  1.3945091E-02  2.1967567E-02  1.5930331E-03  0.0000000E+00
  2.0799350E+02  5.1232570E-02  1.3270315E-02  2.1407810E-02  1.4914955E-03  0.0000000E+00
  2.0799350E+02  5.0102468E-02  1.2638998E-02  2.0847759E-02  1.3932056E-03  0.0000000E+00
  2.0799350E+02  4.8462436E-02  1.2095083E-02  2.0299757E-02  1.2995333E-03  0.0000000E+00
  2.0799350E+02  4.6422878E-02  1.1654423E-02  1.9769993E-02  1.2116657E-03  0.0000000E+00
  2.0799350E+02  4.4209089E-02  1.1307589E-02  1.9262066E-02  1.1303534E-03  0.0000000E+00
  2.0799350E+02  4.2030977E-02  1.1027972E-02  1.8772519E-02  1.0547303E-03  0.0000000E+00
  2.0799350E+02  3.9994689E-02  1.0788913E-02  1.8294960E-02  9.8297595E-04  0.0000000E+00
  2.0799350E+02  3.8061040E-02  1.0572505E-02  1.7818288E-02  9.1260221E-04  0.0000000E+00
  2.0799350E+02  3.6190650E-02  1.0373366E-02  1.7334893E-02  8.4301862E-04  0.0000000E+00
  2.0799350E+02  3.4528363E-02  1.0192120E-02  1.6839868E-02  7.7766634E-04  0.0000000E+00
  2.0799350E+02  3.2990699E-02  1.0030940E-02  1.6329900E-02  7.1846638E-04  0.0000000E+00
  2.0799350E+02  3.1650006E-02  9.8994889E-03  1.5846339E-02  6.6714022E-04  0.0000000E+00
  2.0799350E+02  3.0516067E-02  9.7979864E-03  1.5401441E-02  6.2337537E-04  0.0000000E+00
  2.0799350E+02  2.9560434E-02  9.7207875E-03  1.4992378E-02  5.8607691E-04  0.0000000E+00
  2.0799350E+02  2.8745253E-02  9.6604807E-03  1.4613687E-02  5.5406888E-04  0.0000000E+00
  2.0799350E+02  2.8033155E-02  9.6096586E-03  1.4261268E-02  5.2618345E-04  0.0000000E+00
  2.0799350E+02  2.7401326E-02  9.5623094E-03  1.3938401E-02  5.0164093E-04  0.0000000E+00
  2.0799350E+02  2.6835148E-02  9.5133268E-03  1.3651795E-02  4.7974678E-04  0.0000000E+00
  2.0799350E+02  2.6325495E-02  9.4581982E-03  1.3408326E-02  4.5984719E-04  0.0000000E+00
  2.0799350E+02  2.5864626E-02  9.3928334E-03  1.3209728E-02  4.4134115E-04  0.0000000E+00
  2.0799350E+02  2.5440557E-02  9.3134429E-03  1.3044911E-02  4.2373125E-04  0.0000000E+00
  2.0799350E+02  2.5044349E-02  9.2186653E-03  1.2885655E-02  4.0728867E-04  0.0000000E+00
  2.0799350E+02  2.4668912E-02  9.1140419E-03  1.2706027E-02  3.9322969E-04  0.0000000E+00
  2.0799350E+02  2.4361572E-02  9.0024735E-03  1.2542018E-02  3.8120970E-04  0.0000000E+00
  2.0799350E+02  2.4062088E-02  8.8849936E-03  1.2377027E-02  3.7084772E-04  0.0000000E+00
  2.0799350E+02  2.3735821E-02  8.7639497E-03  1.2207060E-02  3.6158787E-04  0.0000000E+00
  2.0799350E+02  2.3388818E-02  8.6418515E-03  1.2036150E-02  3.5292563E-04  0.0000000E+00
  2.0799350E+02  2.3039418E-02  8.5209166E-03  1.1869150E-02  3.4444762E-04  0.0000000E+00
  2.0799350E+02  2.2703570E-02  8.4032373E-03  1.1708820E-02  3.3589724E-04  0.0000000E+00
  2.0799350E+02  2.2389019E-02  8.2906969E-03  1.1555121E-02  3.2718683E-04  0.0000000E+00
  2.0799350E+02  2.2093240E-02  8.1838357E-03  1.1404731E-02  3.1830153E-04  0.0000000E+00
  2.0799350E+02  2.1810582E-02  8.0826513E-03  1.1253991E-02  3.0933426E-04  0.0000000E+00
  2.0799350E+02  2.1535448E-02  7.9856256E-03  1.1099369E-02  3.0037097E-04  0.0000000E+00
  2.0799350E+02  2.1267623E-02  7.8901792E-03  1.0938949E-02  2.9147865E-04  0.0000000E+00
  2.0799350E+02  2.1011277E-02  7.7925412E-03  1.0771025E-02  2.8263342E-04  0.0000000E+00
  2.0799350E+02  2.0772562E-02  7.6897864E-03  1.0593464E-02  2.7384577E-04  0.0000000E+00
  2.0799350E+02  2.0544176E-02  7.5809465E-03  1.0397718E-02  2.6519627E-04  0.0000000E+00
  2.0799350E+02  2.0318035E-02  7.4673877E-03  1.0186857E-02  2.5692256E-04  0.0000000E+00
  2.0799350E+02  2.0093835E-02  7.3486881E-03  9.9947956E-03  2.4896569E-04  0.0000000E+00
  2.0799350E+02  1.9847702E-02  7.2268791E-03  9.8146130E-03  2.4119060E-04  0.0000000E+00
  2.0799350E+02  1.9586062E-02  7.1043464E-03  9.6485770E-03  2.3359789E-04  0.0000000E+00
  2.0799350E+02  1.9318253E-02  6.9831240E-03  9.4973945E-03  2.2622360E-04  0.0000000E+00
  2.0799350E+02  1.9051191E-02  6.8648913E-03  9.3589653E-03  2.1911608E-04  0.0000000E+00
  2.0799350E+02  1.8787300E-02  6.7510002E-03  9.2284322E-03  2.1232452E-04  0.0000000E+00
  2.0799350E+02  1.8522637E-02  6.6415961E-03  9.0981734E-03  2.0584222E-04  0.0000000E+00
  2.0799350E+02  1.8251192E-02  6.5367355E-03  8.9606323E-03  1.9967419E-04  0.0000000E+00
  2.0799350E+02  1.7965672E-02  6.4356307E-03  8.8092153E-03  1.9379509E-04  0.0000000E+00
  2.0799350E+02  1.7660768E-02  6.3369657E-03  8.6401973E-03  1.8816998E-04  0.0000000E+00
  2.0799350E+02  1.7336039E-02  6.2392817E-03  8.4542377E-03  1.8277386E-04  0.0000000E+00
  2.0799350E+02  1.6994734E-02  6.1406470E-03  8.2553938E-03  1.7756487E-04  0.0000000E+00
  2.0799350E+02  1.6646240E-02  6.0401097E-03  8.0520979E-03  1.7254558E-04  0.0000000E+00
  2.0799350E+02  1.6300304E-02  5.9376326E-03  7.8533452E-03  1.6772608E-04  0.0000000E+00
  2.0799350E+02  1.5960544E-02  5.8350090E-03  7.6644122E-03  1.6312508E-04  0.0000000E+00
  2.0799350E+02  1.5619134E-02  5.7358461E-03  7.4836868E-03  1.5874307E-04  0.0000000E+00
  2.0799350E+02  1.5288580E-02  5.6400022E-03  7.3007855E-03  1.5442961E-04  0.0000000E+00
  2.0799350E+02  1.4961464E-02  5.5483925E-03  7.1121758E-03  1.5018760E-04  0.0000000E+00
  2.0799350E+02  1.4634679E-02  5.4593157E-03  6.9249903E-03  1.4602169E-04  0.0000000E+00
  2.0799350E+02  1.4309991E-02  5.3711462E-03  6.7431179E-03  1.4192911E-04  0.0000000E+00
  2.0799350E+02  1.3991368E-02  5.2828718E-03  6.5690291E-03  1.3791338E-04  0.0000000E+00
  2.0799350E+02  1.3680760E-02  5.1936510E-03  6.4035531E-03  1.3395910E-04  0.0000000E+00
  2.0799350E+02  1.3380290E-02  5.1036932E-03  6.2481397E-03  1.3007174E-04  0.0000000E+00
  2.0799350E+02  1.3089751E-02  5.0135124E-03  6.1037785E-03  1.2624682E-04  0.0000000E+00
  2.0799350E+02  1.2807888E-02  4.9240023E-03  5.9713937E-03  1.2247949E-04  0.0000000E+00
  2.0799350E+02  1.2531134E-02  4.8355737E-03  5.8507075E-03  1.1873606E-04  0.0000000E+00
  2.0799350E+02  1.2257296E-02  4.7488409E-03  5.7413208E-03  1.1499190E-04  0.0000000E+00
  2.0799350E+02  1.1984430E-02  4.6638501E-03  5.6416119E-03  1.1120896E-04  0.0000000E+00
  2.0799350E+02  1.1711903E-02  4.5801979E-03  5.5490022E-03  1.0735061E-04  0.0000000E+00
  2.0799350E+02  1.1441033E-02  4.4973100E-03  5.4604578E-03  1.0340353E-04  0.0000000E+00
  2.0799350E+02  1.1172806E-02  4.4142387E-03  5.3726809E-03  9.9373610E-05  0.0000000E+00
  2.0799350E+02  1.0909406E-02  4.3311432E-03  5.2843410E-03  9.5358888E-05  0.0000000E+00
  2.0799350E+02  1.0649383E-02  4.2492760E-03  5.1967018E-03  9.1472395E-05  0.0000000E+00
  2.0799350E+02  1.0401484E-02  4.1682553E-03  5.1079143E-03  8.7715501E-05  0.0000000E+00
  2.0799350E+02  1.0157070E-02  4.0893117E-03  5.0154175E-03  8.4197576E-05  0.0000000E+00
  2.0799350E+02  9.9070411E-03  4.0132233E-03  4.9168789E-03  8.0877590E-05  0.0000000E+00
  2.0799350E+02  9.6512121E-03  3.9407172E-03  4.8111859E-03  7.7727066E-05  0.0000000E+00
  2.0799350E+02  9.3920734E-03  3.8721128E-03  4.6979130E-03  7.4720191E-05  0.0000000E+00
  2.0799350E+02  9.1323501E-03  3.8075765E-03  4.5775073E-03  7.1846463E-05  0.0000000E+00
  2.0799350E+02  8.8739996E-03  3.7472827E-03  4.4514833E-03  6.9115412E-05  0.0000000E+00
  2.0799350E+02  8.6161125E-03  3.6910305E-03  4.3214717E-03  6.6533884E-05  0.0000000E+00
  2.0799350E+02  8.3579945E-03  3.6388510E-03  4.1903752E-03  6.4126858E-05  0.0000000E+00
  2.0799350E+02  8.0983101E-03  3.5905673E-03  4.0613198E-03  6.1910356E-05  0.0000000E+00
  2.0799350E+02  7.8365810E-03  3.5458766E-03  3.9376101E-03  5.9888620E-05  0.0000000E+00
  2.0799350E+02  7.5745215E-03  3.5044088E-03  3.8226014E-03  5.8051877E-05  0.0000000E+00
  2.0799350E+02  0.0000000E+00  0.0000000E+00  0.0000000E+00  1.4133131E-03  0.0000000E+00
  2.0799350E+02  1.0237829E-02  6.1521354E-04  1.4216829E-02  1.3654963E-03  0.0000000E+00
  2.0799350E+02  2.1511931E-02  1.6717283E-03  2.9020736E-02  1.3454065E-03  0.0000000E+00
  2.0799350E+02  2.5370206E-02  3.4844129E-03  3.4139311E-02  1.3454741E-03  0.0000000E+00
  2.0799350E+02  2.6998044E-02  5.8951801E-03  3.3829074E-02  1.3691573E-03  0.0000000E+00
  2.0799350E+02  2.8550971E-02  8.4315174E-03  3.1445823E-02  1.4097613E-03  0.0000000E+00
  2.0799350E+02  3.0312497E-02  1.0770227E-02  2.8725063E-02  1.4527122E-03  0.0000000E+00
  2.0799350E+02  3.2256266E-02  1.2724919E-02  2.6455374E-02  1.4839870E-03  0.0000000E+00
  2.0799350E+02  3.4202169E-02  1.4207458E-02  2.4764874E-02  1.4944383E-03  0.0000000E+00
  2.0799350E+02  3.6052509E-02  1.5209302E-02  2.3554454E-02  1.4817886E-03  0.0000000E+00
  2.0799350E+02  3.7741230E-02  1.5783702E-02  2.2753949E-02  1.4493821E-03  0.0000000E+00
  2.0799350E+02  3.9192009E-02  1.6005398E-02  2.2280110E-02  1.4029143E-03  0.0000000E+00
  2.0799350E+02  4.0331204E-02  1.5936840E-02  2.2007504E-02  1.3482410E-03  0.0000000E+00
  2.0799350E+02  4.1141511E-02  1.5628830E-02  2.1772340E-02  1.2898311E-03  0.0000000E+00
  2.0799350E+02  4.1645543E-02  1.5139593E-02  2.1442560E-02  1.2306651E-03  0.0000000E+00
  2.0799350E+02  4.1800105E-02  1.4554472E-02  2.1043079E-02  1.1726631E-03  0.0000000E+00
  2.0799350E+02  4.1703299E-02  1.3945604E-02  2.0577584E-02  1.1174170E-03  0.0000000E+00
  2.0799350E+02  4.1224303E-02  1.3355660E-02  2.0089382E-02  1.0649616E-03  0.0000000E+00
  2.0799350E+02  4.0430910E-02  1.2817636E-02  1.9609709E-02  1.0135368E-03  0.0000000E+00
  2.0799350E+02  3.9466491E-02  1.2343613E-02  1.9140192E-02  9.6063656E-04  0.0000000E+00
  2.0799350E+02  3.8416246E-02  1.1932218E-02  1.8680559E-02  9.0504761E-04  0.0000000E+00
  2.0799350E+02  3.7288799E-02  1.1573774E-02  1.8234730E-02  8.4719197E-04  0.0000000E+00
  2.0799350E+02  3.6063341E-02  1.1256621E-02  1.7806144E-02  7.8865493E-04  0.0000000E+00
  2.0799350E+02  3.4764067E-02  1.0974391E-02  1.7392283E-02  7.3184154E-04  0.0000000E+00
  2.0799350E+02  3.3477910E-02  1.0723691E-02  1.6973614E-02  6.7863397E-04  0.0000000E+00
  2.0799350E+02  3.2307519E-02  1.0500897E-02  1.6518351E-02  6.3054423E-04  0.0000000E+00
  2.0799350E+02  3.1278042E-02  1.0295591E-02  1.6043382E-02  5.8791197E-04  0.0000000E+00
  2.0799350E+02  3.0353528E-02  1.0103887E-02  1.5566863E-02  5.5071311E-04  0.0000000E+00
  2.0799350E+02  2.9451201E-02  9.9194863E-03  1.5091136E-02  5.1905332E-04  0.0000000E+00
  2.0799350E+02  2.8572590E-02  9.7496161E-03  1.4642369E-02  4.9178392E-04  0.0000000E+00
  2.0799350E+02  2.7743781E-02  9.6022074E-03  1.4239326E-02  4.6752300E-04  0.0000000E+00
  2.0799350E+02  2.6993122E-02  9.4801143E-03  1.3892090E-02  4.4535620E-04  0.0000000E+00
  2.0799350E+02  2.6329342E-02  9.3782513E-03  1.3598312E-02  4.2477207E-04  0.0000000E+00
  2.0799350E+02  2.5745540E-02  9.2870416E-03  1.3349453E-02  4.0577346E-04  0.0000000E+00
  2.0799350E+02  2.5222951E-02  9.1963576E-03  1.3134326E-02  3.8862032E-04  0.0000000E+00
  2.0799350E+02  2.4738788E-02  9.0996254E-03  1.2942316E-02  3.7354007E-04  0.0000000E+00
  2.0799350E+02  2.4277821E-02  8.9970629E-03  1.2765706E-02  3.6061016E-04  0.0000000E+00
  2.0799350E+02  2.3831288E-02  8.8936571E-03  1.2594395E-02  3.4952388E-04  0.0000000E+00
  2.0799350E+02  2.3396151E-02  8.7934768E-03  1.2407932E-02  3.3986761E-04  0.0000000E+00
  2.0799350E+02  2.2987981E-02  8.6893354E-03  1.2184298E-02  3.3150637E-04  0.0000000E+00
  2.0799350E+02  2.2613031E-02  8.5893545E-03  1.1958555E-02  3.2385217E-04  0.0000000E+00
  2.0799350E+02  2.2283403E-02  8.4912344E-03  1.1748442E-02  3.1602209E-04  0.0000000E+00
  2.0799350E+02  2.2007562E-02  8.3925182E-03  1.1563005E-02  3.0785292E-04  0.0000000E+00
  2.0799350E+02  2.1771848E-02  8.2931700E-03  1.1399675E-02  2.9950153E-04  0.0000000E+00
  2.0799350E+02  2.1556557E-02  8.1942824E-03  1.1251060E-02  2.9123323E-04  0.0000000E+00
  2.0799350E+02  2.1342712E-02  8.0959417E-03  1.1107295E-02  2.8318951E-04  0.0000000E+00
  2.0799350E+02  2.1118565E-02  7.9975487E-03  1.0959865E-02  2.7540116E-04  0.0000000E+00
  2.0799350E+02  2.0880094E-02  7.8976000E-03  1.0802495E-02  2.6778383E-04  0.0000000E+00
  2.0799350E+02  2.0631564E-02  7.7948391E-03  1.0632822E-02  2.6025452E-04  0.0000000E+00
  2.0799350E+02  2.0380293E-02  7.6877737E-03  1.0450598E-02  2.5272632E-04  0.0000000E+00
  2.0799350E+02  2.0134932E-02  7.5758562E-03  1.0258153E-02  2.4521862E-04  0.0000000E+00
  2.0799350E+02  1.9901991E-02  7.4595186E-03  1.0059293E-02  2.3785358E-04  0.0000000E+00
  2.0799350E+02  1.9683612E-02  7.3396952E-03  9.8581177E-03  2.3077817E-04  0.0000000E+00
  2.0799350E+02  1.9479378E-02  7.2177337E-03  9.6598402E-03  2.2404264E-04  0.0000000E+00
  2.0799350E+02  1.9280903E-02  7.0930739E-03  9.4776852E-03  2.1747301E-04  0.0000000E+00
  2.0799350E+02  1.9069204E-02  6.9697336E-03  9.3177702E-03  2.1103524E-04  0.0000000E+00
  2.0799350E+02  1.8843015E-02  6.8489835E-03  9.1762545E-03  2.0480456E-04  0.0000000E+00
  2.0799350E+02  1.8604464E-02  6.7327204E-03  9.0509463E-03  1.9890617E-04  0.0000000E+00
  2.0799350E+02  1.8354603E-02  6.6221725E-03  8.9345288E-03  1.9334606E-04  0.0000000E+00
  2.0799350E+02  1.8093782E-02  6.5179609E-03  8.8183297E-03  1.8809388E-04  0.0000000E+00
  2.0799350E+02  1.7820522E-02  6.4194212E-03  8.6939672E-03  1.8309041E-04  0.0000000E+00
  2.0799350E+02  1.7533883E-02  6.3253728E-03  8.5557835E-03  1.7829989E-04  0.0000000E+00
  2.0799350E+02  1.7231449E-02  6.2334484E-03  8.4005067E-03  1.7366753E-04  0.0000000E+00
  2.0799350E+02  1.6912239E-02  6.1413137E-03  8.2284642E-03  1.6915894E-04  0.0000000E+00
  2.0799350E+02  1.6577174E-02  6.0470565E-03  8.0431649E-03  1.6475105E-04  0.0000000E+00
  2.0799350E+02  1.6229037E-02  5.9495102E-03  7.8501761E-03  1.6042203E-04  0.0000000E+00
  2.0799350E+02  1.5874924E-02  5.8492637E-03  7.6571439E-03  1.5617832E-04  0.0000000E+00
  2.0799350E+02  1.5521679E-02  5.7476574E-03  7.4698295E-03  1.5200707E-04  0.0000000E+00
  2.0799350E+02  1.5176322E-02  5.6470767E-03  7.2909971E-03  1.4790753E-04  0.0000000E+00
  2.0799350E+02  1.4841488E-02  5.5497130E-03  7.1167544E-03  1.4388197E-04  0.0000000E+00
  2.0799350E+02  1.4515517E-02  5.4567755E-03  6.9385530E-03  1.3993537E-04  0.0000000E+00
  2.0799350E+02  1.4205660E-02  5.3681788E-03  6.7660494E-03  1.3607407E-04  0.0000000E+00
  2.0799350E+02  1.3899455E-02  5.2827040E-03  6.5934357E-03  1.3235915E-04  0.0000000E+00
  2.0799350E+02  1.3592647E-02  5.1982294E-03  6.4221279E-03  1.2872133E-04  0.0000000E+00
  2.0799350E+02  1.3290141E-02  5.1134367E-03  6.2577614E-03  1.2513882E-04  0.0000000E+00
  2.0799350E+02  1.2996969E-02  5.0272256E-03  6.1051960E-03  1.2158763E-04  0.0000000E+00
  2.0799350E+02  1.2717027E-02  4.9393921E-03  5.9678848E-03  1.1805868E-04  0.0000000E+00
  2.0799350E+02  1.2451021E-02  4.8504035E-03  5.8468069E-03  1.1454577E-04  0.0000000E+00
  2.0799350E+02  1.2195996E-02  4.7610489E-03  5.7403533E-03  1.1103630E-04  0.0000000E+00
  2.0799350E+02  1.1948093E-02  4.6728056E-03  5.6456845E-03  1.0753484E-04  0.0000000E+00
  2.0799350E+02  1.1701453E-02  4.5866116E-03  5.5585819E-03  1.0402696E-04  0.0000000E+00
  2.0799350E+02  1.1451750E-02  4.5032373E-03  5.4752516E-03  1.0050620E-04  0.0000000E+00
  2.0799350E+02  1.1196692E-02  4.4228070E-03  5.3928375E-03  9.6964968E-05  0.0000000E+00
  2.0799350E+02  1.0938510E-02  4.3452951E-03  5.3104266E-03  9.3423766E-05  0.0000000E+00
  2.0799350E+02  1.0680757E-02  4.2697870E-03  5.2279280E-03  8.9898535E-05  0.0000000E+00
  2.0799350E+02  1.0427947E-02  4.1953722E-03  5.1454608E-03  8.6430377E-05  0.0000000E+00
  2.0799350E+02  1.0180470E-02  4.1214593E-03  5.0606805E-03  8.3078326E-05  0.0000000E+00
  2.0799350E+02  9.9345863E-03  4.0489958E-03  4.9681956E-03  7.9881481E-05  0.0000000E+00
  2.0799350E+02  9.6949290E-03  3.9782202E-03  4.8720921E-03  7.6805276E-05  0.0000000E+00
  2.0799350E+02  9.4517220E-03  3.9094398E-03  4.7689058E-03  7.3886979E-05  0.0000000E+00
  2.0799350E+02  9.2028031E-03  3.8434546E-03  4.6566038E-03  7.1099821E-05  0.0000000E+00
  2.0799350E+02  8.9498809E-03  3.7810599E-03  4.5353694E-03  6.8440237E-05  0.0000000E+00
  2.0799350E+02  8.6971169E-03  3.7231910E-03  4.4076462E-03  6.5931504E-05  0.0000000E+00
  2.0799350E+02  8.4466180E-03  3.6701016E-03  4.2762068E-03  6.3584979E-05  0.0000000E+00
  2.0799350E+02  8.1994715E-03  3.6217515E-03  4.1444913E-03  6.1411892E-05  0.0000000E+00
  2.0799350E+02  7.9549558E-03  3.5776432E-03  4.0158009E-03  5.9411169E-05  0.0000000E+00
  2.0799350E+02  7.7128808E-03  3.5372085E-03  3.8939095E-03  5.7581705E-05  0.0000000E+00
  2.0799350E+02  7.4719236E-03  3.4994718E-03  3.7814774E-03  5.5901985E-05  0.0000000E+00
  2.0799350E+02  7.2322603E-03  3.4635110E-03  3.6807823E-03  5.4346676E-05  0.0000000E+00
  2.0799350E+02  6.9953688E-03  3.4284588E-03  3.5931722E-03  5.2883814E-05  0.0000000E+00
  2.0799350E+02  2.2645727E-08  1.3371400E-09  2.2034243E-08  5.8891884E-04  0.0000000E+00
  2.0799350E+02  1.2004916E-02  2.9523314E-04  8.8155708E-03  5.8057820E-04  0.0000000E+00
  2.0799350E+02  2.5383748E-02  9.9659934E-04  2.0642081E-02  5.9687566E-04  0.0000000E+00
  2.0799350E+02  2.8417302E-02  2.4955026E-03  2.6705865E-02  6.2830164E-04  0.0000000E+00
  2.0799350E+02  2.8207253E-02  4.6216986E-03  2.8107373E-02  6.7296271E-04  0.0000000E+00
  2.0799350E+02  2.8135001E-02  6.9016042E-03  2.7185264E-02  7.2442731E-04  0.0000000E+00
  2.0799350E+02  2.8586671E-02  9.0131304E-03  2.5455661E-02  7.7520548E-04  0.0000000E+00
  2.0799350E+02  2.9436306E-02  1.0773185E-02  2.3757880E-02  8.1977957E-04  0.0000000E+00
  2.0799350E+02  3.0441846E-02  1.2137839E-02  2.2447391E-02  8.5379586E-04  0.0000000E+00
  2.0799350E+02  3.1447437E-02  1.3134279E-02  2.1575599E-02  8.7404412E-04  0.0000000E+00
  2.0799350E+02  3.2415376E-02  1.3799528E-02  2.1021424E-02  8.7961018E-04  0.0000000E+00
  2.0799350E+02  3.3319810E-02  1.4176896E-02  2.0645642E-02  8.7154161E-04  0.0000000E+00
  2.0799350E+02  3.4109658E-02  1.4310647E-02  2.0364107E-02  8.5220698E-04  0.0000000E+00
  2.0799350E+02  3.4737473E-02  1.4251976E-02  2.0137559E-02  8.2545618E-04  0.0000000E+00
  2.0799350E+02  3.5195920E-02  1.4055316E-02  1.9917058E-02  7.9608197E-04  0.0000000E+00
  2.0799350E+02  3.5468513E-02  1.3762044E-02  1.9612405E-02  7.6854451E-04  0.0000000E+00
  2.0799350E+02  3.5533318E-02  1.3415838E-02  1.9200345E-02  7.4504021E-04  0.0000000E+00
  2.0799350E+02  3.5370227E-02  1.3048664E-02  1.8756299E-02  7.2328403E-04  0.0000000E+00
  2.0799350E+02  3.5036597E-02  1.2684357E-02  1.8332799E-02  6.9976119E-04  0.0000000E+00
  2.0799350E+02  3.4593298E-02  1.2333431E-02  1.7934003E-02  6.7313109E-04  0.0000000E+00
  2.0799350E+02  3.4066677E-02  1.2001040E-02  1.7543735E-02  6.4455726E-04  0.0000000E+00
  2.0799350E+02  3.3448917E-02  1.1685835E-02  1.7141537E-02  6.1597600E-04  0.0000000E+00
  2.0799350E+02  3.2729515E-02  1.1385128E-02  1.6720510E-02  5.8846876E-04  0.0000000E+00
  2.0799350E+02  3.1931235E-02  1.1098705E-02  1.6295505E-02  5.6129681E-04  0.0000000E+00
  2.0799350E+02  3.1112074E-02  1.0826470E-02  1.5890008E-02  5.3216377E-04  0.0000000E+00
  2.0799350E+02  3.0334165E-02  1.0568978E-02  1.5511032E-02  5.0060094E-04  0.0000000E+00
  2.0799350E+02  2.9603489E-02  1.0325210E-02  1.5141685E-02  4.7003718E-04  0.0000000E+00
  2.0799350E+02  2.8829720E-02  1.0088639E-02  1.4773791E-02  4.4177109E-04  0.0000000E+00
  2.0799350E+02  2.8048589E-02  9.8581826E-03  1.4397973E-02  4.1745373E-04  0.0000000E+00
  2.0799350E+02  2.7295779E-02  9.6399089E-03  1.4025693E-02  3.9683678E-04  0.0000000E+00
  2.0799350E+02  2.6584117E-02  9.4413653E-03  1.3673530E-02  3.7928233E-04  0.0000000E+00
  2.0799350E+02  2.5914794E-02  9.2681124E-03  1.3357319E-02  3.6417226E-04  0.0000000E+00
  2.0799350E+02  2.5276803E-02  9.1197396E-03  1.3083552E-02  3.5087860E-04  0.0000000E+00
  2.0799350E+02  2.4664339E-02  8.9928261E-03  1.2852356E-02  3.3904392E-04  0.0000000E+00
  2.0799350E+02  2.4074591E-02  8.8807200E-03  1.2654606E-02  3.2838260E-04  0.0000000E+00
  2.0799350E+02  2.3514395E-02  8.7766922E-03  1.2476002E-02  3.1870006E-04  0.0000000E+00
  2.0799350E+02  2.3001927E-02  8.6763183E-03  1.2301169E-02  3.0987524E-04  0.0000000E+00
  2.0799350E+02  2.2554160E-02  8.5772325E-03  1.2115617E-02  3.0173998E-04  0.0000000E+00
  2.0799350E+02  2.2177367E-02  8.4787021E-03  1.1910340E-02  2.9420491E-04  0.0000000E+00
  2.0799350E+02  2.1871569E-02  8.3796333E-03  1.1698151E-02  2.8734900E-04  0.0000000E+00
  2.0799350E+02  2.1616938E-02  8.2836536E-03  1.1492979E-02  2.8094538E-04  0.0000000E+00
  2.0799350E+02  2.1383888E-02  8.1922959E-03  1.1301566E-02  2.7474797E-04  0.0000000E+00
  2.0799350E+02  2.1161622E-02  8.1047016E-03  1.1126688E-02  2.6854831E-04  0.0000000E+00
  2.0799350E+02  2.0941913E-02  8.0192769E-03  1.0962769E-02  2.6223440E-04  0.0000000E+00
  2.0799350E+02  2.0720328E-02  7.9342520E-03  1.0802499E-02  2.5579517E-04  0.0000000E+00
  2.0799350E+02  2.0493470E-02  7.8469120E-03  1.0638435E-02  2.4921747E-04  0.0000000E+00
  2.0799350E+02  2.0262042E-02  7.7552446E-03  1.0467221E-02  2.4256108E-04  0.0000000E+00
  2.0799350E+02  2.0027685E-02  7.6572741E-03  1.0287968E-02  2.3586387E-04  0.0000000E+00
  2.0799350E+02  1.9793658E-02  7.5518483E-03  1.0102525E-02  2.2916868E-04  0.0000000E+00
  2.0799350E+02  1.9565355E-02  7.4394823E-03  9.9153559E-03  2.2255501E-04  0.0000000E+00
  2.0799350E+02  1.9346764E-02  7.3212343E-03  9.7301476E-03  2.1606526E-04  0.0000000E+00
  2.0799350E+02  1.9140500E-02  7.1989433E-03  9.5496065E-03  2.0974267E-04  0.0000000E+00
  2.0799350E+02  1.8947228E-02  7.0752758E-03  9.3757805E-03  2.0366699E-04  0.0000000E+00
  2.0799350E+02  1.8761167E-02  6.9510700E-03  9.2081470E-03  1.9788004E-04  0.0000000E+00
  2.0799350E+02  1.8579618E-02  6.8275922E-03  9.0499898E-03  1.9244030E-04  0.0000000E+00
  2.0799350E+02  1.8390085E-02  6.7098289E-03  8.9024254E-03  1.8735117E-04  0.0000000E+00
  2.0799350E+02  1.8180545E-02  6.5969817E-03  8.7661346E-03  1.8262497E-04  0.0000000E+00
  2.0799350E+02  1.7950126E-02  6.4895351E-03  8.6385700E-03  1.7820239E-04  0.0000000E+00
  2.0799350E+02  1.7697469E-02  6.3873861E-03  8.5130920E-03  1.7396533E-04  0.0000000E+00
  2.0799350E+02  1.7423602E-02  6.2906556E-03  8.3838737E-03  1.6984104E-04  0.0000000E+00
  2.0799350E+02  1.7128745E-02  6.1981369E-03  8.2460978E-03  1.6576677E-04  0.0000000E+00
  2.0799350E+02  1.6813626E-02  6.1079964E-03  8.0973531E-03  1.6171607E-04  0.0000000E+00
  2.0799350E+02  1.6481573E-02  6.0185856E-03  7.9384986E-03  1.5771201E-04  0.0000000E+00
  2.0799350E+02  1.6134723E-02  5.9277891E-03  7.7711903E-03  1.5376192E-04  0.0000000E+00
  2.0799350E+02  1.5778900E-02  5.8348037E-03  7.5992382E-03  1.4989860E-04  0.0000000E+00
  2.0799350E+02  1.5419236E-02  5.7393515E-03  7.4255070E-03  1.4611735E-04  0.0000000E+00
  2.0799350E+02  1.5061599E-02  5.6422586E-03  7.2518649E-03  1.4239253E-04  0.0000000E+00
  2.0799350E+02  1.4713692E-02  5.5457344E-03  7.0795174E-03  1.3870444E-04  0.0000000E+00
  2.0799350E+02  1.4379788E-02  5.4515698E-03  6.9070548E-03  1.3502385E-04  0.0000000E+00
  2.0799350E+02  1.4060700E-02  5.3603140E-03  6.7320623E-03  1.3137909E-04  0.0000000E+00
  2.0799350E+02  1.3756880E-02  5.2709100E-03  6.5568188E-03  1.2788147E-04  0.0000000E+00
  2.0799350E+02  1.3466632E-02  5.1839188E-03  6.3887818E-03  1.2440796E-04  0.0000000E+00
  2.0799350E+02  1.3180783E-02  5.0977914E-03  6.2288293E-03  1.2098555E-04  0.0000000E+00
  2.0799350E+02  1.2902045E-02  5.0119924E-03  6.0820169E-03  1.1756045E-04  0.0000000E+00
  2.0799350E+02  1.2632517E-02  4.9259083E-03  5.9500462E-03  1.1411292E-04  0.0000000E+00
  2.0799350E+02  1.2374027E-02  4.8396403E-03  5.8329120E-03  1.1066368E-04  0.0000000E+00
  2.0799350E+02  1.2124523E-02  4.7530557E-03  5.7282088E-03  1.0722038E-04  0.0000000E+00
  2.0799350E+02  1.1882109E-02  4.6670088E-03  5.6335988E-03  1.0381867E-04  0.0000000E+00
  2.0799350E+02  1.1642597E-02  4.5821260E-03  5.5460514E-03  1.0047258E-04  0.0000000E+00
  2.0799350E+02  1.1401791E-02  4.4990919E-03  5.4629095E-03  9.7189178E-05  0.0000000E+00
  2.0799350E+02  1.1157715E-02  4.4188787E-03  5.3825447E-03  9.3983689E-05  0.0000000E+00
  2.0799350E+02  1.0908797E-02  4.3416692E-03  5.3035403E-03  9.0844157E-05  0.0000000E+00
  2.0799350E+02  1.0655553E-02  4.2672161E-03  5.2250200E-03  8.7752014E-05  0.0000000E+00
  2.0799350E+02  1.0401857E-02  4.1952260E-03  5.1467093E-03  8.4702931E-05  0.0000000E+00
  2.0799350E+02  1.0150893E-02  4.1245983E-03  5.0673688E-03  8.1675288E-05  0.0000000E+00
  2.0799350E+02  9.9069817E-03  4.0548407E-03  4.9851070E-03  7.8683818E-05  0.0000000E+00
  2.0799350E+02  9.6695062E-03  3.9857955E-03  4.8953131E-03  7.5753638E-05  0.0000000E+00
  2.0799350E+02  9.4330946E-03  3.9183052E-03  4.7931041E-03  7.2919211E-05  0.0000000E+00
  2.0799350E+02  9.1962408E-03  3.8527096E-03  4.6854803E-03  7.0210691E-05  0.0000000E+00
  2.0799350E+02  8.9535554E-03  3.7902631E-03  4.5698770E-03  6.7647967E-05  0.0000000E+00
  2.0799350E+02  8.7074071E-03  3.7321830E-03  4.4471941E-03  6.5235842E-05  0.0000000E+00
  2.0799350E+02  8.4604634E-03  3.6789340E-03  4.3193953E-03  6.2975020E-05  0.0000000E+00
  2.0799350E+02  8.2152732E-03  3.6305509E-03  4.1893834E-03  6.0868088E-05  0.0000000E+00
  2.0799350E+02  7.9747031E-03  3.5868851E-03  4.0611645E-03  5.8923985E-05  0.0000000E+00
  2.0799350E+02  7.7390530E-03  3.5471669E-03  3.9379819E-03  5.7132542E-05  0.0000000E+00
  2.0799350E+02  7.5076569E-03  3.5104200E-03  3.8227104E-03  5.5476617E-05  0.0000000E+00
  2.0799350E+02  7.2806407E-03  3.4757717E-03  3.7181881E-03  5.3941181E-05  0.0000000E+00
  2.0799350E+02  7.0567146E-03  3.4421466E-03  3.6256534E-03  5.2495681E-05  0.0000000E+00
  2.0799350E+02  6.8370863E-03  3.4089043E-03  3.5461505E-03  5.1119760E-05  0.0000000E+00
  2.0799350E+02  6.6230575E-03  3.3755074E-03  3.4792962E-03  4.9788302E-05  0.0000000E+00
  2.0799350E+02  0.0000000E+00  0.0000000E+00  0.0000000E+00  5.5844060E-04  0.0000000E+00
  2.0799350E+02  9.7359095E-03  4.1996852E-05  3.7843255E-03  5.5605821E-04  0.0000000E+00
  2.0799350E+02  2.5425912E-02  4.2293914E-04  1.0697670E-02  5.5775504E-04  0.0000000E+00
  2.0799350E+02  3.1249616E-02  1.4079944E-03  1.6513952E-02  5.5907931E-04  0.0000000E+00
  2.0799350E+02  3.0743619E-02  2.9111515E-03  1.9803262E-02  5.6377504E-04  0.0000000E+00
  2.0799350E+02  2.9194173E-02  4.6664506E-03  2.0966049E-02  5.7395754E-04  0.0000000E+00
  2.0799350E+02  2.8193935E-02  6.4384679E-03  2.0866846E-02  5.8871450E-04  0.0000000E+00
  2.0799350E+02  2.7855017E-02  8.0777310E-03  2.0251414E-02  6.0617278E-04  0.0000000E+00
  2.0799350E+02  2.7931456E-02  9.4981543E-03  1.9588421E-02  6.2360532E-04  0.0000000E+00
  2.0799350E+02  2.8287614E-02  1.0653503E-02  1.9062127E-02  6.3797462E-04  0.0000000E+00
  2.0799350E+02  2.8819869E-02  1.1527000E-02  1.8712591E-02  6.4558710E-04  0.0000000E+00
  2.0799350E+02  2.9447496E-02  1.2135040E-02  1.8523615E-02  6.4414319E-04  0.0000000E+00
  2.0799350E+02  3.0099954E-02  1.2517225E-02  1.8440849E-02  6.3423827E-04  0.0000000E+00
  2.0799350E+02  3.0702649E-02  1.2718239E-02  1.8373236E-02  6.1942838E-04  0.0000000E+00
  2.0799350E+02  3.1187127E-02  1.2774054E-02  1.8229763E-02  6.0420881E-04  0.0000000E+00
  2.0799350E+02  3.1545299E-02  1.2716027E-02  1.8023836E-02  5.9011513E-04  0.0000000E+00
  2.0799350E+02  3.1779454E-02  1.2573535E-02  1.7815120E-02  5.7657054E-04  0.0000000E+00
  2.0799350E+02  3.1908121E-02  1.2376424E-02  1.7584660E-02  5.6354505E-04  0.0000000E+00
  2.0799350E+02  3.1943496E-02  1.2149943E-02  1.7323041E-02  5.5066428E-04  0.0000000E+00
  2.0799350E+02  3.1886573E-02  1.1912864E-02  1.7031373E-02  5.3734086E-04  0.0000000E+00
  2.0799350E+02  3.1736890E-02  1.1679109E-02  1.6711886E-02  5.2328340E-04  0.0000000E+00
  2.0799350E+02  3.1495546E-02  1.1457021E-02  1.6368029E-02  5.0854651E-04  0.0000000E+00
  2.0799350E+02  3.1164877E-02  1.1247949E-02  1.6008460E-02  4.9332328E-04  0.0000000E+00
  2.0799350E+02  3.0748141E-02  1.1045778E-02  1.5649274E-02  4.7768106E-04  0.0000000E+00
  2.0799350E+02  3.0252582E-02  1.0839068E-02  1.5308865E-02  4.6144199E-04  0.0000000E+00
  2.0799350E+02  2.9699257E-02  1.0617436E-02  1.4989777E-02  4.4440932E-04  0.0000000E+00
  2.0799350E+02  2.9119196E-02  1.0386376E-02  1.4673164E-02  4.2694780E-04  0.0000000E+00
  2.0799350E+02  2.8479648E-02  1.0151758E-02  1.4358126E-02  4.0860293E-04  0.0000000E+00
  2.0799350E+02  2.7795701E-02  9.9139372E-03  1.4057722E-02  3.8974396E-04  0.0000000E+00
  2.0799350E+02  2.7102082E-02  9.6787545E-03  1.3766650E-02  3.7152971E-04  0.0000000E+00
  2.0799350E+02  2.6425670E-02  9.4536569E-03  1.3475860E-02  3.5503597E-04  0.0000000E+00
  2.0799350E+02  2.5776495E-02  9.2456828E-03  1.3185129E-02  3.4086263E-04  0.0000000E+00
  2.0799350E+02  2.5149628E-02  9.0598684E-03  1.2904340E-02  3.2903299E-04  0.0000000E+00
  2.0799350E+02  2.4533706E-02  8.8981821E-03  1.2647659E-02  3.1910118E-04  0.0000000E+00
  2.0799350E+02  2.3921846E-02  8.7590951E-03  1.2424761E-02  3.1038306E-04  0.0000000E+00
  2.0799350E+02  2.3320689E-02  8.6378958E-03  1.2233285E-02  3.0222632E-04  0.0000000E+00
  2.0799350E+02  2.2753317E-02  8.5278536E-03  1.2056692E-02  2.9423535E-04  0.0000000E+00
  2.0799350E+02  2.2251797E-02  8.4223427E-03  1.1871703E-02  2.8636647E-04  0.0000000E+00
  2.0799350E+02  2.1835094E-02  8.3180302E-03  1.1669467E-02  2.7880916E-04  0.0000000E+00
  2.0799350E+02  2.1494113E-02  8.2163469E-03  1.1475912E-02  2.7162128E-04  0.0000000E+00
  2.0799350E+02  2.1213716E-02  8.1200395E-03  1.1284446E-02  2.6476126E-04  0.0000000E+00
  2.0799350E+02  2.0965301E-02  8.0275591E-03  1.1100584E-02  2.5828925E-04  0.0000000E+00
  2.0799350E+02  2.0734503E-02  7.9367674E-03  1.0925417E-02  2.5215049E-04  0.0000000E+00
  2.0799350E+02  2.0510170E-02  7.8468113E-03  1.0756069E-02  2.4622972E-04  0.0000000E+00
  2.0799350E+02  2.0285109E-02  7.7573338E-03  1.0588296E-02  2.4040964E-04  0.0000000E+00
  2.0799350E+02  2.0056206E-02  7.6679643E-03  1.0418279E-02  2.3460127E-04  0.0000000E+00
  2.0799350E+02  1.9824008E-02  7.5780493E-03  1.0243702E-02  2.2875352E-04  0.0000000E+00
  2.0799350E+02  1.9591885E-02  7.4865865E-03  1.0064227E-02  2.2284888E-04  0.0000000E+00
  2.0799350E+02  1.9364863E-02  7.3923249E-03  9.8814349E-03  2.1689234E-04  0.0000000E+00
  2.0799350E+02  1.9148222E-02  7.2939912E-03  9.6983552E-03  2.1090080E-04  0.0000000E+00
  2.0799350E+02  1.8945974E-02  7.1906073E-03  9.5186601E-03  2.0489977E-04  0.0000000E+00
  2.0799350E+02  1.8759310E-02  7.0818577E-03  9.3456283E-03  1.9893470E-04  0.0000000E+00
  2.0799350E+02  1.8585115E-02  6.9684725E-03  9.1809710E-03  1.9310390E-04  0.0000000E+00
  2.0799350E+02  1.8414659E-02  6.8525854E-03  9.0236160E-03  1.8762011E-04  0.0000000E+00
  2.0799350E+02  1.8244402E-02  6.7353065E-03  8.8688724E-03  1.8256329E-04  0.0000000E+00
  2.0799350E+02  1.8059275E-02  6.6215072E-03  8.7097547E-03  1.7793496E-04  0.0000000E+00
  2.0799350E+02  1.7854952E-02  6.5123303E-03  8.5561925E-03  1.7374758E-04  0.0000000E+00
  2.0799350E+02  1.7632168E-02  6.4067594E-03  8.4116576E-03  1.6982066E-04  0.0000000E+00
  2.0799350E+02  1.7387643E-02  6.3045554E-03  8.2736010E-03  1.6602646E-04  0.0000000E+00
  2.0799350E+02  1.7118126E-02  6.2056895E-03  8.1374173E-03  1.6228304E-04  0.0000000E+00
  2.0799350E+02  1.6822622E-02  6.1100104E-03  7.9988731E-03  1.5854676E-04  0.0000000E+00
  2.0799350E+02  1.6503166E-02  6.0171023E-03  7.8552949E-03  1.5480421E-04  0.0000000E+00
  2.0799350E+02  1.6164520E-02  5.9262875E-03  7.7058164E-03  1.5106386E-04  0.0000000E+00
  2.0799350E+02  1.5813174E-02  5.8367298E-03  7.5509808E-03  1.4734763E-04  0.0000000E+00
  2.0799350E+02  1.5455998E-02  5.7475942E-03  7.3919956E-03  1.4368254E-04  0.0000000E+00
  2.0799350E+02  1.5098943E-02  5.6582184E-03  7.2299387E-03  1.4009269E-04  0.0000000E+00
  2.0799350E+02  1.4746146E-02  5.5682505E-03  7.0652118E-03  1.3659176E-04  0.0000000E+00
  2.0799350E+02  1.4399806E-02  5.4777093E-03  6.8975391E-03  1.3317619E-04  0.0000000E+00
  2.0799350E+02  1.4061223E-02  5.3869232E-03  6.7268092E-03  1.2981930E-04  0.0000000E+00
  2.0799350E+02  1.3733348E-02  5.2963009E-03  6.5550563E-03  1.2646649E-04  0.0000000E+00
  2.0799350E+02  1.3424805E-02  5.2054443E-03  6.3899476E-03  1.2310394E-04  0.0000000E+00
  2.0799350E+02  1.3138332E-02  5.1148240E-03  6.2319004E-03  1.1974444E-04  0.0000000E+00
  2.0799350E+02  1.2866552E-02  5.0252961E-03  6.0848298E-03  1.1628863E-04  0.0000000E+00
  2.0799350E+02  1.2606233E-02  4.9361549E-03  5.9535999E-03  1.1281250E-04  0.0000000E+00
  2.0799350E+02  1.2356052E-02  4.8473959E-03  5.8380742E-03  1.0934302E-04  0.0000000E+00
  2.0799350E+02  1.2114784E-02  4.7594109E-03  5.7355069E-03  1.0589160E-04  0.0000000E+00
  2.0799350E+02  1.1880416E-02  4.6727575E-03  5.6422511E-03  1.0247258E-04  0.0000000E+00
  2.0799350E+02  1.1649971E-02  4.5879926E-03  5.5548745E-03  9.9109672E-05  0.0000000E+00
  2.0799350E+02  1.1419868E-02  4.5055641E-03  5.4707729E-03  9.5833739E-05  0.0000000E+00
  2.0799350E+02  1.1187011E-02  4.4258926E-03  5.3885210E-03  9.2680725E-05  0.0000000E+00
  2.0799350E+02  1.0947889E-02  4.3487780E-03  5.3071584E-03  8.9658930E-05  0.0000000E+00
  2.0799350E+02  1.0701810E-02  4.2742825E-03  5.2267372E-03  8.6774399E-05  0.0000000E+00
  2.0799350E+02  1.0449660E-02  4.2021841E-03  5.1472365E-03  8.4002757E-05  0.0000000E+00
  2.0799350E+02  1.0194272E-02  4.1321785E-03  5.0681770E-03  8.1297437E-05  0.0000000E+00
  2.0799350E+02  9.9397009E-03  4.0639424E-03  4.9881277E-03  7.8602598E-05  0.0000000E+00
  2.0799350E+02  9.6896184E-03  3.9971972E-03  4.9043447E-03  7.5879804E-05  0.0000000E+00
  2.0799350E+02  9.4446287E-03  3.9317646E-03  4.8126344E-03  7.3151658E-05  0.0000000E+00
  2.0799350E+02  9.2019026E-03  3.8675850E-03  4.7098797E-03  7.0485227E-05  0.0000000E+00
  2.0799350E+02  8.9640159E-03  3.8044634E-03  4.6008507E-03  6.7893350E-05  0.0000000E+00
  2.0799350E+02  8.7258963E-03  3.7439055E-03  4.4842588E-03  6.5466443E-05  0.0000000E+00
  2.0799350E+02  8.4867322E-03  3.6874286E-03  4.3614356E-03  6.3203026E-05  0.0000000E+00
  2.0799350E+02  8.2473476E-03  3.6359026E-03  4.2350659E-03  6.1103928E-05  0.0000000E+00
  2.0799350E+02  8.0092853E-03  3.5895362E-03  4.1085201E-03  5.9166066E-05  0.0000000E+00
  2.0799350E+02  7.7741902E-03  3.5479513E-03  3.9853125E-03  5.7379483E-05  0.0000000E+00
  2.0799350E+02  7.5434507E-03  3.5103230E-03  3.8686809E-03  5.5727011E-05  0.0000000E+00
  2.0799350E+02  7.3180500E-03  3.4755608E-03  3.7612780E-03  5.4185891E-05  0.0000000E+00
  2.0799350E+02  7.0985854E-03  3.4425065E-03  3.6649669E-03  5.2730689E-05  0.0000000E+00
  2.0799350E+02  6.8854075E-03  3.4101275E-03  3.5807143E-03  5.1336873E-05  0.0000000E+00
  2.0799350E+02  6.6788367E-03  3.3776791E-03  3.5085724E-03  4.9984366E-05  0.0000000E+00
  2.0799350E+02  6.4794110E-03  3.3448136E-03  3.4477432E-03  4.8660446E-05  0.0000000E+00
