          atime         vdf_uu         vdf_vv         vdf_ww         pm1avg           tavg
  2.0799350E+02  4.0641664E-02  1.3118911E-03  3.3487342E-02 -5.1768939E-02  0.0000000E+00
  2.0799350E+02  4.8812853E-02  1.5270539E-03  4.4090821E-03 -5.1810476E-02  0.0000000E+00
  2.0799350E+02  2.0190067E-02  1.2706584E-03  2.9209515E-03 -5.1832752E-02  0.0000000E+00
  2.0799350E+02 -3.2660632E-02  8.3640267E-04  2.3672299E-03 -5.1839544E-02  0.0000000E+00
  2.0799350E+02 -4.1850155E-02  8.1137716E-04 -1.2486764E-03 -5.1809062E-02  0.0000000E+00
  2.0799350E+02 -2.2586804E-02  8.8445158E-04 -4.8195317E-03 -5.1753684E-02  0.0000000E+00
  2.0799350E+02 -5.7208915E-03  8.3460356E-04 -5.7060963E-03 -5.1705599E-02  0.0000000E+00
  2.0799350E+02  1.9831477E-03  6.0776080E-04 -4.5793680E-03 -5.1690854E-02  0.0000000E+00
  2.0799350E+02  4.0233339E-03  9.4502872E-05 -2.4799534E-03 -5.1704730E-02  0.0000000E+00
  2.0799350E+02  4.3102038E-03 -4.5933546E-04 -1.1012529E-03 -5.1713309E-02  0.0000000E+00
  2.0799350E+02  3.7052232E-03 -8.7192925E-04 -3.6425277E-04 -5.1676756E-02  0.0000000E+00
  2.0799350E+02  2.9412332E-03 -1.0958025E-03 -1.9345872E-05 -5.1554776E-02  0.0000000E+00
  2.0799350E+02  2.2545596E-03 -1.1868801E-03 -5.8759837E-06 -5.1314032E-02  0.0000000E+00
  2.0799350E+02  1.6918940E-03 -1.2339442E-03 -2.1136217E-04 -5.0939513E-02  0.0000000E+00
  2.0799350E+02  1.3553664E-03 -1.2806927E-03 -2.9595469E-04 -5.0430306E-02  0.0000000E+00
  2.0799350E+02  8.7494002E-04 -1.2538050E-03 -1.5285515E-04 -4.9795416E-02  0.0000000E+00
  2.0799350E+02  1.3195796E-04 -1.0701040E-03  1.2187369E-04 -4.9052061E-02  0.0000000E+00
  2.0799350E+02 -2.2295103E-04 -8.2493632E-04  1.7843871E-04 -4.8221614E-02  0.0000000E+00
  2.0799350E+02 -2.5771852E-04 -5.8127601E-04 -3.8389915E-05 -4.7328864E-02  0.0000000E+00
  2.0799350E+02 -2.1300146E-04 -3.6283744E-04 -3.5442801E-04 -4.6384967E-02  0.0000000E+00
  2.0799350E+02 -2.4426114E-04 -1.6798406E-04 -5.6475949E-04 -4.5405385E-02  0.0000000E+00
  2.0799350E+02 -3.5622693E-04  1.0144593E-05 -5.4874075E-04 -4.4398823E-02  0.0000000E+00
  2.0799350E+02 -4.6110770E-04  1.5997406E-04 -3.1157844E-04 -4.3370604E-02  0.0000000E+00
  2.0799350E+02 -4.9219796E-04  2.4206832E-04  1.2848495E-05 -4.2327541E-02  0.0000000E+00
  2.0799350E+02 -5.1057590E-04  2.0844370E-04  1.8779556E-04 -4.1269159E-02  0.0000000E+00
  2.0799350E+02 -7.3501785E-04  5.7869467E-05 -1.0508735E-04 -4.0201255E-02  0.0000000E+00
  2.0799350E+02 -1.1061650E-03  1.9940698E-07 -3.1851865E-04 -3.9133389E-02  0.0000000E+00
  2.0799350E+02 -8.9231520E-04  4.0655929E-05 -1.0906656E-04 -3.8073019E-02  0.0000000E+00
  2.0799350E+02 -6.2290873E-04  4.5646600E-05  3.9014494E-05 -3.7025380E-02  0.0000000E+00
  2.0799350E+02 -4.8839396E-04  1.6151180E-05  9.0731334E-05 -3.5986310E-02  0.0000000E+00
  2.0799350E+02 -4.6019351E-04 -1.2992960E-05  7.6996840E-05 -3.4955008E-02  0.0000000E+00
  2.0799350E+02 -4.6274090E-04 -1.2845044E-05  4.3167269E-05 -3.3937170E-02  0.0000000E+00
  2.0799350E+02 -4.4974070E-04  2.2467878E-05  2.0058136E-05 -3.2931404E-02  0.0000000E+00
  2.0799350E+02 -4.1476533E-04  7.5977186E-05  1.4472166E-05 -3.1944134E-02  0.0000000E+00
  2.0799350E+02 -3.6476141E-04  1.1959896E-04  1.3865423E-05 -3.0977458E-02  0.0000000E+00
  2.0799350E+02 -2.8690396E-04  1.3028669E-04  1.6152259E-06 -3.0034851E-02  0.0000000E+00
  2.0799350E+02 -1.3908941E-04  1.0542452E-04 -2.2053849E-05 -2.9125082E-02  0.0000000E+00
  2.0799350E+02  1.0824922E-04  7.1229581E-05 -1.7975116E-05 -2.8249235E-02  0.0000000E+00
  2.0799350E+02  3.4720528E-04  7.7808072E-05  1.1158558E-04 -2.7400717E-02  0.0000000E+00
  2.0799350E+02  3.7269902E-04  1.1634415E-04  2.1432526E-04 -2.6578645E-02  0.0000000E+00
  2.0799350E+02  4.5079481E-04  9.2293767E-05  1.5116323E-04 -2.5777846E-02  0.0000000E+00
  2.0799350E+02  4.5310376E-04  6.1992108E-05  1.2103778E-04 -2.4996998E-02  0.0000000E+00
  2.0799350E+02  3.7219072E-04  4.2128822E-05  9.9175563E-05 -2.4238723E-02  0.0000000E+00
  2.0799350E+02  2.5053428E-04  3.3034993E-05  7.5245388E-05 -2.3502439E-02  0.0000000E+00
  2.0799350E+02  1.3996201E-04  2.8361799E-05  4.7780164E-05 -2.2790135E-02  0.0000000E+00
  2.0799350E+02  7.5918961E-05  2.1243926E-05  1.9761733E-05 -2.2098245E-02  0.0000000E+00
  2.0799350E+02  6.8795399E-05  7.8479494E-06 -3.9008933E-06 -2.1428244E-02  0.0000000E+00
  2.0799350E+02  1.0410020E-04 -1.1584986E-05 -1.8644640E-05 -2.0777739E-02  0.0000000E+00
  2.0799350E+02  1.5200619E-04 -3.3332777E-05 -2.1245317E-05 -2.0144029E-02  0.0000000E+00
  2.0799350E+02  1.8023590E-04 -5.1790962E-05 -1.0637575E-05 -1.9527093E-02  0.0000000E+00
  2.0799350E+02  1.6941624E-04 -6.2081060E-05  1.1477907E-05 -1.8922789E-02  0.0000000E+00
  2.0799350E+02  1.2540808E-04 -6.2281260E-05  4.0084578E-05 -1.8326928E-02  0.0000000E+00
  2.0799350E+02  8.7482890E-05 -5.5376667E-05  6.5628454E-05 -1.7739732E-02  0.0000000E+00
  2.0799350E+02  1.2721202E-04 -5.0068342E-05  7.2762672E-05 -1.7160781E-02  0.0000000E+00
  2.0799350E+02  1.3726493E-04 -5.6950487E-05 -1.0830546E-05 -1.6592342E-02  0.0000000E+00
  2.0799350E+02  2.2309619E-05 -5.8175386E-05 -4.8685515E-05 -1.6033649E-02  0.0000000E+00
  2.0799350E+02 -7.6948086E-05 -5.5128045E-05 -2.2529862E-05 -1.5488873E-02  0.0000000E+00
  2.0799350E+02 -1.5025206E-04 -5.2260076E-05  1.6241001E-05 -1.4960795E-02  0.0000000E+00
  2.0799350E+02 -1.9391977E-04 -5.0803051E-05  4.2983446E-05 -1.4448522E-02  0.0000000E+00
  2.0799350E+02 -2.0953979E-04 -4.9834001E-05  4.9819950E-05 -1.3954389E-02  0.0000000E+00
  2.0799350E+02 -2.0315695E-04 -4.7380828E-05  3.8736296E-05 -1.3477196E-02  0.0000000E+00
  2.0799350E+02 -1.8267950E-04 -4.1503601E-05  1.6142770E-05 -1.3015156E-02  0.0000000E+00
  2.0799350E+02 -1.5576545E-04 -3.1257839E-05 -1.0286688E-05 -1.2568524E-02  0.0000000E+00
  2.0799350E+02 -1.2741453E-04 -1.7232243E-05 -3.3915838E-05 -1.2134223E-02  0.0000000E+00
  2.0799350E+02 -9.8964131E-05 -1.8967690E-06 -4.9740371E-05 -1.1712648E-02  0.0000000E+00
  2.0799350E+02 -6.7669249E-05  1.0904036E-05 -5.4848616E-05 -1.1302395E-02  0.0000000E+00
  2.0799350E+02 -2.8497255E-05  1.6872161E-05 -4.7943627E-05 -1.0902713E-02  0.0000000E+00
  2.0799350E+02  2.1715894E-05  1.3066776E-05 -2.9095868E-05 -1.0515254E-02  0.0000000E+00
  2.0799350E+02  7.8030987E-05  7.2483646E-07  4.6991965E-07 -1.0139014E-02  0.0000000E+00
  2.0799350E+02  1.1731593E-04 -1.1012294E-05  3.8002308E-05 -9.7712642E-03  0.0000000E+00
  2.0799350E+02  1.1107200E-04 -1.0706350E-05  5.0006295E-05 -9.4110534E-03  0.0000000E+00
  2.0799350E+02  1.4629687E-04 -2.0038577E-05  3.3457292E-05 -9.0619972E-03  0.0000000E+00
  2.0799350E+02  1.6900753E-04 -2.2600337E-05  5.4160949E-05 -8.7199815E-03  0.0000000E+00
  2.0799350E+02  1.6298189E-04 -1.7793543E-05  8.1666926E-05 -8.3848788E-03  0.0000000E+00
  2.0799350E+02  1.3322000E-04 -6.4703304E-06  9.9398738E-05 -8.0557821E-03  0.0000000E+00
  2.0799350E+02  9.2410280E-05  9.3708154E-06  1.0084320E-04 -7.7333888E-03  0.0000000E+00
  2.0799350E+02  5.2174916E-05  2.7206794E-05  8.6529509E-05 -7.4162857E-03  0.0000000E+00
  2.0799350E+02  1.9647437E-05  4.4253392E-05  6.1243105E-05 -7.1057605E-03  0.0000000E+00
  2.0799350E+02 -3.5899012E-06  5.8120316E-05  3.1585181E-05 -6.8017851E-03  0.0000000E+00
  2.0799350E+02 -1.9566660E-05  6.7068571E-05  4.1362989E-06 -6.5046502E-03  0.0000000E+00
  2.0799350E+02 -3.1118642E-05  7.0265571E-05 -1.5793138E-05 -6.2163099E-03  0.0000000E+00
  2.0799350E+02 -3.9239209E-05  6.8028891E-05 -2.5455649E-05 -5.9369508E-03  0.0000000E+00
  2.0799350E+02 -4.1211604E-05  6.1713107E-05 -2.4975051E-05 -5.6664618E-03  0.0000000E+00
  2.0799350E+02 -3.1060451E-05  5.3558141E-05 -1.7503675E-05 -5.4056889E-03  0.0000000E+00
  2.0799350E+02 -3.2164806E-06  4.6138465E-05 -8.8172636E-06 -5.1530684E-03  0.0000000E+00
  2.0799350E+02  3.9214176E-05  4.1717968E-05 -6.5329254E-06 -4.9085502E-03  0.0000000E+00
  2.0799350E+02  7.1215357E-05  4.1107517E-05 -1.8699917E-05 -4.6707719E-03  0.0000000E+00
  2.0799350E+02  6.8636685E-05  3.8886282E-05 -4.2260190E-05 -4.4392335E-03  0.0000000E+00
  2.0799350E+02  8.9742935E-05  2.9082492E-05 -5.8058020E-05 -4.2141158E-03  0.0000000E+00
  2.0799350E+02  9.1887539E-05  2.6015003E-05 -6.6494192E-05 -3.9949426E-03  0.0000000E+00
  2.0799350E+02  7.6291460E-05  3.1865425E-05 -6.2653943E-05 -3.7835312E-03  0.0000000E+00
  2.0799350E+02  5.2510109E-05  4.2864279E-05 -4.6972098E-05 -3.5801251E-03  0.0000000E+00
  2.0799350E+02  3.1035578E-05  5.3587941E-05 -2.2697681E-05 -3.3845907E-03  0.0000000E+00
  2.0799350E+02  1.9291517E-05  5.9492076E-05  5.6008806E-06 -3.1974324E-03  0.0000000E+00
  2.0799350E+02  1.9727604E-05  5.8339574E-05  3.3453251E-05 -3.0177691E-03  0.0000000E+00
  2.0799350E+02  3.0286129E-05  5.0352386E-05  5.7046319E-05 -2.8445645E-03  0.0000000E+00
  2.0799350E+02  4.5829504E-05  3.7812563E-05  7.3454041E-05 -2.6776344E-03  0.0000000E+00
  2.0799350E+02  6.0561341E-05  2.3985663E-05  8.1037965E-05 -2.5156268E-03  0.0000000E+00
  2.0799350E+02  7.0218322E-05  1.2129217E-05  7.9254166E-05 -2.3585385E-03  0.0000000E+00
  2.0799350E+02  7.4096867E-05  4.2885152E-06  6.8823568E-05 -2.2057215E-03  0.0000000E+00
  2.0799350E+02  1.9153835E-02  1.5294697E-03  1.8862294E-02 -2.1404089E-02  0.0000000E+00
  2.0799350E+02  8.6797052E-03  8.5619813E-04  1.5977183E-03 -2.1611591E-02  0.0000000E+00
  2.0799350E+02  1.6594242E-02  9.2868886E-04 -7.1454331E-04 -2.1834745E-02  0.0000000E+00
  2.0799350E+02  2.3465369E-02  7.1515152E-04 -5.2889059E-05 -2.2112740E-02  0.0000000E+00
  2.0799350E+02  1.4378224E-02  1.7000619E-04  1.3984704E-03 -2.2422798E-02  0.0000000E+00
  2.0799350E+02 -9.2200047E-03 -2.8722437E-04  2.0354171E-03 -2.2729033E-02  0.0000000E+00
  2.0799350E+02 -2.6941926E-02 -3.5680893E-04  1.5627549E-03 -2.3022453E-02  0.0000000E+00
  2.0799350E+02 -2.8863073E-02 -5.0167600E-05  1.1596966E-04 -2.3324628E-02  0.0000000E+00
  2.0799350E+02 -1.9161968E-02  3.7526783E-04 -1.4590742E-03 -2.3661799E-02  0.0000000E+00
  2.0799350E+02 -8.0825880E-03  6.7931074E-04 -2.4854622E-03 -2.4079126E-02  0.0000000E+00
  2.0799350E+02 -1.0274342E-03  7.0095295E-04 -2.7539860E-03 -2.4583760E-02  0.0000000E+00
  2.0799350E+02  2.4249228E-03  5.1549341E-04 -2.2825012E-03 -2.5165339E-02  0.0000000E+00
  2.0799350E+02  3.5159836E-03  2.9768082E-04 -1.4540277E-03 -2.5805059E-02  0.0000000E+00
  2.0799350E+02  3.2988765E-03  1.4207385E-04 -7.5755727E-04 -2.6465556E-02  0.0000000E+00
  2.0799350E+02  2.8653494E-03 -4.1982147E-06 -2.9821531E-04 -2.7095307E-02  0.0000000E+00
  2.0799350E+02  2.3208753E-03 -1.3276804E-04 -1.3549691E-04 -2.7677602E-02  0.0000000E+00
  2.0799350E+02  1.5720342E-03 -3.0354162E-04 -4.2221920E-04 -2.8182152E-02  0.0000000E+00
  2.0799350E+02  1.1452455E-03 -5.2651543E-04 -2.6157521E-04 -2.8600846E-02  0.0000000E+00
  2.0799350E+02  9.6211762E-04 -6.8766798E-04  3.0935578E-05 -2.8919326E-02  0.0000000E+00
  2.0799350E+02  8.4740256E-04 -7.2342232E-04  2.2656891E-04 -2.9134591E-02  0.0000000E+00
  2.0799350E+02  7.0269152E-04 -6.3882669E-04  2.4694868E-04 -2.9246864E-02  0.0000000E+00
  2.0799350E+02  5.2919265E-04 -4.9672762E-04  1.3099291E-04 -2.9259640E-02  0.0000000E+00
  2.0799350E+02  3.7004745E-04 -3.8317887E-04 -4.2979850E-05 -2.9180511E-02  0.0000000E+00
  2.0799350E+02  2.3750682E-04 -3.5828042E-04 -2.2496405E-04 -2.9022257E-02  0.0000000E+00
  2.0799350E+02  8.5871178E-05 -3.9737195E-04 -4.0245526E-04 -2.8799244E-02  0.0000000E+00
  2.0799350E+02 -9.9136170E-05 -3.3502810E-04 -4.9144182E-04 -2.8519545E-02  0.0000000E+00
  2.0799350E+02 -2.1396859E-04 -1.5101427E-04 -3.3891159E-04 -2.8190969E-02  0.0000000E+00
  2.0799350E+02 -3.2725649E-04  1.6115410E-05 -1.4039472E-04 -2.7824946E-02  0.0000000E+00
  2.0799350E+02 -3.8692712E-04  9.5839742E-05 -1.8744644E-05 -2.7422907E-02  0.0000000E+00
  2.0799350E+02 -4.3473115E-04  7.7923128E-05  1.2213262E-05 -2.6990075E-02  0.0000000E+00
  2.0799350E+02 -5.0715627E-04  2.3053200E-05 -7.3702130E-06 -2.6529276E-02  0.0000000E+00
  2.0799350E+02 -5.9010933E-04 -1.0728941E-05 -4.0497360E-05 -2.6045363E-02  0.0000000E+00
  2.0799350E+02 -6.2884174E-04 -4.5213826E-07 -7.2007842E-05 -2.5540867E-02  0.0000000E+00
  2.0799350E+02 -5.6709242E-04  4.1148540E-05 -1.0192244E-04 -2.5019247E-02  0.0000000E+00
  2.0799350E+02 -3.9385132E-04  8.3183019E-05 -1.2819017E-04 -2.4483920E-02  0.0000000E+00
  2.0799350E+02 -1.7342829E-04  1.0119920E-04 -1.3275765E-04 -2.3937043E-02  0.0000000E+00
  2.0799350E+02 -3.8019294E-05  9.6891195E-05 -8.5120988E-05 -2.3383261E-02  0.0000000E+00
  2.0799350E+02 -1.1284279E-04  1.0140499E-04  2.2363010E-05 -2.2824158E-02  0.0000000E+00
  2.0799350E+02 -3.5939158E-04  1.4981639E-04  9.3765183E-05 -2.2262820E-02  0.0000000E+00
  2.0799350E+02 -5.6547440E-04  1.6589160E-04 -1.5117804E-04 -2.1703507E-02  0.0000000E+00
  2.0799350E+02 -4.3830591E-04  1.9188544E-04 -1.3689196E-04 -2.1151864E-02  0.0000000E+00
  2.0799350E+02 -1.7820976E-04  2.3498884E-04  3.6572920E-05 -2.0610184E-02  0.0000000E+00
  2.0799350E+02  1.0508725E-05  2.5246295E-04  1.7958761E-04 -2.0079065E-02  0.0000000E+00
  2.0799350E+02  9.9801753E-05  2.3556076E-04  2.3952700E-04 -1.9556344E-02  0.0000000E+00
  2.0799350E+02  1.2768583E-04  1.9324266E-04  2.2775788E-04 -1.9042339E-02  0.0000000E+00
  2.0799350E+02  1.3554428E-04  1.4044837E-04  1.7536322E-04 -1.8535244E-02  0.0000000E+00
  2.0799350E+02  1.4019261E-04  9.0878083E-05  1.0962452E-04 -1.8035125E-02  0.0000000E+00
  2.0799350E+02  1.3313234E-04  5.3151098E-05  4.6989249E-05 -1.7542030E-02  0.0000000E+00
  2.0799350E+02  9.5861130E-05  3.0014693E-05 -3.8591594E-06 -1.7059036E-02  0.0000000E+00
  2.0799350E+02  2.1279248E-05  1.8938221E-05 -3.6346638E-05 -1.6586513E-02  0.0000000E+00
  2.0799350E+02 -6.8791336E-05  1.4698838E-05 -4.1589684E-05 -1.6125060E-02  0.0000000E+00
  2.0799350E+02 -1.1998830E-04  1.2146130E-05 -1.3002764E-05 -1.5674219E-02  0.0000000E+00
  2.0799350E+02 -6.5512749E-05  8.8604468E-06  3.4780339E-05 -1.5231581E-02  0.0000000E+00
  2.0799350E+02  1.1891146E-04  6.9351842E-06  2.5846420E-05 -1.4796169E-02  0.0000000E+00
  2.0799350E+02  1.9576439E-04  1.9780744E-05 -1.8527160E-05 -1.4363797E-02  0.0000000E+00
  2.0799350E+02  2.0354984E-04  2.2890445E-05  4.7014549E-05 -1.3933746E-02  0.0000000E+00
  2.0799350E+02  2.0701190E-04  9.5819186E-06  7.0946385E-05 -1.3504481E-02  0.0000000E+00
  2.0799350E+02  1.6413139E-04 -9.8563383E-06  4.8439551E-05 -1.3078049E-02  0.0000000E+00
  2.0799350E+02  7.9966460E-05 -2.7479980E-05  3.6826156E-06 -1.2655845E-02  0.0000000E+00
  2.0799350E+02 -1.9959230E-05 -3.9018250E-05 -3.4826052E-05 -1.2240618E-02  0.0000000E+00
  2.0799350E+02 -1.0768903E-04 -4.3931423E-05 -4.8111263E-05 -1.1834277E-02  0.0000000E+00
  2.0799350E+02 -1.6294275E-04 -4.4450760E-05 -3.2154626E-05 -1.1440229E-02  0.0000000E+00
  2.0799350E+02 -1.7878733E-04 -4.4092797E-05  2.9371800E-06 -1.1058831E-02  0.0000000E+00
  2.0799350E+02 -1.6086683E-04 -4.5889281E-05  3.8505311E-05 -1.0690185E-02  0.0000000E+00
  2.0799350E+02 -1.2397043E-04 -5.0871997E-05  5.5106138E-05 -1.0333509E-02  0.0000000E+00
  2.0799350E+02 -8.6083274E-05 -5.7142073E-05  4.0665650E-05 -9.9867752E-03  0.0000000E+00
  2.0799350E+02 -6.1707190E-05 -5.9860769E-05 -2.7597579E-06 -9.6494826E-03  0.0000000E+00
  2.0799350E+02 -5.4662565E-05 -5.2746479E-05 -5.6195482E-05 -9.3194576E-03  0.0000000E+00
  2.0799350E+02 -5.3065132E-05 -3.1210927E-05 -8.6437082E-05 -8.9958202E-03  0.0000000E+00
  2.0799350E+02 -2.6502417E-05  2.3480328E-06 -5.6318508E-05 -8.6783735E-03  0.0000000E+00
  2.0799350E+02  4.2330570E-05  2.5455148E-05 -1.0697362E-05 -8.3695878E-03  0.0000000E+00
  2.0799350E+02  6.9331603E-05  2.7078751E-05 -2.7871301E-05 -8.0663409E-03  0.0000000E+00
  2.0799350E+02  9.7743870E-05  2.4621954E-05  1.1644137E-05 -7.7694529E-03  0.0000000E+00
  2.0799350E+02  1.2430506E-04  1.7363226E-05  5.5263610E-05 -7.4785733E-03  0.0000000E+00
  2.0799350E+02  1.4317047E-04  8.0851880E-06  8.3555885E-05 -7.1943272E-03  0.0000000E+00
  2.0799350E+02  1.4960218E-04  4.2147172E-07  9.4846868E-05 -6.9154987E-03  0.0000000E+00
  2.0799350E+02  1.4147152E-04 -2.7039452E-06  9.4165750E-05 -6.6413076E-03  0.0000000E+00
  2.0799350E+02  1.1969984E-04  1.0325264E-07  8.6966597E-05 -6.3710874E-03  0.0000000E+00
  2.0799350E+02  8.7648736E-05  8.5465848E-06  7.6194673E-05 -6.1039750E-03  0.0000000E+00
  2.0799350E+02  5.0252884E-05  2.0854828E-05  6.2028675E-05 -5.8408833E-03  0.0000000E+00
  2.0799350E+02  1.2364936E-05  3.4466318E-05  4.3133720E-05 -5.5817360E-03  0.0000000E+00
  2.0799350E+02 -2.2149078E-05  4.6706369E-05  1.8925872E-05 -5.3273230E-03  0.0000000E+00
  2.0799350E+02 -5.1067216E-05  5.5512641E-05 -8.3477458E-06 -5.0782938E-03  0.0000000E+00
  2.0799350E+02 -7.3252541E-05  5.9894720E-05 -3.2183884E-05 -4.8367024E-03  0.0000000E+00
  2.0799350E+02 -8.7286836E-05  6.0189803E-05 -4.2704231E-05 -4.6030900E-03  0.0000000E+00
  2.0799350E+02 -8.7904448E-05  5.7633584E-05 -2.9710543E-05 -4.3778429E-03  0.0000000E+00
  2.0799350E+02 -6.0559483E-05  5.3330508E-05  1.0564695E-05 -4.1598531E-03  0.0000000E+00
  2.0799350E+02 -2.9737712E-05  4.4774705E-05  2.0189982E-05 -3.9489107E-03  0.0000000E+00
  2.0799350E+02 -2.1638558E-05  3.7185570E-05 -1.4186790E-05 -3.7446388E-03  0.0000000E+00
  2.0799350E+02  1.8588250E-05  3.2938159E-05 -2.9006082E-05 -3.5450670E-03  0.0000000E+00
  2.0799350E+02  6.3549801E-05  3.0235044E-05 -3.8240800E-05 -3.3506663E-03  0.0000000E+00
  2.0799350E+02  9.8034066E-05  2.9127890E-05 -4.4422806E-05 -3.1617909E-03  0.0000000E+00
  2.0799350E+02  1.1587124E-04  2.9963490E-05 -4.5522254E-05 -2.9797503E-03  0.0000000E+00
  2.0799350E+02  1.1759452E-04  3.2566445E-05 -3.9280225E-05 -2.8046575E-03  0.0000000E+00
  2.0799350E+02  1.0769356E-04  3.6033993E-05 -2.5266712E-05 -2.6366751E-03  0.0000000E+00
  2.0799350E+02  9.2488635E-05  3.8938514E-05 -5.3308953E-06 -2.4753719E-03  0.0000000E+00
  2.0799350E+02  7.8412055E-05  3.9761570E-05  1.6891317E-05 -2.3208656E-03  0.0000000E+00
  2.0799350E+02  7.0372750E-05  3.7466301E-05  3.7449184E-05 -2.1721915E-03  0.0000000E+00
  2.0799350E+02  7.0832545E-05  3.1925674E-05  5.3284671E-05 -2.0285450E-03  0.0000000E+00
  2.0799350E+02  7.9231274E-05  2.4114794E-05  6.3196290E-05 -1.8888737E-03  0.0000000E+00
  2.0799350E+02  3.0794762E-02  2.4578797E-03  1.6697499E-02 -8.3592709E-03  0.0000000E+00
  2.0799350E+02 -5.6463277E-04  9.6541042E-04  6.2056445E-04 -8.4467051E-03  0.0000000E+00
  2.0799350E+02  7.6328235E-05  9.7359789E-04 -1.6112838E-03 -8.6501983E-03  0.0000000E+00
  2.0799350E+02  5.2017010E-03  1.0768918E-03 -7.5867883E-04 -9.0020750E-03  0.0000000E+00
  2.0799350E+02  9.6393680E-03  9.5974365E-04  3.3103320E-04 -9.4427098E-03  0.0000000E+00
  2.0799350E+02  1.2036102E-02  4.1456436E-04  9.8555285E-04 -9.9013782E-03  0.0000000E+00
  2.0799350E+02  1.1503125E-02 -6.6992287E-05  9.0006386E-04 -1.0320763E-02  0.0000000E+00
  2.0799350E+02  7.6762347E-03 -2.5969127E-04  6.7848193E-04 -1.0650140E-02  0.0000000E+00
  2.0799350E+02 -3.3559617E-04 -3.0287242E-04  1.3622620E-03 -1.0840116E-02  0.0000000E+00
  2.0799350E+02 -9.1075361E-03 -6.2444024E-04  1.2170644E-03 -1.0868363E-02  0.0000000E+00
  2.0799350E+02 -1.5360029E-02 -6.9818117E-04  7.1992015E-04 -1.0757885E-02  0.0000000E+00
  2.0799350E+02 -1.8386415E-02 -3.8341792E-04  1.7123720E-04 -1.0569507E-02  0.0000000E+00
  2.0799350E+02 -1.8689228E-02 -4.9161344E-06 -5.3211314E-04 -1.0373650E-02  0.0000000E+00
  2.0799350E+02 -1.5235343E-02  1.3789131E-04 -1.2510389E-03 -1.0219086E-02  0.0000000E+00
  2.0799350E+02 -7.1788669E-03  1.9831519E-04 -1.5236058E-03 -1.0124489E-02  0.0000000E+00
  2.0799350E+02 -2.8685546E-03  3.4588806E-04 -1.9250737E-03 -1.0104937E-02  0.0000000E+00
  2.0799350E+02  3.7182327E-04  2.7763841E-04 -1.4993897E-03 -1.0162835E-02  0.0000000E+00
  2.0799350E+02  2.7081968E-03  1.3631097E-04 -9.8287857E-04 -1.0301747E-02  0.0000000E+00
  2.0799350E+02  3.5199101E-03 -4.2281250E-05 -7.0017244E-04 -1.0513718E-02  0.0000000E+00
  2.0799350E+02  3.4499891E-03 -1.9325347E-04 -5.1049115E-04 -1.0783002E-02  0.0000000E+00
  2.0799350E+02  3.1581893E-03 -2.7718885E-04 -2.8035688E-04 -1.1092042E-02  0.0000000E+00
  2.0799350E+02  2.8596187E-03 -2.9766076E-04 -2.3576446E-05 -1.1422162E-02  0.0000000E+00
  2.0799350E+02  2.4075449E-03 -2.9263000E-04  1.6573731E-04 -1.1755466E-02  0.0000000E+00
  2.0799350E+02  1.6508945E-03 -3.0919859E-04  2.4342314E-04 -1.2071110E-02  0.0000000E+00
  2.0799350E+02  7.8786494E-04 -3.7179555E-04  2.8312647E-04 -1.2349230E-02  0.0000000E+00
  2.0799350E+02  4.5197021E-04 -4.5294050E-04  3.3899657E-04 -1.2575998E-02  0.0000000E+00
  2.0799350E+02  3.7925595E-04 -5.0203551E-04  8.8377822E-05 -1.2743209E-02  0.0000000E+00
  2.0799350E+02  4.9621178E-04 -4.6059919E-04 -1.6997011E-05 -1.2855708E-02  0.0000000E+00
  2.0799350E+02  7.2181846E-04 -3.7446458E-04 -8.3384899E-05 -1.2914403E-02  0.0000000E+00
  2.0799350E+02  7.5685995E-04 -2.9374267E-04 -1.7460282E-04 -1.2924428E-02  0.0000000E+00
  2.0799350E+02  5.3162601E-04 -2.3859734E-04 -2.4634311E-04 -1.2894144E-02  0.0000000E+00
  2.0799350E+02  1.3558614E-04 -2.0634012E-04 -2.4744340E-04 -1.2831141E-02  0.0000000E+00
  2.0799350E+02 -2.6878020E-04 -1.8263508E-04 -1.6744765E-04 -1.2740155E-02  0.0000000E+00
  2.0799350E+02 -5.2403780E-04 -1.5403684E-04 -4.3752159E-05 -1.2623862E-02  0.0000000E+00
  2.0799350E+02 -5.5009498E-04 -1.1745464E-04  5.8641841E-05 -1.2483598E-02  0.0000000E+00
  2.0799350E+02 -3.8769780E-04 -8.3923153E-05  8.2421662E-05 -1.2320729E-02  0.0000000E+00
  2.0799350E+02 -2.0458406E-04 -7.2843999E-05  1.5216798E-05 -1.2137676E-02  0.0000000E+00
  2.0799350E+02 -2.4941868E-04 -9.3337398E-05 -8.5080279E-05 -1.1935956E-02  0.0000000E+00
  2.0799350E+02 -7.4662936E-04 -1.0945895E-04 -8.7367346E-05 -1.1715225E-02  0.0000000E+00
  2.0799350E+02 -8.2805850E-04 -2.3208005E-05 -3.8992772E-05 -1.1481069E-02  0.0000000E+00
  2.0799350E+02 -4.0454860E-04 -1.4318112E-05 -9.1236719E-05 -1.1238077E-02  0.0000000E+00
  2.0799350E+02 -2.5876282E-04 -2.7061912E-05 -1.1205101E-04 -1.0983557E-02  0.0000000E+00
  2.0799350E+02 -2.5302588E-04 -8.8974059E-06 -1.0635079E-04 -1.0722685E-02  0.0000000E+00
  2.0799350E+02 -2.7139808E-04  3.9576409E-05 -7.9054822E-05 -1.0459920E-02  0.0000000E+00
  2.0799350E+02 -2.4347773E-04  9.8774323E-05 -3.6301831E-05 -1.0197777E-02  0.0000000E+00
  2.0799350E+02 -1.5048085E-04  1.5010441E-04  1.4455062E-05 -9.9376336E-03  0.0000000E+00
  2.0799350E+02 -1.6611911E-05  1.8454732E-04  6.4859117E-05 -9.6804541E-03  0.0000000E+00
  2.0799350E+02  1.1043851E-04  2.0327859E-04  1.0690298E-04 -9.4252861E-03  0.0000000E+00
  2.0799350E+02  1.8122605E-04  2.1268381E-04  1.3348672E-04 -9.1721123E-03  0.0000000E+00
  2.0799350E+02  1.6861993E-04  2.1804629E-04  1.3983140E-04 -8.9203402E-03  0.0000000E+00
  2.0799350E+02  8.5946615E-05  2.1808091E-04  1.2421601E-04 -8.6699726E-03  0.0000000E+00
  2.0799350E+02 -5.4320653E-06  2.0384443E-04  8.8107727E-05 -8.4202987E-03  0.0000000E+00
  2.0799350E+02 -1.4744357E-06  1.6504709E-04  3.5872698E-05 -8.1729802E-03  0.0000000E+00
  2.0799350E+02  2.1810192E-04  1.0697185E-04 -2.6706820E-05 -7.9310366E-03  0.0000000E+00
  2.0799350E+02  1.6730375E-04  8.0328589E-05 -1.5771822E-04 -7.6927709E-03  0.0000000E+00
  2.0799350E+02 -7.0179892E-05  7.6245387E-05 -1.9982085E-04 -7.4587847E-03  0.0000000E+00
  2.0799350E+02 -7.4510750E-05  7.8612975E-05 -1.3527787E-04 -7.2299312E-03  0.0000000E+00
  2.0799350E+02  3.6708935E-05  8.2659356E-05 -3.8691641E-05 -7.0037501E-03  0.0000000E+00
  2.0799350E+02  1.6609771E-04  8.2147987E-05  4.3280208E-05 -6.7786398E-03  0.0000000E+00
  2.0799350E+02  2.5006537E-04  7.2960613E-05  8.8219738E-05 -6.5539168E-03  0.0000000E+00
  2.0799350E+02  2.6174962E-04  5.4590974E-05  9.2808211E-05 -6.3299629E-03  0.0000000E+00
  2.0799350E+02  2.0622962E-04  2.9852030E-05  6.6868388E-05 -6.1065445E-03  0.0000000E+00
  2.0799350E+02  1.1051584E-04  3.8321243E-06  2.7194283E-05 -5.8849946E-03  0.0000000E+00
  2.0799350E+02  1.1049868E-05 -1.8039839E-05 -8.2668447E-06 -5.6665864E-03  0.0000000E+00
  2.0799350E+02 -5.9520345E-05 -3.1866627E-05 -2.5625796E-05 -5.4527946E-03  0.0000000E+00
  2.0799350E+02 -8.3496904E-05 -3.6739257E-05 -1.9016519E-05 -5.2454643E-03  0.0000000E+00
  2.0799350E+02 -6.4962704E-05 -3.5260515E-05  7.3001208E-06 -5.0451400E-03  0.0000000E+00
  2.0799350E+02 -2.9546446E-05 -3.2555404E-05  3.8879584E-05 -4.8527955E-03  0.0000000E+00
  2.0799350E+02 -1.5513867E-05 -3.3403377E-05  5.3835462E-05 -4.6678550E-03  0.0000000E+00
  2.0799350E+02 -5.2941088E-05 -3.6828262E-05  2.8806762E-05 -4.4878079E-03  0.0000000E+00
  2.0799350E+02 -7.0871428E-05 -3.5261429E-05 -3.4555435E-05 -4.3114422E-03  0.0000000E+00
  2.0799350E+02 -2.2648419E-05 -2.5809084E-05 -5.1563585E-05 -4.1428568E-03  0.0000000E+00
  2.0799350E+02 -3.6796961E-05 -3.6375888E-06 -4.1537600E-05 -3.9755655E-03  0.0000000E+00
  2.0799350E+02 -5.6292187E-05  1.8634400E-05 -1.7640801E-05 -3.8108096E-03  0.0000000E+00
  2.0799350E+02 -5.8200426E-05  3.3914511E-05  8.9477920E-06 -3.6488645E-03  0.0000000E+00
  2.0799350E+02 -3.9579169E-05  3.9319349E-05  3.1027964E-05 -3.4897605E-03  0.0000000E+00
  2.0799350E+02 -7.1426883E-06  3.5020796E-05  4.5921721E-05 -3.3325055E-03  0.0000000E+00
  2.0799350E+02  2.9314115E-05  2.3163890E-05  5.4453052E-05 -3.1768919E-03  0.0000000E+00
  2.0799350E+02  6.1038621E-05  7.0337849E-06  5.9562387E-05 -3.0224998E-03  0.0000000E+00
  2.0799350E+02  8.2141666E-05 -9.6883432E-06  6.4362426E-05 -2.8692586E-03  0.0000000E+00
  2.0799350E+02  9.0024071E-05 -2.3660711E-05  7.0370509E-05 -2.7163996E-03  0.0000000E+00
  2.0799350E+02  8.4506395E-05 -3.2191014E-05  7.6179971E-05 -2.5640129E-03  0.0000000E+00
  2.0799350E+02  6.7004280E-05 -3.3720284E-05  7.7147591E-05 -2.4120173E-03  0.0000000E+00
  2.0799350E+02  3.9745563E-05 -2.8034050E-05  6.6418961E-05 -2.2604922E-03  0.0000000E+00
  2.0799350E+02  5.9585469E-06 -1.6405629E-05  3.7828697E-05 -2.1100845E-03  0.0000000E+00
  2.0799350E+02 -2.8778104E-05 -1.5068684E-06 -9.2723176E-06 -1.9612482E-03  0.0000000E+00
  2.0799350E+02 -5.2508021E-05  1.2577411E-05 -6.2017042E-05 -1.8161891E-03  0.0000000E+00
  2.0799350E+02 -7.5517940E-05  2.2490494E-05 -4.8553365E-05 -1.6765480E-03  0.0000000E+00
  2.0799350E+02 -1.0382347E-04  2.6528653E-05 -2.9710012E-07 -1.5428002E-03  0.0000000E+00
  2.0799350E+02 -1.0392257E-04  2.2501955E-05  9.4351673E-06 -1.4156183E-03  0.0000000E+00
  2.0799350E+02 -9.1074468E-05  1.4392076E-05  1.5584643E-06 -1.2927535E-03  0.0000000E+00
  2.0799350E+02 -7.0763736E-05  7.0583392E-06 -1.1293355E-05 -1.1735338E-03  0.0000000E+00
  2.0799350E+02 -4.4142063E-05  4.2077079E-06 -2.2125559E-05 -1.0577274E-03  0.0000000E+00
  2.0799350E+02 -1.1534396E-05  7.4277550E-06 -2.7712446E-05 -9.4552350E-04  0.0000000E+00
  2.0799350E+02  2.5574788E-05  1.6028316E-05 -2.7231297E-05 -8.3749908E-04  0.0000000E+00
  2.0799350E+02  6.4174906E-05  2.7582286E-05 -2.1304920E-05 -7.3370833E-04  0.0000000E+00
  2.0799350E+02  9.9689065E-05  3.8695889E-05 -1.1384522E-05 -6.3464386E-04  0.0000000E+00
  2.0799350E+02  1.2723638E-04  4.6105526E-05  6.6035399E-07 -5.4038998E-04  0.0000000E+00
  2.0799350E+02  1.4293860E-04  4.7674262E-05  1.2866928E-05 -4.5075360E-04  0.0000000E+00
  2.0799350E+02  1.4533429E-04  4.3157384E-05  2.3498404E-05 -3.6540057E-04  0.0000000E+00
  2.0799350E+02  7.1846429E-02  2.2955074E-03  3.2817587E-02 -1.1722352E-03  0.0000000E+00
  2.0799350E+02 -6.5775372E-03  2.2955237E-03  1.3281131E-04 -1.2698707E-03  0.0000000E+00
  2.0799350E+02 -4.8634660E-03  2.3096421E-03 -3.9636900E-03 -1.7722486E-03  0.0000000E+00
  2.0799350E+02  2.7441751E-03  1.3590494E-03 -2.0172881E-03 -2.6739363E-03  0.0000000E+00
  2.0799350E+02  5.5083951E-03  6.2601866E-04 -4.6224307E-04 -3.7334330E-03  0.0000000E+00
  2.0799350E+02  5.4344846E-03  8.0975653E-05  8.0134307E-05 -4.7512167E-03  0.0000000E+00
  2.0799350E+02  4.1610367E-03 -6.1629252E-04  6.4614723E-04 -5.6215403E-03  0.0000000E+00
  2.0799350E+02  4.7504780E-03 -1.2036182E-03  9.6499471E-04 -6.2900784E-03  0.0000000E+00
  2.0799350E+02  4.3287087E-03 -1.3356559E-03  9.7450915E-04 -6.7149555E-03  0.0000000E+00
  2.0799350E+02  2.0296409E-03 -1.5620197E-03  3.1677031E-04 -6.8776088E-03  0.0000000E+00
  2.0799350E+02 -9.7571426E-04 -1.5050192E-03  2.7531136E-04 -6.7859315E-03  0.0000000E+00
  2.0799350E+02 -4.1766705E-03 -1.1454421E-03  4.0508666E-04 -6.4703078E-03  0.0000000E+00
  2.0799350E+02 -7.5267902E-03 -8.6734453E-04 -3.0614161E-04 -5.9780609E-03  0.0000000E+00
  2.0799350E+02 -9.5681159E-03 -7.4599844E-04 -1.3318233E-03 -5.3649577E-03  0.0000000E+00
  2.0799350E+02 -8.2099653E-03 -2.7866203E-04 -8.3069662E-04 -4.6841891E-03  0.0000000E+00
  2.0799350E+02 -9.6769396E-03  1.2151837E-04 -8.5230358E-04 -3.9730108E-03  0.0000000E+00
  2.0799350E+02 -9.8807663E-03  2.9262599E-04 -6.2531625E-04 -3.2652438E-03  0.0000000E+00
  2.0799350E+02 -6.2074237E-03  3.0147240E-04 -4.4463717E-04 -2.5757739E-03  0.0000000E+00
  2.0799350E+02 -2.3317856E-03  1.7420864E-04 -6.3606467E-04 -1.9372728E-03  0.0000000E+00
  2.0799350E+02  2.5979214E-04  1.3861192E-04 -7.0919344E-04 -1.3828347E-03  0.0000000E+00
  2.0799350E+02  1.4314266E-03  2.4121336E-04 -4.4158787E-04 -9.2948248E-04  0.0000000E+00
  2.0799350E+02  1.6926685E-03  3.2502174E-04 -6.2728866E-05 -5.8270600E-04  0.0000000E+00
  2.0799350E+02  1.7062451E-03  2.0287500E-04  6.5651155E-05 -3.3860581E-04  0.0000000E+00
  2.0799350E+02  1.9246539E-03 -1.3738021E-04 -1.1505832E-04 -1.8982930E-04  0.0000000E+00
  2.0799350E+02  2.3772065E-03 -4.5632584E-04 -2.0586312E-04 -1.2898744E-04  0.0000000E+00
  2.0799350E+02  2.5874687E-03 -4.8257892E-04  1.3528311E-04 -1.3634018E-04  0.0000000E+00
  2.0799350E+02  2.4169037E-03 -4.6649142E-04 -4.4699192E-05 -1.8995281E-04  0.0000000E+00
  2.0799350E+02  1.8705291E-03 -4.7471027E-04  3.2746636E-05 -2.6905220E-04  0.0000000E+00
  2.0799350E+02  1.2122479E-03 -4.9831466E-04  2.0264293E-04 -3.6046105E-04  0.0000000E+00
  2.0799350E+02  7.8660897E-04 -5.3886350E-04  2.5085039E-04 -4.5463626E-04  0.0000000E+00
  2.0799350E+02  6.6937720E-04 -5.7538310E-04  1.7627864E-04 -5.4019391E-04  0.0000000E+00
  2.0799350E+02  7.4917388E-04 -5.8414745E-04  4.7528083E-05 -6.0924334E-04  0.0000000E+00
  2.0799350E+02  8.3107139E-04 -5.4999192E-04 -7.0585125E-05 -6.5828776E-04  0.0000000E+00
  2.0799350E+02  7.4025176E-04 -4.7202229E-04 -1.4262627E-04 -6.8835518E-04  0.0000000E+00
  2.0799350E+02  4.0781574E-04 -3.6297899E-04 -1.5810412E-04 -7.0326164E-04  0.0000000E+00
  2.0799350E+02 -8.0134793E-05 -2.4620531E-04 -1.1505532E-04 -7.0716483E-04  0.0000000E+00
  2.0799350E+02 -4.9153071E-04 -1.4888473E-04 -1.3429290E-05 -7.0314340E-04  0.0000000E+00
  2.0799350E+02 -5.3824665E-04 -9.3800424E-05  1.2591025E-04 -6.9283612E-04  0.0000000E+00
  2.0799350E+02 -5.5840753E-05 -9.2674935E-05  1.9362437E-04 -6.7853535E-04  0.0000000E+00
  2.0799350E+02 -2.5672674E-04 -1.3679155E-04  3.3213111E-05 -6.5981607E-04  0.0000000E+00
  2.0799350E+02 -6.5348387E-04 -7.8454632E-05  4.1255556E-05 -6.3515306E-04  0.0000000E+00
  2.0799350E+02 -5.5232679E-04  8.7249751E-06  6.8451486E-05 -6.0529579E-04  0.0000000E+00
  2.0799350E+02 -3.2606185E-04  7.3231140E-05  4.2388366E-05 -5.6684550E-04  0.0000000E+00
  2.0799350E+02 -1.4430350E-04  1.1450314E-04 -1.5637054E-05 -5.1930139E-04  0.0000000E+00
  2.0799350E+02 -5.5277109E-05  1.4679989E-04 -6.2550238E-05 -4.6443763E-04  0.0000000E+00
  2.0799350E+02 -4.3204837E-05  1.7962882E-04 -7.1816277E-05 -4.0517413E-04  0.0000000E+00
  2.0799350E+02 -6.7067771E-05  2.1099946E-04 -4.4553192E-05 -3.4521253E-04  0.0000000E+00
  2.0799350E+02 -8.2634443E-05  2.3034895E-04 -3.4961567E-06 -2.8784734E-04  0.0000000E+00
  2.0799350E+02 -5.5163176E-05  2.2654403E-04  2.3950404E-05 -2.3487746E-04  0.0000000E+00
  2.0799350E+02  3.4090421E-05  1.9682686E-04  2.3663011E-05 -1.8664036E-04  0.0000000E+00
  2.0799350E+02  1.8150220E-04  1.5347909E-04  7.3427276E-06 -1.4152809E-04  0.0000000E+00
  2.0799350E+02  3.5246676E-04  1.2311803E-04  1.0119435E-05 -9.6132042E-05  0.0000000E+00
  2.0799350E+02  4.6135084E-04  1.3608721E-04  6.6010336E-05 -4.6744713E-05  0.0000000E+00
  2.0799350E+02  3.4131493E-04  2.0059511E-04  1.5304776E-04  9.5478881E-06  0.0000000E+00
  2.0799350E+02  8.3070876E-05  2.0826921E-04  4.8235815E-05  6.8968450E-05  0.0000000E+00
  2.0799350E+02  5.2616316E-05  1.6005342E-04 -4.0655936E-05  1.2649065E-04  0.0000000E+00
  2.0799350E+02  2.2475208E-05  1.1544265E-04 -6.6086172E-05  1.8197489E-04  0.0000000E+00
  2.0799350E+02 -1.6153261E-05  7.4181969E-05 -8.2090807E-05  2.3444785E-04  0.0000000E+00
  2.0799350E+02 -4.2603722E-05  3.8163998E-05 -9.5353875E-05  2.8391120E-04  0.0000000E+00
  2.0799350E+02 -3.7230944E-05  9.3062295E-06 -9.5830580E-05  3.3105792E-04  0.0000000E+00
  2.0799350E+02  4.3580643E-06 -1.1209782E-05 -7.4873731E-05  3.7643465E-04  0.0000000E+00
  2.0799350E+02  6.8529881E-05 -2.3612470E-05 -3.3675583E-05  4.2049551E-04  0.0000000E+00
  2.0799350E+02  1.3019002E-04 -2.9443496E-05  1.6434742E-05  4.6370904E-04  0.0000000E+00
  2.0799350E+02  1.6281671E-04 -3.0961234E-05  5.8067888E-05  5.0609592E-04  0.0000000E+00
  2.0799350E+02  1.5071698E-04 -3.0539579E-05  7.5273039E-05  5.4748112E-04  0.0000000E+00
  2.0799350E+02  9.7822366E-05 -2.9875784E-05  6.1079782E-05  5.8773748E-04  0.0000000E+00
  2.0799350E+02  3.0584791E-05 -2.9335800E-05  2.2752792E-05  6.2633993E-04  0.0000000E+00
  2.0799350E+02 -9.9498332E-06 -2.7535905E-05 -1.7562192E-05  6.6288839E-04  0.0000000E+00
  2.0799350E+02  1.1369201E-05 -2.1339831E-05 -2.8700869E-05  6.9656940E-04  0.0000000E+00
  2.0799350E+02  8.4375058E-05 -6.4519584E-06  1.3424841E-05  7.2618941E-04  0.0000000E+00
  2.0799350E+02 -2.3376010E-06  1.8099404E-05  4.8734044E-05  7.5168036E-04  0.0000000E+00
  2.0799350E+02 -1.5838576E-04  2.5331624E-05 -7.0282701E-06  7.7634254E-04  0.0000000E+00
  2.0799350E+02 -1.1460869E-04  1.9687156E-05 -2.9056705E-05  7.9831588E-04  0.0000000E+00
  2.0799350E+02 -3.1809072E-05  1.1087770E-05 -3.3459355E-05  8.1890201E-04  0.0000000E+00
  2.0799350E+02  2.1137475E-05  6.0048886E-06 -2.6113200E-05  8.3873028E-04  0.0000000E+00
  2.0799350E+02  3.0390727E-05  6.9705650E-06 -9.8661657E-06  8.5818445E-04  0.0000000E+00
  2.0799350E+02  9.6341180E-06  1.3041731E-05  1.2011059E-05  8.7769837E-04  0.0000000E+00
  2.0799350E+02 -1.8931443E-05  2.0840165E-05  3.4575911E-05  8.9764308E-04  0.0000000E+00
  2.0799350E+02 -3.6466055E-05  2.6028515E-05  5.2225473E-05  9.1862978E-04  0.0000000E+00
  2.0799350E+02 -3.3095421E-05  2.4745569E-05  6.0213051E-05  9.4126007E-04  0.0000000E+00
  2.0799350E+02 -9.4576291E-06  1.5043174E-05  5.6834026E-05  9.6615107E-04  0.0000000E+00
  2.0799350E+02  2.5601561E-05 -2.2812166E-06  4.4797301E-05  9.9398229E-04  0.0000000E+00
  2.0799350E+02  5.8856969E-05 -2.3349729E-05  3.1383383E-05  1.0251463E-03  0.0000000E+00
  2.0799350E+02  7.7657204E-05 -4.1946437E-05  2.6428283E-05  1.0597507E-03  0.0000000E+00
  2.0799350E+02  7.4279279E-05 -5.1565481E-05  3.7383325E-05  1.0977369E-03  0.0000000E+00
  2.0799350E+02  4.8156928E-05 -4.8621869E-05  6.0772055E-05  1.1384897E-03  0.0000000E+00
  2.0799350E+02  5.4341107E-06 -3.7770287E-05  6.9045801E-05  1.1809978E-03  0.0000000E+00
  2.0799350E+02 -1.5136000E-05 -2.9737070E-05 -6.0572118E-06  1.2245575E-03  0.0000000E+00
  2.0799350E+02 -1.9468736E-05 -1.0309674E-05 -4.3171805E-05  1.2680060E-03  0.0000000E+00
  2.0799350E+02 -4.7959691E-05  4.9102539E-06 -2.8808963E-05  1.3091297E-03  0.0000000E+00
  2.0799350E+02 -7.9461398E-05  1.0267715E-05 -8.5341770E-06  1.3470762E-03  0.0000000E+00
  2.0799350E+02 -1.0234026E-04  7.4146791E-06  7.7711692E-07  1.3817849E-03  0.0000000E+00
  2.0799350E+02 -1.1156295E-04  1.0950014E-06 -1.9030342E-06  1.4137251E-03  0.0000000E+00
  2.0799350E+02 -1.0615479E-04 -3.6837280E-06 -1.0905235E-05  1.4432673E-03  0.0000000E+00
  2.0799350E+02 -8.7767560E-05 -3.4326591E-06 -1.9498074E-05  1.4707031E-03  0.0000000E+00
  2.0799350E+02 -5.9352587E-05  3.0019900E-06 -2.3019450E-05  1.4962863E-03  0.0000000E+00
  2.0799350E+02 -2.4614031E-05  1.4375565E-05 -1.9772141E-05  1.5199552E-03  0.0000000E+00
  2.0799350E+02  1.2506246E-05  2.7540311E-05 -1.0685690E-05  1.5415378E-03  0.0000000E+00
  2.0799350E+02  4.8390762E-05  3.8490685E-05  1.9862749E-06  1.5609354E-03  0.0000000E+00
  2.0799350E+02  7.9681722E-05  4.3417148E-05  1.5935812E-05  1.5780173E-03  0.0000000E+00
  2.0799350E+02  1.1290881E-01  2.5922538E-05  9.5614737E-02  1.9262190E-02  0.0000000E+00
  2.0799350E+02 -1.1991928E-02  4.9350460E-03 -5.1073044E-03  1.9084325E-02  0.0000000E+00
  2.0799350E+02 -2.7266961E-03  4.5919164E-03 -1.7065369E-02  1.7942091E-02  0.0000000E+00
  2.0799350E+02  2.2661871E-03  2.1023414E-03 -9.3809572E-03  1.5986239E-02  0.0000000E+00
  2.0799350E+02  2.0563041E-03  4.3979497E-04 -2.7249851E-03  1.3814770E-02  0.0000000E+00
  2.0799350E+02  1.6638294E-03 -4.1549856E-04  8.2746973E-04  1.1840122E-02  0.0000000E+00
  2.0799350E+02 -9.6612799E-04 -6.4206580E-04  2.5664362E-03  1.0237882E-02  0.0000000E+00
  2.0799350E+02 -1.1009578E-03 -7.0972662E-04  1.9188288E-03  9.0300305E-03  0.0000000E+00
  2.0799350E+02 -1.0065835E-03 -1.1608520E-03  1.1828922E-03  8.1884346E-03  0.0000000E+00
  2.0799350E+02  2.0133163E-04 -1.8760208E-03 -1.3714790E-03  7.6774224E-03  0.0000000E+00
  2.0799350E+02  6.7291262E-04 -1.9092809E-03 -1.5998127E-03  7.4691497E-03  0.0000000E+00
  2.0799350E+02 -5.3452278E-04 -1.2611965E-03 -9.3888073E-05  7.5430748E-03  0.0000000E+00
  2.0799350E+02 -2.4948683E-03 -5.8635147E-04 -1.6815987E-04  7.8728653E-03  0.0000000E+00
  2.0799350E+02 -3.4188866E-03 -2.7763721E-04 -2.1874780E-03  8.4200466E-03  0.0000000E+00
  2.0799350E+02 -3.7464216E-03  1.3598853E-04 -2.3723438E-03  9.1332479E-03  0.0000000E+00
  2.0799350E+02 -6.4421203E-03  6.5800738E-04 -1.6676793E-03  9.9615139E-03  0.0000000E+00
  2.0799350E+02 -6.9258654E-03  5.6208866E-04  1.9947130E-05  1.0871092E-02  0.0000000E+00
  2.0799350E+02 -7.8850123E-03  5.5891328E-04  4.4511728E-04  1.1815708E-02  0.0000000E+00
  2.0799350E+02 -7.4849156E-03  5.5901644E-04 -2.4973703E-04  1.2744276E-02  0.0000000E+00
  2.0799350E+02 -4.8995471E-03  5.7630752E-04 -8.6878382E-04  1.3605629E-02  0.0000000E+00
  2.0799350E+02 -1.1461634E-03  6.5118908E-04 -8.0321711E-04  1.4361270E-02  0.0000000E+00
  2.0799350E+02  1.8306423E-03  7.8441064E-04 -3.1921516E-04  1.4987167E-02  0.0000000E+00
  2.0799350E+02  2.7431528E-03  9.0416831E-04 -4.8351668E-05  1.5470707E-02  0.0000000E+00
  2.0799350E+02  2.1332551E-03  8.8895057E-04 -2.3822595E-04  1.5806692E-02  0.0000000E+00
  2.0799350E+02  2.0536152E-03  6.6862278E-04 -3.2066217E-04  1.5996638E-02  0.0000000E+00
  2.0799350E+02  3.1772253E-03  4.2624345E-04  6.4517272E-04  1.6055569E-02  0.0000000E+00
  2.0799350E+02  3.1881123E-04  3.7696885E-04  3.3841772E-04  1.6006090E-02  0.0000000E+00
  2.0799350E+02 -3.1129402E-04  7.9347508E-05 -3.5338257E-05  1.5865047E-02  0.0000000E+00
  2.0799350E+02  4.5310154E-04 -1.3029798E-04  7.1337280E-05  1.5653434E-02  0.0000000E+00
  2.0799350E+02  1.1330434E-03 -2.0223197E-04  2.0475307E-04  1.5391025E-02  0.0000000E+00
  2.0799350E+02  1.3538394E-03 -2.0693077E-04  2.4642346E-04  1.5095141E-02  0.0000000E+00
  2.0799350E+02  1.1958723E-03 -2.1021660E-04  2.0848719E-04  1.4779097E-02  0.0000000E+00
  2.0799350E+02  8.4160681E-04 -2.2819601E-04  1.2845035E-04  1.4451502E-02  0.0000000E+00
  2.0799350E+02  4.3209703E-04 -2.3445110E-04  3.3408849E-05  1.4117450E-02  0.0000000E+00
  2.0799350E+02  5.5979133E-05 -1.9521882E-04 -5.4805308E-05  1.3780452E-02  0.0000000E+00
  2.0799350E+02 -2.0680684E-04 -1.0783049E-04 -1.0208280E-04  1.3444223E-02  0.0000000E+00
  2.0799350E+02 -2.6432170E-04 -1.7683432E-05 -6.0630247E-05  1.3113475E-02  0.0000000E+00
  2.0799350E+02 -9.2714110E-05  1.0983068E-05  8.7773012E-05  1.2792837E-02  0.0000000E+00
  2.0799350E+02  5.1542924E-06 -4.7643084E-06  2.1532534E-04  1.2483041E-02  0.0000000E+00
  2.0799350E+02 -3.8540947E-04  3.9349694E-05 -1.1205253E-05  1.2177960E-02  0.0000000E+00
  2.0799350E+02 -4.6318330E-04  1.0093848E-04  2.1880962E-05  1.1874600E-02  0.0000000E+00
  2.0799350E+02 -4.9173522E-04  1.7502429E-04  1.3020054E-04  1.1573588E-02  0.0000000E+00
  2.0799350E+02 -5.1983170E-04  2.1731814E-04  1.4116949E-04  1.1277915E-02  0.0000000E+00
  2.0799350E+02 -5.3349130E-04  2.2057066E-04  5.7906394E-05  1.0989937E-02  0.0000000E+00
  2.0799350E+02 -5.0602030E-04  1.9523952E-04 -4.9866845E-05  1.0710912E-02  0.0000000E+00
  2.0799350E+02 -4.2376867E-04  1.5673907E-04 -1.1409689E-04  1.0440961E-02  0.0000000E+00
  2.0799350E+02 -2.9357581E-04  1.1809905E-04 -1.0301562E-04  1.0179323E-02  0.0000000E+00
  2.0799350E+02 -1.3787564E-04  8.6859473E-05 -2.9273735E-05  9.9248028E-03  0.0000000E+00
  2.0799350E+02  1.6569336E-05  6.5028357E-05  6.1236481E-05  9.6762839E-03  0.0000000E+00
  2.0799350E+02  1.5033559E-04  5.0929526E-05  1.1269709E-04  9.4331901E-03  0.0000000E+00
  2.0799350E+02  2.5743815E-04  4.1767213E-05  8.7646927E-05  9.1957829E-03  0.0000000E+00
  2.0799350E+02  3.3989265E-04  3.5734511E-05 -6.9416298E-06  8.9651752E-03  0.0000000E+00
  2.0799350E+02  3.8477031E-04  3.2492560E-05 -1.0296377E-04  8.7429436E-03  0.0000000E+00
  2.0799350E+02  3.1777637E-04  3.0847435E-05 -7.1033345E-05  8.5302229E-03  0.0000000E+00
  2.0799350E+02  9.6957601E-05  2.4758368E-05  4.8764392E-05  8.3267806E-03  0.0000000E+00
  2.0799350E+02  1.0847919E-04  3.7823430E-05  7.0873027E-05  8.1354365E-03  0.0000000E+00
  2.0799350E+02  1.6925626E-04  5.3138244E-05  5.9227953E-05  7.9544138E-03  0.0000000E+00
  2.0799350E+02  1.7122676E-04  5.6681453E-05  1.6262149E-05  7.7808277E-03  0.0000000E+00
  2.0799350E+02  1.0232937E-04  4.6051492E-05 -3.5467397E-05  7.6123334E-03  0.0000000E+00
  2.0799350E+02 -3.8933474E-06  2.5201161E-05 -7.3329906E-05  7.4473082E-03  0.0000000E+00
  2.0799350E+02 -1.0299027E-04  5.0971853E-07 -8.4883084E-05  7.2848611E-03  0.0000000E+00
  2.0799350E+02 -1.6085163E-04 -2.1942116E-05 -7.0541919E-05  7.1247129E-03  0.0000000E+00
  2.0799350E+02 -1.6376966E-04 -3.8028849E-05 -4.0848450E-05  6.9669930E-03  0.0000000E+00
  2.0799350E+02 -1.1956601E-04 -4.6303188E-05 -1.0536964E-05  6.8119971E-03  0.0000000E+00
  2.0799350E+02 -5.1928034E-05 -4.7918570E-05  8.4293862E-06  6.6597019E-03  0.0000000E+00
  2.0799350E+02  9.0715626E-06 -4.5890872E-05  1.2524018E-05  6.5105769E-03  0.0000000E+00
  2.0799350E+02  3.9868653E-05 -4.3834343E-05  9.2337317E-06  6.3639881E-03  0.0000000E+00
  2.0799350E+02  3.4987488E-05 -4.4277697E-05  1.3694762E-05  6.2192564E-03  0.0000000E+00
  2.0799350E+02  1.6831769E-05 -4.6744726E-05  3.7761953E-05  6.0756374E-03  0.0000000E+00
  2.0799350E+02  4.0768209E-05 -4.5701513E-05  6.9069130E-05  5.9327859E-03  0.0000000E+00
  2.0799350E+02  9.0477526E-05 -2.9486419E-05  1.9493080E-05  5.7910640E-03  0.0000000E+00
  2.0799350E+02 -3.4482801E-05 -3.0256841E-06 -3.3235063E-05  5.6507284E-03  0.0000000E+00
  2.0799350E+02 -9.4897639E-05  2.0212419E-05 -2.5520551E-05  5.5132624E-03  0.0000000E+00
  2.0799350E+02 -9.3491610E-05  3.5789949E-05 -1.4183419E-05  5.3790428E-03  0.0000000E+00
  2.0799350E+02 -5.2409799E-05  4.3757988E-05 -1.1827440E-05  5.2482814E-03  0.0000000E+00
  2.0799350E+02  1.4106338E-06  4.6009763E-05 -1.2126271E-05  5.1211573E-03  0.0000000E+00
  2.0799350E+02  4.5579579E-05  4.4633499E-05 -5.7341859E-06  4.9979026E-03  0.0000000E+00
  2.0799350E+02  6.7141177E-05  4.1075830E-05  1.1461216E-05  4.8788467E-03  0.0000000E+00
  2.0799350E+02  6.3846417E-05  3.5926635E-05  3.6026915E-05  4.7644260E-03  0.0000000E+00
  2.0799350E+02  4.2648483E-05  2.9136132E-05  5.8895599E-05  4.6551636E-03  0.0000000E+00
  2.0799350E+02  1.6258160E-05  2.0475069E-05  6.9782602E-05  4.5516254E-03  0.0000000E+00
  2.0799350E+02 -1.4033505E-06  1.0048883E-05  6.2391271E-05  4.4543584E-03  0.0000000E+00
  2.0799350E+02 -1.6882318E-08 -1.3233599E-06  3.8689335E-05  4.3638158E-03  0.0000000E+00
  2.0799350E+02  2.2894316E-05 -1.2054373E-05  1.0538900E-05  4.2802766E-03  0.0000000E+00
  2.0799350E+02  5.9133599E-05 -2.0247573E-05 -3.0373435E-06  4.2037632E-03  0.0000000E+00
  2.0799350E+02  8.9246677E-05 -2.4858669E-05  1.5328901E-05  4.1339647E-03  0.0000000E+00
  2.0799350E+02  8.5021440E-05 -2.7749074E-05  6.4737968E-05  4.0701698E-03  0.0000000E+00
  2.0799350E+02  2.2654931E-05 -2.5111166E-05  3.8275235E-05  4.0118235E-03  0.0000000E+00
  2.0799350E+02 -2.0744506E-05 -9.5054220E-06 -2.9287943E-05  3.9582455E-03  0.0000000E+00
  2.0799350E+02 -3.7922151E-05  1.6001773E-06 -3.5602700E-05  3.9070422E-03  0.0000000E+00
  2.0799350E+02 -4.5558018E-05  7.6349017E-06 -2.3735947E-05  3.8570670E-03  0.0000000E+00
  2.0799350E+02 -5.1624407E-05  9.1460123E-06 -1.3040264E-05  3.8075757E-03  0.0000000E+00
  2.0799350E+02 -5.8472855E-05  7.6193882E-06 -8.9871555E-06  3.7581157E-03  0.0000000E+00
  2.0799350E+02 -6.5205893E-05  5.1098415E-06 -1.0193714E-05  3.7084351E-03  0.0000000E+00
  2.0799350E+02 -6.9430914E-05  3.7623500E-06 -1.3061621E-05  3.6584104E-03  0.0000000E+00
  2.0799350E+02 -6.8493485E-05  5.3054355E-06 -1.4447393E-05  3.6079930E-03  0.0000000E+00
  2.0799350E+02 -6.0287408E-05  1.0597917E-05 -1.2782790E-05  3.5571743E-03  0.0000000E+00
  2.0799350E+02 -4.3738871E-05  1.9310271E-05 -8.0642992E-06  3.5059689E-03  0.0000000E+00
  2.0799350E+02 -1.9061987E-05  2.9821818E-05 -1.1306081E-06  3.4544161E-03  0.0000000E+00
  2.0799350E+02  1.2116939E-05  3.9414978E-05  7.3530086E-06  3.4025995E-03  0.0000000E+00
  2.0799350E+02  1.5990247E-01  5.0655248E-03  2.8633232E-01  6.9126948E-02  0.0000000E+00
  2.0799350E+02 -2.1927565E-03  6.0316276E-03 -3.4582709E-02  6.9128257E-02  0.0000000E+00
  2.0799350E+02 -1.5076666E-02  5.6075375E-03 -5.0162541E-02  6.7696805E-02  0.0000000E+00
  2.0799350E+02 -8.8986583E-03  2.0404410E-03 -1.9661086E-02  6.4881299E-02  0.0000000E+00
  2.0799350E+02 -3.1535906E-03 -4.8733406E-04 -4.9913170E-03  6.1473893E-02  0.0000000E+00
  2.0799350E+02 -1.2783954E-03 -1.6646197E-03  1.0768965E-03  5.8049837E-02  0.0000000E+00
  2.0799350E+02 -1.8732297E-03 -1.9711554E-03  4.6453986E-03  5.4906615E-02  0.0000000E+00
  2.0799350E+02 -1.7597211E-03 -1.8728439E-03  4.0163170E-03  5.2178648E-02  0.0000000E+00
  2.0799350E+02 -1.9731970E-04 -1.8226502E-03 -1.5649274E-04  4.9901868E-02  0.0000000E+00
  2.0799350E+02  1.0417423E-03 -1.3566368E-03 -1.8151501E-03  4.8049251E-02  0.0000000E+00
  2.0799350E+02  9.3979320E-04 -8.0007819E-04 -1.3265723E-03  4.6590848E-02  0.0000000E+00
  2.0799350E+02 -5.2492490E-04 -3.7294734E-04 -5.1548447E-04  4.5461318E-02  0.0000000E+00
  2.0799350E+02 -2.4390689E-03  1.7512849E-05 -1.7943407E-04  4.4578626E-02  0.0000000E+00
  2.0799350E+02 -3.2547176E-03  4.8195394E-04 -2.6820737E-04  4.3889037E-02  0.0000000E+00
  2.0799350E+02 -2.0692454E-03  9.3602067E-04 -3.0838591E-04  4.3378893E-02  0.0000000E+00
  2.0799350E+02 -2.1870639E-03  1.6804540E-03  1.1737603E-04  4.3017379E-02  0.0000000E+00
  2.0799350E+02 -3.7473108E-03  2.2833984E-03 -1.3034679E-03  4.2761704E-02  0.0000000E+00
  2.0799350E+02 -3.8789254E-03  2.1562683E-03 -2.0257378E-03  4.2551678E-02  0.0000000E+00
  2.0799350E+02 -3.3221431E-03  1.6426211E-03 -1.6544970E-03  4.2312556E-02  0.0000000E+00
  2.0799350E+02 -2.8348486E-03  1.0836522E-03 -6.0711087E-04  4.1981105E-02  0.0000000E+00
  2.0799350E+02 -2.6196067E-03  6.4068488E-04  4.1001440E-04  4.1530223E-02  0.0000000E+00
  2.0799350E+02 -2.4370543E-03  3.1485585E-04  8.3314539E-04  4.0970082E-02  0.0000000E+00
  2.0799350E+02 -2.0108753E-03  5.1437544E-05  5.4799459E-04  4.0329000E-02  0.0000000E+00
  2.0799350E+02 -1.3586826E-03 -1.5026999E-04 -3.9556474E-05  3.9627539E-02  0.0000000E+00
  2.0799350E+02 -6.7987060E-04 -2.1290062E-04 -2.2346138E-04  3.8871893E-02  0.0000000E+00
  2.0799350E+02  5.8456525E-04 -1.4251297E-04  3.9887436E-04  3.8059398E-02  0.0000000E+00
  2.0799350E+02  2.8737631E-03  5.8085617E-05 -1.1341307E-04  3.7182933E-02  0.0000000E+00
  2.0799350E+02  2.9095932E-03  1.8337595E-04 -2.9154281E-04  3.6260956E-02  0.0000000E+00
  2.0799350E+02  2.2338823E-03  2.1063510E-04 -1.1779937E-05  3.5288588E-02  0.0000000E+00
  2.0799350E+02  1.6071842E-03  2.2464407E-04  2.3292047E-04  3.4271907E-02  0.0000000E+00
  2.0799350E+02  1.2164137E-03  2.4297332E-04  3.1950190E-04  3.3227472E-02  0.0000000E+00
  2.0799350E+02  9.8983929E-04  2.5457697E-04  2.8550435E-04  3.2168472E-02  0.0000000E+00
  2.0799350E+02  7.9898040E-04  2.4383314E-04  2.0584130E-04  3.1111083E-02  0.0000000E+00
  2.0799350E+02  5.5915869E-04  2.0336650E-04  1.3732901E-04  3.0068077E-02  0.0000000E+00
  2.0799350E+02  2.6122344E-04  1.3751102E-04  1.0578793E-04  2.9044169E-02  0.0000000E+00
  2.0799350E+02 -3.9045685E-05  6.0650851E-05  1.1681992E-04  2.8047522E-02  0.0000000E+00
  2.0799350E+02 -2.5590011E-04 -7.9934357E-06  1.6546428E-04  2.7084658E-02  0.0000000E+00
  2.0799350E+02 -3.0436373E-04 -4.9998540E-05  2.2539795E-04  2.6154187E-02  0.0000000E+00
  2.0799350E+02 -9.8764916E-05 -4.9483137E-05  1.9342649E-04  2.5251592E-02  0.0000000E+00
  2.0799350E+02 -2.8167996E-05 -2.5563673E-05  1.1861503E-05  2.4375619E-02  0.0000000E+00
  2.0799350E+02 -4.1318138E-05 -2.6252921E-05 -4.0638374E-05  2.3524272E-02  0.0000000E+00
  2.0799350E+02 -1.6049438E-06 -2.6916181E-05 -7.2180040E-05  2.2698167E-02  0.0000000E+00
  2.0799350E+02 -4.2658146E-05 -2.5503983E-05 -9.2706115E-05  2.1899328E-02  0.0000000E+00
  2.0799350E+02 -1.2703084E-04 -2.2795033E-05 -9.3212886E-05  2.1128717E-02  0.0000000E+00
  2.0799350E+02 -1.7726513E-04 -1.8449829E-05 -6.6689622E-05  2.0385632E-02  0.0000000E+00
  2.0799350E+02 -1.4570265E-04 -1.0403843E-05 -1.7055352E-05  1.9666225E-02  0.0000000E+00
  2.0799350E+02 -3.5769087E-05  3.5303398E-06  4.0037028E-05  1.8971661E-02  0.0000000E+00
  2.0799350E+02  1.0808110E-04  2.3201894E-05  8.2716754E-05  1.8304018E-02  0.0000000E+00
  2.0799350E+02  2.3033352E-04  4.4187938E-05  9.1799329E-05  1.7662424E-02  0.0000000E+00
  2.0799350E+02  2.9480788E-04  5.7139474E-05  5.9458125E-05  1.7048880E-02  0.0000000E+00
  2.0799350E+02  3.0610111E-04  5.0378481E-05 -3.3988835E-06  1.6464110E-02  0.0000000E+00
  2.0799350E+02  3.0336054E-04  1.6365626E-05 -6.5800672E-05  1.5904890E-02  0.0000000E+00
  2.0799350E+02  3.1321166E-04 -3.6197826E-05 -8.1848392E-05  1.5371827E-02  0.0000000E+00
  2.0799350E+02  2.4718471E-04 -6.4172373E-05 -7.4198083E-06  1.4864407E-02  0.0000000E+00
  2.0799350E+02 -1.0071454E-04 -8.1408230E-06  6.9087100E-06  1.4382272E-02  0.0000000E+00
  2.0799350E+02 -2.2644575E-04  2.0447901E-07  1.2912448E-05  1.3924056E-02  0.0000000E+00
  2.0799350E+02 -1.8927530E-04 -1.5174273E-05  5.0272033E-05  1.3488167E-02  0.0000000E+00
  2.0799350E+02 -1.0835013E-04 -2.3375139E-05  6.0671662E-05  1.3071234E-02  0.0000000E+00
  2.0799350E+02 -4.2206906E-05 -1.4674754E-05  4.1099865E-05  1.2671465E-02  0.0000000E+00
  2.0799350E+02 -1.1480754E-05  8.4676794E-06  8.7196911E-06  1.2286108E-02  0.0000000E+00
  2.0799350E+02 -1.6178480E-05  3.7920169E-05 -1.9433922E-05  1.1914945E-02  0.0000000E+00
  2.0799350E+02 -4.5973512E-05  6.4448648E-05 -3.5677902E-05  1.1557854E-02  0.0000000E+00
  2.0799350E+02 -8.7081163E-05  8.0768255E-05 -4.2484451E-05  1.1212921E-02  0.0000000E+00
  2.0799350E+02 -1.2530764E-04  8.2760867E-05 -4.7698880E-05  1.0879922E-02  0.0000000E+00
  2.0799350E+02 -1.4777389E-04  7.0156915E-05 -5.7684465E-05  1.0558433E-02  0.0000000E+00
  2.0799350E+02 -1.4402636E-04  4.6097448E-05 -7.1099444E-05  1.0246365E-02  0.0000000E+00
  2.0799350E+02 -1.0763859E-04  1.6640464E-05 -7.6258984E-05  9.9437423E-03  0.0000000E+00
  2.0799350E+02 -3.9897816E-05 -1.0265232E-05 -5.5420842E-05  9.6486343E-03  0.0000000E+00
  2.0799350E+02  4.2776026E-05 -2.4961419E-05  1.3439035E-06  9.3607805E-03  0.0000000E+00
  2.0799350E+02  9.7266224E-05 -1.6254897E-05  6.9177424E-05  9.0800429E-03  0.0000000E+00
  2.0799350E+02  3.7493851E-05  4.3848120E-06  2.2672566E-05  8.8057651E-03  0.0000000E+00
  2.0799350E+02 -3.9856438E-05 -7.5886884E-06 -5.2577572E-05  8.5390395E-03  0.0000000E+00
  2.0799350E+02 -5.9713240E-05 -3.2573741E-06 -4.3641572E-05  8.2800016E-03  0.0000000E+00
  2.0799350E+02 -4.6683511E-05  7.2737392E-06 -1.2612846E-05  8.0291163E-03  0.0000000E+00
  2.0799350E+02 -2.1306561E-05  1.8036163E-05  1.4727170E-05  7.7872298E-03  0.0000000E+00
  2.0799350E+02  1.9327202E-06  2.5877479E-05  3.2305955E-05  7.5547233E-03  0.0000000E+00
  2.0799350E+02  1.5393012E-05  2.9512342E-05  4.2518848E-05  7.3307554E-03  0.0000000E+00
  2.0799350E+02  1.7352193E-05  2.8738642E-05  4.9118167E-05  7.1161261E-03  0.0000000E+00
  2.0799350E+02  1.0630829E-05  2.4019191E-05  5.4001842E-05  6.9103640E-03  0.0000000E+00
  2.0799350E+02  5.0274840E-07  1.6200526E-05  5.6408200E-05  6.7142425E-03  0.0000000E+00
  2.0799350E+02 -7.4106331E-06  6.4007980E-06  5.4065595E-05  6.5285428E-03  0.0000000E+00
  2.0799350E+02 -9.0756973E-06 -4.0990381E-06  4.5181395E-05  6.3530692E-03  0.0000000E+00
  2.0799350E+02 -3.1818577E-06 -1.3746258E-05  3.0540246E-05  6.1883679E-03  0.0000000E+00
  2.0799350E+02  8.5718428E-06 -2.0768720E-05  1.4785962E-05  6.0345980E-03  0.0000000E+00
  2.0799350E+02  2.2794378E-05 -2.3252800E-05  5.8746478E-06  5.8907673E-03  0.0000000E+00
  2.0799350E+02  3.7272310E-05 -1.9220328E-05  1.2251248E-05  5.7562682E-03  0.0000000E+00
  2.0799350E+02  5.6167804E-05 -7.0148692E-06  3.6234035E-05  5.6301395E-03  0.0000000E+00
  2.0799350E+02  5.7483613E-05  1.4124829E-05  2.4375368E-05  5.5109951E-03  0.0000000E+00
  2.0799350E+02 -1.7526148E-06  3.5745702E-05 -2.4947345E-05  5.3984696E-03  0.0000000E+00
  2.0799350E+02 -4.2689960E-05  5.0997772E-05 -4.2868574E-05  5.2904272E-03  0.0000000E+00
  2.0799350E+02 -5.6881988E-05  5.8177105E-05 -4.4314424E-05  5.1860635E-03  0.0000000E+00
  2.0799350E+02 -5.2265641E-05  5.7929479E-05 -3.9237085E-05  5.0848892E-03  0.0000000E+00
  2.0799350E+02 -4.1428188E-05  5.2282734E-05 -3.3142261E-05  4.9860665E-03  0.0000000E+00
  2.0799350E+02 -3.4616567E-05  4.3861054E-05 -2.8102378E-05  4.8893134E-03  0.0000000E+00
  2.0799350E+02 -3.6316751E-05  3.5248175E-05 -2.3823454E-05  4.7943398E-03  0.0000000E+00
  2.0799350E+02 -4.4778741E-05  2.8420302E-05 -1.8756467E-05  4.7003960E-03  0.0000000E+00
  2.0799350E+02 -5.3570015E-05  2.4504513E-05 -1.1188715E-05  4.6072631E-03  0.0000000E+00
  2.0799350E+02 -5.4430260E-05  2.3571930E-05 -9.9182889E-08  4.5148340E-03  0.0000000E+00
  2.0799350E+02 -4.0588110E-05  2.4714225E-05  1.4359636E-05  4.4227242E-03  0.0000000E+00
  2.0799350E+02 -9.7187592E-06  2.6335666E-05  3.0613663E-05  4.3312526E-03  0.0000000E+00
  2.0799350E+02  1.7909571E-01  1.4076635E-02  4.2757097E-01  9.7324269E-02  0.0000000E+00
  2.0799350E+02 -2.1231710E-03  3.9266497E-03 -5.1339818E-02  9.6753201E-02  0.0000000E+00
  2.0799350E+02 -3.4806742E-02  5.2313969E-03 -8.0396082E-02  9.4615410E-02  0.0000000E+00
  2.0799350E+02 -1.1095636E-02  2.4711244E-03 -3.2184058E-02  9.0834589E-02  0.0000000E+00
  2.0799350E+02 -1.6136433E-04 -2.9341118E-04 -7.7986348E-03  8.6234843E-02  0.0000000E+00
  2.0799350E+02  2.7660272E-03 -1.6290639E-03  1.9328330E-03  8.1451156E-02  0.0000000E+00
  2.0799350E+02  1.4955621E-03 -1.9451285E-03  4.4457946E-03  7.6850543E-02  0.0000000E+00
  2.0799350E+02 -6.8214682E-04 -2.0685669E-03  4.8501862E-03  7.2621932E-02  0.0000000E+00
  2.0799350E+02 -2.1135049E-03 -2.0194261E-03  3.5680877E-03  6.8840192E-02  0.0000000E+00
  2.0799350E+02 -2.7901362E-03 -2.2513588E-03  2.1322503E-03  6.5522086E-02  0.0000000E+00
  2.0799350E+02 -2.5530648E-03 -1.9945867E-03  1.6564876E-03  6.2641641E-02  0.0000000E+00
  2.0799350E+02 -2.6174745E-03 -1.2238656E-03  1.4705783E-03  6.0159187E-02  0.0000000E+00
  2.0799350E+02 -3.7155251E-03 -6.5440955E-04  6.5035906E-04  5.8030698E-02  0.0000000E+00
  2.0799350E+02 -4.8355127E-03 -6.6974124E-04 -8.2871483E-04  5.6192497E-02  0.0000000E+00
  2.0799350E+02 -4.4099850E-03 -6.0901771E-04 -1.6357281E-03  5.4565537E-02  0.0000000E+00
  2.0799350E+02 -3.6023601E-03 -2.7757258E-04 -5.4541932E-04  5.3064076E-02  0.0000000E+00
  2.0799350E+02 -3.3451914E-03 -4.5947378E-06 -1.4457965E-04  5.1638610E-02  0.0000000E+00
  2.0799350E+02 -4.1781814E-03  4.6179558E-04 -5.5923050E-05  5.0248980E-02  0.0000000E+00
  2.0799350E+02 -4.4395518E-03  8.1516976E-04  2.5299429E-05  4.8862834E-02  0.0000000E+00
  2.0799350E+02 -3.3395458E-03  9.6983551E-04  1.7167836E-04  4.7470361E-02  0.0000000E+00
  2.0799350E+02 -1.2769683E-03  9.1614831E-04  3.1642748E-04  4.6069435E-02  0.0000000E+00
  2.0799350E+02  6.4096980E-04  6.8075096E-04  3.6299179E-04  4.4666160E-02  0.0000000E+00
  2.0799350E+02  1.4448127E-03  3.3745165E-04  2.7579527E-04  4.3262074E-02  0.0000000E+00
  2.0799350E+02  1.0273529E-03  1.8433553E-05  1.1476487E-04  4.1866145E-02  0.0000000E+00
  2.0799350E+02  3.8248509E-04 -1.3937415E-04 -2.0859145E-05  4.0483510E-02  0.0000000E+00
  2.0799350E+02  8.6119943E-04 -1.6387209E-04 -1.7805081E-04  3.9116685E-02  0.0000000E+00
  2.0799350E+02  8.0736408E-04 -1.6879966E-04 -1.4262362E-04  3.7767228E-02  0.0000000E+00
  2.0799350E+02  1.0216802E-03 -5.3853044E-05  4.9416272E-05  3.6418569E-02  0.0000000E+00
  2.0799350E+02  1.2610193E-03  4.5127132E-05  1.4912526E-04  3.5077685E-02  0.0000000E+00
  2.0799350E+02  1.1150321E-03  1.1078413E-04  1.7701488E-04  3.3750356E-02  0.0000000E+00
  2.0799350E+02  7.4071106E-04  1.4122377E-04  1.6217612E-04  3.2442030E-02  0.0000000E+00
  2.0799350E+02  4.0891126E-04  1.3247111E-04  1.4263980E-04  3.1161020E-02  0.0000000E+00
  2.0799350E+02  2.7132066E-04  7.7606386E-05  1.5089968E-04  2.9909700E-02  0.0000000E+00
  2.0799350E+02  3.0292643E-04 -2.4304241E-05  1.9572349E-04  2.8696767E-02  0.0000000E+00
  2.0799350E+02  3.5430383E-04 -1.5694791E-04  2.4983467E-04  2.7527333E-02  0.0000000E+00
  2.0799350E+02  2.7086173E-04 -2.8041407E-04  2.5476154E-04  2.6404147E-02  0.0000000E+00
  2.0799350E+02  2.2210494E-05 -3.3693381E-04  1.5338907E-04  2.5328996E-02  0.0000000E+00
  2.0799350E+02 -2.1412420E-04 -2.7623336E-04 -4.0786879E-05  2.4296080E-02  0.0000000E+00
  2.0799350E+02 -5.9628844E-05 -1.0645189E-04 -1.2394525E-04  2.3305080E-02  0.0000000E+00
  2.0799350E+02  2.3147634E-04 -9.9074066E-06  8.7075263E-05  2.2351349E-02  0.0000000E+00
  2.0799350E+02 -2.8985727E-05 -3.5528605E-05  2.0471169E-05  2.1433803E-02  0.0000000E+00
  2.0799350E+02 -1.7260144E-04 -6.5444306E-05 -5.5153746E-05  2.0554845E-02  0.0000000E+00
  2.0799350E+02 -1.3500798E-04 -7.0330773E-05 -5.7544499E-05  1.9709365E-02  0.0000000E+00
  2.0799350E+02  3.4507700E-06 -4.8410799E-05 -7.7742859E-06  1.8898391E-02  0.0000000E+00
  2.0799350E+02  1.3719020E-04 -1.2053611E-05  4.6560783E-05  1.8122042E-02  0.0000000E+00
  2.0799350E+02  1.9936336E-04  2.2380303E-05  7.2293591E-05  1.7380459E-02  0.0000000E+00
  2.0799350E+02  1.8127235E-04  4.1360382E-05  6.3630799E-05  1.6674716E-02  0.0000000E+00
  2.0799350E+02  1.2037718E-04  3.8204478E-05  3.6060850E-05  1.6002030E-02  0.0000000E+00
  2.0799350E+02  7.1150992E-05  1.4223743E-05  1.0695653E-05  1.5363073E-02  0.0000000E+00
  2.0799350E+02  7.1039168E-05 -2.1960983E-05 -2.3998230E-06  1.4757233E-02  0.0000000E+00
  2.0799350E+02  1.1497779E-04 -5.7152905E-05 -1.2697771E-05  1.4184881E-02  0.0000000E+00
  2.0799350E+02  1.5235596E-04 -7.8083178E-05 -4.0615199E-05  1.3643449E-02  0.0000000E+00
  2.0799350E+02  1.1802627E-04 -7.6457613E-05 -8.2698471E-05  1.3132964E-02  0.0000000E+00
  2.0799350E+02  1.2524230E-05 -5.5510708E-05 -4.1706789E-05  1.2651438E-02  0.0000000E+00
  2.0799350E+02 -1.6014107E-04 -3.8079513E-05  1.2654578E-04  1.2195572E-02  0.0000000E+00
  2.0799350E+02 -3.0613638E-04 -2.8442810E-05  1.4695841E-04  1.1763819E-02  0.0000000E+00
  2.0799350E+02 -2.9573477E-04 -1.7511662E-05  1.3357332E-04  1.1352672E-02  0.0000000E+00
  2.0799350E+02 -1.9124031E-04 -9.0819308E-07  1.1092935E-04  1.0961781E-02  0.0000000E+00
  2.0799350E+02 -6.7361842E-05  2.2754161E-05  8.3295806E-05  1.0590288E-02  0.0000000E+00
  2.0799350E+02  1.8414025E-05  5.0776173E-05  4.7829765E-05  1.0237177E-02  0.0000000E+00
  2.0799350E+02  3.9053202E-05  7.7065430E-05  2.7939099E-06  9.9016567E-03  0.0000000E+00
  2.0799350E+02 -1.2281215E-06  9.4240807E-05 -4.8890253E-05  9.5809206E-03  0.0000000E+00
  2.0799350E+02 -7.5144280E-05  9.5848753E-05 -9.8672773E-05  9.2737081E-03  0.0000000E+00
  2.0799350E+02 -1.4523695E-04  7.9035183E-05 -1.3468048E-04  8.9782056E-03  0.0000000E+00
  2.0799350E+02 -1.7871949E-04  4.6328299E-05 -1.4531736E-04  8.6928595E-03  0.0000000E+00
  2.0799350E+02 -1.6026599E-04  6.2790019E-06 -1.2378608E-04  8.4170290E-03  0.0000000E+00
  2.0799350E+02 -9.8832522E-05 -2.8130056E-05 -7.2251977E-05  8.1492168E-03  0.0000000E+00
  2.0799350E+02 -2.5686833E-05 -4.2817971E-05 -5.5014401E-06  7.8898338E-03  0.0000000E+00
  2.0799350E+02  2.0661753E-05 -2.9764188E-05  4.7512231E-05  7.6390480E-03  0.0000000E+00
  2.0799350E+02  2.6000639E-05  2.4689077E-06  4.4703814E-05  7.3967445E-03  0.0000000E+00
  2.0799350E+02  4.8715646E-05  1.3127268E-05 -2.9223791E-05  7.1624133E-03  0.0000000E+00
  2.0799350E+02  4.2364360E-05  6.3821449E-06 -2.7494021E-05  6.9357015E-03  0.0000000E+00
  2.0799350E+02  1.7191576E-05  4.1397062E-06 -3.6817339E-06  6.7176992E-03  0.0000000E+00
  2.0799350E+02  1.4161117E-05  2.7250479E-06  2.0648560E-05  6.5088354E-03  0.0000000E+00
  2.0799350E+02  3.3826167E-05  1.6615683E-06  3.7599280E-05  6.3091810E-03  0.0000000E+00
  2.0799350E+02  6.0646138E-05  1.6970361E-06  4.6711897E-05  6.1190412E-03  0.0000000E+00
  2.0799350E+02  7.8463344E-05  3.5817634E-06  5.0625603E-05  5.9378277E-03  0.0000000E+00
  2.0799350E+02  7.8067563E-05  7.4593827E-06  5.2176975E-05  5.7660537E-03  0.0000000E+00
  2.0799350E+02  5.9575032E-05  1.2729693E-05  5.2968366E-05  5.6039987E-03  0.0000000E+00
  2.0799350E+02  3.0562466E-05  1.8250578E-05  5.2901236E-05  5.4522118E-03  0.0000000E+00
  2.0799350E+02  1.6055890E-06  2.2794236E-05  5.0529016E-05  5.3103875E-03  0.0000000E+00
  2.0799350E+02 -1.8326093E-05  2.5478358E-05  4.3948619E-05  5.1788051E-03  0.0000000E+00
  2.0799350E+02 -2.6021642E-05  2.6235869E-05  3.1983868E-05  5.0571821E-03  0.0000000E+00
  2.0799350E+02 -2.5279277E-05  2.6039021E-05  1.5393555E-05  4.9448883E-03  0.0000000E+00
  2.0799350E+02 -2.3863263E-05  2.6798220E-05 -2.1218645E-06  4.8411279E-03  0.0000000E+00
  2.0799350E+02 -2.4452771E-05  3.0804378E-05 -1.3554343E-05  4.7443491E-03  0.0000000E+00
  2.0799350E+02 -7.9457098E-06  3.9563625E-05 -8.6415311E-06  4.6535152E-03  0.0000000E+00
  2.0799350E+02  2.5258768E-05  4.6398233E-05 -8.2049221E-06  4.5673063E-03  0.0000000E+00
  2.0799350E+02 -1.6285600E-05  5.2735782E-05 -3.4451214E-05  4.4850163E-03  0.0000000E+00
  2.0799350E+02 -4.5238458E-05  6.2896893E-05 -4.6521789E-05  4.4063685E-03  0.0000000E+00
  2.0799350E+02 -5.2545893E-05  7.1152309E-05 -5.1889332E-05  4.3302496E-03  0.0000000E+00
  2.0799350E+02 -4.3462942E-05  7.5255499E-05 -5.3139584E-05  4.2562292E-03  0.0000000E+00
  2.0799350E+02 -2.8246259E-05  7.4969873E-05 -5.0333972E-05  4.1838237E-03  0.0000000E+00
  2.0799350E+02 -1.5995321E-05  7.0985776E-05 -4.2651054E-05  4.1125476E-03  0.0000000E+00
  2.0799350E+02 -1.1461525E-05  6.4271465E-05 -2.9542480E-05  4.0420313E-03  0.0000000E+00
  2.0799350E+02 -1.4170407E-05  5.5683370E-05 -1.1285611E-05  3.9715965E-03  0.0000000E+00
  2.0799350E+02 -1.9349319E-05  4.5939299E-05  1.0639942E-05  3.9010628E-03  0.0000000E+00
  2.0799350E+02 -1.9936698E-05  3.5637820E-05  3.3734812E-05  3.8303572E-03  0.0000000E+00
  2.0799350E+02 -9.2556359E-06  2.5408996E-05  5.4845013E-05  3.7597041E-03  0.0000000E+00
  2.0799350E+02  1.6246471E-05  1.6067947E-05  7.0737852E-05  3.6897638E-03  0.0000000E+00
  2.0799350E+02  2.1568149E-01  1.6971547E-02  3.6243171E-01  5.6590535E-02  0.0000000E+00
  2.0799350E+02 -1.2994542E-02  1.2554783E-03 -2.4556212E-02  5.4960255E-02  0.0000000E+00
  2.0799350E+02 -5.6388365E-02  6.3198319E-03 -7.1931848E-02  5.2483429E-02  0.0000000E+00
  2.0799350E+02 -1.2132177E-02  4.5244517E-03 -3.5752074E-02  4.8842991E-02  0.0000000E+00
  2.0799350E+02  1.6870285E-04  8.5023170E-04 -1.3120216E-02  4.4516605E-02  0.0000000E+00
  2.0799350E+02  1.0442583E-03 -1.3461845E-03 -1.4565931E-03  4.0013107E-02  0.0000000E+00
  2.0799350E+02  1.0824859E-03 -2.4083652E-03  3.7762686E-03  3.5693593E-02  0.0000000E+00
  2.0799350E+02 -1.6622005E-04 -3.0072103E-03  4.3603112E-03  3.1784780E-02  0.0000000E+00
  2.0799350E+02 -1.0926557E-03 -3.4109448E-03  3.4272041E-03  2.8393551E-02  0.0000000E+00
  2.0799350E+02 -1.7315443E-03 -3.3256477E-03  2.7740533E-03  2.5535957E-02  0.0000000E+00
  2.0799350E+02 -2.4736558E-03 -3.0495601E-03  2.4286702E-03  2.3177678E-02  0.0000000E+00
  2.0799350E+02 -3.0516329E-03 -2.8414232E-03  1.6047636E-03  2.1239415E-02  0.0000000E+00
  2.0799350E+02 -2.7931086E-03 -2.6867527E-03  1.3555154E-04  1.9642807E-02  0.0000000E+00
  2.0799350E+02 -2.3381084E-03 -2.2677586E-03 -9.5637584E-04  1.8316148E-02  0.0000000E+00
  2.0799350E+02 -2.6589062E-03 -1.2978684E-03 -5.3234587E-04  1.7207149E-02  0.0000000E+00
  2.0799350E+02 -1.6448972E-03 -3.8733995E-04 -3.7736342E-04  1.6262550E-02  0.0000000E+00
  2.0799350E+02 -2.6193683E-03  1.4833541E-04 -2.2652928E-05  1.5432952E-02  0.0000000E+00
  2.0799350E+02 -2.1147289E-03  5.3477891E-04  3.1011041E-04  1.4677165E-02  0.0000000E+00
  2.0799350E+02 -8.8810319E-04  7.4930476E-04  3.0631882E-04  1.3978178E-02  0.0000000E+00
  2.0799350E+02 -2.2389191E-04  8.1168894E-04  1.9145093E-04  1.3329971E-02  0.0000000E+00
  2.0799350E+02 -5.2883850E-04  7.4654924E-04  1.6544528E-04  1.2732146E-02  0.0000000E+00
  2.0799350E+02 -1.2293419E-03  5.7655481E-04  2.1493257E-04  1.2181836E-02  0.0000000E+00
  2.0799350E+02 -1.4134294E-03  3.3086488E-04  1.7635925E-04  1.1669876E-02  0.0000000E+00
  2.0799350E+02 -6.6364958E-04  6.2112560E-05 -6.8708500E-05  1.1184863E-02  0.0000000E+00
  2.0799350E+02  4.7362821E-04 -1.4543316E-04 -3.8811636E-04  1.0711595E-02  0.0000000E+00
  2.0799350E+02  9.4980796E-04 -1.7791337E-04 -3.0434170E-04  1.0241484E-02  0.0000000E+00
  2.0799350E+02  1.8528942E-04 -4.9854900E-05 -1.4844527E-04  9.7745831E-03  0.0000000E+00
  2.0799350E+02 -2.9084333E-04  4.8109721E-05 -8.2300824E-05  9.3141964E-03  0.0000000E+00
  2.0799350E+02 -1.9785140E-04  1.9828865E-04  1.1758895E-04  8.8575427E-03  0.0000000E+00
  2.0799350E+02  1.2931700E-04  3.3249550E-04  2.9562679E-04  8.4061477E-03  0.0000000E+00
  2.0799350E+02  4.3275999E-04  3.6321606E-04  3.7539204E-04  7.9632063E-03  0.0000000E+00
  2.0799350E+02  5.7348848E-04  2.6167890E-04  3.5353465E-04  7.5344541E-03  0.0000000E+00
  2.0799350E+02  5.3269208E-04  7.2816232E-05  2.7344973E-04  7.1223025E-03  0.0000000E+00
  2.0799350E+02  3.7560153E-04 -1.1293435E-04  1.8809476E-04  6.7285701E-03  0.0000000E+00
  2.0799350E+02  2.0222670E-04 -2.0801701E-04  1.2675280E-04  6.3538412E-03  0.0000000E+00
  2.0799350E+02  9.5909318E-05 -1.7579613E-04  7.6450719E-05  5.9973061E-03  0.0000000E+00
  2.0799350E+02  8.5930445E-05 -5.7691676E-05 -9.1098113E-06  5.6597440E-03  0.0000000E+00
  2.0799350E+02  1.3665171E-04  4.3620775E-05 -1.6202478E-04  5.3401069E-03  0.0000000E+00
  2.0799350E+02  1.8205195E-04  4.4742993E-05 -3.0064377E-04  5.0379715E-03  0.0000000E+00
  2.0799350E+02  2.3894203E-04  6.8799587E-05 -7.4196770E-05  4.7500794E-03  0.0000000E+00
  2.0799350E+02  3.1775164E-04  8.1436593E-05  1.4924439E-04  4.4741861E-03  0.0000000E+00
  2.0799350E+02  3.1957981E-04  7.1626973E-05  2.2231639E-04  4.2132376E-03  0.0000000E+00
  2.0799350E+02  2.4511361E-04  6.9776540E-05  2.0589794E-04  3.9678778E-03  0.0000000E+00
  2.0799350E+02  1.3600544E-04  7.2747339E-05  1.4284536E-04  3.7370877E-03  0.0000000E+00
  2.0799350E+02  3.9568609E-05  6.9165970E-05  6.4693963E-05  3.5209012E-03  0.0000000E+00
  2.0799350E+02 -1.2506614E-05  5.2869176E-05 -6.1214385E-06  3.3185587E-03  0.0000000E+00
  2.0799350E+02 -1.0654659E-05  2.7053206E-05 -5.4978941E-05  3.1303070E-03  0.0000000E+00
  2.0799350E+02  3.4382834E-05  2.0363043E-06 -7.5316750E-05  2.9565373E-03  0.0000000E+00
  2.0799350E+02  9.8771470E-05 -1.0377240E-05 -6.8610843E-05  2.7986337E-03  0.0000000E+00
  2.0799350E+02  1.5601927E-04 -3.8279447E-06 -4.3444318E-05  2.6567207E-03  0.0000000E+00
  2.0799350E+02  1.8537831E-04  1.8144139E-05 -1.1865197E-05  2.5305299E-03  0.0000000E+00
  2.0799350E+02  1.7589735E-04  4.2149966E-05  1.7400428E-05  2.4188581E-03  0.0000000E+00
  2.0799350E+02  1.2215013E-04  5.2592601E-05  5.0381133E-05  2.3194524E-03  0.0000000E+00
  2.0799350E+02  8.9141808E-06  4.9622323E-05  1.2465417E-04  2.2301238E-03  0.0000000E+00
  2.0799350E+02 -1.5109295E-04  6.1613910E-05  1.8272696E-04  2.1502901E-03  0.0000000E+00
  2.0799350E+02 -1.6220990E-04  7.3632900E-05  1.5758310E-04  2.0806608E-03  0.0000000E+00
  2.0799350E+02 -1.0469436E-04  9.3895164E-05  1.2613950E-04  2.0195026E-03  0.0000000E+00
  2.0799350E+02 -4.9770440E-05  1.1941111E-04  8.0595950E-05  1.9661466E-03  0.0000000E+00
  2.0799350E+02 -2.9207930E-05  1.4007714E-04  2.1705509E-05  1.9193854E-03  0.0000000E+00
  2.0799350E+02 -4.6941895E-05  1.4642906E-04 -4.2528306E-05  1.8779572E-03  0.0000000E+00
  2.0799350E+02 -8.9705025E-05  1.3386855E-04 -9.9994135E-05  1.8404504E-03  0.0000000E+00
  2.0799350E+02 -1.3629618E-04  1.0411563E-04 -1.3788977E-04  1.8056669E-03  0.0000000E+00
  2.0799350E+02 -1.6624719E-04  6.4196896E-05 -1.4725070E-04  1.7723500E-03  0.0000000E+00
  2.0799350E+02 -1.6573307E-04  2.4144113E-05 -1.2574443E-04  1.7395670E-03  0.0000000E+00
  2.0799350E+02 -1.3141605E-04 -6.1220633E-06 -7.9645808E-05  1.7067380E-03  0.0000000E+00
  2.0799350E+02 -7.1218448E-05 -1.9952365E-05 -2.3510399E-05  1.6736419E-03  0.0000000E+00
  2.0799350E+02 -2.3262247E-06 -1.6383134E-05  2.2456067E-05  1.6406678E-03  0.0000000E+00
  2.0799350E+02  5.5819225E-05 -1.3634798E-06  3.9645986E-05  1.6084204E-03  0.0000000E+00
  2.0799350E+02  9.1759684E-05  1.3418396E-05  2.1502890E-05  1.5778322E-03  0.0000000E+00
  2.0799350E+02  1.1760107E-04  1.4349332E-05 -1.0563212E-05  1.5498465E-03  0.0000000E+00
  2.0799350E+02  1.4081599E-04 -1.6843077E-06 -4.0282421E-06  1.5246092E-03  0.0000000E+00
  2.0799350E+02  8.0913108E-05 -1.6131342E-05 -1.2016183E-05  1.5014041E-03  0.0000000E+00
  2.0799350E+02  6.1841365E-05 -2.9294336E-05 -9.6376063E-06  1.4815007E-03  0.0000000E+00
  2.0799350E+02  8.2905647E-05 -3.4986731E-05  1.1895467E-05  1.4649155E-03  0.0000000E+00
  2.0799350E+02  1.2120017E-04 -3.0732490E-05  4.3918393E-05  1.4522959E-03  0.0000000E+00
  2.0799350E+02  1.5115165E-04 -1.7118337E-05  7.3112100E-05  1.4442505E-03  0.0000000E+00
  2.0799350E+02  1.5545260E-04  3.1256509E-06  8.8905042E-05  1.4411832E-03  0.0000000E+00
  2.0799350E+02  1.2949694E-04  2.6038332E-05  8.6955130E-05  1.4431356E-03  0.0000000E+00
  2.0799350E+02  8.0673725E-05  4.7393349E-05  6.9447653E-05  1.4498034E-03  0.0000000E+00
  2.0799350E+02  2.4686137E-05  6.3415508E-05  4.3409110E-05  1.4605697E-03  0.0000000E+00
  2.0799350E+02 -2.0975501E-05  7.1739626E-05  1.7419312E-05  1.4747142E-03  0.0000000E+00
  2.0799350E+02 -4.2985411E-05  7.1761731E-05 -1.6612217E-06  1.4915236E-03  0.0000000E+00
  2.0799350E+02 -3.7238307E-05  6.4893512E-05 -1.1452710E-05  1.5104549E-03  0.0000000E+00
  2.0799350E+02 -1.1137467E-05  5.4503676E-05 -1.5157140E-05  1.5310554E-03  0.0000000E+00
  2.0799350E+02  1.8717181E-05  4.5290421E-05 -2.0266760E-05  1.5531147E-03  0.0000000E+00
  2.0799350E+02  3.4753895E-05  4.2281765E-05 -3.3621843E-05  1.5763443E-03  0.0000000E+00
  2.0799350E+02  3.4189476E-05  4.9244784E-05 -5.2193158E-05  1.6000787E-03  0.0000000E+00
  2.0799350E+02  2.7665777E-05  5.8311342E-05 -4.5073288E-05  1.6233503E-03  0.0000000E+00
  2.0799350E+02 -8.1674258E-06  5.8416213E-05 -4.8013623E-05  1.6467293E-03  0.0000000E+00
  2.0799350E+02 -3.0566445E-05  6.0199517E-05 -6.1792338E-05  1.6691458E-03  0.0000000E+00
  2.0799350E+02 -3.3586912E-05  6.2342671E-05 -6.5230626E-05  1.6900832E-03  0.0000000E+00
  2.0799350E+02 -2.3559475E-05  6.3528649E-05 -5.3779851E-05  1.7090797E-03  0.0000000E+00
  2.0799350E+02 -9.8305753E-06  6.2552673E-05 -3.1039507E-05  1.7256907E-03  0.0000000E+00
  2.0799350E+02  7.7514743E-07  5.8513734E-05 -3.0258634E-06  1.7397439E-03  0.0000000E+00
  2.0799350E+02  6.1147101E-06  5.0992434E-05  2.4922126E-05  1.7512212E-03  0.0000000E+00
  2.0799350E+02  8.5732153E-06  4.0194985E-05  4.9450268E-05  1.7603024E-03  0.0000000E+00
  2.0799350E+02  1.3272711E-05  2.7126128E-05  6.8952537E-05  1.7672801E-03  0.0000000E+00
  2.0799350E+02  2.5462600E-05  1.3447978E-05  8.2981802E-05  1.7726153E-03  0.0000000E+00
  2.0799350E+02  4.7829760E-05  1.3677057E-06  9.0993081E-05  1.7768246E-03  0.0000000E+00
  2.0799350E+02  7.8607724E-05 -6.7735056E-06  9.1642498E-05  1.7804579E-03  0.0000000E+00
  2.0799350E+02  2.3695615E-01  7.4146544E-03  1.9752671E-01 -3.0473513E-02  0.0000000E+00
  2.0799350E+02 -8.8055064E-03  1.9557800E-03  1.2331767E-02 -3.1188717E-02  0.0000000E+00
  2.0799350E+02 -8.1179696E-02  6.4653566E-03 -4.4637729E-02 -3.1488065E-02  0.0000000E+00
  2.0799350E+02 -1.8594710E-02  4.7347908E-03 -3.2510603E-02 -3.1932242E-02  0.0000000E+00
  2.0799350E+02  2.4530748E-03  1.2295541E-03 -1.5792235E-02 -3.2689210E-02  0.0000000E+00
  2.0799350E+02  4.4229109E-03 -1.3852408E-03 -5.6141101E-03 -3.3603339E-02  0.0000000E+00
  2.0799350E+02  3.8758666E-03 -2.8636698E-03 -5.4151786E-05 -3.4474337E-02  0.0000000E+00
  2.0799350E+02  2.2597630E-03 -3.0391595E-03  2.4244271E-03 -3.5147448E-02  0.0000000E+00
  2.0799350E+02  7.9516739E-04 -2.4669631E-03  2.8898386E-03 -3.5534449E-02  0.0000000E+00
  2.0799350E+02  4.6636138E-04 -1.9705720E-03  1.9651660E-03 -3.5605926E-02  0.0000000E+00
  2.0799350E+02  2.6661804E-04 -1.6368711E-03  9.4390885E-04 -3.5374015E-02  0.0000000E+00
  2.0799350E+02 -4.8650745E-04 -1.2541808E-03  4.0154921E-04 -3.4874066E-02  0.0000000E+00
  2.0799350E+02 -1.0824421E-03 -8.0521720E-04  2.7615390E-04 -3.4151195E-02  0.0000000E+00
  2.0799350E+02 -1.0705896E-03 -5.1809376E-04  6.6790485E-05 -3.3259895E-02  0.0000000E+00
  2.0799350E+02 -1.1836524E-03 -5.3969223E-04 -6.5984401E-04 -3.2252432E-02  0.0000000E+00
  2.0799350E+02 -1.2398007E-03 -4.6888536E-04 -9.6742638E-04 -3.1188769E-02  0.0000000E+00
  2.0799350E+02 -1.3494679E-03 -2.7137286E-04 -2.8742337E-04 -3.0110882E-02  0.0000000E+00
  2.0799350E+02 -1.2217715E-03 -4.7262314E-05  1.7975939E-04 -2.9039239E-02  0.0000000E+00
  2.0799350E+02 -1.0580829E-03  1.0394375E-04  2.8996643E-04 -2.7982174E-02  0.0000000E+00
  2.0799350E+02 -9.8670843E-04  1.2534082E-04  1.7441447E-04 -2.6938370E-02  0.0000000E+00
  2.0799350E+02 -1.0174529E-03  2.8350651E-05  2.3889397E-05 -2.5915802E-02  0.0000000E+00
  2.0799350E+02 -1.0452661E-03 -1.2251279E-04 -3.3292504E-05 -2.4918282E-02  0.0000000E+00
  2.0799350E+02 -9.1244370E-04 -2.4955828E-04  2.4144999E-05 -2.3948927E-02  0.0000000E+00
  2.0799350E+02 -5.3509496E-04 -3.0403441E-04  1.2422393E-04 -2.3012660E-02  0.0000000E+00
  2.0799350E+02 -9.7181596E-05 -2.9489561E-04  1.6182437E-04 -2.2104974E-02  0.0000000E+00
  2.0799350E+02 -3.2354602E-04 -2.7938487E-04  8.6578689E-05 -2.1220254E-02  0.0000000E+00
  2.0799350E+02 -1.2002779E-03 -3.4821867E-04 -3.3990911E-05 -2.0364238E-02  0.0000000E+00
  2.0799350E+02 -7.8450435E-04 -2.8045759E-04 -8.8613807E-05 -1.9540100E-02  0.0000000E+00
  2.0799350E+02 -1.5960016E-04 -8.9363705E-05 -3.2972145E-05 -1.8758814E-02  0.0000000E+00
  2.0799350E+02  2.2026087E-04  1.1870032E-04  9.0421309E-05 -1.8023570E-02  0.0000000E+00
  2.0799350E+02  3.0186588E-04  2.6546191E-04  2.1658959E-04 -1.7334138E-02  0.0000000E+00
  2.0799350E+02  2.0580497E-04  3.1652020E-04  2.9222690E-04 -1.6691034E-02  0.0000000E+00
  2.0799350E+02  8.3170712E-05  2.8084188E-04  2.9279275E-04 -1.6087893E-02  0.0000000E+00
  2.0799350E+02  3.9454878E-05  1.9551335E-04  2.2296845E-04 -1.5521607E-02  0.0000000E+00
  2.0799350E+02  1.0859571E-04  1.0526442E-04  1.0918899E-04 -1.4985394E-02  0.0000000E+00
  2.0799350E+02  2.6476348E-04  4.2776904E-05 -1.2163111E-05 -1.4473077E-02  0.0000000E+00
  2.0799350E+02  4.4994326E-04  1.6261440E-05 -1.0370667E-04 -1.3982308E-02  0.0000000E+00
  2.0799350E+02  6.0752248E-04  9.3789892E-06 -1.3157468E-04 -1.3509681E-02  0.0000000E+00
  2.0799350E+02  6.9937738E-04  2.2432323E-06 -5.5224211E-05 -1.3054127E-02  0.0000000E+00
  2.0799350E+02  5.2924413E-04  2.8447176E-05  7.5496709E-05 -1.2618015E-02  0.0000000E+00
  2.0799350E+02  2.6704145E-04  6.2153516E-05  1.3579116E-04 -1.2197091E-02  0.0000000E+00
  2.0799350E+02  1.1429826E-04  7.2981596E-05  1.5319699E-04 -1.1790582E-02  0.0000000E+00
  2.0799350E+02  4.0817156E-05  6.1970064E-05  1.2642814E-04 -1.1397049E-02  0.0000000E+00
  2.0799350E+02  2.0775435E-05  3.1941672E-05  7.5234363E-05 -1.1015942E-02  0.0000000E+00
  2.0799350E+02  3.3212779E-05 -1.0762188E-05  2.3530709E-05 -1.0648494E-02  0.0000000E+00
  2.0799350E+02  6.2019415E-05 -5.7259038E-05 -1.1308853E-05 -1.0292513E-02  0.0000000E+00
  2.0799350E+02  9.5328649E-05 -9.7409820E-05 -2.1983950E-05 -9.9476621E-03  0.0000000E+00
  2.0799350E+02  1.2485660E-04 -1.2277688E-04 -1.1393847E-05 -9.6112185E-03  0.0000000E+00
  2.0799350E+02  1.4472198E-04 -1.2853690E-04  1.1065510E-05 -9.2805207E-03  0.0000000E+00
  2.0799350E+02  1.5058017E-04 -1.1502332E-04  3.4132723E-05 -8.9551728E-03  0.0000000E+00
  2.0799350E+02  1.3957000E-04 -8.7744506E-05  4.9947349E-05 -8.6338718E-03  0.0000000E+00
  2.0799350E+02  1.1058974E-04 -5.5007205E-05  5.7516910E-05 -8.3163628E-03  0.0000000E+00
  2.0799350E+02  6.6184299E-05 -2.3067303E-05  6.3520820E-05 -8.0048700E-03  0.0000000E+00
  2.0799350E+02  1.5106673E-05  1.3021918E-05  7.8931424E-05 -7.6993645E-03  0.0000000E+00
  2.0799350E+02 -1.0248723E-04  6.1582643E-05  1.1262835E-04 -7.4016567E-03  0.0000000E+00
  2.0799350E+02 -1.8321808E-04  7.9766090E-05  1.1564068E-04 -7.1117458E-03  0.0000000E+00
  2.0799350E+02 -1.9894515E-04  8.7565327E-05  8.8265689E-05 -6.8291175E-03  0.0000000E+00
  2.0799350E+02 -2.0180144E-04  9.2567050E-05  4.6250574E-05 -6.5551170E-03  0.0000000E+00
  2.0799350E+02 -2.1565918E-04  9.1967209E-05  9.7897657E-07 -6.2890416E-03  0.0000000E+00
  2.0799350E+02 -2.4311334E-04  8.1510634E-05 -3.8823036E-05 -6.0321405E-03  0.0000000E+00
  2.0799350E+02 -2.7342857E-04  6.0205239E-05 -6.7224284E-05 -5.7842249E-03  0.0000000E+00
  2.0799350E+02 -2.9012701E-04  3.1592463E-05 -8.0851557E-05 -5.5451179E-03  0.0000000E+00
  2.0799350E+02 -2.7782142E-04  2.9050929E-06 -7.9189301E-05 -5.3157891E-03  0.0000000E+00
  2.0799350E+02 -2.2789689E-04 -1.7841631E-05 -6.4872160E-05 -5.0953090E-03  0.0000000E+00
  2.0799350E+02 -1.4238739E-04 -2.4616610E-05 -4.3456171E-05 -4.8840871E-03  0.0000000E+00
  2.0799350E+02 -3.4516705E-05 -1.6382855E-05 -2.2348054E-05 -4.6810406E-03  0.0000000E+00
  2.0799350E+02  7.3366094E-05  1.7108597E-06 -8.9317115E-06 -4.4848933E-03  0.0000000E+00
  2.0799350E+02  1.5505218E-04  1.8964376E-05 -7.3719238E-06 -4.2952991E-03  0.0000000E+00
  2.0799350E+02  1.9215475E-04  2.3367397E-05 -1.3584415E-05 -4.1109743E-03  0.0000000E+00
  2.0799350E+02  1.8876076E-04  9.5530991E-06 -8.5413067E-06 -3.9311725E-03  0.0000000E+00
  2.0799350E+02  1.5860363E-04 -1.0475693E-06  2.6929635E-05 -3.7562160E-03  0.0000000E+00
  2.0799350E+02  1.0817631E-04  3.5639995E-06  4.5418889E-05 -3.5836542E-03  0.0000000E+00
  2.0799350E+02  1.0773531E-04 -4.7843526E-07  6.7139965E-05 -3.4143566E-03  0.0000000E+00
  2.0799350E+02  1.2610916E-04 -5.1376006E-06  7.9954824E-05 -3.2467545E-03  0.0000000E+00
  2.0799350E+02  1.4038924E-04 -4.1455290E-06  8.0251322E-05 -3.0800118E-03  0.0000000E+00
  2.0799350E+02  1.3765269E-04  5.4900602E-06  6.9877000E-05 -2.9147538E-03  0.0000000E+00
  2.0799350E+02  1.1490467E-04  2.3249745E-05  5.3415707E-05 -2.7508090E-03  0.0000000E+00
  2.0799350E+02  7.7319472E-05  4.5615933E-05  3.6084028E-05 -2.5894106E-03  0.0000000E+00
  2.0799350E+02  3.5093426E-05  6.7527838E-05  2.1876540E-05 -2.4309646E-03  0.0000000E+00
  2.0799350E+02  3.0667999E-08  8.3845658E-05  1.2588356E-05 -2.2758126E-03  0.0000000E+00
  2.0799350E+02 -1.7784961E-05  9.0823161E-05  7.4050593E-06 -2.1249333E-03  0.0000000E+00
  2.0799350E+02 -1.3461609E-05  8.7531289E-05  3.0670643E-06 -1.9782036E-03  0.0000000E+00
  2.0799350E+02  1.0989716E-05  7.6306749E-05 -5.0563361E-06 -1.8352571E-03  0.0000000E+00
  2.0799350E+02  4.5832715E-05  6.2562828E-05 -2.1093298E-05 -1.6962802E-03  0.0000000E+00
  2.0799350E+02  7.5467319E-05  5.3073699E-05 -4.6097314E-05 -1.5603702E-03  0.0000000E+00
  2.0799350E+02  8.2190950E-05  5.2982611E-05 -7.4178987E-05 -1.4277704E-03  0.0000000E+00
  2.0799350E+02  5.3833446E-05  6.0678533E-05 -8.8198585E-05 -1.2984817E-03  0.0000000E+00
  2.0799350E+02  1.8710447E-06  6.4959854E-05 -6.4857786E-05 -1.1729673E-03  0.0000000E+00
  2.0799350E+02 -3.1789549E-05  6.7676279E-05 -5.6415332E-05 -1.0516855E-03  0.0000000E+00
  2.0799350E+02 -4.1430967E-05  6.9021406E-05 -5.3351791E-05 -9.3521644E-04  0.0000000E+00
  2.0799350E+02 -3.1051670E-05  6.8923688E-05 -4.1953370E-05 -8.2436714E-04  0.0000000E+00
  2.0799350E+02 -1.1098652E-05  6.6840157E-05 -2.0315289E-05 -7.1903354E-04  0.0000000E+00
  2.0799350E+02  8.4775257E-06  6.2155399E-05  7.7652346E-06 -6.1892557E-04  0.0000000E+00
  2.0799350E+02  2.1658115E-05  5.4533644E-05  3.6633390E-05 -5.2411724E-04  0.0000000E+00
  2.0799350E+02  2.7661890E-05  4.4069109E-05  6.1508137E-05 -4.3402250E-04  0.0000000E+00
  2.0799350E+02  2.9988689E-05  3.1380261E-05  7.9410430E-05 -3.4802232E-04  0.0000000E+00
  2.0799350E+02  3.4425993E-05  1.7682713E-05  8.9232784E-05 -2.6593330E-04  0.0000000E+00
  2.0799350E+02  4.6492595E-05  4.5033573E-06  9.1440428E-05 -1.8697834E-04  0.0000000E+00
  2.0799350E+02  6.8813780E-05 -6.3655206E-06  8.7141918E-05 -1.1099539E-04  0.0000000E+00
  2.0799350E+02  9.9480957E-05 -1.3367607E-05  7.7413946E-05 -3.7440055E-05  0.0000000E+00
  2.0799350E+02  1.5604095E-01 -7.3753269E-06  7.6750970E-02 -8.3581782E-02  0.0000000E+00
  2.0799350E+02  4.5421517E-02  2.4089833E-03  2.0676537E-02 -8.3003663E-02  0.0000000E+00
  2.0799350E+02 -8.4658561E-02  4.5605150E-03 -8.8055189E-03 -8.1704903E-02  0.0000000E+00
  2.0799350E+02 -4.2744966E-02  3.8401102E-03 -1.7992546E-02 -7.9828413E-02  0.0000000E+00
  2.0799350E+02 -4.4626037E-03  1.7921831E-03 -1.4738580E-02 -7.7842097E-02  0.0000000E+00
  2.0799350E+02  5.1798733E-03 -5.8986787E-05 -8.8551464E-03 -7.5985779E-02  0.0000000E+00
  2.0799350E+02  5.2627135E-03 -1.2300817E-03 -3.6479150E-03 -7.4284302E-02  0.0000000E+00
  2.0799350E+02  2.9408298E-03 -1.9069613E-03 -1.4520490E-04 -7.2672163E-02  0.0000000E+00
  2.0799350E+02  2.2493736E-03 -2.3278441E-03  1.1156184E-03 -7.1069339E-02  0.0000000E+00
  2.0799350E+02  1.7190087E-03 -2.4417725E-03  1.3446991E-03 -6.9415805E-02  0.0000000E+00
  2.0799350E+02  1.4394648E-03 -2.1142949E-03  1.2310912E-03 -6.7671572E-02  0.0000000E+00
  2.0799350E+02  9.6282108E-04 -1.5315543E-03  8.2737251E-04 -6.5821830E-02  0.0000000E+00
  2.0799350E+02  2.7039815E-04 -1.0345751E-03  6.0733142E-05 -6.3879564E-02  0.0000000E+00
  2.0799350E+02 -2.8816947E-04 -7.6922446E-04 -7.6383774E-04 -6.1879761E-02  0.0000000E+00
  2.0799350E+02 -4.2886997E-04 -5.4649790E-04 -7.9320200E-04 -5.9863880E-02  0.0000000E+00
  2.0799350E+02 -4.0554141E-04 -3.0458844E-04 -2.2472638E-04 -5.7856695E-02  0.0000000E+00
  2.0799350E+02 -3.7802929E-04  1.8172121E-06 -4.2113019E-04 -5.5869833E-02  0.0000000E+00
  2.0799350E+02 -3.8986807E-04  2.4006309E-04 -3.8964252E-04 -5.3910321E-02  0.0000000E+00
  2.0799350E+02 -5.2031122E-04  3.7893269E-04 -2.9459272E-04 -5.1988108E-02  0.0000000E+00
  2.0799350E+02 -6.6858570E-04  4.8360859E-04 -2.0673122E-04 -5.0111990E-02  0.0000000E+00
  2.0799350E+02 -7.8293263E-04  5.6762950E-04 -1.3991009E-04 -4.8287736E-02  0.0000000E+00
  2.0799350E+02 -8.8280549E-04  5.7601547E-04 -7.9988253E-05 -4.6518258E-02  0.0000000E+00
  2.0799350E+02 -9.7939882E-04  4.4505745E-04 -9.5916232E-06 -4.4804743E-02  0.0000000E+00
  2.0799350E+02 -9.9968030E-04  1.8426815E-04  6.7642136E-05 -4.3147687E-02  0.0000000E+00
  2.0799350E+02 -8.1909925E-04 -7.4009651E-05  9.9704102E-05 -4.1546751E-02  0.0000000E+00
  2.0799350E+02 -5.0814445E-04 -1.1184059E-04 -4.7890041E-05 -3.9998389E-02  0.0000000E+00
  2.0799350E+02 -6.6555194E-04 -7.7489099E-05 -2.9913864E-05 -3.8498578E-02  0.0000000E+00
  2.0799350E+02 -7.2511669E-04 -4.3260456E-05  8.6863703E-05 -3.7047884E-02  0.0000000E+00
  2.0799350E+02 -4.9587867E-04  5.8422830E-05  5.3658600E-05 -3.5641726E-02  0.0000000E+00
  2.0799350E+02 -1.8325021E-04  1.8306779E-04 -1.3471346E-05 -3.4286643E-02  0.0000000E+00
  2.0799350E+02  1.3072544E-05  2.9975103E-04 -1.8880844E-05 -3.2991324E-02  0.0000000E+00
  2.0799350E+02  2.2203035E-05  3.8557047E-04  6.1268962E-05 -3.1761341E-02  0.0000000E+00
  2.0799350E+02 -8.6044925E-05  4.2413926E-04  1.8075797E-04 -3.0597163E-02  0.0000000E+00
  2.0799350E+02 -1.6173154E-04  4.0677734E-04  2.5887838E-04 -2.9494574E-02  0.0000000E+00
  2.0799350E+02 -6.9093340E-05  3.3505610E-04  2.3051205E-04 -2.8446556E-02  0.0000000E+00
  2.0799350E+02  2.2416387E-04  2.2335160E-04  9.1396428E-05 -2.7445750E-02  0.0000000E+00
  2.0799350E+02  6.0131883E-04  1.0006179E-04 -8.0738642E-05 -2.6486583E-02  0.0000000E+00
  2.0799350E+02  8.3357257E-04  6.1431155E-06 -1.4848088E-04 -2.5566139E-02  0.0000000E+00
  2.0799350E+02  7.3820761E-04 -1.0377849E-05  1.9019900E-07 -2.4682896E-02  0.0000000E+00
  2.0799350E+02  5.1512863E-04  2.4513979E-05  6.0496742E-05 -2.3835266E-02  0.0000000E+00
  2.0799350E+02  3.3223794E-04  1.8893462E-05  4.2102585E-05 -2.3019071E-02  0.0000000E+00
  2.0799350E+02  1.7662642E-04  1.8867788E-05  6.8625920E-05 -2.2231609E-02  0.0000000E+00
  2.0799350E+02  7.8641463E-05  2.6597837E-05  6.8778738E-05 -2.1472483E-02  0.0000000E+00
  2.0799350E+02  4.2593680E-05  3.6759474E-05  3.9789299E-05 -2.0740928E-02  0.0000000E+00
  2.0799350E+02  5.6083203E-05  4.2453507E-05  3.2840542E-06 -2.0035817E-02  0.0000000E+00
  2.0799350E+02  9.8489778E-05  3.8682466E-05 -2.0089387E-05 -1.9355635E-02  0.0000000E+00
  2.0799350E+02  1.4817492E-04  2.3878834E-05 -2.1509080E-05 -1.8698466E-02  0.0000000E+00
  2.0799350E+02  1.8794422E-04 -3.0619748E-08 -4.5061886E-06 -1.8062030E-02  0.0000000E+00
  2.0799350E+02  2.0831793E-04 -2.8539791E-05  2.0616108E-05 -1.7443791E-02  0.0000000E+00
  2.0799350E+02  2.0815797E-04 -5.5972813E-05  4.4261419E-05 -1.6841196E-02  0.0000000E+00
  2.0799350E+02  1.9219956E-04 -7.6903635E-05  6.2705819E-05 -1.6252055E-02  0.0000000E+00
  2.0799350E+02  1.6503545E-04 -8.7100963E-05  7.6739561E-05 -1.5675119E-02  0.0000000E+00
  2.0799350E+02  1.2110108E-04 -8.3513914E-05  7.9573990E-05 -1.5110884E-02  0.0000000E+00
  2.0799350E+02  3.0208686E-05 -6.2813774E-05  2.9802833E-05 -1.4562647E-02  0.0000000E+00
  2.0799350E+02 -1.3323577E-04 -4.2179096E-06 -4.2279111E-06 -1.4031412E-02  0.0000000E+00
  2.0799350E+02 -2.0784465E-04  2.4682766E-05  5.4008192E-05 -1.3517721E-02  0.0000000E+00
  2.0799350E+02 -2.2456713E-04  2.6197200E-05  7.4563868E-05 -1.3022490E-02  0.0000000E+00
  2.0799350E+02 -2.2578078E-04  2.1970811E-05  6.0676881E-05 -1.2543873E-02  0.0000000E+00
  2.0799350E+02 -2.3089845E-04  1.8645425E-05  2.8063119E-05 -1.2081279E-02  0.0000000E+00
  2.0799350E+02 -2.4221955E-04  1.6039571E-05 -6.5422660E-06 -1.1634587E-02  0.0000000E+00
  2.0799350E+02 -2.5152193E-04  1.2271198E-05 -3.1634223E-05 -1.1203673E-02  0.0000000E+00
  2.0799350E+02 -2.4668342E-04  6.4126469E-06 -4.3074239E-05 -1.0788178E-02  0.0000000E+00
  2.0799350E+02 -2.1762172E-04 -7.3230912E-07 -4.3210381E-05 -1.0387468E-02  0.0000000E+00
  2.0799350E+02 -1.6084156E-04 -7.1395199E-06 -3.8077504E-05 -1.0000716E-02  0.0000000E+00
  2.0799350E+02 -8.1877934E-05 -1.0773788E-05 -3.3774172E-05 -9.6270372E-03  0.0000000E+00
  2.0799350E+02  5.0756101E-06 -1.0906645E-05 -3.3112826E-05 -9.2656256E-03  0.0000000E+00
  2.0799350E+02  8.1064964E-05 -8.9527525E-06 -3.3639772E-05 -8.9158236E-03  0.0000000E+00
  2.0799350E+02  1.3051073E-04 -8.2350931E-06 -2.8121516E-05 -8.5770605E-03  0.0000000E+00
  2.0799350E+02  1.5429199E-04 -1.2089139E-05 -8.5940027E-06 -8.2486004E-03  0.0000000E+00
  2.0799350E+02  1.8848971E-04 -1.9716159E-05  2.4928690E-05 -7.9290347E-03  0.0000000E+00
  2.0799350E+02  2.4588088E-04 -1.6357430E-05  4.7828096E-05 -7.6168257E-03  0.0000000E+00
  2.0799350E+02  1.7386208E-04 -2.0351124E-06  7.3227899E-05 -7.3121870E-03  0.0000000E+00
  2.0799350E+02  1.3577554E-04  8.0393916E-06  9.8253607E-05 -7.0128413E-03  0.0000000E+00
  2.0799350E+02  1.2225804E-04  1.6299897E-05  1.0318574E-04 -6.7192725E-03  0.0000000E+00
  2.0799350E+02  1.1825752E-04  2.3930634E-05  8.7410474E-05 -6.4315192E-03  0.0000000E+00
  2.0799350E+02  1.1084166E-04  3.1261287E-05  5.9522699E-05 -6.1496115E-03  0.0000000E+00
  2.0799350E+02  9.3179158E-05  3.8118475E-05  3.0342850E-05 -5.8737840E-03  0.0000000E+00
  2.0799350E+02  6.5484700E-05  4.4123477E-05  8.4688449E-06 -5.6045136E-03  0.0000000E+00
  2.0799350E+02  3.3718270E-05  4.8926017E-05 -2.0153442E-06 -5.3424327E-03  0.0000000E+00
  2.0799350E+02  6.8686679E-06  5.2358873E-05 -2.0599063E-06 -5.0886220E-03  0.0000000E+00
  2.0799350E+02 -6.6513911E-06  5.4535317E-05  3.2606745E-06 -4.8425929E-03  0.0000000E+00
  2.0799350E+02 -1.9773748E-06  5.5792826E-05  6.6378717E-06 -4.6048964E-03  0.0000000E+00
  2.0799350E+02  1.9606217E-05  5.6596886E-05  1.0646468E-06 -4.3751761E-03  0.0000000E+00
  2.0799350E+02  5.0052382E-05  5.7294837E-05 -1.7342995E-05 -4.1526758E-03  0.0000000E+00
  2.0799350E+02  7.6380136E-05  5.7752118E-05 -4.6647097E-05 -3.9364533E-03  0.0000000E+00
  2.0799350E+02  8.5791971E-05  5.6853215E-05 -7.6881490E-05 -3.7258195E-03  0.0000000E+00
  2.0799350E+02  7.4871095E-05  5.1857119E-05 -8.8716730E-05 -3.5210519E-03  0.0000000E+00
  2.0799350E+02  5.8252593E-05  4.6882735E-05 -7.0313669E-05 -3.3224914E-03  0.0000000E+00
  2.0799350E+02  2.7448138E-05  5.7210844E-05 -6.2414776E-05 -3.1292261E-03  0.0000000E+00
  2.0799350E+02 -7.2938606E-07  6.7961407E-05 -5.0241797E-05 -2.9436333E-03  0.0000000E+00
  2.0799350E+02 -1.4432196E-05  7.4815058E-05 -3.0570526E-05 -2.7657259E-03  0.0000000E+00
  2.0799350E+02 -1.2770536E-05  7.5758378E-05 -5.2590931E-06 -2.5954221E-03  0.0000000E+00
  2.0799350E+02 -2.7537191E-07  7.0582842E-05  2.1739372E-05 -2.4324728E-03  0.0000000E+00
  2.0799350E+02  1.6992605E-05  6.0375044E-05  4.6339550E-05 -2.2764512E-03  0.0000000E+00
  2.0799350E+02  3.3913368E-05  4.7016750E-05  6.5440703E-05 -2.1267872E-03  0.0000000E+00
  2.0799350E+02  4.7583061E-05  3.2713362E-05  7.7375895E-05 -1.9828325E-03  0.0000000E+00
  2.0799350E+02  5.7620333E-05  1.9569357E-05  8.1872160E-05 -1.8439388E-03  0.0000000E+00
  2.0799350E+02  6.5729216E-05  9.2292688E-06  7.9700092E-05 -1.7095358E-03  0.0000000E+00
  2.0799350E+02  7.4744254E-05  2.6027760E-06  7.2191358E-05 -1.5791903E-03  0.0000000E+00
  2.0799350E+02  8.7383608E-05 -3.0752314E-07  6.0802625E-05 -1.4526334E-03  0.0000000E+00
