          atime             vx             vy             vz             pr        garbage
  2.0799350E+02  0.0000000E+00  0.0000000E+00  0.0000000E+00  2.0800419E-02  0.0000000E+00
  2.0799350E+02 -6.0668459E-04  4.1886374E-08  1.1001074E-04  2.0800935E-02  0.0000000E+00
  2.0799350E+02 -2.4130655E-03  6.9758370E-07  4.3855565E-04  2.0802443E-02  0.0000000E+00
  2.0799350E+02 -5.3782042E-03  3.5059987E-06  9.8120045E-04  2.0804818E-02  0.0000000E+00
  2.0799350E+02 -9.4332686E-03  1.0855645E-05  1.7304875E-03  2.0807831E-02  0.0000000E+00
  2.0799350E+02 -1.4483618E-02  2.5714203E-05  2.6763879E-03  2.0811103E-02  0.0000000E+00
  2.0799350E+02 -2.0404720E-02  5.1220702E-05  3.8056325E-03  2.0813983E-02  0.0000000E+00
  2.0799350E+02 -2.7044369E-02  9.0167152E-05  5.1022005E-03  2.0815375E-02  0.0000000E+00
  2.0799350E+02 -3.4223014E-02  1.4438961E-04  6.5474442E-03  2.0813489E-02  0.0000000E+00
  2.0799350E+02 -4.1734088E-02  2.1411217E-04  8.1201210E-03  2.0805583E-02  0.0000000E+00
  2.0799350E+02 -4.9344219E-02  2.9728976E-04  9.7961578E-03  2.0787736E-02  0.0000000E+00
  2.0799350E+02 -5.6797292E-02  3.8904384E-04  1.1548767E-02  2.0754750E-02  0.0000000E+00
  2.0799350E+02 -6.3825611E-02  4.8130602E-04  1.3349639E-02  2.0700191E-02  0.0000000E+00
  2.0799350E+02 -7.0165821E-02  5.6267493E-04  1.5171158E-02  2.0616501E-02  0.0000000E+00
  2.0799350E+02 -7.5549597E-02  6.1811394E-04  1.6980312E-02  2.0495676E-02  0.0000000E+00
  2.0799350E+02 -7.9755242E-02  6.2971159E-04  1.8750124E-02  2.0329237E-02  0.0000000E+00
  2.0799350E+02 -8.2588229E-02  5.7742232E-04  2.0449010E-02  2.0109939E-02  0.0000000E+00
  2.0799350E+02 -8.3918777E-02  4.3894112E-04  2.2050082E-02  1.9831376E-02  0.0000000E+00
  2.0799350E+02 -8.3652844E-02  1.9331955E-04  2.3523729E-02  1.9489623E-02  0.0000000E+00
  2.0799350E+02 -8.1772843E-02 -1.8057429E-04  2.4845584E-02  1.9083249E-02  0.0000000E+00
  2.0799350E+02 -7.8308911E-02 -7.0321406E-04  2.5991529E-02  1.8613359E-02  0.0000000E+00
  2.0799350E+02 -7.3319923E-02 -1.3929197E-03  2.6942724E-02  1.8082811E-02  0.0000000E+00
  2.0799350E+02 -6.6899479E-02 -2.2626833E-03  2.7681721E-02  1.7497684E-02  0.0000000E+00
  2.0799350E+02 -5.9147634E-02 -3.3218868E-03  2.8195486E-02  1.6864856E-02  0.0000000E+00
  2.0799350E+02 -5.0179897E-02 -4.5730623E-03  2.8471685E-02  1.6193336E-02  0.0000000E+00
  2.0799350E+02 -4.0106811E-02 -6.0131055E-03  2.8498934E-02  1.5492727E-02  0.0000000E+00
  2.0799350E+02 -2.9031458E-02 -7.6326505E-03  2.8265411E-02  1.4773253E-02  0.0000000E+00
  2.0799350E+02 -1.7051967E-02 -9.4153918E-03  2.7758858E-02  1.4045978E-02  0.0000000E+00
  2.0799350E+02 -4.2423468E-03 -1.1341484E-02  2.6966395E-02  1.3321731E-02  0.0000000E+00
  2.0799350E+02  9.3148833E-03 -1.3384070E-02  2.5877810E-02  1.2613084E-02  0.0000000E+00
  2.0799350E+02  2.3563460E-02 -1.5516560E-02  2.4486216E-02  1.1932216E-02  0.0000000E+00
  2.0799350E+02  3.8446800E-02 -1.7710927E-02  2.2793718E-02  1.1291638E-02  0.0000000E+00
  2.0799350E+02  5.3906093E-02 -1.9939348E-02  2.0817852E-02  1.0701810E-02  0.0000000E+00
  2.0799350E+02  6.9929740E-02 -2.2175020E-02  1.8592263E-02  1.0167524E-02  0.0000000E+00
  2.0799350E+02  8.6496893E-02 -2.4374085E-02  1.6166164E-02  9.6997252E-03  0.0000000E+00
  2.0799350E+02  1.0357919E-01 -2.6527816E-02  1.3614730E-02  9.2931122E-03  0.0000000E+00
  2.0799350E+02  1.2117054E-01 -2.8622187E-02  1.1032361E-02  8.9504574E-03  0.0000000E+00
  2.0799350E+02  1.3934695E-01 -3.0673502E-02  8.5126762E-03  8.6701469E-03  0.0000000E+00
  2.0799350E+02  1.5817182E-01 -3.2707232E-02  6.1547891E-03  8.4499919E-03  0.0000000E+00
  2.0799350E+02  1.7778618E-01 -3.4758037E-02  4.0424498E-03  8.2876910E-03  0.0000000E+00
  2.0799350E+02  1.9838730E-01 -3.6857480E-02  2.2423327E-03  8.1832737E-03  0.0000000E+00
  2.0799350E+02  2.2009972E-01 -3.9013919E-02  8.0999052E-04  8.1406323E-03  0.0000000E+00
  2.0799350E+02  2.4305497E-01 -4.1217128E-02 -2.2388229E-04  8.1666793E-03  0.0000000E+00
  2.0799350E+02  2.6737033E-01 -4.3435640E-02 -8.5081996E-04  8.2708412E-03  0.0000000E+00
  2.0799350E+02  2.9296369E-01 -4.5603945E-02 -1.0801812E-03  8.4621837E-03  0.0000000E+00
  2.0799350E+02  3.1977433E-01 -4.7650197E-02 -9.4256692E-04  8.7476678E-03  0.0000000E+00
  2.0799350E+02  3.4764482E-01 -4.9493262E-02 -4.8035940E-04  9.1294440E-03  0.0000000E+00
  2.0799350E+02  3.7620748E-01 -5.1045825E-02  2.5143233E-04  9.6005934E-03  0.0000000E+00
  2.0799350E+02  4.0515415E-01 -5.2238396E-02  1.1904617E-03  1.0148431E-02  0.0000000E+00
  2.0799350E+02  4.3429970E-01 -5.3014117E-02  2.2673409E-03  1.0760019E-02  0.0000000E+00
  2.0799350E+02  4.6340673E-01 -5.3380459E-02  3.4164537E-03  1.1402311E-02  0.0000000E+00
  2.0799350E+02  4.9213984E-01 -5.3380955E-02  4.6900490E-03  1.2072503E-02  0.0000000E+00
  2.0799350E+02  5.2020010E-01 -5.3134229E-02  5.9510047E-03  1.2754641E-02  0.0000000E+00
  2.0799350E+02  5.4732010E-01 -5.2716376E-02  7.0773505E-03  1.3431239E-02  0.0000000E+00
  2.0799350E+02  5.7344893E-01 -5.2158399E-02  7.9960901E-03  1.4092072E-02  0.0000000E+00
  2.0799350E+02  5.9848185E-01 -5.1465833E-02  8.6762424E-03  1.4725870E-02  0.0000000E+00
  2.0799350E+02  6.2251660E-01 -5.0626035E-02  9.1351887E-03  1.5325966E-02  0.0000000E+00
  2.0799350E+02  6.4562446E-01 -4.9622842E-02  9.4227267E-03  1.5884235E-02  0.0000000E+00
  2.0799350E+02  6.6766196E-01 -4.8455321E-02  9.6102366E-03  1.6387181E-02  0.0000000E+00
  2.0799350E+02  6.8856078E-01 -4.7132091E-02  9.7802019E-03  1.6824308E-02  0.0000000E+00
  2.0799350E+02  7.0829653E-01 -4.5670123E-02  1.0008845E-02  1.7187967E-02  0.0000000E+00
  2.0799350E+02  7.2657311E-01 -4.4118489E-02  1.0347099E-02  1.7469043E-02  0.0000000E+00
  2.0799350E+02  7.4333742E-01 -4.2517836E-02  1.0813484E-02  1.7667372E-02  0.0000000E+00
  2.0799350E+02  7.5851685E-01 -4.0914002E-02  1.1384717E-02  1.7786055E-02  0.0000000E+00
  2.0799350E+02  7.7197156E-01 -3.9363498E-02  1.1990684E-02  1.7830666E-02  0.0000000E+00
  2.0799350E+02  7.8396748E-01 -3.7875802E-02  1.2550738E-02  1.7805908E-02  0.0000000E+00
  2.0799350E+02  7.9474699E-01 -3.6495648E-02  1.2966050E-02  1.7710611E-02  0.0000000E+00
  2.0799350E+02  8.0475973E-01 -3.5260087E-02  1.3119120E-02  1.7567179E-02  0.0000000E+00
  2.0799350E+02  8.1414992E-01 -3.4136531E-02  1.3043852E-02  1.7382829E-02  0.0000000E+00
  2.0799350E+02  8.2301010E-01 -3.3143747E-02  1.2774018E-02  1.7169636E-02  0.0000000E+00
  2.0799350E+02  8.3146370E-01 -3.2270712E-02  1.2352776E-02  1.6936802E-02  0.0000000E+00
  2.0799350E+02  8.3955114E-01 -3.1498908E-02  1.1830749E-02  1.6692569E-02  0.0000000E+00
  2.0799350E+02  8.4739178E-01 -3.0795346E-02  1.1249704E-02  1.6439011E-02  0.0000000E+00
  2.0799350E+02  8.5499950E-01 -3.0137762E-02  1.0648120E-02  1.6177672E-02  0.0000000E+00
  2.0799350E+02  8.6237377E-01 -2.9510343E-02  1.0052636E-02  1.5907944E-02  0.0000000E+00
  2.0799350E+02  8.6947735E-01 -2.8908271E-02  9.4782933E-03  1.5629433E-02  0.0000000E+00
  2.0799350E+02  8.7628271E-01 -2.8334067E-02  8.9256295E-03  1.5342219E-02  0.0000000E+00
  2.0799350E+02  8.8278721E-01 -2.7794786E-02  8.3820636E-03  1.5048009E-02  0.0000000E+00
  2.0799350E+02  8.8900343E-01 -2.7300174E-02  7.8264539E-03  1.4752050E-02  0.0000000E+00
  2.0799350E+02  8.9496434E-01 -2.6858782E-02  7.2337481E-03  1.4463525E-02  0.0000000E+00
  2.0799350E+02  9.0079695E-01 -2.6469779E-02  6.5724520E-03  1.4190460E-02  0.0000000E+00
  2.0799350E+02  9.0663414E-01 -2.6129280E-02  5.8157740E-03  1.3939766E-02  0.0000000E+00
  2.0799350E+02  9.1257671E-01 -2.5835247E-02  4.9475697E-03  1.3710642E-02  0.0000000E+00
  2.0799350E+02  9.1860674E-01 -2.5542917E-02  4.0145566E-03  1.3514231E-02  0.0000000E+00
  2.0799350E+02  9.2492219E-01 -2.5238567E-02  2.9274496E-03  1.3324214E-02  0.0000000E+00
  2.0799350E+02  9.3148893E-01 -2.4889301E-02  1.7440771E-03  1.3135187E-02  0.0000000E+00
  2.0799350E+02  9.3824733E-01 -2.4470259E-02  5.4206758E-04  1.2943675E-02  0.0000000E+00
  2.0799350E+02  9.4511915E-01 -2.3972645E-02 -6.0162257E-04  1.2746305E-02  0.0000000E+00
  2.0799350E+02  9.5202582E-01 -2.3401766E-02 -1.6196309E-03  1.2540933E-02  0.0000000E+00
  2.0799350E+02  9.5893670E-01 -2.2770605E-02 -2.4661588E-03  1.2326068E-02  0.0000000E+00
  2.0799350E+02  9.6583160E-01 -2.2098944E-02 -3.1137819E-03  1.2102068E-02  0.0000000E+00
  2.0799350E+02  9.7268307E-01 -2.1411003E-02 -3.5552092E-03  1.1871332E-02  0.0000000E+00
  2.0799350E+02  9.7952104E-01 -2.0723844E-02 -3.8066692E-03  1.1635202E-02  0.0000000E+00
  2.0799350E+02  9.8634494E-01 -2.0051409E-02 -3.8973382E-03  1.1395766E-02  0.0000000E+00
  2.0799350E+02  9.9311385E-01 -1.9401688E-02 -3.8667767E-03  1.1155261E-02  0.0000000E+00
  2.0799350E+02  9.9981332E-01 -1.8768388E-02 -3.7575230E-03  1.0913121E-02  0.0000000E+00
  2.0799350E+02  1.0063623E+00 -1.8140899E-02 -3.6074413E-03  1.0669543E-02  0.0000000E+00
  2.0799350E+02  1.0127149E+00 -1.7499479E-02 -3.4410383E-03  1.0423380E-02  0.0000000E+00
  2.0799350E+02  1.0188496E+00 -1.6825957E-02 -3.2632356E-03  1.0175824E-02  0.0000000E+00
  2.0799350E+02  1.0248360E+00 -1.6109885E-02 -3.0575591E-03  9.9280828E-03  0.0000000E+00
  2.0799350E+02  1.0307612E+00 -1.5367581E-02 -2.8957082E-03  9.6782524E-03  0.0000000E+00
  2.0799350E+02  1.0365997E+00 -1.4624460E-02 -2.8586049E-03  9.4327515E-03  0.0000000E+00
  2.0799350E+02  1.0422827E+00 -1.3905658E-02 -2.9595251E-03  9.1885652E-03  0.0000000E+00
  2.0799350E+02  1.0478222E+00 -1.3231311E-02 -3.1790049E-03  8.9425655E-03  0.0000000E+00
  2.0799350E+02  1.0532586E+00 -1.2617114E-02 -3.4842000E-03  8.6928730E-03  0.0000000E+00
  2.0799350E+02  1.0585908E+00 -1.2077952E-02 -3.8375085E-03  8.4412692E-03  0.0000000E+00
  2.0799350E+02  1.0638506E+00 -1.1617157E-02 -4.2095292E-03  8.1890564E-03  0.0000000E+00
  2.0799350E+02  1.0690504E+00 -1.1232265E-02 -4.5813340E-03  7.9387282E-03  0.0000000E+00
  2.0799350E+02  1.0741994E+00 -1.0914654E-02 -4.9467725E-03  7.6926281E-03  0.0000000E+00
  2.0799350E+02  1.0792712E+00 -1.0653469E-02 -5.3085399E-03  7.4540915E-03  0.0000000E+00
  2.0799350E+02  1.0842589E+00 -1.0434806E-02 -5.6782766E-03  7.2245331E-03  0.0000000E+00
  2.0799350E+02  1.0891382E+00 -1.0246673E-02 -6.0685201E-03  7.0052110E-03  0.0000000E+00
  2.0799350E+02  1.0939141E+00 -1.0079380E-02 -6.4905629E-03  6.7953490E-03  0.0000000E+00
  2.0799350E+02  1.0985613E+00 -9.9294180E-03 -6.9440090E-03  6.5953138E-03  0.0000000E+00
  2.0799350E+02  1.1031072E+00 -9.7971167E-03 -7.4202626E-03  6.4039045E-03  0.0000000E+00
  2.0799350E+02  1.1075684E+00 -9.6877209E-03 -7.8957446E-03  6.2224086E-03  0.0000000E+00
  2.0799350E+02  1.1119663E+00 -9.5924331E-03 -8.3536668E-03  6.0525356E-03  0.0000000E+00
  2.0799350E+02  1.1163146E+00 -9.5038003E-03 -8.7373047E-03  5.8927309E-03  0.0000000E+00
  2.0799350E+02  1.1206210E+00 -9.4096719E-03 -9.0253456E-03  5.7408247E-03  0.0000000E+00
  2.0799350E+02  1.1249064E+00 -9.2942203E-03 -9.2221665E-03  5.5935161E-03  0.0000000E+00
  2.0799350E+02  1.1291529E+00 -9.1470517E-03 -9.3387170E-03  5.4491702E-03  0.0000000E+00
  2.0799350E+02  1.1333573E+00 -8.9628055E-03 -9.3923419E-03  5.3062128E-03  0.0000000E+00
  2.0799350E+02  1.1375067E+00 -8.7420561E-03 -9.4023960E-03  5.1640826E-03  0.0000000E+00
  2.0799350E+02  1.1415819E+00 -8.4911832E-03 -9.3877699E-03  5.0231037E-03  0.0000000E+00
  2.0799350E+02  1.1455795E+00 -8.2202040E-03 -9.3641781E-03  4.8836149E-03  0.0000000E+00
  2.0799350E+02  1.1494804E+00 -7.9434111E-03 -9.3421894E-03  4.7469000E-03  0.0000000E+00
  2.0799350E+02  1.1533015E+00 -7.6740420E-03 -9.3257416E-03  4.6131855E-03  0.0000000E+00
  2.0799350E+02  1.1570257E+00 -7.4270764E-03 -9.3123310E-03  4.4839152E-03  0.0000000E+00
  2.0799350E+02  1.1606698E+00 -7.2121434E-03 -9.2938120E-03  4.3592540E-03  0.0000000E+00
