          atime         pdf_uu         pdf_vv         pdf_ww         pm1avg           tavg
  2.0799350E+02 -7.5798332E-17 -1.5249736E-05  3.6368234E-32  2.2723083E-02  0.0000000E+00
  2.0799350E+02 -4.1107797E-05  1.0071769E-03  1.0646891E-20  2.2723404E-02  0.0000000E+00
  2.0799350E+02 -1.6685718E-04  4.0182076E-03  2.4456966E-20  2.2724345E-02  0.0000000E+00
  2.0799350E+02 -3.8436248E-04  8.8545245E-03  3.6285495E-21  2.2725830E-02  0.0000000E+00
  2.0799350E+02 -7.0488565E-04  1.5258971E-02 -7.2301120E-20  2.2727699E-02  0.0000000E+00
  2.0799350E+02 -1.1432274E-03  2.2902715E-02 -1.7945213E-19  2.2729641E-02  0.0000000E+00
  2.0799350E+02 -1.7163383E-03  3.1397720E-02 -2.6015592E-19  2.2731077E-02  0.0000000E+00
  2.0799350E+02 -2.4420574E-03  4.0316390E-02 -2.7392554E-19  2.2730983E-02  0.0000000E+00
  2.0799350E+02 -3.3372279E-03  4.9205591E-02 -2.5465813E-19  2.2727662E-02  0.0000000E+00
  2.0799350E+02 -4.4150592E-03  5.7602203E-02 -3.1597397E-19  2.2718489E-02  0.0000000E+00
  2.0799350E+02 -5.6813734E-03  6.5054983E-02 -5.6301798E-19  2.2699682E-02  0.0000000E+00
  2.0799350E+02 -7.1301875E-03  7.1157218E-02 -9.4383559E-19  2.2666188E-02  0.0000000E+00
  2.0799350E+02 -8.7400404E-03  7.5581187E-02 -1.1912926E-18  2.2611715E-02  0.0000000E+00
  2.0799350E+02 -1.0472755E-02  7.8090127E-02 -1.0757113E-18  2.2528901E-02  0.0000000E+00
  2.0799350E+02 -1.2267161E-02  7.8514213E-02 -1.0100440E-18  2.2410112E-02  0.0000000E+00
  2.0799350E+02 -1.4054555E-02  7.6766202E-02 -2.2364896E-18  2.2247523E-02  0.0000000E+00
  2.0799350E+02 -1.5757965E-02  7.3059061E-02 -3.7456875E-18  2.2034465E-02  0.0000000E+00
  2.0799350E+02 -1.7314170E-02  6.7692365E-02 -1.1647307E-18  2.1765805E-02  0.0000000E+00
  2.0799350E+02 -1.8658967E-02  6.0741888E-02 -1.4889515E-18  2.1438256E-02  0.0000000E+00
  2.0799350E+02 -1.9771564E-02  5.2806480E-02 -2.3756130E-18  2.1050610E-02  0.0000000E+00
  2.0799350E+02 -2.0648137E-02  4.4226676E-02 -2.9065957E-18  2.0604898E-02  0.0000000E+00
  2.0799350E+02 -2.1300164E-02  3.5337920E-02 -2.8146390E-18  2.0104553E-02  0.0000000E+00
  2.0799350E+02 -2.1751601E-02  2.6481469E-02 -2.3194727E-18  1.9555830E-02  0.0000000E+00
  2.0799350E+02 -2.2040249E-02  1.7954378E-02 -1.8671191E-18  1.8965554E-02  0.0000000E+00
  2.0799350E+02 -2.2213720E-02  1.0025532E-02 -1.8396546E-18  1.8342390E-02  0.0000000E+00
  2.0799350E+02 -2.2327195E-02  2.9104947E-03 -2.3215568E-18  1.7695361E-02  0.0000000E+00
  2.0799350E+02 -2.2439513E-02 -3.2285876E-03 -3.0173742E-18  1.7033744E-02  0.0000000E+00
  2.0799350E+02 -2.2609131E-02 -8.2844516E-03 -3.3866060E-18  1.6367024E-02  0.0000000E+00
  2.0799350E+02 -2.2890236E-02 -1.2214571E-02 -2.9981721E-18  1.5703609E-02  0.0000000E+00
  2.0799350E+02 -2.3327938E-02 -1.5028757E-02 -1.9723728E-18  1.5052376E-02  0.0000000E+00
  2.0799350E+02 -2.3954591E-02 -1.6794090E-02 -1.1618237E-18  1.4420737E-02  0.0000000E+00
  2.0799350E+02 -2.4783645E-02 -1.7608003E-02 -1.3978050E-18  1.3815992E-02  0.0000000E+00
  2.0799350E+02 -2.5800291E-02 -1.7558342E-02 -6.4206177E-19  1.3245248E-02  0.0000000E+00
  2.0799350E+02 -2.6954311E-02 -1.6745153E-02  5.5504308E-18  1.2713461E-02  0.0000000E+00
  2.0799350E+02 -2.8274190E-02 -1.5607908E-02 -6.8125171E-19  1.2226883E-02  0.0000000E+00
  2.0799350E+02 -2.9734532E-02 -1.4112676E-02 -2.1559603E-18  1.1789545E-02  0.0000000E+00
  2.0799350E+02 -3.1269854E-02 -1.2550899E-02 -2.4911408E-18  1.1405485E-02  0.0000000E+00
  2.0799350E+02 -3.2823078E-02 -1.1134503E-02 -2.8741829E-18  1.1078202E-02  0.0000000E+00
  2.0799350E+02 -3.4334268E-02 -1.0014123E-02 -3.1762440E-18  1.0812171E-02  0.0000000E+00
  2.0799350E+02 -3.5746802E-02 -9.2813214E-03 -2.9218778E-18  1.0610661E-02  0.0000000E+00
  2.0799350E+02 -3.7004175E-02 -8.9822546E-03 -1.9638407E-18  1.0476335E-02  0.0000000E+00
  2.0799350E+02 -3.8043328E-02 -9.1261327E-03 -7.7066770E-19  1.0411795E-02  0.0000000E+00
  2.0799350E+02 -3.8804769E-02 -9.6840895E-03 -2.6779002E-19  1.0418306E-02  0.0000000E+00
  2.0799350E+02 -3.9235105E-02 -1.0591750E-02 -1.2899142E-18  1.0496165E-02  0.0000000E+00
  2.0799350E+02 -3.9291479E-02 -1.1740853E-02 -3.8038486E-18  1.0643887E-02  0.0000000E+00
  2.0799350E+02 -3.8953427E-02 -1.2990477E-02 -6.2875577E-18  1.0858893E-02  0.0000000E+00
  2.0799350E+02 -3.8224641E-02 -1.4177179E-02 -5.8134049E-18  1.1137715E-02  0.0000000E+00
  2.0799350E+02 -3.7141880E-02 -1.5147486E-02  2.4345911E-19  1.1474697E-02  0.0000000E+00
  2.0799350E+02 -3.5765095E-02 -1.5848892E-02  9.6106242E-18  1.1864900E-02  0.0000000E+00
  2.0799350E+02 -3.4156053E-02 -1.6471538E-02  6.0414002E-18  1.2305759E-02  0.0000000E+00
  2.0799350E+02 -3.2546944E-02 -1.6952104E-02  1.7816800E-18  1.2783452E-02  0.0000000E+00
  2.0799350E+02 -3.0872004E-02 -1.6691211E-02  5.0194129E-18  1.3291442E-02  0.0000000E+00
  2.0799350E+02 -2.9135709E-02 -1.5987722E-02  6.2297889E-18  1.3820068E-02  0.0000000E+00
  2.0799350E+02 -2.7370419E-02 -1.4970992E-02  5.0594410E-18  1.4355795E-02  0.0000000E+00
  2.0799350E+02 -2.5588694E-02 -1.3664729E-02  2.5867448E-18  1.4887567E-02  0.0000000E+00
  2.0799350E+02 -2.3811418E-02 -1.2068057E-02  2.6977239E-19  1.5402340E-02  0.0000000E+00
  2.0799350E+02 -2.2053733E-02 -1.0189451E-02 -8.3036552E-19  1.5891304E-02  0.0000000E+00
  2.0799350E+02 -2.0337999E-02 -8.0802488E-03 -4.0316078E-19  1.6346002E-02  0.0000000E+00
  2.0799350E+02 -1.8700810E-02 -5.8570327E-03  1.0672063E-18  1.6755437E-02  0.0000000E+00
  2.0799350E+02 -1.7160662E-02 -3.6564106E-03  2.5937640E-18  1.7112564E-02  0.0000000E+00
  2.0799350E+02 -1.5709929E-02 -1.6012060E-03  3.2064261E-18  1.7413339E-02  0.0000000E+00
  2.0799350E+02 -1.4332695E-02  2.0197382E-04  2.4919260E-18  1.7652017E-02  0.0000000E+00
  2.0799350E+02 -1.2972740E-02  1.7400802E-03  9.6770667E-19  1.7828758E-02  0.0000000E+00
  2.0799350E+02 -1.1577207E-02  3.0567227E-03 -9.4650751E-20  1.7944608E-02  0.0000000E+00
  2.0799350E+02 -1.0161766E-02  4.1820493E-03  2.0188361E-19  1.8001569E-02  0.0000000E+00
  2.0799350E+02 -8.8648743E-03  5.0079031E-03 -3.1923913E-19  1.8003787E-02  0.0000000E+00
  2.0799350E+02 -7.8761021E-03  5.1596012E-03 -1.7766489E-18  1.7954408E-02  0.0000000E+00
  2.0799350E+02 -6.9769778E-03  5.4517252E-03  3.0224662E-18  1.7859773E-02  0.0000000E+00
  2.0799350E+02 -6.3342760E-03  5.7822624E-03  2.1594197E-18  1.7723840E-02  0.0000000E+00
  2.0799350E+02 -5.7827032E-03  5.9670689E-03 -2.1163745E-19  1.7552212E-02  0.0000000E+00
  2.0799350E+02 -5.2500473E-03  5.9604446E-03 -1.9267143E-18  1.7349455E-02  0.0000000E+00
  2.0799350E+02 -4.7272355E-03  5.7891723E-03 -2.2372179E-18  1.7121770E-02  0.0000000E+00
  2.0799350E+02 -4.2281601E-03  5.5016578E-03 -1.3211974E-18  1.6872537E-02  0.0000000E+00
  2.0799350E+02 -3.7795759E-03  5.1395178E-03  1.8377939E-19  1.6606971E-02  0.0000000E+00
  2.0799350E+02 -3.4013162E-03  4.7232898E-03  1.5342038E-18  1.6329680E-02  0.0000000E+00
  2.0799350E+02 -3.1009744E-03  4.2552944E-03  2.1554122E-18  1.6045472E-02  0.0000000E+00
  2.0799350E+02 -2.8717178E-03  3.7305387E-03  1.8184497E-18  1.5757889E-02  0.0000000E+00
  2.0799350E+02 -2.6973539E-03  3.1538507E-03  6.8684262E-19  1.5468910E-02  0.0000000E+00
  2.0799350E+02 -2.5601155E-03  2.5570180E-03 -7.3843950E-19  1.5179985E-02  0.0000000E+00
  2.0799350E+02 -2.4472464E-03  2.0024730E-03 -1.7830218E-18  1.4892650E-02  0.0000000E+00
  2.0799350E+02 -2.3528351E-03  1.5536665E-03 -1.8970167E-18  1.4605511E-02  0.0000000E+00
  2.0799350E+02 -2.2742679E-03  1.2205428E-03 -1.0140196E-18  1.4318662E-02  0.0000000E+00
  2.0799350E+02 -2.1931542E-03  8.3869642E-04 -3.0657191E-20  1.4035293E-02  0.0000000E+00
  2.0799350E+02 -2.1426619E-03  4.9052672E-04  2.3883312E-18  1.3752458E-02  0.0000000E+00
  2.0799350E+02 -2.0797292E-03  2.4693664E-04 -9.8514163E-19  1.3472960E-02  0.0000000E+00
  2.0799350E+02 -2.0174031E-03  4.8883802E-05 -4.2564508E-18  1.3197693E-02  0.0000000E+00
  2.0799350E+02 -1.9681015E-03 -1.1176646E-04 -4.9576906E-18  1.2925357E-02  0.0000000E+00
  2.0799350E+02 -1.9338919E-03 -2.3747655E-04 -3.3738608E-18  1.2655647E-02  0.0000000E+00
  2.0799350E+02 -1.9102221E-03 -3.3096116E-04 -8.8199388E-19  1.2389097E-02  0.0000000E+00
  2.0799350E+02 -1.8890858E-03 -3.9807270E-04  1.1711968E-18  1.2125474E-02  0.0000000E+00
  2.0799350E+02 -1.8618688E-03 -4.4686191E-04  2.0408374E-18  1.1865148E-02  0.0000000E+00
  2.0799350E+02 -1.8215052E-03 -4.8555101E-04  1.7353214E-18  1.1609366E-02  0.0000000E+00
  2.0799350E+02 -1.7634764E-03 -5.1983390E-04  8.1795119E-19  1.1357323E-02  0.0000000E+00
  2.0799350E+02 -1.6867702E-03 -5.4956454E-04  9.6473832E-22  1.1108906E-02  0.0000000E+00
  2.0799350E+02 -1.5941432E-03 -5.6766285E-04 -2.9526062E-19  1.0864539E-02  0.0000000E+00
  2.0799350E+02 -1.4903880E-03 -5.6239288E-04 -2.4675163E-19  1.0622566E-02  0.0000000E+00
  2.0799350E+02 -1.3821626E-03 -5.2427496E-04 -5.4235117E-19  1.0382843E-02  0.0000000E+00
  2.0799350E+02 -1.2746485E-03 -4.6020758E-04 -1.6817951E-18  1.0143909E-02  0.0000000E+00
  2.0799350E+02 -1.1695863E-03 -4.1680669E-04 -2.3682659E-18  9.9050456E-03  0.0000000E+00
  2.0799350E+02 -1.0654349E-03 -4.5322935E-04 -1.1008186E-18  9.6656185E-03  0.0000000E+00
  2.0799350E+02 -9.7168679E-04 -4.3136276E-04 -2.3728008E-18  9.4255811E-03  0.0000000E+00
  2.0799350E+02 -8.9123978E-04 -4.1689710E-04 -1.6608306E-18  9.1860465E-03  0.0000000E+00
  2.0799350E+02 -8.2874061E-04 -4.0844107E-04 -1.0647853E-18  8.9488650E-03  0.0000000E+00
  2.0799350E+02 -7.8478305E-04 -4.0136923E-04 -9.3833530E-19  8.7143304E-03  0.0000000E+00
  2.0799350E+02 -7.5737011E-04 -3.9325405E-04 -9.6605433E-19  8.4822858E-03  0.0000000E+00
  2.0799350E+02 -7.4288883E-04 -3.8598598E-04 -8.1426550E-19  8.2543896E-03  0.0000000E+00
  2.0799350E+02 -7.3649154E-04 -3.8512529E-04 -4.3334681E-19  8.0305342E-03  0.0000000E+00
  2.0799350E+02 -7.3322649E-04 -3.9763042E-04 -7.9393195E-20  7.8109006E-03  0.0000000E+00
  2.0799350E+02 -7.2871388E-04 -4.2865885E-04 -1.4562868E-19  7.5952972E-03  0.0000000E+00
  2.0799350E+02 -7.1978468E-04 -4.7811653E-04 -8.9780479E-19  7.3847075E-03  0.0000000E+00
  2.0799350E+02 -7.0484401E-04 -5.3888455E-04 -2.2241686E-18  7.1792031E-03  0.0000000E+00
  2.0799350E+02 -6.8405700E-04 -5.9676732E-04 -3.5165948E-18  6.9797646E-03  0.0000000E+00
  2.0799350E+02 -6.5897149E-04 -6.3467412E-04 -3.8210820E-18  6.7865435E-03  0.0000000E+00
  2.0799350E+02 -6.3217097E-04 -6.4071217E-04 -2.3715770E-18  6.6012876E-03  0.0000000E+00
  2.0799350E+02 -6.0570651E-04 -6.2368009E-04  3.2756268E-19  6.4237954E-03  0.0000000E+00
  2.0799350E+02 -5.7969869E-04 -6.3521456E-04  7.3438185E-19  6.2539047E-03  0.0000000E+00
  2.0799350E+02 -5.5407412E-04 -6.6424752E-04  2.2074995E-19  6.0908626E-03  0.0000000E+00
  2.0799350E+02 -5.2762918E-04 -6.5885040E-04 -1.5215146E-18  5.9336757E-03  0.0000000E+00
  2.0799350E+02 -4.9696825E-04 -6.5738417E-04 -3.2957850E-18  5.7818185E-03  0.0000000E+00
  2.0799350E+02 -4.6317562E-04 -6.6191881E-04 -3.4801653E-18  5.6341381E-03  0.0000000E+00
  2.0799350E+02 -4.2921124E-04 -6.7043025E-04 -2.2716781E-18  5.4906504E-03  0.0000000E+00
  2.0799350E+02 -3.9781036E-04 -6.8119885E-04 -5.2209479E-19  5.3508751E-03  0.0000000E+00
  2.0799350E+02 -3.7075177E-04 -6.9463872E-04  9.7053491E-19  5.2148140E-03  0.0000000E+00
  2.0799350E+02 -3.4850597E-04 -7.1320177E-04  1.7878446E-18  5.0828856E-03  0.0000000E+00
  2.0799350E+02 -3.3026746E-04 -7.4009307E-04  1.9384038E-18  4.9552143E-03  0.0000000E+00
  2.0799350E+02 -3.1458866E-04 -7.7706705E-04  1.7037051E-18  4.8326139E-03  0.0000000E+00
  2.0799350E+02 -2.9976166E-04 -8.2290882E-04  1.3999681E-18  4.7148825E-03  0.0000000E+00
  2.0799350E+02 -2.8467706E-04 -8.7152272E-04  1.1584625E-18  4.6029123E-03  0.0000000E+00
  2.0799350E+02 -2.6891958E-04 -9.1290255E-04  8.1743130E-19  4.4965074E-03  0.0000000E+00
