          atime           conv           prod        pres_tr        pres_df        garbage
  2.0799350E+02  1.1730828E-06  0.0000000E+00  0.0000000E+00 -7.6248679E-06 -7.7175404E-05
  2.0799350E+02  9.4278922E-07  3.1878114E-08  4.8863430E-04  4.8303455E-04 -6.5147471E-05
  2.0799350E+02  3.1541507E-07  1.3241478E-07  1.9266662E-03  1.9256752E-03 -3.7868114E-05
  2.0799350E+02 -9.6391302E-07  5.6244522E-07  4.2322686E-03  4.2350810E-03 -1.5272600E-05
  2.0799350E+02 -4.6878002E-06  2.3606073E-06  7.2741678E-03  7.2770428E-03 -1.3376841E-05
  2.0799350E+02 -1.5852307E-05  7.5878571E-06  1.0880888E-02  1.0879744E-02 -3.1276185E-05
  2.0799350E+02 -4.4262155E-05  1.8651700E-05  1.4847372E-02  1.4840691E-02 -5.0579261E-05
  2.0799350E+02 -1.0550075E-04  3.6341660E-05  1.8947478E-02  1.8937166E-02 -5.0068342E-05
  2.0799350E+02 -2.2072392E-04  5.6802603E-05  2.2945083E-02  2.2934181E-02 -2.6507962E-05
  2.0799350E+02 -4.1489109E-04  6.8446009E-05  2.6604836E-02  2.6593572E-02 -3.5185535E-06
  2.0799350E+02 -7.1326290E-04  5.0514228E-05  2.9702732E-02  2.9686805E-02 -1.3087733E-05
  2.0799350E+02 -1.1364662E-03 -2.4636956E-05  3.2038873E-02  3.2013515E-02 -5.4357719E-05
  2.0799350E+02 -1.6952375E-03 -1.8407799E-04  3.3452421E-02  3.3420573E-02 -6.8518134E-05
  2.0799350E+02 -2.3865800E-03 -4.4212155E-04  3.3834562E-02  3.3808686E-02  8.0076030E-06
  2.0799350E+02 -3.1887914E-03 -7.8459236E-04  3.3139870E-02  3.3123526E-02  9.3932920E-05
  2.0799350E+02 -4.0668374E-03 -1.1597870E-03  3.1394204E-02  3.1355824E-02 -7.7942362E-05
  2.0799350E+02 -4.9722285E-03 -1.4795686E-03  2.8693985E-02  2.8650548E-02 -1.0859812E-04
  2.0799350E+02 -5.8483178E-03 -1.6304762E-03  2.5181019E-02  2.5189098E-02  2.4813832E-04
  2.0799350E+02 -6.6527166E-03 -1.4935699E-03  2.1062200E-02  2.1041460E-02 -6.1317711E-05
  2.0799350E+02 -7.3393655E-03 -9.8191143E-04  1.6527884E-02  1.6517458E-02 -9.6763934E-05
  2.0799350E+02 -7.8682870E-03 -3.7798038E-05  1.1772841E-02  1.1789269E-02 -2.5342963E-05
  2.0799350E+02 -8.2172745E-03  1.3608127E-03  6.9759239E-03  7.0188778E-03  4.2401158E-05
  2.0799350E+02 -8.3806176E-03  3.1984964E-03  2.3057199E-03  2.3649342E-03  5.4327688E-05
  2.0799350E+02 -8.3685128E-03  5.4349352E-03 -2.1053011E-03 -2.0429357E-03  8.3245298E-06
  2.0799350E+02 -8.2025330E-03  8.0108593E-03 -6.1494452E-03 -6.0940939E-03 -6.5115771E-05
  2.0799350E+02 -7.9113281E-03  1.0864501E-02 -9.7528343E-03 -9.7083501E-03 -1.2514583E-04
  2.0799350E+02 -7.5261168E-03  1.3942650E-02 -1.2870207E-02 -1.2834050E-02 -1.4235411E-04
  2.0799350E+02 -7.0777582E-03  1.7207502E-02 -1.5480215E-02 -1.5446791E-02 -1.1380209E-04
  2.0799350E+02 -6.5946693E-03  2.0644269E-02 -1.7585914E-02 -1.7552404E-02 -6.5204140E-05
  2.0799350E+02 -6.1039599E-03  2.4248692E-02 -1.9206171E-02 -1.9178348E-02 -3.6582512E-05
  2.0799350E+02 -5.6292012E-03  2.8028801E-02 -2.0380810E-02 -2.0374340E-02 -5.2494887E-05
  2.0799350E+02 -5.1845931E-03  3.1993318E-02 -2.1165707E-02 -2.1195824E-02 -8.7756682E-05
  2.0799350E+02 -4.7526716E-03  3.6164404E-02 -2.1630098E-02 -2.1679316E-02 -5.3134304E-05
  2.0799350E+02 -4.3171266E-03  4.0620888E-02 -2.1851143E-02 -2.1849732E-02  4.7034688E-05
  2.0799350E+02 -3.9437485E-03  4.5346632E-02 -2.1919475E-02 -2.1941049E-02 -2.8041084E-05
  2.0799350E+02 -3.4166829E-03  5.0419870E-02 -2.1903256E-02 -2.1923604E-02  1.0740786E-05
  2.0799350E+02 -2.8699181E-03  5.5848186E-02 -2.1895171E-02 -2.1910377E-02  3.6620355E-05
  2.0799350E+02 -2.3258164E-03  6.1637573E-02 -2.1969665E-02 -2.1978791E-02  2.3081621E-05
  2.0799350E+02 -1.7415817E-03  6.7760718E-02 -2.2177267E-02 -2.2174196E-02 -4.8626224E-06
  2.0799350E+02 -1.0473322E-03  7.4184817E-02 -2.2540856E-02 -2.2514062E-02 -1.2632568E-05
  2.0799350E+02 -1.7844268E-04  8.0865870E-02 -2.3055378E-02 -2.2993215E-02  1.5018593E-05
  2.0799350E+02  9.0027684E-04  8.7707812E-02 -2.3686229E-02 -2.3584730E-02  6.2413442E-05
  2.0799350E+02  2.1939123E-03  9.4591845E-02 -2.4375343E-02 -2.4244429E-02  9.0549785E-05
  2.0799350E+02  3.6903434E-03  1.0137146E-01 -2.5048744E-02 -2.4913427E-02  6.1456011E-05
  2.0799350E+02  5.3737646E-03  1.0782667E-01 -2.5622182E-02 -2.5516166E-02 -2.8494988E-05
  2.0799350E+02  7.2661497E-03  1.1373383E-01 -2.6020472E-02 -2.5971952E-02 -1.2329989E-04
  2.0799350E+02  9.4350838E-03  1.1883788E-01 -2.6187124E-02 -2.6200910E-02 -1.1538989E-04
  2.0799350E+02  1.1957983E-02  1.2285531E-01 -2.6099166E-02 -2.6144683E-02  7.2286494E-05
  2.0799350E+02  1.4837508E-02  1.2555665E-01 -2.5781464E-02 -2.5806994E-02  2.7385804E-04
  2.0799350E+02  1.7775418E-02  1.2680652E-01 -2.5310404E-02 -2.5313795E-02 -3.3463395E-04
  2.0799350E+02  2.1550251E-02  1.2639250E-01 -2.4641581E-02 -2.4749524E-02 -7.4512633E-06
  2.0799350E+02  2.5345448E-02  1.2417899E-01 -2.3664090E-02 -2.3781607E-02  2.0156238E-04
  2.0799350E+02  2.8654836E-02  1.2034327E-01 -2.2487902E-02 -2.2561715E-02  9.1061159E-05
  2.0799350E+02  3.1454268E-02  1.1509268E-01 -2.1154933E-02 -2.1170705E-02 -3.7165444E-05
  2.0799350E+02  3.3803589E-02  1.0865124E-01 -1.9667597E-02 -1.9626712E-02 -7.9612368E-05
  2.0799350E+02  3.5766707E-02  1.0130044E-01 -1.8030601E-02 -1.7939738E-02 -4.5109210E-05
  2.0799350E+02  3.7395971E-02  9.3289916E-02 -1.6253097E-02 -1.6121592E-02  1.4034391E-05
  2.0799350E+02  3.8691039E-02  8.4867393E-02 -1.4367310E-02 -1.4209124E-02  5.0106058E-05
  2.0799350E+02  3.9591680E-02  7.6339863E-02 -1.2443203E-02 -1.2278922E-02  4.4462644E-05
  2.0799350E+02  4.0014092E-02  6.7954445E-02 -1.0553561E-02 -1.0408536E-02  1.1447298E-05
  2.0799350E+02  3.9870159E-02  5.9891842E-02 -8.7575552E-03 -8.6555676E-03 -1.7367033E-05
  2.0799350E+02  3.9105583E-02  5.2395938E-02 -7.1133088E-03 -7.0653606E-03 -1.7679596E-05
  2.0799350E+02  3.7723838E-02  4.5569915E-02 -5.6217584E-03 -5.6163301E-03  4.0047782E-06
  2.0799350E+02  3.5785287E-02  3.9496244E-02 -4.2578904E-03 -4.2602420E-03  7.5889630E-06
  2.0799350E+02  3.3393305E-02  3.4269340E-02 -3.0119957E-03 -2.9898583E-03 -4.0113734E-05
  2.0799350E+02  3.0501395E-02  2.9826126E-02 -1.9293817E-03 -1.9284856E-03 -5.0586987E-05
  2.0799350E+02  2.6972476E-02  2.6073914E-02 -1.2135369E-03 -1.3582504E-03  6.4805840E-05
  2.0799350E+02  2.3484456E-02  2.2910330E-02 -6.6782772E-04 -7.6262628E-04 -3.8356341E-05
  2.0799350E+02  2.0185073E-02  2.0351550E-02 -2.3989371E-04 -2.7600677E-04 -2.2949874E-05
  2.0799350E+02  1.7175972E-02  1.8284315E-02  9.0978017E-05  9.2182841E-05  5.9375007E-06
  2.0799350E+02  1.4457761E-02  1.6614058E-02  3.4010728E-04  3.5519862E-04  1.5003233E-05
  2.0799350E+02  1.2002392E-02  1.5276858E-02  5.1522175E-04  5.3096842E-04  7.4100057E-06
  2.0799350E+02  9.7335860E-03  1.4203610E-02  6.2200715E-04  6.3674885E-04 -2.4772938E-06
  2.0799350E+02  7.6085972E-03  1.3348965E-02  6.6137120E-04  6.7997094E-04 -4.3038302E-06
  2.0799350E+02  5.6066941E-03  1.2672655E-02  6.3409742E-04  6.6098677E-04  2.2483554E-06
  2.0799350E+02  3.7444289E-03  1.2141679E-02  5.4328178E-04  5.7715999E-04  9.1460971E-06
  2.0799350E+02  2.0633586E-03  1.1726406E-02  3.9661653E-04  4.2941043E-04  7.0473484E-06
  2.0799350E+02  6.1949629E-04  1.1401234E-02  2.0747049E-04  2.2824842E-04 -6.1385941E-06
  2.0799350E+02 -5.2825505E-04  1.1145956E-02 -4.1054806E-06 -1.5487168E-06 -1.9617747E-05
  2.0799350E+02 -1.3423619E-03  1.0945677E-02 -2.1258214E-04 -2.2238669E-04 -1.2892693E-05
  2.0799350E+02 -1.8401661E-03  1.0789214E-02 -3.9471497E-04 -3.9958433E-04  2.4897235E-05
  2.0799350E+02 -2.0997117E-03  1.0672893E-02 -5.3619373E-04 -5.2686253E-04  5.1141446E-05
  2.0799350E+02 -2.2740343E-03  1.0600523E-02 -6.4718260E-04 -6.7722889E-04 -1.0900514E-04
  2.0799350E+02 -2.2934063E-03  1.0565380E-02 -7.9552570E-04 -8.2606760E-04  1.0480087E-05
  2.0799350E+02 -2.1084867E-03  1.0531996E-02 -9.0075004E-04 -9.1639628E-04  4.6676070E-05
  2.0799350E+02 -1.8491428E-03  1.0477982E-02 -9.7277550E-04 -9.8425963E-04  1.5328191E-05
  2.0799350E+02 -1.5738319E-03  1.0393318E-02 -1.0275994E-03 -1.0399340E-03 -1.4420808E-05
  2.0799350E+02 -1.3058458E-03  1.0276471E-02 -1.0740959E-03 -1.0856842E-03 -2.1285603E-05
  2.0799350E+02 -1.0503038E-03  1.0130938E-02 -1.1151725E-03 -1.1205916E-03 -9.5417709E-06
  2.0799350E+02 -8.0461912E-04  9.9615401E-03 -1.1494524E-03 -1.1435792E-03  7.3518943E-06
  2.0799350E+02 -5.6730580E-04  9.7730371E-03 -1.1727839E-03 -1.1543654E-03  1.7375452E-05
  2.0799350E+02 -3.4154024E-04  9.5694454E-03 -1.1802313E-03 -1.1535281E-03  1.5426590E-05
  2.0799350E+02 -1.3260753E-04  9.3513851E-03 -1.1680325E-03 -1.1416552E-03  4.3310002E-06
  2.0799350E+02  5.1831198E-05  9.1185272E-03 -1.1348255E-03 -1.1181674E-03 -7.7202599E-06
  2.0799350E+02  2.0556957E-04  8.8708816E-03 -1.0828517E-03 -1.0809030E-03 -1.1804747E-05
  2.0799350E+02  3.2863893E-04  8.6078273E-03 -1.0173149E-03 -1.0263904E-03 -3.8027738E-06
  2.0799350E+02  4.2599138E-04  8.3337905E-03 -9.4563556E-04 -9.5321879E-04  1.1355735E-05
  2.0799350E+02  5.0593908E-04  8.0574925E-03 -8.7353732E-04 -8.6742803E-04  1.8696842E-05
  2.0799350E+02  5.6970027E-04  7.7964182E-03 -8.0019150E-04 -7.9319652E-04 -2.3515676E-06
  2.0799350E+02  5.7827762E-04  7.5702292E-03 -7.3138367E-04 -7.5933213E-04 -1.8879949E-05
  2.0799350E+02  5.6046234E-04  7.3255558E-03 -6.9254744E-04 -7.0152477E-04  1.2794036E-05
  2.0799350E+02  5.5317967E-04  7.0602213E-03 -6.4954269E-04 -6.5406844E-04  1.0079452E-05
  2.0799350E+02  5.3718179E-04  6.7888685E-03 -6.1136243E-04 -6.1859084E-04  1.5849230E-06
  2.0799350E+02  5.1711986E-04  6.5212492E-03 -5.8300683E-04 -5.9307614E-04 -2.4984276E-06
  2.0799350E+02  5.0446681E-04  6.2636933E-03 -5.6653788E-04 -5.7531208E-04 -1.5702664E-06
  2.0799350E+02  5.0735609E-04  6.0219452E-03 -5.6188236E-04 -5.6443741E-04  1.4219968E-06
  2.0799350E+02  5.2572123E-04  5.7974445E-03 -5.6718354E-04 -5.6080842E-04  3.6160070E-06
  2.0799350E+02  5.5150901E-04  5.5899882E-03 -5.7960760E-04 -5.6542845E-04  3.8529842E-06
  2.0799350E+02  5.7201706E-04  5.3974476E-03 -5.9588018E-04 -5.7868636E-04  2.7425199E-06
  2.0799350E+02  5.7491730E-04  5.2175653E-03 -6.1263262E-04 -5.9895060E-04  1.7510907E-06
  2.0799350E+02  5.5381524E-04  5.0465785E-03 -6.2693585E-04 -6.2186428E-04  1.8805554E-06
  2.0799350E+02  5.1183211E-04  4.8813679E-03 -6.3642000E-04 -6.4041216E-04  2.6566002E-06
  2.0799350E+02  4.6138356E-04  4.7185620E-03 -6.3945358E-04 -6.4682280E-04  2.1372894E-06
  2.0799350E+02  4.1905905E-04  4.5571978E-03 -6.3500894E-04 -6.3644157E-04 -1.2652118E-06
  2.0799350E+02  3.9117706E-04  4.3963912E-03 -6.2246024E-04 -6.1469330E-04 -4.3463974E-06
  2.0799350E+02  3.5056575E-04  4.2377448E-03 -6.0112843E-04 -6.0745662E-04  8.8418993E-06
  2.0799350E+02  2.5506840E-04  4.0769740E-03 -6.0122328E-04 -6.0916082E-04 -1.1557671E-06
  2.0799350E+02  1.8254884E-04  3.9114660E-03 -5.9082004E-04 -5.9323979E-04 -4.5622463E-06
  2.0799350E+02  1.2978132E-04  3.7513354E-03 -5.7200150E-04 -5.7717621E-04  1.7160530E-06
  2.0799350E+02  8.7400153E-05  3.5992120E-03 -5.5543408E-04 -5.6254721E-04  4.7531307E-06
  2.0799350E+02  5.0633187E-05  3.4552267E-03 -5.4414569E-04 -5.4982074E-04  3.2852875E-06
  2.0799350E+02  1.8623042E-05  3.3170757E-03 -5.3778206E-04 -5.3950461E-04  3.4187436E-07
  2.0799350E+02 -6.2735621E-06  3.1823495E-03 -5.3537608E-04 -5.3269525E-04 -1.1332941E-06
  2.0799350E+02 -2.0093928E-05  3.0493491E-03 -5.3651825E-04 -5.3085387E-04 -1.8444840E-07
  2.0799350E+02 -1.9159641E-05  2.9168868E-03 -5.4147707E-04 -5.3518027E-04  2.0725742E-06
  2.0799350E+02 -1.7701197E-06  2.7854760E-03 -5.5057590E-04 -5.4582785E-04  3.5287484E-06
  2.0799350E+02  3.0624418E-05  2.6554358E-03 -5.6337871E-04 -5.6133524E-04  2.6497781E-06
  2.0799350E+02  7.2470101E-05  2.5288617E-03 -5.7768916E-04 -5.7809989E-04 -2.2027249E-07
  2.0799350E+02  1.1508214E-04  2.4067847E-03 -5.8942540E-04 -5.9091107E-04 -2.4976932E-06
