          atime        pres_st        turb_df           diss        visc_df        garbage
  2.0799350E+02 -6.1539034E-06  1.9282332E-05 -1.0756217E-01  1.0708669E-01  0.0000000E+00
  2.0799350E+02 -4.1939184E-06  1.5541788E-05 -1.0659989E-01  1.0567675E-01  3.1878114E-08
  2.0799350E+02  3.8486383E-07  6.7104992E-06 -1.0377114E-01  1.0152101E-01  1.3241478E-07
  2.0799350E+02  4.5940324E-06  5.4356483E-07 -9.9242992E-02  9.4832897E-02  5.6244522E-07
  2.0799350E+02  5.8989218E-06  1.1407034E-05 -9.3273267E-02  8.5944529E-02  2.3606073E-06
  2.0799350E+02  4.1174685E-06  6.0851782E-05 -8.6181182E-02  7.5276352E-02  7.5878571E-06
  2.0799350E+02  1.6210998E-06  1.7577076E-04 -7.8326073E-02  6.3326096E-02  1.8651700E-05
  2.0799350E+02  1.4069879E-06  3.8284587E-04 -7.0081390E-02  5.0653194E-02  3.6341660E-05
  2.0799350E+02  4.2216249E-06  6.9929393E-04 -6.1818986E-02  3.7870602E-02  5.6802603E-05
  2.0799350E+02  7.1753997E-06  1.1219485E-03 -5.3898873E-02  2.5624615E-02  6.8446009E-05
  2.0799350E+02  5.9932452E-06  1.6192099E-03 -4.6658700E-02  1.4547994E-02  5.0514228E-05
  2.0799350E+02  4.1727117E-07  2.1329672E-03 -4.0392403E-02  5.1808632E-03 -2.4636956E-05
  2.0799350E+02 -2.2801541E-06  2.5980918E-03 -3.5314406E-02 -2.1118962E-03 -1.8407799E-04
  2.0799350E+02  6.0799942E-06  2.9821958E-03 -3.1520071E-02 -7.1647841E-03 -4.4212155E-04
  2.0799350E+02  1.5246832E-05  3.3344648E-03 -2.8972171E-02 -9.9346094E-03 -7.8459236E-04
  2.0799350E+02 -8.7637551E-06  3.8130553E-03 -2.7484248E-02 -1.0521927E-02 -1.1597870E-03
  2.0799350E+02 -1.1474622E-05  4.5976017E-03 -2.6776949E-02 -9.7791787E-03 -1.4795686E-03
  2.0799350E+02  3.3189916E-05  5.7395540E-03 -2.6596626E-02 -8.6979716E-03 -1.6304762E-03
  2.0799350E+02 -8.7900237E-06  7.3934926E-03 -2.6630027E-02 -7.0173122E-03 -1.4935699E-03
  2.0799350E+02 -1.1973851E-05  9.4452142E-03 -2.6739901E-02 -5.6102950E-03 -9.8191143E-04
  2.0799350E+02 -1.4575774E-06  1.1744420E-02 -2.6893948E-02 -4.4828130E-03 -3.7798038E-05
  2.0799350E+02  7.3318436E-06  1.4130091E-02 -2.7084996E-02 -3.6160018E-03  1.3608127E-03
  2.0799350E+02  8.2351080E-06  1.6436750E-02 -2.7327770E-02 -2.9708993E-03  3.1984964E-03
  2.0799350E+02  2.2960831E-06  1.8517934E-02 -2.7652727E-02 -2.4896754E-03  5.4349352E-03
  2.0799350E+02 -5.5580116E-06  2.0251242E-02 -2.8095397E-02 -2.1065023E-03  8.0108593E-03
  2.0799350E+02 -1.0201837E-05  2.1550887E-02 -2.8685962E-02 -1.7580673E-03  1.0864501E-02
  2.0799350E+02 -9.3216584E-06  2.2368357E-02 -2.9439865E-02 -1.3977375E-03  1.3942650E-02
  2.0799350E+02 -4.6814168E-06  2.2687292E-02 -3.0352416E-02 -1.0091138E-03  1.7207502E-02
  2.0799350E+02 -8.6132713E-07  2.2512063E-02 -3.1401707E-02 -6.1419876E-04  2.0644269E-02
  2.0799350E+02 -1.5251458E-06  2.1851795E-02 -3.2554582E-02 -2.7184437E-04  2.4248692E-02
  2.0799350E+02 -4.7442541E-06  2.0708235E-02 -3.3781841E-02 -5.3185490E-05  2.8028801E-02
  2.0799350E+02 -1.4322663E-06  1.9082748E-02 -3.5063431E-02  1.5416692E-05  3.1993318E-02
  2.0799350E+02  1.5367610E-05  1.7027275E-02 -3.6373082E-02  6.3678104E-05  3.6164404E-02
  2.0799350E+02  2.1608020E-05  1.4646177E-02 -3.7753155E-02  2.9561792E-04  4.0620888E-02
  2.0799350E+02  1.5731282E-05  1.1715221E-02 -3.9221899E-02 -9.6784018E-05  4.5346632E-02
  2.0799350E+02  1.0735967E-05  8.5580725E-03 -4.0312418E-02 -4.1785311E-04  5.0419870E-02
  2.0799350E+02  9.2368309E-06  5.1375211E-03 -4.1262166E-02 -7.0656723E-04  5.5848186E-02
  2.0799350E+02  1.0587863E-05  1.4681186E-03 -4.2184182E-02 -9.7574083E-04  6.1637573E-02
  2.0799350E+02  1.2783347E-05 -2.3842395E-03 -4.3102159E-02 -1.2281280E-03  6.7760718E-02
  2.0799350E+02  1.4017558E-05 -6.3411851E-03 -4.3994711E-02 -1.4710038E-03  7.4184817E-02
  2.0799350E+02  1.3647083E-05 -1.0326804E-02 -4.4828132E-02 -1.7222280E-03  8.0865870E-02
  2.0799350E+02  1.2412289E-05 -1.4257266E-02 -4.5575397E-02 -2.0072766E-03  8.7707812E-02
  2.0799350E+02  1.1901899E-05 -1.8066216E-02 -4.6231492E-02 -2.3506816E-03  9.4591845E-02
  2.0799350E+02  1.3413078E-05 -2.1698645E-02 -4.6809050E-02 -2.7604771E-03  1.0137146E-01
  2.0799350E+02  1.6626570E-05 -2.5073485E-02 -4.7319225E-02 -3.2084305E-03  1.0782667E-01
  2.0799350E+02  1.8924305E-05 -2.8096438E-02 -4.7756392E-02 -3.6247031E-03  1.1373383E-01
  2.0799350E+02  1.6534300E-05 -3.0609524E-02 -4.8080758E-02 -3.9072491E-03  1.1883788E-01
  2.0799350E+02  9.4145891E-06 -3.2351107E-02 -4.8230885E-02 -3.9737754E-03  1.2285531E-01
  2.0799350E+02  1.2352470E-05 -3.2954203E-02 -4.8197752E-02 -3.8865736E-03  1.2555665E-01
  2.0799350E+02  7.5701738E-05 -3.1927012E-02 -4.8192274E-02 -4.0767231E-03  1.2680652E-01
  2.0799350E+02  3.2924078E-05 -2.9690296E-02 -4.7008295E-02 -4.3052043E-03  1.2639250E-01
  2.0799350E+02  8.3772704E-07 -2.6245160E-02 -4.5241303E-02 -3.8278080E-03  1.2417899E-01
  2.0799350E+02  2.2374679E-06 -2.1834830E-02 -4.3375340E-02 -3.1687103E-03  1.2034327E-01
  2.0799350E+02  1.1782122E-05 -1.6789099E-02 -4.1465182E-02 -2.5659877E-03  1.1509268E-01
  2.0799350E+02  1.7553086E-05 -1.1344978E-02 -3.9531733E-02 -2.0907596E-03  1.0865124E-01
  2.0799350E+02  1.6688656E-05 -5.7332533E-03 -3.7594596E-02 -1.7203601E-03  1.0130044E-01
  2.0799350E+02  1.1425646E-05 -1.4178924E-04 -3.5660639E-02 -1.3909555E-03  9.3289916E-02
  2.0799350E+02  5.6918110E-06  5.2334680E-03 -3.3742959E-02 -1.0432900E-03  8.4867393E-02
  2.0799350E+02  2.7281358E-06  1.0152580E-02 -3.1874957E-02 -6.4998442E-04  7.6339863E-02
  2.0799350E+02  3.5433570E-06  1.4422592E-02 -3.0080340E-02 -2.1922950E-04  6.7954445E-02
  2.0799350E+02  6.7025400E-06  1.7907972E-02 -2.8367567E-02  2.1417409E-04  5.9891842E-02
  2.0799350E+02  9.1570392E-06  2.0495577E-02 -2.6752127E-02  6.0088000E-04  5.2395938E-02
  2.0799350E+02  8.2844479E-06  2.2189516E-02 -2.5213349E-02  9.1095276E-04  4.5569915E-02
  2.0799350E+02  4.6781817E-06  2.3029436E-02 -2.3730927E-02  1.1432971E-03  3.9496244E-02
  2.0799350E+02  5.6468692E-06  2.3027882E-02 -2.2327687E-02  1.3198483E-03  3.4269340E-02
  2.0799350E+02  2.8608261E-05  2.2016575E-02 -2.1088923E-02  1.4436504E-03  2.9826126E-02
  2.0799350E+02  4.4096383E-05  1.9968004E-02 -1.9669210E-02  1.3474789E-03  2.6073914E-02
  2.0799350E+02  4.3253836E-06  1.8164142E-02 -1.7789450E-02  1.2095909E-03  2.2910330E-02
  2.0799350E+02 -1.7514642E-06  1.6133053E-02 -1.6478078E-02  1.1427458E-03  2.0351550E-02
  2.0799350E+02  2.5717870E-06  1.4017955E-02 -1.5452655E-02  1.0558561E-03  1.8284315E-02
  2.0799350E+02  6.2994297E-06  1.1914479E-02 -1.4573096E-02  9.2996272E-04  1.6614058E-02
  2.0799350E+02  6.2492477E-06  9.8961514E-03 -1.3795233E-02  7.8354154E-04  1.5276858E-02
  2.0799350E+02  3.4456207E-06  7.9778376E-03 -1.3109149E-02  6.4270110E-04  1.4203610E-02
  2.0799350E+02  3.1513883E-07  6.1718736E-03 -1.2525104E-02  5.2706183E-04  1.3348965E-02
  2.0799350E+02 -1.1403945E-06  4.4795049E-03 -1.2044903E-02  4.4038522E-04  1.2672655E-02
  2.0799350E+02 -2.9775106E-07  2.9120215E-03 -1.1656075E-02  3.7147838E-04  1.2141679E-02
  2.0799350E+02  1.9779277E-06  1.4941893E-03 -1.1331709E-02  3.0105681E-04  1.1726406E-02
  2.0799350E+02  3.9432826E-06  2.6969148E-04 -1.1040268E-02  2.1281842E-04  1.1401234E-02
  2.0799350E+02  4.0143618E-06 -6.9967237E-04 -1.0759192E-02  1.0484741E-04  1.1145956E-02
  2.0799350E+02  2.0150847E-06 -1.3582629E-03 -1.0486313E-02 -3.1536473E-06  1.0945677E-02
  2.0799350E+02  1.6811026E-07 -1.7101648E-03 -1.0240039E-02 -7.4679479E-05  1.0789214E-02
  2.0799350E+02  3.4237273E-06 -1.8820414E-03 -1.0050900E-02 -7.5464532E-05  1.0672893E-02
  2.0799350E+02  1.8407158E-05 -2.2378696E-03 -9.9240526E-03 -2.0660308E-05  1.0600523E-02
  2.0799350E+02  5.3380612E-06 -2.2583531E-03 -9.5536184E-03 -1.6636744E-04  1.0565380E-02
  2.0799350E+02 -1.9637569E-07 -2.0967562E-03 -9.2216171E-03 -1.6708570E-04  1.0531996E-02
  2.0799350E+02  5.5597447E-07 -1.9259970E-03 -8.9340617E-03 -1.1050707E-04  1.0477982E-02
  2.0799350E+02  2.2238223E-06 -1.7542925E-03 -8.6634182E-03 -6.3905870E-05  1.0393318E-02
  2.0799350E+02  2.7833128E-06 -1.5749252E-03 -8.4011457E-03 -4.3866842E-05  1.0276471E-02
  2.0799350E+02  2.1272502E-06 -1.3810927E-03 -8.1491302E-03 -4.2151391E-05  1.0130938E-02
  2.0799350E+02  9.7985266E-07 -1.1726955E-03 -7.9118707E-03 -4.3804191E-05  9.9615401E-03
  2.0799350E+02  1.4508502E-07 -9.5918757E-04 -7.6935233E-03 -3.8074118E-05  9.7730371E-03
  2.0799350E+02  6.8975730E-08 -7.5710479E-04 -7.4955605E-03 -2.2952396E-05  9.5694454E-03
  2.0799350E+02  6.8295682E-07 -5.8179782E-04 -7.3138568E-03 -4.3203753E-06  9.3513851E-03
  2.0799350E+02  1.5017693E-06 -4.4297772E-04 -7.1419077E-03  8.2630244E-06  9.1185272E-03
  2.0799350E+02  1.8929388E-06 -3.3879727E-04 -6.9727994E-03  7.5956359E-06  8.8708816E-03
  2.0799350E+02  1.4782979E-06 -2.5372832E-04 -6.8006588E-03 -5.7349731E-06  8.6078273E-03
  2.0799350E+02  5.5214101E-07 -1.6702472E-04 -6.6268923E-03 -2.1400739E-05  8.3337905E-03
  2.0799350E+02  4.2750292E-07 -6.9833160E-05 -6.4618712E-03 -2.3999305E-05  8.0574925E-03
  2.0799350E+02  3.6039254E-06  4.1059825E-07 -6.3294831E-03 -7.4642600E-06  7.7964182E-03
  2.0799350E+02  6.3468468E-06 -4.5526262E-05 -6.1806783E-03 -2.1202430E-05  7.5702292E-03
  2.0799350E+02  8.4913903E-07 -1.2784281E-05 -5.9108460E-03 -3.1550202E-05  7.3255558E-03
  2.0799350E+02  9.3367539E-08  6.4544792E-05 -5.6875712E-03 -3.0561320E-06  7.0602213E-03
  2.0799350E+02  6.7383049E-07  1.4432163E-04 -5.4846785E-03  2.0194722E-05  6.7888685E-03
  2.0799350E+02  1.0972504E-06  2.1553274E-04 -5.2910630E-03  2.5100133E-05  6.5212492E-03
  2.0799350E+02  1.0055621E-06  2.8105990E-04 -5.1050048E-03  1.5017706E-05  6.2636933E-03
  2.0799350E+02  5.8599937E-07  3.4602522E-04 -4.9306557E-03 -3.2726390E-07  6.0219452E-03
  2.0799350E+02  1.6961296E-07  4.1280097E-04 -4.7714631E-03 -1.1716621E-05  5.7974445E-03
  2.0799350E+02 -7.1094225E-09  4.7857857E-04 -4.6296016E-03 -1.4010468E-05  5.5899882E-03
  2.0799350E+02  1.0198169E-07  5.3679571E-04 -4.5045393E-03 -7.1329202E-06  5.3974476E-03
  2.0799350E+02  3.6590672E-07  5.7987644E-04 -4.3939756E-03  4.8660645E-06  5.2175653E-03
  2.0799350E+02  5.7079871E-07  6.0353952E-04 -4.2934904E-03  1.6220393E-05  5.0465785E-03
  2.0799350E+02  5.5393519E-07  6.0921147E-04 -4.1989408E-03  2.2306673E-05  4.8813679E-03
  2.0799350E+02  3.3806590E-07  6.0451361E-04 -4.1071316E-03  2.2316835E-05  4.7185620E-03
  2.0799350E+02  2.2306157E-07  5.9944441E-04 -4.0183373E-03  2.0672110E-05  4.5571978E-03
  2.0799350E+02  7.8089953E-07  5.9658110E-04 -3.9354262E-03  2.6327323E-05  4.3963912E-03
  2.0799350E+02  2.7123979E-06  5.7362340E-04 -3.8646596E-03  4.8887668E-05  4.2377448E-03
  2.0799350E+02  1.7256201E-06  5.2282885E-04 -3.7290045E-03  2.2611192E-05  4.0769740E-03
  2.0799350E+02  4.0363659E-07  5.2611753E-04 -3.5829181E-03  6.7680999E-06  3.9114660E-03
  2.0799350E+02  1.2880736E-07  5.3912863E-04 -3.4554728E-03  1.0023664E-05  3.7513354E-03
  2.0799350E+02  2.0401992E-07  5.4209934E-04 -3.3377607E-03  1.5556560E-05  3.5992120E-03
  2.0799350E+02  2.8737800E-07  5.3526483E-04 -3.2272469E-03  1.8034176E-05  3.4552267E-03
  2.0799350E+02  2.6917722E-07  5.2819229E-04 -3.1235172E-03  1.7637251E-05  3.3170757E-03
  2.0799350E+02  1.7046558E-07  5.3234337E-04 -3.0271758E-03  1.6134906E-05  3.1823495E-03
  2.0799350E+02  6.3692078E-08  5.5645625E-04 -2.9387056E-03  1.4777502E-05  3.0493491E-03
  2.0799350E+02  1.4404128E-08  6.0439718E-04 -2.8575966E-03  1.3558479E-05  2.9168868E-03
  2.0799350E+02  4.6975425E-08  6.7447650E-04 -2.7830918E-03  1.1500341E-05  2.7854760E-03
  2.0799350E+02  1.3362711E-07  7.6114969E-04 -2.7135258E-03  7.4837597E-06  2.6554358E-03
  2.0799350E+02  2.0655773E-07  8.5532546E-04 -2.6481110E-03  1.3055290E-06  2.5288617E-03
  2.0799350E+02  1.9587342E-07  9.4754562E-04 -2.5860524E-03 -5.6563882E-06  2.4067847E-03
