          atime         vdf_uu         vdf_vv         vdf_ww         pm1avg           tavg
  2.0799350E+02  1.1112636E-01 -8.4015849E-06  1.0305542E-01  2.2723083E-02  0.0000000E+00
  2.0799350E+02  1.0949421E-01 -5.8827670E-06  1.0186516E-01  2.2723404E-02  0.0000000E+00
  2.0799350E+02  1.0467879E-01  8.0805479E-06  9.8355147E-02  2.2724345E-02  0.0000000E+00
  2.0799350E+02  9.6918506E-02  5.2033788E-05  9.2695253E-02  2.2725830E-02  0.0000000E+00
  2.0799350E+02  8.6599306E-02  1.5429116E-04  8.5135461E-02  2.2727699E-02  0.0000000E+00
  2.0799350E+02  7.4234995E-02  3.4827110E-04  7.5969437E-02  2.2729641E-02  0.0000000E+00
  2.0799350E+02  6.0463513E-02  6.6494093E-04  6.5523738E-02  2.2731077E-02  0.0000000E+00
  2.0799350E+02  4.6026117E-02  1.1234946E-03  5.4156777E-02  2.2730983E-02  0.0000000E+00
  2.0799350E+02  3.1743710E-02  1.7225269E-03  4.2274966E-02  2.2727662E-02  0.0000000E+00
  2.0799350E+02  1.8473353E-02  2.4350952E-03  3.0340782E-02  2.2718489E-02  0.0000000E+00
  2.0799350E+02  7.0343994E-03  3.2105270E-03  1.8851061E-02  2.2699682E-02  0.0000000E+00
  2.0799350E+02 -1.9005981E-03  3.9836091E-03  8.2787154E-03  2.2666188E-02  0.0000000E+00
  2.0799350E+02 -7.9246909E-03  4.6871040E-03 -9.8620552E-04  2.2611715E-02  0.0000000E+00
  2.0799350E+02 -1.0967636E-02  5.2584469E-03 -8.6203792E-03  2.2528901E-02  0.0000000E+00
  2.0799350E+02 -1.1281529E-02  5.6322746E-03 -1.4219964E-02  2.2410112E-02  0.0000000E+00
  2.0799350E+02 -9.4351541E-03  5.7425995E-03 -1.7351299E-02  2.2247523E-02  0.0000000E+00
  2.0799350E+02 -6.6083017E-03  5.6019332E-03 -1.8551989E-02  2.2034465E-02  0.0000000E+00
  2.0799350E+02 -3.8446524E-03  5.2803267E-03 -1.8831618E-02  2.1765805E-02  0.0000000E+00
  2.0799350E+02 -1.3729935E-03  4.7097190E-03 -1.7371350E-02  2.1438256E-02  0.0000000E+00
  2.0799350E+02  2.2314805E-04  4.0159312E-03 -1.5459669E-02  2.1050610E-02  0.0000000E+00
  2.0799350E+02  1.0774385E-03  3.2481968E-03 -1.3291261E-02  2.0604898E-02  0.0000000E+00
  2.0799350E+02  1.3546889E-03  2.4546351E-03 -1.1041328E-02  2.0104553E-02  0.0000000E+00
  2.0799350E+02  1.2348011E-03  1.6808121E-03 -8.8574118E-03  1.9555830E-02  0.0000000E+00
  2.0799350E+02  8.9768882E-04  9.6308190E-04 -6.8401216E-03  1.8965554E-02  0.0000000E+00
  2.0799350E+02  5.0499700E-04  3.2836180E-04 -5.0463635E-03  1.8342390E-02  0.0000000E+00
  2.0799350E+02  1.8220771E-04 -2.0870713E-04 -3.4896352E-03  1.7695361E-02  0.0000000E+00
  2.0799350E+02  3.5482229E-06 -6.4508489E-04 -2.1539384E-03  1.7033744E-02  0.0000000E+00
  2.0799350E+02 -1.7562663E-05 -9.8733722E-04 -1.0133277E-03  1.6367024E-02  0.0000000E+00
  2.0799350E+02  7.2071237E-05 -1.2488057E-03 -5.1663035E-05  1.5703609E-02  0.0000000E+00
  2.0799350E+02  1.8253376E-04 -1.4445499E-03  7.1832744E-04  1.5052376E-02  0.0000000E+00
  2.0799350E+02  2.2281756E-04 -1.5882485E-03  1.2590599E-03  1.4420737E-02  0.0000000E+00
  2.0799350E+02  1.7781725E-04 -1.6903709E-03  1.5433870E-03  1.3815992E-02  0.0000000E+00
  2.0799350E+02  2.3509633E-04 -1.7629491E-03  1.6552090E-03  1.3245248E-02  0.0000000E+00
  2.0799350E+02  5.8747884E-04 -1.8247851E-03  1.8285421E-03  1.2713461E-02  0.0000000E+00
  2.0799350E+02  1.1613874E-04 -1.8414139E-03  1.5317071E-03  1.2226883E-02  0.0000000E+00
  2.0799350E+02 -1.3695531E-04 -1.8463168E-03  1.1475659E-03  1.1789545E-02  0.0000000E+00
  2.0799350E+02 -3.2089643E-04 -1.8511054E-03  7.5886742E-04  1.1405485E-02  0.0000000E+00
  2.0799350E+02 -5.0894299E-04 -1.8573454E-03  4.1480669E-04  1.1078202E-02  0.0000000E+00
  2.0799350E+02 -7.3221661E-04 -1.8596502E-03  1.3561081E-04  1.0812171E-02  0.0000000E+00
  2.0799350E+02 -1.0088281E-03 -1.8491476E-03 -8.4031810E-05  1.0610661E-02  0.0000000E+00
  2.0799350E+02 -1.3615135E-03 -1.8167112E-03 -2.6623130E-04  1.0476335E-02  0.0000000E+00
  2.0799350E+02 -1.8193526E-03 -1.7559125E-03 -4.3928816E-04  1.0411795E-02  0.0000000E+00
  2.0799350E+02 -2.4081614E-03 -1.6649265E-03 -6.2827534E-04  1.0418306E-02  0.0000000E+00
  2.0799350E+02 -3.1287478E-03 -1.5470332E-03 -8.4517334E-04  1.0496165E-02  0.0000000E+00
  2.0799350E+02 -3.9259992E-03 -1.4105980E-03 -1.0802638E-03  1.0643887E-02  0.0000000E+00
  2.0799350E+02 -4.6816154E-03 -1.2653185E-03 -1.3024724E-03  1.0858893E-02  0.0000000E+00
  2.0799350E+02 -5.2309362E-03 -1.1184018E-03 -1.4651601E-03  1.1137715E-02  0.0000000E+00
  2.0799350E+02 -5.4523648E-03 -9.6937155E-04 -1.5258144E-03  1.1474697E-02  0.0000000E+00
  2.0799350E+02 -5.4841991E-03 -8.0203593E-04 -1.4869121E-03  1.1864900E-02  0.0000000E+00
  2.0799350E+02 -6.1165555E-03 -5.7777639E-04 -1.4591143E-03  1.2305759E-02  0.0000000E+00
  2.0799350E+02 -6.5296755E-03 -4.2134368E-04 -1.6593894E-03  1.2783452E-02  0.0000000E+00
  2.0799350E+02 -6.0279603E-03 -2.6830868E-04 -1.3593471E-03  1.3291442E-02  0.0000000E+00
  2.0799350E+02 -5.4025397E-03 -9.8787529E-05 -8.3609347E-04  1.3820068E-02  0.0000000E+00
  2.0799350E+02 -4.8585288E-03  6.8312540E-05 -3.4175903E-04  1.4355795E-02  0.0000000E+00
  2.0799350E+02 -4.3996492E-03  2.1963538E-04 -1.5054241E-06  1.4887567E-02  0.0000000E+00
  2.0799350E+02 -3.9366999E-03  3.4586091E-04  1.5011873E-04  1.5402340E-02  0.0000000E+00
  2.0799350E+02 -3.3656084E-03  4.4282989E-04  1.4086749E-04  1.5891304E-02  0.0000000E+00
  2.0799350E+02 -2.6256740E-03  5.0940262E-04  2.9691500E-05  1.6346002E-02  0.0000000E+00
  2.0799350E+02 -1.7335652E-03  5.4636467E-04 -1.1276831E-04  1.6755437E-02  0.0000000E+00
  2.0799350E+02 -7.7240152E-04  5.5647083E-04 -2.2252831E-04  1.7112564E-02  0.0000000E+00
  2.0799350E+02  1.3892143E-04  5.4284960E-04 -2.5342284E-04  1.7413339E-02  0.0000000E+00
  2.0799350E+02  8.7629890E-04  5.0869188E-04 -1.8323078E-04  1.7652017E-02  0.0000000E+00
  2.0799350E+02  1.3844590E-03  4.5684119E-04 -1.9394655E-05  1.7828758E-02  0.0000000E+00
  2.0799350E+02  1.7008809E-03  3.9054659E-04  1.9516674E-04  1.7944608E-02  0.0000000E+00
  2.0799350E+02  1.9587556E-03  3.1628609E-04  3.6465491E-04  1.8001569E-02  0.0000000E+00
  2.0799350E+02  2.3235431E-03  2.4491134E-04  3.1884638E-04  1.8003787E-02  0.0000000E+00
  2.0799350E+02  2.4476083E-03  1.8520719E-04  6.2142305E-05  1.7954408E-02  0.0000000E+00
  2.0799350E+02  2.0869980E-03  1.2774549E-04  2.0443832E-04  1.7859773E-02  0.0000000E+00
  2.0799350E+02  1.8816568E-03  8.4252289E-05  3.1958257E-04  1.7723840E-02  0.0000000E+00
  2.0799350E+02  1.6944452E-03  4.6421399E-05  3.7084551E-04  1.7552212E-02  0.0000000E+00
  2.0799350E+02  1.4877729E-03  1.0474737E-05  3.6167775E-04  1.7349455E-02  0.0000000E+00
  2.0799350E+02  1.2764682E-03 -2.3839232E-05  3.1445414E-04  1.7121770E-02  0.0000000E+00
  2.0799350E+02  1.0867133E-03 -5.5281720E-05  2.5397061E-04  1.6872537E-02  0.0000000E+00
  2.0799350E+02  9.3736723E-04 -8.1496522E-05  1.9825295E-04  1.6606971E-02  0.0000000E+00
  2.0799350E+02  8.2710355E-04 -1.0033272E-04  1.5399961E-04  1.6329680E-02  0.0000000E+00
  2.0799350E+02  7.3583244E-04 -1.1046809E-04  1.1759241E-04  1.6045472E-02  0.0000000E+00
  2.0799350E+02  6.3417710E-04 -1.1191724E-04  7.9853767E-05  1.5757889E-02  0.0000000E+00
  2.0799350E+02  4.9839733E-04 -1.0604062E-04  3.3280130E-05  1.5468910E-02  0.0000000E+00
  2.0799350E+02  3.2559910E-04 -9.5296080E-05 -2.0608199E-05  1.5179985E-02  0.0000000E+00
  2.0799350E+02  1.4305867E-04 -8.2685143E-05 -6.6680819E-05  1.4892650E-02  0.0000000E+00
  2.0799350E+02  3.3373542E-08 -7.0528032E-05 -7.8864300E-05  1.4605511E-02  0.0000000E+00
  2.0799350E+02 -5.9764945E-05 -5.9119677E-05 -3.2044442E-05  1.4318662E-02  0.0000000E+00
  2.0799350E+02 -6.4990704E-05 -4.4781982E-05  6.8452071E-05  1.4035293E-02  0.0000000E+00
  2.0799350E+02 -2.4415415E-04 -4.1957863E-05 -4.6622875E-05  1.3752458E-02  0.0000000E+00
  2.0799350E+02 -2.3141228E-04 -3.6749578E-05 -6.6009531E-05  1.3472960E-02  0.0000000E+00
  2.0799350E+02 -1.5440035E-04 -2.9160414E-05 -3.7453378E-05  1.3197693E-02  0.0000000E+00
  2.0799350E+02 -9.6046250E-05 -2.1942843E-05 -9.8226468E-06  1.2925357E-02  0.0000000E+00
  2.0799350E+02 -7.5408497E-05 -1.6666906E-05  4.3417185E-06  1.2655647E-02  0.0000000E+00
  2.0799350E+02 -7.9871606E-05 -1.3793189E-05  9.3620124E-06  1.2389097E-02  0.0000000E+00
  2.0799350E+02 -8.8039929E-05 -1.2863458E-05  1.3295005E-05  1.2125474E-02  0.0000000E+00
  2.0799350E+02 -8.3801803E-05 -1.2834598E-05  2.0488164E-05  1.1865148E-02  0.0000000E+00
  2.0799350E+02 -6.2616767E-05 -1.2433874E-05  2.9145848E-05  1.1609366E-02  0.0000000E+00
  2.0799350E+02 -3.1054627E-05 -1.0537299E-05  3.2951175E-05  1.1357323E-02  0.0000000E+00
  2.0799350E+02 -1.9916485E-06 -6.4834990E-06  2.5001196E-05  1.1108906E-02  0.0000000E+00
  2.0799350E+02  1.2630331E-05 -3.0328564E-07  2.8642264E-06  1.0864539E-02  0.0000000E+00
  2.0799350E+02  9.0300769E-06  7.3434778E-06 -2.7843501E-05  1.0622566E-02  0.0000000E+00
  2.0799350E+02 -5.2235427E-06  1.5378433E-05 -5.2956369E-05  1.0382843E-02  0.0000000E+00
  2.0799350E+02 -1.5039562E-05  2.3071952E-05 -5.6031000E-05  1.0143909E-02  0.0000000E+00
  2.0799350E+02 -1.2940704E-05  3.1159546E-05 -3.3147362E-05  9.9050456E-03  0.0000000E+00
  2.0799350E+02 -2.0519273E-05  3.3694369E-05 -5.5579957E-05  9.6656185E-03  0.0000000E+00
  2.0799350E+02  2.2952112E-06  2.0203371E-05 -8.5598986E-05  9.4255811E-03  0.0000000E+00
  2.0799350E+02  2.8439022E-05  1.2310634E-05 -4.6861920E-05  9.1860465E-03  0.0000000E+00
  2.0799350E+02  3.2813919E-05  8.2952353E-06 -7.1971003E-07  8.9488650E-03  0.0000000E+00
  2.0799350E+02  1.5465490E-05  6.6974374E-06  2.8037340E-05  8.7143304E-03  0.0000000E+00
  2.0799350E+02 -1.1992654E-05  6.3891138E-06  3.5638952E-05  8.4822858E-03  0.0000000E+00
  2.0799350E+02 -3.5385696E-05  6.5234984E-06  2.8207669E-05  8.2543896E-03  0.0000000E+00
  2.0799350E+02 -4.4487582E-05  6.4920551E-06  1.4562285E-05  8.0305342E-03  0.0000000E+00
  2.0799350E+02 -3.5796980E-05  5.8922811E-06  1.8837622E-06  7.8109006E-03  0.0000000E+00
  2.0799350E+02 -1.2902470E-05  4.4926555E-06 -5.8560261E-06  7.5952972E-03  0.0000000E+00
  2.0799350E+02  1.5077743E-05  2.2298467E-06 -7.5754609E-06  7.3847075E-03  0.0000000E+00
  2.0799350E+02  3.7045363E-05 -7.9261795E-07 -3.8119587E-06  7.1792031E-03  0.0000000E+00
  2.0799350E+02  4.3990881E-05 -4.2416670E-06  4.8641317E-06  6.9797646E-03  0.0000000E+00
  2.0799350E+02  3.3462742E-05 -7.4840805E-06  1.8655009E-05  6.7865435E-03  0.0000000E+00
  2.0799350E+02  1.3436886E-05 -9.3922013E-06  3.7299535E-05  6.6012876E-03  0.0000000E+00
  2.0799350E+02  4.5503002E-06 -8.1748430E-06  5.6279189E-05  6.4237954E-03  0.0000000E+00
  2.0799350E+02  4.0322177E-05 -1.0456262E-06  5.8498784E-05  6.2539047E-03  0.0000000E+00
  2.0799350E+02  3.1151361E-05  1.8480319E-06  1.2222991E-05  6.0908626E-03  0.0000000E+00
  2.0799350E+02  7.4007031E-06  3.8884110E-06  2.2470856E-06  5.9336757E-03  0.0000000E+00
  2.0799350E+02  2.4421532E-06  7.7081951E-06  9.8969804E-06  5.7818185E-03  0.0000000E+00
  2.0799350E+02  4.2468338E-06  1.1068771E-05  1.5797515E-05  5.6341381E-03  0.0000000E+00
  2.0799350E+02  8.1059931E-06  1.2866415E-05  1.5095944E-05  5.4906504E-03  0.0000000E+00
  2.0799350E+02  1.2489935E-05  1.2826538E-05  9.9580285E-06  5.3508751E-03  0.0000000E+00
  2.0799350E+02  1.6609238E-05  1.1188151E-05  4.4724235E-06  5.2148140E-03  0.0000000E+00
  2.0799350E+02  1.9336560E-05  8.4769292E-06  1.7415148E-06  5.0828856E-03  0.0000000E+00
  2.0799350E+02  1.9155143E-05  5.3034879E-06  2.6583264E-06  4.9552143E-03  0.0000000E+00
  2.0799350E+02  1.4726459E-05  2.2472067E-06  6.0270155E-06  4.8326139E-03  0.0000000E+00
  2.0799350E+02  5.6709112E-06 -2.6751535E-07  9.5641234E-06  4.7148825E-03  0.0000000E+00
  2.0799350E+02 -6.6516904E-06 -1.9558698E-06  1.1218618E-05  4.6029123E-03  0.0000000E+00
  2.0799350E+02 -1.9134785E-05 -2.7063643E-06  1.0528373E-05  4.4965074E-03  0.0000000E+00
