i= 52     x/lambda=  .804688

 k      z/H          u            v            w            p
 1  .180472E-01  .905814E-01  .136167E-03  .457878E-01  .438654E-01
 2  .205345E-01  .234504      .393791E-03  .785517E-01  .459933E-01
 3  .231909E-01  .342853      .687652E-03  .999190E-01  .448586E-01
 4  .260269E-01  .416865      .101824E-02  .111784      .432230E-01
 5  .290533E-01  .465757      .136139E-02  .117062      .411445E-01
 6  .322816E-01  .499280      .160578E-02  .118182      .387237E-01
 7  .357239E-01  .523732      .165836E-02  .116765      .360592E-01
 8  .393927E-01  .542952      .161224E-02  .113825      .332424E-01
 9  .433008E-01  .559352      .163877E-02  .109926      .303574E-01
10  .474616E-01  .574227      .188459E-02  .105373      .274838E-01
11  .518892E-01  .588368      .242219E-02  .100421      .246909E-01
12  .565976E-01  .602312      .313016E-02  .952912E-01  .220172E-01
13  .616017E-01  .616530      .377071E-02  .900879E-01  .194807E-01
14  .669163E-01  .631428      .425239E-02  .849031E-01  .171485E-01
15  .725566E-01  .647463      .476800E-02  .799505E-01  .151223E-01
16  .785381E-01  .664717      .561338E-02  .754573E-01  .133797E-01
17  .848763E-01  .683652      .705744E-02  .714772E-01  .118164E-01
18  .915868E-01  .703306      .831198E-02  .677868E-01  .103823E-01
19  .986849E-01  .722410      .840151E-02  .641831E-01  .913065E-02
20  .106186      .741549      .731354E-02  .605565E-01  .815157E-02
21  .114105      .761621      .549209E-02  .570233E-01  .741364E-02
22  .122455      .782097      .348615E-02  .537952E-01  .667859E-02
23  .131252      .801785      .187639E-02  .509382E-01  .588583E-02
24  .140507      .820420      .846919E-03  .484730E-01  .517075E-02
25  .150232      .839096     -.181367E-03  .463689E-01  .452960E-02
26  .160438      .857750     -.832508E-03  .441046E-01  .387285E-02
27  .171134      .874245     -.744912E-03  .414916E-01  .317646E-02
28  .182327      .890386     -.658750E-03  .385131E-01  .251433E-02
29  .194022      .905917     -.507698E-03  .354466E-01  .187422E-02
30  .206224      .922208     -.285146E-04  .324430E-01  .123354E-02
31  .218932      .939087      .144543E-02  .296702E-01  .626336E-03
32  .232146      .956086      .181696E-02  .274777E-01 -.241353E-04
33  .245860      .972938      .907131E-03  .255786E-01 -.721478E-03
34  .260069      .988675     -.393016E-03  .236212E-01 -.139457E-02
35  .274760      1.00409     -.224002E-02  .218161E-01 -.200565E-02
36  .289921      1.02149     -.470498E-02  .196987E-01 -.254614E-02
37  .305535      1.03884     -.744704E-02  .171957E-01 -.298418E-02
38  .321582      1.05397     -.816584E-02  .149606E-01 -.329241E-02
39  .338037      1.06855     -.750254E-02  .129020E-01 -.351494E-02
40  .354874      1.08354     -.607305E-02  .113995E-01 -.370538E-02
41  .372063      1.09823     -.565209E-02  .990060E-02 -.387910E-02
42  .389571      1.11155     -.574390E-02  .885315E-02 -.396891E-02
43  .407361      1.12355     -.506490E-02  .772517E-02 -.399376E-02
44  .425395      1.13373     -.453567E-02  .655421E-02 -.397699E-02
45  .443631      1.14455     -.525705E-02  .551888E-02 -.386695E-02
46  .462027      1.15432     -.555190E-02  .498755E-02 -.372020E-02
47  .480539      1.16342     -.560837E-02  .458996E-02 -.360514E-02
48  .499120      1.17255     -.498160E-02  .398524E-02 -.347018E-02
49  .517725      1.18125     -.419694E-02  .371601E-02 -.335605E-02
50  .536306      1.18889     -.365769E-02  .366416E-02 -.330397E-02
51  .554817      1.19499     -.254848E-02  .353002E-02 -.327738E-02
52  .573213      1.19972     -.175064E-02  .332579E-02 -.322941E-02
53  .591450      1.20283     -.114095E-02  .296616E-02 -.312409E-02
54  .609484      1.20478     -.282203E-03  .286173E-02 -.297732E-02
55  .627274      1.20662      .745954E-04  .282968E-02 -.283196E-02
56  .644781      1.20788      .831931E-04  .269125E-02 -.272571E-02
57  .661970      1.20888      .163212E-03  .209193E-02 -.267399E-02
58  .678807      1.20953      .251824E-03  .124026E-02 -.263910E-02
59  .695263      1.20875     -.155995E-03  .557201E-03 -.260020E-02
60  .711309      1.20684     -.265452E-03  .180438E-03 -.256851E-02
61  .726923      1.20380      .176619E-03  .201456E-03 -.254030E-02
62  .742084      1.20002      .986724E-03  .507666E-03 -.250548E-02
63  .756776      1.19583      .214748E-02  .964146E-03 -.247356E-02
64  .770984      1.19082      .336215E-02  .133621E-02 -.245437E-02
65  .784699      1.18426      .420583E-02  .175515E-02 -.247257E-02
66  .797913      1.17622      .469936E-02  .212491E-02 -.254278E-02
67  .810621      1.16753      .482883E-02  .214783E-02 -.263203E-02
68  .822822      1.15878      .433773E-02  .161089E-02 -.269655E-02
69  .834518      1.14946      .343903E-02  .871470E-03 -.272663E-02
70  .845711      1.13884      .212228E-02  .363284E-03 -.274341E-02
71  .856407      1.12700      .858672E-03  .857636E-04 -.276386E-02
72  .866613      1.11419     -.265420E-03 -.842844E-04 -.278058E-02
73  .876338      1.10070     -.128652E-02 -.227667E-03 -.276964E-02
74  .885593      1.08630     -.212057E-02 -.309711E-03 -.272352E-02
75  .894389      1.07060     -.281706E-02 -.218014E-03 -.263754E-02
76  .902740      1.05349     -.321019E-02 -.833603E-05 -.252474E-02
77  .910659      1.03557     -.345474E-02  .105575E-03 -.241467E-02
78  .918160      1.01695     -.378029E-02  .146512E-03 -.231577E-02
79  .925258      .997028     -.409894E-02  .199762E-03 -.220967E-02
80  .931968      .975706     -.425026E-02  .153038E-03 -.208722E-02
81  .938306      .952801     -.410321E-02  .605979E-04 -.193396E-02
82  .944288      .927120     -.369119E-02  .414945E-04 -.174003E-02
83  .949928      .897803     -.319985E-02  .679063E-04 -.151267E-02
84  .955243      .864401     -.263690E-02  .101580E-03 -.126639E-02
85  .960247      .826444     -.200389E-02  .153799E-03 -.101304E-02
86  .964955      .783424     -.135714E-02  .214650E-03 -.762916E-03
87  .969383      .734741     -.814440E-03  .235509E-03 -.525032E-03
88  .973544      .679605     -.420640E-03  .183096E-03 -.305823E-03
89  .977452      .617044     -.177905E-03  .935135E-04 -.109402E-03
90  .981121      .546484     -.964875E-04  .247851E-04  .570463E-04
91  .984563      .468291     -.121441E-03  .379860E-05  .188610E-03
92  .987791      .384043     -.157965E-03  .150768E-04  .285419E-03
93  .990818      .296373     -.155193E-03  .286420E-04  .349625E-03
94  .993654      .208279     -.119139E-03  .249998E-04  .385054E-03
95  .996310      .122334     -.701747E-04  .955435E-05  .399670E-03
96  .998797      .401486E-01 -.218727E-04  .000000E+00  .403404E-03

 k      z/H         u'u'         v'v'         w'w'         -u'w'        p'p'
 1  .180472E-01  .146610E-02  .203673E-02  .314367E-03 -.112994E-02  .119793E-02
 2  .205345E-01  .982150E-02  .116087E-01  .857205E-03 -.263971E-02  .122710E-02
 3  .231909E-01  .181769E-01  .220464E-01  .156024E-02 -.299893E-02  .119636E-02
 4  .260269E-01  .223155E-01  .297921E-01  .254846E-02 -.238971E-02  .116279E-02
 5  .290533E-01  .238499E-01  .344093E-01  .383856E-02 -.133180E-02  .113646E-02
 6  .322816E-01  .245051E-01  .363520E-01  .534623E-02 -.874595E-04  .112086E-02
 7  .357239E-01  .249654E-01  .363100E-01  .694774E-02  .125303E-02  .111646E-02
 8  .393927E-01  .254955E-01  .350098E-01  .854601E-02  .264897E-02  .112245E-02
 9  .433008E-01  .262938E-01  .330581E-01  .100655E-01  .405341E-02  .113506E-02
10  .474616E-01  .274770E-01  .308421E-01  .114535E-01  .540245E-02  .114885E-02
11  .518892E-01  .288984E-01  .287151E-01  .126821E-01  .665401E-02  .115934E-02
12  .565976E-01  .305525E-01  .269961E-01  .136951E-01  .779080E-02  .116162E-02
13  .616017E-01  .324047E-01  .256986E-01  .144405E-01  .880397E-02  .115333E-02
14  .669163E-01  .339989E-01  .246758E-01  .148922E-01  .957161E-02  .113440E-02
15  .725566E-01  .354165E-01  .239442E-01  .149786E-01  .100870E-01  .110017E-02
16  .785381E-01  .368197E-01  .233358E-01  .148407E-01  .104321E-01  .105687E-02
17  .848763E-01  .378525E-01  .227787E-01  .145841E-01  .106265E-01  .101067E-02
18  .915868E-01  .383768E-01  .221343E-01  .142837E-01  .107413E-01  .957012E-03
19  .986849E-01  .383764E-01  .213866E-01  .139259E-01  .107028E-01  .895381E-03
20  .106186      .383161E-01  .206654E-01  .133052E-01  .104214E-01  .825387E-03
21  .114105      .379033E-01  .200924E-01  .125005E-01  .997541E-02  .755089E-03
22  .122455      .372447E-01  .191921E-01  .117717E-01  .952041E-02  .690932E-03
23  .131252      .363089E-01  .183578E-01  .110703E-01  .911243E-02  .626241E-03
24  .140507      .349519E-01  .175904E-01  .104716E-01  .874226E-02  .563939E-03
25  .150232      .336218E-01  .166966E-01  .100693E-01  .834760E-02  .508470E-03
26  .160438      .320636E-01  .157327E-01  .981591E-02  .799642E-02  .459266E-03
27  .171134      .306135E-01  .146065E-01  .960035E-02  .774816E-02  .414847E-03
28  .182327      .293784E-01  .136185E-01  .936254E-02  .745598E-02  .374185E-03
29  .194022      .282820E-01  .128231E-01  .918437E-02  .716785E-02  .339245E-03
30  .206224      .272267E-01  .120774E-01  .900832E-02  .689463E-02  .311224E-03
31  .218932      .262891E-01  .115083E-01  .873873E-02  .669110E-02  .287161E-03
32  .232146      .252076E-01  .110124E-01  .851230E-02  .661439E-02  .267409E-03
33  .245860      .242504E-01  .107607E-01  .840423E-02  .661035E-02  .249920E-03
34  .260069      .233662E-01  .103472E-01  .833393E-02  .667001E-02  .234554E-03
35  .274760      .225493E-01  .978339E-02  .823950E-02  .659604E-02  .224287E-03
36  .289921      .217411E-01  .934486E-02  .804990E-02  .628478E-02  .216428E-03
37  .305535      .209907E-01  .915323E-02  .780332E-02  .587448E-02  .209954E-03
38  .321582      .201191E-01  .871314E-02  .748858E-02  .553832E-02  .200414E-03
39  .338037      .195232E-01  .817494E-02  .728159E-02  .527697E-02  .187351E-03
40  .354874      .194197E-01  .762961E-02  .709766E-02  .502954E-02  .174667E-03
41  .372063      .190896E-01  .725318E-02  .682161E-02  .477230E-02  .162560E-03
42  .389571      .181694E-01  .694748E-02  .650710E-02  .442050E-02  .149905E-03
43  .407361      .173052E-01  .668644E-02  .611378E-02  .403100E-02  .137064E-03
44  .425395      .164306E-01  .650596E-02  .568136E-02  .369789E-02  .123698E-03
45  .443631      .154690E-01  .616214E-02  .529348E-02  .332523E-02  .110696E-03
46  .462027      .143782E-01  .570455E-02  .497547E-02  .297398E-02  .100945E-03
47  .480539      .134968E-01  .533569E-02  .469553E-02  .273095E-02  .939548E-04
48  .499120      .126346E-01  .498588E-02  .441269E-02  .244856E-02  .873960E-04
49  .517725      .118369E-01  .468781E-02  .422211E-02  .215057E-02  .815296E-04
50  .536306      .111217E-01  .452729E-02  .413331E-02  .186887E-02  .763435E-04
51  .554817      .103771E-01  .436025E-02  .400987E-02  .165739E-02  .713965E-04
52  .573213      .937411E-02  .415197E-02  .381612E-02  .147975E-02  .660932E-04
53  .591450      .860191E-02  .402609E-02  .363236E-02  .128408E-02  .602509E-04
54  .609484      .806516E-02  .396956E-02  .346311E-02  .107388E-02  .541523E-04
55  .627274      .759581E-02  .394449E-02  .330096E-02  .854435E-03  .488124E-04
56  .644781      .719396E-02  .383660E-02  .317552E-02  .635735E-03  .452689E-04
57  .661970      .681305E-02  .368199E-02  .308964E-02  .425142E-03  .435084E-04
58  .678807      .643533E-02  .347937E-02  .301304E-02  .196464E-03  .430356E-04
59  .695263      .621256E-02  .326421E-02  .295524E-02 -.518550E-04  .429101E-04
60  .711309      .602406E-02  .312331E-02  .292949E-02 -.298841E-03  .428673E-04
61  .726923      .589978E-02  .309901E-02  .292451E-02 -.543362E-03  .432590E-04
62  .742084      .588896E-02  .320455E-02  .292796E-02 -.761393E-03  .439157E-04
63  .756776      .595853E-02  .334902E-02  .292118E-02 -.944113E-03  .443417E-04
64  .770984      .617124E-02  .352855E-02  .292137E-02 -.111369E-02  .447305E-04
65  .784699      .661891E-02  .368575E-02  .296975E-02 -.131917E-02  .458760E-04
66  .797913      .717560E-02  .383135E-02  .303265E-02 -.155775E-02  .479479E-04
67  .810621      .758231E-02  .406245E-02  .309671E-02 -.177581E-02  .503415E-04
68  .822822      .799881E-02  .435709E-02  .312329E-02 -.193628E-02  .529889E-04
69  .834518      .843112E-02  .467151E-02  .310824E-02 -.208209E-02  .560671E-04
70  .845711      .890320E-02  .495967E-02  .308687E-02 -.225883E-02  .598103E-04
71  .856407      .953180E-02  .527283E-02  .309283E-02 -.239922E-02  .639240E-04
72  .866613      .104216E-01  .558696E-02  .309896E-02 -.247530E-02  .678312E-04
73  .876338      .113711E-01  .585131E-02  .309492E-02 -.253542E-02  .715444E-04
74  .885593      .124445E-01  .610490E-02  .306657E-02 -.259957E-02  .748745E-04
75  .894389      .136132E-01  .641309E-02  .301632E-02 -.267153E-02  .778176E-04
76  .902740      .149768E-01  .668872E-02  .294133E-02 -.276941E-02  .806245E-04
77  .910659      .163983E-01  .680998E-02  .284182E-02 -.290541E-02  .836102E-04
78  .918160      .176842E-01  .674731E-02  .271824E-02 -.304259E-02  .870224E-04
79  .925258      .189279E-01  .658759E-02  .257986E-02 -.312692E-02  .902463E-04
80  .931968      .203438E-01  .635171E-02  .242449E-02 -.317219E-02  .928427E-04
81  .938306      .217454E-01  .607577E-02  .224208E-02 -.319519E-02  .945899E-04
82  .944288      .232578E-01  .582587E-02  .203243E-02 -.318872E-02  .952939E-04
83  .949928      .249350E-01  .560580E-02  .179684E-02 -.313142E-02  .948911E-04
84  .955243      .267479E-01  .538628E-02  .155294E-02 -.301671E-02  .937067E-04
85  .960247      .285451E-01  .516453E-02  .131067E-02 -.285484E-02  .921038E-04
86  .964955      .301319E-01  .490759E-02  .107402E-02 -.265075E-02  .900461E-04
87  .969383      .311916E-01  .458278E-02  .846761E-03 -.239390E-02  .876278E-04
88  .973544      .314060E-01  .418592E-02  .633222E-03 -.206955E-02  .851329E-04
89  .977452      .303329E-01  .373381E-02  .442403E-03 -.168311E-02  .826683E-04
90  .981121      .276511E-01  .325131E-02  .285124E-03 -.125827E-02  .803204E-04
91  .984563      .232574E-01  .273056E-02  .165043E-03 -.839474E-03  .782411E-04
92  .987791      .174785E-01  .217057E-02  .815472E-04 -.477278E-03  .764655E-04
93  .990818      .112534E-01  .158118E-02  .319063E-04 -.213096E-03  .750361E-04
94  .993654      .579395E-02  .984557E-03  .813641E-05 -.630830E-04  .740494E-04
95  .996310      .202696E-02  .441700E-03  .718360E-06 -.740382E-05  .735837E-04
96  .998797      .218670E-03  .675193E-04  .000000E+00  .000000E+00  .736684E-04
