i= 45     x/lambda=  .695312

 k      z/H          u            v            w            p
 1 -.156006E-01  .388981E-01  .827620E-04  .189115E-01  .947040E-01
 2 -.130280E-01  .107666      .246516E-03  .331884E-01  .954267E-01
 3 -.102806E-01  .164979      .433974E-03  .427313E-01  .944384E-01
 4 -.734746E-02  .208517      .540223E-03  .479154E-01  .927095E-01
 5 -.421736E-02  .241366      .468860E-03  .500483E-01  .903635E-01
 6 -.878358E-03  .267785      .330369E-03  .503526E-01  .876067E-01
 7  .268191E-02  .290885      .223566E-03  .495079E-01  .846002E-01
 8  .647635E-02  .312159      .126156E-03  .478146E-01  .814220E-01
 9  .105183E-01  .332275      .922977E-04  .455452E-01  .781325E-01
10  .148218E-01  .352070      .237196E-03  .429996E-01  .748146E-01
11  .194010E-01  .372531      .487886E-03  .402572E-01  .715236E-01
12  .242708E-01  .393816      .845472E-03  .372343E-01  .683029E-01
13  .294464E-01  .415565      .146946E-02  .340031E-01  .652143E-01
14  .349431E-01  .438104      .226294E-02  .309613E-01  .623042E-01
15  .407767E-01  .462388      .292221E-02  .283636E-01  .595901E-01
16  .469631E-01  .488824      .287862E-02  .262153E-01  .571008E-01
17  .535185E-01  .517022      .265157E-02  .246642E-01  .547895E-01
18  .604589E-01  .546618      .265533E-02  .233556E-01  .525502E-01
19  .678003E-01  .576805      .203189E-02  .221303E-01  .503951E-01
20  .755583E-01  .607808      .112619E-02  .212271E-01  .482409E-01
21  .837483E-01  .638789      .179934E-02  .205646E-01  .460601E-01
22  .923851E-01  .668664      .379853E-02  .210297E-01  .438765E-01
23  .101483      .699908      .596110E-02  .217332E-01  .417788E-01
24  .111055      .729974      .669675E-02  .218046E-01  .397098E-01
25  .121114      .758595      .656676E-02  .216126E-01  .375702E-01
26  .131669      .783587      .545581E-02  .210569E-01  .352471E-01
27  .142732      .805877      .471674E-02  .205572E-01  .328201E-01
28  .154308      .827555      .351996E-02  .198203E-01  .303397E-01
29  .166404      .847164      .363020E-02  .188688E-01  .278088E-01
30  .179024      .866303      .435988E-02  .180164E-01  .251897E-01
31  .192168      .885842      .419296E-02  .164867E-01  .225310E-01
32  .205834      .905200      .192239E-02  .146379E-01  .199594E-01
33  .220019      .924378     -.132879E-02  .128216E-01  .175582E-01
34  .234714      .944091     -.333754E-02  .113073E-01  .153882E-01
35  .249909      .963700     -.451118E-02  .101882E-01  .134662E-01
36  .265590      .983148     -.525744E-02  .967469E-02  .118029E-01
37  .281739      1.00343     -.568396E-02  .930500E-02  .103251E-01
38  .298335      1.02189     -.507239E-02  .927579E-02  .892545E-02
39  .315354      1.03795     -.343621E-02  .964471E-02  .760983E-02
40  .332768      1.05428     -.197512E-02  .988436E-02  .643990E-02
41  .350546      1.07130     -.181504E-02  .977566E-02  .534537E-02
42  .368654      1.08826     -.363821E-02  .949210E-02  .432255E-02
43  .387053      1.10400     -.536897E-02  .873282E-02  .339947E-02
44  .405705      1.11783     -.618986E-02  .794365E-02  .255872E-02
45  .424566      1.12959     -.561224E-02  .698504E-02  .184354E-02
46  .443593      1.13904     -.498908E-02  .663430E-02  .132780E-02
47  .462739      1.14929     -.442227E-02  .650142E-02  .915080E-03
48  .481957      1.16026     -.447537E-02  .667227E-02  .495434E-03
49  .501199      1.17084     -.438060E-02  .660050E-02  .476857E-04
50  .520417      1.18028     -.370737E-02  .630847E-02 -.375340E-03
51  .539562      1.18854     -.244464E-02  .520682E-02 -.751335E-03
52  .558589      1.19446     -.654086E-03  .403531E-02 -.104962E-02
53  .577450      1.19881      .122829E-02  .313108E-02 -.124473E-02
54  .596102      1.20188      .208810E-02  .258907E-02 -.137676E-02
55  .614502      1.20393      .200836E-02  .244422E-02 -.146938E-02
56  .632609      1.20503      .166792E-02  .235733E-02 -.155320E-02
57  .650387      1.20591      .122890E-02  .250493E-02 -.167455E-02
58  .667801      1.20638      .488790E-03  .264616E-02 -.181884E-02
59  .684821      1.20631     -.226066E-03  .257550E-02 -.193890E-02
60  .701417      1.20565     -.757584E-03  .250263E-02 -.201717E-02
61  .717566      1.20427     -.901667E-03  .235986E-02 -.205331E-02
62  .733247      1.20244     -.669567E-03  .213460E-02 -.205164E-02
63  .748442      1.19966     -.328211E-03  .186692E-02 -.204732E-02
64  .763137      1.19547      .642603E-03  .152190E-02 -.207929E-02
65  .777321      1.18947      .214830E-02  .115485E-02 -.214349E-02
66  .790988      1.18140      .302846E-02  .106226E-02 -.222849E-02
67  .804132      1.17227      .301836E-02  .103602E-02 -.233528E-02
68  .816751      1.16264      .276605E-02  .823303E-03 -.245638E-02
69  .828848      1.15226      .275841E-02  .562797E-03 -.255824E-02
70  .840424      1.14137      .291483E-02  .218200E-03 -.262475E-02
71  .851486      1.13022      .316482E-02 -.201359E-03 -.267104E-02
72  .862042      1.11822      .356507E-02 -.488327E-03 -.269647E-02
73  .872100      1.10567      .386972E-02 -.691112E-03 -.268480E-02
74  .881673      1.09223      .382953E-02 -.746614E-03 -.264159E-02
75  .890770      1.07738      .314026E-02 -.578835E-03 -.259825E-02
76  .899407      1.06089      .168172E-02 -.253566E-03 -.255720E-02
77  .907597      1.04305      .244227E-03  .510538E-04 -.249472E-02
78  .915355      1.02450     -.368329E-03  .273253E-03 -.239958E-02
79  .922697      1.00475     -.347161E-03  .485616E-03 -.226688E-02
80  .929637      .982977     -.260443E-03  .652276E-03 -.209576E-02
81  .936192      .959557     -.411850E-03  .616669E-03 -.189937E-02
82  .942379      .934329     -.669889E-03  .438840E-03 -.168546E-02
83  .948212      .906267     -.979244E-03  .293838E-03 -.145383E-02
84  .953709      .874194     -.122749E-02  .250657E-03 -.120712E-02
85  .958885      .837493     -.122485E-02  .245610E-03 -.957090E-03
86  .963754      .795386     -.875252E-03  .247284E-03 -.713062E-03
87  .968334      .747061     -.367325E-03  .237657E-03 -.482334E-03
88  .972637      .691781      .644679E-04  .217777E-03 -.268059E-03
89  .976679      .628956      .315859E-03  .185420E-03 -.713620E-04
90  .980474      .558346      .390478E-03  .127027E-03  .103427E-03
91  .984034      .480126      .320474E-03  .620542E-04  .249908E-03
92  .987373      .395255      .171255E-03  .183799E-04  .362100E-03
93  .990503      .305928      .344237E-04  .179538E-05  .437312E-03
94  .993436      .215267     -.331254E-04  .130126E-05  .478514E-03
95  .996183      .126408     -.361145E-04  .209230E-05  .494534E-03
96  .998756      .414562E-01 -.127549E-04  .000000E+00  .497694E-03

 k      z/H         u'u'         v'v'         w'w'         -u'w'        p'p'
 1 -.156006E-01  .124110E-02  .255990E-02  .269424E-03 -.923540E-03  .205677E-02
 2 -.130280E-01  .796307E-02  .138043E-01  .849929E-03 -.211087E-02  .207792E-02
 3 -.102806E-01  .151655E-01  .251275E-01  .176640E-02 -.235197E-02  .203320E-02
 4 -.734746E-02  .198062E-01  .325871E-01  .308693E-02 -.170817E-02  .198014E-02
 5 -.421736E-02  .224071E-01  .363473E-01  .470418E-02 -.534290E-03  .193196E-02
 6 -.878358E-03  .240258E-01  .374671E-01  .642785E-02  .956650E-03  .189674E-02
 7  .268191E-02  .254972E-01  .369385E-01  .816638E-02  .264424E-02  .187584E-02
 8  .647635E-02  .271710E-01  .354794E-01  .990799E-02  .440375E-02  .186753E-02
 9  .105183E-01  .291378E-01  .336308E-01  .115820E-01  .613795E-02  .186489E-02
10  .148218E-01  .312382E-01  .317154E-01  .131023E-01  .781180E-02  .186191E-02
11  .194010E-01  .332538E-01  .299150E-01  .144376E-01  .940185E-02  .185737E-02
12  .242708E-01  .355311E-01  .282714E-01  .155596E-01  .108361E-01  .184403E-02
13  .294464E-01  .381868E-01  .269558E-01  .163883E-01  .120450E-01  .181417E-02
14  .349431E-01  .405085E-01  .259075E-01  .168849E-01  .130258E-01  .176863E-02
15  .407767E-01  .428293E-01  .252276E-01  .171198E-01  .137054E-01  .170880E-02
16  .469631E-01  .449209E-01  .249735E-01  .169728E-01  .141408E-01  .163728E-02
17  .535185E-01  .471831E-01  .246330E-01  .165419E-01  .143810E-01  .155584E-02
18  .604589E-01  .487364E-01  .242762E-01  .159982E-01  .143684E-01  .146771E-02
19  .678003E-01  .492974E-01  .238154E-01  .154079E-01  .140630E-01  .138729E-02
20  .755583E-01  .489237E-01  .226905E-01  .147830E-01  .135527E-01  .131639E-02
21  .837483E-01  .479541E-01  .213548E-01  .141926E-01  .129247E-01  .123624E-02
22  .923851E-01  .462310E-01  .204443E-01  .136077E-01  .120114E-01  .115096E-02
23  .101483      .442090E-01  .200146E-01  .129379E-01  .109576E-01  .103755E-02
24  .111055      .417618E-01  .195533E-01  .122250E-01  .993127E-02  .916657E-03
25  .121114      .386599E-01  .188644E-01  .116028E-01  .910401E-02  .803408E-03
26  .131669      .355052E-01  .174236E-01  .110394E-01  .851976E-02  .703543E-03
27  .142732      .328186E-01  .161100E-01  .105080E-01  .799518E-02  .613988E-03
28  .154308      .310946E-01  .150758E-01  .100449E-01  .774410E-02  .531280E-03
29  .166404      .301040E-01  .143386E-01  .976434E-02  .777586E-02  .460471E-03
30  .179024      .290965E-01  .135077E-01  .955431E-02  .781721E-02  .411972E-03
31  .192168      .283815E-01  .125219E-01  .954217E-02  .774046E-02  .377577E-03
32  .205834      .270460E-01  .118969E-01  .955591E-02  .756753E-02  .351237E-03
33  .220019      .258933E-01  .115221E-01  .934856E-02  .742756E-02  .330218E-03
34  .234714      .253977E-01  .109482E-01  .903685E-02  .725607E-02  .310151E-03
35  .249909      .244420E-01  .102221E-01  .875871E-02  .704089E-02  .290507E-03
36  .265590      .232693E-01  .990950E-02  .853318E-02  .671206E-02  .267233E-03
37  .281739      .221529E-01  .989270E-02  .816590E-02  .636556E-02  .243211E-03
38  .298335      .214996E-01  .926898E-02  .784934E-02  .620235E-02  .223638E-03
39  .315354      .211862E-01  .865424E-02  .757321E-02  .602771E-02  .205608E-03
40  .332768      .203886E-01  .841954E-02  .729845E-02  .571115E-02  .188890E-03
41  .350546      .193292E-01  .842815E-02  .701639E-02  .528942E-02  .175343E-03
42  .368654      .183516E-01  .820385E-02  .672696E-02  .489925E-02  .162527E-03
43  .387053      .177665E-01  .795213E-02  .646972E-02  .459766E-02  .150186E-03
44  .405705      .171689E-01  .755699E-02  .632953E-02  .437467E-02  .138186E-03
45  .424566      .166571E-01  .714787E-02  .605409E-02  .420018E-02  .126358E-03
46  .443593      .159338E-01  .688096E-02  .568582E-02  .398854E-02  .115448E-03
47  .462739      .148706E-01  .638849E-02  .537950E-02  .367005E-02  .106822E-03
48  .481957      .135772E-01  .591925E-02  .512607E-02  .333673E-02  .100501E-03
49  .501199      .122931E-01  .546899E-02  .498834E-02  .306812E-02  .943897E-04
50  .520417      .113002E-01  .512975E-02  .475822E-02  .280437E-02  .877533E-04
51  .539562      .105809E-01  .489157E-02  .451263E-02  .251436E-02  .809594E-04
52  .558589      .991557E-02  .464841E-02  .424442E-02  .219973E-02  .735297E-04
53  .577450      .929402E-02  .446265E-02  .394989E-02  .187986E-02  .653237E-04
54  .596102      .878595E-02  .430809E-02  .370484E-02  .155526E-02  .587563E-04
55  .614502      .831950E-02  .412568E-02  .350732E-02  .123745E-02  .546483E-04
56  .632609      .792963E-02  .390336E-02  .340118E-02  .941895E-03  .518083E-04
57  .650387      .749030E-02  .362641E-02  .336111E-02  .637710E-03  .496974E-04
58  .667801      .700498E-02  .335692E-02  .329524E-02  .339500E-03  .485451E-04
59  .684821      .660237E-02  .323055E-02  .318931E-02  .705335E-04  .474423E-04
60  .701417      .630267E-02  .313775E-02  .308064E-02 -.155451E-03  .457435E-04
61  .717566      .610073E-02  .314565E-02  .301666E-02 -.350013E-03  .437892E-04
62  .733247      .602223E-02  .313177E-02  .298765E-02 -.567253E-03  .427111E-04
63  .748442      .611169E-02  .318655E-02  .295190E-02 -.807795E-03  .433179E-04
64  .763137      .635896E-02  .340130E-02  .293526E-02 -.104692E-02  .453214E-04
65  .777321      .669842E-02  .371443E-02  .293753E-02 -.127915E-02  .478999E-04
66  .790988      .710810E-02  .402289E-02  .294364E-02 -.149657E-02  .509215E-04
67  .804132      .755470E-02  .424081E-02  .299421E-02 -.168775E-02  .541624E-04
68  .816751      .798168E-02  .440330E-02  .307653E-02 -.185777E-02  .575913E-04
69  .828848      .850585E-02  .460632E-02  .315344E-02 -.199493E-02  .613465E-04
70  .840424      .910189E-02  .485032E-02  .320564E-02 -.211370E-02  .653219E-04
71  .851486      .980152E-02  .508656E-02  .325125E-02 -.224110E-02  .695211E-04
72  .862042      .104842E-01  .530902E-02  .326639E-02 -.236252E-02  .734977E-04
73  .872100      .112315E-01  .549488E-02  .323644E-02 -.248520E-02  .768518E-04
74  .881673      .121666E-01  .574130E-02  .318648E-02 -.261926E-02  .801810E-04
75  .890770      .131640E-01  .599590E-02  .313023E-02 -.276939E-02  .844206E-04
76  .899407      .142195E-01  .615182E-02  .305019E-02 -.289890E-02  .887595E-04
77  .907597      .156201E-01  .624573E-02  .295310E-02 -.298995E-02  .915092E-04
78  .915355      .171291E-01  .626749E-02  .284845E-02 -.304882E-02  .928449E-04
79  .922697      .186206E-01  .624227E-02  .272242E-02 -.308200E-02  .940755E-04
80  .929637      .202462E-01  .626575E-02  .255775E-02 -.312796E-02  .955634E-04
81  .936192      .219546E-01  .627655E-02  .236186E-02 -.317074E-02  .973025E-04
82  .942379      .238395E-01  .620840E-02  .214069E-02 -.319247E-02  .988993E-04
83  .948212      .256814E-01  .606549E-02  .189221E-02 -.318652E-02  .998894E-04
84  .953709      .272533E-01  .583304E-02  .162760E-02 -.313327E-02  .100222E-03
85  .958885      .287035E-01  .545867E-02  .136889E-02 -.302053E-02  .100090E-03
86  .963754      .299477E-01  .500065E-02  .112296E-02 -.283814E-02  .993037E-04
87  .968334      .307927E-01  .455362E-02  .894644E-03 -.257983E-02  .975127E-04
88  .972637      .309391E-01  .412081E-02  .686707E-03 -.224811E-02  .949495E-04
89  .976679      .300885E-01  .370219E-02  .497071E-03 -.185191E-02  .919459E-04
90  .980474      .278956E-01  .326404E-02  .330535E-03 -.140742E-02  .888465E-04
91  .984034      .240397E-01  .278446E-02  .196187E-03 -.954449E-03  .859770E-04
92  .987373      .185830E-01  .224907E-02  .986439E-04 -.549634E-03  .835307E-04
93  .990503      .122996E-01  .165479E-02  .386196E-04 -.246920E-03  .815931E-04
94  .993436      .645241E-02  .103557E-02  .984427E-05 -.738351E-04  .802354E-04
95  .996183      .227407E-02  .465894E-03  .881667E-06 -.894932E-05  .795549E-04
96  .998756      .246505E-03  .715728E-04  .000000E+00  .000000E+00  .795725E-04
