i= 32     x/lambda=  .492188

 k      z/H          u            v            w            p
 1 -.486554E-01 -.236259E-01  .436171E-03  .614749E-03  .274797E-01
 2 -.459991E-01 -.541187E-01  .132523E-02  .701769E-03  .273418E-01
 3 -.431622E-01 -.687963E-01  .224863E-02  .693531E-04  .267744E-01
 4 -.401336E-01 -.703742E-01  .323110E-02 -.132564E-02  .257615E-01
 5 -.369017E-01 -.625946E-01  .432846E-02 -.341762E-02  .244005E-01
 6 -.334540E-01 -.485111E-01  .556765E-02 -.615178E-02  .228200E-01
 7 -.297778E-01 -.304030E-01  .697505E-02 -.946431E-02  .211293E-01
 8 -.258599E-01 -.949201E-02  .840258E-02 -.132382E-01  .194114E-01
 9 -.216864E-01  .141036E-01  .947502E-02 -.173403E-01  .177302E-01
10 -.172428E-01  .400773E-01  .986574E-02 -.217060E-01  .161384E-01
11 -.125146E-01  .679725E-01  .948966E-02 -.263145E-01  .146861E-01
12 -.748625E-02  .978817E-01  .912146E-02 -.309769E-01  .134122E-01
13 -.214229E-02  .130226      .917992E-02 -.354678E-01  .123351E-01
14  .353331E-02  .165832      .884405E-02 -.396434E-01  .114534E-01
15  .955678E-02  .205448      .740621E-02 -.436184E-01  .107688E-01
16  .159446E-01  .248468      .557268E-02 -.472248E-01  .102939E-01
17  .227134E-01  .295947      .406210E-02 -.500396E-01  .100727E-01
18  .298796E-01  .348743      .365227E-02 -.519661E-01  .102130E-01
19  .374599E-01  .405404      .440726E-02 -.530100E-01  .106697E-01
20  .454704E-01  .465035      .330297E-02 -.529637E-01  .113842E-01
21  .539270E-01  .524858      .121594E-02 -.511725E-01  .123867E-01
22  .628450E-01  .582571      .550991E-03 -.477916E-01  .135422E-01
23  .722389E-01  .634541      .680391E-03 -.435029E-01  .147165E-01
24  .821225E-01  .681394      .102661E-02 -.395847E-01  .155537E-01
25  .925083E-01  .720142      .887776E-03 -.359644E-01  .160876E-01
26  .103408      .752441      .181907E-02 -.324081E-01  .163872E-01
27  .114830      .778753      .435199E-02 -.300231E-01  .163071E-01
28  .126783      .800163      .482627E-02 -.279996E-01  .159368E-01
29  .139273      .818863      .314067E-02 -.264593E-01  .153062E-01
30  .152304      .835635      .220125E-02 -.248654E-01  .143912E-01
31  .165875      .852541      .328181E-02 -.231118E-01  .133796E-01
32  .179986      .871573      .456932E-02 -.207270E-01  .124342E-01
33  .194633      .892390      .578225E-02 -.186474E-01  .115385E-01
34  .209806      .913238      .572150E-02 -.171442E-01  .106171E-01
35  .225496      .934297      .528979E-02 -.156084E-01  .969512E-02
36  .241687      .954488      .539989E-02 -.140336E-01  .879250E-02
37  .258361      .975804      .746303E-02 -.124089E-01  .792059E-02
38  .275498      .997405      .907635E-02 -.109821E-01  .708864E-02
39  .293071      1.01824      .835478E-02 -.975515E-02  .632931E-02
40  .311052      1.03859      .601376E-02 -.935884E-02  .557614E-02
41  .329409      1.05754      .323253E-02 -.839628E-02  .485869E-02
42  .348105      1.07422      .179717E-02 -.694268E-02  .407427E-02
43  .367104      1.09002      .114514E-02 -.544238E-02  .324043E-02
44  .386363      1.10469     -.483591E-03 -.475830E-02  .246294E-02
45  .405838      1.11779     -.306383E-02 -.440416E-02  .182674E-02
46  .425484      1.13043     -.500378E-02 -.381231E-02  .128932E-02
47  .445253      1.14226     -.520118E-02 -.356529E-02  .807561E-03
48  .465096      1.15348     -.516354E-02 -.298427E-02  .377718E-03
49  .484964      1.16370     -.607059E-02 -.262034E-02 -.128320E-04
50  .504808      1.17251     -.666581E-02 -.284750E-02 -.336161E-03
51  .524577      1.18022     -.640304E-02 -.296818E-02 -.569615E-03
52  .544222      1.18674     -.560322E-02 -.255028E-02 -.737766E-03
53  .563698      1.19215     -.446740E-02 -.193611E-02 -.875876E-03
54  .582956      1.19661     -.333998E-02 -.145170E-02 -.982741E-03
55  .601955      1.20006     -.271144E-02 -.980442E-03 -.106836E-02
56  .620652      1.20300     -.253694E-02 -.699005E-03 -.116354E-02
57  .639008      1.20527     -.246859E-02 -.697748E-03 -.127576E-02
58  .656989      1.20616     -.194315E-02 -.868049E-03 -.139462E-02
59  .674562      1.20600     -.897860E-03 -.111591E-02 -.151362E-02
60  .691699      1.20529     -.198492E-03 -.114264E-02 -.161646E-02
61  .708373      1.20424     -.122928E-03 -.938871E-03 -.171058E-02
62  .724565      1.20268      .347544E-04 -.713482E-03 -.181349E-02
63  .740254      1.20023      .470486E-03 -.469885E-03 -.191262E-02
64  .755428      1.19674      .130882E-02 -.409312E-03 -.200640E-02
65  .770074      1.19229      .250876E-02 -.531088E-03 -.208779E-02
66  .784185      1.18626      .356743E-02 -.650799E-03 -.215314E-02
67  .797757      1.17810      .357011E-02 -.491133E-03 -.223051E-02
68  .810787      1.16829      .278664E-02 -.132166E-03 -.232431E-02
69  .823277      1.15827      .218931E-02  .263239E-03 -.241051E-02
70  .835230      1.14763      .184748E-02  .733397E-03 -.249148E-02
71  .846653      1.13598      .149364E-02  .106031E-02 -.258219E-02
72  .857552      1.12338      .989531E-03  .119444E-02 -.268240E-02
73  .867938      1.11012      .543432E-03  .121481E-02 -.278415E-02
74  .877821      1.09619     -.629646E-04  .112140E-02 -.287650E-02
75  .887215      1.08117     -.610894E-03  .108903E-02 -.294230E-02
76  .896133      1.06488     -.981068E-03  .116605E-02 -.295802E-02
77  .904590      1.04767     -.120106E-02  .123073E-02 -.292409E-02
78  .912600      1.03008     -.118584E-02  .119240E-02 -.283730E-02
79  .920181      1.01191     -.109975E-02  .100804E-02 -.270588E-02
80  .927347      .992344     -.122582E-02  .662292E-03 -.253540E-02
81  .934116      .970836     -.142601E-02  .172695E-03 -.231834E-02
82  .940503      .946483     -.144820E-02 -.263659E-03 -.205726E-02
83  .946527      .918598     -.119411E-02 -.509858E-03 -.177045E-02
84  .952203      .886722     -.860398E-03 -.570477E-03 -.147342E-02
85  .957546      .850421     -.624771E-03 -.508793E-03 -.117883E-02
86  .962575      .808646     -.514634E-03 -.322180E-03 -.896239E-03
87  .967303      .760412     -.448701E-03 -.709007E-04 -.633531E-03
88  .971747      .705225     -.317820E-03  .106771E-03 -.397176E-03
89  .975920      .642463     -.986549E-04  .157546E-03 -.188764E-03
90  .979838      .571501      .101406E-03  .124373E-03 -.100529E-04
91  .983514      .492178      .187336E-03  .867964E-04  .134555E-03
92  .986962      .405593      .172014E-03  .702024E-04  .241209E-03
93  .990194      .314249      .133530E-03  .578723E-04  .310842E-03
94  .993222      .221383      .110561E-03  .390556E-04  .348894E-03
95  .996059      .130125      .812145E-04  .156450E-04  .364048E-03
96  .998716      .426777E-01  .302715E-04  .000000E+00  .367683E-03

 k      z/H         u'u'         v'v'         w'w'         -u'w'        p'p'
 1 -.486554E-01  .777802E-03  .875040E-03  .334281E-04  .419706E-04  .963061E-03
 2 -.459991E-01  .438579E-02  .510667E-02  .322271E-03  .298166E-03  .955171E-03
 3 -.431622E-01  .842760E-02  .975707E-02  .104377E-02  .896489E-03  .959305E-03
 4 -.401336E-01  .119260E-01  .133094E-01  .215776E-02  .180575E-02  .978861E-03
 5 -.369017E-01  .149747E-01  .156038E-01  .354403E-02  .293596E-02  .101418E-02
 6 -.334540E-01  .178336E-01  .169166E-01  .510824E-02  .422704E-02  .106329E-02
 7 -.297778E-01  .205129E-01  .175813E-01  .679601E-02  .561395E-02  .112540E-02
 8 -.258599E-01  .230041E-01  .178977E-01  .852967E-02  .707466E-02  .120017E-02
 9 -.216864E-01  .257824E-01  .181554E-01  .102460E-01  .865601E-02  .128118E-02
10 -.172428E-01  .291729E-01  .184491E-01  .118924E-01  .103131E-01  .136118E-02
11 -.125146E-01  .328076E-01  .188699E-01  .134141E-01  .119420E-01  .143927E-02
12 -.748625E-02  .366178E-01  .195485E-01  .147983E-01  .135001E-01  .151476E-02
13 -.214229E-02  .405054E-01  .206563E-01  .160406E-01  .148993E-01  .159121E-02
14  .353331E-02  .442400E-01  .219650E-01  .170059E-01  .161603E-01  .166193E-02
15  .955678E-02  .481282E-01  .231459E-01  .177270E-01  .172604E-01  .173112E-02
16  .159446E-01  .519065E-01  .241204E-01  .181645E-01  .180964E-01  .180109E-02
17  .227134E-01  .554193E-01  .249317E-01  .181798E-01  .186277E-01  .185480E-02
18  .298796E-01  .589007E-01  .255067E-01  .178008E-01  .187678E-01  .188472E-02
19  .374599E-01  .614746E-01  .253415E-01  .171201E-01  .183197E-01  .188022E-02
20  .454704E-01  .631130E-01  .244965E-01  .162473E-01  .173147E-01  .183027E-02
21  .539270E-01  .624216E-01  .231731E-01  .149941E-01  .160084E-01  .173384E-02
22  .628450E-01  .588581E-01  .215487E-01  .135382E-01  .144520E-01  .157997E-02
23  .722389E-01  .548965E-01  .202063E-01  .124221E-01  .126613E-01  .138535E-02
24  .821225E-01  .494242E-01  .191244E-01  .116715E-01  .109998E-01  .118837E-02
25  .925083E-01  .432753E-01  .179807E-01  .109799E-01  .951992E-02  .988247E-03
26  .103408      .376600E-01  .168898E-01  .104625E-01  .857840E-02  .809319E-03
27  .114830      .338245E-01  .160126E-01  .101524E-01  .806338E-02  .669535E-03
28  .126783      .312666E-01  .150683E-01  .999487E-02  .785050E-02  .570076E-03
29  .139273      .295178E-01  .140649E-01  .100039E-01  .765375E-02  .500472E-03
30  .152304      .289498E-01  .132240E-01  .997782E-02  .747537E-02  .447547E-03
31  .165875      .283745E-01  .129813E-01  .983598E-02  .719742E-02  .410235E-03
32  .179986      .277788E-01  .131245E-01  .961362E-02  .706721E-02  .381136E-03
33  .194633      .271920E-01  .131557E-01  .928812E-02  .700461E-02  .350738E-03
34  .209806      .264028E-01  .129513E-01  .899302E-02  .678807E-02  .315821E-03
35  .225496      .255385E-01  .125217E-01  .873796E-02  .657443E-02  .286571E-03
36  .241687      .250034E-01  .118747E-01  .849116E-02  .621201E-02  .268205E-03
37  .258361      .239823E-01  .113212E-01  .825239E-02  .580195E-02  .256956E-03
38  .275498      .226510E-01  .107490E-01  .793320E-02  .558956E-02  .244082E-03
39  .293071      .216686E-01  .103710E-01  .763260E-02  .558390E-02  .229137E-03
40  .311052      .204530E-01  .965841E-02  .730934E-02  .530044E-02  .212423E-03
41  .329409      .192233E-01  .910186E-02  .695777E-02  .495890E-02  .192424E-03
42  .348105      .183887E-01  .840151E-02  .671285E-02  .466964E-02  .175809E-03
43  .367104      .177118E-01  .749712E-02  .656588E-02  .441781E-02  .164061E-03
44  .386363      .168851E-01  .675978E-02  .635365E-02  .418187E-02  .154246E-03
45  .405838      .160435E-01  .628247E-02  .602972E-02  .398627E-02  .144171E-03
46  .425484      .151810E-01  .597065E-02  .578873E-02  .379466E-02  .134712E-03
47  .445253      .145918E-01  .580242E-02  .548814E-02  .360642E-02  .126082E-03
48  .465096      .137860E-01  .564757E-02  .523344E-02  .341045E-02  .117179E-03
49  .484964      .130170E-01  .524962E-02  .499976E-02  .310004E-02  .108883E-03
50  .504808      .125002E-01  .489106E-02  .474916E-02  .272144E-02  .100052E-03
51  .524577      .120343E-01  .463170E-02  .449710E-02  .236506E-02  .910157E-04
52  .544222      .112577E-01  .436650E-02  .425084E-02  .203760E-02  .827441E-04
53  .563698      .103933E-01  .409758E-02  .403126E-02  .180307E-02  .740805E-04
54  .582956      .966678E-02  .384395E-02  .384180E-02  .160943E-02  .657336E-04
55  .601955      .897681E-02  .360139E-02  .367605E-02  .135012E-02  .591728E-04
56  .620652      .830608E-02  .342417E-02  .350313E-02  .103361E-02  .551621E-04
57  .639008      .773971E-02  .338599E-02  .332659E-02  .726297E-03  .528368E-04
58  .656989      .724781E-02  .338376E-02  .320024E-02  .445388E-03  .511265E-04
59  .674562      .673505E-02  .333582E-02  .315198E-02  .160887E-03  .495517E-04
60  .691699      .624834E-02  .325137E-02  .309090E-02 -.120738E-03  .482996E-04
61  .708373      .593244E-02  .317942E-02  .304378E-02 -.347718E-03  .473291E-04
62  .724565      .575318E-02  .314117E-02  .300934E-02 -.582310E-03  .469796E-04
63  .740254      .563558E-02  .321314E-02  .296492E-02 -.804010E-03  .473229E-04
64  .755428      .579008E-02  .335261E-02  .295573E-02 -.980201E-03  .482728E-04
65  .770074      .609641E-02  .352694E-02  .295086E-02 -.115588E-02  .500686E-04
66  .784185      .645343E-02  .373295E-02  .295638E-02 -.137105E-02  .525206E-04
67  .797757      .695905E-02  .400154E-02  .300204E-02 -.163211E-02  .553763E-04
68  .810787      .765939E-02  .429420E-02  .303880E-02 -.189172E-02  .584820E-04
69  .823277      .836651E-02  .461195E-02  .306049E-02 -.209327E-02  .616485E-04
70  .835230      .894518E-02  .497539E-02  .308808E-02 -.225476E-02  .643725E-04
71  .846653      .966344E-02  .532409E-02  .314011E-02 -.241247E-02  .674081E-04
72  .857552      .104590E-01  .561310E-02  .319560E-02 -.256688E-02  .712891E-04
73  .867938      .112547E-01  .579101E-02  .323475E-02 -.268701E-02  .760090E-04
74  .877821      .121592E-01  .583919E-02  .326595E-02 -.281537E-02  .815932E-04
75  .887215      .130043E-01  .586842E-02  .326872E-02 -.296723E-02  .870967E-04
76  .896133      .139252E-01  .599547E-02  .324615E-02 -.309643E-02  .915034E-04
77  .904590      .151890E-01  .612972E-02  .318831E-02 -.320325E-02  .947246E-04
78  .912600      .164690E-01  .619030E-02  .307670E-02 -.327238E-02  .966101E-04
79  .920181      .177423E-01  .615295E-02  .293741E-02 -.331940E-02  .974530E-04
80  .927347      .191669E-01  .599810E-02  .275394E-02 -.335504E-02  .978449E-04
81  .934116      .208816E-01  .578471E-02  .252898E-02 -.336344E-02  .982715E-04
82  .940503      .227630E-01  .560879E-02  .227476E-02 -.333069E-02  .986025E-04
83  .946527      .247613E-01  .553711E-02  .200246E-02 -.326500E-02  .984208E-04
84  .952203      .267304E-01  .547484E-02  .171739E-02 -.315975E-02  .971682E-04
85  .957546      .286188E-01  .535140E-02  .143769E-02 -.300500E-02  .948962E-04
86  .962575      .302651E-01  .517201E-02  .117324E-02 -.280370E-02  .923098E-04
87  .967303      .314230E-01  .490188E-02  .926754E-03 -.255007E-02  .898650E-04
88  .971747      .317310E-01  .448102E-02  .699001E-03 -.223407E-02  .874573E-04
89  .975920      .308561E-01  .394403E-02  .493487E-03 -.184122E-02  .847421E-04
90  .979838      .285117E-01  .336944E-02  .320427E-03 -.139169E-02  .817993E-04
91  .983514      .243776E-01  .279418E-02  .187053E-03 -.938420E-03  .790483E-04
92  .986962      .186813E-01  .221387E-02  .938444E-04 -.536488E-03  .767552E-04
93  .990194      .123046E-01  .161820E-02  .372119E-04 -.238604E-03  .749749E-04
94  .993222      .645760E-02  .101484E-02  .959093E-05 -.701342E-04  .737535E-04
95  .996059      .228013E-02  .457825E-03  .871319E-06 -.824801E-05  .731524E-04
96  .998716      .247706E-03  .705847E-04  .000000E+00  .000000E+00  .731722E-04
