i=  7     x/lambda=  .101562

 k      z/H          u            v            w            p
 1  .413346E-01  .759908E-02  .191235E-03 -.469028E-02 -.585024E-01
 2  .437629E-01  .380796E-01  .535470E-03 -.102162E-01 -.587804E-01
 3  .463563E-01  .878192E-01  .799158E-03 -.163652E-01 -.588145E-01
 4  .491250E-01  .158376      .933676E-03 -.224447E-01 -.588526E-01
 5  .520796E-01  .247549      .866926E-03 -.276009E-01 -.588983E-01
 6  .552314E-01  .348751      .510901E-03 -.311490E-01 -.589470E-01
 7  .585921E-01  .452024     -.921639E-04 -.328790E-01 -.589970E-01
 8  .621738E-01  .546868     -.687252E-03 -.330880E-01 -.590575E-01
 9  .659892E-01  .625857     -.994918E-03 -.322659E-01 -.591351E-01
10  .700514E-01  .686757     -.924731E-03 -.308370E-01 -.592242E-01
11  .743740E-01  .731397     -.592112E-03 -.290762E-01 -.593213E-01
12  .789708E-01  .763252     -.101024E-03 -.271530E-01 -.594210E-01
13  .838561E-01  .785846      .628522E-03 -.252810E-01 -.595052E-01
14  .890447E-01  .802083      .169601E-02 -.236739E-01 -.595354E-01
15  .945513E-01  .814055      .284144E-02 -.223431E-01 -.594635E-01
16  .100391      .823331      .388355E-02 -.210308E-01 -.592378E-01
17  .106579      .831432      .511890E-02 -.196923E-01 -.588221E-01
18  .113130      .838725      .626497E-02 -.182905E-01 -.581917E-01
19  .120060      .846092      .675052E-02 -.166957E-01 -.573164E-01
20  .127383      .854262      .660156E-02 -.149803E-01 -.561935E-01
21  .135114      .863238      .603057E-02 -.132859E-01 -.548790E-01
22  .143267      .873715      .532956E-02 -.121291E-01 -.534078E-01
23  .151854      .884338      .512277E-02 -.112389E-01 -.517705E-01
24  .160890      .896328      .518522E-02 -.105664E-01 -.500114E-01
25  .170384      .909034      .479223E-02 -.970857E-02 -.481448E-01
26  .180348      .921988      .342286E-02 -.907081E-02 -.461286E-01
27  .190790      .933997      .244843E-02 -.842677E-02 -.439268E-01
28  .201718      .945893      .169406E-02 -.806150E-02 -.416601E-01
29  .213136      .957937      .135424E-02 -.758184E-02 -.394828E-01
30  .225048      .971012      .174544E-02 -.666238E-02 -.373343E-01
31  .237455      .984970      .194714E-02 -.578458E-02 -.351915E-01
32  .250356      .999578      .211415E-02 -.562217E-02 -.331065E-01
33  .263745      1.01477      .253770E-02 -.490147E-02 -.310739E-01
34  .277616      1.03096      .316664E-02 -.403366E-02 -.290994E-01
35  .291959      1.04590      .329054E-02 -.335693E-02 -.272042E-01
36  .306761      1.05947      .307632E-02 -.277486E-02 -.253306E-01
37  .322005      1.07266      .386883E-02 -.212778E-02 -.234722E-01
38  .337671      1.08551      .490786E-02 -.139984E-02 -.217080E-01
39  .353736      1.09779      .406441E-02 -.600148E-03 -.200991E-01
40  .370174      1.10922      .185946E-02 -.163658E-03 -.186355E-01
41  .386955      1.11977     -.775177E-03  .111317E-03 -.172532E-01
42  .404047      1.12958     -.291895E-02  .596251E-03 -.159474E-01
43  .421416      1.13985     -.424124E-02  .950086E-03 -.147598E-01
44  .439022      1.14952     -.420622E-02  .648110E-03 -.136834E-01
45  .456826      1.15802     -.355814E-02 -.116191E-03 -.126687E-01
46  .474786      1.16625     -.311301E-02 -.182074E-03 -.117160E-01
47  .492858      1.17428     -.324237E-02  .274376E-03 -.108909E-01
48  .510999      1.18220     -.364618E-02  .265614E-03 -.101715E-01
49  .529162      1.18881     -.356759E-02 -.276277E-03 -.947848E-02
50  .547302      1.19419     -.291962E-02 -.668519E-03 -.880776E-02
51  .565375      1.19875     -.208870E-02 -.610397E-03 -.819368E-02
52  .583335      1.20233     -.868917E-03 -.511270E-03 -.761399E-02
53  .601139      1.20493      .271641E-03 -.287561E-03 -.703531E-02
54  .618745      1.20651      .792207E-03  .238008E-03 -.647240E-02
55  .636113      1.20802      .802794E-03  .709582E-03 -.597874E-02
56  .653205      1.20941      .592218E-03  .512020E-03 -.559264E-02
57  .669987      1.20978      .438385E-03 -.855749E-04 -.528080E-02
58  .686425      1.20933     -.222411E-04 -.650044E-03 -.500199E-02
59  .702490      1.20821     -.858150E-04 -.943702E-03 -.473117E-02
60  .718156      1.20648      .481523E-03 -.982964E-03 -.447535E-02
61  .733399      1.20419      .110588E-02 -.791830E-03 -.426498E-02
62  .748201      1.20148      .134277E-02 -.726301E-03 -.411724E-02
63  .762544      1.19742      .166267E-02 -.737756E-03 -.402141E-02
64  .776415      1.19153      .236806E-02 -.735861E-03 -.396134E-02
65  .789805      1.18384      .289368E-02 -.685319E-03 -.392009E-02
66  .802705      1.17495      .285525E-02 -.586034E-03 -.389103E-02
67  .815112      1.16508      .268422E-02 -.284207E-03 -.388050E-02
68  .827024      1.15425      .253117E-02  .207166E-04 -.389645E-02
69  .838443      1.14344      .245662E-02  .104200E-03 -.392691E-02
70  .849370      1.13284      .249733E-02  .681029E-04 -.395108E-02
71  .859812      1.12174      .252257E-02  .151722E-04 -.395107E-02
72  .869776      1.10981      .248045E-02 -.790186E-04 -.392075E-02
73  .879271      1.09648      .206131E-02 -.166792E-03 -.387272E-02
74  .888306      1.08219      .131762E-02 -.458808E-03 -.381984E-02
75  .896894      1.06732      .517413E-03 -.801178E-03 -.375031E-02
76  .905047      1.05144      .107313E-04 -.893956E-03 -.365226E-02
77  .912777      1.03417     -.157341E-03 -.796461E-03 -.352091E-02
78  .920101      1.01566     -.217131E-03 -.715283E-03 -.335840E-02
79  .927030      .995631     -.191866E-03 -.615913E-03 -.316559E-02
80  .933582      .973305     -.110356E-03 -.464673E-03 -.293892E-02
81  .939769      .948763     -.120195E-03 -.365867E-03 -.268333E-02
82  .945609      .921953     -.316687E-03 -.339673E-03 -.240547E-02
83  .951116      .892027     -.582025E-03 -.260809E-03 -.211064E-02
84  .956304      .858350     -.816952E-03 -.125630E-03 -.180933E-02
85  .961190      .820538     -.101628E-02 -.248670E-04 -.151674E-02
86  .965786      .777731     -.112417E-02  .307958E-04 -.124068E-02
87  .970109      .728666     -.106220E-02  .976449E-04 -.986536E-03
88  .974171      .672489     -.867499E-03  .172420E-03 -.760324E-03
89  .977987      .608910     -.675705E-03  .218227E-03 -.565068E-03
90  .981568      .537970     -.572680E-03  .226882E-03 -.401876E-03
91  .984929      .460342     -.523794E-03  .198906E-03 -.272929E-03
92  .988081      .377467     -.458262E-03  .146212E-03 -.178539E-03
93  .991035      .291455     -.347694E-03  .932986E-04 -.116440E-03
94  .993804      .204909     -.220511E-03  .479838E-04 -.816191E-04
95  .996397      .120322     -.113537E-03  .134938E-04 -.665783E-04
96  .998826      .394247E-01 -.337247E-04  .000000E+00 -.620125E-04

 k      z/H         u'u'         v'v'         w'w'         -u'w'        p'p'
 1  .413346E-01  .212406E-03  .152480E-03  .311932E-04  .154808E-03  .344069E-03
 2  .437629E-01  .193251E-02  .905436E-03  .127995E-03  .613420E-03  .346002E-03
 3  .463563E-01  .593544E-02  .193781E-02  .304321E-03  .140608E-02  .349005E-03
 4  .491250E-01  .127089E-01  .311774E-02  .562307E-03  .246837E-02  .354935E-03
 5  .520796E-01  .214197E-01  .450372E-02  .890654E-03  .358811E-02  .363139E-03
 6  .552314E-01  .298745E-01  .621061E-02  .127964E-02  .450920E-02  .372127E-03
 7  .585921E-01  .359110E-01  .825616E-02  .173984E-02  .506551E-02  .380067E-03
 8  .621738E-01  .386080E-01  .104805E-01  .230971E-02  .523377E-02  .385730E-03
 9  .659892E-01  .383222E-01  .126649E-01  .301473E-02  .510237E-02  .388587E-03
10  .700514E-01  .362279E-01  .146238E-01  .384861E-02  .484764E-02  .388464E-03
11  .743740E-01  .335745E-01  .160931E-01  .479442E-02  .463638E-02  .386443E-03
12  .789708E-01  .314429E-01  .168971E-01  .581624E-02  .455855E-02  .384728E-03
13  .838561E-01  .301148E-01  .171767E-01  .687398E-02  .465161E-02  .384992E-03
14  .890447E-01  .293391E-01  .172002E-01  .792248E-02  .491349E-02  .387261E-03
15  .945513E-01  .290220E-01  .170839E-01  .889218E-02  .533554E-02  .389720E-03
16  .100391      .289344E-01  .168535E-01  .971979E-02  .589457E-02  .389002E-03
17  .106579      .289368E-01  .165491E-01  .104147E-01  .651966E-02  .384927E-03
18  .113130      .294191E-01  .162583E-01  .109360E-01  .712268E-02  .379469E-03
19  .120060      .300604E-01  .159695E-01  .112345E-01  .767891E-02  .373024E-03
20  .127383      .305969E-01  .157204E-01  .113637E-01  .816468E-02  .365033E-03
21  .135114      .310673E-01  .154551E-01  .114230E-01  .847887E-02  .355698E-03
22  .143267      .311912E-01  .151682E-01  .113730E-01  .861920E-02  .345920E-03
23  .151854      .311208E-01  .146996E-01  .112263E-01  .863531E-02  .337491E-03
24  .160890      .308162E-01  .140737E-01  .109905E-01  .851159E-02  .329964E-03
25  .170384      .301611E-01  .136794E-01  .107498E-01  .832504E-02  .319523E-03
26  .180348      .293656E-01  .133838E-01  .104045E-01  .811039E-02  .303404E-03
27  .190790      .287627E-01  .130185E-01  .998016E-02  .783227E-02  .281451E-03
28  .201718      .281281E-01  .126708E-01  .954973E-02  .745472E-02  .262543E-03
29  .213136      .273131E-01  .121480E-01  .914634E-02  .707623E-02  .251244E-03
30  .225048      .261318E-01  .119298E-01  .877463E-02  .685081E-02  .242110E-03
31  .237455      .255707E-01  .118833E-01  .843614E-02  .676604E-02  .228733E-03
32  .250356      .251434E-01  .115516E-01  .818586E-02  .663466E-02  .214663E-03
33  .263745      .243247E-01  .109108E-01  .807980E-02  .642458E-02  .203489E-03
34  .277616      .227002E-01  .106582E-01  .797196E-02  .620392E-02  .192511E-03
35  .291959      .216095E-01  .105067E-01  .774694E-02  .593458E-02  .181136E-03
36  .306761      .206569E-01  .100990E-01  .738859E-02  .558854E-02  .171264E-03
37  .322005      .195880E-01  .958584E-02  .700575E-02  .528213E-02  .163056E-03
38  .337671      .185171E-01  .919561E-02  .669619E-02  .500771E-02  .154311E-03
39  .353736      .177508E-01  .877760E-02  .651067E-02  .477769E-02  .142654E-03
40  .370174      .174519E-01  .828451E-02  .635423E-02  .456674E-02  .130814E-03
41  .386955      .169686E-01  .779316E-02  .619956E-02  .429211E-02  .121322E-03
42  .404047      .161864E-01  .737874E-02  .595508E-02  .403286E-02  .114829E-03
43  .421416      .155360E-01  .696290E-02  .572196E-02  .382890E-02  .112603E-03
44  .439022      .148122E-01  .652122E-02  .554563E-02  .368269E-02  .111276E-03
45  .456826      .141407E-01  .618254E-02  .530526E-02  .345456E-02  .107392E-03
46  .474786      .135827E-01  .568001E-02  .505631E-02  .328727E-02  .102620E-03
47  .492858      .130964E-01  .535849E-02  .488964E-02  .317047E-02  .976561E-04
48  .510999      .125714E-01  .503308E-02  .471402E-02  .302926E-02  .925153E-04
49  .529162      .117249E-01  .490771E-02  .446292E-02  .273200E-02  .848859E-04
50  .547302      .110521E-01  .477950E-02  .423392E-02  .237577E-02  .749327E-04
51  .565375      .104786E-01  .451678E-02  .408995E-02  .208042E-02  .658648E-04
52  .583335      .988738E-02  .422014E-02  .396609E-02  .179053E-02  .588549E-04
53  .601139      .920316E-02  .394662E-02  .381477E-02  .148820E-02  .533160E-04
54  .618745      .856582E-02  .375134E-02  .365547E-02  .120341E-02  .493145E-04
55  .636113      .787032E-02  .362859E-02  .353362E-02  .923380E-03  .467101E-04
56  .653205      .731897E-02  .351445E-02  .345898E-02  .626403E-03  .451969E-04
57  .669987      .692326E-02  .335251E-02  .333980E-02  .336321E-03  .446563E-04
58  .686425      .649643E-02  .323162E-02  .317409E-02  .767370E-04  .443648E-04
59  .702490      .607399E-02  .323339E-02  .300849E-02 -.183594E-03  .438966E-04
60  .718156      .583128E-02  .320011E-02  .289794E-02 -.448646E-03  .435814E-04
61  .733399      .583288E-02  .322871E-02  .286195E-02 -.675777E-03  .438015E-04
62  .748201      .596160E-02  .331572E-02  .286881E-02 -.875522E-03  .447549E-04
63  .762544      .619877E-02  .338475E-02  .286898E-02 -.107280E-02  .466554E-04
64  .776415      .655409E-02  .355829E-02  .287642E-02 -.125326E-02  .493868E-04
65  .789805      .710356E-02  .387459E-02  .289190E-02 -.144077E-02  .524303E-04
66  .802705      .761055E-02  .422083E-02  .290599E-02 -.167087E-02  .549875E-04
67  .815112      .793884E-02  .450562E-02  .294786E-02 -.189426E-02  .574388E-04
68  .827024      .843645E-02  .469358E-02  .303797E-02 -.210252E-02  .607835E-04
69  .838443      .898553E-02  .483331E-02  .316463E-02 -.230128E-02  .653033E-04
70  .849370      .967500E-02  .494571E-02  .326325E-02 -.248569E-02  .705825E-04
71  .859812      .104986E-01  .504361E-02  .330531E-02 -.263315E-02  .755643E-04
72  .869776      .113203E-01  .522426E-02  .330093E-02 -.274215E-02  .797885E-04
73  .879271      .122627E-01  .540088E-02  .327619E-02 -.283424E-02  .834498E-04
74  .888306      .133495E-01  .553083E-02  .324386E-02 -.290610E-02  .870161E-04
75  .896894      .144287E-01  .559713E-02  .319646E-02 -.298474E-02  .906876E-04
76  .905047      .154511E-01  .566875E-02  .312169E-02 -.308123E-02  .945706E-04
77  .912777      .164900E-01  .580879E-02  .301049E-02 -.318227E-02  .984892E-04
78  .920101      .177357E-01  .597777E-02  .287197E-02 -.326324E-02  .102117E-03
79  .927030      .191479E-01  .613234E-02  .270617E-02 -.329581E-02  .105189E-03
80  .933582      .206873E-01  .619489E-02  .251466E-02 -.329096E-02  .107138E-03
81  .939769      .223391E-01  .609925E-02  .228924E-02 -.328674E-02  .107724E-03
82  .945609      .240134E-01  .592217E-02  .203216E-02 -.327350E-02  .107287E-03
83  .951116      .256145E-01  .576083E-02  .176230E-02 -.321138E-02  .106234E-03
84  .956304      .272692E-01  .560539E-02  .149573E-02 -.308356E-02  .104842E-03
85  .961190      .289797E-01  .538829E-02  .123716E-02 -.289178E-02  .103393E-03
86  .965786      .304215E-01  .508623E-02  .992729E-03 -.264178E-02  .101849E-03
87  .970109      .311681E-01  .469189E-02  .771981E-03 -.234226E-02  .999887E-04
88  .974171      .309171E-01  .419277E-02  .576591E-03 -.199567E-02  .977834E-04
89  .977987      .294387E-01  .362118E-02  .407731E-03 -.160913E-02  .953729E-04
90  .981568      .265209E-01  .304060E-02  .267625E-03 -.120085E-02  .929328E-04
91  .984929      .222336E-01  .249348E-02  .157358E-03 -.799355E-03  .905620E-04
92  .988081      .168620E-01  .197306E-02  .786335E-04 -.451970E-03  .883928E-04
93  .991035      .110128E-01  .144930E-02  .308065E-04 -.201922E-03  .866132E-04
94  .993804      .575227E-02  .912133E-03  .775656E-05 -.605447E-04  .853741E-04
95  .996397      .203821E-02  .409804E-03  .669853E-06 -.733007E-05  .847692E-04
96  .998826      .222682E-03  .619212E-04  .000000E+00  .000000E+00  .848070E-04
