i= 13     x/lambda=  .195312

 k      z/H          u            v            w            p
 1  .180472E-01 -.673373E-02  .129260E-03  .304793E-02 -.300654E-01
 2  .205346E-01 -.144085E-01  .390303E-03  .439525E-02 -.299618E-01
 3  .231910E-01 -.165495E-01  .686555E-03  .427122E-02 -.301087E-01
 4  .260269E-01 -.120447E-01  .105035E-02  .263266E-02 -.302985E-01
 5  .290533E-01  .122032E-02  .153237E-02 -.612692E-03 -.305316E-01
 6  .322817E-01  .259041E-01  .216100E-02 -.545189E-02 -.307968E-01
 7  .357240E-01  .646809E-01  .290271E-02 -.116225E-01 -.310727E-01
 8  .393927E-01  .119565      .364190E-02 -.185522E-01 -.313287E-01
 9  .433008E-01  .190866      .421963E-02 -.253879E-01 -.315343E-01
10  .474617E-01  .276374      .451097E-02 -.311562E-01 -.316724E-01
11  .518892E-01  .370908      .433999E-02 -.352030E-01 -.317521E-01
12  .565977E-01  .466679      .338729E-02 -.374556E-01 -.318170E-01
13  .616017E-01  .554568      .160291E-02 -.382330E-01 -.319301E-01
14  .669163E-01  .628003      .387021E-04 -.378389E-01 -.321533E-01
15  .725566E-01  .685507     -.209112E-04 -.367040E-01 -.325356E-01
16  .785381E-01  .728626      .138257E-02 -.353498E-01 -.330746E-01
17  .848764E-01  .759949      .311926E-02 -.340840E-01 -.337135E-01
18  .915868E-01  .782514      .408984E-02 -.328874E-01 -.343654E-01
19  .986849E-01  .798906      .424738E-02 -.316504E-01 -.349370E-01
20  .106186      .811322      .411056E-02 -.305049E-01 -.353881E-01
21  .114105      .823140      .387477E-02 -.294097E-01 -.357124E-01
22  .122455      .835135      .327987E-02 -.285540E-01 -.358503E-01
23  .131252      .846068      .264605E-02 -.277808E-01 -.357646E-01
24  .140507      .857158      .226226E-02 -.269565E-01 -.354852E-01
25  .150232      .869668      .245660E-02 -.256974E-01 -.350171E-01
26  .160438      .883950      .299306E-02 -.239110E-01 -.343814E-01
27  .171134      .898470      .310561E-02 -.221544E-01 -.335651E-01
28  .182327      .913594      .216688E-02 -.206532E-01 -.325735E-01
29  .194022      .928526      .112417E-02 -.194706E-01 -.314365E-01
30  .206224      .941923      .192458E-03 -.181418E-01 -.302110E-01
31  .218932      .955401     -.468708E-03 -.166397E-01 -.289018E-01
32  .232146      .970681     -.129017E-02 -.152299E-01 -.275520E-01
33  .245860      .987276     -.245972E-02 -.145667E-01 -.261623E-01
34  .260069      1.00441     -.371892E-02 -.134246E-01 -.246625E-01
35  .274760      1.02087     -.452083E-02 -.125076E-01 -.231814E-01
36  .289921      1.03625     -.478518E-02 -.116285E-01 -.217854E-01
37  .305535      1.05110     -.395758E-02 -.102587E-01 -.204539E-01
38  .321582      1.06513     -.221177E-02 -.842223E-02 -.191999E-01
39  .338037      1.07918     -.341594E-03 -.664325E-02 -.180392E-01
40  .354874      1.09285     -.362002E-04 -.554307E-02 -.169734E-01
41  .372063      1.10527     -.190313E-02 -.496570E-02 -.159514E-01
42  .389571      1.11780     -.413063E-02 -.428100E-02 -.148894E-01
43  .407361      1.12969     -.491978E-02 -.340750E-02 -.138160E-01
44  .425395      1.14049     -.505828E-02 -.308988E-02 -.128164E-01
45  .443631      1.14920     -.509708E-02 -.295188E-02 -.118600E-01
46  .462027      1.15700     -.459939E-02 -.259748E-02 -.109131E-01
47  .480539      1.16618     -.385419E-02 -.198879E-02 -.100471E-01
48  .499120      1.17587     -.337752E-02 -.131023E-02 -.927126E-02
49  .517725      1.18448     -.270089E-02 -.836260E-03 -.860632E-02
50  .536306      1.19167     -.185965E-02 -.520850E-03 -.805440E-02
51  .554817      1.19740     -.159888E-02 -.345464E-03 -.757783E-02
52  .573213      1.20161     -.173752E-02 -.372665E-03 -.711527E-02
53  .591450      1.20346     -.180368E-02 -.313357E-03 -.664333E-02
54  .609484      1.20480     -.175585E-02 -.268611E-03 -.619524E-02
55  .627274      1.20671     -.116789E-02 -.670034E-03 -.579633E-02
56  .644781      1.20862     -.202309E-03 -.103328E-02 -.544777E-02
57  .661970      1.20979      .193611E-03 -.121624E-02 -.515334E-02
58  .678807      1.20955      .494970E-03 -.116153E-02 -.489719E-02
59  .695263      1.20853      .676996E-03 -.106485E-02 -.467185E-02
60  .711309      1.20696      .614923E-03 -.107053E-02 -.447178E-02
61  .726923      1.20477      .547909E-03 -.949960E-03 -.426514E-02
62  .742084      1.20181      .994004E-03 -.605282E-03 -.406840E-02
63  .756776      1.19796      .144788E-02 -.164170E-03 -.392518E-02
64  .770984      1.19283      .188031E-02  .223903E-03 -.385226E-02
65  .784699      1.18637      .222591E-02  .386092E-03 -.383360E-02
66  .797913      1.17838      .233855E-02  .208964E-03 -.384464E-02
67  .810621      1.16900      .236526E-02 -.844362E-04 -.386650E-02
68  .822822      1.15854      .261153E-02 -.327628E-03 -.387000E-02
69  .834518      1.14782      .316257E-02 -.532991E-03 -.383264E-02
70  .845711      1.13740      .371619E-02 -.742756E-03 -.376753E-02
71  .856407      1.12673      .414782E-02 -.817149E-03 -.369928E-02
72  .866613      1.11466      .421644E-02 -.685891E-03 -.363392E-02
73  .876338      1.10133      .391941E-02 -.518133E-03 -.357988E-02
74  .885593      1.08756      .338031E-02 -.497552E-03 -.353101E-02
75  .894389      1.07285      .255468E-02 -.517677E-03 -.345526E-02
76  .902740      1.05655      .146840E-02 -.442928E-03 -.333420E-02
77  .910659      1.03931      .349907E-03 -.412228E-03 -.318617E-02
78  .918160      1.02108     -.544400E-03 -.509494E-03 -.302407E-02
79  .925258      1.00137     -.105635E-02 -.661753E-03 -.284803E-02
80  .931968      .979391     -.130583E-02 -.673967E-03 -.266080E-02
81  .938306      .954712     -.154669E-02 -.537211E-03 -.245581E-02
82  .944288      .927582     -.189014E-02 -.418118E-03 -.222729E-02
83  .949928      .897752     -.214353E-02 -.365194E-03 -.198431E-02
84  .955243      .864626     -.218481E-02 -.344965E-03 -.173628E-02
85  .960247      .827332     -.207251E-02 -.312406E-03 -.148730E-02
86  .964955      .784831     -.186918E-02 -.230056E-03 -.124259E-02
87  .969383      .736213     -.159688E-02 -.125738E-03 -.101065E-02
88  .973544      .680782     -.130396E-02 -.609580E-04 -.797689E-03
89  .977452      .617981     -.100346E-02 -.445903E-04 -.606528E-03
90  .981121      .547541     -.669031E-03 -.454828E-04 -.442278E-03
91  .984563      .469828     -.314171E-03 -.430930E-04 -.311516E-03
92  .987791      .386161     -.109645E-04 -.370532E-04 -.215110E-03
93  .990818      .298765      .168399E-03 -.304218E-04 -.150499E-03
94  .993654      .210356      .207972E-03 -.201069E-04 -.113578E-03
95  .996310      .123624      .148830E-03 -.705406E-05 -.983486E-04
96  .998797      .405691E-01  .515467E-04  .000000E+00 -.953711E-04

 k      z/H         u'u'         v'v'         w'w'         -u'w'        p'p'
 1  .180472E-01  .158998E-03  .120328E-03  .382591E-04  .122618E-03  .334677E-03
 2  .205346E-01  .859802E-03  .696378E-03  .131455E-03  .357562E-03  .329781E-03
 3  .231910E-01  .183677E-02  .145277E-02  .284366E-03  .645934E-03  .332902E-03
 4  .260269E-01  .319618E-02  .221154E-02  .506369E-03  .101143E-02  .341028E-03
 5  .290533E-01  .531521E-02  .292061E-02  .805139E-03  .153629E-02  .354721E-03
 6  .322817E-01  .872177E-02  .359271E-02  .118141E-02  .231692E-02  .374109E-03
 7  .357240E-01  .139027E-01  .426066E-02  .161325E-02  .341061E-02  .398507E-03
 8  .393927E-01  .211800E-01  .499663E-02  .205969E-02  .477302E-02  .425398E-03
 9  .433008E-01  .299457E-01  .590364E-02  .248030E-02  .620475E-02  .451312E-03
10  .474617E-01  .386158E-01  .706285E-02  .285308E-02  .741197E-02  .472369E-03
11  .518892E-01  .451916E-01  .845835E-02  .319291E-02  .814988E-02  .483980E-03
12  .565977E-01  .481196E-01  .100384E-01  .357330E-02  .831332E-02  .482956E-03
13  .616017E-01  .474877E-01  .118590E-01  .405842E-02  .794749E-02  .469842E-03
14  .669163E-01  .442176E-01  .136580E-01  .464888E-02  .726686E-02  .448791E-03
15  .725566E-01  .403606E-01  .148587E-01  .534198E-02  .658363E-02  .425545E-03
16  .785381E-01  .369488E-01  .153916E-01  .616303E-02  .612418E-02  .404987E-03
17  .848764E-01  .341704E-01  .156019E-01  .707762E-02  .590094E-02  .389466E-03
18  .915868E-01  .321387E-01  .156715E-01  .800530E-02  .588585E-02  .378687E-03
19  .986849E-01  .307525E-01  .156952E-01  .885893E-02  .608231E-02  .369538E-03
20  .106186      .300695E-01  .157080E-01  .959627E-02  .631480E-02  .359555E-03
21  .114105      .296718E-01  .157207E-01  .101062E-01  .656729E-02  .349744E-03
22  .122455      .298329E-01  .158534E-01  .104733E-01  .696533E-02  .342423E-03
23  .131252      .300124E-01  .159835E-01  .107260E-01  .737333E-02  .337531E-03
24  .140507      .303120E-01  .159900E-01  .107801E-01  .761697E-02  .334651E-03
25  .150232      .300995E-01  .156790E-01  .107252E-01  .777372E-02  .330328E-03
26  .160438      .299894E-01  .149547E-01  .106630E-01  .785570E-02  .323520E-03
27  .171134      .300476E-01  .142556E-01  .104941E-01  .791685E-02  .313368E-03
28  .182327      .297896E-01  .135666E-01  .102791E-01  .781766E-02  .305512E-03
29  .194022      .290453E-01  .127406E-01  .994450E-02  .761387E-02  .303293E-03
30  .206224      .282315E-01  .120632E-01  .962676E-02  .742135E-02  .302602E-03
31  .218932      .269511E-01  .114635E-01  .926631E-02  .718976E-02  .297749E-03
32  .232146      .258888E-01  .109082E-01  .894767E-02  .692622E-02  .288352E-03
33  .245860      .251299E-01  .106102E-01  .863995E-02  .663328E-02  .265467E-03
34  .260069      .242049E-01  .104119E-01  .840246E-02  .643293E-02  .236886E-03
35  .274760      .233997E-01  .104685E-01  .815452E-02  .616362E-02  .214534E-03
36  .289921      .222771E-01  .104151E-01  .783302E-02  .582176E-02  .198670E-03
37  .305535      .208347E-01  .962994E-02  .744713E-02  .550947E-02  .185809E-03
38  .321582      .199528E-01  .903231E-02  .724164E-02  .533610E-02  .173157E-03
39  .338037      .192624E-01  .866145E-02  .716857E-02  .517068E-02  .162190E-03
40  .354874      .187401E-01  .839793E-02  .710525E-02  .506287E-02  .152389E-03
41  .372063      .183947E-01  .819683E-02  .699855E-02  .492361E-02  .141567E-03
42  .389571      .181052E-01  .806758E-02  .679863E-02  .468015E-02  .129793E-03
43  .407361      .173184E-01  .757872E-02  .645669E-02  .436172E-02  .120967E-03
44  .425395      .160372E-01  .702916E-02  .609973E-02  .411972E-02  .114173E-03
45  .443631      .151231E-01  .648689E-02  .574058E-02  .395887E-02  .107732E-03
46  .462027      .145722E-01  .613204E-02  .541671E-02  .375583E-02  .102696E-03
47  .480539      .135822E-01  .583315E-02  .505753E-02  .341063E-02  .963329E-04
48  .499120      .125717E-01  .531506E-02  .477688E-02  .306750E-02  .885953E-04
49  .517725      .118359E-01  .495942E-02  .459992E-02  .276333E-02  .813990E-04
50  .536306      .111601E-01  .488836E-02  .452294E-02  .253773E-02  .745295E-04
51  .554817      .104124E-01  .476500E-02  .446414E-02  .224087E-02  .682281E-04
52  .573213      .974209E-02  .468527E-02  .431012E-02  .193269E-02  .629261E-04
53  .591450      .908397E-02  .442310E-02  .408068E-02  .169519E-02  .583622E-04
54  .609484      .857602E-02  .403105E-02  .375950E-02  .149687E-02  .542939E-04
55  .627274      .817833E-02  .375344E-02  .347371E-02  .127151E-02  .508054E-04
56  .644781      .764079E-02  .357269E-02  .329644E-02  .975580E-03  .480711E-04
57  .661970      .706610E-02  .337018E-02  .318321E-02  .618344E-03  .457904E-04
58  .678807      .670003E-02  .321272E-02  .307735E-02  .263375E-03  .441666E-04
59  .695263      .635974E-02  .313881E-02  .298300E-02 -.213392E-04  .432136E-04
60  .711309      .610848E-02  .311008E-02  .292794E-02 -.271318E-03  .424400E-04
61  .726923      .597446E-02  .320195E-02  .286164E-02 -.536951E-03  .415701E-04
62  .742084      .597380E-02  .335423E-02  .281185E-02 -.797144E-03  .413727E-04
63  .756776      .605951E-02  .352175E-02  .280302E-02 -.103584E-02  .425175E-04
64  .770984      .627458E-02  .368355E-02  .283929E-02 -.124779E-02  .444113E-04
65  .784699      .663323E-02  .385076E-02  .292359E-02 -.144474E-02  .466957E-04
66  .797913      .705422E-02  .403737E-02  .303476E-02 -.164178E-02  .496953E-04
67  .810621      .746969E-02  .417880E-02  .314480E-02 -.185236E-02  .529764E-04
68  .822822      .806456E-02  .430509E-02  .319997E-02 -.206701E-02  .558732E-04
69  .834518      .876383E-02  .451333E-02  .319447E-02 -.224477E-02  .584836E-04
70  .845711      .951437E-02  .480352E-02  .318658E-02 -.238665E-02  .615517E-04
71  .856407      .102546E-01  .509572E-02  .320908E-02 -.251713E-02  .655055E-04
72  .866613      .110063E-01  .530986E-02  .323308E-02 -.266101E-02  .701889E-04
73  .876338      .117937E-01  .545436E-02  .325656E-02 -.277674E-02  .751933E-04
74  .885593      .125063E-01  .559498E-02  .325711E-02 -.285610E-02  .801449E-04
75  .894389      .132473E-01  .576125E-02  .322093E-02 -.293465E-02  .846615E-04
76  .902740      .143012E-01  .595204E-02  .314546E-02 -.300298E-02  .882906E-04
77  .910659      .156571E-01  .613526E-02  .302056E-02 -.304744E-02  .905654E-04
78  .918160      .171210E-01  .627878E-02  .286428E-02 -.308546E-02  .921866E-04
79  .925258      .185761E-01  .638602E-02  .268318E-02 -.312497E-02  .936001E-04
80  .931968      .200953E-01  .646428E-02  .249075E-02 -.314943E-02  .948776E-04
81  .938306      .217388E-01  .640922E-02  .228260E-02 -.315488E-02  .957621E-04
82  .944288      .235245E-01  .616588E-02  .204728E-02 -.315031E-02  .957260E-04
83  .949928      .254022E-01  .577177E-02  .179371E-02 -.311449E-02  .948877E-04
84  .955243      .272375E-01  .532364E-02  .153157E-02 -.303765E-02  .935100E-04
85  .960247      .289226E-01  .493138E-02  .127608E-02 -.289823E-02  .916054E-04
86  .964955      .303069E-01  .461267E-02  .103923E-02 -.269258E-02  .892411E-04
87  .969383      .310664E-01  .429263E-02  .821423E-03 -.242924E-02  .866904E-04
88  .973544      .309402E-01  .392499E-02  .618528E-03 -.211225E-02  .840875E-04
89  .977452      .296968E-01  .353084E-02  .434848E-03 -.173608E-02  .813886E-04
90  .981121      .271035E-01  .311336E-02  .283474E-03 -.131388E-02  .786892E-04
91  .984563      .230144E-01  .263975E-02  .167767E-03 -.889096E-03  .761940E-04
92  .987791      .176436E-01  .211081E-02  .854587E-04 -.513071E-03  .740107E-04
93  .990818      .117010E-01  .154677E-02  .338397E-04 -.231161E-03  .722479E-04
94  .993654      .621002E-02  .968217E-03  .841230E-05 -.681833E-04  .710374E-04
95  .996310      .220146E-02  .434532E-03  .716958E-06 -.808525E-05  .704448E-04
96  .998797      .237751E-03  .657810E-04  .000000E+00  .000000E+00  .704650E-04
