i= 64     x/lambda=  .992188

 k      z/H          u            v            w            p
 1  .511020E-01  .755460E-01  .260025E-03  .395098E-02 -.947547E-01
 2  .535056E-01  .230566      .951239E-03  .999299E-02 -.943820E-01
 3  .560726E-01  .383178      .205239E-02  .169833E-01 -.939567E-01
 4  .588131E-01  .516733      .358138E-02  .235047E-01 -.932691E-01
 5  .617376E-01  .620260      .527417E-02  .285551E-01 -.923384E-01
 6  .648573E-01  .692987      .679427E-02  .318684E-01 -.912262E-01
 7  .681837E-01  .740969      .796672E-02  .337125E-01 -.899851E-01
 8  .717289E-01  .772069      .866851E-02  .344589E-01 -.886515E-01
 9  .755055E-01  .792597      .874352E-02  .343500E-01 -.872515E-01
10  .795263E-01  .806382      .814196E-02  .335538E-01 -.857924E-01
11  .838048E-01  .815709      .694365E-02  .323057E-01 -.842557E-01
12  .883547E-01  .822504      .525672E-02  .308678E-01 -.826060E-01
13  .931903E-01  .828380      .341306E-02  .293426E-01 -.808127E-01
14  .983260E-01  .833955      .199317E-02  .277114E-01 -.788533E-01
15  .103776      .839233      .124452E-02  .260909E-01 -.767244E-01
16  .109557      .844526      .990459E-03  .246093E-01 -.744196E-01
17  .115682      .850429      .916310E-03  .232253E-01 -.719215E-01
18  .122166      .857411      .813974E-03  .218920E-01 -.692455E-01
19  .129025      .865365      .956511E-03  .206594E-01 -.664409E-01
20  .136274      .874292      .156438E-02  .193019E-01 -.635649E-01
21  .143926      .882786      .226072E-02  .180429E-01 -.606386E-01
22  .151995      .891790      .279344E-02  .172380E-01 -.576619E-01
23  .160496      .902773      .342739E-02  .166867E-01 -.546667E-01
24  .169439      .914030      .398086E-02  .162819E-01 -.517173E-01
25  .178837      .924744      .405793E-02  .157618E-01 -.488144E-01
26  .188699      .935852      .416006E-02  .150441E-01 -.459622E-01
27  .199035      .946966      .399612E-02  .139245E-01 -.431641E-01
28  .209851      .957997      .391684E-02  .131111E-01 -.404609E-01
29  .221153      .971019      .407724E-02  .126860E-01 -.378464E-01
30  .232944      .984745      .460530E-02  .123811E-01 -.353357E-01
31  .245225      .998487      .538840E-02  .115985E-01 -.329680E-01
32  .257993      1.01123      .582096E-02  .104002E-01 -.307469E-01
33  .271246      1.02377      .653292E-02  .960072E-02 -.286120E-01
34  .284976      1.03804      .714884E-02  .870248E-02 -.265359E-01
35  .299173      1.05204      .717080E-02  .754194E-02 -.245916E-01
36  .313824      1.06514      .594394E-02  .648056E-02 -.228021E-01
37  .328913      1.07765      .401113E-02  .576318E-02 -.211234E-01
38  .344419      1.09046      .252894E-02  .528242E-02 -.196023E-01
39  .360320      1.10223      .191626E-02  .484340E-02 -.182981E-01
40  .376591      1.11336      .142200E-03  .426786E-02 -.170944E-01
41  .393201      1.12341     -.118875E-02  .333145E-02 -.158997E-01
42  .410119      1.13317     -.226721E-02  .252085E-02 -.147351E-01
43  .427311      1.14171     -.370391E-02  .210048E-02 -.136193E-01
44  .444737      1.15044     -.456049E-02  .243106E-02 -.125741E-01
45  .462360      1.16087     -.440788E-02  .249233E-02 -.115867E-01
46  .480137      1.16998     -.393266E-02  .227248E-02 -.106286E-01
47  .498025      1.17772     -.342333E-02  .145343E-02 -.971091E-02
48  .515981      1.18359     -.307222E-02  .711266E-03 -.885781E-02
49  .533959      1.18927     -.331236E-02  .765638E-03 -.810825E-02
50  .551915      1.19513     -.256115E-02  .872868E-03 -.748730E-02
51  .569803      1.19963     -.117531E-02  .796363E-03 -.694435E-02
52  .587580      1.20307     -.107024E-03  .621846E-03 -.646057E-02
53  .605203      1.20561      .445547E-03  .460198E-03 -.603786E-02
54  .622629      1.20754      .558470E-03  .520364E-03 -.565464E-02
55  .639820      1.20889      .648476E-03  .508149E-03 -.529902E-02
56  .656739      1.20945      .127716E-02  .365735E-03 -.497150E-02
57  .673349      1.20898      .183111E-02  .157102E-03 -.470374E-02
58  .689619      1.20816      .229890E-02  .582387E-04 -.449208E-02
59  .705521      1.20727      .296778E-02 -.542412E-04 -.430683E-02
60  .721027      1.20563      .354925E-02 -.924111E-04 -.412814E-02
61  .736116      1.20293      .350349E-02  .140835E-04 -.397535E-02
62  .750766      1.19913      .279754E-02  .239834E-03 -.385673E-02
63  .764963      1.19450      .202209E-02  .379010E-03 -.375055E-02
64  .778693      1.18897      .189384E-02  .397276E-03 -.364653E-02
65  .791946      1.18212      .237398E-02  .484874E-03 -.355073E-02
66  .804715      1.17434      .275375E-02  .596735E-03 -.347593E-02
67  .816996      1.16571      .222836E-02  .617866E-03 -.343049E-02
68  .828787      1.15565      .107703E-02  .753454E-03 -.341404E-02
69  .840089      1.14417      .131936E-03  .110067E-02 -.341059E-02
70  .850905      1.13188     -.225503E-03  .152112E-02 -.341228E-02
71  .861240      1.11963     -.282892E-03  .184133E-02 -.342135E-02
72  .871103      1.10649     -.552750E-03  .207066E-02 -.343685E-02
73  .880501      1.09262     -.124521E-02  .200738E-02 -.346121E-02
74  .889444      1.07794     -.195124E-02  .185933E-02 -.347744E-02
75  .897944      1.06306     -.222281E-02  .161384E-02 -.346503E-02
76  .906014      1.04771     -.210750E-02  .138232E-02 -.342836E-02
77  .913666      1.03087     -.202025E-02  .126485E-02 -.335319E-02
78  .920915      1.01235     -.211240E-02  .111950E-02 -.322738E-02
79  .927774      .992454     -.206450E-02  .854430E-03 -.305358E-02
80  .934258      .970960     -.166839E-02  .530132E-03 -.283808E-02
81  .940383      .947238     -.983101E-03  .293963E-03 -.259290E-02
82  .946163      .920403     -.250146E-03  .247562E-03 -.233348E-02
83  .951614      .890144      .300828E-03  .264290E-03 -.207451E-02
84  .956749      .856186      .585879E-03  .253373E-03 -.182805E-02
85  .961585      .817741      .642531E-03  .231557E-03 -.159808E-02
86  .966135      .774056      .509097E-03  .206436E-03 -.138060E-02
87  .970413      .724405      .245271E-03  .164081E-03 -.117258E-02
88  .974434      .668102     -.178778E-04  .966482E-04 -.978715E-03
89  .978211      .604634     -.143195E-03  .188973E-04 -.805319E-03
90  .981756      .533862     -.954402E-04 -.457059E-04 -.656639E-03
91  .985083      .456311      .246167E-04 -.720768E-04 -.536422E-03
92  .988202      .373526      .960329E-04 -.618152E-04 -.447452E-03
93  .991127      .287922      .929000E-04 -.383241E-04 -.389375E-03
94  .993867      .202169      .528415E-04 -.173231E-04 -.358087E-03
95  .996434      .118635      .166852E-04 -.403699E-05 -.346072E-03
96  .998838      .389018E-01  .215029E-05  .000000E+00 -.343962E-03

 k      z/H         u'u'         v'v'         w'w'         -u'w'        p'p'
 1  .511020E-01  .857263E-03  .360586E-03  .534052E-05  .216526E-04  .618310E-03
 2  .535056E-01  .770084E-02  .252708E-02  .628994E-04  .192285E-03  .616686E-03
 3  .560726E-01  .188658E-01  .601353E-02  .269262E-03  .571687E-03  .615443E-03
 4  .588131E-01  .282263E-01  .101473E-01  .710431E-03  .104480E-02  .611033E-03
 5  .617376E-01  .325924E-01  .142159E-01  .142716E-02  .149350E-02  .603287E-03
 6  .648573E-01  .329124E-01  .175521E-01  .239359E-02  .187668E-02  .593592E-03
 7  .681837E-01  .313824E-01  .198610E-01  .352579E-02  .222500E-02  .583077E-03
 8  .717289E-01  .296365E-01  .211524E-01  .475083E-02  .260378E-02  .572712E-03
 9  .755055E-01  .283123E-01  .216171E-01  .602149E-02  .306771E-02  .563557E-03
10  .795263E-01  .275008E-01  .215428E-01  .729553E-02  .362202E-02  .555470E-03
11  .838048E-01  .271304E-01  .211843E-01  .851991E-02  .423415E-02  .548205E-03
12  .883547E-01  .271349E-01  .206517E-01  .963017E-02  .487361E-02  .542317E-03
13  .931903E-01  .273801E-01  .199708E-01  .105651E-01  .552566E-02  .537139E-03
14  .983260E-01  .278776E-01  .192478E-01  .113143E-01  .615242E-02  .531605E-03
15  .103776      .286290E-01  .185337E-01  .118847E-01  .674052E-02  .525104E-03
16  .109557      .294278E-01  .178051E-01  .122326E-01  .730775E-02  .516151E-03
17  .115682      .301356E-01  .172337E-01  .123410E-01  .781266E-02  .505194E-03
18  .122166      .307243E-01  .168685E-01  .122892E-01  .823136E-02  .493058E-03
19  .129025      .309371E-01  .166213E-01  .121759E-01  .853478E-02  .477690E-03
20  .136274      .311645E-01  .163239E-01  .120549E-01  .869343E-02  .457240E-03
21  .143926      .315258E-01  .162069E-01  .119197E-01  .875018E-02  .433085E-03
22  .151995      .316043E-01  .161407E-01  .116741E-01  .867083E-02  .407227E-03
23  .160496      .312670E-01  .159175E-01  .113391E-01  .849189E-02  .380259E-03
24  .169439      .309358E-01  .154864E-01  .110404E-01  .824036E-02  .355258E-03
25  .178837      .307356E-01  .149520E-01  .107311E-01  .793773E-02  .333068E-03
26  .188699      .302326E-01  .146751E-01  .103387E-01  .757295E-02  .314350E-03
27  .199035      .289068E-01  .144933E-01  .990697E-02  .719114E-02  .298471E-03
28  .209851      .274118E-01  .141199E-01  .951036E-02  .686532E-02  .285523E-03
29  .221153      .260210E-01  .137103E-01  .907782E-02  .662752E-02  .270801E-03
30  .232944      .248953E-01  .131018E-01  .876846E-02  .642310E-02  .252009E-03
31  .245225      .242420E-01  .125949E-01  .858372E-02  .617923E-02  .233599E-03
32  .257993      .234680E-01  .118433E-01  .843540E-02  .589012E-02  .220190E-03
33  .271246      .224389E-01  .110637E-01  .820692E-02  .564452E-02  .213144E-03
34  .284976      .215543E-01  .105732E-01  .778492E-02  .544363E-02  .207565E-03
35  .299173      .207775E-01  .102105E-01  .743042E-02  .529344E-02  .199790E-03
36  .313824      .199184E-01  .979147E-02  .710696E-02  .512485E-02  .189979E-03
37  .328913      .189766E-01  .918701E-02  .682226E-02  .501433E-02  .176942E-03
38  .344419      .183064E-01  .861145E-02  .666479E-02  .490048E-02  .163463E-03
39  .360320      .179032E-01  .803113E-02  .650858E-02  .470466E-02  .152495E-03
40  .376591      .175920E-01  .748322E-02  .633711E-02  .454451E-02  .146150E-03
41  .393201      .170230E-01  .674086E-02  .611192E-02  .442894E-02  .142333E-03
42  .410119      .165174E-01  .606948E-02  .590761E-02  .424101E-02  .136913E-03
43  .427311      .157020E-01  .581316E-02  .570556E-02  .402925E-02  .128371E-03
44  .444737      .146545E-01  .560966E-02  .551097E-02  .376724E-02  .118154E-03
45  .462360      .137515E-01  .545409E-02  .531617E-02  .348556E-02  .108136E-03
46  .480137      .129744E-01  .526458E-02  .506008E-02  .317598E-02  .989857E-04
47  .498025      .124229E-01  .498005E-02  .481269E-02  .284870E-02  .907916E-04
48  .515981      .120174E-01  .467342E-02  .455593E-02  .255738E-02  .833252E-04
49  .533959      .114863E-01  .436693E-02  .430437E-02  .227615E-02  .761457E-04
50  .551915      .109984E-01  .410376E-02  .413734E-02  .201869E-02  .705175E-04
51  .569803      .104883E-01  .400691E-02  .399096E-02  .180338E-02  .662799E-04
52  .587580      .978431E-02  .391577E-02  .385287E-02  .155926E-02  .623900E-04
53  .605203      .904915E-02  .369323E-02  .368319E-02  .124441E-02  .584711E-04
54  .622629      .840861E-02  .349917E-02  .351925E-02  .923700E-03  .546768E-04
55  .639820      .781096E-02  .340597E-02  .337098E-02  .647764E-03  .512387E-04
56  .656739      .717990E-02  .337552E-02  .325213E-02  .398386E-03  .489299E-04
57  .673349      .672988E-02  .330169E-02  .318938E-02  .179657E-03  .475489E-04
58  .689619      .640432E-02  .326816E-02  .314872E-02 -.343098E-04  .468711E-04
59  .705521      .614285E-02  .330671E-02  .309930E-02 -.263998E-03  .467157E-04
60  .721027      .594039E-02  .336426E-02  .305180E-02 -.510561E-03  .467128E-04
61  .736116      .581751E-02  .340971E-02  .303973E-02 -.758512E-03  .471424E-04
62  .750766      .580269E-02  .341898E-02  .307123E-02 -.978500E-03  .480395E-04
63  .764963      .596780E-02  .350125E-02  .310252E-02 -.116513E-02  .490790E-04
64  .778693      .630336E-02  .364512E-02  .312914E-02 -.132234E-02  .504380E-04
65  .791946      .683067E-02  .387966E-02  .316983E-02 -.145855E-02  .520829E-04
66  .804715      .747807E-02  .416648E-02  .321208E-02 -.160831E-02  .539747E-04
67  .816996      .804407E-02  .443310E-02  .325160E-02 -.179881E-02  .563939E-04
68  .828787      .854018E-02  .473094E-02  .326987E-02 -.201900E-02  .596625E-04
69  .840089      .912803E-02  .502398E-02  .326007E-02 -.223497E-02  .636469E-04
70  .850905      .977822E-02  .524221E-02  .326046E-02 -.241800E-02  .678805E-04
71  .861240      .103954E-01  .544726E-02  .327026E-02 -.258380E-02  .716216E-04
72  .871103      .110824E-01  .567707E-02  .326833E-02 -.275201E-02  .745770E-04
73  .880501      .119059E-01  .584756E-02  .326195E-02 -.292522E-02  .771233E-04
74  .889444      .129345E-01  .590418E-02  .322719E-02 -.308294E-02  .794085E-04
75  .897944      .140743E-01  .591933E-02  .317414E-02 -.320763E-02  .816849E-04
76  .906014      .152045E-01  .593605E-02  .310336E-02 -.329616E-02  .844054E-04
77  .913666      .164432E-01  .596279E-02  .300178E-02 -.334852E-02  .870831E-04
78  .920915      .179858E-01  .594456E-02  .286303E-02 -.337094E-02  .892801E-04
79  .927774      .197038E-01  .587636E-02  .268917E-02 -.335600E-02  .910736E-04
80  .934258      .215269E-01  .579744E-02  .248418E-02 -.331424E-02  .926928E-04
81  .940383      .233199E-01  .574316E-02  .224839E-02 -.327511E-02  .941436E-04
82  .946163      .250240E-01  .570234E-02  .198852E-02 -.324279E-02  .950973E-04
83  .951614      .267261E-01  .561352E-02  .171954E-02 -.318984E-02  .954269E-04
84  .956749      .284101E-01  .542618E-02  .145822E-02 -.309073E-02  .951390E-04
85  .961585      .298415E-01  .513172E-02  .121066E-02 -.294607E-02  .944404E-04
86  .966135      .308471E-01  .476467E-02  .975846E-03 -.274216E-02  .933938E-04
87  .970413      .313012E-01  .436033E-02  .757059E-03 -.246013E-02  .918337E-04
88  .974434      .310246E-01  .392571E-02  .562246E-03 -.209668E-02  .898310E-04
89  .978211      .296509E-01  .347935E-02  .393310E-03 -.167450E-02  .875815E-04
90  .981756      .268008E-01  .302916E-02  .252699E-03 -.122597E-02  .852391E-04
91  .985083      .223454E-01  .255455E-02  .145728E-03 -.801001E-03  .829842E-04
92  .988202      .166840E-01  .203568E-02  .724349E-04 -.448624E-03  .810074E-04
93  .991127      .107461E-01  .147820E-02  .282900E-04 -.198642E-03  .794503E-04
94  .993867      .557166E-02  .913641E-03  .708732E-05 -.586145E-04  .783977E-04
95  .996434      .195920E-02  .404306E-03  .614755E-06 -.699921E-05  .779076E-04
96  .998838      .212347E-03  .603781E-04  .000000E+00  .000000E+00  .779884E-04
