          atime           uavg           vavg           wavg         pm1avg           tavg
  7.8507600E+01  6.5221341E-07  1.5407520E-11 -3.3885679E-09 -1.6610282E-01  0.0000000E+00
  7.8507600E+01  5.1840375E-01  5.2392852E-02 -3.7738783E-03 -1.5595039E-01  0.0000000E+00
  7.8507600E+01  7.4169503E-01  9.0771240E-02 -7.9025188E-03 -1.3835731E-01  0.0000000E+00
  7.8507600E+01  7.9565496E-01  9.4868182E-02 -9.9294074E-03 -1.2275543E-01  0.0000000E+00
  7.8507600E+01  8.1157279E-01  8.9800871E-02 -9.9371825E-03 -1.1106183E-01  0.0000000E+00
  7.8507600E+01  8.1905755E-01  8.2961400E-02 -9.0837253E-03 -1.0210151E-01  0.0000000E+00
  7.8507600E+01  8.2425643E-01  7.6210162E-02 -8.2503399E-03 -9.4979763E-02  0.0000000E+00
  7.8507600E+01  8.2890850E-01  6.9989779E-02 -7.9395892E-03 -8.9197737E-02  0.0000000E+00
  7.8507600E+01  8.3392917E-01  6.4274284E-02 -8.3383691E-03 -8.4401720E-02  0.0000000E+00
  7.8507600E+01  8.3940190E-01  5.9046662E-02 -9.3625478E-03 -8.0317187E-02  0.0000000E+00
  7.8507600E+01  8.4509855E-01  5.4239897E-02 -1.0648012E-02 -7.6772222E-02  0.0000000E+00
  7.8507600E+01  8.5086358E-01  4.9747206E-02 -1.1791320E-02 -7.3619448E-02  0.0000000E+00
  7.8507600E+01  8.5656782E-01  4.5525253E-02 -1.2622512E-02 -7.0759602E-02  0.0000000E+00
  7.8507600E+01  8.6221140E-01  4.1586332E-02 -1.3200579E-02 -6.8142782E-02  0.0000000E+00
  7.8507600E+01  8.6805115E-01  3.7940798E-02 -1.3652496E-02 -6.5718719E-02  0.0000000E+00
  7.8507600E+01  8.7441069E-01  3.4642014E-02 -1.4137153E-02 -6.3448271E-02  0.0000000E+00
  7.8507600E+01  8.8143773E-01  3.1763560E-02 -1.4791401E-02 -6.1309144E-02  0.0000000E+00
  7.8507600E+01  8.8900351E-01  2.9287425E-02 -1.5619857E-02 -5.9265877E-02  0.0000000E+00
  7.8507600E+01  8.9682109E-01  2.7147406E-02 -1.6538328E-02 -5.7294737E-02  0.0000000E+00
  7.8507600E+01  9.0466359E-01  2.5254271E-02 -1.7398417E-02 -5.5378103E-02  0.0000000E+00
  7.8507600E+01  9.1245635E-01  2.3545741E-02 -1.8011305E-02 -5.3514610E-02  0.0000000E+00
  7.8507600E+01  9.2034828E-01  2.1974182E-02 -1.8283953E-02 -5.1696253E-02  0.0000000E+00
  7.8507600E+01  9.2839406E-01  2.0474789E-02 -1.8255822E-02 -4.9920196E-02  0.0000000E+00
  7.8507600E+01  9.3642215E-01  1.8991058E-02 -1.8030754E-02 -4.8195321E-02  0.0000000E+00
  7.8507600E+01  9.4424656E-01  1.7497173E-02 -1.7705795E-02 -4.6523742E-02  0.0000000E+00
  7.8507600E+01  9.5183043E-01  1.6017944E-02 -1.7305895E-02 -4.4911273E-02  0.0000000E+00
  7.8507600E+01  9.5930256E-01  1.4624373E-02 -1.6826602E-02 -4.3369959E-02  0.0000000E+00
  7.8507600E+01  9.6673224E-01  1.3367773E-02 -1.6318291E-02 -4.1894826E-02  0.0000000E+00
  7.8507600E+01  9.7402421E-01  1.2233730E-02 -1.5808043E-02 -4.0480678E-02  0.0000000E+00
  7.8507600E+01  9.8107570E-01  1.1179186E-02 -1.5282577E-02 -3.9118191E-02  0.0000000E+00
  7.8507600E+01  9.8775975E-01  1.0183487E-02 -1.4737320E-02 -3.7807075E-02  0.0000000E+00
  7.8507600E+01  9.9404946E-01  9.2419668E-03 -1.4184377E-02 -3.6546435E-02  0.0000000E+00
  7.8507600E+01  1.0000228E+00  8.3479985E-03 -1.3646662E-02 -3.5340116E-02  0.0000000E+00
  7.8507600E+01  1.0057710E+00  7.4921243E-03 -1.3152996E-02 -3.4194499E-02  0.0000000E+00
  7.8507600E+01  1.0113908E+00  6.6772417E-03 -1.2721944E-02 -3.3102329E-02  0.0000000E+00
  7.8507600E+01  1.0169628E+00  5.9131288E-03 -1.2386072E-02 -3.2052280E-02  0.0000000E+00
  7.8507600E+01  1.0225220E+00  5.2155051E-03 -1.2152754E-02 -3.1037261E-02  0.0000000E+00
  7.8507600E+01  1.0281308E+00  4.5947265E-03 -1.1988892E-02 -3.0047617E-02  0.0000000E+00
  7.8507600E+01  1.0338662E+00  4.0548582E-03 -1.1848239E-02 -2.9080180E-02  0.0000000E+00
  7.8507600E+01  1.0397457E+00  3.5853475E-03 -1.1723281E-02 -2.8138485E-02  0.0000000E+00
  7.8507600E+01  1.0457583E+00  3.1503161E-03 -1.1619803E-02 -2.7221173E-02  0.0000000E+00
  7.8507600E+01  1.0518630E+00  2.7085176E-03 -1.1494897E-02 -2.6332245E-02  0.0000000E+00
  7.8507600E+01  1.0580547E+00  2.2293189E-03 -1.1303300E-02 -2.5472732E-02  0.0000000E+00
  7.8507600E+01  1.0642895E+00  1.6921242E-03 -1.1047686E-02 -2.4647428E-02  0.0000000E+00
  7.8507600E+01  1.0705321E+00  1.0920501E-03 -1.0776436E-02 -2.3852801E-02  0.0000000E+00
  7.8507600E+01  1.0767226E+00  4.5643906E-04 -1.0546255E-02 -2.3080864E-02  0.0000000E+00
  7.8507600E+01  1.0827861E+00 -1.5257458E-04 -1.0362700E-02 -2.2329793E-02  0.0000000E+00
  7.8507600E+01  1.0887392E+00 -6.9153608E-04 -1.0188180E-02 -2.1594725E-02  0.0000000E+00
  7.8507600E+01  1.0946120E+00 -1.1459612E-03 -9.9997265E-03 -2.0873867E-02  0.0000000E+00
  7.8507600E+01  1.1003890E+00 -1.5178595E-03 -9.7795016E-03 -2.0168792E-02  0.0000000E+00
  7.8507600E+01  1.1060955E+00 -1.8224440E-03 -9.5157789E-03 -1.9477333E-02  0.0000000E+00
  7.8507600E+01  1.1117513E+00 -2.0779966E-03 -9.2189774E-03 -1.8798182E-02  0.0000000E+00
  7.8507600E+01  1.1173771E+00 -2.2990442E-03 -8.9217633E-03 -1.8129454E-02  0.0000000E+00
  7.8507600E+01  1.1229318E+00 -2.4915366E-03 -8.6649158E-03 -1.7474148E-02  0.0000000E+00
  7.8507600E+01  1.1283714E+00 -2.6619638E-03 -8.4595672E-03 -1.6831692E-02  0.0000000E+00
  7.8507600E+01  1.1336581E+00 -2.8136274E-03 -8.2811940E-03 -1.6203437E-02  0.0000000E+00
  7.8507600E+01  1.1387520E+00 -2.9374680E-03 -8.0997407E-03 -1.5595707E-02  0.0000000E+00
  7.8507600E+01  1.1436755E+00 -3.0221048E-03 -7.8915627E-03 -1.5009786E-02  0.0000000E+00
  7.8507600E+01  1.1484651E+00 -3.0680762E-03 -7.6401393E-03 -1.4446428E-02  0.0000000E+00
  7.8507600E+01  1.1531292E+00 -3.0892631E-03 -7.3361340E-03 -1.3909059E-02  0.0000000E+00
  7.8507600E+01  1.1576920E+00 -3.1050769E-03 -6.9707335E-03 -1.3396610E-02  0.0000000E+00
  7.8507600E+01  1.1621550E+00 -3.1288584E-03 -6.5364564E-03 -1.2907615E-02  0.0000000E+00
  7.8507600E+01  1.1665232E+00 -3.1614171E-03 -6.0277517E-03 -1.2438402E-02  0.0000000E+00
  7.8507600E+01  1.1707708E+00 -3.2010373E-03 -5.4510534E-03 -1.1986827E-02  0.0000000E+00
  7.8507600E+01  1.1749068E+00 -3.2446765E-03 -4.8195190E-03 -1.1549714E-02  0.0000000E+00
  7.8507600E+01  1.1789551E+00 -3.2911243E-03 -4.1407235E-03 -1.1125317E-02  0.0000000E+00
  7.8507600E+01  1.1829199E+00 -3.3443035E-03 -3.4239341E-03 -1.0714640E-02  0.0000000E+00
  7.8507600E+01  1.1868191E+00 -3.4111004E-03 -2.6757638E-03 -1.0316112E-02  0.0000000E+00
  7.8507600E+01  1.1906507E+00 -3.4977040E-03 -1.9069975E-03 -9.9285125E-03  0.0000000E+00
  7.8507600E+01  1.1943713E+00 -3.6051716E-03 -1.1352152E-03 -9.5532563E-03  0.0000000E+00
  7.8507600E+01  1.1979529E+00 -3.7290319E-03 -3.6907244E-04 -9.1893602E-03  0.0000000E+00
  7.8507600E+01  1.2013921E+00 -3.8623318E-03  3.7721394E-04 -8.8362094E-03  0.0000000E+00
  7.8507600E+01  1.2046874E+00 -3.9994738E-03  1.0837050E-03 -8.4948570E-03  0.0000000E+00
  7.8507600E+01  1.2078663E+00 -4.1366300E-03  1.7484058E-03 -8.1637934E-03  0.0000000E+00
  7.8507600E+01  1.2109517E+00 -4.2704749E-03  2.3687287E-03 -7.8416124E-03  0.0000000E+00
  7.8507600E+01  1.2139685E+00 -4.3978963E-03  2.9392535E-03 -7.5260094E-03  0.0000000E+00
  7.8507600E+01  1.2169172E+00 -4.5167879E-03  3.4502163E-03 -7.2165070E-03  0.0000000E+00
  7.8507600E+01  1.2198056E+00 -4.6293709E-03  3.8997047E-03 -6.9112545E-03  0.0000000E+00
  7.8507600E+01  1.2226361E+00 -4.7396911E-03  4.2938138E-03 -6.6093084E-03  0.0000000E+00
  7.8507600E+01  1.2254014E+00 -4.8490520E-03  4.6338309E-03 -6.3127650E-03  0.0000000E+00
  7.8507600E+01  1.2281206E+00 -4.9552880E-03  4.9070058E-03 -6.0223925E-03  0.0000000E+00
  7.8507600E+01  1.2308277E+00 -5.0516366E-03  5.0901300E-03 -5.7392218E-03  0.0000000E+00
  7.8507600E+01  1.2335262E+00 -5.1305179E-03  5.1653098E-03 -5.4652731E-03  0.0000000E+00
  7.8507600E+01  1.2362129E+00 -5.1873390E-03  5.1378136E-03 -5.1998731E-03  0.0000000E+00
  7.8507600E+01  1.2388674E+00 -5.2200394E-03  5.0358628E-03 -4.9416270E-03  0.0000000E+00
  7.8507600E+01  1.2414780E+00 -5.2283283E-03  4.9005356E-03 -4.6876899E-03  0.0000000E+00
  7.8507600E+01  1.2440322E+00 -5.2126576E-03  4.7713553E-03 -4.4364258E-03  0.0000000E+00
  7.8507600E+01  1.2465395E+00 -5.1733904E-03  4.6673269E-03 -4.1857279E-03  0.0000000E+00
  7.8507600E+01  1.2489975E+00 -5.1134815E-03  4.5994712E-03 -3.9342974E-03  0.0000000E+00
  7.8507600E+01  1.2513824E+00 -5.0411827E-03  4.5785881E-03 -3.6834694E-03  0.0000000E+00
  7.8507600E+01  1.2536868E+00 -4.9680156E-03  4.6102501E-03 -3.4345100E-03  0.0000000E+00
  7.8507600E+01  1.2559079E+00 -4.9046498E-03  4.6916897E-03 -3.1891542E-03  0.0000000E+00
  7.8507600E+01  1.2580333E+00 -4.8577264E-03  4.8098565E-03 -2.9502336E-03  0.0000000E+00
  7.8507600E+01  1.2600632E+00 -4.8271810E-03  4.9445857E-03 -2.7186796E-03  0.0000000E+00
  7.8507600E+01  1.2619901E+00 -4.8070816E-03  5.0729552E-03 -2.4953575E-03  0.0000000E+00
  7.8507600E+01  1.2638077E+00 -4.7886990E-03  5.1771400E-03 -2.2799840E-03  0.0000000E+00
  7.8507600E+01  1.2655020E+00 -4.7634350E-03  5.2509341E-03 -2.0730333E-03  0.0000000E+00
  7.8507600E+01  1.2670813E+00 -4.7242969E-03  5.2964469E-03 -1.8739063E-03  0.0000000E+00
  7.8507600E+01  1.2685675E+00 -4.6670382E-03  5.3163876E-03 -1.6824198E-03  0.0000000E+00
  7.8507600E+01  1.2699810E+00 -4.5914133E-03  5.3138415E-03 -1.4990745E-03  0.0000000E+00
  7.8507600E+01 -1.4063780E-06  2.4351933E-07  4.4123323E-07 -8.8255085E-02  0.0000000E+00
  7.8507600E+01 -2.4429898E-02  4.9901911E-03  6.6671706E-03 -8.8277398E-02  0.0000000E+00
  7.8507600E+01 -4.5141079E-02  1.1265028E-02  1.1291974E-02 -8.8467283E-02  0.0000000E+00
  7.8507600E+01 -5.6920809E-02  1.7720582E-02  1.4482543E-02 -8.8882985E-02  0.0000000E+00
  7.8507600E+01 -5.4644504E-02  2.2362774E-02  1.6821355E-02 -8.9460249E-02  0.0000000E+00
  7.8507600E+01 -3.3974918E-02  2.3231506E-02  1.8254417E-02 -9.0088258E-02  0.0000000E+00
  7.8507600E+01  1.0058440E-02  1.9181722E-02  1.7880289E-02 -9.0659635E-02  0.0000000E+00
  7.8507600E+01  8.4504135E-02  1.0400149E-02  1.4685697E-02 -9.1059515E-02  0.0000000E+00
  7.8507600E+01  1.9493242E-01 -1.0487184E-03  9.0132928E-03 -9.1130763E-02  0.0000000E+00
  7.8507600E+01  3.3811958E-01 -1.1487571E-02  2.9421444E-03 -9.0728328E-02  0.0000000E+00
  7.8507600E+01  4.9373602E-01 -1.7476973E-02 -1.6555218E-03 -8.9801478E-02  0.0000000E+00
  7.8507600E+01  6.2954618E-01 -1.8350806E-02 -4.5174376E-03 -8.8423028E-02  0.0000000E+00
  7.8507600E+01  7.2443367E-01 -1.6321347E-02 -6.1457089E-03 -8.6815724E-02  0.0000000E+00
  7.8507600E+01  7.8123844E-01 -1.3899186E-02 -6.9238547E-03 -8.5230950E-02  0.0000000E+00
  7.8507600E+01  8.1336069E-01 -1.2299753E-02 -7.0791360E-03 -8.3791617E-02  0.0000000E+00
  7.8507600E+01  8.3193849E-01 -1.1678672E-02 -7.0345006E-03 -8.2456296E-02  0.0000000E+00
  7.8507600E+01  8.4371788E-01 -1.1722118E-02 -7.2317013E-03 -8.1134481E-02  0.0000000E+00
  7.8507600E+01  8.5239228E-01 -1.2061583E-02 -7.8081192E-03 -7.9756477E-02  0.0000000E+00
  7.8507600E+01  8.5986088E-01 -1.2419314E-02 -8.6467494E-03 -7.8282669E-02  0.0000000E+00
  7.8507600E+01  8.6682037E-01 -1.2679442E-02 -9.5940962E-03 -7.6705042E-02  0.0000000E+00
  7.8507600E+01  8.7346789E-01 -1.2844435E-02 -1.0553488E-02 -7.5043729E-02  0.0000000E+00
  7.8507600E+01  8.7992485E-01 -1.2973638E-02 -1.1425107E-02 -7.3326458E-02  0.0000000E+00
  7.8507600E+01  8.8638709E-01 -1.3118021E-02 -1.2186639E-02 -7.1577056E-02  0.0000000E+00
  7.8507600E+01  8.9300621E-01 -1.3294961E-02 -1.2946763E-02 -6.9810509E-02  0.0000000E+00
  7.8507600E+01  8.9990738E-01 -1.3468633E-02 -1.3742419E-02 -6.8027836E-02  0.0000000E+00
  7.8507600E+01  9.0710015E-01 -1.3588939E-02 -1.4487266E-02 -6.6240663E-02  0.0000000E+00
  7.8507600E+01  9.1443053E-01 -1.3659484E-02 -1.5118972E-02 -6.4451281E-02  0.0000000E+00
  7.8507600E+01  9.2168818E-01 -1.3733921E-02 -1.5662929E-02 -6.2663148E-02  0.0000000E+00
  7.8507600E+01  9.2883124E-01 -1.3851377E-02 -1.6083024E-02 -6.0879404E-02  0.0000000E+00
  7.8507600E+01  9.3595492E-01 -1.3989007E-02 -1.6278852E-02 -5.9102730E-02  0.0000000E+00
  7.8507600E+01  9.4320164E-01 -1.4094042E-02 -1.6216892E-02 -5.7334599E-02  0.0000000E+00
  7.8507600E+01  9.5063819E-01 -1.4141413E-02 -1.5967517E-02 -5.5571175E-02  0.0000000E+00
  7.8507600E+01  9.5816743E-01 -1.4149879E-02 -1.5641183E-02 -5.3806083E-02  0.0000000E+00
  7.8507600E+01  9.6562135E-01 -1.4159780E-02 -1.5288886E-02 -5.2040444E-02  0.0000000E+00
  7.8507600E+01  9.7291270E-01 -1.4186196E-02 -1.4836683E-02 -5.0303224E-02  0.0000000E+00
  7.8507600E+01  9.8007074E-01 -1.4200177E-02 -1.4243470E-02 -4.8613948E-02  0.0000000E+00
  7.8507600E+01  9.8707010E-01 -1.4167680E-02 -1.3589544E-02 -4.6987624E-02  0.0000000E+00
  7.8507600E+01  9.9385620E-01 -1.4077474E-02 -1.2996846E-02 -4.5428148E-02  0.0000000E+00
  7.8507600E+01  1.0004050E+00 -1.3939669E-02 -1.2521942E-02 -4.3930264E-02  0.0000000E+00
  7.8507600E+01  1.0067459E+00 -1.3763422E-02 -1.2142815E-02 -4.2490234E-02  0.0000000E+00
  7.8507600E+01  1.0128840E+00 -1.3560529E-02 -1.1864055E-02 -4.1105967E-02  0.0000000E+00
  7.8507600E+01  1.0188118E+00 -1.3363500E-02 -1.1676731E-02 -3.9776083E-02  0.0000000E+00
  7.8507600E+01  1.0246028E+00 -1.3205141E-02 -1.1568355E-02 -3.8494866E-02  0.0000000E+00
  7.8507600E+01  1.0303225E+00 -1.3093186E-02 -1.1513547E-02 -3.7260128E-02  0.0000000E+00
  7.8507600E+01  1.0360651E+00 -1.3004962E-02 -1.1471282E-02 -3.6061767E-02  0.0000000E+00
  7.8507600E+01  1.0419018E+00 -1.2903318E-02 -1.1397546E-02 -3.4894906E-02  0.0000000E+00
  7.8507600E+01  1.0478763E+00 -1.2764345E-02 -1.1270563E-02 -3.3758379E-02  0.0000000E+00
  7.8507600E+01  1.0539887E+00 -1.2593178E-02 -1.1104790E-02 -3.2652402E-02  0.0000000E+00
  7.8507600E+01  1.0602410E+00 -1.2428274E-02 -1.0923998E-02 -3.1574911E-02  0.0000000E+00
  7.8507600E+01  1.0665996E+00 -1.2313120E-02 -1.0716728E-02 -3.0524584E-02  0.0000000E+00
  7.8507600E+01  1.0730210E+00 -1.2274067E-02 -1.0462803E-02 -2.9499400E-02  0.0000000E+00
  7.8507600E+01  1.0794213E+00 -1.2307449E-02 -1.0167484E-02 -2.8502645E-02  0.0000000E+00
  7.8507600E+01  1.0857510E+00 -1.2383290E-02 -9.8659983E-03 -2.7532074E-02  0.0000000E+00
  7.8507600E+01  1.0919590E+00 -1.2460292E-02 -9.6028875E-03 -2.6586877E-02  0.0000000E+00
  7.8507600E+01  1.0980314E+00 -1.2505091E-02 -9.3779959E-03 -2.5665212E-02  0.0000000E+00
  7.8507600E+01  1.1039979E+00 -1.2501334E-02 -9.1605909E-03 -2.4765034E-02  0.0000000E+00
  7.8507600E+01  1.1098780E+00 -1.2447735E-02 -8.9307034E-03 -2.3886276E-02  0.0000000E+00
  7.8507600E+01  1.1156947E+00 -1.2353108E-02 -8.6918535E-03 -2.3029644E-02  0.0000000E+00
  7.8507600E+01  1.1214542E+00 -1.2232075E-02 -8.4669303E-03 -2.2195896E-02  0.0000000E+00
  7.8507600E+01  1.1271500E+00 -1.2099753E-02 -8.2751292E-03 -2.1383796E-02  0.0000000E+00
  7.8507600E+01  1.1327309E+00 -1.1966722E-02 -8.1121872E-03 -2.0595304E-02  0.0000000E+00
  7.8507600E+01  1.1381764E+00 -1.1832374E-02 -7.9452561E-03 -1.9828397E-02  0.0000000E+00
  7.8507600E+01  1.1434646E+00 -1.1684133E-02 -7.7419356E-03 -1.9085057E-02  0.0000000E+00
  7.8507600E+01  1.1485815E+00 -1.1501364E-02 -7.4780108E-03 -1.8366731E-02  0.0000000E+00
  7.8507600E+01  1.1535429E+00 -1.1273476E-02 -7.1381616E-03 -1.7673313E-02  0.0000000E+00
  7.8507600E+01  1.1583679E+00 -1.1007317E-02 -6.7377371E-03 -1.7005808E-02  0.0000000E+00
  7.8507600E+01  1.1630631E+00 -1.0725084E-02 -6.2895263E-03 -1.6366445E-02  0.0000000E+00
  7.8507600E+01  1.1676226E+00 -1.0454289E-02 -5.7938111E-03 -1.5756443E-02  0.0000000E+00
  7.8507600E+01  1.1720455E+00 -1.0214513E-02 -5.2451255E-03 -1.5173550E-02  0.0000000E+00
  7.8507600E+01  1.1763167E+00 -1.0010318E-02 -4.6481999E-03 -1.4616186E-02  0.0000000E+00
  7.8507600E+01  1.1804612E+00 -9.8301991E-03 -4.0134334E-03 -1.4078922E-02  0.0000000E+00
  7.8507600E+01  1.1844978E+00 -9.6606578E-03 -3.3341479E-03 -1.3557892E-02  0.0000000E+00
  7.8507600E+01  1.1884458E+00 -9.4938833E-03 -2.6050284E-03 -1.3050521E-02  0.0000000E+00
  7.8507600E+01  1.1923158E+00 -9.3330766E-03 -1.8327152E-03 -1.2555786E-02  0.0000000E+00
  7.8507600E+01  1.1961041E+00 -9.1891261E-03 -1.0318268E-03 -1.2073963E-02  0.0000000E+00
  7.8507600E+01  1.1997959E+00 -9.0730614E-03 -2.2321566E-04 -1.1605791E-02  0.0000000E+00
  7.8507600E+01  1.2033787E+00 -8.9904354E-03  5.6921459E-04 -1.1151374E-02  0.0000000E+00
  7.8507600E+01  1.2068240E+00 -8.9397528E-03  1.3156775E-03 -1.0713104E-02  0.0000000E+00
  7.8507600E+01  1.2101334E+00 -8.9142629E-03  1.9939349E-03 -1.0289905E-02  0.0000000E+00
  7.8507600E+01  1.2133200E+00 -8.9064956E-03  2.5921730E-03 -9.8807449E-03  0.0000000E+00
  7.8507600E+01  1.2164131E+00 -8.9086305E-03  3.1150674E-03 -9.4839802E-03  0.0000000E+00
  7.8507600E+01  1.2194418E+00 -8.9129725E-03  3.5801419E-03 -9.0976162E-03  0.0000000E+00
  7.8507600E+01  1.2224171E+00 -8.9149976E-03  3.9994094E-03 -8.7194627E-03  0.0000000E+00
  7.8507600E+01  1.2253391E+00 -8.9130029E-03  4.3724285E-03 -8.3478131E-03  0.0000000E+00
  7.8507600E+01  1.2282037E+00 -8.9066119E-03  4.6877956E-03 -7.9820006E-03  0.0000000E+00
  7.8507600E+01  1.2310140E+00 -8.8948593E-03  4.9302135E-03 -7.6219624E-03  0.0000000E+00
  7.8507600E+01  1.2337638E+00 -8.8745155E-03  5.0878589E-03 -7.2705477E-03  0.0000000E+00
  7.8507600E+01  1.2364680E+00 -8.8386593E-03  5.1620978E-03 -6.9287912E-03  0.0000000E+00
  7.8507600E+01  1.2391438E+00 -8.7768006E-03  5.1615402E-03 -6.5976427E-03  0.0000000E+00
  7.8507600E+01  1.2418061E+00 -8.6814762E-03  5.0971341E-03 -6.2762938E-03  0.0000000E+00
  7.8507600E+01  1.2444455E+00 -8.5515209E-03  4.9910617E-03 -5.9621673E-03  0.0000000E+00
  7.8507600E+01  1.2470411E+00 -8.3915349E-03  4.8715956E-03 -5.6525096E-03  0.0000000E+00
  7.8507600E+01  1.2495733E+00 -8.2103236E-03  4.7662060E-03 -5.3455658E-03  0.0000000E+00
  7.8507600E+01  1.2520294E+00 -8.0189316E-03  4.6969856E-03 -5.0411442E-03  0.0000000E+00
  7.8507600E+01  1.2544093E+00 -7.8282943E-03  4.6778156E-03 -4.7399191E-03  0.0000000E+00
  7.8507600E+01  1.2567031E+00 -7.6489006E-03  4.7126959E-03 -4.4445822E-03  0.0000000E+00
  7.8507600E+01  1.2589075E+00 -7.4865578E-03  4.7941736E-03 -4.1560824E-03  0.0000000E+00
  7.8507600E+01  1.2610150E+00 -7.3414103E-03  4.9091689E-03 -3.8754676E-03  0.0000000E+00
  7.8507600E+01  1.2630175E+00 -7.2085119E-03  5.0426381E-03 -3.6038094E-03  0.0000000E+00
  7.8507600E+01  1.2649094E+00 -7.0803741E-03  5.1784153E-03 -3.3416691E-03  0.0000000E+00
  7.8507600E+01  0.0000000E+00  0.0000000E+00  0.0000000E+00 -4.0125959E-02  0.0000000E+00
  7.8507600E+01 -1.3658274E-02  2.1932618E-03 -6.1200313E-04 -4.0853677E-02  0.0000000E+00
  7.8507600E+01  2.6132857E-02 -8.7274519E-03 -3.3515803E-05 -4.1662301E-02  0.0000000E+00
  7.8507600E+01  9.6434722E-02 -2.2930539E-02  1.3134618E-03 -4.3031163E-02  0.0000000E+00
  7.8507600E+01  1.8217374E-01 -3.6098223E-02  2.4526840E-03 -4.4584530E-02  0.0000000E+00
  7.8507600E+01  2.7630763E-01 -4.6826820E-02  2.4746700E-03 -4.5878057E-02  0.0000000E+00
  7.8507600E+01  3.7412176E-01 -5.4810344E-02  1.3190356E-03 -4.6699387E-02  0.0000000E+00
  7.8507600E+01  4.7042498E-01 -5.9933105E-02 -5.0197201E-04 -4.7045745E-02  0.0000000E+00
  7.8507600E+01  5.5861273E-01 -6.2148943E-02 -2.5093422E-03 -4.7016309E-02  0.0000000E+00
  7.8507600E+01  6.3276135E-01 -6.1870909E-02 -4.2856515E-03 -4.6778392E-02  0.0000000E+00
  7.8507600E+01  6.9082903E-01 -5.9911402E-02 -5.4451822E-03 -4.6512402E-02  0.0000000E+00
  7.8507600E+01  7.3448275E-01 -5.7188168E-02 -6.0288074E-03 -4.6322717E-02  0.0000000E+00
  7.8507600E+01  7.6684691E-01 -5.4383308E-02 -6.3091316E-03 -4.6231914E-02  0.0000000E+00
  7.8507600E+01  7.9083098E-01 -5.1802437E-02 -6.4868846E-03 -4.6222395E-02  0.0000000E+00
  7.8507600E+01  8.0901884E-01 -4.9478661E-02 -6.7476753E-03 -4.6250703E-02  0.0000000E+00
  7.8507600E+01  8.2347875E-01 -4.7395564E-02 -7.2831548E-03 -4.6276363E-02  0.0000000E+00
  7.8507600E+01  8.3551922E-01 -4.5574780E-02 -8.1028281E-03 -4.6266091E-02  0.0000000E+00
  7.8507600E+01  8.4598578E-01 -4.4012571E-02 -9.0814596E-03 -4.6188701E-02  0.0000000E+00
  7.8507600E+01  8.5531814E-01 -4.2707280E-02 -1.0028500E-02 -4.6027830E-02  0.0000000E+00
  7.8507600E+01  8.6382080E-01 -4.1647559E-02 -1.0870281E-02 -4.5785788E-02  0.0000000E+00
  7.8507600E+01  8.7183767E-01 -4.0781068E-02 -1.1650112E-02 -4.5472219E-02  0.0000000E+00
  7.8507600E+01  8.7957251E-01 -4.0049119E-02 -1.2383674E-02 -4.5090035E-02  0.0000000E+00
  7.8507600E+01  8.8716714E-01 -3.9403585E-02 -1.3041037E-02 -4.4638415E-02  0.0000000E+00
  7.8507600E+01  8.9471412E-01 -3.8803016E-02 -1.3573948E-02 -4.4111897E-02  0.0000000E+00
  7.8507600E+01  9.0221001E-01 -3.8227585E-02 -1.3930960E-02 -4.3507738E-02  0.0000000E+00
  7.8507600E+01  9.0964640E-01 -3.7690232E-02 -1.4087058E-02 -4.2832050E-02  0.0000000E+00
  7.8507600E+01  9.1705026E-01 -3.7217309E-02 -1.4048901E-02 -4.2100687E-02  0.0000000E+00
  7.8507600E+01  9.2437295E-01 -3.6816192E-02 -1.3846338E-02 -4.1331011E-02  0.0000000E+00
  7.8507600E+01  9.3161910E-01 -3.6471644E-02 -1.3533657E-02 -4.0535399E-02  0.0000000E+00
  7.8507600E+01  9.3891109E-01 -3.6143473E-02 -1.3194848E-02 -3.9714099E-02  0.0000000E+00
  7.8507600E+01  9.4635436E-01 -3.5770972E-02 -1.2903209E-02 -3.8859751E-02  0.0000000E+00
  7.8507600E+01  9.5395344E-01 -3.5300281E-02 -1.2663111E-02 -3.7967119E-02  0.0000000E+00
  7.8507600E+01  9.6161286E-01 -3.4716092E-02 -1.2410512E-02 -3.7038068E-02  0.0000000E+00
  7.8507600E+01  9.6918219E-01 -3.4058210E-02 -1.2113806E-02 -3.6084280E-02  0.0000000E+00
  7.8507600E+01  9.7650600E-01 -3.3379697E-02 -1.1753363E-02 -3.5128119E-02  0.0000000E+00
  7.8507600E+01  9.8353868E-01 -3.2696245E-02 -1.1345880E-02 -3.4188207E-02  0.0000000E+00
  7.8507600E+01  9.9029578E-01 -3.2012462E-02 -1.0963907E-02 -3.3274154E-02  0.0000000E+00
  7.8507600E+01  9.9681639E-01 -3.1341692E-02 -1.0694405E-02 -3.2385592E-02  0.0000000E+00
  7.8507600E+01  1.0031646E+00 -3.0694061E-02 -1.0587882E-02 -3.1515865E-02  0.0000000E+00
  7.8507600E+01  1.0094431E+00 -3.0047509E-02 -1.0633197E-02 -3.0664102E-02  0.0000000E+00
  7.8507600E+01  1.0157284E+00 -2.9395042E-02 -1.0751678E-02 -2.9832628E-02  0.0000000E+00
  7.8507600E+01  1.0220590E+00 -2.8761125E-02 -1.0804106E-02 -2.9025238E-02  0.0000000E+00
  7.8507600E+01  1.0284468E+00 -2.8148250E-02 -1.0730117E-02 -2.8239455E-02  0.0000000E+00
  7.8507600E+01  1.0348864E+00 -2.7546534E-02 -1.0562918E-02 -2.7469818E-02  0.0000000E+00
  7.8507600E+01  1.0413676E+00 -2.6951353E-02 -1.0374831E-02 -2.6711430E-02  0.0000000E+00
  7.8507600E+01  1.0478763E+00 -2.6370193E-02 -1.0216718E-02 -2.5962501E-02  0.0000000E+00
  7.8507600E+01  1.0543728E+00 -2.5816677E-02 -1.0101453E-02 -2.5223495E-02  0.0000000E+00
  7.8507600E+01  1.0608023E+00 -2.5297038E-02 -1.0041461E-02 -2.4493967E-02  0.0000000E+00
  7.8507600E+01  1.0671706E+00 -2.4813738E-02 -9.9843195E-03 -2.3772148E-02  0.0000000E+00
  7.8507600E+01  1.0735194E+00 -2.4369644E-02 -9.8398607E-03 -2.3056695E-02  0.0000000E+00
  7.8507600E+01  1.0798648E+00 -2.3961386E-02 -9.5809879E-03 -2.2346690E-02  0.0000000E+00
  7.8507600E+01  1.0861821E+00 -2.3571214E-02 -9.2483023E-03 -2.1641322E-02  0.0000000E+00
  7.8507600E+01  1.0924236E+00 -2.3171351E-02 -8.9082535E-03 -2.0942028E-02  0.0000000E+00
  7.8507600E+01  1.0985519E+00 -2.2739184E-02 -8.6049369E-03 -2.0252189E-02  0.0000000E+00
  7.8507600E+01  1.1045639E+00 -2.2276983E-02 -8.3468496E-03 -1.9574076E-02  0.0000000E+00
  7.8507600E+01  1.1104675E+00 -2.1796174E-02 -8.1395417E-03 -1.8910065E-02  0.0000000E+00
  7.8507600E+01  1.1162740E+00 -2.1311228E-02 -7.9669901E-03 -1.8262276E-02  0.0000000E+00
  7.8507600E+01  1.1219878E+00 -2.0836572E-02 -7.8158108E-03 -1.7630416E-02  0.0000000E+00
  7.8507600E+01  1.1275995E+00 -2.0380980E-02 -7.6774551E-03 -1.7013785E-02  0.0000000E+00
  7.8507600E+01  1.1330875E+00 -1.9947142E-02 -7.5394339E-03 -1.6412606E-02  0.0000000E+00
  7.8507600E+01  1.1384297E+00 -1.9533254E-02 -7.3776616E-03 -1.5827521E-02  0.0000000E+00
  7.8507600E+01  1.1436170E+00 -1.9132950E-02 -7.1579144E-03 -1.5259630E-02  0.0000000E+00
  7.8507600E+01  1.1486611E+00 -1.8733419E-02 -6.8537739E-03 -1.4710456E-02  0.0000000E+00
  7.8507600E+01  1.1535685E+00 -1.8321042E-02 -6.4662427E-03 -1.4179419E-02  0.0000000E+00
  7.8507600E+01  1.1583611E+00 -1.7891724E-02 -6.0201112E-03 -1.3666008E-02  0.0000000E+00
  7.8507600E+01  1.1630576E+00 -1.7454758E-02 -5.5446264E-03 -1.3170961E-02  0.0000000E+00
  7.8507600E+01  1.1676543E+00 -1.7027512E-02 -5.0553314E-03 -1.2695086E-02  0.0000000E+00
  7.8507600E+01  1.1721286E+00 -1.6627036E-02 -4.5471426E-03 -1.2238056E-02  0.0000000E+00
  7.8507600E+01  1.1764556E+00 -1.6261534E-02 -3.9980807E-03 -1.1798495E-02  0.0000000E+00
  7.8507600E+01  1.1806290E+00 -1.5926531E-02 -3.3829709E-03 -1.1374428E-02  0.0000000E+00
  7.8507600E+01  1.1846724E+00 -1.5609847E-02 -2.6964624E-03 -1.0963099E-02  0.0000000E+00
  7.8507600E+01  1.1886048E+00 -1.5299763E-02 -1.9630830E-03 -1.0561374E-02  0.0000000E+00
  7.8507600E+01  1.1924273E+00 -1.4992421E-02 -1.2171835E-03 -1.0167681E-02  0.0000000E+00
  7.8507600E+01  1.1961500E+00 -1.4689989E-02 -4.7538374E-04 -9.7818935E-03  0.0000000E+00
  7.8507600E+01  1.1997778E+00 -1.4399531E-02  2.5679318E-04 -9.4048606E-03  0.0000000E+00
  7.8507600E+01  1.2033063E+00 -1.4129993E-02  9.7346928E-04 -9.0375909E-03  0.0000000E+00
  7.8507600E+01  1.2067281E+00 -1.3888870E-02  1.6625370E-03 -8.6807808E-03  0.0000000E+00
  7.8507600E+01  1.2100431E+00 -1.3679686E-02  2.3055031E-03 -8.3345891E-03  0.0000000E+00
  7.8507600E+01  1.2132681E+00 -1.3501390E-02  2.8831972E-03 -7.9985556E-03  0.0000000E+00
  7.8507600E+01  1.2164211E+00 -1.3349841E-02  3.3869858E-03 -7.6719401E-03  0.0000000E+00
  7.8507600E+01  1.2194968E+00 -1.3216882E-02  3.8279343E-03 -7.3539923E-03  0.0000000E+00
  7.8507600E+01  1.2224911E+00 -1.3093098E-02  4.2192226E-03 -7.0441188E-03  0.0000000E+00
  7.8507600E+01  1.2254100E+00 -1.2970682E-02  4.5640241E-03 -6.7410526E-03  0.0000000E+00
  7.8507600E+01  1.2282619E+00 -1.2843120E-02  4.8532416E-03 -6.4431376E-03  0.0000000E+00
  7.8507600E+01  1.2310517E+00 -1.2705055E-02  5.0718886E-03 -6.1489791E-03  0.0000000E+00
  7.8507600E+01  1.2337788E+00 -1.2552276E-02  5.2098734E-03 -5.8581115E-03  0.0000000E+00
  7.8507600E+01  1.2364427E+00 -1.2381664E-02  5.2727714E-03 -5.5713775E-03  0.0000000E+00
  7.8507600E+01  1.2390545E+00 -1.2190737E-02  5.2862361E-03 -5.2903883E-03  0.0000000E+00
  7.8507600E+01  1.2416312E+00 -1.1976304E-02  5.2691000E-03 -5.0160378E-03  0.0000000E+00
  7.8507600E+01  1.2441798E+00 -1.1736603E-02  5.2251206E-03 -4.7476455E-03  0.0000000E+00
  7.8507600E+01  1.2466884E+00 -1.1473341E-02  5.1597517E-03 -4.4840642E-03  0.0000000E+00
  7.8507600E+01  1.2491410E+00 -1.1192956E-02  5.0811737E-03 -4.2243749E-03  0.0000000E+00
  7.8507600E+01  1.2515280E+00 -1.0905271E-02  5.0002214E-03 -3.9680133E-03  0.0000000E+00
  7.8507600E+01  1.2538464E+00 -1.0620679E-02  4.9306967E-03 -3.7149918E-03  0.0000000E+00
  7.8507600E+01  1.2560959E+00 -1.0347162E-02  4.8890257E-03 -3.4659261E-03  0.0000000E+00
  7.8507600E+01  1.2582701E+00 -1.0088407E-02  4.8922213E-03 -3.2215809E-03  0.0000000E+00
  7.8507600E+01  1.2603542E+00 -9.8435047E-03  4.9488898E-03 -2.9827875E-03  0.0000000E+00
  7.8507600E+01  1.2623417E+00 -9.6083329E-03  5.0493461E-03 -2.7502472E-03  0.0000000E+00
  7.8507600E+01  1.2642318E+00 -9.3782150E-03  5.1756417E-03 -2.5248507E-03  0.0000000E+00
  7.8507600E+01  1.2660271E+00 -9.1490294E-03  5.3056830E-03 -2.3072937E-03  0.0000000E+00
  7.8507600E+01 -7.9618832E-07  2.2300149E-07 -4.4512460E-08 -1.9789139E-02  0.0000000E+00
  7.8507600E+01 -2.3763611E-02  7.8414065E-03 -1.0946519E-03 -1.9838984E-02  0.0000000E+00
  7.8507600E+01 -4.6412208E-02  1.8129373E-02 -1.7903216E-03 -2.0345442E-02  0.0000000E+00
  7.8507600E+01 -6.3987375E-02  2.9196728E-02 -2.0353686E-03 -2.1470486E-02  0.0000000E+00
  7.8507600E+01 -7.3846111E-02  3.8834839E-02 -1.9202252E-03 -2.3050482E-02  0.0000000E+00
  7.8507600E+01 -7.5050444E-02  4.5410920E-02 -1.6294229E-03 -2.4790262E-02  0.0000000E+00
  7.8507600E+01 -6.7499983E-02  4.8103791E-02 -1.3447481E-03 -2.6434163E-02  0.0000000E+00
  7.8507600E+01 -5.1025867E-02  4.6705265E-02 -1.1241428E-03 -2.7833531E-02  0.0000000E+00
  7.8507600E+01 -2.5216463E-02  4.1493837E-02 -9.3011094E-04 -2.8928617E-02  0.0000000E+00
  7.8507600E+01  9.8046956E-03  3.3252177E-02 -7.5391574E-04 -2.9700448E-02  0.0000000E+00
  7.8507600E+01  5.3213900E-02  2.3045858E-02 -5.0219051E-04 -3.0162070E-02  0.0000000E+00
  7.8507600E+01  1.0382314E-01  1.1850222E-02 -2.7819556E-04 -3.0365681E-02  0.0000000E+00
  7.8507600E+01  1.5997357E-01  5.5294763E-04 -2.6105525E-04 -3.0365879E-02  0.0000000E+00
  7.8507600E+01  2.2042950E-01 -1.0188834E-02 -2.5663960E-04 -3.0193392E-02  0.0000000E+00
  7.8507600E+01  2.8385079E-01 -1.9917812E-02 -2.8879582E-04 -2.9855732E-02  0.0000000E+00
  7.8507600E+01  3.4908494E-01 -2.8442595E-02 -5.6752862E-04 -2.9340875E-02  0.0000000E+00
  7.8507600E+01  4.1497270E-01 -3.5688046E-02 -1.1363720E-03 -2.8633105E-02  0.0000000E+00
  7.8507600E+01  4.7923579E-01 -4.1740084E-02 -2.2879269E-03 -2.7733295E-02  0.0000000E+00
  7.8507600E+01  5.3955631E-01 -4.6544715E-02 -4.2015019E-03 -2.6671445E-02  0.0000000E+00
  7.8507600E+01  5.9363756E-01 -4.9899741E-02 -6.0809602E-03 -2.5512959E-02  0.0000000E+00
  7.8507600E+01  6.4052704E-01 -5.1830991E-02 -6.8158655E-03 -2.4338272E-02  0.0000000E+00
  7.8507600E+01  6.8056843E-01 -5.2510897E-02 -6.4288255E-03 -2.3236676E-02  0.0000000E+00
  7.8507600E+01  7.1439866E-01 -5.2266664E-02 -5.8248533E-03 -2.2283771E-02  0.0000000E+00
  7.8507600E+01  7.4305229E-01 -5.1552228E-02 -5.6017769E-03 -2.1527343E-02  0.0000000E+00
  7.8507600E+01  7.6730744E-01 -5.0670069E-02 -5.9654752E-03 -2.0970115E-02  0.0000000E+00
  7.8507600E+01  7.8761535E-01 -4.9711428E-02 -6.8791189E-03 -2.0597041E-02  0.0000000E+00
  7.8507600E+01  8.0458730E-01 -4.8732702E-02 -8.0480318E-03 -2.0361592E-02  0.0000000E+00
  7.8507600E+01  8.1896333E-01 -4.7869070E-02 -9.1794284E-03 -2.0215290E-02  0.0000000E+00
  7.8507600E+01  8.3139625E-01 -4.7157316E-02 -1.0133224E-02 -2.0120178E-02  0.0000000E+00
  7.8507600E+01  8.4253223E-01 -4.6571721E-02 -1.0874162E-02 -2.0048991E-02  0.0000000E+00
  7.8507600E+01  8.5273858E-01 -4.6112015E-02 -1.1425542E-02 -1.9988938E-02  0.0000000E+00
  7.8507600E+01  8.6220925E-01 -4.5776575E-02 -1.1826451E-02 -1.9922145E-02  0.0000000E+00
  7.8507600E+01  8.7102149E-01 -4.5510230E-02 -1.2087887E-02 -1.9830603E-02  0.0000000E+00
  7.8507600E+01  8.7931094E-01 -4.5233665E-02 -1.2181251E-02 -1.9699833E-02  0.0000000E+00
  7.8507600E+01  8.8734797E-01 -4.4913431E-02 -1.2090118E-02 -1.9521851E-02  0.0000000E+00
  7.8507600E+01  8.9530596E-01 -4.4554544E-02 -1.1883662E-02 -1.9305156E-02  0.0000000E+00
  7.8507600E+01  9.0319295E-01 -4.4187830E-02 -1.1640864E-02 -1.9063894E-02  0.0000000E+00
  7.8507600E+01  9.1100999E-01 -4.3834673E-02 -1.1411781E-02 -1.8804863E-02  0.0000000E+00
  7.8507600E+01  9.1879280E-01 -4.3482003E-02 -1.1225153E-02 -1.8528659E-02  0.0000000E+00
  7.8507600E+01  9.2659114E-01 -4.3093569E-02 -1.1099601E-02 -1.8234052E-02  0.0000000E+00
  7.8507600E+01  9.3454793E-01 -4.2642778E-02 -1.0975555E-02 -1.7916888E-02  0.0000000E+00
  7.8507600E+01  9.4264827E-01 -4.2116247E-02 -1.0811414E-02 -1.7572811E-02  0.0000000E+00
  7.8507600E+01  9.5082695E-01 -4.1523752E-02 -1.0625207E-02 -1.7198664E-02  0.0000000E+00
  7.8507600E+01  9.5902688E-01 -4.0894570E-02 -1.0432881E-02 -1.6796193E-02  0.0000000E+00
  7.8507600E+01  9.6715721E-01 -4.0256442E-02 -1.0245651E-02 -1.6374364E-02  0.0000000E+00
  7.8507600E+01  9.7514650E-01 -3.9607242E-02 -1.0082820E-02 -1.5942828E-02  0.0000000E+00
  7.8507600E+01  9.8291072E-01 -3.8913442E-02 -9.9599963E-03 -1.5508916E-02  0.0000000E+00
  7.8507600E+01  9.9039724E-01 -3.8149471E-02 -9.8558438E-03 -1.5079910E-02  0.0000000E+00
  7.8507600E+01  9.9765432E-01 -3.7320580E-02 -9.7888216E-03 -1.4659181E-02  0.0000000E+00
  7.8507600E+01  1.0047781E+00 -3.6485911E-02 -9.7589497E-03 -1.4251705E-02  0.0000000E+00
  7.8507600E+01  1.0119309E+00 -3.5691309E-02 -9.7521788E-03 -1.3856054E-02  0.0000000E+00
  7.8507600E+01  1.0192191E+00 -3.4948289E-02 -9.7641891E-03 -1.3469364E-02  0.0000000E+00
  7.8507600E+01  1.0266216E+00 -3.4243355E-02 -9.7906933E-03 -1.3091038E-02  0.0000000E+00
  7.8507600E+01  1.0340890E+00 -3.3547534E-02 -9.8029014E-03 -1.2719076E-02  0.0000000E+00
  7.8507600E+01  1.0415830E+00 -3.2831598E-02 -9.7372578E-03 -1.2350427E-02  0.0000000E+00
  7.8507600E+01  1.0490430E+00 -3.2093514E-02 -9.5975453E-03 -1.1982841E-02  0.0000000E+00
  7.8507600E+01  1.0563897E+00 -3.1356882E-02 -9.4271411E-03 -1.1613438E-02  0.0000000E+00
  7.8507600E+01  1.0635974E+00 -3.0653314E-02 -9.2244533E-03 -1.1243287E-02  0.0000000E+00
  7.8507600E+01  1.0706600E+00 -2.9996803E-02 -8.9877123E-03 -1.0873117E-02  0.0000000E+00
  7.8507600E+01  1.0776348E+00 -2.9371181E-02 -8.7283705E-03 -1.0498706E-02  0.0000000E+00
  7.8507600E+01  1.0845069E+00 -2.8751434E-02 -8.4654540E-03 -1.0119520E-02  0.0000000E+00
  7.8507600E+01  1.0912601E+00 -2.8112420E-02 -8.2075362E-03 -9.7375268E-03  0.0000000E+00
  7.8507600E+01  1.0978809E+00 -2.7443402E-02 -7.9601280E-03 -9.3594361E-03  0.0000000E+00
  7.8507600E+01  1.1043836E+00 -2.6758702E-02 -7.7577195E-03 -8.9923365E-03  0.0000000E+00
  7.8507600E+01  1.1107949E+00 -2.6075174E-02 -7.6262529E-03 -8.6368557E-03  0.0000000E+00
  7.8507600E+01  1.1171032E+00 -2.5398008E-02 -7.5412582E-03 -8.2913656E-03  0.0000000E+00
  7.8507600E+01  1.1232575E+00 -2.4732395E-02 -7.4425792E-03 -7.9557904E-03  0.0000000E+00
  7.8507600E+01  1.1292434E+00 -2.4083310E-02 -7.2673447E-03 -7.6290346E-03  0.0000000E+00
  7.8507600E+01  1.1350541E+00 -2.3459906E-02 -6.9804848E-03 -7.3104865E-03  0.0000000E+00
  7.8507600E+01  1.1406668E+00 -2.2873562E-02 -6.5913588E-03 -7.0014788E-03  0.0000000E+00
  7.8507600E+01  1.1461251E+00 -2.2320361E-02 -6.1365613E-03 -6.7022071E-03  0.0000000E+00
  7.8507600E+01  1.1514597E+00 -2.1790354E-02 -5.6457981E-03 -6.4140194E-03  0.0000000E+00
  7.8507600E+01  1.1567023E+00 -2.1271248E-02 -5.1445788E-03 -6.1366086E-03  0.0000000E+00
  7.8507600E+01  1.1618497E+00 -2.0765722E-02 -4.6388913E-03 -5.8702078E-03  0.0000000E+00
  7.8507600E+01  1.1668667E+00 -2.0284767E-02 -4.1158097E-03 -5.6152819E-03  0.0000000E+00
  7.8507600E+01  1.1717482E+00 -1.9832180E-02 -3.5510923E-03 -5.3691324E-03  0.0000000E+00
  7.8507600E+01  1.1764916E+00 -1.9402993E-02 -2.9243820E-03 -5.1293189E-03  0.0000000E+00
  7.8507600E+01  1.1810702E+00 -1.8988025E-02 -2.2327822E-03 -4.8965073E-03  0.0000000E+00
  7.8507600E+01  1.1854796E+00 -1.8579933E-02 -1.4886223E-03 -4.6704407E-03  0.0000000E+00
  7.8507600E+01  1.1897275E+00 -1.8180674E-02 -7.2240666E-04 -4.4504182E-03  0.0000000E+00
  7.8507600E+01  1.1938177E+00 -1.7799708E-02  1.8504195E-05 -4.2364782E-03  0.0000000E+00
  7.8507600E+01  1.1977771E+00 -1.7437362E-02  7.2408365E-04 -4.0277193E-03  0.0000000E+00
  7.8507600E+01  1.2016021E+00 -1.7097399E-02  1.4045219E-03 -3.8241349E-03  0.0000000E+00
  7.8507600E+01  1.2053178E+00 -1.6782657E-02  2.0701825E-03 -3.6248492E-03  0.0000000E+00
  7.8507600E+01  1.2089558E+00 -1.6494027E-02  2.7145727E-03 -3.4293470E-03  0.0000000E+00
  7.8507600E+01  1.2125244E+00 -1.6229158E-02  3.3117428E-03 -3.2381476E-03  0.0000000E+00
  7.8507600E+01  1.2160313E+00 -1.5980137E-02  3.8352852E-03 -3.0506725E-03  0.0000000E+00
  7.8507600E+01  1.2194527E+00 -1.5739676E-02  4.2749462E-03 -2.8664405E-03  0.0000000E+00
  7.8507600E+01  1.2227411E+00 -1.5502997E-02  4.6424899E-03 -2.6863550E-03  0.0000000E+00
  7.8507600E+01  1.2258978E+00 -1.5262603E-02  4.9491445E-03 -2.5096850E-03  0.0000000E+00
  7.8507600E+01  1.2289446E+00 -1.5014674E-02  5.1850233E-03 -2.3353402E-03  0.0000000E+00
  7.8507600E+01  1.2318966E+00 -1.4757505E-02  5.3419605E-03 -2.1625602E-03  0.0000000E+00
  7.8507600E+01  1.2347911E+00 -1.4486048E-02  5.4263117E-03 -1.9892432E-03  0.0000000E+00
  7.8507600E+01  1.2376394E+00 -1.4196756E-02  5.4549188E-03 -1.8154332E-03  0.0000000E+00
  7.8507600E+01  1.2404550E+00 -1.3887175E-02  5.4478092E-03 -1.6417402E-03  0.0000000E+00
  7.8507600E+01  1.2432317E+00 -1.3559158E-02  5.4175591E-03 -1.4687263E-03  0.0000000E+00
  7.8507600E+01  1.2459348E+00 -1.3218966E-02  5.3696204E-03 -1.2987228E-03  0.0000000E+00
  7.8507600E+01  1.2485506E+00 -1.2871063E-02  5.3105376E-03 -1.1317359E-03  0.0000000E+00
  7.8507600E+01  1.2510812E+00 -1.2520949E-02  5.2392203E-03 -9.6825575E-04  0.0000000E+00
  7.8507600E+01  1.2535280E+00 -1.2175270E-02  5.1628582E-03 -8.0805832E-04  0.0000000E+00
  7.8507600E+01  0.0000000E+00  0.0000000E+00  0.0000000E+00  1.1998634E-02  0.0000000E+00
  7.8507600E+01 -5.4067622E-02  4.9955278E-03 -1.9196712E-03  1.1357214E-02  0.0000000E+00
  7.8507600E+01 -5.2922020E-02 -2.6343242E-03 -4.1516432E-03  1.0100489E-02  0.0000000E+00
  7.8507600E+01 -2.8720454E-02 -1.3240849E-02 -6.0868570E-03  7.7756650E-03  0.0000000E+00
  7.8507600E+01  4.9212740E-03 -2.3543217E-02 -6.8545477E-03  5.0575948E-03  0.0000000E+00
  7.8507600E+01  4.2730083E-02 -3.2810951E-02 -6.4503245E-03  2.4532430E-03  0.0000000E+00
  7.8507600E+01  8.3154923E-02 -4.0807758E-02 -5.3252478E-03  1.8948619E-04  0.0000000E+00
  7.8507600E+01  1.2607957E-01 -4.7387185E-02 -3.9356213E-03 -1.6316991E-03  0.0000000E+00
  7.8507600E+01  1.7124811E-01 -5.2596942E-02 -2.7424815E-03 -2.9580123E-03  0.0000000E+00
  7.8507600E+01  2.1860816E-01 -5.6685087E-02 -2.1593068E-03 -3.8015370E-03  0.0000000E+00
  7.8507600E+01  2.6808214E-01 -5.9957725E-02 -2.1097386E-03 -4.2047056E-03  0.0000000E+00
  7.8507600E+01  3.1810886E-01 -6.2551830E-02 -2.5340152E-03 -4.2224714E-03  0.0000000E+00
  7.8507600E+01  3.6708533E-01 -6.4586682E-02 -3.5227177E-03 -3.9420587E-03  0.0000000E+00
  7.8507600E+01  4.1463742E-01 -6.6241830E-02 -4.7566132E-03 -3.4536538E-03  0.0000000E+00
  7.8507600E+01  4.6091375E-01 -6.7437670E-02 -5.6878492E-03 -2.8097811E-03  0.0000000E+00
  7.8507600E+01  5.0584827E-01 -6.8028357E-02 -6.2614192E-03 -2.0414392E-03  0.0000000E+00
  7.8507600E+01  5.4935891E-01 -6.8041750E-02 -6.6221667E-03 -1.1733660E-03  0.0000000E+00
  7.8507600E+01  5.9055981E-01 -6.7543169E-02 -6.8169261E-03 -2.3142307E-04  0.0000000E+00
  7.8507600E+01  6.2831239E-01 -6.6531916E-02 -7.1106144E-03  7.2298837E-04  0.0000000E+00
  7.8507600E+01  6.6173597E-01 -6.4955693E-02 -7.6539368E-03  1.5831375E-03  0.0000000E+00
  7.8507600E+01  6.9112942E-01 -6.2941238E-02 -8.2841924E-03  2.2801207E-03  0.0000000E+00
  7.8507600E+01  7.1704811E-01 -6.0767921E-02 -8.7858243E-03  2.8229205E-03  0.0000000E+00
  7.8507600E+01  7.3989597E-01 -5.8659772E-02 -9.0086747E-03  3.2384694E-03  0.0000000E+00
  7.8507600E+01  7.5998771E-01 -5.6744828E-02 -9.0416608E-03  3.5335471E-03  0.0000000E+00
  7.8507600E+01  7.7774850E-01 -5.5053238E-02 -9.1089533E-03  3.7027554E-03  0.0000000E+00
  7.8507600E+01  7.9363359E-01 -5.3549683E-02 -9.3516502E-03  3.7507337E-03  0.0000000E+00
  7.8507600E+01  8.0813396E-01 -5.2197883E-02 -9.7662458E-03  3.7109579E-03  0.0000000E+00
  7.8507600E+01  8.2130290E-01 -5.1012718E-02 -1.0214127E-02  3.6331225E-03  0.0000000E+00
  7.8507600E+01  8.3309727E-01 -4.9973748E-02 -1.0624802E-02  3.5438871E-03  0.0000000E+00
  7.8507600E+01  8.4357713E-01 -4.9054642E-02 -1.0965170E-02  3.4519138E-03  0.0000000E+00
  7.8507600E+01  8.5295982E-01 -4.8236199E-02 -1.1178059E-02  3.3601969E-03  0.0000000E+00
  7.8507600E+01  8.6152309E-01 -4.7489951E-02 -1.1207036E-02  3.2696591E-03  0.0000000E+00
  7.8507600E+01  8.6960659E-01 -4.6753946E-02 -1.1065244E-02  3.1735595E-03  0.0000000E+00
  7.8507600E+01  8.7742967E-01 -4.5972163E-02 -1.0844523E-02  3.0680939E-03  0.0000000E+00
  7.8507600E+01  8.8515802E-01 -4.5144283E-02 -1.0593992E-02  2.9537677E-03  0.0000000E+00
  7.8507600E+01  8.9286316E-01 -4.4326320E-02 -1.0347498E-02  2.8327914E-03  0.0000000E+00
  7.8507600E+01  9.0064233E-01 -4.3573134E-02 -1.0155184E-02  2.7093444E-03  0.0000000E+00
  7.8507600E+01  9.0856718E-01 -4.2904509E-02 -1.0037899E-02  2.5886050E-03  0.0000000E+00
  7.8507600E+01  9.1668638E-01 -4.2291754E-02 -9.9499032E-03  2.4731140E-03  0.0000000E+00
  7.8507600E+01  9.2494864E-01 -4.1694621E-02 -9.8434398E-03  2.3671157E-03  0.0000000E+00
  7.8507600E+01  9.3332906E-01 -4.1099521E-02 -9.7548647E-03  2.2792972E-03  0.0000000E+00
  7.8507600E+01  9.4177122E-01 -4.0517245E-02 -9.6849195E-03  2.2189801E-03  0.0000000E+00
  7.8507600E+01  9.5016950E-01 -3.9942978E-02 -9.6516625E-03  2.1854273E-03  0.0000000E+00
  7.8507600E+01  9.5838570E-01 -3.9352106E-02 -9.6584682E-03  2.1714552E-03  0.0000000E+00
  7.8507600E+01  9.6639989E-01 -3.8714944E-02 -9.6787907E-03  2.1672724E-03  0.0000000E+00
  7.8507600E+01  9.7426065E-01 -3.8026866E-02 -9.6756598E-03  2.1641012E-03  0.0000000E+00
  7.8507600E+01  9.8203843E-01 -3.7312230E-02 -9.6475109E-03  2.1559230E-03  0.0000000E+00
  7.8507600E+01  9.8971976E-01 -3.6598477E-02 -9.5934767E-03  2.1396773E-03  0.0000000E+00
  7.8507600E+01  9.9733380E-01 -3.5891642E-02 -9.5287983E-03  2.1174136E-03  0.0000000E+00
  7.8507600E+01  1.0049127E+00 -3.5196370E-02 -9.4848968E-03  2.0948303E-03  0.0000000E+00
  7.8507600E+01  1.0125058E+00 -3.4505600E-02 -9.4686209E-03  2.0798154E-03  0.0000000E+00
  7.8507600E+01  1.0201096E+00 -3.3809047E-02 -9.4566494E-03  2.0777153E-03  0.0000000E+00
  7.8507600E+01  1.0277400E+00 -3.3097305E-02 -9.4139889E-03  2.0882385E-03  0.0000000E+00
  7.8507600E+01  1.0353843E+00 -3.2374474E-02 -9.3184662E-03  2.1058366E-03  0.0000000E+00
  7.8507600E+01  1.0430302E+00 -3.1651137E-02 -9.1707195E-03  2.1235788E-03  0.0000000E+00
  7.8507600E+01  1.0505714E+00 -3.0942349E-02 -8.9532846E-03  2.1374003E-03  0.0000000E+00
  7.8507600E+01  1.0579846E+00 -3.0249538E-02 -8.6962692E-03  2.1477081E-03  0.0000000E+00
  7.8507600E+01  1.0652728E+00 -2.9568495E-02 -8.4411165E-03  2.1576058E-03  0.0000000E+00
  7.8507600E+01  1.0724396E+00 -2.8893062E-02 -8.1985391E-03  2.1705554E-03  0.0000000E+00
  7.8507600E+01  1.0794320E+00 -2.8221881E-02 -7.9627610E-03  2.1887989E-03  0.0000000E+00
  7.8507600E+01  1.0862352E+00 -2.7552145E-02 -7.7394629E-03  2.2126444E-03  0.0000000E+00
  7.8507600E+01  1.0928521E+00 -2.6886275E-02 -7.5644211E-03  2.2393409E-03  0.0000000E+00
  7.8507600E+01  1.0993341E+00 -2.6233238E-02 -7.4753065E-03  2.2633608E-03  0.0000000E+00
  7.8507600E+01  1.1056737E+00 -2.5600599E-02 -7.4584693E-03  2.2818667E-03  0.0000000E+00
  7.8507600E+01  1.1118848E+00 -2.4980610E-02 -7.4619989E-03  2.2952288E-03  0.0000000E+00
  7.8507600E+01  1.1179760E+00 -2.4368375E-02 -7.4075088E-03  2.3040153E-03  0.0000000E+00
  7.8507600E+01  1.1239621E+00 -2.3764567E-02 -7.2300391E-03  2.3092157E-03  0.0000000E+00
  7.8507600E+01  1.1298209E+00 -2.3177229E-02 -6.9052750E-03  2.3119995E-03  0.0000000E+00
  7.8507600E+01  1.1355595E+00 -2.2610469E-02 -6.4534079E-03  2.3128518E-03  0.0000000E+00
  7.8507600E+01  1.1411779E+00 -2.2064600E-02 -5.9255708E-03  2.3114254E-03  0.0000000E+00
  7.8507600E+01  1.1466873E+00 -2.1534771E-02 -5.3683706E-03  2.3078471E-03  0.0000000E+00
  7.8507600E+01  1.1520606E+00 -2.1023326E-02 -4.7959432E-03  2.3013827E-03  0.0000000E+00
  7.8507600E+01  1.1572952E+00 -2.0538725E-02 -4.2017248E-03  2.2924661E-03  0.0000000E+00
  7.8507600E+01  1.1623861E+00 -2.0085087E-02 -3.5877862E-03  2.2838555E-03  0.0000000E+00
  7.8507600E+01  1.1673481E+00 -1.9657932E-02 -2.9576083E-03  2.2786074E-03  0.0000000E+00
  7.8507600E+01  1.1721728E+00 -1.9250793E-02 -2.3147717E-03  2.2777318E-03  0.0000000E+00
  7.8507600E+01  1.1768696E+00 -1.8856444E-02 -1.6553563E-03  2.2800789E-03  0.0000000E+00
  7.8507600E+01  1.1814252E+00 -1.8474387E-02 -9.7510441E-04  2.2836084E-03  0.0000000E+00
  7.8507600E+01  1.1858231E+00 -1.8109905E-02 -2.7317844E-04  2.2868438E-03  0.0000000E+00
  7.8507600E+01  1.1900391E+00 -1.7770243E-02  4.3013057E-04  2.2883933E-03  0.0000000E+00
  7.8507600E+01  1.1940998E+00 -1.7453217E-02  1.0967248E-03  2.2876578E-03  0.0000000E+00
  7.8507600E+01  1.1980280E+00 -1.7153550E-02  1.7070885E-03  2.2845472E-03  0.0000000E+00
  7.8507600E+01  1.2018504E+00 -1.6868080E-02  2.2821562E-03  2.2803617E-03  0.0000000E+00
  7.8507600E+01  1.2055707E+00 -1.6596588E-02  2.8416349E-03  2.2771702E-03  0.0000000E+00
  7.8507600E+01  1.2092081E+00 -1.6336858E-02  3.3885646E-03  2.2770238E-03  0.0000000E+00
  7.8507600E+01  1.2127696E+00 -1.6085179E-02  3.9016946E-03  2.2813112E-03  0.0000000E+00
  7.8507600E+01  1.2162598E+00 -1.5835622E-02  4.3505317E-03  2.2901682E-03  0.0000000E+00
  7.8507600E+01  1.2196522E+00 -1.5583713E-02  4.7203181E-03  2.3024558E-03  0.0000000E+00
  7.8507600E+01  1.2229360E+00 -1.5323895E-02  5.0114266E-03  2.3170769E-03  0.0000000E+00
  7.8507600E+01  1.2260987E+00 -1.5050936E-02  5.2361395E-03  2.3338635E-03  0.0000000E+00
  7.8507600E+01  1.2291522E+00 -1.4763791E-02  5.4064863E-03  2.3525499E-03  0.0000000E+00
  7.8507600E+01  1.2321107E+00 -1.4466390E-02  5.5242472E-03  2.3734431E-03  0.0000000E+00
  7.8507600E+01  1.2350098E+00 -1.4161557E-02  5.5878667E-03  2.3978564E-03  0.0000000E+00
  7.8507600E+01  1.2378706E+00 -1.3851347E-02  5.5994382E-03  2.4269312E-03  0.0000000E+00
  7.8507600E+01  1.2406984E+00 -1.3535911E-02  5.5707224E-03  2.4605754E-03  0.0000000E+00
  7.8507600E+01  1.2434596E+00 -1.3217124E-02  5.5211230E-03  2.4971566E-03  0.0000000E+00
  7.8507600E+01  1.2461284E+00 -1.2895649E-02  5.4625154E-03  2.5339863E-03  0.0000000E+00
  7.8507600E+01  1.2486963E+00 -1.2572287E-02  5.3999280E-03  2.5696790E-03  0.0000000E+00
  7.8507600E+01  1.2511721E+00 -1.2248202E-02  5.3413076E-03  2.6038213E-03  0.0000000E+00
  7.8507600E+01  1.2535534E+00 -1.1926587E-02  5.2942123E-03  2.6373545E-03  0.0000000E+00
  7.8507600E+01  0.0000000E+00  0.0000000E+00  0.0000000E+00  4.8242786E-02  0.0000000E+00
  7.8507600E+01 -6.7479821E-02  9.8111830E-04 -9.8236886E-03  4.7768085E-02  0.0000000E+00
  7.8507600E+01 -1.0001514E-01  3.1698278E-03 -1.6973361E-02  4.5265239E-02  0.0000000E+00
  7.8507600E+01 -1.0056371E-01  4.7403599E-03 -2.0812529E-02  4.1609987E-02  0.0000000E+00
  7.8507600E+01 -8.1920735E-02  4.8680735E-03 -2.2298863E-02  3.8142755E-02  0.0000000E+00
  7.8507600E+01 -5.3717754E-02  3.3187743E-03 -2.2322230E-02  3.5424483E-02  0.0000000E+00
  7.8507600E+01 -2.1755668E-02  3.1146579E-04 -2.1531213E-02  3.3432362E-02  0.0000000E+00
  7.8507600E+01  1.1299725E-02 -3.6512321E-03 -2.0321765E-02  3.1914839E-02  0.0000000E+00
  7.8507600E+01  4.4966954E-02 -8.1968677E-03 -1.8620212E-02  3.0676373E-02  0.0000000E+00
  7.8507600E+01  7.8644718E-02 -1.3066079E-02 -1.6504811E-02  2.9628836E-02  0.0000000E+00
  7.8507600E+01  1.1161975E-01 -1.8103236E-02 -1.4243544E-02  2.8713536E-02  0.0000000E+00
  7.8507600E+01  1.4405826E-01 -2.3300119E-02 -1.1947265E-02  2.7882565E-02  0.0000000E+00
  7.8507600E+01  1.7632551E-01 -2.8519497E-02 -9.8511612E-03  2.7119706E-02  0.0000000E+00
  7.8507600E+01  2.0823138E-01 -3.3379273E-02 -8.4777335E-03  2.6437108E-02  0.0000000E+00
  7.8507600E+01  2.3998593E-01 -3.7667958E-02 -8.2009099E-03  2.5855126E-02  0.0000000E+00
  7.8507600E+01  2.7251648E-01 -4.1433235E-02 -9.0570208E-03  2.5411021E-02  0.0000000E+00
  7.8507600E+01  3.0629956E-01 -4.4612436E-02 -1.0378924E-02  2.5110641E-02  0.0000000E+00
  7.8507600E+01  3.4127837E-01 -4.7109820E-02 -1.1253972E-02  2.4894124E-02  0.0000000E+00
  7.8507600E+01  3.7702107E-01 -4.9034282E-02 -1.1359465E-02  2.4752942E-02  0.0000000E+00
  7.8507600E+01  4.1260469E-01 -5.0656050E-02 -1.1119231E-02  2.4754529E-02  0.0000000E+00
  7.8507600E+01  4.4733523E-01 -5.2181007E-02 -1.0867214E-02  2.4941763E-02  0.0000000E+00
  7.8507600E+01  4.8136221E-01 -5.3450760E-02 -1.0514828E-02  2.5297118E-02  0.0000000E+00
  7.8507600E+01  5.1484366E-01 -5.4144711E-02 -9.8453214E-03  2.5769301E-02  0.0000000E+00
  7.8507600E+01  5.4723617E-01 -5.4286566E-02 -9.0631928E-03  2.6280456E-02  0.0000000E+00
  7.8507600E+01  5.7821365E-01 -5.4093459E-02 -8.6356045E-03  2.6783975E-02  0.0000000E+00
  7.8507600E+01  6.0801041E-01 -5.3616291E-02 -8.7237067E-03  2.7255248E-02  0.0000000E+00
  7.8507600E+01  6.3659635E-01 -5.2775591E-02 -9.0518440E-03  2.7669272E-02  0.0000000E+00
  7.8507600E+01  6.6384706E-01 -5.1587366E-02 -9.2673621E-03  2.7986015E-02  0.0000000E+00
  7.8507600E+01  6.8947717E-01 -5.0235053E-02 -9.2874662E-03  2.8185019E-02  0.0000000E+00
  7.8507600E+01  7.1337374E-01 -4.8831188E-02 -9.2163693E-03  2.8280319E-02  0.0000000E+00
  7.8507600E+01  7.3558439E-01 -4.7332774E-02 -9.2275731E-03  2.8270220E-02  0.0000000E+00
  7.8507600E+01  7.5596216E-01 -4.5768954E-02 -9.4137448E-03  2.8122950E-02  0.0000000E+00
  7.8507600E+01  7.7413733E-01 -4.4332501E-02 -9.6998833E-03  2.7819589E-02  0.0000000E+00
  7.8507600E+01  7.9022768E-01 -4.3072530E-02 -1.0118303E-02  2.7392393E-02  0.0000000E+00
  7.8507600E+01  8.0453906E-01 -4.1925326E-02 -1.0600635E-02  2.6893861E-02  0.0000000E+00
  7.8507600E+01  8.1742695E-01 -4.0873952E-02 -1.1069026E-02  2.6357116E-02  0.0000000E+00
  7.8507600E+01  8.2915649E-01 -3.9928260E-02 -1.1437235E-02  2.5801026E-02  0.0000000E+00
  7.8507600E+01  8.3982550E-01 -3.9075546E-02 -1.1583699E-02  2.5231275E-02  0.0000000E+00
  7.8507600E+01  8.4947468E-01 -3.8274667E-02 -1.1432575E-02  2.4647252E-02  0.0000000E+00
  7.8507600E+01  8.5835881E-01 -3.7512071E-02 -1.1122056E-02  2.4055853E-02  0.0000000E+00
  7.8507600E+01  8.6694999E-01 -3.6765367E-02 -1.0766794E-02  2.3455361E-02  0.0000000E+00
  7.8507600E+01  8.7561648E-01 -3.6022386E-02 -1.0493476E-02  2.2844054E-02  0.0000000E+00
  7.8507600E+01  8.8444496E-01 -3.5307108E-02 -1.0326349E-02  2.2220328E-02  0.0000000E+00
  7.8507600E+01  8.9339247E-01 -3.4646163E-02 -1.0170010E-02  2.1588961E-02  0.0000000E+00
  7.8507600E+01  9.0245677E-01 -3.4046713E-02 -9.9248440E-03  2.0959317E-02  0.0000000E+00
  7.8507600E+01  9.1161347E-01 -3.3506022E-02 -9.6026315E-03  2.0349919E-02  0.0000000E+00
  7.8507600E+01  9.2080933E-01 -3.3012323E-02 -9.3344583E-03  1.9775033E-02  0.0000000E+00
  7.8507600E+01  9.3000687E-01 -3.2544036E-02 -9.2663846E-03  1.9235853E-02  0.0000000E+00
  7.8507600E+01  9.3912394E-01 -3.2076755E-02 -9.3986295E-03  1.8730360E-02  0.0000000E+00
  7.8507600E+01  9.4802636E-01 -3.1593083E-02 -9.6077635E-03  1.8256665E-02  0.0000000E+00
  7.8507600E+01  9.5666563E-01 -3.1081006E-02 -9.8028358E-03  1.7807408E-02  0.0000000E+00
  7.8507600E+01  9.6512108E-01 -3.0531123E-02 -9.9527678E-03  1.7370824E-02  0.0000000E+00
  7.8507600E+01  9.7353529E-01 -2.9939473E-02 -1.0055247E-02  1.6936387E-02  0.0000000E+00
  7.8507600E+01  9.8199107E-01 -2.9316398E-02 -1.0089905E-02  1.6500676E-02  0.0000000E+00
  7.8507600E+01  9.9041141E-01 -2.8690119E-02 -1.0010860E-02  1.6066835E-02  0.0000000E+00
  7.8507600E+01  9.9872298E-01 -2.8071943E-02 -9.8259168E-03  1.5637725E-02  0.0000000E+00
  7.8507600E+01  1.0069645E+00 -2.7466225E-02 -9.5623238E-03  1.5218556E-02  0.0000000E+00
  7.8507600E+01  1.0151937E+00 -2.6890523E-02 -9.2820415E-03  1.4816111E-02  0.0000000E+00
  7.8507600E+01  1.0234486E+00 -2.6352925E-02 -9.0421171E-03  1.4435670E-02  0.0000000E+00
  7.8507600E+01  1.0316888E+00 -2.5844061E-02 -8.8611118E-03  1.4080493E-02  0.0000000E+00
  7.8507600E+01  1.0398937E+00 -2.5336273E-02 -8.7073026E-03  1.3746927E-02  0.0000000E+00
  7.8507600E+01  1.0480286E+00 -2.4802569E-02 -8.5316269E-03  1.3428553E-02  0.0000000E+00
  7.8507600E+01  1.0560631E+00 -2.4233948E-02 -8.3329130E-03  1.3119654E-02  0.0000000E+00
  7.8507600E+01  1.0639501E+00 -2.3637958E-02 -8.1511471E-03  1.2816606E-02  0.0000000E+00
  7.8507600E+01  1.0716041E+00 -2.3024154E-02 -8.0212908E-03  1.2517644E-02  0.0000000E+00
  7.8507600E+01  1.0789959E+00 -2.2398133E-02 -7.9265433E-03  1.2222993E-02  0.0000000E+00
  7.8507600E+01  1.0861349E+00 -2.1770992E-02 -7.8449409E-03  1.1933364E-02  0.0000000E+00
  7.8507600E+01  1.0930442E+00 -2.1159606E-02 -7.7713454E-03  1.1648708E-02  0.0000000E+00
  7.8507600E+01  1.0997465E+00 -2.0580738E-02 -7.7150677E-03  1.1368027E-02  0.0000000E+00
  7.8507600E+01  1.1062645E+00 -2.0043350E-02 -7.6784809E-03  1.1090381E-02  0.0000000E+00
  7.8507600E+01  1.1126317E+00 -1.9544695E-02 -7.6201920E-03  1.0816821E-02  0.0000000E+00
  7.8507600E+01  1.1188721E+00 -1.9080209E-02 -7.4605873E-03  1.0549450E-02  0.0000000E+00
  7.8507600E+01  1.1250103E+00 -1.8649934E-02 -7.1407627E-03  1.0288162E-02  0.0000000E+00
  7.8507600E+01  1.1310789E+00 -1.8254377E-02 -6.6740708E-03  1.0028547E-02  0.0000000E+00
  7.8507600E+01  1.1370926E+00 -1.7885477E-02 -6.1095890E-03  9.7677973E-03  0.0000000E+00
  7.8507600E+01  1.1430448E+00 -1.7528954E-02 -5.4851501E-03  9.5063846E-03  0.0000000E+00
  7.8507600E+01  1.1488733E+00 -1.7174340E-02 -4.8132091E-03  9.2488277E-03  0.0000000E+00
  7.8507600E+01  1.1545385E+00 -1.6818288E-02 -4.0837365E-03  8.9987006E-03  0.0000000E+00
  7.8507600E+01  1.1600115E+00 -1.6467153E-02 -3.3045624E-03  8.7581770E-03  0.0000000E+00
  7.8507600E+01  1.1653048E+00 -1.6127322E-02 -2.5173940E-03  8.5293045E-03  0.0000000E+00
  7.8507600E+01  1.1704346E+00 -1.5801811E-02 -1.7407808E-03  8.3140447E-03  0.0000000E+00
  7.8507600E+01  1.1754070E+00 -1.5495523E-02 -9.8518142E-04  8.1123612E-03  0.0000000E+00
  7.8507600E+01  1.1802255E+00 -1.5213439E-02 -2.6169776E-04  7.9216783E-03  0.0000000E+00
  7.8507600E+01  1.1848872E+00 -1.4958665E-02  4.2988816E-04  7.7389569E-03  0.0000000E+00
  7.8507600E+01  1.1893871E+00 -1.4730432E-02  1.0973846E-03  7.5614597E-03  0.0000000E+00
  7.8507600E+01  1.1937252E+00 -1.4523112E-02  1.7438897E-03  7.3869376E-03  0.0000000E+00
  7.8507600E+01  1.1979104E+00 -1.4327357E-02  2.3559834E-03  7.2142086E-03  0.0000000E+00
  7.8507600E+01  1.2019572E+00 -1.4135807E-02  2.9057072E-03  7.0440773E-03  0.0000000E+00
  7.8507600E+01  1.2058714E+00 -1.3946499E-02  3.3975079E-03  6.8788381E-03  0.0000000E+00
  7.8507600E+01  1.2096901E+00 -1.3759885E-02  3.8496018E-03  6.7210858E-03  0.0000000E+00
  7.8507600E+01  1.2134370E+00 -1.3569906E-02  4.2625704E-03  6.5741994E-03  0.0000000E+00
  7.8507600E+01  1.2171108E+00 -1.3367614E-02  4.6287173E-03  6.4393093E-03  0.0000000E+00
  7.8507600E+01  1.2206759E+00 -1.3148414E-02  4.9389313E-03  6.3152713E-03  0.0000000E+00
  7.8507600E+01  1.2241189E+00 -1.2911871E-02  5.1902793E-03  6.1992015E-03  0.0000000E+00
  7.8507600E+01  1.2274398E+00 -1.2661285E-02  5.3829614E-03  6.0895237E-03  0.0000000E+00
  7.8507600E+01  1.2306608E+00 -1.2398774E-02  5.5166920E-03  5.9856778E-03  0.0000000E+00
  7.8507600E+01  1.2338082E+00 -1.2126569E-02  5.5887051E-03  5.8890020E-03  0.0000000E+00
  7.8507600E+01  1.2368953E+00 -1.1850094E-02  5.6047914E-03  5.8003132E-03  0.0000000E+00
  7.8507600E+01  1.2399123E+00 -1.1577896E-02  5.5794215E-03  5.7195179E-03  0.0000000E+00
  7.8507600E+01  1.2428367E+00 -1.1314649E-02  5.5294933E-03  5.6444281E-03  0.0000000E+00
  7.8507600E+01  0.0000000E+00  0.0000000E+00  0.0000000E+00  8.2288531E-02  0.0000000E+00
  7.8507600E+01  1.0169412E-01  1.1133839E-02 -1.0041821E-02  8.1867348E-02  0.0000000E+00
  7.8507600E+01  1.5594384E-01  6.4823211E-03 -1.2821836E-02  8.0099883E-02  0.0000000E+00
  7.8507600E+01  1.9075444E-01 -2.2702423E-03 -1.1922397E-02  7.6579950E-02  0.0000000E+00
  7.8507600E+01  2.1984718E-01 -1.0559693E-02 -1.0610761E-02  7.2514166E-02  0.0000000E+00
  7.8507600E+01  2.4652911E-01 -1.7645587E-02 -1.0223748E-02  6.8645200E-02  0.0000000E+00
  7.8507600E+01  2.7227741E-01 -2.3585608E-02 -1.0713926E-02  6.5287738E-02  0.0000000E+00
  7.8507600E+01  2.9794624E-01 -2.8508434E-02 -1.1467542E-02  6.2505239E-02  0.0000000E+00
  7.8507600E+01  3.2371765E-01 -3.2613372E-02 -1.1973342E-02  6.0235247E-02  0.0000000E+00
  7.8507600E+01  3.5000591E-01 -3.6022638E-02 -1.2226760E-02  5.8368354E-02  0.0000000E+00
  7.8507600E+01  3.7687529E-01 -3.8627694E-02 -1.2368604E-02  5.6806754E-02  0.0000000E+00
  7.8507600E+01  4.0371005E-01 -4.0394954E-02 -1.2608189E-02  5.5473363E-02  0.0000000E+00
  7.8507600E+01  4.3010408E-01 -4.1431933E-02 -1.3001801E-02  5.4334719E-02  0.0000000E+00
  7.8507600E+01  4.5592473E-01 -4.1819425E-02 -1.3557346E-02  5.3384196E-02  0.0000000E+00
  7.8507600E+01  4.8144482E-01 -4.1597788E-02 -1.4240299E-02  5.2578141E-02  0.0000000E+00
  7.8507600E+01  5.0715216E-01 -4.0814146E-02 -1.4939446E-02  5.1869826E-02  0.0000000E+00
  7.8507600E+01  5.3319348E-01 -3.9621446E-02 -1.5555328E-02  5.1245266E-02  0.0000000E+00
  7.8507600E+01  5.5897811E-01 -3.8251712E-02 -1.6031647E-02  5.0695533E-02  0.0000000E+00
  7.8507600E+01  5.8406086E-01 -3.6865512E-02 -1.6244265E-02  5.0178393E-02  0.0000000E+00
  7.8507600E+01  6.0841439E-01 -3.5418505E-02 -1.6004678E-02  4.9655439E-02  0.0000000E+00
  7.8507600E+01  6.3226216E-01 -3.3771791E-02 -1.5297690E-02  4.9101310E-02  0.0000000E+00
  7.8507600E+01  6.5565559E-01 -3.1930704E-02 -1.4316322E-02  4.8498664E-02  0.0000000E+00
  7.8507600E+01  6.7851202E-01 -3.0005059E-02 -1.3310253E-02  4.7835728E-02  0.0000000E+00
  7.8507600E+01  7.0036014E-01 -2.8139114E-02 -1.2505678E-02  4.7110465E-02  0.0000000E+00
  7.8507600E+01  7.2089699E-01 -2.6461369E-02 -1.1977933E-02  4.6318098E-02  0.0000000E+00
  7.8507600E+01  7.4003714E-01 -2.5024044E-02 -1.1709150E-02  4.5472906E-02  0.0000000E+00
  7.8507600E+01  7.5785824E-01 -2.3765517E-02 -1.1691920E-02  4.4589497E-02  0.0000000E+00
  7.8507600E+01  7.7427473E-01 -2.2607566E-02 -1.1917297E-02  4.3680698E-02  0.0000000E+00
  7.8507600E+01  7.8929594E-01 -2.1497184E-02 -1.2396406E-02  4.2744964E-02  0.0000000E+00
  7.8507600E+01  8.0305305E-01 -2.0468104E-02 -1.3056383E-02  4.1778517E-02  0.0000000E+00
  7.8507600E+01  8.1574457E-01 -1.9588694E-02 -1.3677075E-02  4.0784648E-02  0.0000000E+00
  7.8507600E+01  8.2742346E-01 -1.8862831E-02 -1.3981974E-02  3.9772679E-02  0.0000000E+00
  7.8507600E+01  8.3816671E-01 -1.8251352E-02 -1.3844921E-02  3.8749915E-02  0.0000000E+00
  7.8507600E+01  8.4812113E-01 -1.7798994E-02 -1.3387125E-02  3.7724532E-02  0.0000000E+00
  7.8507600E+01  8.5758516E-01 -1.7511645E-02 -1.2872831E-02  3.6694151E-02  0.0000000E+00
  7.8507600E+01  8.6684733E-01 -1.7334141E-02 -1.2415872E-02  3.5658594E-02  0.0000000E+00
  7.8507600E+01  8.7607683E-01 -1.7226998E-02 -1.2011060E-02  3.4615527E-02  0.0000000E+00
  7.8507600E+01  8.8527393E-01 -1.7187693E-02 -1.1643063E-02  3.3572601E-02  0.0000000E+00
  7.8507600E+01  8.9442877E-01 -1.7221669E-02 -1.1339079E-02  3.2544574E-02  0.0000000E+00
  7.8507600E+01  9.0352362E-01 -1.7304658E-02 -1.1106132E-02  3.1547564E-02  0.0000000E+00
  7.8507600E+01  9.1253628E-01 -1.7406920E-02 -1.0876444E-02  3.0591083E-02  0.0000000E+00
  7.8507600E+01  9.2143195E-01 -1.7498911E-02 -1.0646346E-02  2.9682323E-02  0.0000000E+00
  7.8507600E+01  9.3022211E-01 -1.7548490E-02 -1.0474276E-02  2.8816543E-02  0.0000000E+00
  7.8507600E+01  9.3886727E-01 -1.7530612E-02 -1.0413036E-02  2.7989489E-02  0.0000000E+00
  7.8507600E+01  9.4736231E-01 -1.7434706E-02 -1.0465347E-02  2.7193163E-02  0.0000000E+00
  7.8507600E+01  9.5570642E-01 -1.7261826E-02 -1.0580899E-02  2.6422398E-02  0.0000000E+00
  7.8507600E+01  9.6398241E-01 -1.7013574E-02 -1.0690367E-02  2.5672017E-02  0.0000000E+00
  7.8507600E+01  9.7223655E-01 -1.6694662E-02 -1.0721792E-02  2.4943313E-02  0.0000000E+00
  7.8507600E+01  9.8045470E-01 -1.6327431E-02 -1.0623592E-02  2.4236689E-02  0.0000000E+00
  7.8507600E+01  9.8860489E-01 -1.5942414E-02 -1.0397031E-02  2.3551367E-02  0.0000000E+00
  7.8507600E+01  9.9671166E-01 -1.5570057E-02 -1.0068189E-02  2.2883897E-02  0.0000000E+00
  7.8507600E+01  1.0047815E+00 -1.5236019E-02 -9.6761040E-03  2.2235232E-02  0.0000000E+00
  7.8507600E+01  1.0128505E+00 -1.4952285E-02 -9.2679627E-03  2.1605761E-02  0.0000000E+00
  7.8507600E+01  1.0209051E+00 -1.4719110E-02 -8.9012664E-03  2.0998645E-02  0.0000000E+00
  7.8507600E+01  1.0289350E+00 -1.4528277E-02 -8.6241792E-03  2.0413847E-02  0.0000000E+00
  7.8507600E+01  1.0369267E+00 -1.4362870E-02 -8.4215735E-03  1.9855075E-02  0.0000000E+00
  7.8507600E+01  1.0448925E+00 -1.4202437E-02 -8.2869639E-03  1.9322792E-02  0.0000000E+00
  7.8507600E+01  1.0527867E+00 -1.4026863E-02 -8.2253124E-03  1.8815128E-02  0.0000000E+00
  7.8507600E+01  1.0605427E+00 -1.3820870E-02 -8.2313585E-03  1.8325512E-02  0.0000000E+00
  7.8507600E+01  1.0680489E+00 -1.3578862E-02 -8.2833760E-03  1.7849073E-02  0.0000000E+00
  7.8507600E+01  1.0752642E+00 -1.3302938E-02 -8.3489484E-03  1.7380751E-02  0.0000000E+00
  7.8507600E+01  1.0821910E+00 -1.3000844E-02 -8.3993392E-03  1.6919964E-02  0.0000000E+00
  7.8507600E+01  1.0889004E+00 -1.2681548E-02 -8.4248736E-03  1.6465849E-02  0.0000000E+00
  7.8507600E+01  1.0954345E+00 -1.2363879E-02 -8.4232147E-03  1.6020644E-02  0.0000000E+00
  7.8507600E+01  1.1018315E+00 -1.2063635E-02 -8.3766304E-03  1.5585213E-02  0.0000000E+00
  7.8507600E+01  1.1081040E+00 -1.1790751E-02 -8.2678376E-03  1.5161673E-02  0.0000000E+00
  7.8507600E+01  1.1142631E+00 -1.1549937E-02 -8.0769498E-03  1.4749936E-02  0.0000000E+00
  7.8507600E+01  1.1202790E+00 -1.1344918E-02 -7.7841072E-03  1.4350175E-02  0.0000000E+00
  7.8507600E+01  1.1261571E+00 -1.1177334E-02 -7.3758356E-03  1.3959766E-02  0.0000000E+00
  7.8507600E+01  1.1319126E+00 -1.1047901E-02 -6.8585672E-03  1.3577125E-02  0.0000000E+00
  7.8507600E+01  1.1376040E+00 -1.0952398E-02 -6.2683693E-03  1.3200301E-02  0.0000000E+00
  7.8507600E+01  1.1432332E+00 -1.0876754E-02 -5.6240175E-03  1.2830853E-02  0.0000000E+00
  7.8507600E+01  1.1487911E+00 -1.0802472E-02 -4.9227398E-03  1.2467593E-02  0.0000000E+00
  7.8507600E+01  1.1542226E+00 -1.0723530E-02 -4.1750662E-03  1.2111535E-02  0.0000000E+00
  7.8507600E+01  1.1594938E+00 -1.0638961E-02 -3.3924950E-03  1.1764738E-02  0.0000000E+00
  7.8507600E+01  1.1645768E+00 -1.0547085E-02 -2.5899501E-03  1.1432120E-02  0.0000000E+00
  7.8507600E+01  1.1695006E+00 -1.0443934E-02 -1.7787762E-03  1.1115652E-02  0.0000000E+00
  7.8507600E+01  1.1742941E+00 -1.0328060E-02 -9.7534089E-04  1.0815319E-02  0.0000000E+00
  7.8507600E+01  1.1789737E+00 -1.0208638E-02 -2.0177235E-04  1.0529737E-02  0.0000000E+00
  7.8507600E+01  1.1835049E+00 -1.0104419E-02  5.1479104E-04  1.0258046E-02  0.0000000E+00
  7.8507600E+01  1.1878785E+00 -1.0024900E-02  1.1758153E-03  9.9979702E-03  0.0000000E+00
  7.8507600E+01  1.1920974E+00 -9.9627140E-03  1.8023591E-03  9.7466088E-03  0.0000000E+00
  7.8507600E+01  1.1961807E+00 -9.9076462E-03  2.4000774E-03  9.5024743E-03  0.0000000E+00
  7.8507600E+01  1.2001268E+00 -9.8544714E-03  2.9534550E-03  9.2658812E-03  0.0000000E+00
  7.8507600E+01  1.2039542E+00 -9.8019148E-03  3.4426456E-03  9.0362745E-03  0.0000000E+00
  7.8507600E+01  1.2076753E+00 -9.7488311E-03  3.8541290E-03  8.8142734E-03  0.0000000E+00
  7.8507600E+01  1.2113116E+00 -9.6897370E-03  4.1942095E-03  8.6005590E-03  0.0000000E+00
  7.8507600E+01  1.2148656E+00 -9.6160085E-03  4.4840955E-03  8.3964904E-03  0.0000000E+00
  7.8507600E+01  1.2183436E+00 -9.5235164E-03  4.7349228E-03  8.2030949E-03  0.0000000E+00
  7.8507600E+01  1.2217417E+00 -9.4136704E-03  4.9484128E-03  8.0209906E-03  0.0000000E+00
  7.8507600E+01  1.2250555E+00 -9.2921319E-03  5.1269275E-03  7.8491227E-03  0.0000000E+00
  7.8507600E+01  1.2282721E+00 -9.1625826E-03  5.2701438E-03  7.6871340E-03  0.0000000E+00
  7.8507600E+01  1.2314050E+00 -9.0245710E-03  5.3737753E-03  7.5346707E-03  0.0000000E+00
  7.8507600E+01  1.2344647E+00 -8.8767681E-03  5.4312577E-03  7.3920170E-03  0.0000000E+00
  7.8507600E+01  1.2374585E+00 -8.7204245E-03  5.4410524E-03  7.2586633E-03  0.0000000E+00
  7.8507600E+01  1.2403601E+00 -8.5641080E-03  5.4156131E-03  7.1342722E-03  0.0000000E+00
  7.8507600E+01  1.2431546E+00 -8.4154475E-03  5.3762134E-03  7.0164815E-03  0.0000000E+00
  7.8507600E+01  1.2458336E+00 -8.2760753E-03  5.3335589E-03  6.9032642E-03  0.0000000E+00
  7.8507600E+01  1.2483977E+00 -8.1424893E-03  5.3005790E-03  6.7921698E-03  0.0000000E+00
  7.8507600E+01  1.2508401E+00 -8.0098294E-03  5.2885728E-03  6.6828836E-03  0.0000000E+00
  7.8507600E+01 -2.4344768E-06 -6.8174874E-07 -3.2245675E-07  1.1318412E-01  0.0000000E+00
  7.8507600E+01 -4.0563995E-02 -1.2219738E-02 -8.1197849E-03  1.1344545E-01  0.0000000E+00
  7.8507600E+01 -1.8218711E-02 -1.0587220E-02 -1.4083829E-02  1.1214130E-01  0.0000000E+00
  7.8507600E+01  3.9182963E-02 -2.3272299E-03 -1.7998722E-02  1.1017105E-01  0.0000000E+00
  7.8507600E+01  1.0282055E-01  7.3404618E-03 -2.0154389E-02  1.0806687E-01  0.0000000E+00
  7.8507600E+01  1.6039678E-01  1.6214278E-02 -2.1044925E-02  1.0571477E-01  0.0000000E+00
  7.8507600E+01  2.0910630E-01  2.3293787E-02 -2.0927274E-02  1.0295531E-01  0.0000000E+00
  7.8507600E+01  2.4997987E-01  2.8218695E-02 -1.9896357E-02  9.9748547E-02  0.0000000E+00
  7.8507600E+01  2.8502759E-01  3.1088614E-02 -1.8267880E-02  9.6146733E-02  0.0000000E+00
  7.8507600E+01  3.1609284E-01  3.2303340E-02 -1.6435409E-02  9.2240510E-02  0.0000000E+00
  7.8507600E+01  3.4438530E-01  3.2324489E-02 -1.4652061E-02  8.8141789E-02  0.0000000E+00
  7.8507600E+01  3.7069845E-01  3.1615750E-02 -1.3047430E-02  8.4001180E-02  0.0000000E+00
  7.8507600E+01  3.9557444E-01  3.0553244E-02 -1.1721738E-02  7.9957906E-02  0.0000000E+00
  7.8507600E+01  4.1932552E-01  2.9215347E-02 -1.0734122E-02  7.6076715E-02  0.0000000E+00
  7.8507600E+01  4.4193879E-01  2.7551381E-02 -1.0265892E-02  7.2423602E-02  0.0000000E+00
  7.8507600E+01  4.6363612E-01  2.5618604E-02 -1.0612662E-02  6.9026892E-02  0.0000000E+00
  7.8507600E+01  4.8504741E-01  2.3565288E-02 -1.1754529E-02  6.5872942E-02  0.0000000E+00
  7.8507600E+01  5.0681351E-01  2.1530105E-02 -1.3329576E-02  6.2981474E-02  0.0000000E+00
  7.8507600E+01  5.2920069E-01  1.9591379E-02 -1.5004585E-02  6.0373183E-02  0.0000000E+00
  7.8507600E+01  5.5200057E-01  1.7827215E-02 -1.6452095E-02  5.8059113E-02  0.0000000E+00
  7.8507600E+01  5.7484912E-01  1.6180217E-02 -1.7333400E-02  5.5989675E-02  0.0000000E+00
  7.8507600E+01  5.9719816E-01  1.4555460E-02 -1.7553896E-02  5.4104130E-02  0.0000000E+00
  7.8507600E+01  6.1903315E-01  1.3097369E-02 -1.7190906E-02  5.2364001E-02  0.0000000E+00
  7.8507600E+01  6.4079343E-01  1.2047536E-02 -1.6387583E-02  5.0745708E-02  0.0000000E+00
  7.8507600E+01  6.6233301E-01  1.1475068E-02 -1.5353551E-02  4.9227283E-02  0.0000000E+00
  7.8507600E+01  6.8316789E-01  1.1249384E-02 -1.4333937E-02  4.7787519E-02  0.0000000E+00
  7.8507600E+01  7.0332320E-01  1.1207942E-02 -1.3541886E-02  4.6400511E-02  0.0000000E+00
  7.8507600E+01  7.2293671E-01  1.1232222E-02 -1.3131722E-02  4.5062169E-02  0.0000000E+00
  7.8507600E+01  7.4186754E-01  1.1265123E-02 -1.3090409E-02  4.3769489E-02  0.0000000E+00
  7.8507600E+01  7.5993181E-01  1.1289167E-02 -1.3448038E-02  4.2505660E-02  0.0000000E+00
  7.8507600E+01  7.7696233E-01  1.1321010E-02 -1.4138629E-02  4.1270253E-02  0.0000000E+00
  7.8507600E+01  7.9308877E-01  1.1352543E-02 -1.4909003E-02  4.0059207E-02  0.0000000E+00
  7.8507600E+01  8.0846447E-01  1.1314569E-02 -1.5537512E-02  3.8871789E-02  0.0000000E+00
  7.8507600E+01  8.2298190E-01  1.1157770E-02 -1.6029199E-02  3.7714089E-02  0.0000000E+00
  7.8507600E+01  8.3635049E-01  1.0827407E-02 -1.6304541E-02  3.6585695E-02  0.0000000E+00
  7.8507600E+01  8.4853295E-01  1.0317465E-02 -1.6238133E-02  3.5479517E-02  0.0000000E+00
  7.8507600E+01  8.5966097E-01  9.6486666E-03 -1.5836417E-02  3.4391315E-02  0.0000000E+00
  7.8507600E+01  8.6997666E-01  8.8263553E-03 -1.5224760E-02  3.3315301E-02  0.0000000E+00
  7.8507600E+01  8.7967642E-01  7.8422352E-03 -1.4547557E-02  3.2250431E-02  0.0000000E+00
  7.8507600E+01  8.8898686E-01  6.7398906E-03 -1.3907489E-02  3.1195243E-02  0.0000000E+00
  7.8507600E+01  8.9827509E-01  5.5987222E-03 -1.3431971E-02  3.0149252E-02  0.0000000E+00
  7.8507600E+01  9.0758432E-01  4.4947460E-03 -1.3128319E-02  2.9131301E-02  0.0000000E+00
  7.8507600E+01  9.1686865E-01  3.4694945E-03 -1.2907286E-02  2.8148047E-02  0.0000000E+00
  7.8507600E+01  9.2609130E-01  2.5347985E-03 -1.2680309E-02  2.7201581E-02  0.0000000E+00
  7.8507600E+01  9.3517521E-01  1.6998096E-03 -1.2417908E-02  2.6296931E-02  0.0000000E+00
  7.8507600E+01  9.4404468E-01  9.7989280E-04 -1.2164709E-02  2.5431973E-02  0.0000000E+00
  7.8507600E+01  9.5257911E-01  3.8729345E-04 -1.2015044E-02  2.4602542E-02  0.0000000E+00
  7.8507600E+01  9.6074838E-01 -8.3369830E-05 -1.1985200E-02  2.3804732E-02  0.0000000E+00
  7.8507600E+01  9.6873408E-01 -4.6157029E-04 -1.1997091E-02  2.3030550E-02  0.0000000E+00
  7.8507600E+01  9.7666357E-01 -7.7485108E-04 -1.1956792E-02  2.2283009E-02  0.0000000E+00
  7.8507600E+01  9.8464076E-01 -1.0378069E-03 -1.1794419E-02  2.1562645E-02  0.0000000E+00
  7.8507600E+01  9.9271248E-01 -1.2530271E-03 -1.1474202E-02  2.0868405E-02  0.0000000E+00
  7.8507600E+01  1.0008528E+00 -1.4244449E-03 -1.1005790E-02  2.0202122E-02  0.0000000E+00
  7.8507600E+01  1.0090626E+00 -1.5708537E-03 -1.0442631E-02  1.9563966E-02  0.0000000E+00
  7.8507600E+01  1.0173051E+00 -1.7201632E-03 -9.8690789E-03  1.8955557E-02  0.0000000E+00
  7.8507600E+01  1.0254594E+00 -1.8937958E-03 -9.3787411E-03  1.8378745E-02  0.0000000E+00
  7.8507600E+01  1.0335310E+00 -2.0977237E-03 -9.0062649E-03  1.7829098E-02  0.0000000E+00
  7.8507600E+01  1.0415681E+00 -2.3234559E-03 -8.7597347E-03  1.7303088E-02  0.0000000E+00
  7.8507600E+01  1.0495480E+00 -2.5536815E-03 -8.6344644E-03  1.6800843E-02  0.0000000E+00
  7.8507600E+01  1.0574512E+00 -2.7697368E-03 -8.6095020E-03  1.6318889E-02  0.0000000E+00
  7.8507600E+01  1.0651752E+00 -2.9531015E-03 -8.6496121E-03  1.5856451E-02  0.0000000E+00
  7.8507600E+01  1.0726756E+00 -3.0939620E-03 -8.7120862E-03  1.5409738E-02  0.0000000E+00
  7.8507600E+01  1.0799607E+00 -3.1930032E-03 -8.7675718E-03  1.4976671E-02  0.0000000E+00
  7.8507600E+01  1.0869908E+00 -3.2485314E-03 -8.8037064E-03  1.4559054E-02  0.0000000E+00
  7.8507600E+01  1.0937623E+00 -3.2614984E-03 -8.8134475E-03  1.4157432E-02  0.0000000E+00
  7.8507600E+01  1.1003081E+00 -3.2495217E-03 -8.7882824E-03  1.3768431E-02  0.0000000E+00
  7.8507600E+01  1.1066560E+00 -3.2380619E-03 -8.7108929E-03  1.3389413E-02  0.0000000E+00
  7.8507600E+01  1.1128717E+00 -3.2489552E-03 -8.5579541E-03  1.3016979E-02  0.0000000E+00
  7.8507600E+01  1.1190031E+00 -3.2940415E-03 -8.3085637E-03  1.2649668E-02  0.0000000E+00
  7.8507600E+01  1.1250414E+00 -3.3740093E-03 -7.9561852E-03  1.2289712E-02  0.0000000E+00
  7.8507600E+01  1.1310036E+00 -3.4841720E-03 -7.5105214E-03  1.1938425E-02  0.0000000E+00
  7.8507600E+01  1.1368735E+00 -3.6136522E-03 -6.9848832E-03  1.1598639E-02  0.0000000E+00
  7.8507600E+01  1.1426420E+00 -3.7546481E-03 -6.3763709E-03  1.1269938E-02  0.0000000E+00
  7.8507600E+01  1.1482743E+00 -3.9086571E-03 -5.6954362E-03  1.0949437E-02  0.0000000E+00
  7.8507600E+01  1.1537172E+00 -4.0741666E-03 -4.9624053E-03  1.0635770E-02  0.0000000E+00
  7.8507600E+01  1.1589727E+00 -4.2438075E-03 -4.1896311E-03  1.0327213E-02  0.0000000E+00
  7.8507600E+01  1.1640640E+00 -4.4070762E-03 -3.3825280E-03  1.0024348E-02  0.0000000E+00
  7.8507600E+01  1.1689963E+00 -4.5556239E-03 -2.5492330E-03  9.7315488E-03  0.0000000E+00
  7.8507600E+01  1.1737875E+00 -4.6885107E-03 -1.7035090E-03  9.4522796E-03  0.0000000E+00
  7.8507600E+01  1.1784444E+00 -4.8072669E-03 -8.6347592E-04  9.1880360E-03  0.0000000E+00
  7.8507600E+01  1.1829748E+00 -4.9113165E-03 -4.8870510E-05  8.9391693E-03  0.0000000E+00
  7.8507600E+01  1.1874143E+00 -5.0002542E-03  7.3357363E-04  8.7027190E-03  0.0000000E+00
  7.8507600E+01  1.1917454E+00 -5.0764485E-03  1.4792542E-03  8.4777699E-03  0.0000000E+00
  7.8507600E+01  1.1959550E+00 -5.1468461E-03  2.1858531E-03  8.2630387E-03  0.0000000E+00
  7.8507600E+01  1.2000254E+00 -5.2196362E-03  2.8427641E-03  8.0579358E-03  0.0000000E+00
  7.8507600E+01  1.2039310E+00 -5.2998123E-03  3.4267193E-03  7.8629450E-03  0.0000000E+00
  7.8507600E+01  1.2076913E+00 -5.3867553E-03  3.9147645E-03  7.6768964E-03  0.0000000E+00
  7.8507600E+01  1.2113458E+00 -5.4735370E-03  4.2953689E-03  7.4981782E-03  0.0000000E+00
  7.8507600E+01  1.2149062E+00 -5.5483386E-03  4.5681722E-03  7.3267028E-03  0.0000000E+00
  7.8507600E+01  1.2183906E+00 -5.5996284E-03  4.7525398E-03  7.1624821E-03  0.0000000E+00
  7.8507600E+01  1.2218143E+00 -5.6251493E-03  4.8801189E-03  7.0057638E-03  0.0000000E+00
  7.8507600E+01  1.2251710E+00 -5.6305651E-03  4.9758531E-03  6.8577562E-03  0.0000000E+00
  7.8507600E+01  1.2284726E+00 -5.6248998E-03  5.0512312E-03  6.7190521E-03  0.0000000E+00
  7.8507600E+01  1.2317021E+00 -5.6157349E-03  5.1041831E-03  6.5912898E-03  0.0000000E+00
  7.8507600E+01  1.2348550E+00 -5.6060630E-03  5.1284958E-03  6.4749660E-03  0.0000000E+00
  7.8507600E+01  1.2379237E+00 -5.5940627E-03  5.1264380E-03  6.3700306E-03  0.0000000E+00
  7.8507600E+01  1.2408902E+00 -5.5776277E-03  5.1119386E-03  6.2759634E-03  0.0000000E+00
  7.8507600E+01  1.2437404E+00 -5.5564376E-03  5.1005382E-03  6.1903173E-03  0.0000000E+00
  7.8507600E+01  1.2464637E+00 -5.5313395E-03  5.1061158E-03  6.1093453E-03  0.0000000E+00
  7.8507600E+01  1.2490488E+00 -5.5019591E-03  5.1301197E-03  6.0300668E-03  0.0000000E+00
  7.8507600E+01  0.0000000E+00  0.0000000E+00  0.0000000E+00 -2.2046337E-02  0.0000000E+00
  7.8507600E+01  4.3124146E-01  1.2101227E-01 -6.9017214E-03 -1.9455716E-02  0.0000000E+00
  7.8507600E+01  5.6746880E-01  1.4496872E-01 -1.1231269E-02 -1.0722983E-02  0.0000000E+00
  7.8507600E+01  6.0176927E-01  1.3494137E-01 -1.3181057E-02 -4.2187377E-03  0.0000000E+00
  7.8507600E+01  6.1430361E-01  1.2001812E-01 -1.3939422E-02 -3.0162356E-04  0.0000000E+00
  7.8507600E+01  6.2177080E-01  1.0585421E-01 -1.4310012E-02  2.0972312E-03  0.0000000E+00
  7.8507600E+01  6.2829359E-01  9.3468124E-02 -1.4373255E-02  3.6885783E-03  0.0000000E+00
  7.8507600E+01  6.3548970E-01  8.3055202E-02 -1.4124015E-02  4.8682947E-03  0.0000000E+00
  7.8507600E+01  6.4406032E-01  7.4478190E-02 -1.3743285E-02  5.8545853E-03  0.0000000E+00
  7.8507600E+01  6.5409153E-01  6.7457886E-02 -1.3521485E-02  6.7531733E-03  0.0000000E+00
  7.8507600E+01  6.6520819E-01  6.1707072E-02 -1.3619592E-02  7.5898630E-03  0.0000000E+00
  7.8507600E+01  6.7706225E-01  5.6939688E-02 -1.3959426E-02  8.3504162E-03  0.0000000E+00
  7.8507600E+01  6.8925428E-01  5.2900827E-02 -1.4409455E-02  9.0276913E-03  0.0000000E+00
  7.8507600E+01  7.0150142E-01  4.9468924E-02 -1.4851057E-02  9.6280558E-03  0.0000000E+00
  7.8507600E+01  7.1392341E-01  4.6574228E-02 -1.5147445E-02  1.0148578E-02  0.0000000E+00
  7.8507600E+01  7.2675372E-01  4.4105726E-02 -1.5297578E-02  1.0584036E-02  0.0000000E+00
  7.8507600E+01  7.3998428E-01  4.1976066E-02 -1.5385808E-02  1.0938115E-02  0.0000000E+00
  7.8507600E+01  7.5343092E-01  4.0116978E-02 -1.5342300E-02  1.1221859E-02  0.0000000E+00
  7.8507600E+01  7.6692562E-01  3.8463401E-02 -1.5134328E-02  1.1443426E-02  0.0000000E+00
  7.8507600E+01  7.8030874E-01  3.6978808E-02 -1.4974517E-02  1.1605400E-02  0.0000000E+00
  7.8507600E+01  7.9340482E-01  3.5607559E-02 -1.5127859E-02  1.1713826E-02  0.0000000E+00
  7.8507600E+01  8.0618360E-01  3.4276709E-02 -1.5630624E-02  1.1783023E-02  0.0000000E+00
  7.8507600E+01  8.1893317E-01  3.3007359E-02 -1.6383456E-02  1.1817312E-02  0.0000000E+00
  7.8507600E+01  8.3176822E-01  3.1827107E-02 -1.7285341E-02  1.1817415E-02  0.0000000E+00
  7.8507600E+01  8.4437390E-01  3.0690652E-02 -1.8111717E-02  1.1783745E-02  0.0000000E+00
  7.8507600E+01  8.5641274E-01  2.9547556E-02 -1.8569740E-02  1.1718488E-02  0.0000000E+00
  7.8507600E+01  8.6786365E-01  2.8380372E-02 -1.8568371E-02  1.1622216E-02  0.0000000E+00
  7.8507600E+01  8.7872649E-01  2.7155261E-02 -1.8211861E-02  1.1496904E-02  0.0000000E+00
  7.8507600E+01  8.8901835E-01  2.5892333E-02 -1.7608843E-02  1.1346111E-02  0.0000000E+00
  7.8507600E+01  8.9882191E-01  2.4615833E-02 -1.6884742E-02  1.1173790E-02  0.0000000E+00
  7.8507600E+01  9.0821172E-01  2.3324618E-02 -1.6180712E-02  1.0982857E-02  0.0000000E+00
  7.8507600E+01  9.1719235E-01  2.2012966E-02 -1.5574952E-02  1.0773787E-02  0.0000000E+00
  7.8507600E+01  9.2574022E-01  2.0699484E-02 -1.5002759E-02  1.0545755E-02  0.0000000E+00
  7.8507600E+01  9.3392172E-01  1.9416756E-02 -1.4430564E-02  1.0302164E-02  0.0000000E+00
  7.8507600E+01  9.4185654E-01  1.8179745E-02 -1.3943797E-02  1.0046694E-02  0.0000000E+00
  7.8507600E+01  9.4963869E-01  1.6992632E-02 -1.3570304E-02  9.7825041E-03  0.0000000E+00
  7.8507600E+01  9.5728849E-01  1.5859582E-02 -1.3276620E-02  9.5130559E-03  0.0000000E+00
  7.8507600E+01  9.6478237E-01  1.4779951E-02 -1.3031411E-02  9.2398012E-03  0.0000000E+00
  7.8507600E+01  9.7211333E-01  1.3744336E-02 -1.2836431E-02  8.9618064E-03  0.0000000E+00
  7.8507600E+01  9.7931134E-01  1.2746850E-02 -1.2670834E-02  8.6808275E-03  0.0000000E+00
  7.8507600E+01  9.8637695E-01  1.1793722E-02 -1.2525414E-02  8.4006848E-03  0.0000000E+00
  7.8507600E+01  9.9333925E-01  1.0900429E-02 -1.2427585E-02  8.1234339E-03  0.0000000E+00
  7.8507600E+01  1.0002960E+00  1.0093070E-02 -1.2347043E-02  7.8521520E-03  0.0000000E+00
  7.8507600E+01  1.0073289E+00  9.3859712E-03 -1.2227141E-02  7.5901714E-03  0.0000000E+00
  7.8507600E+01  1.0144568E+00  8.7683648E-03 -1.2016004E-02  7.3404967E-03  0.0000000E+00
  7.8507600E+01  1.0216439E+00  8.2090909E-03 -1.1683642E-02  7.1054285E-03  0.0000000E+00
  7.8507600E+01  1.0288613E+00  7.6817488E-03 -1.1227233E-02  6.8839851E-03  0.0000000E+00
  7.8507600E+01  1.0361118E+00  7.1683007E-03 -1.0715603E-02  6.6764583E-03  0.0000000E+00
  7.8507600E+01  1.0433914E+00  6.6495171E-03 -1.0234539E-02  6.4838119E-03  0.0000000E+00
  7.8507600E+01  1.0506728E+00  6.1187203E-03 -9.8401722E-03  6.3076505E-03  0.0000000E+00
  7.8507600E+01  1.0579081E+00  5.5842489E-03 -9.5595274E-03  6.1484682E-03  0.0000000E+00
  7.8507600E+01  1.0650423E+00  5.0620932E-03 -9.3888423E-03  6.0052869E-03  0.0000000E+00
  7.8507600E+01  1.0720308E+00  4.5680679E-03 -9.2930107E-03  5.8746542E-03  0.0000000E+00
  7.8507600E+01  1.0788559E+00  4.1124084E-03 -9.2157386E-03  5.7523018E-03  0.0000000E+00
  7.8507600E+01  1.0855300E+00  3.7003339E-03 -9.1146710E-03  5.6366035E-03  0.0000000E+00
  7.8507600E+01  1.0920615E+00  3.3356676E-03 -9.0026004E-03  5.5261030E-03  0.0000000E+00
  7.8507600E+01  1.0984371E+00  3.0173453E-03 -8.9134057E-03  5.4201907E-03  0.0000000E+00
  7.8507600E+01  1.1046181E+00  2.7402049E-03 -8.8539410E-03  5.3204564E-03  0.0000000E+00
  7.8507600E+01  1.1105693E+00  2.4985846E-03 -8.7968886E-03  5.2266778E-03  0.0000000E+00
  7.8507600E+01  1.1162890E+00  2.2848315E-03 -8.6981805E-03  5.1357885E-03  0.0000000E+00
  7.8507600E+01  1.1218237E+00  2.0863303E-03 -8.5206300E-03  5.0441294E-03  0.0000000E+00
  7.8507600E+01  1.1272546E+00  1.8860995E-03 -8.2500121E-03  4.9498546E-03  0.0000000E+00
  7.8507600E+01  1.1326431E+00  1.6686380E-03 -7.8898110E-03  4.8531957E-03  0.0000000E+00
  7.8507600E+01  1.1380027E+00  1.4265400E-03 -7.4553436E-03  4.7557905E-03  0.0000000E+00
  7.8507600E+01  1.1433221E+00  1.1673948E-03 -6.9721027E-03  4.6591844E-03  0.0000000E+00
  7.8507600E+01  1.1485741E+00  9.0580087E-04 -6.4563517E-03  4.5643419E-03  0.0000000E+00
  7.8507600E+01  1.1537247E+00  6.5175859E-04 -5.9049341E-03  4.4717331E-03  0.0000000E+00
  7.8507600E+01  1.1587381E+00  4.0563400E-04 -5.2997798E-03  4.3814600E-03  0.0000000E+00
  7.8507600E+01  1.1635824E+00  1.5994305E-04 -4.6232123E-03  4.2932206E-03  0.0000000E+00
  7.8507600E+01  1.1682360E+00 -9.4412640E-05 -3.8780323E-03  4.2063391E-03  0.0000000E+00
  7.8507600E+01  1.1726988E+00 -3.6059643E-04 -3.1028545E-03  4.1200701E-03  0.0000000E+00
  7.8507600E+01  1.1770071E+00 -6.3254480E-04 -2.3342561E-03  4.0347982E-03  0.0000000E+00
  7.8507600E+01  1.1811920E+00 -9.0001244E-04 -1.5703822E-03  3.9519128E-03  0.0000000E+00
  7.8507600E+01  1.1852590E+00 -1.1545694E-03 -8.0354521E-04  3.8731501E-03  0.0000000E+00
  7.8507600E+01  1.1892128E+00 -1.3884006E-03 -3.5113979E-05  3.7998107E-03  0.0000000E+00
  7.8507600E+01  1.1930679E+00 -1.5965304E-03  7.2621708E-04  3.7324278E-03  0.0000000E+00
  7.8507600E+01  1.1968415E+00 -1.7791183E-03  1.4681302E-03  3.6710145E-03  0.0000000E+00
  7.8507600E+01  1.2005407E+00 -1.9425479E-03  2.1776343E-03  3.6154736E-03  0.0000000E+00
  7.8507600E+01  1.2041514E+00 -2.0980289E-03  2.8405420E-03  3.5657547E-03  0.0000000E+00
  7.8507600E+01  1.2076642E+00 -2.2527744E-03  3.4388539E-03  3.5217573E-03  0.0000000E+00
  7.8507600E+01  1.2110870E+00 -2.4077428E-03  3.9587884E-03  3.4835558E-03  0.0000000E+00
  7.8507600E+01  1.2144201E+00 -2.5624270E-03  4.3842969E-03  3.4507351E-03  0.0000000E+00
  7.8507600E+01  1.2176616E+00 -2.7149295E-03  4.6981654E-03  3.4218155E-03  0.0000000E+00
  7.8507600E+01  1.2208150E+00 -2.8606319E-03  4.8924782E-03  3.3951033E-03  0.0000000E+00
  7.8507600E+01  1.2238926E+00 -2.9932393E-03  4.9766933E-03  3.3695705E-03  0.0000000E+00
  7.8507600E+01  1.2269139E+00 -3.1073054E-03  4.9797593E-03  3.3454455E-03  0.0000000E+00
  7.8507600E+01  1.2298995E+00 -3.2010335E-03  4.9428380E-03  3.3242350E-03  0.0000000E+00
  7.8507600E+01  1.2328609E+00 -3.2769018E-03  4.8996172E-03  3.3081068E-03  0.0000000E+00
  7.8507600E+01  1.2357921E+00 -3.3375377E-03  4.8612346E-03  3.2990927E-03  0.0000000E+00
  7.8507600E+01  1.2386703E+00 -3.3858304E-03  4.8285554E-03  3.2990156E-03  0.0000000E+00
  7.8507600E+01  1.2414746E+00 -3.4268352E-03  4.8029101E-03  3.3079556E-03  0.0000000E+00
  7.8507600E+01  1.2441892E+00 -3.4669167E-03  4.7907027E-03  3.3244334E-03  0.0000000E+00
  7.8507600E+01  1.2468011E+00 -3.5103786E-03  4.8020924E-03  3.3460305E-03  0.0000000E+00
  7.8507600E+01  1.2492978E+00 -3.5571004E-03  4.8459537E-03  3.3698433E-03  0.0000000E+00
  7.8507600E+01  1.2516672E+00 -3.6021737E-03  4.9230786E-03  3.3930216E-03  0.0000000E+00
  7.8507600E+01  1.2539018E+00 -3.6385311E-03  5.0195834E-03  3.4136467E-03  0.0000000E+00
  7.8507600E+01  1.2560083E+00 -3.6638043E-03  5.1123146E-03  3.4305149E-03  0.0000000E+00
  7.8507600E+01  1.2580000E+00 -3.6791614E-03  5.1845108E-03  3.4441639E-03  0.0000000E+00
  7.8507600E+01  1.2598887E+00 -3.6849374E-03  5.2327647E-03  3.4555866E-03  0.0000000E+00
  7.8507600E+01  1.2616860E+00 -3.6774310E-03  5.2611309E-03  3.4662186E-03  0.0000000E+00
  7.8507600E+01 -4.1072241E-06 -7.1107866E-07 -1.9536083E-07  2.8522348E-02  0.0000000E+00
  7.8507600E+01 -4.3225698E-02 -5.2934829E-03 -3.0428954E-03  2.8786432E-02  0.0000000E+00
  7.8507600E+01 -1.3871556E-02 -1.1213661E-03 -5.6482277E-03  2.7880034E-02  0.0000000E+00
  7.8507600E+01  7.3035538E-02  3.9806138E-03 -7.9756602E-03  2.6938683E-02  0.0000000E+00
  7.8507600E+01  1.8888674E-01  8.9625028E-03 -9.6443498E-03  2.6402314E-02  0.0000000E+00
  7.8507600E+01  3.1195996E-01  1.6466177E-02 -1.0794771E-02  2.5843519E-02  0.0000000E+00
  7.8507600E+01  4.2356810E-01  2.6932497E-02 -1.1630616E-02  2.4728329E-02  0.0000000E+00
  7.8507600E+01  5.1171635E-01  3.8172347E-02 -1.2120970E-02  2.2740025E-02  0.0000000E+00
  7.8507600E+01  5.7398178E-01  4.7618447E-02 -1.2266622E-02  1.9871352E-02  0.0000000E+00
  7.8507600E+01  6.1574899E-01  5.4142535E-02 -1.2206028E-02  1.6314294E-02  0.0000000E+00
  7.8507600E+01  6.4411730E-01  5.7848764E-02 -1.1950384E-02  1.2356445E-02  0.0000000E+00
  7.8507600E+01  6.6475998E-01  5.9367262E-02 -1.1547222E-02  8.3071006E-03  0.0000000E+00
  7.8507600E+01  6.8134420E-01  5.9379837E-02 -1.1306375E-02  4.4259319E-03  0.0000000E+00
  7.8507600E+01  6.9609218E-01  5.8488259E-02 -1.1482984E-02  8.7280785E-04  0.0000000E+00
  7.8507600E+01  7.1018734E-01  5.7116505E-02 -1.1983542E-02 -2.2789487E-03  0.0000000E+00
  7.8507600E+01  7.2402038E-01  5.5494365E-02 -1.2617915E-02 -5.0127448E-03  0.0000000E+00
  7.8507600E+01  7.3759492E-01  5.3736051E-02 -1.3343547E-02 -7.3524818E-03  0.0000000E+00
  7.8507600E+01  7.5084347E-01  5.1912819E-02 -1.4116783E-02 -9.3245518E-03  0.0000000E+00
  7.8507600E+01  7.6371776E-01  5.0064676E-02 -1.4807042E-02 -1.0970230E-02  0.0000000E+00
  7.8507600E+01  7.7621993E-01  4.8231360E-02 -1.5266525E-02 -1.2322983E-02  0.0000000E+00
  7.8507600E+01  7.8849201E-01  4.6419164E-02 -1.5476696E-02 -1.3414472E-02  0.0000000E+00
  7.8507600E+01  8.0065749E-01  4.4598536E-02 -1.5606746E-02 -1.4270492E-02  0.0000000E+00
  7.8507600E+01  8.1276243E-01  4.2819059E-02 -1.5837342E-02 -1.4913774E-02  0.0000000E+00
  7.8507600E+01  8.2483794E-01  4.1199135E-02 -1.6298253E-02 -1.5368022E-02  0.0000000E+00
  7.8507600E+01  8.3688205E-01  3.9787159E-02 -1.6991039E-02 -1.5659359E-02  0.0000000E+00
  7.8507600E+01  8.4881225E-01  3.8527295E-02 -1.7755813E-02 -1.5813139E-02  0.0000000E+00
  7.8507600E+01  8.6067755E-01  3.7309257E-02 -1.8376764E-02 -1.5857794E-02  0.0000000E+00
  7.8507600E+01  8.7244427E-01  3.6024459E-02 -1.8735370E-02 -1.5817785E-02  0.0000000E+00
  7.8507600E+01  8.8395417E-01  3.4600309E-02 -1.8892961E-02 -1.5715563E-02  0.0000000E+00
  7.8507600E+01  8.9503511E-01  3.3024279E-02 -1.8931496E-02 -1.5568696E-02  0.0000000E+00
  7.8507600E+01  9.0560278E-01  3.1336308E-02 -1.8836694E-02 -1.5387755E-02  0.0000000E+00
  7.8507600E+01  9.1569270E-01  2.9608497E-02 -1.8557953E-02 -1.5176604E-02  0.0000000E+00
  7.8507600E+01  9.2537283E-01  2.7899147E-02 -1.8135595E-02 -1.4934506E-02  0.0000000E+00
  7.8507600E+01  9.3467484E-01  2.6259470E-02 -1.7613346E-02 -1.4662218E-02  0.0000000E+00
  7.8507600E+01  9.4353976E-01  2.4736217E-02 -1.7006831E-02 -1.4364516E-02  0.0000000E+00
  7.8507600E+01  9.5196239E-01  2.3297323E-02 -1.6318582E-02 -1.4048859E-02  0.0000000E+00
  7.8507600E+01  9.5999124E-01  2.1909323E-02 -1.5564331E-02 -1.3721169E-02  0.0000000E+00
  7.8507600E+01  9.6770349E-01  2.0575209E-02 -1.4790179E-02 -1.3386768E-02  0.0000000E+00
  7.8507600E+01  9.7513232E-01  1.9313390E-02 -1.4064965E-02 -1.3053484E-02  0.0000000E+00
  7.8507600E+01  9.8227133E-01  1.8103141E-02 -1.3427929E-02 -1.2725179E-02  0.0000000E+00
  7.8507600E+01  9.8923984E-01  1.6935705E-02 -1.2891751E-02 -1.2402922E-02  0.0000000E+00
  7.8507600E+01  9.9615503E-01  1.5829059E-02 -1.2487047E-02 -1.2081754E-02  0.0000000E+00
  7.8507600E+01  1.0030254E+00  1.4776016E-02 -1.2224037E-02 -1.1760409E-02  0.0000000E+00
  7.8507600E+01  1.0097927E+00  1.3761684E-02 -1.2089105E-02 -1.1444228E-02  0.0000000E+00
  7.8507600E+01  1.0164824E+00  1.2780733E-02 -1.2046004E-02 -1.1137507E-02  0.0000000E+00
  7.8507600E+01  1.0231701E+00  1.1856575E-02 -1.2038599E-02 -1.0840824E-02  0.0000000E+00
  7.8507600E+01  1.0299252E+00  1.1015226E-02 -1.1983806E-02 -1.0549402E-02  0.0000000E+00
  7.8507600E+01  1.0367229E+00  1.0238813E-02 -1.1821707E-02 -1.0260385E-02  0.0000000E+00
  7.8507600E+01  1.0435359E+00  9.4931735E-03 -1.1557912E-02 -9.9731211E-03  0.0000000E+00
  7.8507600E+01  1.0503752E+00  8.7541644E-03 -1.1229044E-02 -9.6877080E-03  0.0000000E+00
  7.8507600E+01  1.0572639E+00  8.0197931E-03 -1.0888141E-02 -9.4021829E-03  0.0000000E+00
  7.8507600E+01  1.0641633E+00  7.3083331E-03 -1.0586273E-02 -9.1155077E-03  0.0000000E+00
  7.8507600E+01  1.0710390E+00  6.6345209E-03 -1.0345052E-02 -8.8244590E-03  0.0000000E+00
  7.8507600E+01  1.0778207E+00  6.0043904E-03 -1.0147824E-02 -8.5268993E-03  0.0000000E+00
  7.8507600E+01  1.0844452E+00  5.4221250E-03 -9.9548908E-03 -8.2235706E-03  0.0000000E+00
  7.8507600E+01  1.0909303E+00  4.8988804E-03 -9.7448995E-03 -7.9160550E-03  0.0000000E+00
  7.8507600E+01  1.0973183E+00  4.4313048E-03 -9.5077840E-03 -7.6060812E-03  0.0000000E+00
  7.8507600E+01  1.1036067E+00  4.0053335E-03 -9.2427759E-03 -7.2962540E-03  0.0000000E+00
  7.8507600E+01  1.1097711E+00  3.6108918E-03 -8.9706533E-03 -6.9889101E-03  0.0000000E+00
  7.8507600E+01  1.1157934E+00  3.2466908E-03 -8.7255856E-03 -6.6854105E-03  0.0000000E+00
  7.8507600E+01  1.1216253E+00  2.9199325E-03 -8.5354429E-03 -6.3890097E-03  0.0000000E+00
  7.8507600E+01  1.1272574E+00  2.6334417E-03 -8.3920267E-03 -6.1012716E-03  0.0000000E+00
  7.8507600E+01  1.1326893E+00  2.3792624E-03 -8.2379020E-03 -5.8236614E-03  0.0000000E+00
  7.8507600E+01  1.1379627E+00  2.1444582E-03 -8.0200954E-03 -5.5583396E-03  0.0000000E+00
  7.8507600E+01  1.1431384E+00  1.9195070E-03 -7.7225252E-03 -5.3070923E-03  0.0000000E+00
  7.8507600E+01  1.1482490E+00  1.6933864E-03 -7.3368567E-03 -5.0694651E-03  0.0000000E+00
  7.8507600E+01  1.1532937E+00  1.4587062E-03 -6.8633748E-03 -4.8434563E-03  0.0000000E+00
  7.8507600E+01  1.1582518E+00  1.2154763E-03 -6.3140261E-03 -4.6270624E-03  0.0000000E+00
  7.8507600E+01  1.1631089E+00  9.7004914E-04 -5.7081990E-03 -4.4185307E-03  0.0000000E+00
  7.8507600E+01  1.1678363E+00  7.3250314E-04 -5.0669418E-03 -4.2177932E-03  0.0000000E+00
  7.8507600E+01  1.1724422E+00  5.0608902E-04 -4.3880417E-03 -4.0238393E-03  0.0000000E+00
  7.8507600E+01  1.1769207E+00  2.8256413E-04 -3.6558376E-03 -3.8362960E-03  0.0000000E+00
  7.8507600E+01  1.1812539E+00  4.8942340E-05 -2.8757249E-03 -3.6552700E-03  0.0000000E+00
  7.8507600E+01  1.1854218E+00 -2.0104997E-04 -2.0768074E-03 -3.4807496E-03  0.0000000E+00
  7.8507600E+01  1.1894218E+00 -4.6384697E-04 -1.2870504E-03 -3.3123124E-03  0.0000000E+00
  7.8507600E+01  1.1932679E+00 -7.2934047E-04 -5.1697198E-04 -3.1491975E-03  0.0000000E+00
  7.8507600E+01  1.1969882E+00 -9.8627665E-04  2.4155184E-04 -2.9901208E-03  0.0000000E+00
  7.8507600E+01  1.2005896E+00 -1.2250742E-03  9.9615716E-04 -2.8344750E-03  0.0000000E+00
  7.8507600E+01  1.2040954E+00 -1.4429754E-03  1.7377577E-03 -2.6806006E-03  0.0000000E+00
  7.8507600E+01  1.2075244E+00 -1.6388493E-03  2.4328130E-03 -2.5270148E-03  0.0000000E+00
  7.8507600E+01  1.2108799E+00 -1.8138680E-03  3.0654303E-03 -2.3730490E-03  0.0000000E+00
  7.8507600E+01  1.2141508E+00 -1.9761073E-03  3.6377281E-03 -2.2186101E-03  0.0000000E+00
  7.8507600E+01  1.2173362E+00 -2.1361716E-03  4.1400646E-03 -2.0641798E-03  0.0000000E+00
  7.8507600E+01  1.2204501E+00 -2.2995947E-03  4.5517798E-03 -1.9104755E-03  0.0000000E+00
  7.8507600E+01  1.2235129E+00 -2.4649192E-03  4.8502436E-03 -1.7586019E-03  0.0000000E+00
  7.8507600E+01  1.2265435E+00 -2.6261554E-03  5.0221313E-03 -1.6098226E-03  0.0000000E+00
  7.8507600E+01  1.2295271E+00 -2.7760242E-03  5.0708627E-03 -1.4658870E-03  0.0000000E+00
  7.8507600E+01  1.2324516E+00 -2.9111802E-03  5.0202482E-03 -1.3260129E-03  0.0000000E+00
  7.8507600E+01  1.2353230E+00 -3.0265891E-03  4.9082282E-03 -1.1887325E-03  0.0000000E+00
  7.8507600E+01  1.2381577E+00 -3.1166789E-03  4.7824583E-03 -1.0514042E-03  0.0000000E+00
  7.8507600E+01  1.2409592E+00 -3.1786113E-03  4.6749848E-03 -9.1110354E-04  0.0000000E+00
  7.8507600E+01  1.2437171E+00 -3.2153733E-03  4.6009014E-03 -7.6587017E-04  0.0000000E+00
  7.8507600E+01  1.2464120E+00 -3.2353371E-03  4.5658986E-03 -6.1559658E-04  0.0000000E+00
  7.8507600E+01  1.2490227E+00 -3.2498928E-03  4.5734757E-03 -4.6189457E-04  0.0000000E+00
  7.8507600E+01  1.2515369E+00 -3.2695977E-03  4.6283427E-03 -3.0718424E-04  0.0000000E+00
  7.8507600E+01  1.2539349E+00 -3.2989910E-03  4.7316204E-03 -1.5519117E-04  0.0000000E+00
  7.8507600E+01  1.2562092E+00 -3.3368135E-03  4.8649484E-03 -8.2144362E-06  0.0000000E+00
  7.8507600E+01  1.2583469E+00 -3.3782811E-03  4.9947539E-03  1.3223842E-04  0.0000000E+00
  7.8507600E+01  1.2603463E+00 -3.4190869E-03  5.1006342E-03  2.6566696E-04  0.0000000E+00
  7.8507600E+01  1.2622132E+00 -3.4517175E-03  5.1785582E-03  3.9247827E-04  0.0000000E+00
