          atime        conv_uu        conv_vv        conv_ww         pm1avg           tavg
  7.8507600E+01  8.3916272E-07  8.5896362E-08 -1.2801263E-07 -1.6610282E-01  0.0000000E+00
  7.8507600E+01 -1.0711780E-01 -1.2934722E-02 -1.6124970E-01 -1.5595039E-01  0.0000000E+00
  7.8507600E+01  1.2051960E-01  7.9133519E-04 -3.1266583E-01 -1.3835731E-01  0.0000000E+00
  7.8507600E+01  2.6296281E-02  1.0046506E-02 -1.5526892E-01 -1.2275543E-01  0.0000000E+00
  7.8507600E+01 -4.8986233E-03  6.0649398E-03 -7.3398034E-02 -1.1106183E-01  0.0000000E+00
  7.8507600E+01 -1.2361331E-02  1.7813834E-03 -4.4769518E-02 -1.0210151E-01  0.0000000E+00
  7.8507600E+01 -1.8972493E-02 -1.6202291E-06 -3.2650772E-02 -9.4979763E-02  0.0000000E+00
  7.8507600E+01 -1.1568719E-02 -4.7586625E-03 -2.4819706E-02 -8.9197737E-02  0.0000000E+00
  7.8507600E+01 -8.6472631E-03 -1.2101863E-02 -2.1389736E-02 -8.4401720E-02  0.0000000E+00
  7.8507600E+01 -1.0749302E-02 -1.6264547E-02 -2.1390963E-02 -8.0317187E-02  0.0000000E+00
  7.8507600E+01 -1.3614916E-02 -1.7902945E-02 -2.3675641E-02 -7.6772222E-02  0.0000000E+00
  7.8507600E+01 -1.7808394E-02 -1.8363590E-02 -2.5362906E-02 -7.3619448E-02  0.0000000E+00
  7.8507600E+01 -2.1915459E-02 -1.7904189E-02 -2.4867395E-02 -7.0759602E-02  0.0000000E+00
  7.8507600E+01 -2.5009273E-02 -1.6643100E-02 -2.3066811E-02 -6.8142782E-02  0.0000000E+00
  7.8507600E+01 -2.6446019E-02 -1.5109177E-02 -2.0973096E-02 -6.5718719E-02  0.0000000E+00
  7.8507600E+01 -2.6340232E-02 -1.3803894E-02 -1.9175776E-02 -6.3448271E-02  0.0000000E+00
  7.8507600E+01 -2.6339353E-02 -1.2191184E-02 -1.7569096E-02 -6.1309144E-02  0.0000000E+00
  7.8507600E+01 -2.6111174E-02 -1.0015360E-02 -1.6536725E-02 -5.9265877E-02  0.0000000E+00
  7.8507600E+01 -2.5158521E-02 -7.5810680E-03 -1.6229471E-02 -5.7294737E-02  0.0000000E+00
  7.8507600E+01 -2.3866245E-02 -5.1003241E-03 -1.5851419E-02 -5.5378103E-02  0.0000000E+00
  7.8507600E+01 -2.1658055E-02 -3.0331931E-03 -1.4464783E-02 -5.3514610E-02  0.0000000E+00
  7.8507600E+01 -1.9073201E-02 -1.4873875E-03 -1.1976308E-02 -5.1696253E-02  0.0000000E+00
  7.8507600E+01 -1.6657222E-02 -2.3143557E-04 -8.7160962E-03 -4.9920196E-02  0.0000000E+00
  7.8507600E+01 -1.5060712E-02  8.5658169E-04 -5.7799187E-03 -4.8195321E-02  0.0000000E+00
  7.8507600E+01 -1.3468717E-02  1.6129777E-03 -3.6800562E-03 -4.6523742E-02  0.0000000E+00
  7.8507600E+01 -1.0347545E-02  1.5762658E-03 -1.3921091E-03 -4.4911273E-02  0.0000000E+00
  7.8507600E+01 -6.4060526E-03  1.0456271E-03  1.6382923E-03 -4.3369959E-02  0.0000000E+00
  7.8507600E+01 -4.1008038E-03  8.6872400E-04  3.2906450E-03 -4.1894826E-02  0.0000000E+00
  7.8507600E+01 -3.7946114E-03  1.3084570E-03  2.1303501E-03 -4.0480678E-02  0.0000000E+00
  7.8507600E+01 -5.5602596E-03  2.0607811E-03  4.6012041E-04 -3.9118191E-02  0.0000000E+00
  7.8507600E+01 -7.5778589E-03  2.6378460E-03  9.9462512E-04 -3.7807075E-02  0.0000000E+00
  7.8507600E+01 -8.4148220E-03  2.9653952E-03  2.4639836E-03 -3.6546435E-02  0.0000000E+00
  7.8507600E+01 -7.9964334E-03  3.1312054E-03  2.0341352E-03 -3.5340116E-02  0.0000000E+00
  7.8507600E+01 -6.0861255E-03  3.0963967E-03  5.7989726E-04 -3.4194499E-02  0.0000000E+00
  7.8507600E+01 -3.5351646E-03  2.9376433E-03 -3.5109597E-04 -3.3102329E-02  0.0000000E+00
  7.8507600E+01 -1.9195933E-03  2.7569738E-03 -2.5280129E-04 -3.2052280E-02  0.0000000E+00
  7.8507600E+01 -9.6379351E-04  2.6052309E-03  7.9728366E-05 -3.1037261E-02  0.0000000E+00
  7.8507600E+01  3.3189398E-04  2.4428609E-03 -5.8390065E-05 -3.0047617E-02  0.0000000E+00
  7.8507600E+01  2.0409079E-03  2.2674642E-03 -4.6220503E-04 -2.9080180E-02  0.0000000E+00
  7.8507600E+01  3.3080581E-03  2.2941697E-03 -1.3406741E-03 -2.8138485E-02  0.0000000E+00
  7.8507600E+01  2.8879854E-03  2.5319335E-03 -2.3198136E-03 -2.7221173E-02  0.0000000E+00
  7.8507600E+01  2.2307057E-03  2.6046172E-03 -2.7823982E-03 -2.6332245E-02  0.0000000E+00
  7.8507600E+01  1.3733934E-03  2.6383596E-03 -2.6418659E-03 -2.5472732E-02  0.0000000E+00
  7.8507600E+01  3.5462204E-04  2.8675046E-03 -2.2452694E-03 -2.4647428E-02  0.0000000E+00
  7.8507600E+01 -3.9424875E-04  3.1738493E-03 -1.9931174E-03 -2.3852801E-02  0.0000000E+00
  7.8507600E+01 -6.3388446E-04  3.1047260E-03 -1.9147573E-03 -2.3080864E-02  0.0000000E+00
  7.8507600E+01 -7.1236998E-04  2.5497914E-03 -1.3833054E-03 -2.2329793E-02  0.0000000E+00
  7.8507600E+01  1.9139665E-04  1.9446039E-03 -5.7315622E-04 -2.1594725E-02  0.0000000E+00
  7.8507600E+01  4.3941801E-04  1.4524334E-03 -1.5258298E-04 -2.0873867E-02  0.0000000E+00
  7.8507600E+01  5.3075277E-04  1.0872334E-03 -5.4616362E-05 -2.0168792E-02  0.0000000E+00
  7.8507600E+01  1.0411072E-03  8.3426288E-04 -4.4500680E-05 -1.9477333E-02  0.0000000E+00
  7.8507600E+01  1.7314635E-03  6.6968681E-04  1.1054906E-05 -1.8798182E-02  0.0000000E+00
  7.8507600E+01  1.9273009E-03  5.7399011E-04  1.3156512E-04 -1.8129454E-02  0.0000000E+00
  7.8507600E+01  1.3340156E-03  5.5080900E-04  2.8509666E-04 -1.7474148E-02  0.0000000E+00
  7.8507600E+01  6.3387274E-04  5.9670137E-04  4.3024541E-04 -1.6831692E-02  0.0000000E+00
  7.8507600E+01 -3.5530409E-04  6.0770650E-04  6.7372087E-04 -1.6203437E-02  0.0000000E+00
  7.8507600E+01 -5.8135664E-04  4.3811148E-04  1.0832877E-03 -1.5595707E-02  0.0000000E+00
  7.8507600E+01 -8.3564534E-04  1.8132416E-04  1.5238136E-03 -1.5009786E-02  0.0000000E+00
  7.8507600E+01 -1.3730047E-03 -3.8920130E-05  1.9011620E-03 -1.4446428E-02  0.0000000E+00
  7.8507600E+01 -1.6121803E-03 -1.8452472E-04  2.1921905E-03 -1.3909059E-02  0.0000000E+00
  7.8507600E+01 -1.3651382E-03 -2.9412176E-04  2.3571849E-03 -1.3396610E-02  0.0000000E+00
  7.8507600E+01 -1.3047918E-03 -4.1595502E-04  2.3054166E-03 -1.2907615E-02  0.0000000E+00
  7.8507600E+01 -7.0138315E-04 -5.6438534E-04  2.0590484E-03 -1.2438402E-02  0.0000000E+00
  7.8507600E+01 -5.5858904E-04 -6.9734440E-04  1.6892401E-03 -1.1986827E-02  0.0000000E+00
  7.8507600E+01 -4.0336006E-04 -8.1819640E-04  1.2717662E-03 -1.1549714E-02  0.0000000E+00
  7.8507600E+01 -3.2181362E-05 -8.8418351E-04  7.8255339E-04 -1.1125317E-02  0.0000000E+00
  7.8507600E+01  2.7040441E-04 -8.5363645E-04  2.6786597E-04 -1.0714640E-02  0.0000000E+00
  7.8507600E+01  3.1045330E-04 -7.3483917E-04 -1.6321031E-04 -1.0316112E-02  0.0000000E+00
  7.8507600E+01  1.4258077E-04 -5.9289074E-04 -4.2992470E-04 -9.9285125E-03  0.0000000E+00
  7.8507600E+01 -3.3812665E-06 -5.1161819E-04 -5.1988523E-04 -9.5532563E-03  0.0000000E+00
  7.8507600E+01  2.4496907E-04 -5.0595354E-04 -3.7525633E-04 -9.1893602E-03  0.0000000E+00
  7.8507600E+01  6.7953437E-05 -5.4242947E-04 -1.2008427E-04 -8.8362094E-03  0.0000000E+00
  7.8507600E+01  2.4829023E-04 -5.9583065E-04  1.6551692E-05 -8.4948570E-03  0.0000000E+00
  7.8507600E+01  3.8635705E-04 -6.1731675E-04  1.8877337E-05 -8.1637934E-03  0.0000000E+00
  7.8507600E+01  1.1212889E-04 -5.6318053E-04 -5.4901184E-05 -7.8416124E-03  0.0000000E+00
  7.8507600E+01 -1.1169089E-04 -4.2274341E-04 -1.7209022E-04 -7.5260094E-03  0.0000000E+00
  7.8507600E+01  5.6828589E-05 -2.2762777E-04 -3.2068384E-04 -7.2165070E-03  0.0000000E+00
  7.8507600E+01  2.7469121E-06 -3.9576026E-05 -4.6648340E-04 -6.9112545E-03  0.0000000E+00
  7.8507600E+01 -6.7074531E-04  7.6017499E-05 -5.3106034E-04 -6.6093084E-03  0.0000000E+00
  7.8507600E+01 -4.9483537E-05  9.4763690E-05 -4.4280549E-04 -6.3127650E-03  0.0000000E+00
  7.8507600E+01  2.8005536E-04  2.6861798E-05 -2.7421882E-04 -6.0223925E-03  0.0000000E+00
  7.8507600E+01  4.9084472E-04 -8.3008662E-05 -5.7459523E-05 -5.7392218E-03  0.0000000E+00
  7.8507600E+01  9.0164772E-04 -1.6823115E-04  1.9055502E-04 -5.4652731E-03  0.0000000E+00
  7.8507600E+01  1.0457488E-03 -1.9633532E-04  3.8965128E-04 -5.1998731E-03  0.0000000E+00
  7.8507600E+01  6.4788573E-04 -1.7220417E-04  4.4683635E-04 -4.9416270E-03  0.0000000E+00
  7.8507600E+01  5.2946259E-04 -1.1680907E-04  3.4707940E-04 -4.6876899E-03  0.0000000E+00
  7.8507600E+01  1.4932102E-03 -4.7706745E-05  1.8782399E-04 -4.4364258E-03  0.0000000E+00
  7.8507600E+01  1.5246730E-03  1.0196774E-05  7.3836763E-05 -4.1857279E-03  0.0000000E+00
  7.8507600E+01  1.2337542E-03  4.9905217E-05  6.6167699E-05 -3.9342974E-03  0.0000000E+00
  7.8507600E+01  9.2253136E-04  8.7813114E-05  9.5276439E-05 -3.6834694E-03  0.0000000E+00
  7.8507600E+01  7.4302991E-04  1.5045088E-04  1.1411201E-04 -3.4345100E-03  0.0000000E+00
  7.8507600E+01  5.2696709E-04  2.4402418E-04  1.3481346E-04 -3.1891542E-03  0.0000000E+00
  7.8507600E+01  3.7503465E-04  3.4487354E-04  1.8489486E-04 -2.9502336E-03  0.0000000E+00
  7.8507600E+01  3.5249106E-04  4.2189654E-04  2.5634908E-04 -2.7186796E-03  0.0000000E+00
  7.8507600E+01  1.7636871E-04  4.6260523E-04  2.8750890E-04 -2.4953575E-03  0.0000000E+00
  7.8507600E+01 -2.3787737E-04  4.8085158E-04  2.1806300E-04 -2.2799840E-03  0.0000000E+00
  7.8507600E+01 -5.5706592E-04  4.7938465E-04  9.6699560E-05 -2.0730333E-03  0.0000000E+00
  7.8507600E+01 -1.4446889E-04  4.5464819E-04  3.2772031E-06 -1.8739063E-03  0.0000000E+00
  7.8507600E+01 -5.7760255E-05  3.9977399E-04 -3.7586172E-05 -1.6824198E-03  0.0000000E+00
  7.8507600E+01 -3.0199124E-04  3.2370011E-04 -4.4555093E-05 -1.4990745E-03  0.0000000E+00
  7.8507600E+01  2.1304908E-11  1.5557063E-13  2.7557005E-11 -8.8255085E-02  0.0000000E+00
  7.8507600E+01 -2.8017510E-04  5.2655839E-05 -1.0337711E-05 -8.8277398E-02  0.0000000E+00
  7.8507600E+01 -1.4340868E-03  1.5313054E-04  8.1668527E-05 -8.8467283E-02  0.0000000E+00
  7.8507600E+01 -2.5919854E-03  1.2974018E-04  2.4811278E-04 -8.8882985E-02  0.0000000E+00
  7.8507600E+01 -2.6166969E-03  1.4119204E-04  2.9050987E-04 -8.9460249E-02  0.0000000E+00
  7.8507600E+01  2.0145244E-04  6.6528227E-04  2.3885421E-04 -9.0088258E-02  0.0000000E+00
  7.8507600E+01  1.0982864E-02  2.1487224E-03  8.5779303E-04 -9.0659635E-02  0.0000000E+00
  7.8507600E+01  3.4499869E-02  5.0096270E-03  3.9543904E-03 -9.1059515E-02  0.0000000E+00
  7.8507600E+01  5.9299146E-02  9.7511428E-03  9.9301890E-03 -9.1130763E-02  0.0000000E+00
  7.8507600E+01  6.2877359E-02  1.6106551E-02  1.1371437E-02 -9.0728328E-02  0.0000000E+00
  7.8507600E+01  5.1330957E-02  2.1092836E-02 -1.9367111E-03 -8.9801478E-02  0.0000000E+00
  7.8507600E+01  6.1682743E-02  1.9564537E-02 -2.5588638E-02 -8.8423028E-02  0.0000000E+00
  7.8507600E+01  9.5346943E-02  1.0211372E-02 -4.3656648E-02 -8.6815724E-02  0.0000000E+00
  7.8507600E+01  9.9795964E-02 -1.5937751E-03 -4.6218442E-02 -8.5230950E-02  0.0000000E+00
  7.8507600E+01  7.6297202E-02 -1.0293932E-02 -3.7662560E-02 -8.3791617E-02  0.0000000E+00
  7.8507600E+01  4.5160633E-02 -1.4461385E-02 -3.1023927E-02 -8.2456296E-02  0.0000000E+00
  7.8507600E+01  2.0341703E-02 -1.4883085E-02 -2.9119239E-02 -8.1134481E-02  0.0000000E+00
  7.8507600E+01  3.4587044E-03 -1.3380948E-02 -2.7904168E-02 -7.9756477E-02  0.0000000E+00
  7.8507600E+01 -6.3902850E-03 -1.1917662E-02 -2.4750524E-02 -7.8282669E-02  0.0000000E+00
  7.8507600E+01 -1.1254125E-02 -1.0823453E-02 -2.0978571E-02 -7.6705042E-02  0.0000000E+00
  7.8507600E+01 -1.2234954E-02 -9.9883832E-03 -1.8662886E-02 -7.5043729E-02  0.0000000E+00
  7.8507600E+01 -1.2629260E-02 -9.6173530E-03 -1.7927790E-02 -7.3326458E-02  0.0000000E+00
  7.8507600E+01 -1.3535753E-02 -9.3861241E-03 -1.7255702E-02 -7.1577056E-02  0.0000000E+00
  7.8507600E+01 -1.3901366E-02 -8.8975912E-03 -1.6200057E-02 -6.9810509E-02  0.0000000E+00
  7.8507600E+01 -1.3386299E-02 -7.9846118E-03 -1.4760796E-02 -6.8027836E-02  0.0000000E+00
  7.8507600E+01 -1.2635426E-02 -6.7178146E-03 -1.4061022E-02 -6.6240663E-02  0.0000000E+00
  7.8507600E+01 -1.1733472E-02 -5.3308155E-03 -1.4210806E-02 -6.4451281E-02  0.0000000E+00
  7.8507600E+01 -1.1432697E-02 -4.0990726E-03 -1.4477070E-02 -6.2663148E-02  0.0000000E+00
  7.8507600E+01 -1.1602882E-02 -3.2523301E-03 -1.4214508E-02 -6.0879404E-02  0.0000000E+00
  7.8507600E+01 -1.0544314E-02 -2.8191029E-03 -1.3634091E-02 -5.9102730E-02  0.0000000E+00
  7.8507600E+01 -8.9900605E-03 -2.4648373E-03 -1.2997814E-02 -5.7334599E-02  0.0000000E+00
  7.8507600E+01 -8.5420033E-03 -1.8547768E-03 -1.2205055E-02 -5.5571175E-02  0.0000000E+00
  7.8507600E+01 -8.7379001E-03 -1.0110330E-03 -1.0797848E-02 -5.3806083E-02  0.0000000E+00
  7.8507600E+01 -8.7158391E-03 -1.1684730E-04 -8.4676370E-03 -5.2040444E-02  0.0000000E+00
  7.8507600E+01 -8.1358357E-03  6.2746647E-04 -5.8428989E-03 -5.0303224E-02  0.0000000E+00
  7.8507600E+01 -5.6588379E-03  7.6851982E-04 -3.5855306E-03 -4.8613948E-02  0.0000000E+00
  7.8507600E+01 -2.0105396E-03  5.0747376E-04 -2.1119168E-03 -4.6987624E-02  0.0000000E+00
  7.8507600E+01  9.9210009E-04  2.7662241E-04 -1.7146921E-03 -4.5428148E-02  0.0000000E+00
  7.8507600E+01  2.4184845E-03 -8.4720542E-06 -2.2113036E-03 -4.3930264E-02  0.0000000E+00
  7.8507600E+01  2.0671186E-03 -3.3086203E-04 -1.8615733E-03 -4.2490234E-02  0.0000000E+00
  7.8507600E+01  5.3802117E-04 -5.2948572E-04 -2.9274416E-04 -4.1105967E-02  0.0000000E+00
  7.8507600E+01 -1.8716338E-04 -4.9811963E-04  1.2620459E-03 -3.9776083E-02  0.0000000E+00
  7.8507600E+01 -1.0674727E-03 -2.0380995E-04  1.6349625E-03 -3.8494866E-02  0.0000000E+00
  7.8507600E+01 -2.2567736E-03  3.0719264E-04  7.4774431E-04 -3.7260128E-02  0.0000000E+00
  7.8507600E+01 -2.7059578E-03  8.2861997E-04 -6.3034311E-04 -3.6061767E-02  0.0000000E+00
  7.8507600E+01 -1.8847980E-03  1.0864030E-03 -1.6748796E-03 -3.4894906E-02  0.0000000E+00
  7.8507600E+01  8.5997036E-05  9.8432353E-04 -2.1852475E-03 -3.3758379E-02  0.0000000E+00
  7.8507600E+01  2.2782246E-03  7.7310739E-04 -2.3690223E-03 -3.2652402E-02  0.0000000E+00
  7.8507600E+01  3.6121889E-03  7.4388390E-04 -2.4801787E-03 -3.1574911E-02  0.0000000E+00
  7.8507600E+01  3.6485209E-03  1.0384663E-03 -2.4949158E-03 -3.0524584E-02  0.0000000E+00
  7.8507600E+01  2.7231374E-03  1.5067324E-03 -2.3481853E-03 -2.9499400E-02  0.0000000E+00
  7.8507600E+01  1.3517765E-03  1.8991093E-03 -1.9849087E-03 -2.8502645E-02  0.0000000E+00
  7.8507600E+01  3.2076843E-04  2.1261125E-03 -1.4366692E-03 -2.7532074E-02  0.0000000E+00
  7.8507600E+01  2.8201706E-04  2.2616344E-03 -9.3660883E-04 -2.6586877E-02  0.0000000E+00
  7.8507600E+01  6.4184483E-04  2.2904320E-03 -9.5628018E-04 -2.5665212E-02  0.0000000E+00
  7.8507600E+01  8.8142217E-04  2.2030911E-03 -1.3183430E-03 -2.4765034E-02  0.0000000E+00
  7.8507600E+01  1.5011838E-03  2.0840482E-03 -1.6494907E-03 -2.3886276E-02  0.0000000E+00
  7.8507600E+01  2.3864396E-03  1.9275638E-03 -1.4440728E-03 -2.3029644E-02  0.0000000E+00
  7.8507600E+01  3.0366292E-03  1.7798056E-03 -7.9992336E-04 -2.2195896E-02  0.0000000E+00
  7.8507600E+01  3.2194265E-03  1.7208608E-03 -2.5799002E-04 -2.1383796E-02  0.0000000E+00
  7.8507600E+01  3.1953893E-03  1.7201661E-03 -1.9682588E-04 -2.0595304E-02  0.0000000E+00
  7.8507600E+01  3.3959794E-03  1.6444483E-03 -4.9091163E-04 -1.9828397E-02  0.0000000E+00
  7.8507600E+01  3.4860469E-03  1.4969812E-03 -9.4239809E-04 -1.9085057E-02  0.0000000E+00
  7.8507600E+01  3.3636216E-03  1.2868722E-03 -1.1373558E-03 -1.8366731E-02  0.0000000E+00
  7.8507600E+01  2.9671170E-03  1.0302229E-03 -1.0937254E-03 -1.7673313E-02  0.0000000E+00
  7.8507600E+01  2.4812765E-03  7.3998144E-04 -3.2430219E-04 -1.7005808E-02  0.0000000E+00
  7.8507600E+01  1.9242667E-03  4.5506685E-04  9.6151178E-04 -1.6366445E-02  0.0000000E+00
  7.8507600E+01  1.2508693E-03  1.9749520E-04  1.9912922E-03 -1.5756443E-02  0.0000000E+00
  7.8507600E+01  6.8037296E-04 -4.6409015E-05  2.2978582E-03 -1.5173550E-02  0.0000000E+00
  7.8507600E+01  4.9653640E-04 -2.9928945E-04  2.2011493E-03 -1.4616186E-02  0.0000000E+00
  7.8507600E+01  1.0908273E-04 -5.4787877E-04  1.9473306E-03 -1.4078922E-02  0.0000000E+00
  7.8507600E+01  3.3547018E-05 -7.7391364E-04  1.5857802E-03 -1.3557892E-02  0.0000000E+00
  7.8507600E+01 -6.0903292E-06 -9.5133152E-04  1.2103504E-03 -1.3050521E-02  0.0000000E+00
  7.8507600E+01 -1.5924027E-04 -1.0212564E-03  9.4088645E-04 -1.2555786E-02  0.0000000E+00
  7.8507600E+01 -3.8588796E-04 -9.5379409E-04  7.6736422E-04 -1.2073963E-02  0.0000000E+00
  7.8507600E+01 -4.1594186E-04 -8.0528871E-04  5.9449236E-04 -1.1605791E-02  0.0000000E+00
  7.8507600E+01 -1.4596968E-04 -6.5747549E-04  3.4374322E-04 -1.1151374E-02  0.0000000E+00
  7.8507600E+01  1.3098098E-04 -5.4587550E-04  4.6238032E-05 -1.0713104E-02  0.0000000E+00
  7.8507600E+01  2.8266673E-04 -4.7960384E-04 -1.5086641E-04 -1.0289905E-02  0.0000000E+00
  7.8507600E+01  5.3808147E-04 -4.5607743E-04 -2.3036133E-04 -9.8807449E-03  0.0000000E+00
  7.8507600E+01  6.8678369E-04 -4.7057447E-04 -3.2499619E-04 -9.4839802E-03  0.0000000E+00
  7.8507600E+01  5.9616834E-04 -4.7777105E-04 -3.9902272E-04 -9.0976162E-03  0.0000000E+00
  7.8507600E+01  4.2633407E-04 -4.2953992E-04 -3.9151574E-04 -8.7194627E-03  0.0000000E+00
  7.8507600E+01  2.6357574E-04 -3.1935084E-04 -3.5188906E-04 -8.3478131E-03  0.0000000E+00
  7.8507600E+01  7.2928227E-05 -1.7964710E-04 -3.7219364E-04 -7.9820006E-03  0.0000000E+00
  7.8507600E+01 -1.4109749E-04 -5.8474883E-05 -4.5725953E-04 -7.6219624E-03  0.0000000E+00
  7.8507600E+01 -1.5244347E-04  4.5261775E-06 -4.8287621E-04 -7.2705477E-03  0.0000000E+00
  7.8507600E+01  1.5026284E-04 -9.8842158E-06 -3.1667563E-04 -6.9287912E-03  0.0000000E+00
  7.8507600E+01  4.7710641E-04 -6.2482920E-05  1.1751783E-05 -6.5976427E-03  0.0000000E+00
  7.8507600E+01  1.0112961E-03 -1.3129228E-04  3.1131220E-04 -6.2762938E-03  0.0000000E+00
  7.8507600E+01  1.3639955E-03 -1.6974971E-04  4.6802311E-04 -5.9621673E-03  0.0000000E+00
  7.8507600E+01  1.4688687E-03 -1.4861096E-04  4.4953530E-04 -5.6525096E-03  0.0000000E+00
  7.8507600E+01  1.5172461E-03 -7.7369754E-05  3.2293364E-04 -5.3455658E-03  0.0000000E+00
  7.8507600E+01  1.6305033E-03  1.0625450E-05  1.9941233E-04 -5.0411442E-03  0.0000000E+00
  7.8507600E+01  1.6587100E-03  8.5044458E-05  1.5067371E-04 -4.7399191E-03  0.0000000E+00
  7.8507600E+01  1.4958960E-03  1.3228911E-04  1.4203917E-04 -4.4445822E-03  0.0000000E+00
  7.8507600E+01  1.3706999E-03  1.7240712E-04  1.5364557E-04 -4.1560824E-03  0.0000000E+00
  7.8507600E+01  1.0375944E-03  2.1598431E-04  2.0937499E-04 -3.8754676E-03  0.0000000E+00
  7.8507600E+01  7.9271060E-04  2.6355057E-04  3.2482481E-04 -3.6038094E-03  0.0000000E+00
  7.8507600E+01  6.0168321E-04  3.0762470E-04  4.5626262E-04 -3.3416691E-03  0.0000000E+00
  7.8507600E+01  5.7265570E-09 -7.4357517E-10  3.0248591E-09 -4.0125959E-02  0.0000000E+00
  7.8507600E+01  1.1771466E-03 -5.8011681E-04  2.6167412E-05 -4.0853677E-02  0.0000000E+00
  7.8507600E+01 -1.3116659E-02 -3.5070072E-04 -4.1635530E-03 -4.1662301E-02  0.0000000E+00
  7.8507600E+01 -2.1854751E-02 -5.9135549E-05 -1.0569393E-03 -4.3031163E-02  0.0000000E+00
  7.8507600E+01 -2.1936449E-02  3.5782078E-03  6.4164525E-03 -4.4584530E-02  0.0000000E+00
  7.8507600E+01 -1.9605303E-02  1.1785892E-02  1.3929340E-02 -4.5878057E-02  0.0000000E+00
  7.8507600E+01 -6.3469885E-03  2.0642206E-02  1.6786976E-02 -4.6699387E-02  0.0000000E+00
  7.8507600E+01  2.2647406E-02  2.7124608E-02  1.8645948E-02 -4.7045745E-02  0.0000000E+00
  7.8507600E+01  5.7034774E-02  2.9648480E-02  2.0384041E-02 -4.7016309E-02  0.0000000E+00
  7.8507600E+01  9.3008688E-02  2.6475112E-02  1.8120449E-02 -4.6778392E-02  0.0000000E+00
  7.8507600E+01  1.1710726E-01  2.0070175E-02  1.4595857E-02 -4.6512402E-02  0.0000000E+00
  7.8507600E+01  1.1809906E-01  1.4127202E-02  1.0758004E-02 -4.6322717E-02  0.0000000E+00
  7.8507600E+01  1.0617849E-01  8.7090892E-03  8.1685763E-03 -4.6231914E-02  0.0000000E+00
  7.8507600E+01  9.2622827E-02  2.6523879E-03  5.0715991E-03 -4.6222395E-02  0.0000000E+00
  7.8507600E+01  7.8049978E-02 -2.3191828E-03  2.1349032E-03 -4.6250703E-02  0.0000000E+00
  7.8507600E+01  6.1588128E-02 -5.4673747E-03 -6.6355517E-04 -4.6276363E-02  0.0000000E+00
  7.8507600E+01  4.5381564E-02 -7.2221090E-03 -3.1476393E-03 -4.6266091E-02  0.0000000E+00
  7.8507600E+01  2.9951402E-02 -7.6132528E-03 -5.1871656E-03 -4.6188701E-02  0.0000000E+00
  7.8507600E+01  1.7786264E-02 -6.7488007E-03 -6.8322147E-03 -4.6027830E-02  0.0000000E+00
  7.8507600E+01  9.2829928E-03 -6.2183652E-03 -7.9009419E-03 -4.5785788E-02  0.0000000E+00
  7.8507600E+01  2.5160012E-03 -5.6437707E-03 -9.0122067E-03 -4.5472219E-02  0.0000000E+00
  7.8507600E+01 -3.0208988E-03 -4.6996810E-03 -9.7232006E-03 -4.5090035E-02  0.0000000E+00
  7.8507600E+01 -5.8582784E-03 -3.6298317E-03 -1.0137082E-02 -4.4638415E-02  0.0000000E+00
  7.8507600E+01 -6.9575693E-03 -2.6205626E-03 -1.0061816E-02 -4.4111897E-02  0.0000000E+00
  7.8507600E+01 -6.9743627E-03 -1.8421392E-03 -9.6630651E-03 -4.3507738E-02  0.0000000E+00
  7.8507600E+01 -6.2970933E-03 -1.3343063E-03 -8.8718222E-03 -4.2832050E-02  0.0000000E+00
  7.8507600E+01 -5.2683421E-03 -1.0304144E-03 -7.7984245E-03 -4.2100687E-02  0.0000000E+00
  7.8507600E+01 -4.8039684E-03 -7.6091367E-04 -6.9626550E-03 -4.1331011E-02  0.0000000E+00
  7.8507600E+01 -4.3798230E-03 -5.3956083E-04 -6.7126310E-03 -4.0535399E-02  0.0000000E+00
  7.8507600E+01 -3.0572039E-03 -4.9355677E-04 -7.1302785E-03 -3.9714099E-02  0.0000000E+00
  7.8507600E+01 -9.8642466E-04 -6.2501196E-04 -8.0979188E-03 -3.8859751E-02  0.0000000E+00
  7.8507600E+01  9.3190035E-04 -7.7876342E-04 -8.8564119E-03 -3.7967119E-02  0.0000000E+00
  7.8507600E+01  1.9750113E-03 -5.7501607E-04 -8.6264109E-03 -3.7038068E-02  0.0000000E+00
  7.8507600E+01  1.6177704E-03  1.4512980E-04 -7.2885478E-03 -3.6084280E-02  0.0000000E+00
  7.8507600E+01  9.3348323E-04  9.7851016E-04 -5.3668232E-03 -3.5128119E-02  0.0000000E+00
  7.8507600E+01 -3.0395578E-04  1.5553515E-03 -3.4748304E-03 -3.4188207E-02  0.0000000E+00
  7.8507600E+01 -1.3008031E-03  1.8021752E-03 -2.1739833E-03 -3.3274154E-02  0.0000000E+00
  7.8507600E+01 -1.1204143E-03  1.8004777E-03 -1.5556793E-03 -3.2385592E-02  0.0000000E+00
  7.8507600E+01  2.0536857E-04  1.5920559E-03 -1.1365016E-03 -3.1515865E-02  0.0000000E+00
  7.8507600E+01  3.0787642E-03  1.3003203E-03 -6.5077633E-04 -3.0664102E-02  0.0000000E+00
  7.8507600E+01  5.7996699E-03  9.1811457E-04 -1.3848947E-03 -2.9832628E-02  0.0000000E+00
  7.8507600E+01  6.9195702E-03  5.2942835E-04 -1.7735842E-03 -2.9025238E-02  0.0000000E+00
  7.8507600E+01  6.4172140E-03  2.2545721E-04 -2.1044768E-03 -2.8239455E-02  0.0000000E+00
  7.8507600E+01  5.2295328E-03  1.2240017E-04 -2.1207848E-03 -2.7469818E-02  0.0000000E+00
  7.8507600E+01  3.7375611E-03  2.3553229E-04 -1.5259868E-03 -2.6711430E-02  0.0000000E+00
  7.8507600E+01  1.7270935E-03  3.7574189E-04 -1.3404175E-03 -2.5962501E-02  0.0000000E+00
  7.8507600E+01  3.9408610E-04  3.8799935E-04 -1.8086716E-03 -2.5223495E-02  0.0000000E+00
  7.8507600E+01 -6.4623108E-05  3.4661710E-04 -2.8607159E-03 -2.4493967E-02  0.0000000E+00
  7.8507600E+01  2.8306770E-04  1.6505919E-04 -3.1646834E-03 -2.3772148E-02  0.0000000E+00
  7.8507600E+01  7.0960499E-04 -1.1347131E-04 -2.6144087E-03 -2.3056695E-02  0.0000000E+00
  7.8507600E+01  8.7195083E-04 -4.1126673E-04 -1.5299742E-03 -2.2346690E-02  0.0000000E+00
  7.8507600E+01  7.2308642E-04 -6.9613544E-04 -4.1246149E-04 -2.1641322E-02  0.0000000E+00
  7.8507600E+01  4.3983935E-04 -8.7941396E-04  3.0042153E-04 -2.0942028E-02  0.0000000E+00
  7.8507600E+01  4.4099551E-04 -8.5264294E-04  4.5725202E-04 -2.0252189E-02  0.0000000E+00
  7.8507600E+01  1.1220978E-03 -7.3295948E-04  1.7275900E-04 -1.9574076E-02  0.0000000E+00
  7.8507600E+01  1.8450133E-03 -5.2258899E-04 -2.9142803E-04 -1.8910065E-02  0.0000000E+00
  7.8507600E+01  2.1316064E-03 -9.2990642E-05 -5.0671363E-04 -1.8262276E-02  0.0000000E+00
  7.8507600E+01  2.1645222E-03  4.7062237E-04 -5.3107502E-04 -1.7630416E-02  0.0000000E+00
  7.8507600E+01  2.4756417E-03  9.9504642E-04 -4.6656830E-04 -1.7013785E-02  0.0000000E+00
  7.8507600E+01  3.3057921E-03  1.3564021E-03 -3.9222862E-04 -1.6412606E-02  0.0000000E+00
  7.8507600E+01  4.2511067E-03  1.5069589E-03 -4.4440033E-04 -1.5827521E-02  0.0000000E+00
  7.8507600E+01  4.6014152E-03  1.4356864E-03 -7.7910567E-04 -1.5259630E-02  0.0000000E+00
  7.8507600E+01  4.2502380E-03  1.2001674E-03 -1.1963780E-03 -1.4710456E-02  0.0000000E+00
  7.8507600E+01  3.7418763E-03  9.0131981E-04 -1.5069368E-03 -1.4179419E-02  0.0000000E+00
  7.8507600E+01  3.5042557E-03  6.1073811E-04 -1.5170680E-03 -1.3666008E-02  0.0000000E+00
  7.8507600E+01  3.6407668E-03  3.4240185E-04 -1.1407071E-03 -1.3170961E-02  0.0000000E+00
  7.8507600E+01  3.7831032E-03  1.3142265E-04 -4.5149480E-04 -1.2695086E-02  0.0000000E+00
  7.8507600E+01  3.4273453E-03  2.9743108E-05  3.4314444E-04 -1.2238056E-02  0.0000000E+00
  7.8507600E+01  2.5109161E-03  3.1989728E-05  9.6141315E-04 -1.1798495E-02  0.0000000E+00
  7.8507600E+01  1.5582671E-03  6.3457540E-05  1.2112346E-03 -1.1374428E-02  0.0000000E+00
  7.8507600E+01  8.6912940E-04  9.7310440E-05  1.3306051E-03 -1.0963099E-02  0.0000000E+00
  7.8507600E+01  4.8158509E-04  6.0407444E-05  1.2163568E-03 -1.0561374E-02  0.0000000E+00
  7.8507600E+01  4.3500250E-04 -9.2886940E-05  9.5391281E-04 -1.0167681E-02  0.0000000E+00
  7.8507600E+01  5.9727481E-04 -3.0741377E-04  7.0734864E-04 -9.7818935E-03  0.0000000E+00
  7.8507600E+01  7.5853147E-04 -4.7524530E-04  5.2868055E-04 -9.4048606E-03  0.0000000E+00
  7.8507600E+01  7.9273068E-04 -5.4972578E-04  4.5732957E-04 -9.0375909E-03  0.0000000E+00
  7.8507600E+01  6.7553623E-04 -5.4887769E-04  4.5830318E-04 -8.6807808E-03  0.0000000E+00
  7.8507600E+01  4.3145485E-04 -5.0877010E-04  3.9982517E-04 -8.3345891E-03  0.0000000E+00
  7.8507600E+01  8.3234793E-05 -4.4745600E-04  2.7114031E-04 -7.9985556E-03  0.0000000E+00
  7.8507600E+01  1.3138671E-04 -4.0350295E-04  3.0625583E-04 -7.6719401E-03  0.0000000E+00
  7.8507600E+01  2.5753024E-04 -3.9322163E-04  3.2092734E-04 -7.3539923E-03  0.0000000E+00
  7.8507600E+01  6.0147805E-04 -3.9482882E-04  2.9369627E-04 -7.0441188E-03  0.0000000E+00
  7.8507600E+01  8.5307254E-04 -3.6161672E-04  2.2022075E-04 -6.7410526E-03  0.0000000E+00
  7.8507600E+01  8.5343716E-04 -2.9859656E-04  1.0888693E-04 -6.4431376E-03  0.0000000E+00
  7.8507600E+01  7.0093416E-04 -2.4952498E-04 -4.2700950E-05 -6.1489791E-03  0.0000000E+00
  7.8507600E+01  5.5709156E-04 -2.4731425E-04 -2.4520249E-04 -5.8581115E-03  0.0000000E+00
  7.8507600E+01  4.8352002E-04 -2.8756062E-04 -4.3887969E-04 -5.5713775E-03  0.0000000E+00
  7.8507600E+01  5.0675873E-04 -3.6350527E-04 -3.9823838E-04 -5.2903883E-03  0.0000000E+00
  7.8507600E+01  4.4773387E-04 -4.3976949E-04 -5.2250887E-05 -5.0160378E-03  0.0000000E+00
  7.8507600E+01  4.9310335E-04 -5.0904238E-04  3.1083252E-04 -4.7476455E-03  0.0000000E+00
  7.8507600E+01  6.5193160E-04 -5.4386946E-04  5.2220775E-04 -4.4840642E-03  0.0000000E+00
  7.8507600E+01  8.4646030E-04 -5.2760358E-04  5.5160860E-04 -4.2243749E-03  0.0000000E+00
  7.8507600E+01  1.0185330E-03 -4.6010100E-04  4.2756234E-04 -3.9680133E-03  0.0000000E+00
  7.8507600E+01  1.1758308E-03 -3.4930039E-04  2.4286619E-04 -3.7149918E-03  0.0000000E+00
  7.8507600E+01  1.3376205E-03 -2.0953844E-04  1.3478112E-04 -3.4659261E-03  0.0000000E+00
  7.8507600E+01  1.3397103E-03 -8.7452566E-05  1.2944245E-04 -3.2215809E-03  0.0000000E+00
  7.8507600E+01  1.1688382E-03 -1.2250132E-05  1.4847407E-04 -2.9827875E-03  0.0000000E+00
  7.8507600E+01  1.0350751E-03  1.6658432E-05  1.8036768E-04 -2.7502472E-03  0.0000000E+00
  7.8507600E+01  8.9931083E-04  2.5215744E-05  2.3930620E-04 -2.5248507E-03  0.0000000E+00
  7.8507600E+01  7.6247641E-04  2.9187704E-05  3.0265319E-04 -2.3072937E-03  0.0000000E+00
  7.8507600E+01  2.5101050E-10  1.9129079E-11  1.1189277E-10 -1.9789139E-02  0.0000000E+00
  7.8507600E+01 -5.2804540E-04  3.8195696E-04  9.2281186E-05 -1.9838984E-02  0.0000000E+00
  7.8507600E+01 -3.3287808E-03  1.9350913E-03  1.7941142E-04 -2.0345442E-02  0.0000000E+00
  7.8507600E+01 -6.3610209E-03  3.6678198E-03 -3.4423351E-04 -2.1470486E-02  0.0000000E+00
  7.8507600E+01 -6.8877806E-03  4.4484675E-03 -9.3995291E-04 -2.3050482E-02  0.0000000E+00
  7.8507600E+01 -5.2833863E-03  4.2990069E-03 -6.1951809E-04 -2.4790262E-02  0.0000000E+00
  7.8507600E+01 -1.9132512E-03  4.3437033E-03  9.2307386E-04 -2.6434163E-02  0.0000000E+00
  7.8507600E+01  4.7460321E-03  5.5116762E-03  3.4863823E-03 -2.7833531E-02  0.0000000E+00
  7.8507600E+01  1.7087557E-02  7.7028926E-03  6.0630794E-03 -2.8928617E-02  0.0000000E+00
  7.8507600E+01  3.1957378E-02  1.0241013E-02  9.0844107E-03 -2.9700448E-02  0.0000000E+00
  7.8507600E+01  4.3616013E-02  1.2652386E-02  1.3472558E-02 -3.0162070E-02  0.0000000E+00
  7.8507600E+01  4.9639686E-02  1.5029897E-02  1.6972705E-02 -3.0365681E-02  0.0000000E+00
  7.8507600E+01  4.8376419E-02  1.7146220E-02  2.0135541E-02 -3.0365879E-02  0.0000000E+00
  7.8507600E+01  4.0735179E-02  1.8827077E-02  2.2704804E-02 -3.0193392E-02  0.0000000E+00
  7.8507600E+01  3.1933126E-02  2.0578214E-02  2.3404290E-02 -2.9855732E-02  0.0000000E+00
  7.8507600E+01  2.8437492E-02  2.2659042E-02  2.1384598E-02 -2.9340875E-02  0.0000000E+00
  7.8507600E+01  2.1387664E-02  2.5076301E-02  1.7568590E-02 -2.8633105E-02  0.0000000E+00
  7.8507600E+01  1.2171698E-02  2.7924413E-02  1.4180447E-02 -2.7733295E-02  0.0000000E+00
  7.8507600E+01  5.6097340E-03  3.0577997E-02  9.3243622E-03 -2.6671445E-02  0.0000000E+00
  7.8507600E+01  3.0048695E-05  3.1001803E-02  1.1290838E-03 -2.5512959E-02  0.0000000E+00
  7.8507600E+01  3.9369932E-03  2.9327633E-02 -1.9260018E-03 -2.4338272E-02  0.0000000E+00
  7.8507600E+01  1.9461485E-02  2.7255608E-02  2.2763933E-03 -2.3236676E-02  0.0000000E+00
  7.8507600E+01  3.7798082E-02  2.4576733E-02  8.5589866E-03 -2.2283771E-02  0.0000000E+00
  7.8507600E+01  4.8131026E-02  2.1808696E-02  1.2118106E-02 -2.1527343E-02  0.0000000E+00
  7.8507600E+01  5.2320481E-02  1.7227395E-02  1.2114039E-02 -2.0970115E-02  0.0000000E+00
  7.8507600E+01  4.4665792E-02  1.1775219E-02  9.0138803E-03 -2.0597041E-02  0.0000000E+00
  7.8507600E+01  3.2277726E-02  7.7426652E-03  8.0179347E-03 -2.0361592E-02  0.0000000E+00
  7.8507600E+01  2.7093577E-02  5.1226427E-03  6.5160157E-03 -2.0215290E-02  0.0000000E+00
  7.8507600E+01  2.4138078E-02  3.1527741E-03  4.5400337E-03 -2.0120178E-02  0.0000000E+00
  7.8507600E+01  1.8219127E-02  1.5234855E-03  2.2922814E-03 -2.0048991E-02  0.0000000E+00
  7.8507600E+01  1.1990964E-02  2.8409151E-04 -2.7687297E-04 -1.9988938E-02  0.0000000E+00
  7.8507600E+01  7.9025119E-03 -5.8724817E-04 -1.6323740E-03 -1.9922145E-02  0.0000000E+00
  7.8507600E+01  6.0511506E-03 -1.3174759E-03 -1.9286242E-03 -1.9830603E-02  0.0000000E+00
  7.8507600E+01  4.6783993E-03 -1.8737976E-03 -3.4333607E-03 -1.9699833E-02  0.0000000E+00
  7.8507600E+01  4.4840044E-03 -1.8453408E-03 -5.4575115E-03 -1.9521851E-02  0.0000000E+00
  7.8507600E+01  4.3868499E-03 -1.6298777E-03 -6.7124582E-03 -1.9305156E-02  0.0000000E+00
  7.8507600E+01  3.8069907E-03 -1.5720958E-03 -6.4455551E-03 -1.9063894E-02  0.0000000E+00
  7.8507600E+01  3.2714660E-03 -1.8618394E-03 -5.1608456E-03 -1.8804863E-02  0.0000000E+00
  7.8507600E+01  3.0480208E-03 -2.4430390E-03 -4.2150396E-03 -1.8528659E-02  0.0000000E+00
  7.8507600E+01  2.8477547E-03 -2.7309358E-03 -4.2454099E-03 -1.8234052E-02  0.0000000E+00
  7.8507600E+01  3.3929660E-03 -2.5437517E-03 -5.1649026E-03 -1.7916888E-02  0.0000000E+00
  7.8507600E+01  4.2828860E-03 -2.2693781E-03 -6.0760603E-03 -1.7572811E-02  0.0000000E+00
  7.8507600E+01  4.7887041E-03 -1.8879184E-03 -6.6602616E-03 -1.7198664E-02  0.0000000E+00
  7.8507600E+01  4.4601935E-03 -1.4105983E-03 -6.4067877E-03 -1.6796193E-02  0.0000000E+00
  7.8507600E+01  3.6682033E-03 -9.3503490E-04 -5.2019210E-03 -1.6374364E-02  0.0000000E+00
  7.8507600E+01  3.3645778E-03 -5.0940882E-04 -3.7433532E-03 -1.5942828E-02  0.0000000E+00
  7.8507600E+01  3.3060516E-03 -4.0093725E-04 -2.4222085E-03 -1.5508916E-02  0.0000000E+00
  7.8507600E+01  3.3990880E-03 -5.5927037E-04 -1.8564052E-03 -1.5079910E-02  0.0000000E+00
  7.8507600E+01  3.6692825E-03 -5.6144761E-04 -1.1120626E-03 -1.4659181E-02  0.0000000E+00
  7.8507600E+01  3.8052245E-03 -3.3711561E-04 -7.0684786E-04 -1.4251705E-02  0.0000000E+00
  7.8507600E+01  3.6192940E-03 -4.3188644E-06 -8.8199964E-04 -1.3856054E-02  0.0000000E+00
  7.8507600E+01  3.4325672E-03  3.7709689E-04 -1.5506789E-03 -1.3469364E-02  0.0000000E+00
  7.8507600E+01  3.5403659E-03  6.1624623E-04 -2.3507376E-03 -1.3091038E-02  0.0000000E+00
  7.8507600E+01  3.9730518E-03  4.3988456E-04 -2.7013104E-03 -1.2719076E-02  0.0000000E+00
  7.8507600E+01  4.5037331E-03  4.6421074E-05 -2.4014474E-03 -1.2350427E-02  0.0000000E+00
  7.8507600E+01  4.1429006E-03 -3.1296468E-04 -1.9646669E-03 -1.1982841E-02  0.0000000E+00
  7.8507600E+01  3.1407393E-03 -4.4688488E-04 -1.3960233E-03 -1.1613438E-02  0.0000000E+00
  7.8507600E+01  2.2964148E-03 -3.8430484E-04 -9.4435412E-04 -1.1243287E-02  0.0000000E+00
  7.8507600E+01  1.8220532E-03 -1.9012812E-04 -7.4166496E-04 -1.0873117E-02  0.0000000E+00
  7.8507600E+01  1.3820623E-03  5.7394162E-05 -7.1787337E-04 -1.0498706E-02  0.0000000E+00
  7.8507600E+01  9.4549445E-04  2.4893591E-04 -6.0120985E-04 -1.0119520E-02  0.0000000E+00
  7.8507600E+01  1.1022098E-03  2.7027692E-04 -1.2008047E-04 -9.7375268E-03  0.0000000E+00
  7.8507600E+01  1.8162437E-03  1.0356434E-04  4.3828445E-04 -9.3594361E-03  0.0000000E+00
  7.8507600E+01  2.3918816E-03 -1.6431382E-04  6.1462876E-04 -8.9923365E-03  0.0000000E+00
  7.8507600E+01  2.9762446E-03 -3.8430085E-04  4.7077051E-04 -8.6368557E-03  0.0000000E+00
  7.8507600E+01  3.2965761E-03 -4.9785953E-04  4.6831830E-04 -8.2913656E-03  0.0000000E+00
  7.8507600E+01  3.1278002E-03 -5.2960520E-04  6.4151723E-04 -7.9557904E-03  0.0000000E+00
  7.8507600E+01  2.6116665E-03 -5.0919426E-04  6.5614236E-04 -7.6290346E-03  0.0000000E+00
  7.8507600E+01  2.2095318E-03 -4.0281570E-04  3.3125391E-04 -7.3104865E-03  0.0000000E+00
  7.8507600E+01  2.3976134E-03 -1.4129508E-04 -1.1472042E-04 -7.0014788E-03  0.0000000E+00
  7.8507600E+01  3.0467519E-03  2.0911343E-04 -6.5990813E-04 -6.7022071E-03  0.0000000E+00
  7.8507600E+01  3.1711668E-03  4.7686423E-04 -1.4720150E-03 -6.4140194E-03  0.0000000E+00
  7.8507600E+01  3.2625232E-03  5.6700230E-04 -1.9009804E-03 -6.1366086E-03  0.0000000E+00
  7.8507600E+01  3.1950341E-03  4.8528867E-04 -1.8638323E-03 -5.8702078E-03  0.0000000E+00
  7.8507600E+01  2.9728785E-03  3.1207567E-04 -1.5261831E-03 -5.6152819E-03  0.0000000E+00
  7.8507600E+01  2.8183824E-03  1.5455180E-04 -9.1886846E-04 -5.3691324E-03  0.0000000E+00
  7.8507600E+01  2.7752433E-03  7.0158768E-05 -1.3527774E-04 -5.1293189E-03  0.0000000E+00
  7.8507600E+01  2.4704680E-03  3.2547154E-05  4.6223340E-04 -4.8965073E-03  0.0000000E+00
  7.8507600E+01  1.6805452E-03  1.1575623E-05  6.2958950E-04 -4.6704407E-03  0.0000000E+00
  7.8507600E+01  1.0696341E-03 -5.8235750E-06  5.4629255E-04 -4.4504182E-03  0.0000000E+00
  7.8507600E+01  5.1269913E-04  1.0582237E-05  3.7811727E-04 -4.2364782E-03  0.0000000E+00
  7.8507600E+01  1.3864411E-04  1.9669105E-05  2.5999915E-04 -4.0277193E-03  0.0000000E+00
  7.8507600E+01  5.9999892E-05  1.4577616E-05  2.4077747E-04 -3.8241349E-03  0.0000000E+00
  7.8507600E+01  2.6634744E-04 -4.1746168E-05  2.4483012E-04 -3.6248492E-03  0.0000000E+00
  7.8507600E+01  6.2752356E-04 -1.7479283E-04  1.9506360E-04 -3.4293470E-03  0.0000000E+00
  7.8507600E+01  9.3521009E-04 -3.3564366E-04  1.4612913E-04 -3.2381476E-03  0.0000000E+00
  7.8507600E+01  9.4883715E-04 -4.3080086E-04  2.3393105E-04 -3.0506725E-03  0.0000000E+00
  7.8507600E+01  7.6859246E-04 -4.6287980E-04  4.1360007E-04 -2.8664405E-03  0.0000000E+00
  7.8507600E+01  6.2851718E-04 -4.4063568E-04  5.6611052E-04 -2.6863550E-03  0.0000000E+00
  7.8507600E+01  5.0205046E-04 -3.5750906E-04  6.8036192E-04 -2.5096850E-03  0.0000000E+00
  7.8507600E+01  5.3120204E-04 -2.4149340E-04  7.0522089E-04 -2.3353402E-03  0.0000000E+00
  7.8507600E+01  5.6272264E-04 -1.5094166E-04  5.9000317E-04 -2.1625602E-03  0.0000000E+00
  7.8507600E+01  4.7722376E-04 -1.1468312E-04  3.8808091E-04 -1.9892432E-03  0.0000000E+00
  7.8507600E+01  3.5174898E-04 -1.3124949E-04  2.0798235E-04 -1.8154332E-03  0.0000000E+00
  7.8507600E+01  3.5864599E-04 -1.9053163E-04  1.3291980E-04 -1.6417402E-03  0.0000000E+00
  7.8507600E+01  3.0909585E-04 -2.8770570E-04  2.4129744E-04 -1.4687263E-03  0.0000000E+00
  7.8507600E+01  2.9565758E-04 -4.0911884E-04  3.5094660E-04 -1.2987228E-03  0.0000000E+00
  7.8507600E+01  3.0951321E-04 -5.2781104E-04  3.9405458E-04 -1.1317359E-03  0.0000000E+00
  7.8507600E+01  5.1104418E-04 -5.8510248E-04  3.7550726E-04 -9.6825575E-04  0.0000000E+00
  7.8507600E+01  7.4204968E-04 -5.5847879E-04  3.0244150E-04 -8.0805832E-04  0.0000000E+00
  7.8507600E+01 -1.4098240E-08 -2.9763751E-09 -1.3309723E-08  1.1998634E-02  0.0000000E+00
  7.8507600E+01 -3.7325879E-03 -2.6656503E-03 -8.9721710E-04  1.1357214E-02  0.0000000E+00
  7.8507600E+01 -1.1938155E-02 -6.8695175E-03 -3.1589934E-03  1.0100489E-02  0.0000000E+00
  7.8507600E+01 -1.4889685E-02 -1.0851012E-02 -2.0308179E-03  7.7756650E-03  0.0000000E+00
  7.8507600E+01 -1.7425436E-02 -1.2495707E-02 -2.9384820E-03  5.0575948E-03  0.0000000E+00
  7.8507600E+01 -2.1838527E-02 -1.0805116E-02 -4.5354843E-03  2.4532430E-03  0.0000000E+00
  7.8507600E+01 -2.7738903E-02 -7.0457938E-03 -4.6916476E-03  1.8948619E-04  0.0000000E+00
  7.8507600E+01 -3.3733955E-02 -2.1357514E-03 -3.6736929E-03 -1.6316991E-03  0.0000000E+00
  7.8507600E+01 -3.7338593E-02  3.6243021E-03 -3.1510812E-03 -2.9580123E-03  0.0000000E+00
  7.8507600E+01 -3.0851490E-02  1.0358970E-02 -2.4614432E-03 -3.8015370E-03  0.0000000E+00
  7.8507600E+01 -2.0846598E-02  1.5695865E-02  2.2087561E-03 -4.2047056E-03  0.0000000E+00
  7.8507600E+01 -1.1469188E-02  2.0307830E-02  7.8742929E-03 -4.2224714E-03  0.0000000E+00
  7.8507600E+01 -3.7025839E-03  2.4226088E-02  9.5210778E-03 -3.9420587E-03  0.0000000E+00
  7.8507600E+01  6.8405220E-03  2.6447648E-02  1.1780742E-02 -3.4536538E-03  0.0000000E+00
  7.8507600E+01  2.2634866E-02  2.6870962E-02  1.6471002E-02 -2.8097811E-03  0.0000000E+00
  7.8507600E+01  4.5347383E-02  2.5641426E-02  2.3041753E-02 -2.0414392E-03  0.0000000E+00
  7.8507600E+01  6.9425091E-02  2.5514935E-02  2.7757169E-02 -1.1733660E-03  0.0000000E+00
  7.8507600E+01  7.7860097E-02  2.7752557E-02  2.9306747E-02 -2.3142307E-04  0.0000000E+00
  7.8507600E+01  7.3386055E-02  2.7133965E-02  2.5931948E-02  7.2298837E-04  0.0000000E+00
  7.8507600E+01  7.5124254E-02  2.1289950E-02  2.2195530E-02  1.5831375E-03  0.0000000E+00
  7.8507600E+01  7.7681211E-02  1.5439934E-02  2.0962122E-02  2.2801207E-03  0.0000000E+00
  7.8507600E+01  6.2859022E-02  1.1826798E-02  1.9656534E-02  2.8229205E-03  0.0000000E+00
  7.8507600E+01  5.3230356E-02  9.5489375E-03  1.4937051E-02  3.2384694E-03  0.0000000E+00
  7.8507600E+01  4.9360442E-02  7.9764130E-03  9.1460602E-03  3.5335471E-03  0.0000000E+00
  7.8507600E+01  4.9850103E-02  6.0778391E-03  6.5723308E-03  3.7027554E-03  0.0000000E+00
  7.8507600E+01  4.8225702E-02  3.5375510E-03  7.5733207E-03  3.7507337E-03  0.0000000E+00
  7.8507600E+01  3.7488714E-02  1.3920565E-03  6.7290866E-03  3.7109579E-03  0.0000000E+00
  7.8507600E+01  2.6334625E-02 -8.9535590E-04  5.5990649E-03  3.6331225E-03  0.0000000E+00
  7.8507600E+01  1.9907952E-02 -3.1589603E-03  6.1622671E-03  3.5438871E-03  0.0000000E+00
  7.8507600E+01  1.2372872E-02 -4.4104232E-03  6.6225560E-03  3.4519138E-03  0.0000000E+00
  7.8507600E+01  5.4753231E-03 -4.4317540E-03  5.4787189E-03  3.3601969E-03  0.0000000E+00
  7.8507600E+01  3.4953802E-03 -4.6868543E-03  3.6718827E-03  3.2696591E-03  0.0000000E+00
  7.8507600E+01  4.7279476E-03 -5.9634503E-03  3.0126747E-03  3.1735595E-03  0.0000000E+00
  7.8507600E+01  4.4798869E-03 -7.1910417E-03  2.5251656E-03  3.0680939E-03  0.0000000E+00
  7.8507600E+01  3.7572409E-03 -7.5726680E-03  1.8527327E-03  2.9537677E-03  0.0000000E+00
  7.8507600E+01  2.5699563E-03 -6.9440172E-03  1.0783814E-03  2.8327914E-03  0.0000000E+00
  7.8507600E+01  1.5886629E-03 -5.7903309E-03  3.6764114E-04  2.7093444E-03  0.0000000E+00
  7.8507600E+01  1.3340164E-03 -4.7295669E-03 -2.0728669E-04  2.5886050E-03  0.0000000E+00
  7.8507600E+01  9.5753135E-04 -3.9494710E-03 -8.4346421E-04  2.4731140E-03  0.0000000E+00
  7.8507600E+01  9.0854462E-04 -3.4232204E-03 -1.6940714E-03  2.3671157E-03  0.0000000E+00
  7.8507600E+01  1.7175033E-03 -3.0369973E-03 -2.4575073E-03  2.2792972E-03  0.0000000E+00
  7.8507600E+01  2.7519217E-03 -2.6544696E-03 -2.8045275E-03  2.2189801E-03  0.0000000E+00
  7.8507600E+01  3.6985028E-03 -2.3427454E-03 -2.8389867E-03  2.1854273E-03  0.0000000E+00
  7.8507600E+01  4.3276156E-03 -2.1481827E-03 -2.5847314E-03  2.1714552E-03  0.0000000E+00
  7.8507600E+01  4.5687425E-03 -1.9800441E-03 -1.9714499E-03  2.1672724E-03  0.0000000E+00
  7.8507600E+01  4.4265426E-03 -1.6825123E-03 -1.0843762E-03  2.1641012E-03  0.0000000E+00
  7.8507600E+01  3.4637988E-03 -1.1699337E-03 -2.8954577E-04  2.1559230E-03  0.0000000E+00
  7.8507600E+01  2.1151289E-03 -7.1268613E-04  3.2312971E-04  2.1396773E-03  0.0000000E+00
  7.8507600E+01  1.3292028E-03 -4.2375606E-04  7.0292204E-04  2.1174136E-03  0.0000000E+00
  7.8507600E+01  1.1324842E-03 -2.2525301E-04  7.1122119E-04  2.0948303E-03  0.0000000E+00
  7.8507600E+01  1.0382307E-03 -1.0890979E-04  3.8086657E-04  2.0798154E-03  0.0000000E+00
  7.8507600E+01  9.6750482E-04 -1.3992736E-04  1.4568830E-04  2.0777153E-03  0.0000000E+00
  7.8507600E+01  1.2744228E-03 -3.7429203E-04  2.1402468E-04  2.0882385E-03  0.0000000E+00
  7.8507600E+01  2.2601983E-03 -7.0624179E-04  3.0250902E-04  2.1058366E-03  0.0000000E+00
  7.8507600E+01  3.1672063E-03 -8.1375761E-04  4.3915074E-04  2.1235788E-03  0.0000000E+00
  7.8507600E+01  2.9403436E-03 -6.9317704E-04  4.5915771E-04  2.1374003E-03  0.0000000E+00
  7.8507600E+01  1.9970354E-03 -6.3898263E-04  4.6798432E-04  2.1477081E-03  0.0000000E+00
  7.8507600E+01  1.3847161E-03 -6.5829432E-04  5.7759535E-04  2.1576058E-03  0.0000000E+00
  7.8507600E+01  1.3510755E-03 -6.0331071E-04  6.6933433E-04  2.1705554E-03  0.0000000E+00
  7.8507600E+01  1.3695261E-03 -3.5158851E-04  5.8096074E-04  2.1887989E-03  0.0000000E+00
  7.8507600E+01  1.0725896E-03  1.0527457E-04  3.6886031E-04  2.2126444E-03  0.0000000E+00
  7.8507600E+01  8.9814730E-04  6.4403508E-04  2.0506749E-04  2.2393409E-03  0.0000000E+00
  7.8507600E+01  1.5807034E-03  1.0508227E-03 -1.0280037E-04  2.2633608E-03  0.0000000E+00
  7.8507600E+01  2.3587984E-03  1.1619369E-03 -2.5094731E-04  2.2818667E-03  0.0000000E+00
  7.8507600E+01  3.4962467E-03  9.5328491E-04 -6.4882901E-05  2.2952288E-03  0.0000000E+00
  7.8507600E+01  4.3327150E-03  6.0594197E-04  1.4210084E-04  2.3040153E-03  0.0000000E+00
  7.8507600E+01  4.3037517E-03  3.0222637E-04  1.9279771E-04  2.3092157E-03  0.0000000E+00
  7.8507600E+01  3.5239859E-03  1.2299637E-04  1.7412847E-04  2.3119995E-03  0.0000000E+00
  7.8507600E+01  2.5051439E-03  4.5649363E-05  1.9931522E-04  2.3128518E-03  0.0000000E+00
  7.8507600E+01  1.6759368E-03  1.3298294E-05  1.8954395E-04  2.3114254E-03  0.0000000E+00
  7.8507600E+01  1.4098181E-03  1.9874148E-05  9.5589453E-05  2.3078471E-03  0.0000000E+00
  7.8507600E+01  1.7611217E-03  8.5733450E-05 -8.4768358E-05  2.3013827E-03  0.0000000E+00
  7.8507600E+01  2.3735027E-03  2.0452790E-04 -3.9289508E-04  2.2924661E-03  0.0000000E+00
  7.8507600E+01  2.6877107E-03  3.4094316E-04 -6.8328858E-04  2.2838555E-03  0.0000000E+00
  7.8507600E+01  2.5996230E-03  4.4319657E-04 -8.3099073E-04  2.2786074E-03  0.0000000E+00
  7.8507600E+01  2.4900604E-03  4.7155335E-04 -7.5579072E-04  2.2777318E-03  0.0000000E+00
  7.8507600E+01  2.6049191E-03  4.2861400E-04 -4.9444958E-04  2.2800789E-03  0.0000000E+00
  7.8507600E+01  2.6519446E-03  3.6099122E-04 -2.0532208E-04  2.2836084E-03  0.0000000E+00
  7.8507600E+01  2.4694421E-03  3.0899078E-04 -6.1448648E-07  2.2868438E-03  0.0000000E+00
  7.8507600E+01  1.9970183E-03  2.8335390E-04  1.5533848E-04  2.2883933E-03  0.0000000E+00
  7.8507600E+01  1.4286736E-03  2.4881884E-04  9.3259571E-05  2.2876578E-03  0.0000000E+00
  7.8507600E+01  8.1233586E-04  2.0472971E-04  1.6804972E-05  2.2845472E-03  0.0000000E+00
  7.8507600E+01  5.3674670E-04  1.5943166E-04  6.4612042E-05  2.2803617E-03  0.0000000E+00
  7.8507600E+01  4.9387483E-04  1.0569173E-04  1.8389729E-04  2.2771702E-03  0.0000000E+00
  7.8507600E+01  3.4393107E-04  3.2466921E-05  2.5421897E-04  2.2770238E-03  0.0000000E+00
  7.8507600E+01  1.2567364E-04 -5.5721202E-05  2.5992515E-04  2.2813112E-03  0.0000000E+00
  7.8507600E+01  2.3368551E-04 -1.3868670E-04  3.1680147E-04  2.2901682E-03  0.0000000E+00
  7.8507600E+01  3.3241954E-04 -2.1113078E-04  4.5016383E-04  2.3024558E-03  0.0000000E+00
  7.8507600E+01  4.6097569E-04 -2.8774635E-04  5.7863954E-04  2.3170769E-03  0.0000000E+00
  7.8507600E+01  5.9820023E-04 -3.5079345E-04  7.2999682E-04  2.3338635E-03  0.0000000E+00
  7.8507600E+01  6.9885055E-04 -3.5978337E-04  8.4597423E-04  2.3525499E-03  0.0000000E+00
  7.8507600E+01  6.4276428E-04 -3.0115070E-04  8.4090838E-04  2.3734431E-03  0.0000000E+00
  7.8507600E+01  4.0992724E-04 -2.0005727E-04  7.0894768E-04  2.3978564E-03  0.0000000E+00
  7.8507600E+01  1.1682267E-04 -1.1167218E-04  5.1758477E-04  2.4269312E-03  0.0000000E+00
  7.8507600E+01 -5.7520161E-05 -9.3191729E-05  3.5291060E-04  2.4605754E-03  0.0000000E+00
  7.8507600E+01 -3.1736259E-05 -1.5659059E-04  2.7804029E-04  2.4971566E-03  0.0000000E+00
  7.8507600E+01  1.1035624E-04 -2.6836667E-04  2.7179783E-04  2.5339863E-03  0.0000000E+00
  7.8507600E+01  3.9793812E-05 -3.8178162E-04  2.3117063E-04  2.5696790E-03  0.0000000E+00
  7.8507600E+01  1.7476218E-04 -4.8613792E-04  1.6101553E-04  2.6038213E-03  0.0000000E+00
  7.8507600E+01  2.8602909E-04 -5.6337386E-04  9.4068861E-05  2.6373545E-03  0.0000000E+00
  7.8507600E+01  1.3028513E-09 -3.1288529E-11  5.9222644E-10  4.8242786E-02  0.0000000E+00
  7.8507600E+01 -3.8545266E-03 -3.5984320E-06 -5.4820770E-03  4.7768085E-02  0.0000000E+00
  7.8507600E+01 -4.2092977E-03 -7.9180718E-04 -1.7539131E-02  4.5265239E-02  0.0000000E+00
  7.8507600E+01 -2.8802759E-03 -2.9775039E-03 -2.0990785E-02  4.1609987E-02  0.0000000E+00
  7.8507600E+01 -3.4292989E-03 -4.4477641E-03 -1.5794335E-02  3.8142755E-02  0.0000000E+00
  7.8507600E+01 -3.4175854E-03 -4.0153071E-03 -8.1519126E-03  3.5424483E-02  0.0000000E+00
  7.8507600E+01 -2.2765033E-03 -1.9932088E-03 -2.0581821E-03  3.3432362E-02  0.0000000E+00
  7.8507600E+01 -4.4747074E-04  2.5560883E-04  1.4549949E-03  3.1914839E-02  0.0000000E+00
  7.8507600E+01  1.3182086E-03  1.2199800E-03  3.4621238E-03  3.0676373E-02  0.0000000E+00
  7.8507600E+01  3.0053292E-03  9.5988302E-04  5.0161571E-03  2.9628836E-02  0.0000000E+00
  7.8507600E+01  4.8027545E-03 -5.2071679E-05  6.7626735E-03  2.8713536E-02  0.0000000E+00
  7.8507600E+01  5.2917216E-03 -1.8193262E-03  7.6726644E-03  2.7882565E-02  0.0000000E+00
  7.8507600E+01  3.8047000E-03 -3.8034764E-03  7.0204412E-03  2.7119706E-02  0.0000000E+00
  7.8507600E+01  1.4604393E-03 -4.9443213E-03  6.4025483E-03  2.6437108E-02  0.0000000E+00
  7.8507600E+01 -3.1586768E-03 -6.0465028E-03  3.9528207E-03  2.5855126E-02  0.0000000E+00
  7.8507600E+01 -9.9929220E-03 -7.1565089E-03  1.8236734E-03  2.5411021E-02  0.0000000E+00
  7.8507600E+01 -1.3242631E-02 -8.5265878E-03  4.6319471E-03  2.5110641E-02  0.0000000E+00
  7.8507600E+01 -1.3850821E-02 -1.0303879E-02  1.0265754E-02  2.4894124E-02  0.0000000E+00
  7.8507600E+01 -1.6516202E-02 -1.0685880E-02  1.2998240E-02  2.4752942E-02  0.0000000E+00
  7.8507600E+01 -2.1887070E-02 -8.9457368E-03  1.1970309E-02  2.4754529E-02  0.0000000E+00
  7.8507600E+01 -2.4394845E-02 -6.6944345E-03  1.1022451E-02  2.4941763E-02  0.0000000E+00
  7.8507600E+01 -2.0261523E-02 -3.4014979E-03  1.2690344E-02  2.5297118E-02  0.0000000E+00
  7.8507600E+01 -1.6281739E-02  1.7104926E-04  1.2620900E-02  2.5769301E-02  0.0000000E+00
  7.8507600E+01 -1.3043863E-02  4.7654995E-03  8.1473870E-03  2.6280456E-02  0.0000000E+00
  7.8507600E+01 -8.7876086E-03  9.5903943E-03  3.7935566E-03  2.6783975E-02  0.0000000E+00
  7.8507600E+01  2.9733573E-04  1.1978288E-02  4.5340803E-03  2.7255248E-02  0.0000000E+00
  7.8507600E+01  1.8648144E-02  1.1372452E-02  1.1316456E-02  2.7669272E-02  0.0000000E+00
  7.8507600E+01  3.5957642E-02  9.7575927E-03  1.5657591E-02  2.7986015E-02  0.0000000E+00
  7.8507600E+01  4.4911095E-02  9.9022390E-03  1.5991207E-02  2.8185019E-02  0.0000000E+00
  7.8507600E+01  5.0253409E-02  1.0309037E-02  1.6865838E-02  2.8280319E-02  0.0000000E+00
  7.8507600E+01  4.8831160E-02  9.6848757E-03  1.8578358E-02  2.8270220E-02  0.0000000E+00
  7.8507600E+01  3.8374488E-02  8.8992201E-03  1.9611782E-02  2.8122950E-02  0.0000000E+00
  7.8507600E+01  3.0720506E-02  8.5477317E-03  2.0843589E-02  2.7819589E-02  0.0000000E+00
  7.8507600E+01  2.3177307E-02  7.4229794E-03  1.9205955E-02  2.7392393E-02  0.0000000E+00
  7.8507600E+01  1.6726597E-02  5.6338638E-03  1.5128052E-02  2.6893861E-02  0.0000000E+00
  7.8507600E+01  1.1999998E-02  4.4437807E-03  1.0816177E-02  2.6357116E-02  0.0000000E+00
  7.8507600E+01  9.3924748E-03  3.9160698E-03  7.4532136E-03  2.5801026E-02  0.0000000E+00
  7.8507600E+01  9.1773737E-03  2.9818412E-03  5.1114166E-03  2.5231275E-02  0.0000000E+00
  7.8507600E+01  8.7841993E-03  9.9694195E-04  3.9228202E-03  2.4647252E-02  0.0000000E+00
  7.8507600E+01  7.9516861E-03 -1.0840872E-03  3.6333981E-03  2.4055853E-02  0.0000000E+00
  7.8507600E+01  6.4076513E-03 -2.4174189E-03  3.7123730E-03  2.3455361E-02  0.0000000E+00
  7.8507600E+01  1.2548990E-03 -2.8058152E-03  4.2590990E-03  2.2844054E-02  0.0000000E+00
  7.8507600E+01 -1.7783814E-03 -2.7177199E-03  5.4060228E-03  2.2220328E-02  0.0000000E+00
  7.8507600E+01 -1.4743281E-03 -2.6698306E-03  6.2181500E-03  2.1588961E-02  0.0000000E+00
  7.8507600E+01 -5.7721837E-04 -2.8212030E-03  5.9464951E-03  2.0959317E-02  0.0000000E+00
  7.8507600E+01  3.0091833E-04 -2.8726088E-03  5.2273773E-03  2.0349919E-02  0.0000000E+00
  7.8507600E+01  1.8414546E-03 -2.7144058E-03  4.4891344E-03  1.9775033E-02  0.0000000E+00
  7.8507600E+01  3.6675839E-03 -2.4515407E-03  3.2179431E-03  1.9235853E-02  0.0000000E+00
  7.8507600E+01  4.1649105E-03 -2.1343303E-03  1.5720217E-03  1.8730360E-02  0.0000000E+00
  7.8507600E+01  3.3027331E-03 -1.6878887E-03  2.2433462E-04  1.8256665E-02  0.0000000E+00
  7.8507600E+01  2.4635935E-03 -1.1823089E-03 -4.5231722E-04  1.7807408E-02  0.0000000E+00
  7.8507600E+01  2.2464841E-03 -7.6730679E-04 -5.4457219E-04  1.7370824E-02  0.0000000E+00
  7.8507600E+01  2.1713888E-03 -5.1183813E-04 -2.4143506E-04  1.6936387E-02  0.0000000E+00
  7.8507600E+01  1.6566075E-03 -3.4395357E-04  4.9589661E-04  1.6500676E-02  0.0000000E+00
  7.8507600E+01  8.2151605E-04 -2.2849648E-04  1.5265393E-03  1.6066835E-02  0.0000000E+00
  7.8507600E+01  2.7899487E-04 -9.8289884E-05  2.0259663E-03  1.5637725E-02  0.0000000E+00
  7.8507600E+01 -5.4243471E-05  1.7462564E-04  1.7478256E-03  1.5218556E-02  0.0000000E+00
  7.8507600E+01 -1.6675749E-04  5.3672114E-04  8.8552347E-04  1.4816111E-02  0.0000000E+00
  7.8507600E+01 -3.0515052E-04  8.7626583E-04 -1.4802553E-04  1.4435670E-02  0.0000000E+00
  7.8507600E+01 -7.4326686E-04  1.0693009E-03 -8.6035434E-04  1.4080493E-02  0.0000000E+00
  7.8507600E+01 -1.1207869E-03  9.9300858E-04 -8.4738099E-04  1.3746927E-02  0.0000000E+00
  7.8507600E+01 -5.2783116E-04  5.8647149E-04 -1.3167453E-04  1.3428553E-02  0.0000000E+00
  7.8507600E+01  6.6206395E-04  6.1590391E-06  5.4924774E-04  1.3119654E-02  0.0000000E+00
  7.8507600E+01  6.8304561E-04 -4.3959014E-04  1.0204506E-03  1.2816606E-02  0.0000000E+00
  7.8507600E+01  8.3189192E-04 -6.2400518E-04  1.4235981E-03  1.2517644E-02  0.0000000E+00
  7.8507600E+01  7.9011668E-04 -6.2716092E-04  1.5098223E-03  1.2222993E-02  0.0000000E+00
  7.8507600E+01  3.1369815E-04 -5.1887065E-04  1.2949176E-03  1.1933364E-02  0.0000000E+00
  7.8507600E+01 -2.0989585E-04 -3.0015281E-04  1.1093986E-03  1.1648708E-02  0.0000000E+00
  7.8507600E+01 -3.9872854E-04  5.2695789E-05  1.1950919E-03  1.1368027E-02  0.0000000E+00
  7.8507600E+01 -4.4907046E-04  5.0715346E-04  1.3842567E-03  1.1090381E-02  0.0000000E+00
  7.8507600E+01 -5.6026287E-04  9.4509369E-04  1.3799108E-03  1.0816821E-02  0.0000000E+00
  7.8507600E+01 -6.1167559E-04  1.2364392E-03  1.0428328E-03  1.0549450E-02  0.0000000E+00
  7.8507600E+01  3.5653702E-04  1.3094277E-03  8.2564890E-04  1.0288162E-02  0.0000000E+00
  7.8507600E+01  1.2926766E-03  1.1971221E-03  5.3837052E-04  1.0028547E-02  0.0000000E+00
  7.8507600E+01  1.4072938E-03  9.6839615E-04  4.2459505E-05  9.7677973E-03  0.0000000E+00
  7.8507600E+01  9.8425515E-04  7.1299687E-04 -4.0661271E-04  9.5063846E-03  0.0000000E+00
  7.8507600E+01  7.0881312E-04  5.0925098E-04 -4.7456427E-04  9.2488277E-03  0.0000000E+00
  7.8507600E+01  8.4637688E-04  3.9490786E-04 -1.8981399E-04  8.9987006E-03  0.0000000E+00
  7.8507600E+01  1.6421994E-03  3.7721836E-04  5.0453501E-05  8.7581770E-03  0.0000000E+00
  7.8507600E+01  1.7412647E-03  4.9447571E-04  9.1963516E-05  8.5293045E-03  0.0000000E+00
  7.8507600E+01  1.4103119E-03  6.7561311E-04  1.9550152E-05  8.3140447E-03  0.0000000E+00
  7.8507600E+01  1.0770287E-03  7.8544712E-04 -2.9241436E-05  8.1123612E-03  0.0000000E+00
  7.8507600E+01  1.0942010E-03  7.5822984E-04 -8.6409039E-05  7.9216783E-03  0.0000000E+00
  7.8507600E+01  1.3950634E-03  6.2778259E-04 -1.4873742E-04  7.7389569E-03  0.0000000E+00
  7.8507600E+01  1.6017189E-03  4.7585985E-04 -1.5859220E-04  7.5614597E-03  0.0000000E+00
  7.8507600E+01  1.4778692E-03  3.5969023E-04 -8.4415564E-05  7.3869376E-03  0.0000000E+00
  7.8507600E+01  1.3095855E-03  2.8250924E-04  1.3183074E-06  7.2142086E-03  0.0000000E+00
  7.8507600E+01  1.6279836E-03  2.5592289E-04 -7.2008319E-05  7.0440773E-03  0.0000000E+00
  7.8507600E+01  1.6948712E-03  2.8830077E-04 -1.0836093E-04  6.8788381E-03  0.0000000E+00
  7.8507600E+01  1.5274619E-03  3.2012414E-04 -1.5880040E-04  6.7210858E-03  0.0000000E+00
  7.8507600E+01  1.1173357E-03  2.9542841E-04 -2.4318258E-04  6.5741994E-03  0.0000000E+00
  7.8507600E+01  6.8864200E-04  2.1942079E-04 -1.8697256E-04  6.4393093E-03  0.0000000E+00
  7.8507600E+01  5.2109252E-04  1.3533640E-04  1.3427695E-04  6.3152713E-03  0.0000000E+00
  7.8507600E+01  5.4839172E-04  7.1199822E-05  5.8909154E-04  6.1992015E-03  0.0000000E+00
  7.8507600E+01  4.3086113E-04  1.1845356E-05  8.2509184E-04  6.0895237E-03  0.0000000E+00
  7.8507600E+01  7.7016699E-04 -5.3397173E-05  7.4667066E-04  5.9856778E-03  0.0000000E+00
  7.8507600E+01  2.9287096E-04 -9.5788677E-05  6.5521293E-04  5.8890020E-03  0.0000000E+00
  7.8507600E+01  2.4366174E-04 -9.8776720E-05  5.2157807E-04  5.8003132E-03  0.0000000E+00
  7.8507600E+01  8.7238352E-05 -8.2311325E-05  3.6143933E-04  5.7195179E-03  0.0000000E+00
  7.8507600E+01 -9.9883575E-05 -8.7124600E-05  2.4744916E-04  5.6444281E-03  0.0000000E+00
  7.8507600E+01 -8.4462153E-08 -4.3735254E-09 -6.1618797E-08  8.2288531E-02  0.0000000E+00
  7.8507600E+01 -1.3885521E-03 -6.8644838E-03 -5.0683006E-02  8.1867348E-02  0.0000000E+00
  7.8507600E+01  2.9884754E-02 -1.6204970E-02 -5.5525564E-02  8.0099883E-02  0.0000000E+00
  7.8507600E+01  2.7259595E-02 -2.4295298E-02 -1.9453084E-02  7.6579950E-02  0.0000000E+00
  7.8507600E+01  8.9014191E-03 -2.7510427E-02  6.1818001E-03  7.2514166E-02  0.0000000E+00
  7.8507600E+01 -8.6428602E-03 -2.5493881E-02  1.8332578E-02  6.8645200E-02  0.0000000E+00
  7.8507600E+01 -2.0468757E-02 -1.8924814E-02  2.0404192E-02  6.5287738E-02  0.0000000E+00
  7.8507600E+01 -3.2093303E-02 -1.0175068E-02  1.5700265E-02  6.2505239E-02  0.0000000E+00
  7.8507600E+01 -4.0987446E-02 -2.6198278E-03  9.3015573E-03  6.0235247E-02  0.0000000E+00
  7.8507600E+01 -4.3113318E-02  1.9811886E-03  5.0054515E-03  5.8368354E-02  0.0000000E+00
  7.8507600E+01 -4.1563598E-02  4.5203164E-03  2.8494099E-03  5.6806754E-02  0.0000000E+00
  7.8507600E+01 -4.5547521E-02  6.6371622E-03  1.2748869E-03  5.5473363E-02  0.0000000E+00
  7.8507600E+01 -5.2380275E-02  9.1027387E-03  2.4262256E-03  5.4334719E-02  0.0000000E+00
  7.8507600E+01 -5.0229890E-02  1.1288130E-02  7.8030676E-03  5.3384196E-02  0.0000000E+00
  7.8507600E+01 -3.9454455E-02  1.2380480E-02  1.4025793E-02  5.2578141E-02  0.0000000E+00
  7.8507600E+01 -2.6032949E-02  1.2695349E-02  2.0128437E-02  5.1869826E-02  0.0000000E+00
  7.8507600E+01 -2.0933009E-02  1.3697657E-02  2.5117547E-02  5.1245266E-02  0.0000000E+00
  7.8507600E+01 -2.2276719E-02  1.5242564E-02  2.9488774E-02  5.0695533E-02  0.0000000E+00
  7.8507600E+01 -1.3495006E-02  1.4900982E-02  3.1112904E-02  5.0178393E-02  0.0000000E+00
  7.8507600E+01  4.5386531E-03  1.1690539E-02  3.1417619E-02  4.9655439E-02  0.0000000E+00
  7.8507600E+01  1.9198260E-02  7.5296675E-03  2.8470417E-02  4.9101310E-02  0.0000000E+00
  7.8507600E+01  2.5399863E-02  4.7495775E-03  2.2611911E-02  4.8498664E-02  0.0000000E+00
  7.8507600E+01  2.4832461E-02  4.1634239E-03  2.0251369E-02  4.7835728E-02  0.0000000E+00
  7.8507600E+01  2.4120384E-02  4.6038233E-03  2.0000742E-02  4.7110465E-02  0.0000000E+00
  7.8507600E+01  2.6272339E-02  5.6314466E-03  1.7556754E-02  4.6318098E-02  0.0000000E+00
  7.8507600E+01  2.6698770E-02  7.1419061E-03  1.4776898E-02  4.5472906E-02  0.0000000E+00
  7.8507600E+01  2.7522160E-02  8.2979098E-03  1.3556432E-02  4.4589497E-02  0.0000000E+00
  7.8507600E+01  2.6633377E-02  8.3912950E-03  1.3572417E-02  4.3680698E-02  0.0000000E+00
  7.8507600E+01  2.2998402E-02  7.7525170E-03  1.5194767E-02  4.2744964E-02  0.0000000E+00
  7.8507600E+01  2.0852909E-02  6.9477037E-03  1.6208237E-02  4.1778517E-02  0.0000000E+00
  7.8507600E+01  2.1417571E-02  5.7188551E-03  1.5341373E-02  4.0784648E-02  0.0000000E+00
  7.8507600E+01  2.1347488E-02  3.7986025E-03  1.3769888E-02  3.9772679E-02  0.0000000E+00
  7.8507600E+01  1.7122245E-02  2.6780842E-03  1.1700858E-02  3.8749915E-02  0.0000000E+00
  7.8507600E+01  1.0514466E-02  2.4550067E-03  6.7953285E-03  3.7724532E-02  0.0000000E+00
  7.8507600E+01  8.4715595E-03  1.9710415E-03  5.0250544E-03  3.6694151E-02  0.0000000E+00
  7.8507600E+01  9.0907192E-03  1.2188105E-03  6.4107308E-03  3.5658594E-02  0.0000000E+00
  7.8507600E+01  8.6053727E-03  3.5657892E-04  8.2905246E-03  3.4615527E-02  0.0000000E+00
  7.8507600E+01  5.9795144E-03 -5.8191526E-04  8.6073791E-03  3.3572601E-02  0.0000000E+00
  7.8507600E+01  3.1277422E-03 -1.2795811E-03  7.1739938E-03  3.2544574E-02  0.0000000E+00
  7.8507600E+01  5.6782700E-04 -1.3653202E-03  5.4479874E-03  3.1547564E-02  0.0000000E+00
  7.8507600E+01 -1.4517289E-03 -1.1146589E-03  4.4457052E-03  3.0591083E-02  0.0000000E+00
  7.8507600E+01 -1.0990142E-03 -7.4225085E-04  4.2483789E-03  2.9682323E-02  0.0000000E+00
  7.8507600E+01  9.0828190E-04 -3.5868138E-04  3.9186762E-03  2.8816543E-02  0.0000000E+00
  7.8507600E+01  3.0640459E-03 -1.3493432E-05  2.9699685E-03  2.7989489E-02  0.0000000E+00
  7.8507600E+01  4.8124231E-03  1.8429802E-04  1.8538773E-03  2.7193163E-02  0.0000000E+00
  7.8507600E+01  6.4594328E-03  1.3836559E-05  1.2344457E-03  2.6422398E-02  0.0000000E+00
  7.8507600E+01  7.3235484E-03 -7.1831232E-04  7.3659543E-04  2.5672017E-02  0.0000000E+00
  7.8507600E+01  5.4130369E-03 -1.3324468E-03  9.9162697E-04  2.4943313E-02  0.0000000E+00
  7.8507600E+01  3.3909526E-03 -1.5538507E-03  1.9168692E-03  2.4236689E-02  0.0000000E+00
  7.8507600E+01  2.5905843E-03 -1.4979543E-03  3.2124929E-03  2.3551367E-02  0.0000000E+00
  7.8507600E+01  2.4708933E-03 -1.2630108E-03  4.3003123E-03  2.2883897E-02  0.0000000E+00
  7.8507600E+01  2.1094230E-03 -8.7385889E-04  4.9324792E-03  2.2235232E-02  0.0000000E+00
  7.8507600E+01  1.2502869E-03 -4.1126908E-04  4.9730800E-03  2.1605761E-02  0.0000000E+00
  7.8507600E+01  3.8913616E-04 -3.0068702E-05  4.3476895E-03  2.0998645E-02  0.0000000E+00
  7.8507600E+01 -3.1868079E-05  3.7041819E-04  3.4864172E-03  2.0413847E-02  0.0000000E+00
  7.8507600E+01 -2.2933250E-04  8.1475047E-04  2.2055932E-03  1.9855075E-02  0.0000000E+00
  7.8507600E+01 -8.3117884E-04  1.1407733E-03  1.0928416E-03  1.9322792E-02  0.0000000E+00
  7.8507600E+01 -1.2803111E-03  1.3543502E-03  3.5038457E-04  1.8815128E-02  0.0000000E+00
  7.8507600E+01 -1.2062102E-03  1.4965975E-03 -6.7780182E-05  1.8325512E-02  0.0000000E+00
  7.8507600E+01 -7.6870297E-04  1.5628180E-03 -2.9100046E-04  1.7849073E-02  0.0000000E+00
  7.8507600E+01 -3.5035913E-04  1.4957012E-03 -3.8524280E-04  1.7380751E-02  0.0000000E+00
  7.8507600E+01 -1.0747491E-04  1.2480522E-03 -2.0335125E-04  1.6919964E-02  0.0000000E+00
  7.8507600E+01  4.6375624E-04  8.9131347E-04  4.0167810E-04  1.6465849E-02  0.0000000E+00
  7.8507600E+01  7.1940039E-04  6.0682850E-04  5.1092313E-04  1.6020644E-02  0.0000000E+00
  7.8507600E+01  2.3268457E-04  5.0684971E-04  4.8887766E-04  1.5585213E-02  0.0000000E+00
  7.8507600E+01 -6.9208597E-04  5.6431722E-04  4.9800090E-04  1.5161673E-02  0.0000000E+00
  7.8507600E+01 -1.7244320E-03  7.1277467E-04  5.8553281E-04  1.4749936E-02  0.0000000E+00
  7.8507600E+01 -2.5909327E-03  8.9433647E-04  7.9686207E-04  1.4350175E-02  0.0000000E+00
  7.8507600E+01 -3.1075270E-03  1.0723799E-03  1.1309458E-03  1.3959766E-02  0.0000000E+00
  7.8507600E+01 -3.1661889E-03  1.2228879E-03  1.4294681E-03  1.3577125E-02  0.0000000E+00
  7.8507600E+01 -2.6293864E-03  1.3335543E-03  1.3256527E-03  1.3200301E-02  0.0000000E+00
  7.8507600E+01 -1.3288632E-03  1.3316545E-03  1.0200476E-03  1.2830853E-02  0.0000000E+00
  7.8507600E+01 -4.2053387E-04  1.2999358E-03  7.5516941E-04  1.2467593E-02  0.0000000E+00
  7.8507600E+01 -7.7436559E-05  1.2619764E-03  3.9652635E-04  1.2111535E-02  0.0000000E+00
  7.8507600E+01  1.8276751E-04  1.1724242E-03 -8.2483269E-05  1.1764738E-02  0.0000000E+00
  7.8507600E+01  7.5403912E-04  1.0172363E-03 -4.8550165E-04  1.1432120E-02  0.0000000E+00
  7.8507600E+01  1.4317176E-03  8.5165822E-04 -5.3389116E-04  1.1115652E-02  0.0000000E+00
  7.8507600E+01  1.5616035E-03  7.7474342E-04 -1.2144528E-04  1.0815319E-02  0.0000000E+00
  7.8507600E+01  1.2814729E-03  8.3474972E-04  4.2808726E-04  1.0529737E-02  0.0000000E+00
  7.8507600E+01  1.0103032E-03  1.0277689E-03  4.9122583E-04  1.0258046E-02  0.0000000E+00
  7.8507600E+01  8.1234307E-04  1.1713271E-03  4.0995330E-04  9.9979702E-03  0.0000000E+00
  7.8507600E+01  7.8506536E-04  1.1848776E-03  2.9362150E-04  9.7466088E-03  0.0000000E+00
  7.8507600E+01  9.9800889E-04  1.0979472E-03  2.5373392E-04  9.5024743E-03  0.0000000E+00
  7.8507600E+01  1.3429297E-03  9.6690029E-04  2.9173357E-04  9.2658812E-03  0.0000000E+00
  7.8507600E+01  1.5964716E-03  8.3493964E-04  3.2304364E-04  9.0362745E-03  0.0000000E+00
  7.8507600E+01  1.6084396E-03  7.2662455E-04  2.8099607E-04  8.8142734E-03  0.0000000E+00
  7.8507600E+01  1.3927349E-03  6.7246869E-04  2.0294837E-04  8.6005590E-03  0.0000000E+00
  7.8507600E+01  1.0254508E-03  7.2221060E-04  1.1050741E-04  8.3964904E-03  0.0000000E+00
  7.8507600E+01  8.2945084E-04  8.0744025E-04 -3.3364833E-05  8.2030949E-03  0.0000000E+00
  7.8507600E+01  5.0328315E-04  8.6066308E-04 -1.5660156E-04  8.0209906E-03  0.0000000E+00
  7.8507600E+01  5.4792947E-05  8.1379378E-04 -2.2876186E-04  7.8491227E-03  0.0000000E+00
  7.8507600E+01 -2.6430701E-04  6.6041220E-04 -1.8408188E-04  7.6871340E-03  0.0000000E+00
  7.8507600E+01 -2.5258314E-04  4.4831303E-04 -3.4509284E-05  7.5346707E-03  0.0000000E+00
  7.8507600E+01  3.0688876E-05  2.4579364E-04  9.4551642E-05  7.3920170E-03  0.0000000E+00
  7.8507600E+01  2.7738787E-04  1.0024354E-04  6.3793884E-05  7.2586633E-03  0.0000000E+00
  7.8507600E+01  3.1916074E-04  9.5998757E-06  1.8514692E-05  7.1342722E-03  0.0000000E+00
  7.8507600E+01  3.0465272E-04 -4.5158249E-05  2.6549904E-05  7.0164815E-03  0.0000000E+00
  7.8507600E+01  2.8034811E-04 -7.4900026E-05  7.6548745E-05  6.9032642E-03  0.0000000E+00
  7.8507600E+01  2.4743150E-04 -1.0236747E-04  9.4874287E-05  6.7921698E-03  0.0000000E+00
  7.8507600E+01  2.5144783E-04 -1.4281277E-04  7.5048261E-05  6.6828836E-03  0.0000000E+00
  7.8507600E+01  1.0606495E-09  1.4964932E-10  4.3758782E-09  1.1318412E-01  0.0000000E+00
  7.8507600E+01 -5.4046793E-04 -2.2067590E-03 -1.4219825E-02  1.1344545E-01  0.0000000E+00
  7.8507600E+01 -3.1074089E-03 -2.1672232E-03 -2.0983983E-02  1.1214130E-01  0.0000000E+00
  7.8507600E+01 -1.1887517E-02 -1.6712515E-03  1.4508513E-02  1.1017105E-01  0.0000000E+00
  7.8507600E+01 -2.5349269E-02 -3.1959869E-03  5.4824480E-02  1.0806687E-01  0.0000000E+00
  7.8507600E+01 -4.0157496E-02 -4.6589226E-03  7.8123739E-02  1.0571477E-01  0.0000000E+00
  7.8507600E+01 -5.0644953E-02 -5.3771500E-03  8.0064126E-02  1.0295531E-01  0.0000000E+00
  7.8507600E+01 -5.6806115E-02 -5.2544828E-03  6.9260588E-02  9.9748547E-02  0.0000000E+00
  7.8507600E+01 -6.1407569E-02 -5.7740690E-03  5.6699691E-02  9.6146733E-02  0.0000000E+00
  7.8507600E+01 -6.3140007E-02 -8.5295596E-03  4.5910559E-02  9.2240510E-02  0.0000000E+00
  7.8507600E+01 -6.1103778E-02 -1.2713949E-02  3.4881355E-02  8.8141789E-02  0.0000000E+00
  7.8507600E+01 -6.0072187E-02 -1.5899238E-02  2.5615900E-02  8.4001180E-02  0.0000000E+00
  7.8507600E+01 -6.0109132E-02 -1.7006118E-02  2.0989483E-02  7.9957906E-02  0.0000000E+00
  7.8507600E+01 -6.4201685E-02 -1.6354751E-02  1.6626694E-02  7.6076715E-02  0.0000000E+00
  7.8507600E+01 -7.2806267E-02 -1.5220634E-02  1.1543365E-02  7.2423602E-02  0.0000000E+00
  7.8507600E+01 -8.0455873E-02 -1.3096578E-02  9.7438625E-03  6.9026892E-02  0.0000000E+00
  7.8507600E+01 -8.2798608E-02 -9.0337930E-03  1.3842402E-02  6.5872942E-02  0.0000000E+00
  7.8507600E+01 -7.9411969E-02 -3.4610819E-03  1.8821835E-02  6.2981474E-02  0.0000000E+00
  7.8507600E+01 -7.2477347E-02  1.5369689E-03  2.0025989E-02  6.0373183E-02  0.0000000E+00
  7.8507600E+01 -6.5252700E-02  4.3314004E-03  1.8681879E-02  5.8059113E-02  0.0000000E+00
  7.8507600E+01 -6.1215964E-02  6.6782197E-03  1.8047545E-02  5.5989675E-02  0.0000000E+00
  7.8507600E+01 -5.6851983E-02  7.7766835E-03  1.3372425E-02  5.4104130E-02  0.0000000E+00
  7.8507600E+01 -4.4577663E-02  7.3610350E-03  9.2404700E-03  5.2364001E-02  0.0000000E+00
  7.8507600E+01 -3.0165168E-02  6.4542074E-03  8.8509310E-03  5.0745708E-02  0.0000000E+00
  7.8507600E+01 -1.9906677E-02  6.0599526E-03  1.0140751E-02  4.9227283E-02  0.0000000E+00
  7.8507600E+01 -1.1464328E-02  6.4720691E-03  1.2165345E-02  4.7787519E-02  0.0000000E+00
  7.8507600E+01 -3.5714890E-03  7.2574161E-03  1.4041152E-02  4.6400511E-02  0.0000000E+00
  7.8507600E+01  3.4224997E-03  7.9897704E-03  1.4326106E-02  4.5062169E-02  0.0000000E+00
  7.8507600E+01  9.2240889E-03  9.0297020E-03  1.2339870E-02  4.3769489E-02  0.0000000E+00
  7.8507600E+01  1.6438373E-02  1.0060763E-02  1.0061651E-02  4.2505660E-02  0.0000000E+00
  7.8507600E+01  2.4045166E-02  9.9906767E-03  9.5282565E-03  4.1270253E-02  0.0000000E+00
  7.8507600E+01  2.8335306E-02  8.5521073E-03  1.1134106E-02  4.0059207E-02  0.0000000E+00
  7.8507600E+01  3.0677284E-02  6.6845890E-03  1.2993127E-02  3.8871789E-02  0.0000000E+00
  7.8507600E+01  2.3492038E-02  5.4814971E-03  1.5825066E-02  3.7714089E-02  0.0000000E+00
  7.8507600E+01  1.4242394E-02  5.0562173E-03  1.5980008E-02  3.6585695E-02  0.0000000E+00
  7.8507600E+01  7.5812988E-03  4.4729787E-03  1.3928576E-02  3.5479517E-02  0.0000000E+00
  7.8507600E+01  1.9667259E-03  3.5643195E-03  1.2783151E-02  3.4391315E-02  0.0000000E+00
  7.8507600E+01 -3.2931114E-03  3.0653758E-03  1.2731073E-02  3.3315301E-02  0.0000000E+00
  7.8507600E+01 -5.1723291E-03  3.5873819E-03  1.0806716E-02  3.2250431E-02  0.0000000E+00
  7.8507600E+01 -3.2348113E-03  4.1874659E-03  7.7501698E-03  3.1195243E-02  0.0000000E+00
  7.8507600E+01 -5.0907786E-04  4.3000712E-03  4.6953168E-03  3.0149252E-02  0.0000000E+00
  7.8507600E+01  8.4167126E-04  3.7212870E-03  2.8211822E-03  2.9131301E-02  0.0000000E+00
  7.8507600E+01  1.1564183E-03  2.9229823E-03  2.2200062E-03  2.8148047E-02  0.0000000E+00
  7.8507600E+01  1.3902112E-03  2.0122551E-03  2.0227449E-03  2.7201581E-02  0.0000000E+00
  7.8507600E+01  1.2212555E-03  8.1687311E-04  1.4989001E-03  2.6296931E-02  0.0000000E+00
  7.8507600E+01 -6.0179575E-04 -4.3853398E-04  1.3417981E-03  2.5431973E-02  0.0000000E+00
  7.8507600E+01 -1.9224200E-03 -9.1957206E-04  2.6717477E-03  2.4602542E-02  0.0000000E+00
  7.8507600E+01 -2.9677779E-03 -9.2630458E-04  3.6735922E-03  2.3804732E-02  0.0000000E+00
  7.8507600E+01 -3.3969563E-03 -9.0429260E-04  3.4890843E-03  2.3030550E-02  0.0000000E+00
  7.8507600E+01 -2.7442724E-03 -8.2093209E-04  3.0827801E-03  2.2283009E-02  0.0000000E+00
  7.8507600E+01 -1.0555064E-03 -5.3810503E-04  3.0992919E-03  2.1562645E-02  0.0000000E+00
  7.8507600E+01  9.3841467E-04 -1.3883520E-04  3.4932009E-03  2.0868405E-02  0.0000000E+00
  7.8507600E+01  2.1716013E-03  1.2204479E-04  3.9771107E-03  2.0202122E-02  0.0000000E+00
  7.8507600E+01  2.1715742E-03  9.5092537E-05  4.5765833E-03  1.9563966E-02  0.0000000E+00
  7.8507600E+01  1.7480263E-03 -7.6303172E-05  5.2905721E-03  1.8955557E-02  0.0000000E+00
  7.8507600E+01  1.4402094E-03 -1.4142214E-04  5.9336961E-03  1.8378745E-02  0.0000000E+00
  7.8507600E+01  1.2925834E-03 -3.4562702E-04  5.4417913E-03  1.7829098E-02  0.0000000E+00
  7.8507600E+01  1.2017526E-03 -5.7154027E-04  4.3643458E-03  1.7303088E-02  0.0000000E+00
  7.8507600E+01  9.7370439E-04 -6.2427507E-04  3.4404979E-03  1.6800843E-02  0.0000000E+00
  7.8507600E+01  3.6584916E-04 -4.8602047E-04  2.8947367E-03  1.6318889E-02  0.0000000E+00
  7.8507600E+01 -6.8976617E-04 -3.1144016E-04  2.6517664E-03  1.5856451E-02  0.0000000E+00
  7.8507600E+01 -1.9024940E-03 -2.6763849E-04  2.4708262E-03  1.5409738E-02  0.0000000E+00
  7.8507600E+01 -2.6671293E-03 -3.4477930E-04  2.0519221E-03  1.4976671E-02  0.0000000E+00
  7.8507600E+01 -3.2801534E-03 -4.6984804E-04  1.6405696E-03  1.4559054E-02  0.0000000E+00
  7.8507600E+01 -3.5029094E-03 -5.6394195E-04  1.1608268E-03  1.4157432E-02  0.0000000E+00
  7.8507600E+01 -3.1660736E-03 -5.1913812E-04  7.7167758E-04  1.3768431E-02  0.0000000E+00
  7.8507600E+01 -2.4678503E-03 -3.6177481E-04  4.6943062E-04  1.3389413E-02  0.0000000E+00
  7.8507600E+01 -1.7646510E-03 -2.1019710E-04  2.1008734E-04  1.3016979E-02  0.0000000E+00
  7.8507600E+01 -1.3151918E-03 -1.3681459E-04  1.5871011E-05  1.2649668E-02  0.0000000E+00
  7.8507600E+01 -1.1222003E-03 -8.1270420E-05 -7.3418867E-05  1.2289712E-02  0.0000000E+00
  7.8507600E+01 -1.0087573E-03  3.4822043E-05 -1.7237485E-04  1.1938425E-02  0.0000000E+00
  7.8507600E+01 -1.2376016E-03  2.7360298E-04  9.4829735E-05  1.1598639E-02  0.0000000E+00
  7.8507600E+01 -2.0080277E-03  6.0651024E-04  4.7869144E-04  1.1269938E-02  0.0000000E+00
  7.8507600E+01 -2.7340739E-03  9.2023237E-04  8.3875260E-04  1.0949437E-02  0.0000000E+00
  7.8507600E+01 -2.8657056E-03  1.1371216E-03  1.0126617E-03  1.0635770E-02  0.0000000E+00
  7.8507600E+01 -2.3101001E-03  1.2330633E-03  9.1829587E-04  1.0327213E-02  0.0000000E+00
  7.8507600E+01 -1.4128830E-03  1.2401248E-03  6.6813294E-04  1.0024348E-02  0.0000000E+00
  7.8507600E+01 -6.7698695E-04  1.2140228E-03  4.8132596E-04  9.7315488E-03  0.0000000E+00
  7.8507600E+01 -3.2773720E-04  1.1335837E-03  1.5329833E-04  9.4522796E-03  0.0000000E+00
  7.8507600E+01  1.5944058E-05  9.9407570E-04 -1.9787502E-04  9.1880360E-03  0.0000000E+00
  7.8507600E+01  3.3025544E-04  7.8899825E-04 -4.1430252E-04  8.9391693E-03  0.0000000E+00
  7.8507600E+01  7.4802816E-04  6.3526335E-04 -2.0093712E-04  8.7027190E-03  0.0000000E+00
  7.8507600E+01  8.5975251E-04  6.2878645E-04  3.0926508E-04  8.4777699E-03  0.0000000E+00
  7.8507600E+01  5.7580335E-04  7.7555561E-04  7.8810392E-04  8.2630387E-03  0.0000000E+00
  7.8507600E+01  2.4125384E-04  9.9760160E-04  9.9242199E-04  8.0579358E-03  0.0000000E+00
  7.8507600E+01  2.6735073E-04  1.1755788E-03  9.1559280E-04  7.8629450E-03  0.0000000E+00
  7.8507600E+01  6.0676467E-04  1.2241069E-03  7.6321991E-04  7.6768964E-03  0.0000000E+00
  7.8507600E+01  8.0025212E-04  1.1578696E-03  6.7404790E-04  7.4981782E-03  0.0000000E+00
  7.8507600E+01  1.2643820E-03  1.0178381E-03  6.0519827E-04  7.3267028E-03  0.0000000E+00
  7.8507600E+01  1.5179351E-03  8.9447083E-04  5.0189555E-04  7.1624821E-03  0.0000000E+00
  7.8507600E+01  1.4021528E-03  8.2979446E-04  3.1538428E-04  7.0057638E-03  0.0000000E+00
  7.8507600E+01  9.7587257E-04  8.3947804E-04  7.2358587E-05  6.8577562E-03  0.0000000E+00
  7.8507600E+01  4.1206409E-04  9.1666507E-04 -1.6859799E-04  6.7190521E-03  0.0000000E+00
  7.8507600E+01 -1.2859306E-04  1.0232550E-03 -3.5713617E-04  6.5912898E-03  0.0000000E+00
  7.8507600E+01 -5.7092088E-04  1.0903470E-03 -4.7494174E-04  6.4749660E-03  0.0000000E+00
  7.8507600E+01 -8.3227455E-04  1.0469767E-03 -5.0939856E-04  6.3700306E-03  0.0000000E+00
  7.8507600E+01 -9.2034453E-04  9.0482826E-04 -2.9306229E-04  6.2759634E-03  0.0000000E+00
  7.8507600E+01 -8.3801270E-04  7.1800850E-04  1.5172848E-05  6.1903173E-03  0.0000000E+00
  7.8507600E+01 -6.5358106E-04  5.5444780E-04  2.2865809E-04  6.1093453E-03  0.0000000E+00
  7.8507600E+01 -3.7323266E-04  4.2974574E-04  2.9672566E-04  6.0300668E-03  0.0000000E+00
  7.8507600E+01 -1.3990870E-07 -9.9692809E-09 -5.7068667E-08 -2.2046337E-02  0.0000000E+00
  7.8507600E+01  1.2789040E-01 -5.2667383E-02 -2.6502844E-01 -1.9455716E-02  0.0000000E+00
  7.8507600E+01  2.0247234E-01 -4.6306682E-02 -3.8243037E-01 -1.0722983E-02  0.0000000E+00
  7.8507600E+01  1.1314255E-01 -3.8235425E-02 -2.1578115E-01 -4.2187377E-03  0.0000000E+00
  7.8507600E+01  4.5565588E-02 -3.6310987E-02 -8.6843365E-02 -3.0162356E-04  0.0000000E+00
  7.8507600E+01  5.6987751E-03 -3.4136821E-02 -2.9180593E-02  2.0972312E-03  0.0000000E+00
  7.8507600E+01 -1.7797457E-02 -3.0661353E-02 -1.2671127E-02  3.6885783E-03  0.0000000E+00
  7.8507600E+01 -3.3458599E-02 -2.6715519E-02 -1.3713796E-02  4.8682947E-03  0.0000000E+00
  7.8507600E+01 -4.3874123E-02 -2.2660978E-02 -1.9826489E-02  5.8545853E-03  0.0000000E+00
  7.8507600E+01 -5.0666568E-02 -1.7998550E-02 -2.6961175E-02  6.7531733E-03  0.0000000E+00
  7.8507600E+01 -5.3177950E-02 -1.3167793E-02 -3.2263065E-02  7.5898630E-03  0.0000000E+00
  7.8507600E+01 -5.1511684E-02 -8.6979242E-03 -3.4280591E-02  8.3504162E-03  0.0000000E+00
  7.8507600E+01 -5.1385527E-02 -4.4338762E-03 -2.8501333E-02  9.0276913E-03  0.0000000E+00
  7.8507600E+01 -5.5354959E-02 -7.4940475E-04 -1.7037817E-02  9.6280558E-03  0.0000000E+00
  7.8507600E+01 -5.7469132E-02  1.8034363E-03 -6.7580674E-03  1.0148578E-02  0.0000000E+00
  7.8507600E+01 -5.2788041E-02  2.9663756E-03 -7.2715390E-04  1.0584036E-02  0.0000000E+00
  7.8507600E+01 -4.4796366E-02  3.6750786E-03  2.8669747E-03  1.0938115E-02  0.0000000E+00
  7.8507600E+01 -3.7504239E-02  5.0625081E-03  5.6948418E-03  1.1221859E-02  0.0000000E+00
  7.8507600E+01 -3.2135801E-02  6.7040245E-03  7.5130600E-03  1.1443426E-02  0.0000000E+00
  7.8507600E+01 -2.8258500E-02  7.8482189E-03  8.8414549E-03  1.1605400E-02  0.0000000E+00
  7.8507600E+01 -2.5410707E-02  8.2290871E-03  8.8272888E-03  1.1713826E-02  0.0000000E+00
  7.8507600E+01 -1.8919909E-02  7.7967309E-03  8.5083239E-03  1.1783023E-02  0.0000000E+00
  7.8507600E+01 -9.1246907E-03  6.5666368E-03  9.3052834E-03  1.1817312E-02  0.0000000E+00
  7.8507600E+01 -3.0907694E-03  5.3344780E-03  8.2714308E-03  1.1817415E-02  0.0000000E+00
  7.8507600E+01  2.9044807E-04  4.4189056E-03  5.4382673E-03  1.1783745E-02  0.0000000E+00
  7.8507600E+01  5.4149815E-03  3.3776125E-03  3.5698366E-03  1.1718488E-02  0.0000000E+00
  7.8507600E+01  1.0718522E-02  2.8109675E-03  1.1309561E-03  1.1622216E-02  0.0000000E+00
  7.8507600E+01  1.3616851E-02  2.8903155E-03  2.8698220E-05  1.1496904E-02  0.0000000E+00
  7.8507600E+01  1.5270132E-02  2.9837615E-03  8.0437935E-04  1.1346111E-02  0.0000000E+00
  7.8507600E+01  1.6842508E-02  2.8480698E-03  1.5693806E-03  1.1173790E-02  0.0000000E+00
  7.8507600E+01  1.6402323E-02  2.6180751E-03  1.9179667E-03  1.0982857E-02  0.0000000E+00
  7.8507600E+01  1.1828837E-02  2.2523327E-03  3.0080333E-03  1.0773787E-02  0.0000000E+00
  7.8507600E+01  6.0553477E-03  1.7631689E-03  4.1788577E-03  1.0545755E-02  0.0000000E+00
  7.8507600E+01  3.3050761E-03  1.2757987E-03  4.1855595E-03  1.0302164E-02  0.0000000E+00
  7.8507600E+01  2.3748660E-03  8.1299307E-04  3.8014204E-03  1.0046694E-02  0.0000000E+00
  7.8507600E+01  1.3804193E-03  4.7027837E-04  3.6265256E-03  9.7825041E-03  0.0000000E+00
  7.8507600E+01  1.2691949E-04  2.8584345E-04  3.5735941E-03  9.5130559E-03  0.0000000E+00
  7.8507600E+01 -1.0992586E-03  1.5949782E-04  3.4011757E-03  9.2398012E-03  0.0000000E+00
  7.8507600E+01 -2.6870269E-03 -4.0176469E-05  3.0940799E-03  8.9618064E-03  0.0000000E+00
  7.8507600E+01 -4.4693168E-03 -2.0301731E-04  2.6607423E-03  8.6808275E-03  0.0000000E+00
  7.8507600E+01 -5.8022129E-03 -3.3819691E-04  1.9618219E-03  8.4006848E-03  0.0000000E+00
  7.8507600E+01 -5.4349789E-03 -6.3515478E-04  1.1671277E-03  8.1234339E-03  0.0000000E+00
  7.8507600E+01 -4.4452504E-03 -9.7330144E-04  6.1641290E-04  7.8521520E-03  0.0000000E+00
  7.8507600E+01 -4.0294058E-03 -1.1012702E-03  6.7413278E-04  7.5901714E-03  0.0000000E+00
  7.8507600E+01 -4.0607161E-03 -9.7465852E-04  1.2753051E-03  7.3404967E-03  0.0000000E+00
  7.8507600E+01 -3.4625745E-03 -7.8679369E-04  1.8639229E-03  7.1054285E-03  0.0000000E+00
  7.8507600E+01 -1.7018477E-03 -6.2134778E-04  2.0502883E-03  6.8839851E-03  0.0000000E+00
  7.8507600E+01  5.7780975E-04 -4.3136774E-04  1.8581467E-03  6.6764583E-03  0.0000000E+00
  7.8507600E+01  2.3186660E-03 -2.8879736E-04  1.8399236E-03  6.4838119E-03  0.0000000E+00
  7.8507600E+01  2.6489511E-03 -1.8704644E-04  2.1034715E-03  6.3076505E-03  0.0000000E+00
  7.8507600E+01  2.2899316E-03 -5.1030734E-05  2.3174820E-03  6.1484682E-03  0.0000000E+00
  7.8507600E+01  1.8827403E-03  6.3693545E-05  2.0722241E-03  6.0052869E-03  0.0000000E+00
  7.8507600E+01  1.5174733E-03  6.1865607E-05  1.5778217E-03  5.8746542E-03  0.0000000E+00
  7.8507600E+01  8.9139829E-04 -7.2356439E-05  1.5826235E-03  5.7523018E-03  0.0000000E+00
  7.8507600E+01 -3.2234267E-04 -2.3787028E-04  1.9038583E-03  5.6366035E-03  0.0000000E+00
  7.8507600E+01 -1.6028498E-03 -3.8839398E-04  2.5521325E-03  5.5261030E-03  0.0000000E+00
  7.8507600E+01 -3.0018802E-03 -4.5161318E-04  2.6969342E-03  5.4201907E-03  0.0000000E+00
  7.8507600E+01 -4.0828600E-03 -5.1318020E-04  2.3520194E-03  5.3204564E-03  0.0000000E+00
  7.8507600E+01 -4.5320909E-03 -6.5544231E-04  1.8656421E-03  5.2266778E-03  0.0000000E+00
  7.8507600E+01 -4.3368070E-03 -8.5873726E-04  1.4846668E-03  5.1357885E-03  0.0000000E+00
  7.8507600E+01 -3.6174441E-03 -1.0484716E-03  1.2850035E-03  5.0441294E-03  0.0000000E+00
  7.8507600E+01 -2.6346162E-03 -1.1684434E-03  1.2231631E-03  4.9498546E-03  0.0000000E+00
  7.8507600E+01 -1.9322795E-03 -1.1693667E-03  1.1745435E-03  4.8531957E-03  0.0000000E+00
  7.8507600E+01 -1.4068197E-03 -1.1275618E-03  8.6740382E-04  4.7557905E-03  0.0000000E+00
  7.8507600E+01 -1.1016553E-03 -1.0198106E-03  5.5966904E-04  4.6591844E-03  0.0000000E+00
  7.8507600E+01 -9.6231820E-04 -8.1560595E-04  3.1244505E-04  4.5643419E-03  0.0000000E+00
  7.8507600E+01 -1.0209920E-03 -5.3173901E-04  1.4320493E-04  4.4717331E-03  0.0000000E+00
  7.8507600E+01 -1.3000435E-03 -2.2106570E-04  1.1475995E-04  4.3814600E-03  0.0000000E+00
  7.8507600E+01 -1.7060786E-03  5.2357187E-05  2.5430593E-04  4.2932206E-03  0.0000000E+00
  7.8507600E+01 -2.0876650E-03  2.5127706E-04  5.1044828E-04  4.2063391E-03  0.0000000E+00
  7.8507600E+01 -2.3969182E-03  3.8736014E-04  9.4272889E-04  4.1200701E-03  0.0000000E+00
  7.8507600E+01 -2.2112021E-03  3.7681204E-04  1.1961558E-03  4.0347982E-03  0.0000000E+00
  7.8507600E+01 -2.0651490E-03  2.9524955E-04  1.2440028E-03  3.9519128E-03  0.0000000E+00
  7.8507600E+01 -1.7528351E-03  1.8930159E-04  1.1919250E-03  3.8731501E-03  0.0000000E+00
  7.8507600E+01 -1.3101086E-03  9.4665079E-05  1.0751032E-03  3.7998107E-03  0.0000000E+00
  7.8507600E+01 -1.0145482E-03  4.4269459E-05  9.4943402E-04  3.7324278E-03  0.0000000E+00
  7.8507600E+01 -9.2720983E-04  5.9229487E-05  8.6512402E-04  3.6710145E-03  0.0000000E+00
  7.8507600E+01 -6.9172877E-04  1.4000411E-04  8.1814934E-04  3.6154736E-03  0.0000000E+00
  7.8507600E+01 -3.0633440E-04  2.7516990E-04  7.7503598E-04  3.5657547E-03  0.0000000E+00
  7.8507600E+01 -1.5079409E-04  3.7876716E-04  7.2614513E-04  3.5217573E-03  0.0000000E+00
  7.8507600E+01 -2.0612422E-04  4.4723937E-04  8.1685456E-04  3.4835558E-03  0.0000000E+00
  7.8507600E+01 -2.4758360E-04  4.9401109E-04  9.3863379E-04  3.4507351E-03  0.0000000E+00
  7.8507600E+01 -5.2655632E-05  5.1200312E-04  9.5096312E-04  3.4218155E-03  0.0000000E+00
  7.8507600E+01  2.9507475E-04  4.9510756E-04  8.2303054E-04  3.3951033E-03  0.0000000E+00
  7.8507600E+01  6.1251684E-04  4.5956325E-04  6.1173193E-04  3.3695705E-03  0.0000000E+00
  7.8507600E+01  8.7957425E-04  4.5028333E-04  3.8764307E-04  3.3454455E-03  0.0000000E+00
  7.8507600E+01  1.1713081E-03  5.0964064E-04  2.0947717E-04  3.3242350E-03  0.0000000E+00
  7.8507600E+01  1.2656181E-03  6.1728487E-04  1.3279866E-04  3.3081068E-03  0.0000000E+00
  7.8507600E+01  8.7905668E-04  7.6576341E-04  3.5325617E-05  3.2990927E-03  0.0000000E+00
  7.8507600E+01  4.0127426E-04  9.3305399E-04 -4.2474168E-05  3.2990156E-03  0.0000000E+00
  7.8507600E+01 -4.4069679E-05  1.1126008E-03 -1.0474788E-04  3.3079556E-03  0.0000000E+00
  7.8507600E+01 -4.7986969E-04  1.2744820E-03 -1.5272727E-04  3.3244334E-03  0.0000000E+00
  7.8507600E+01 -7.9309495E-04  1.3689660E-03 -1.7955266E-04  3.3460305E-03  0.0000000E+00
  7.8507600E+01 -9.1632853E-04  1.3501686E-03 -1.4980099E-04  3.3698433E-03  0.0000000E+00
  7.8507600E+01 -9.7229022E-04  1.2093356E-03 -1.4850542E-05  3.3930216E-03  0.0000000E+00
  7.8507600E+01 -8.8029514E-04  1.0072576E-03  1.8479164E-04  3.4136467E-03  0.0000000E+00
  7.8507600E+01 -6.1048717E-04  7.9955505E-04  2.4834371E-04  3.4305149E-03  0.0000000E+00
  7.8507600E+01 -3.2208022E-04  6.4248164E-04  1.8915385E-04  3.4441639E-03  0.0000000E+00
  7.8507600E+01 -1.4635167E-04  5.2005171E-04  9.7610243E-05  3.4555866E-03  0.0000000E+00
  7.8507600E+01 -6.6396705E-05  4.2227097E-04  4.0465212E-05  3.4662186E-03  0.0000000E+00
  7.8507600E+01  5.9258227E-09  1.6402428E-10  4.5687814E-09  2.8522348E-02  0.0000000E+00
  7.8507600E+01 -3.8684191E-03 -6.9900015E-04 -5.6867577E-03  2.8786432E-02  0.0000000E+00
  7.8507600E+01 -1.0323681E-03 -2.6022828E-04 -3.9817606E-03  2.7880034E-02  0.0000000E+00
  7.8507600E+01  3.6572247E-03  1.3879208E-03  2.1961476E-02  2.6938683E-02  0.0000000E+00
  7.8507600E+01 -3.2693213E-03  3.8499780E-03  3.9810214E-02  2.6402314E-02  0.0000000E+00
  7.8507600E+01 -3.2201917E-02  5.7249888E-03  3.4053205E-02  2.5843519E-02  0.0000000E+00
  7.8507600E+01 -4.8640172E-02  3.8389336E-03  1.2138821E-02  2.4728329E-02  0.0000000E+00
  7.8507600E+01 -3.0168444E-02 -3.3928620E-03 -1.1206205E-02  2.2740025E-02  0.0000000E+00
  7.8507600E+01 -1.3133238E-04 -1.3560754E-02 -2.3833118E-02  1.9871352E-02  0.0000000E+00
  7.8507600E+01  1.5318461E-02 -2.3256357E-02 -2.3240729E-02  1.6314294E-02  0.0000000E+00
  7.8507600E+01  1.3769409E-02 -3.0510957E-02 -1.8298634E-02  1.2356445E-02  0.0000000E+00
  7.8507600E+01  9.9919410E-04 -3.3863567E-02 -1.3908076E-02  8.3071006E-03  0.0000000E+00
  7.8507600E+01 -1.2495647E-02 -3.3789049E-02 -1.2464294E-02  4.4259319E-03  0.0000000E+00
  7.8507600E+01 -2.2038828E-02 -3.2126505E-02 -1.3095079E-02  8.7280785E-04  0.0000000E+00
  7.8507600E+01 -3.0040087E-02 -2.9039554E-02 -1.3411548E-02 -2.2789487E-03  0.0000000E+00
  7.8507600E+01 -3.7258058E-02 -2.5054376E-02 -1.4005752E-02 -5.0127448E-03  0.0000000E+00
  7.8507600E+01 -4.2018294E-02 -2.1398197E-02 -1.5494148E-02 -7.3524818E-03  0.0000000E+00
  7.8507600E+01 -4.4234452E-02 -1.8314568E-02 -1.8872904E-02 -9.3245518E-03  0.0000000E+00
  7.8507600E+01 -4.5070349E-02 -1.5625480E-02 -2.3036363E-02 -1.0970230E-02  0.0000000E+00
  7.8507600E+01 -4.5789191E-02 -1.3098720E-02 -2.4969079E-02 -1.2322983E-02  0.0000000E+00
  7.8507600E+01 -4.5151074E-02 -9.9613923E-03 -2.2738126E-02 -1.3414472E-02  0.0000000E+00
  7.8507600E+01 -4.2912277E-02 -6.9471169E-03 -1.8048474E-02 -1.4270492E-02  0.0000000E+00
  7.8507600E+01 -3.8996268E-02 -5.1943029E-03 -1.4767890E-02 -1.4913774E-02  0.0000000E+00
  7.8507600E+01 -3.4645247E-02 -4.1677329E-03 -1.2449322E-02 -1.5368022E-02  0.0000000E+00
  7.8507600E+01 -3.0792779E-02 -3.0659581E-03 -9.3490440E-03 -1.5659359E-02  0.0000000E+00
  7.8507600E+01 -2.6939176E-02 -1.7933900E-03 -5.1330650E-03 -1.5813139E-02  0.0000000E+00
  7.8507600E+01 -2.2601618E-02 -6.1482189E-04 -1.6572398E-03 -1.5857794E-02  0.0000000E+00
  7.8507600E+01 -1.9628241E-02  8.4013617E-04  8.1893256E-05 -1.5817785E-02  0.0000000E+00
  7.8507600E+01 -1.7367270E-02  2.3755853E-03  1.8275605E-03 -1.5715563E-02  0.0000000E+00
  7.8507600E+01 -1.4472550E-02  3.7608433E-03  4.2115699E-03 -1.5568696E-02  0.0000000E+00
  7.8507600E+01 -1.0905562E-02  4.8386817E-03  5.7711995E-03 -1.5387755E-02  0.0000000E+00
  7.8507600E+01 -7.4193005E-03  5.4612021E-03  5.3855078E-03 -1.5176604E-02  0.0000000E+00
  7.8507600E+01 -4.9572571E-03  5.4589447E-03  3.9948509E-03 -1.4934506E-02  0.0000000E+00
  7.8507600E+01 -4.9938939E-03  4.9133776E-03  2.9776793E-03 -1.4662218E-02  0.0000000E+00
  7.8507600E+01 -6.3925800E-03  4.2831836E-03  2.9460195E-03 -1.4364516E-02  0.0000000E+00
  7.8507600E+01 -5.5404009E-03  3.8615915E-03  2.8805533E-03 -1.4048859E-02  0.0000000E+00
  7.8507600E+01 -2.4240431E-03  3.4874659E-03  2.2946282E-03 -1.3721169E-02  0.0000000E+00
  7.8507600E+01  5.3966224E-04  2.8131652E-03  1.7302378E-03 -1.3386768E-02  0.0000000E+00
  7.8507600E+01  2.0646344E-03  1.9082503E-03  1.7335871E-03 -1.3053484E-02  0.0000000E+00
  7.8507600E+01  3.3052378E-03  1.4585406E-03  7.0804328E-04 -1.2725179E-02  0.0000000E+00
  7.8507600E+01  3.0693971E-03  1.4545144E-03 -7.8993138E-04 -1.2402922E-02  0.0000000E+00
  7.8507600E+01  8.2128882E-04  1.7057676E-03 -1.3082496E-03 -1.2081754E-02  0.0000000E+00
  7.8507600E+01 -1.6286881E-03  1.9785923E-03 -1.0524697E-03 -1.1760409E-02  0.0000000E+00
  7.8507600E+01 -2.4996619E-03  2.0282111E-03 -6.1728646E-04 -1.1444228E-02  0.0000000E+00
  7.8507600E+01 -1.5910552E-03  1.6283776E-03 -3.6178814E-04 -1.1137507E-02  0.0000000E+00
  7.8507600E+01 -2.7306302E-04  7.6412452E-04 -3.3387818E-04 -1.0840824E-02  0.0000000E+00
  7.8507600E+01 -2.4581620E-04 -4.7057892E-05 -2.2447862E-04 -1.0549402E-02  0.0000000E+00
  7.8507600E+01 -1.5804906E-03 -6.9165767E-04  1.4693817E-04 -1.0260385E-02  0.0000000E+00
  7.8507600E+01 -3.0713385E-03 -1.1061718E-03  6.8137103E-04 -9.9731211E-03  0.0000000E+00
  7.8507600E+01 -3.7650987E-03 -1.2302053E-03  1.2418411E-03 -9.6877080E-03  0.0000000E+00
  7.8507600E+01 -3.5486254E-03 -1.1572092E-03  1.6996526E-03 -9.4021829E-03  0.0000000E+00
  7.8507600E+01 -2.8194144E-03 -1.0704218E-03  1.9177814E-03 -9.1155077E-03  0.0000000E+00
  7.8507600E+01 -2.0817883E-03 -1.0605218E-03  1.7967878E-03 -8.8244590E-03  0.0000000E+00
  7.8507600E+01 -1.5878668E-03 -1.0218913E-03  1.5382604E-03 -8.5268993E-03  0.0000000E+00
  7.8507600E+01 -9.7289108E-04 -8.7777120E-04  1.6489791E-03 -8.2235706E-03  0.0000000E+00
  7.8507600E+01 -8.0346993E-04 -6.9328418E-04  1.7746537E-03 -7.9160550E-03  0.0000000E+00
  7.8507600E+01 -9.9304359E-04 -4.4916720E-04  1.5057843E-03 -7.6060812E-03  0.0000000E+00
  7.8507600E+01 -1.4109595E-03 -1.5050369E-04  1.1205448E-03 -7.2962540E-03  0.0000000E+00
  7.8507600E+01 -1.8816715E-03  1.1480948E-04  9.7747672E-04 -6.9889101E-03  0.0000000E+00
  7.8507600E+01 -2.1887741E-03  2.2740645E-04  1.0899484E-03 -6.6854105E-03  0.0000000E+00
  7.8507600E+01 -2.2902036E-03  1.5794993E-04  1.2108347E-03 -6.3890097E-03  0.0000000E+00
  7.8507600E+01 -2.2825237E-03  4.1310966E-05  1.2415839E-03 -6.1012716E-03  0.0000000E+00
  7.8507600E+01 -2.2243788E-03  3.4573195E-05  1.4400580E-03 -5.8236614E-03  0.0000000E+00
  7.8507600E+01 -1.8056564E-03  2.3522544E-05  1.5243421E-03 -5.5583396E-03  0.0000000E+00
  7.8507600E+01 -1.3870029E-03 -3.2307584E-06  1.4038594E-03 -5.3070923E-03  0.0000000E+00
  7.8507600E+01 -1.0904860E-03 -2.7718209E-06  1.1403212E-03 -5.0694651E-03  0.0000000E+00
  7.8507600E+01 -9.0740468E-04  2.7405361E-05  8.0841986E-04 -4.8434563E-03  0.0000000E+00
  7.8507600E+01 -8.7681942E-04  4.3966680E-05  4.3261737E-04 -4.6270624E-03  0.0000000E+00
  7.8507600E+01 -9.4965274E-04  5.6409360E-06  2.3486483E-05 -4.4185307E-03  0.0000000E+00
  7.8507600E+01 -9.2968914E-04 -7.1186071E-05 -3.5325013E-04 -4.2177932E-03  0.0000000E+00
  7.8507600E+01 -7.3622250E-04 -1.0863289E-04 -5.6980089E-04 -4.0238393E-03  0.0000000E+00
  7.8507600E+01 -8.1028454E-04 -5.0825184E-05 -6.3138273E-04 -3.8362960E-03  0.0000000E+00
  7.8507600E+01 -1.0939427E-03  8.8671213E-05 -4.1937945E-04 -3.6552700E-03  0.0000000E+00
  7.8507600E+01 -1.3077202E-03  2.5664168E-04 -1.7281269E-05 -3.4807496E-03  0.0000000E+00
  7.8507600E+01 -1.3649015E-03  4.0772375E-04  3.5864137E-04 -3.3123124E-03  0.0000000E+00
  7.8507600E+01 -1.2525373E-03  5.1025680E-04  5.5236125E-04 -3.1491975E-03  0.0000000E+00
  7.8507600E+01 -1.0824652E-03  5.5411029E-04  5.7836394E-04 -2.9901208E-03  0.0000000E+00
  7.8507600E+01 -1.0246612E-03  5.4736496E-04  5.8413650E-04 -2.8344750E-03  0.0000000E+00
  7.8507600E+01 -8.2750475E-04  4.8979730E-04  5.9860643E-04 -2.6806006E-03  0.0000000E+00
  7.8507600E+01 -6.3348849E-04  3.7207642E-04  5.4154006E-04 -2.5270148E-03  0.0000000E+00
  7.8507600E+01 -4.9843750E-04  2.3629326E-04  5.4344416E-04 -2.3730490E-03  0.0000000E+00
  7.8507600E+01 -2.1292798E-04  1.1698809E-04  5.5158683E-04 -2.2186101E-03  0.0000000E+00
  7.8507600E+01  1.6436517E-04  4.1759973E-05  4.8279501E-04 -2.0641798E-03  0.0000000E+00
  7.8507600E+01  4.2412880E-04  1.3506183E-05  3.4377065E-04 -1.9104755E-03  0.0000000E+00
  7.8507600E+01  4.2965403E-04  2.2764783E-05  2.3398296E-04 -1.7586019E-03  0.0000000E+00
  7.8507600E+01  2.9802975E-04  6.4562206E-05  2.5392876E-04 -1.6098226E-03  0.0000000E+00
  7.8507600E+01  3.0374096E-04  1.3267802E-04  3.5500383E-04 -1.4658870E-03  0.0000000E+00
  7.8507600E+01  4.6879128E-04  1.8625680E-04  2.8310583E-04 -1.3260129E-03  0.0000000E+00
  7.8507600E+01  6.0588246E-04  2.1901668E-04  1.2396629E-04 -1.1887325E-03  0.0000000E+00
  7.8507600E+01  6.6192820E-04  2.5501546E-04  1.6422561E-05 -1.0514042E-03  0.0000000E+00
  7.8507600E+01  7.9606048E-04  3.1994860E-04  2.1684159E-05 -9.1110354E-04  0.0000000E+00
  7.8507600E+01  9.5561007E-04  4.2361973E-04  9.4130429E-05 -7.6587017E-04  0.0000000E+00
  7.8507600E+01  9.5365235E-04  5.5650265E-04  1.6114814E-04 -6.1559658E-04  0.0000000E+00
  7.8507600E+01  6.6203628E-04  6.9031561E-04  1.8537097E-04 -4.6189457E-04  0.0000000E+00
  7.8507600E+01  1.7561643E-04  7.8952503E-04  1.7980847E-04 -3.0718424E-04  0.0000000E+00
  7.8507600E+01 -1.9002497E-04  8.3970970E-04  1.4637087E-04 -1.5519117E-04  0.0000000E+00
  7.8507600E+01 -7.0521991E-04  8.5836341E-04  7.0682400E-05 -8.2144362E-06  0.0000000E+00
  7.8507600E+01 -8.6693671E-04  8.6120130E-04  4.1463565E-05  1.3223842E-04  0.0000000E+00
  7.8507600E+01 -7.7466319E-04  8.2404042E-04  5.6288156E-05  2.6566696E-04  0.0000000E+00
  7.8507600E+01 -6.5302108E-04  7.3715134E-04  8.5133015E-05  3.9247827E-04  0.0000000E+00
