          atime         eps_uu         eps_vv         eps_ww         pm1avg           tavg
  7.8507600E+01 -5.1490983E-01 -1.0686833E-06 -1.6386073E-01 -1.6610282E-01  0.0000000E+00
  7.8507600E+01 -1.5498412E-01 -1.2302256E-02 -1.5600026E-01 -1.5595039E-01  0.0000000E+00
  7.8507600E+01 -4.4199478E-02 -1.9257521E-02 -6.1146302E-02 -1.3835731E-01  0.0000000E+00
  7.8507600E+01 -3.3642741E-02 -1.7746797E-02 -5.0590777E-02 -1.2275543E-01  0.0000000E+00
  7.8507600E+01 -2.9338630E-02 -1.6887523E-02 -4.4396788E-02 -1.1106183E-01  0.0000000E+00
  7.8507600E+01 -2.7456014E-02 -1.6934037E-02 -3.7401647E-02 -1.0210151E-01  0.0000000E+00
  7.8507600E+01 -2.6678821E-02 -1.7183084E-02 -3.2307513E-02 -9.4979763E-02  0.0000000E+00
  7.8507600E+01 -2.5852369E-02 -1.7371840E-02 -2.8763797E-02 -8.9197737E-02  0.0000000E+00
  7.8507600E+01 -2.4624718E-02 -1.7462169E-02 -2.6211025E-02 -8.4401720E-02  0.0000000E+00
  7.8507600E+01 -2.3506153E-02 -1.7437458E-02 -2.4430844E-02 -8.0317187E-02  0.0000000E+00
  7.8507600E+01 -2.2542521E-02 -1.7380805E-02 -2.2973301E-02 -7.6772222E-02  0.0000000E+00
  7.8507600E+01 -2.1422186E-02 -1.7191103E-02 -2.1554247E-02 -7.3619448E-02  0.0000000E+00
  7.8507600E+01 -2.0428251E-02 -1.6905617E-02 -2.0431505E-02 -7.0759602E-02  0.0000000E+00
  7.8507600E+01 -1.9646108E-02 -1.6562320E-02 -1.9550148E-02 -6.8142782E-02  0.0000000E+00
  7.8507600E+01 -1.9246443E-02 -1.6144835E-02 -1.8816184E-02 -6.5718719E-02  0.0000000E+00
  7.8507600E+01 -1.9362232E-02 -1.5556460E-02 -1.8107572E-02 -6.3448271E-02  0.0000000E+00
  7.8507600E+01 -1.9082874E-02 -1.4862652E-02 -1.7405770E-02 -6.1309144E-02  0.0000000E+00
  7.8507600E+01 -1.8369283E-02 -1.4214186E-02 -1.6701747E-02 -5.9265877E-02  0.0000000E+00
  7.8507600E+01 -1.7535751E-02 -1.3635077E-02 -1.6051254E-02 -5.7294737E-02  0.0000000E+00
  7.8507600E+01 -1.6460858E-02 -1.3086086E-02 -1.5248303E-02 -5.5378103E-02  0.0000000E+00
  7.8507600E+01 -1.5692354E-02 -1.2527099E-02 -1.4401233E-02 -5.3514610E-02  0.0000000E+00
  7.8507600E+01 -1.5266750E-02 -1.1949460E-02 -1.3799416E-02 -5.1696253E-02  0.0000000E+00
  7.8507600E+01 -1.5023995E-02 -1.1403707E-02 -1.3327165E-02 -4.9920196E-02  0.0000000E+00
  7.8507600E+01 -1.4489617E-02 -1.0900240E-02 -1.2817328E-02 -4.8195321E-02  0.0000000E+00
  7.8507600E+01 -1.3529963E-02 -1.0446364E-02 -1.2273913E-02 -4.6523742E-02  0.0000000E+00
  7.8507600E+01 -1.2992064E-02 -9.9984916E-03 -1.1777356E-02 -4.4911273E-02  0.0000000E+00
  7.8507600E+01 -1.3045301E-02 -9.5148601E-03 -1.1377617E-02 -4.3369959E-02  0.0000000E+00
  7.8507600E+01 -1.2738269E-02 -9.0939012E-03 -1.1083760E-02 -4.1894826E-02  0.0000000E+00
  7.8507600E+01 -1.2399523E-02 -8.7419875E-03 -1.0767261E-02 -4.0480678E-02  0.0000000E+00
  7.8507600E+01 -1.2078836E-02 -8.4112719E-03 -1.0279032E-02 -3.9118191E-02  0.0000000E+00
  7.8507600E+01 -1.1606124E-02 -8.0970236E-03 -9.7878891E-03 -3.7807075E-02  0.0000000E+00
  7.8507600E+01 -1.0937003E-02 -7.8105791E-03 -9.4368346E-03 -3.6546435E-02  0.0000000E+00
  7.8507600E+01 -1.0222987E-02 -7.5712166E-03 -9.0419281E-03 -3.5340116E-02  0.0000000E+00
  7.8507600E+01 -9.5594793E-03 -7.3360963E-03 -8.6518521E-03 -3.4194499E-02  0.0000000E+00
  7.8507600E+01 -9.0839231E-03 -7.0915998E-03 -8.3229419E-03 -3.3102329E-02  0.0000000E+00
  7.8507600E+01 -8.7763677E-03 -6.8382348E-03 -8.0378837E-03 -3.2052280E-02  0.0000000E+00
  7.8507600E+01 -8.4877152E-03 -6.5956117E-03 -7.7938604E-03 -3.1037261E-02  0.0000000E+00
  7.8507600E+01 -8.2166352E-03 -6.3716997E-03 -7.5759846E-03 -3.0047617E-02  0.0000000E+00
  7.8507600E+01 -8.0682234E-03 -6.1457151E-03 -7.3136843E-03 -2.9080180E-02  0.0000000E+00
  7.8507600E+01 -7.8383513E-03 -5.9329764E-03 -7.0699719E-03 -2.8138485E-02  0.0000000E+00
  7.8507600E+01 -7.5277261E-03 -5.7528933E-03 -6.8172591E-03 -2.7221173E-02  0.0000000E+00
  7.8507600E+01 -7.2884649E-03 -5.5927453E-03 -6.5886147E-03 -2.6332245E-02  0.0000000E+00
  7.8507600E+01 -7.0546140E-03 -5.4213555E-03 -6.3497300E-03 -2.5472732E-02  0.0000000E+00
  7.8507600E+01 -6.8102518E-03 -5.2540237E-03 -6.1268647E-03 -2.4647428E-02  0.0000000E+00
  7.8507600E+01 -6.5878109E-03 -5.1074730E-03 -5.9620189E-03 -2.3852801E-02  0.0000000E+00
  7.8507600E+01 -6.3536659E-03 -4.9501276E-03 -5.8109397E-03 -2.3080864E-02  0.0000000E+00
  7.8507600E+01 -6.1165505E-03 -4.7620067E-03 -5.6291937E-03 -2.2329793E-02  0.0000000E+00
  7.8507600E+01 -5.9599809E-03 -4.5842094E-03 -5.5035782E-03 -2.1594725E-02  0.0000000E+00
  7.8507600E+01 -5.8113387E-03 -4.4339216E-03 -5.3785231E-03 -2.0873867E-02  0.0000000E+00
  7.8507600E+01 -5.6540597E-03 -4.3098957E-03 -5.2644610E-03 -2.0168792E-02  0.0000000E+00
  7.8507600E+01 -5.5077618E-03 -4.1984081E-03 -5.1558240E-03 -1.9477333E-02  0.0000000E+00
  7.8507600E+01 -5.4044090E-03 -4.0891597E-03 -5.0343200E-03 -1.8798182E-02  0.0000000E+00
  7.8507600E+01 -5.3273989E-03 -3.9777365E-03 -4.9052788E-03 -1.8129454E-02  0.0000000E+00
  7.8507600E+01 -5.1997629E-03 -3.8647856E-03 -4.7888554E-03 -1.7474148E-02  0.0000000E+00
  7.8507600E+01 -5.0224181E-03 -3.7568411E-03 -4.6489501E-03 -1.6831692E-02  0.0000000E+00
  7.8507600E+01 -4.8065335E-03 -3.6558255E-03 -4.4853173E-03 -1.6203437E-02  0.0000000E+00
  7.8507600E+01 -4.5967542E-03 -3.5479443E-03 -4.3328044E-03 -1.5595707E-02  0.0000000E+00
  7.8507600E+01 -4.4007300E-03 -3.4419478E-03 -4.1863129E-03 -1.5009786E-02  0.0000000E+00
  7.8507600E+01 -4.2060391E-03 -3.3473414E-03 -4.0376688E-03 -1.4446428E-02  0.0000000E+00
  7.8507600E+01 -4.0229062E-03 -3.2635883E-03 -3.8956931E-03 -1.3909059E-02  0.0000000E+00
  7.8507600E+01 -3.8802654E-03 -3.1807964E-03 -3.7697606E-03 -1.3396610E-02  0.0000000E+00
  7.8507600E+01 -3.7844783E-03 -3.0897026E-03 -3.6490871E-03 -1.2907615E-02  0.0000000E+00
  7.8507600E+01 -3.6878212E-03 -2.9933114E-03 -3.5241270E-03 -1.2438402E-02  0.0000000E+00
  7.8507600E+01 -3.5576995E-03 -2.9004295E-03 -3.3811575E-03 -1.1986827E-02  0.0000000E+00
  7.8507600E+01 -3.4556578E-03 -2.8080456E-03 -3.2405603E-03 -1.1549714E-02  0.0000000E+00
  7.8507600E+01 -3.3908140E-03 -2.7186822E-03 -3.1083116E-03 -1.1125317E-02  0.0000000E+00
  7.8507600E+01 -3.3383514E-03 -2.6379837E-03 -2.9861933E-03 -1.0714640E-02  0.0000000E+00
  7.8507600E+01 -3.2753573E-03 -2.5694722E-03 -2.8817000E-03 -1.0316112E-02  0.0000000E+00
  7.8507600E+01 -3.1877831E-03 -2.5124232E-03 -2.7988459E-03 -9.9285125E-03  0.0000000E+00
  7.8507600E+01 -3.0640345E-03 -2.4620986E-03 -2.7264262E-03 -9.5532563E-03  0.0000000E+00
  7.8507600E+01 -2.9056723E-03 -2.4135293E-03 -2.6529086E-03 -9.1893602E-03  0.0000000E+00
  7.8507600E+01 -2.7886865E-03 -2.3654097E-03 -2.6083614E-03 -8.8362094E-03  0.0000000E+00
  7.8507600E+01 -2.7071026E-03 -2.3137503E-03 -2.5656798E-03 -8.4948570E-03  0.0000000E+00
  7.8507600E+01 -2.6513686E-03 -2.2557546E-03 -2.5127383E-03 -8.1637934E-03  0.0000000E+00
  7.8507600E+01 -2.6024358E-03 -2.1922793E-03 -2.4503016E-03 -7.8416124E-03  0.0000000E+00
  7.8507600E+01 -2.5444840E-03 -2.1268468E-03 -2.3873253E-03 -7.5260094E-03  0.0000000E+00
  7.8507600E+01 -2.4760030E-03 -2.0635891E-03 -2.3300124E-03 -7.2165070E-03  0.0000000E+00
  7.8507600E+01 -2.4076798E-03 -2.0044628E-03 -2.2729949E-03 -6.9112545E-03  0.0000000E+00
  7.8507600E+01 -2.3396638E-03 -1.9505298E-03 -2.2050136E-03 -6.6093084E-03  0.0000000E+00
  7.8507600E+01 -2.2635357E-03 -1.9040439E-03 -2.1504525E-03 -6.3127650E-03  0.0000000E+00
  7.8507600E+01 -2.1962928E-03 -1.8593208E-03 -2.0925645E-03 -6.0223925E-03  0.0000000E+00
  7.8507600E+01 -2.1528976E-03 -1.8153396E-03 -2.0327233E-03 -5.7392218E-03  0.0000000E+00
  7.8507600E+01 -2.1158919E-03 -1.7761925E-03 -1.9813378E-03 -5.4652731E-03  0.0000000E+00
  7.8507600E+01 -2.0724519E-03 -1.7422271E-03 -1.9434939E-03 -5.1998731E-03  0.0000000E+00
  7.8507600E+01 -2.0278095E-03 -1.7097849E-03 -1.9123336E-03 -4.9416270E-03  0.0000000E+00
  7.8507600E+01 -1.9965820E-03 -1.6745833E-03 -1.8700707E-03 -4.6876899E-03  0.0000000E+00
  7.8507600E+01 -1.9800390E-03 -1.6360937E-03 -1.8029574E-03 -4.4364258E-03  0.0000000E+00
  7.8507600E+01 -1.9569263E-03 -1.5976825E-03 -1.7311298E-03 -4.1857279E-03  0.0000000E+00
  7.8507600E+01 -1.9367981E-03 -1.5609564E-03 -1.6592537E-03 -3.9342974E-03  0.0000000E+00
  7.8507600E+01 -1.9220264E-03 -1.5257015E-03 -1.5956145E-03 -3.6834694E-03  0.0000000E+00
  7.8507600E+01 -1.9059960E-03 -1.4950162E-03 -1.5422190E-03 -3.4345100E-03  0.0000000E+00
  7.8507600E+01 -1.8771035E-03 -1.4701376E-03 -1.4952180E-03 -3.1891542E-03  0.0000000E+00
  7.8507600E+01 -1.8341420E-03 -1.4484170E-03 -1.4538941E-03 -2.9502336E-03  0.0000000E+00
  7.8507600E+01 -1.7849630E-03 -1.4248372E-03 -1.4198288E-03 -2.7186796E-03  0.0000000E+00
  7.8507600E+01 -1.7365467E-03 -1.3957621E-03 -1.3927708E-03 -2.4953575E-03  0.0000000E+00
  7.8507600E+01 -1.6827643E-03 -1.3620466E-03 -1.3667308E-03 -2.2799840E-03  0.0000000E+00
  7.8507600E+01 -1.6253536E-03 -1.3265227E-03 -1.3422126E-03 -2.0730333E-03  0.0000000E+00
  7.8507600E+01 -1.5842893E-03 -1.2900064E-03 -1.3201873E-03 -1.8739063E-03  0.0000000E+00
  7.8507600E+01 -1.5671778E-03 -1.2537192E-03 -1.2984268E-03 -1.6824198E-03  0.0000000E+00
  7.8507600E+01 -1.5617839E-03 -1.2196980E-03 -1.2744852E-03 -1.4990745E-03  0.0000000E+00
  7.8507600E+01 -1.1912281E-02 -3.5701304E-04 -2.1380226E-02 -8.8255085E-02  0.0000000E+00
  7.8507600E+01 -3.9668992E-03 -6.0250184E-04 -7.4293482E-03 -8.8277398E-02  0.0000000E+00
  7.8507600E+01 -2.8724711E-03 -1.0262750E-03 -3.4926753E-03 -8.8467283E-02  0.0000000E+00
  7.8507600E+01 -3.4949403E-03 -1.2710269E-03 -2.1425249E-03 -8.8882985E-02  0.0000000E+00
  7.8507600E+01 -5.7063667E-03 -1.6483431E-03 -1.9456445E-03 -8.9460249E-02  0.0000000E+00
  7.8507600E+01 -1.1139425E-02 -2.3725378E-03 -2.8475826E-03 -9.0088258E-02  0.0000000E+00
  7.8507600E+01 -2.3360498E-02 -3.3919062E-03 -5.2490237E-03 -9.0659635E-02  0.0000000E+00
  7.8507600E+01 -4.3685843E-02 -4.4284721E-03 -1.0276921E-02 -9.1059515E-02  0.0000000E+00
  7.8507600E+01 -6.4855263E-02 -5.2456919E-03 -1.8588641E-02 -9.1130763E-02  0.0000000E+00
  7.8507600E+01 -8.4109763E-02 -5.9567404E-03 -2.7993360E-02 -9.0728328E-02  0.0000000E+00
  7.8507600E+01 -9.5469485E-02 -6.9693390E-03 -3.1696805E-02 -8.9801478E-02  0.0000000E+00
  7.8507600E+01 -8.6251984E-02 -8.6812208E-03 -2.8639874E-02 -8.8423028E-02  0.0000000E+00
  7.8507600E+01 -6.7132435E-02 -1.0763843E-02 -2.5538315E-02 -8.6815724E-02  0.0000000E+00
  7.8507600E+01 -4.9157933E-02 -1.2270050E-02 -2.3443303E-02 -8.5230950E-02  0.0000000E+00
  7.8507600E+01 -3.5538217E-02 -1.3165429E-02 -2.2163749E-02 -8.3791617E-02  0.0000000E+00
  7.8507600E+01 -2.7603205E-02 -1.3740110E-02 -2.1519665E-02 -8.2456296E-02  0.0000000E+00
  7.8507600E+01 -2.3611491E-02 -1.4085222E-02 -2.0617982E-02 -8.1134481E-02  0.0000000E+00
  7.8507600E+01 -2.2465760E-02 -1.4390777E-02 -1.9494685E-02 -7.9756477E-02  0.0000000E+00
  7.8507600E+01 -2.1985002E-02 -1.4645093E-02 -1.8414671E-02 -7.8282669E-02  0.0000000E+00
  7.8507600E+01 -2.0686682E-02 -1.4729670E-02 -1.7499740E-02 -7.6705042E-02  0.0000000E+00
  7.8507600E+01 -1.9499960E-02 -1.4709787E-02 -1.6843711E-02 -7.5043729E-02  0.0000000E+00
  7.8507600E+01 -1.8566815E-02 -1.4532883E-02 -1.6149124E-02 -7.3326458E-02  0.0000000E+00
  7.8507600E+01 -1.7677992E-02 -1.4258437E-02 -1.5557869E-02 -7.1577056E-02  0.0000000E+00
  7.8507600E+01 -1.7036299E-02 -1.3923952E-02 -1.5070535E-02 -6.9810509E-02  0.0000000E+00
  7.8507600E+01 -1.6772002E-02 -1.3502884E-02 -1.4481947E-02 -6.8027836E-02  0.0000000E+00
  7.8507600E+01 -1.6432525E-02 -1.3041833E-02 -1.3960137E-02 -6.6240663E-02  0.0000000E+00
  7.8507600E+01 -1.5786742E-02 -1.2546886E-02 -1.3500603E-02 -6.4451281E-02  0.0000000E+00
  7.8507600E+01 -1.5339670E-02 -1.2007394E-02 -1.3045849E-02 -6.2663148E-02  0.0000000E+00
  7.8507600E+01 -1.4884540E-02 -1.1442053E-02 -1.2704131E-02 -6.0879404E-02  0.0000000E+00
  7.8507600E+01 -1.4370951E-02 -1.0884079E-02 -1.2477803E-02 -5.9102730E-02  0.0000000E+00
  7.8507600E+01 -1.3964490E-02 -1.0403123E-02 -1.2307788E-02 -5.7334599E-02  0.0000000E+00
  7.8507600E+01 -1.3657190E-02 -1.0036976E-02 -1.2061900E-02 -5.5571175E-02  0.0000000E+00
  7.8507600E+01 -1.3300151E-02 -9.7375096E-03 -1.1544818E-02 -5.3806083E-02  0.0000000E+00
  7.8507600E+01 -1.2992371E-02 -9.4203077E-03 -1.0792443E-02 -5.2040444E-02  0.0000000E+00
  7.8507600E+01 -1.2681896E-02 -9.1517095E-03 -1.0262812E-02 -5.0303224E-02  0.0000000E+00
  7.8507600E+01 -1.2253687E-02 -8.8767502E-03 -9.9598859E-03 -4.8613948E-02  0.0000000E+00
  7.8507600E+01 -1.1765120E-02 -8.5336805E-03 -9.7325844E-03 -4.6987624E-02  0.0000000E+00
  7.8507600E+01 -1.1363055E-02 -8.1697242E-03 -9.5198674E-03 -4.5428148E-02  0.0000000E+00
  7.8507600E+01 -1.1026246E-02 -7.8701573E-03 -9.2398799E-03 -4.3930264E-02  0.0000000E+00
  7.8507600E+01 -1.0652164E-02 -7.5803066E-03 -8.8698699E-03 -4.2490234E-02  0.0000000E+00
  7.8507600E+01 -1.0012111E-02 -7.3073462E-03 -8.5960541E-03 -4.1105967E-02  0.0000000E+00
  7.8507600E+01 -9.4413264E-03 -7.0552936E-03 -8.2768890E-03 -3.9776083E-02  0.0000000E+00
  7.8507600E+01 -8.9843344E-03 -6.8592858E-03 -7.9842995E-03 -3.8494866E-02  0.0000000E+00
  7.8507600E+01 -8.5776007E-03 -6.6990331E-03 -7.7651844E-03 -3.7260128E-02  0.0000000E+00
  7.8507600E+01 -8.2266261E-03 -6.5191644E-03 -7.5908753E-03 -3.6061767E-02  0.0000000E+00
  7.8507600E+01 -7.9533833E-03 -6.2917096E-03 -7.3950634E-03 -3.4894906E-02  0.0000000E+00
  7.8507600E+01 -7.6874577E-03 -6.0292038E-03 -7.0710931E-03 -3.3758379E-02  0.0000000E+00
  7.8507600E+01 -7.4351937E-03 -5.7816267E-03 -6.7226502E-03 -3.2652402E-02  0.0000000E+00
  7.8507600E+01 -7.1941675E-03 -5.5956962E-03 -6.4087285E-03 -3.1574911E-02  0.0000000E+00
  7.8507600E+01 -6.9575993E-03 -5.4535091E-03 -6.1566860E-03 -3.0524584E-02  0.0000000E+00
  7.8507600E+01 -6.7216251E-03 -5.3158643E-03 -5.9585230E-03 -2.9499400E-02  0.0000000E+00
  7.8507600E+01 -6.5004004E-03 -5.1613220E-03 -5.7826705E-03 -2.8502645E-02  0.0000000E+00
  7.8507600E+01 -6.2829457E-03 -4.9908268E-03 -5.6047004E-03 -2.7532074E-02  0.0000000E+00
  7.8507600E+01 -6.0427167E-03 -4.8170200E-03 -5.4364823E-03 -2.6586877E-02  0.0000000E+00
  7.8507600E+01 -5.8683193E-03 -4.6544930E-03 -5.3251774E-03 -2.5665212E-02  0.0000000E+00
  7.8507600E+01 -5.6568534E-03 -4.5047657E-03 -5.2167881E-03 -2.4765034E-02  0.0000000E+00
  7.8507600E+01 -5.5063909E-03 -4.3656228E-03 -5.1027082E-03 -2.3886276E-02  0.0000000E+00
  7.8507600E+01 -5.3970792E-03 -4.2167962E-03 -4.9288581E-03 -2.3029644E-02  0.0000000E+00
  7.8507600E+01 -5.2691419E-03 -4.0531419E-03 -4.7327642E-03 -2.2195896E-02  0.0000000E+00
  7.8507600E+01 -5.1053111E-03 -3.8898824E-03 -4.5896219E-03 -2.1383796E-02  0.0000000E+00
  7.8507600E+01 -4.9253412E-03 -3.7460429E-03 -4.4861840E-03 -2.0595304E-02  0.0000000E+00
  7.8507600E+01 -4.7494296E-03 -3.6237135E-03 -4.3323296E-03 -1.9828397E-02  0.0000000E+00
  7.8507600E+01 -4.6112608E-03 -3.5094646E-03 -4.2239412E-03 -1.9085057E-02  0.0000000E+00
  7.8507600E+01 -4.4532669E-03 -3.3886534E-03 -4.1362609E-03 -1.8366731E-02  0.0000000E+00
  7.8507600E+01 -4.2448273E-03 -3.2782259E-03 -3.9846930E-03 -1.7673313E-02  0.0000000E+00
  7.8507600E+01 -4.0249391E-03 -3.1909065E-03 -3.8295434E-03 -1.7005808E-02  0.0000000E+00
  7.8507600E+01 -3.8386068E-03 -3.1217308E-03 -3.7110001E-03 -1.6366445E-02  0.0000000E+00
  7.8507600E+01 -3.7057519E-03 -3.0562273E-03 -3.6069349E-03 -1.5756443E-02  0.0000000E+00
  7.8507600E+01 -3.6067231E-03 -2.9838312E-03 -3.4777810E-03 -1.5173550E-02  0.0000000E+00
  7.8507600E+01 -3.5014001E-03 -2.9049482E-03 -3.3228193E-03 -1.4616186E-02  0.0000000E+00
  7.8507600E+01 -3.3942222E-03 -2.8202843E-03 -3.1749379E-03 -1.4078922E-02  0.0000000E+00
  7.8507600E+01 -3.3024314E-03 -2.7318540E-03 -3.0420580E-03 -1.3557892E-02  0.0000000E+00
  7.8507600E+01 -3.2398683E-03 -2.6474402E-03 -2.9273961E-03 -1.3050521E-02  0.0000000E+00
  7.8507600E+01 -3.1755971E-03 -2.5677854E-03 -2.8201447E-03 -1.2555786E-02  0.0000000E+00
  7.8507600E+01 -3.0763594E-03 -2.4940140E-03 -2.7164741E-03 -1.2073963E-02  0.0000000E+00
  7.8507600E+01 -2.9451621E-03 -2.4299213E-03 -2.6308212E-03 -1.1605791E-02  0.0000000E+00
  7.8507600E+01 -2.8123116E-03 -2.3754119E-03 -2.5739129E-03 -1.1151374E-02  0.0000000E+00
  7.8507600E+01 -2.7045091E-03 -2.3226414E-03 -2.5306139E-03 -1.0713104E-02  0.0000000E+00
  7.8507600E+01 -2.6126523E-03 -2.2645099E-03 -2.4689853E-03 -1.0289905E-02  0.0000000E+00
  7.8507600E+01 -2.5452692E-03 -2.2067333E-03 -2.4133655E-03 -9.8807449E-03  0.0000000E+00
  7.8507600E+01 -2.4942073E-03 -2.1451700E-03 -2.3577827E-03 -9.4839802E-03  0.0000000E+00
  7.8507600E+01 -2.4419758E-03 -2.0804372E-03 -2.2934108E-03 -9.0976162E-03  0.0000000E+00
  7.8507600E+01 -2.3853108E-03 -2.0189554E-03 -2.2252581E-03 -8.7194627E-03  0.0000000E+00
  7.8507600E+01 -2.3223434E-03 -1.9649058E-03 -2.1618072E-03 -8.3478131E-03  0.0000000E+00
  7.8507600E+01 -2.2527526E-03 -1.9173813E-03 -2.1084610E-03 -7.9820006E-03  0.0000000E+00
  7.8507600E+01 -2.1808936E-03 -1.8716497E-03 -2.0630267E-03 -7.6219624E-03  0.0000000E+00
  7.8507600E+01 -2.1154813E-03 -1.8234798E-03 -2.0141365E-03 -7.2705477E-03  0.0000000E+00
  7.8507600E+01 -2.0652661E-03 -1.7730705E-03 -1.9521299E-03 -6.9287912E-03  0.0000000E+00
  7.8507600E+01 -2.0294381E-03 -1.7246143E-03 -1.8839511E-03 -6.5976427E-03  0.0000000E+00
  7.8507600E+01 -1.9992486E-03 -1.6799337E-03 -1.8434737E-03 -6.2762938E-03  0.0000000E+00
  7.8507600E+01 -1.9697914E-03 -1.6338713E-03 -1.8068969E-03 -5.9621673E-03  0.0000000E+00
  7.8507600E+01 -1.9367296E-03 -1.5863741E-03 -1.7493040E-03 -5.6525096E-03  0.0000000E+00
  7.8507600E+01 -1.9030349E-03 -1.5428031E-03 -1.6769952E-03 -5.3455658E-03  0.0000000E+00
  7.8507600E+01 -1.8774796E-03 -1.5073502E-03 -1.6105412E-03 -5.0411442E-03  0.0000000E+00
  7.8507600E+01 -1.8655740E-03 -1.4777557E-03 -1.5570145E-03 -4.7399191E-03  0.0000000E+00
  7.8507600E+01 -1.8537033E-03 -1.4498807E-03 -1.5105036E-03 -4.4445822E-03  0.0000000E+00
  7.8507600E+01 -1.8295128E-03 -1.4246984E-03 -1.4739963E-03 -4.1560824E-03  0.0000000E+00
  7.8507600E+01 -1.7891213E-03 -1.3993494E-03 -1.4316958E-03 -3.8754676E-03  0.0000000E+00
  7.8507600E+01 -1.7361009E-03 -1.3725704E-03 -1.3915757E-03 -3.6038094E-03  0.0000000E+00
  7.8507600E+01 -1.6830145E-03 -1.3450921E-03 -1.3588765E-03 -3.3416691E-03  0.0000000E+00
  7.8507600E+01 -2.1034762E-01 -1.6507261E-02 -1.4740749E-01 -4.0125959E-02  0.0000000E+00
  7.8507600E+01 -7.9774204E-02 -9.7491590E-03 -4.0995168E-02 -4.0853677E-02  0.0000000E+00
  7.8507600E+01 -6.3790788E-02 -1.1672338E-02 -2.5583584E-02 -4.1662301E-02  0.0000000E+00
  7.8507600E+01 -6.9221305E-02 -1.2755902E-02 -3.7039634E-02 -4.3031163E-02  0.0000000E+00
  7.8507600E+01 -7.8573626E-02 -1.3946723E-02 -4.3973516E-02 -4.4584530E-02  0.0000000E+00
  7.8507600E+01 -8.7722202E-02 -1.4833430E-02 -4.6457821E-02 -4.5878057E-02  0.0000000E+00
  7.8507600E+01 -9.3250151E-02 -1.5188333E-02 -4.4700789E-02 -4.6699387E-02  0.0000000E+00
  7.8507600E+01 -9.3778621E-02 -1.4910083E-02 -4.0182843E-02 -4.7045745E-02  0.0000000E+00
  7.8507600E+01 -8.6105823E-02 -1.4386607E-02 -3.5188181E-02 -4.7016309E-02  0.0000000E+00
  7.8507600E+01 -7.3935432E-02 -1.3783544E-02 -3.0327752E-02 -4.6778392E-02  0.0000000E+00
  7.8507600E+01 -6.2843430E-02 -1.3259289E-02 -2.6318166E-02 -4.6512402E-02  0.0000000E+00
  7.8507600E+01 -5.3353371E-02 -1.2761023E-02 -2.2942032E-02 -4.6322717E-02  0.0000000E+00
  7.8507600E+01 -4.2586667E-02 -1.2557281E-02 -2.0447855E-02 -4.6231914E-02  0.0000000E+00
  7.8507600E+01 -3.4412375E-02 -1.2424120E-02 -1.8965716E-02 -4.6222395E-02  0.0000000E+00
  7.8507600E+01 -2.9696737E-02 -1.2251338E-02 -1.7576020E-02 -4.6250703E-02  0.0000000E+00
  7.8507600E+01 -2.6381671E-02 -1.2176695E-02 -1.6565670E-02 -4.6276363E-02  0.0000000E+00
  7.8507600E+01 -2.3186817E-02 -1.2158304E-02 -1.5779858E-02 -4.6266091E-02  0.0000000E+00
  7.8507600E+01 -2.0734315E-02 -1.2099043E-02 -1.5018243E-02 -4.6188701E-02  0.0000000E+00
  7.8507600E+01 -1.9127279E-02 -1.2074334E-02 -1.4254910E-02 -4.6027830E-02  0.0000000E+00
  7.8507600E+01 -1.8288492E-02 -1.2041886E-02 -1.3652940E-02 -4.5785788E-02  0.0000000E+00
  7.8507600E+01 -1.7325407E-02 -1.1949955E-02 -1.3192439E-02 -4.5472219E-02  0.0000000E+00
  7.8507600E+01 -1.6182400E-02 -1.1812635E-02 -1.2794655E-02 -4.5090035E-02  0.0000000E+00
  7.8507600E+01 -1.5335527E-02 -1.1544797E-02 -1.2404053E-02 -4.4638415E-02  0.0000000E+00
  7.8507600E+01 -1.4726966E-02 -1.1160626E-02 -1.2061483E-02 -4.4111897E-02  0.0000000E+00
  7.8507600E+01 -1.4334040E-02 -1.0770686E-02 -1.1746451E-02 -4.3507738E-02  0.0000000E+00
  7.8507600E+01 -1.4106152E-02 -1.0430052E-02 -1.1383982E-02 -4.2832050E-02  0.0000000E+00
  7.8507600E+01 -1.3805492E-02 -1.0134229E-02 -1.1058164E-02 -4.2100687E-02  0.0000000E+00
  7.8507600E+01 -1.3282599E-02 -9.8467586E-03 -1.0880175E-02 -4.1331011E-02  0.0000000E+00
  7.8507600E+01 -1.2806396E-02 -9.5581582E-03 -1.0778780E-02 -4.0535399E-02  0.0000000E+00
  7.8507600E+01 -1.2524135E-02 -9.2858575E-03 -1.0641393E-02 -3.9714099E-02  0.0000000E+00
  7.8507600E+01 -1.2367913E-02 -9.0176900E-03 -1.0368480E-02 -3.8859751E-02  0.0000000E+00
  7.8507600E+01 -1.2248555E-02 -8.7366765E-03 -9.9862386E-03 -3.7967119E-02  0.0000000E+00
  7.8507600E+01 -1.2032787E-02 -8.4775143E-03 -9.6561611E-03 -3.7038068E-02  0.0000000E+00
  7.8507600E+01 -1.1576701E-02 -8.2740959E-03 -9.3737433E-03 -3.6084280E-02  0.0000000E+00
  7.8507600E+01 -1.1150791E-02 -8.0943886E-03 -9.1284378E-03 -3.5128119E-02  0.0000000E+00
  7.8507600E+01 -1.0904663E-02 -7.8946481E-03 -8.9529345E-03 -3.4188207E-02  0.0000000E+00
  7.8507600E+01 -1.0600341E-02 -7.6722609E-03 -8.7267614E-03 -3.3274154E-02  0.0000000E+00
  7.8507600E+01 -1.0170570E-02 -7.4538941E-03 -8.3765530E-03 -3.2385592E-02  0.0000000E+00
  7.8507600E+01 -9.8754125E-03 -7.2485029E-03 -8.0096874E-03 -3.1515865E-02  0.0000000E+00
  7.8507600E+01 -9.5716228E-03 -7.0304393E-03 -7.8002495E-03 -3.0664102E-02  0.0000000E+00
  7.8507600E+01 -9.2406745E-03 -6.8263318E-03 -7.6088257E-03 -2.9832628E-02  0.0000000E+00
  7.8507600E+01 -8.8880413E-03 -6.6203834E-03 -7.4754258E-03 -2.9025238E-02  0.0000000E+00
  7.8507600E+01 -8.5758208E-03 -6.4018156E-03 -7.3819552E-03 -2.8239455E-02  0.0000000E+00
  7.8507600E+01 -8.2755288E-03 -6.1884015E-03 -7.2126200E-03 -2.7469818E-02  0.0000000E+00
  7.8507600E+01 -7.9570530E-03 -6.0016940E-03 -6.9608238E-03 -2.6711430E-02  0.0000000E+00
  7.8507600E+01 -7.6527292E-03 -5.8373691E-03 -6.7633109E-03 -2.5962501E-02  0.0000000E+00
  7.8507600E+01 -7.3042522E-03 -5.6797478E-03 -6.5884728E-03 -2.5223495E-02  0.0000000E+00
  7.8507600E+01 -7.0218683E-03 -5.5337217E-03 -6.3455321E-03 -2.4493967E-02  0.0000000E+00
  7.8507600E+01 -6.7834285E-03 -5.3981861E-03 -6.0823934E-03 -2.3772148E-02  0.0000000E+00
  7.8507600E+01 -6.5934181E-03 -5.2563152E-03 -5.8455462E-03 -2.3056695E-02  0.0000000E+00
  7.8507600E+01 -6.4274577E-03 -5.0974016E-03 -5.6352652E-03 -2.2346690E-02  0.0000000E+00
  7.8507600E+01 -6.2510520E-03 -4.9262013E-03 -5.4430631E-03 -2.1641322E-02  0.0000000E+00
  7.8507600E+01 -6.0582252E-03 -4.7511042E-03 -5.2833556E-03 -2.0942028E-02  0.0000000E+00
  7.8507600E+01 -5.8618057E-03 -4.5775617E-03 -5.1703534E-03 -2.0252189E-02  0.0000000E+00
  7.8507600E+01 -5.6609147E-03 -4.4172542E-03 -5.0675369E-03 -1.9574076E-02  0.0000000E+00
  7.8507600E+01 -5.4863341E-03 -4.2569072E-03 -4.8915035E-03 -1.8910065E-02  0.0000000E+00
  7.8507600E+01 -5.3181086E-03 -4.1004414E-03 -4.6713361E-03 -1.8262276E-02  0.0000000E+00
  7.8507600E+01 -5.1427584E-03 -3.9541049E-03 -4.4859441E-03 -1.7630416E-02  0.0000000E+00
  7.8507600E+01 -4.9496895E-03 -3.8209104E-03 -4.3564677E-03 -1.7013785E-02  0.0000000E+00
  7.8507600E+01 -4.7569858E-03 -3.6973314E-03 -4.2593331E-03 -1.6412606E-02  0.0000000E+00
  7.8507600E+01 -4.6048787E-03 -3.5747749E-03 -4.1655929E-03 -1.5827521E-02  0.0000000E+00
  7.8507600E+01 -4.4949324E-03 -3.4495969E-03 -4.0638410E-03 -1.5259630E-02  0.0000000E+00
  7.8507600E+01 -4.3470895E-03 -3.3376406E-03 -3.9566053E-03 -1.4710456E-02  0.0000000E+00
  7.8507600E+01 -4.1686759E-03 -3.2409927E-03 -3.8393739E-03 -1.4179419E-02  0.0000000E+00
  7.8507600E+01 -3.9974329E-03 -3.1634818E-03 -3.7307786E-03 -1.3666008E-02  0.0000000E+00
  7.8507600E+01 -3.8654498E-03 -3.0918785E-03 -3.6139036E-03 -1.3170961E-02  0.0000000E+00
  7.8507600E+01 -3.7615726E-03 -3.0151930E-03 -3.4772451E-03 -1.2695086E-02  0.0000000E+00
  7.8507600E+01 -3.6565698E-03 -2.9328791E-03 -3.3358705E-03 -1.2238056E-02  0.0000000E+00
  7.8507600E+01 -3.5337056E-03 -2.8507814E-03 -3.2125894E-03 -1.1798495E-02  0.0000000E+00
  7.8507600E+01 -3.4060877E-03 -2.7726835E-03 -3.1055493E-03 -1.1374428E-02  0.0000000E+00
  7.8507600E+01 -3.3060089E-03 -2.6959830E-03 -2.9902722E-03 -1.0963099E-02  0.0000000E+00
  7.8507600E+01 -3.2013548E-03 -2.6182228E-03 -2.8893704E-03 -1.0561374E-02  0.0000000E+00
  7.8507600E+01 -3.1074823E-03 -2.5448086E-03 -2.7985980E-03 -1.0167681E-02  0.0000000E+00
  7.8507600E+01 -3.0076886E-03 -2.4776482E-03 -2.7101451E-03 -9.7818935E-03  0.0000000E+00
  7.8507600E+01 -2.8865102E-03 -2.4160989E-03 -2.6189308E-03 -9.4048606E-03  0.0000000E+00
  7.8507600E+01 -2.7626448E-03 -2.3590112E-03 -2.5409268E-03 -9.0375909E-03  0.0000000E+00
  7.8507600E+01 -2.6630549E-03 -2.3039578E-03 -2.4903383E-03 -8.6807808E-03  0.0000000E+00
  7.8507600E+01 -2.5861692E-03 -2.2474784E-03 -2.4516496E-03 -8.3345891E-03  0.0000000E+00
  7.8507600E+01 -2.5020959E-03 -2.1901683E-03 -2.3825295E-03 -7.9985556E-03  0.0000000E+00
  7.8507600E+01 -2.4266496E-03 -2.1380944E-03 -2.3067072E-03 -7.6719401E-03  0.0000000E+00
  7.8507600E+01 -2.3571537E-03 -2.0825499E-03 -2.2300528E-03 -7.3539923E-03  0.0000000E+00
  7.8507600E+01 -2.3097823E-03 -2.0218898E-03 -2.1621065E-03 -7.0441188E-03  0.0000000E+00
  7.8507600E+01 -2.2815543E-03 -1.9629746E-03 -2.1050514E-03 -6.7410526E-03  0.0000000E+00
  7.8507600E+01 -2.2501703E-03 -1.9109498E-03 -2.0589043E-03 -6.4431376E-03  0.0000000E+00
  7.8507600E+01 -2.1956174E-03 -1.8654898E-03 -2.0220433E-03 -6.1489791E-03  0.0000000E+00
  7.8507600E+01 -2.1205273E-03 -1.8219778E-03 -1.9869151E-03 -5.8581115E-03  0.0000000E+00
  7.8507600E+01 -2.0494435E-03 -1.7757022E-03 -1.9359681E-03 -5.5713775E-03  0.0000000E+00
  7.8507600E+01 -1.9977831E-03 -1.7267030E-03 -1.8610872E-03 -5.2903883E-03  0.0000000E+00
  7.8507600E+01 -1.9663082E-03 -1.6797610E-03 -1.8082673E-03 -5.0160378E-03  0.0000000E+00
  7.8507600E+01 -1.9366070E-03 -1.6333481E-03 -1.7614903E-03 -4.7476455E-03  0.0000000E+00
  7.8507600E+01 -1.9060943E-03 -1.5853550E-03 -1.7132470E-03 -4.4840642E-03  0.0000000E+00
  7.8507600E+01 -1.8775403E-03 -1.5383047E-03 -1.6619662E-03 -4.2243749E-03  0.0000000E+00
  7.8507600E+01 -1.8538160E-03 -1.4969506E-03 -1.6107437E-03 -3.9680133E-03  0.0000000E+00
  7.8507600E+01 -1.8348357E-03 -1.4636476E-03 -1.5635676E-03 -3.7149918E-03  0.0000000E+00
  7.8507600E+01 -1.8166608E-03 -1.4356073E-03 -1.5219034E-03 -3.4659261E-03  0.0000000E+00
  7.8507600E+01 -1.7927304E-03 -1.4081520E-03 -1.4844974E-03 -3.2215809E-03  0.0000000E+00
  7.8507600E+01 -1.7674346E-03 -1.3800078E-03 -1.4520380E-03 -2.9827875E-03  0.0000000E+00
  7.8507600E+01 -1.7302109E-03 -1.3507144E-03 -1.4105544E-03 -2.7502472E-03  0.0000000E+00
  7.8507600E+01 -1.6906687E-03 -1.3222393E-03 -1.3668717E-03 -2.5248507E-03  0.0000000E+00
  7.8507600E+01 -1.6563875E-03 -1.2960448E-03 -1.3285326E-03 -2.3072937E-03  0.0000000E+00
  7.8507600E+01 -3.1821687E-02 -2.4963105E-03 -2.8914147E-02 -1.9789139E-02  0.0000000E+00
  7.8507600E+01 -1.3380955E-02 -2.5294706E-03 -1.1439559E-02 -1.9838984E-02  0.0000000E+00
  7.8507600E+01 -7.1529609E-03 -3.7173677E-03 -6.3261809E-03 -2.0345442E-02  0.0000000E+00
  7.8507600E+01 -7.2483062E-03 -4.6757855E-03 -5.0778792E-03 -2.1470486E-02  0.0000000E+00
  7.8507600E+01 -9.8366964E-03 -5.7411538E-03 -5.2019314E-03 -2.3050482E-02  0.0000000E+00
  7.8507600E+01 -1.3015308E-02 -7.1898147E-03 -5.9334785E-03 -2.4790262E-02  0.0000000E+00
  7.8507600E+01 -1.6702526E-02 -8.8115062E-03 -7.0807230E-03 -2.6434163E-02  0.0000000E+00
  7.8507600E+01 -2.1616864E-02 -1.0450383E-02 -8.8579730E-03 -2.7833531E-02  0.0000000E+00
  7.8507600E+01 -2.7950969E-02 -1.1996934E-02 -1.1359167E-02 -2.8928617E-02  0.0000000E+00
  7.8507600E+01 -3.3060305E-02 -1.3409049E-02 -1.5172478E-02 -2.9700448E-02  0.0000000E+00
  7.8507600E+01 -3.7847620E-02 -1.4825341E-02 -1.9089378E-02 -3.0162070E-02  0.0000000E+00
  7.8507600E+01 -4.3148969E-02 -1.6390060E-02 -2.2319835E-02 -3.0365681E-02  0.0000000E+00
  7.8507600E+01 -4.7961818E-02 -1.7775322E-02 -2.6230611E-02 -3.0365879E-02  0.0000000E+00
  7.8507600E+01 -5.2968884E-02 -1.9136996E-02 -3.0512213E-02 -3.0193392E-02  0.0000000E+00
  7.8507600E+01 -5.8285330E-02 -2.0469464E-02 -3.4363626E-02 -2.9855732E-02  0.0000000E+00
  7.8507600E+01 -6.3871699E-02 -2.1319535E-02 -3.8135415E-02 -2.9340875E-02  0.0000000E+00
  7.8507600E+01 -6.7858426E-02 -2.1569154E-02 -4.0273799E-02 -2.8633105E-02  0.0000000E+00
  7.8507600E+01 -6.7619189E-02 -2.1453834E-02 -3.8992587E-02 -2.7733295E-02  0.0000000E+00
  7.8507600E+01 -6.4910554E-02 -2.0920473E-02 -3.7083829E-02 -2.6671445E-02  0.0000000E+00
  7.8507600E+01 -6.1393124E-02 -2.0117952E-02 -3.5225752E-02 -2.5512959E-02  0.0000000E+00
  7.8507600E+01 -5.5995202E-02 -1.8817321E-02 -3.1516943E-02 -2.4338272E-02  0.0000000E+00
  7.8507600E+01 -5.0501881E-02 -1.7242586E-02 -2.8427986E-02 -2.3236676E-02  0.0000000E+00
  7.8507600E+01 -4.5204971E-02 -1.5803148E-02 -2.5496209E-02 -2.2283771E-02  0.0000000E+00
  7.8507600E+01 -4.1266615E-02 -1.4781403E-02 -2.3194890E-02 -2.1527343E-02  0.0000000E+00
  7.8507600E+01 -3.6838699E-02 -1.3882765E-02 -2.1149204E-02 -2.0970115E-02  0.0000000E+00
  7.8507600E+01 -3.1959359E-02 -1.2884718E-02 -1.8826960E-02 -2.0597041E-02  0.0000000E+00
  7.8507600E+01 -2.6606199E-02 -1.2025274E-02 -1.6658401E-02 -2.0361592E-02  0.0000000E+00
  7.8507600E+01 -2.2558473E-02 -1.1423715E-02 -1.5268597E-02 -2.0215290E-02  0.0000000E+00
  7.8507600E+01 -2.0076836E-02 -1.1022026E-02 -1.4283695E-02 -2.0120178E-02  0.0000000E+00
  7.8507600E+01 -1.8505451E-02 -1.0728303E-02 -1.3560657E-02 -2.0048991E-02  0.0000000E+00
  7.8507600E+01 -1.7093212E-02 -1.0503271E-02 -1.2880002E-02 -1.9988938E-02  0.0000000E+00
  7.8507600E+01 -1.5764276E-02 -1.0308502E-02 -1.2211157E-02 -1.9922145E-02  0.0000000E+00
  7.8507600E+01 -1.4862767E-02 -1.0063703E-02 -1.1649990E-02 -1.9830603E-02  0.0000000E+00
  7.8507600E+01 -1.4205095E-02 -9.7220499E-03 -1.1218071E-02 -1.9699833E-02  0.0000000E+00
  7.8507600E+01 -1.3737234E-02 -9.3883231E-03 -1.0774255E-02 -1.9521851E-02  0.0000000E+00
  7.8507600E+01 -1.3315106E-02 -9.1510234E-03 -1.0362869E-02 -1.9305156E-02  0.0000000E+00
  7.8507600E+01 -1.2910776E-02 -8.9964787E-03 -9.9912251E-03 -1.9063894E-02  0.0000000E+00
  7.8507600E+01 -1.2596598E-02 -8.8578743E-03 -9.7031873E-03 -1.8804863E-02  0.0000000E+00
  7.8507600E+01 -1.2275669E-02 -8.6878317E-03 -9.5915068E-03 -1.8528659E-02  0.0000000E+00
  7.8507600E+01 -1.1917850E-02 -8.4842285E-03 -9.5043149E-03 -1.8234052E-02  0.0000000E+00
  7.8507600E+01 -1.1581112E-02 -8.2801183E-03 -9.2685580E-03 -1.7916888E-02  0.0000000E+00
  7.8507600E+01 -1.1269245E-02 -8.0795968E-03 -9.0165491E-03 -1.7572811E-02  0.0000000E+00
  7.8507600E+01 -1.1021017E-02 -7.8948736E-03 -8.8441096E-03 -1.7198664E-02  0.0000000E+00
  7.8507600E+01 -1.0843677E-02 -7.7037513E-03 -8.6665179E-03 -1.6796193E-02  0.0000000E+00
  7.8507600E+01 -1.0668277E-02 -7.4884701E-03 -8.4024580E-03 -1.6374364E-02  0.0000000E+00
  7.8507600E+01 -1.0344037E-02 -7.2718935E-03 -8.1047820E-03 -1.5942828E-02  0.0000000E+00
  7.8507600E+01 -9.8621254E-03 -7.0779326E-03 -7.8365117E-03 -1.5508916E-02  0.0000000E+00
  7.8507600E+01 -9.4146784E-03 -6.8955019E-03 -7.6368516E-03 -1.5079910E-02  0.0000000E+00
  7.8507600E+01 -9.0354101E-03 -6.7177712E-03 -7.3371752E-03 -1.4659181E-02  0.0000000E+00
  7.8507600E+01 -8.7680219E-03 -6.5706752E-03 -7.1463943E-03 -1.4251705E-02  0.0000000E+00
  7.8507600E+01 -8.5534284E-03 -6.4344514E-03 -7.0708144E-03 -1.3856054E-02  0.0000000E+00
  7.8507600E+01 -8.3685828E-03 -6.2737898E-03 -6.9620846E-03 -1.3469364E-02  0.0000000E+00
  7.8507600E+01 -8.2110840E-03 -6.0834593E-03 -6.7767497E-03 -1.3091038E-02  0.0000000E+00
  7.8507600E+01 -8.0285069E-03 -5.8899358E-03 -6.6296425E-03 -1.2719076E-02  0.0000000E+00
  7.8507600E+01 -7.7857675E-03 -5.7011590E-03 -6.4698623E-03 -1.2350427E-02  0.0000000E+00
  7.8507600E+01 -7.4236400E-03 -5.5216781E-03 -6.2737031E-03 -1.1982841E-02  0.0000000E+00
  7.8507600E+01 -7.0066179E-03 -5.3525634E-03 -6.0557890E-03 -1.1613438E-02  0.0000000E+00
  7.8507600E+01 -6.6713064E-03 -5.2043519E-03 -5.8597271E-03 -1.1243287E-02  0.0000000E+00
  7.8507600E+01 -6.4534855E-03 -5.0651206E-03 -5.6784493E-03 -1.0873117E-02  0.0000000E+00
  7.8507600E+01 -6.2918521E-03 -4.9110482E-03 -5.4808655E-03 -1.0498706E-02  0.0000000E+00
  7.8507600E+01 -6.0972253E-03 -4.7315147E-03 -5.2545961E-03 -1.0119520E-02  0.0000000E+00
  7.8507600E+01 -5.8392625E-03 -4.5372401E-03 -5.0203499E-03 -9.7375268E-03  0.0000000E+00
  7.8507600E+01 -5.6483734E-03 -4.3464415E-03 -4.8321213E-03 -9.3594361E-03  0.0000000E+00
  7.8507600E+01 -5.4732588E-03 -4.1693239E-03 -4.6721196E-03 -8.9923365E-03  0.0000000E+00
  7.8507600E+01 -5.2494342E-03 -4.0081843E-03 -4.5092835E-03 -8.6368557E-03  0.0000000E+00
  7.8507600E+01 -5.0456194E-03 -3.8614449E-03 -4.3609338E-03 -8.2913656E-03  0.0000000E+00
  7.8507600E+01 -4.8664538E-03 -3.7262205E-03 -4.2323007E-03 -7.9557904E-03  0.0000000E+00
  7.8507600E+01 -4.6729355E-03 -3.6011012E-03 -4.1162217E-03 -7.6290346E-03  0.0000000E+00
  7.8507600E+01 -4.4695824E-03 -3.4865528E-03 -4.0068135E-03 -7.3104865E-03  0.0000000E+00
  7.8507600E+01 -4.3235634E-03 -3.3809978E-03 -3.9025197E-03 -7.0014788E-03  0.0000000E+00
  7.8507600E+01 -4.2230555E-03 -3.2777547E-03 -3.8017668E-03 -6.7022071E-03  0.0000000E+00
  7.8507600E+01 -4.0944758E-03 -3.1772228E-03 -3.6776599E-03 -6.4140194E-03  0.0000000E+00
  7.8507600E+01 -3.9340168E-03 -3.0850504E-03 -3.5312949E-03 -6.1366086E-03  0.0000000E+00
  7.8507600E+01 -3.8045415E-03 -3.0040664E-03 -3.4022521E-03 -5.8702078E-03  0.0000000E+00
  7.8507600E+01 -3.7089118E-03 -2.9271636E-03 -3.2833862E-03 -5.6152819E-03  0.0000000E+00
  7.8507600E+01 -3.6139772E-03 -2.8471357E-03 -3.1626800E-03 -5.3691324E-03  0.0000000E+00
  7.8507600E+01 -3.4948946E-03 -2.7607712E-03 -3.0485274E-03 -5.1293189E-03  0.0000000E+00
  7.8507600E+01 -3.3602215E-03 -2.6699108E-03 -2.9608363E-03 -4.8965073E-03  0.0000000E+00
  7.8507600E+01 -3.2186812E-03 -2.5819310E-03 -2.8709503E-03 -4.6704407E-03  0.0000000E+00
  7.8507600E+01 -3.0968087E-03 -2.5041411E-03 -2.7571314E-03 -4.4504182E-03  0.0000000E+00
  7.8507600E+01 -2.9650796E-03 -2.4288875E-03 -2.6491995E-03 -4.2364782E-03  0.0000000E+00
  7.8507600E+01 -2.8272895E-03 -2.3573686E-03 -2.5725267E-03 -4.0277193E-03  0.0000000E+00
  7.8507600E+01 -2.7006001E-03 -2.2935338E-03 -2.5089487E-03 -3.8241349E-03  0.0000000E+00
  7.8507600E+01 -2.6014057E-03 -2.2372673E-03 -2.4440303E-03 -3.6248492E-03  0.0000000E+00
  7.8507600E+01 -2.5347093E-03 -2.1853164E-03 -2.3758494E-03 -3.4293470E-03  0.0000000E+00
  7.8507600E+01 -2.4851664E-03 -2.1347525E-03 -2.3024756E-03 -3.2381476E-03  0.0000000E+00
  7.8507600E+01 -2.4207573E-03 -2.0845852E-03 -2.2175215E-03 -3.0506725E-03  0.0000000E+00
  7.8507600E+01 -2.3260138E-03 -2.0342833E-03 -2.1447996E-03 -2.8664405E-03  0.0000000E+00
  7.8507600E+01 -2.2402160E-03 -1.9778365E-03 -2.0874340E-03 -2.6863550E-03  0.0000000E+00
  7.8507600E+01 -2.1810312E-03 -1.9203487E-03 -2.0340611E-03 -2.5096850E-03  0.0000000E+00
  7.8507600E+01 -2.1389218E-03 -1.8677609E-03 -1.9972044E-03 -2.3353402E-03  0.0000000E+00
  7.8507600E+01 -2.0985134E-03 -1.8179291E-03 -1.9649542E-03 -2.1625602E-03  0.0000000E+00
  7.8507600E+01 -2.0527267E-03 -1.7651009E-03 -1.9125107E-03 -1.9892432E-03  0.0000000E+00
  7.8507600E+01 -2.0063598E-03 -1.7083898E-03 -1.8341350E-03 -1.8154332E-03  0.0000000E+00
  7.8507600E+01 -1.9685565E-03 -1.6544419E-03 -1.7570299E-03 -1.6417402E-03  0.0000000E+00
  7.8507600E+01 -1.9378438E-03 -1.6094946E-03 -1.7032134E-03 -1.4687263E-03  0.0000000E+00
  7.8507600E+01 -1.9006213E-03 -1.5682068E-03 -1.6604296E-03 -1.2987228E-03  0.0000000E+00
  7.8507600E+01 -1.8426935E-03 -1.5240469E-03 -1.6192143E-03 -1.1317359E-03  0.0000000E+00
  7.8507600E+01 -1.8050847E-03 -1.4806149E-03 -1.5827945E-03 -9.6825575E-04  0.0000000E+00
  7.8507600E+01 -1.7815880E-03 -1.4397275E-03 -1.5478050E-03 -8.0805832E-04  0.0000000E+00
  7.8507600E+01 -3.1032304E-01 -9.3028303E-03 -2.4759440E-01  1.1998634E-02  0.0000000E+00
  7.8507600E+01 -6.2718532E-02 -1.4527354E-02 -5.8526111E-02  1.1357214E-02  0.0000000E+00
  7.8507600E+01 -3.9573943E-02 -1.7462362E-02 -3.3759111E-02  1.0100489E-02  0.0000000E+00
  7.8507600E+01 -3.9246157E-02 -1.9356599E-02 -4.0434886E-02  7.7756650E-03  0.0000000E+00
  7.8507600E+01 -4.1876460E-02 -2.1751575E-02 -4.4593976E-02  5.0575948E-03  0.0000000E+00
  7.8507600E+01 -4.5563885E-02 -2.3895141E-02 -4.5164911E-02  2.4532430E-03  0.0000000E+00
  7.8507600E+01 -4.9521901E-02 -2.5477094E-02 -4.5426882E-02  1.8948619E-04  0.0000000E+00
  7.8507600E+01 -5.4712979E-02 -2.6877489E-02 -4.6696343E-02 -1.6316991E-03  0.0000000E+00
  7.8507600E+01 -5.7136792E-02 -2.7518276E-02 -4.6734018E-02 -2.9580123E-03  0.0000000E+00
  7.8507600E+01 -5.9892849E-02 -2.7845648E-02 -4.6425004E-02 -3.8015370E-03  0.0000000E+00
  7.8507600E+01 -6.1074778E-02 -2.7906981E-02 -4.6452673E-02 -4.2047056E-03  0.0000000E+00
  7.8507600E+01 -5.9923289E-02 -2.7166473E-02 -4.6185805E-02 -4.2224714E-03  0.0000000E+00
  7.8507600E+01 -5.9881977E-02 -2.6466256E-02 -4.4046531E-02 -3.9420587E-03  0.0000000E+00
  7.8507600E+01 -5.9598717E-02 -2.5675892E-02 -4.1294149E-02 -3.4536538E-03  0.0000000E+00
  7.8507600E+01 -5.8255561E-02 -2.4583703E-02 -3.9040870E-02 -2.8097811E-03  0.0000000E+00
  7.8507600E+01 -5.6727693E-02 -2.3339655E-02 -3.6200493E-02 -2.0414392E-03  0.0000000E+00
  7.8507600E+01 -5.4738943E-02 -2.1837122E-02 -3.3659532E-02 -1.1733660E-03  0.0000000E+00
  7.8507600E+01 -5.2182553E-02 -2.0259334E-02 -3.1663176E-02 -2.3142307E-04  0.0000000E+00
  7.8507600E+01 -4.8583500E-02 -1.8616535E-02 -2.9830766E-02  7.2298837E-04  0.0000000E+00
  7.8507600E+01 -4.3611913E-02 -1.7016742E-02 -2.7719658E-02  1.5831375E-03  0.0000000E+00
  7.8507600E+01 -3.8937227E-02 -1.5643623E-02 -2.4918325E-02  2.2801207E-03  0.0000000E+00
  7.8507600E+01 -3.4584039E-02 -1.4542699E-02 -2.2379501E-02  2.8229205E-03  0.0000000E+00
  7.8507600E+01 -3.0963672E-02 -1.3755027E-02 -2.0530237E-02  3.2384694E-03  0.0000000E+00
  7.8507600E+01 -2.7716341E-02 -1.3061784E-02 -1.8791147E-02  3.5335471E-03  0.0000000E+00
  7.8507600E+01 -2.5166930E-02 -1.2242050E-02 -1.6865452E-02  3.7027554E-03  0.0000000E+00
  7.8507600E+01 -2.3309021E-02 -1.1483816E-02 -1.5715192E-02  3.7507337E-03  0.0000000E+00
  7.8507600E+01 -2.1752629E-02 -1.0939625E-02 -1.5020553E-02  3.7109579E-03  0.0000000E+00
  7.8507600E+01 -1.9393810E-02 -1.0441191E-02 -1.3805170E-02  3.6331225E-03  0.0000000E+00
  7.8507600E+01 -1.7286855E-02 -1.0023056E-02 -1.2733772E-02  3.5438871E-03  0.0000000E+00
  7.8507600E+01 -1.5815581E-02 -9.6771387E-03 -1.2068665E-02  3.4519138E-03  0.0000000E+00
  7.8507600E+01 -1.4665664E-02 -9.3179072E-03 -1.1572011E-02  3.3601969E-03  0.0000000E+00
  7.8507600E+01 -1.3739234E-02 -8.9704710E-03 -1.1021457E-02  3.2696591E-03  0.0000000E+00
  7.8507600E+01 -1.3138534E-02 -8.6980287E-03 -1.0452330E-02  3.1735595E-03  0.0000000E+00
  7.8507600E+01 -1.2726706E-02 -8.4931354E-03 -9.9798746E-03  3.0680939E-03  0.0000000E+00
  7.8507600E+01 -1.2305375E-02 -8.3547281E-03 -9.5740559E-03  2.9537677E-03  0.0000000E+00
  7.8507600E+01 -1.1890073E-02 -8.2409195E-03 -9.3113180E-03  2.8327914E-03  0.0000000E+00
  7.8507600E+01 -1.1532855E-02 -8.1311515E-03 -9.0919434E-03  2.7093444E-03  0.0000000E+00
  7.8507600E+01 -1.1298339E-02 -8.0240803E-03 -8.8739956E-03  2.5886050E-03  0.0000000E+00
  7.8507600E+01 -1.1143639E-02 -7.9012961E-03 -8.7746029E-03  2.4731140E-03  0.0000000E+00
  7.8507600E+01 -1.0999127E-02 -7.7609050E-03 -8.6945305E-03  2.3671157E-03  0.0000000E+00
  7.8507600E+01 -1.0814756E-02 -7.5979552E-03 -8.5311011E-03  2.2792972E-03  0.0000000E+00
  7.8507600E+01 -1.0493124E-02 -7.4361918E-03 -8.3031081E-03  2.2189801E-03  0.0000000E+00
  7.8507600E+01 -1.0073031E-02 -7.2742596E-03 -7.9993235E-03  2.1854273E-03  0.0000000E+00
  7.8507600E+01 -9.7140974E-03 -7.0936362E-03 -7.7084603E-03  2.1714552E-03  0.0000000E+00
  7.8507600E+01 -9.4702698E-03 -6.9006046E-03 -7.5057531E-03  2.1672724E-03  0.0000000E+00
  7.8507600E+01 -9.1601289E-03 -6.7350272E-03 -7.3001673E-03  2.1641012E-03  0.0000000E+00
  7.8507600E+01 -8.7620850E-03 -6.5957739E-03 -7.0246763E-03  2.1559230E-03  0.0000000E+00
  7.8507600E+01 -8.4832881E-03 -6.4493433E-03 -6.9040278E-03  2.1396773E-03  0.0000000E+00
  7.8507600E+01 -8.2268850E-03 -6.2948957E-03 -6.8948044E-03  2.1174136E-03  0.0000000E+00
  7.8507600E+01 -8.0710463E-03 -6.1347206E-03 -6.8821066E-03  2.0948303E-03  0.0000000E+00
  7.8507600E+01 -7.9860659E-03 -5.9671310E-03 -6.7906587E-03  2.0798154E-03  0.0000000E+00
  7.8507600E+01 -7.8701855E-03 -5.7950506E-03 -6.6358689E-03  2.0777153E-03  0.0000000E+00
  7.8507600E+01 -7.6728729E-03 -5.6221810E-03 -6.4565610E-03  2.0882385E-03  0.0000000E+00
  7.8507600E+01 -7.4337637E-03 -5.4502070E-03 -6.2384242E-03  2.1058366E-03  0.0000000E+00
  7.8507600E+01 -7.2167148E-03 -5.2836344E-03 -5.9962127E-03  2.1235788E-03  0.0000000E+00
  7.8507600E+01 -6.9562978E-03 -5.1262873E-03 -5.7865773E-03  2.1374003E-03  0.0000000E+00
  7.8507600E+01 -6.6574976E-03 -4.9951132E-03 -5.6069869E-03  2.1477081E-03  0.0000000E+00
  7.8507600E+01 -6.3649823E-03 -4.8832290E-03 -5.4578785E-03  2.1576058E-03  0.0000000E+00
  7.8507600E+01 -6.1136599E-03 -4.7656625E-03 -5.3150327E-03  2.1705554E-03  0.0000000E+00
  7.8507600E+01 -5.9169597E-03 -4.6226620E-03 -5.1500196E-03  2.1887989E-03  0.0000000E+00
  7.8507600E+01 -5.7293193E-03 -4.4545456E-03 -4.9458768E-03  2.2126444E-03  0.0000000E+00
  7.8507600E+01 -5.4829840E-03 -4.2808713E-03 -4.7182764E-03  2.2393409E-03  0.0000000E+00
  7.8507600E+01 -5.2626245E-03 -4.1186860E-03 -4.5475150E-03  2.2633608E-03  0.0000000E+00
  7.8507600E+01 -5.0570266E-03 -3.9675399E-03 -4.3925958E-03  2.2818667E-03  0.0000000E+00
  7.8507600E+01 -4.8698663E-03 -3.8188444E-03 -4.2361565E-03  2.2952288E-03  0.0000000E+00
  7.8507600E+01 -4.7333336E-03 -3.6742422E-03 -4.0941064E-03  2.3040153E-03  0.0000000E+00
  7.8507600E+01 -4.6303224E-03 -3.5376584E-03 -3.9772129E-03  2.3092157E-03  0.0000000E+00
  7.8507600E+01 -4.5249670E-03 -3.4129319E-03 -3.8852882E-03  2.3119995E-03  0.0000000E+00
  7.8507600E+01 -4.4022062E-03 -3.3007233E-03 -3.8002794E-03  2.3128518E-03  0.0000000E+00
  7.8507600E+01 -4.2680045E-03 -3.1994832E-03 -3.6953841E-03  2.3114254E-03  0.0000000E+00
  7.8507600E+01 -4.0971725E-03 -3.1077189E-03 -3.5799142E-03  2.3078471E-03  0.0000000E+00
  7.8507600E+01 -3.9210912E-03 -3.0287882E-03 -3.4612492E-03  2.3013827E-03  0.0000000E+00
  7.8507600E+01 -3.7827687E-03 -2.9553684E-03 -3.3389635E-03  2.2924661E-03  0.0000000E+00
  7.8507600E+01 -3.6900964E-03 -2.8847187E-03 -3.2204985E-03  2.2838555E-03  0.0000000E+00
  7.8507600E+01 -3.6036979E-03 -2.8125871E-03 -3.1002884E-03  2.2786074E-03  0.0000000E+00
  7.8507600E+01 -3.5005918E-03 -2.7346328E-03 -2.9880373E-03  2.2777318E-03  0.0000000E+00
  7.8507600E+01 -3.3831584E-03 -2.6508328E-03 -2.9022120E-03  2.2800789E-03  0.0000000E+00
  7.8507600E+01 -3.2578098E-03 -2.5676119E-03 -2.8440714E-03  2.2836084E-03  0.0000000E+00
  7.8507600E+01 -3.1026472E-03 -2.4880383E-03 -2.7599755E-03  2.2868438E-03  0.0000000E+00
  7.8507600E+01 -2.9642983E-03 -2.4094603E-03 -2.6572059E-03  2.2883933E-03  0.0000000E+00
  7.8507600E+01 -2.8256037E-03 -2.3320405E-03 -2.5647590E-03  2.2876578E-03  0.0000000E+00
  7.8507600E+01 -2.6925176E-03 -2.2633501E-03 -2.4942673E-03  2.2845472E-03  0.0000000E+00
  7.8507600E+01 -2.5867642E-03 -2.2063779E-03 -2.4246639E-03  2.2803617E-03  0.0000000E+00
  7.8507600E+01 -2.5123773E-03 -2.1608142E-03 -2.3497059E-03  2.2771702E-03  0.0000000E+00
  7.8507600E+01 -2.4546234E-03 -2.1218140E-03 -2.2753815E-03  2.2770238E-03  0.0000000E+00
  7.8507600E+01 -2.3942414E-03 -2.0804722E-03 -2.1988897E-03  2.2813112E-03  0.0000000E+00
  7.8507600E+01 -2.3217238E-03 -2.0281628E-03 -2.1092009E-03  2.2901682E-03  0.0000000E+00
  7.8507600E+01 -2.2526968E-03 -1.9687786E-03 -2.0439504E-03  2.3024558E-03  0.0000000E+00
  7.8507600E+01 -2.1841335E-03 -1.9086097E-03 -2.0121599E-03  2.3170769E-03  0.0000000E+00
  7.8507600E+01 -2.1221184E-03 -1.8507041E-03 -1.9831258E-03  2.3338635E-03  0.0000000E+00
  7.8507600E+01 -2.0743841E-03 -1.7955112E-03 -1.9471192E-03  2.3525499E-03  0.0000000E+00
  7.8507600E+01 -2.0386908E-03 -1.7420747E-03 -1.8977225E-03  2.3734431E-03  0.0000000E+00
  7.8507600E+01 -2.0118426E-03 -1.6901928E-03 -1.8322835E-03  2.3978564E-03  0.0000000E+00
  7.8507600E+01 -1.9871214E-03 -1.6416222E-03 -1.7568316E-03  2.4269312E-03  0.0000000E+00
  7.8507600E+01 -1.9516658E-03 -1.5985622E-03 -1.6860276E-03  2.4605754E-03  0.0000000E+00
  7.8507600E+01 -1.8976434E-03 -1.5601497E-03 -1.6306948E-03  2.4971566E-03  0.0000000E+00
  7.8507600E+01 -1.8524899E-03 -1.5214138E-03 -1.5985363E-03  2.5339863E-03  0.0000000E+00
  7.8507600E+01 -1.8031826E-03 -1.4842862E-03 -1.5731163E-03  2.5696790E-03  0.0000000E+00
  7.8507600E+01 -1.7632317E-03 -1.4497877E-03 -1.5477338E-03  2.6038213E-03  0.0000000E+00
  7.8507600E+01 -1.7333685E-03 -1.4163355E-03 -1.5175643E-03  2.6373545E-03  0.0000000E+00
  7.8507600E+01 -9.4850450E-02 -5.4451339E-08 -8.9323476E-02  4.8242786E-02  0.0000000E+00
  7.8507600E+01 -2.5041959E-02 -4.6772185E-03 -3.6271696E-02  4.7768085E-02  0.0000000E+00
  7.8507600E+01 -2.4632492E-02 -1.0045496E-02 -1.9865812E-02  4.5265239E-02  0.0000000E+00
  7.8507600E+01 -3.0537487E-02 -1.2729592E-02 -1.7599116E-02  4.1609987E-02  0.0000000E+00
  7.8507600E+01 -2.9787290E-02 -1.4059781E-02 -1.7825672E-02  3.8142755E-02  0.0000000E+00
  7.8507600E+01 -2.7634704E-02 -1.5215815E-02 -1.9591247E-02  3.5424483E-02  0.0000000E+00
  7.8507600E+01 -2.6976204E-02 -1.6417055E-02 -2.1881546E-02  3.3432362E-02  0.0000000E+00
  7.8507600E+01 -2.8577974E-02 -1.7913174E-02 -2.4631349E-02  3.1914839E-02  0.0000000E+00
  7.8507600E+01 -3.1472808E-02 -1.9736205E-02 -2.7323578E-02  3.0676373E-02  0.0000000E+00
  7.8507600E+01 -3.4449422E-02 -2.1419107E-02 -2.9770787E-02  2.9628836E-02  0.0000000E+00
  7.8507600E+01 -3.7475029E-02 -2.3203695E-02 -3.2734261E-02  2.8713536E-02  0.0000000E+00
  7.8507600E+01 -4.0806345E-02 -2.5261069E-02 -3.5757511E-02  2.7882565E-02  0.0000000E+00
  7.8507600E+01 -4.3017504E-02 -2.6883861E-02 -3.7367635E-02  2.7119706E-02  0.0000000E+00
  7.8507600E+01 -4.3914632E-02 -2.7808204E-02 -3.8448326E-02  2.6437108E-02  0.0000000E+00
  7.8507600E+01 -4.3708109E-02 -2.8259621E-02 -3.8500253E-02  2.5855126E-02  0.0000000E+00
  7.8507600E+01 -4.5916168E-02 -2.8423672E-02 -3.7919387E-02  2.5411021E-02  0.0000000E+00
  7.8507600E+01 -4.8358375E-02 -2.8383534E-02 -3.8255043E-02  2.5110641E-02  0.0000000E+00
  7.8507600E+01 -5.0070588E-02 -2.8383505E-02 -3.8888770E-02  2.4894124E-02  0.0000000E+00
  7.8507600E+01 -4.9922613E-02 -2.8396449E-02 -3.9820799E-02  2.4752942E-02  0.0000000E+00
  7.8507600E+01 -4.9582157E-02 -2.7973807E-02 -3.9363166E-02  2.4754529E-02  0.0000000E+00
  7.8507600E+01 -4.9877229E-02 -2.7146734E-02 -3.7350975E-02  2.4941763E-02  0.0000000E+00
  7.8507600E+01 -4.9701018E-02 -2.5928840E-02 -3.5203438E-02  2.5297118E-02  0.0000000E+00
  7.8507600E+01 -4.7636412E-02 -2.4442156E-02 -3.3189225E-02  2.5769301E-02  0.0000000E+00
  7.8507600E+01 -4.4916052E-02 -2.2898812E-02 -3.1222640E-02  2.6280456E-02  0.0000000E+00
  7.8507600E+01 -4.2915760E-02 -2.1414500E-02 -2.9854916E-02  2.6783975E-02  0.0000000E+00
  7.8507600E+01 -4.1431839E-02 -2.0036129E-02 -2.8093624E-02  2.7255248E-02  0.0000000E+00
  7.8507600E+01 -3.9038663E-02 -1.8734647E-02 -2.6279781E-02  2.7669272E-02  0.0000000E+00
  7.8507600E+01 -3.5756440E-02 -1.7323228E-02 -2.4662222E-02  2.7986015E-02  0.0000000E+00
  7.8507600E+01 -3.2644965E-02 -1.6130116E-02 -2.2966753E-02  2.8185019E-02  0.0000000E+00
  7.8507600E+01 -3.0276463E-02 -1.5085844E-02 -2.1201436E-02  2.8280319E-02  0.0000000E+00
  7.8507600E+01 -2.8472206E-02 -1.3885046E-02 -1.9327000E-02  2.8270220E-02  0.0000000E+00
  7.8507600E+01 -2.6150792E-02 -1.2752936E-02 -1.7360801E-02  2.8122950E-02  0.0000000E+00
  7.8507600E+01 -2.3105604E-02 -1.1937841E-02 -1.5663855E-02  2.7819589E-02  0.0000000E+00
  7.8507600E+01 -2.0890235E-02 -1.1274693E-02 -1.4383703E-02  2.7392393E-02  0.0000000E+00
  7.8507600E+01 -1.8631443E-02 -1.0697258E-02 -1.3655638E-02  2.6893861E-02  0.0000000E+00
  7.8507600E+01 -1.6945825E-02 -1.0176507E-02 -1.2908942E-02  2.6357116E-02  0.0000000E+00
  7.8507600E+01 -1.5607986E-02 -9.7171197E-03 -1.2005345E-02  2.5801026E-02  0.0000000E+00
  7.8507600E+01 -1.4282510E-02 -9.3219078E-03 -1.1183414E-02  2.5231275E-02  0.0000000E+00
  7.8507600E+01 -1.3431172E-02 -8.9558830E-03 -1.0446338E-02  2.4647252E-02  0.0000000E+00
  7.8507600E+01 -1.2799774E-02 -8.6147371E-03 -9.9868557E-03  2.4055853E-02  0.0000000E+00
  7.8507600E+01 -1.2472716E-02 -8.2880755E-03 -9.7714350E-03  2.3455361E-02  0.0000000E+00
  7.8507600E+01 -1.1963102E-02 -7.9967933E-03 -9.3894214E-03  2.2844054E-02  0.0000000E+00
  7.8507600E+01 -1.1430845E-02 -7.7738813E-03 -9.0435950E-03  2.2220328E-02  0.0000000E+00
  7.8507600E+01 -1.1093610E-02 -7.5942496E-03 -8.8480973E-03  2.1588961E-02  0.0000000E+00
  7.8507600E+01 -1.0933339E-02 -7.4184890E-03 -8.7073385E-03  2.0959317E-02  0.0000000E+00
  7.8507600E+01 -1.0710421E-02 -7.2539036E-03 -8.5188650E-03  2.0349919E-02  0.0000000E+00
  7.8507600E+01 -1.0304387E-02 -7.1280339E-03 -8.2825916E-03  1.9775033E-02  0.0000000E+00
  7.8507600E+01 -9.9979835E-03 -7.0236292E-03 -8.1029779E-03  1.9235853E-02  0.0000000E+00
  7.8507600E+01 -9.7251320E-03 -6.8690533E-03 -7.8666272E-03  1.8730360E-02  0.0000000E+00
  7.8507600E+01 -9.3535974E-03 -6.7098720E-03 -7.6109897E-03  1.8256665E-02  0.0000000E+00
  7.8507600E+01 -8.9055275E-03 -6.5630995E-03 -7.3378027E-03  1.7807408E-02  0.0000000E+00
  7.8507600E+01 -8.5438334E-03 -6.4049824E-03 -7.0708947E-03  1.7370824E-02  0.0000000E+00
  7.8507600E+01 -8.3461980E-03 -6.2291851E-03 -6.8609023E-03  1.6936387E-02  0.0000000E+00
  7.8507600E+01 -8.1535763E-03 -6.0727551E-03 -6.7206081E-03  1.6500676E-02  0.0000000E+00
  7.8507600E+01 -7.8606016E-03 -5.9444321E-03 -6.6146730E-03  1.6066835E-02  0.0000000E+00
  7.8507600E+01 -7.6587073E-03 -5.8024492E-03 -6.5234560E-03  1.5637725E-02  0.0000000E+00
  7.8507600E+01 -7.5776349E-03 -5.6563845E-03 -6.4674791E-03  1.5218556E-02  0.0000000E+00
  7.8507600E+01 -7.4900799E-03 -5.5150474E-03 -6.3979060E-03  1.4816111E-02  0.0000000E+00
  7.8507600E+01 -7.3372184E-03 -5.3671787E-03 -6.2481700E-03  1.4435670E-02  0.0000000E+00
  7.8507600E+01 -7.1554707E-03 -5.2054242E-03 -6.0270375E-03  1.4080493E-02  0.0000000E+00
  7.8507600E+01 -6.9631405E-03 -5.0425284E-03 -5.8134750E-03  1.3746927E-02  0.0000000E+00
  7.8507600E+01 -6.7009951E-03 -4.9002670E-03 -5.6541083E-03  1.3428553E-02  0.0000000E+00
  7.8507600E+01 -6.4243273E-03 -4.7688664E-03 -5.5119472E-03  1.3119654E-02  0.0000000E+00
  7.8507600E+01 -6.0931762E-03 -4.6281230E-03 -5.3367049E-03  1.2816606E-02  0.0000000E+00
  7.8507600E+01 -5.7882391E-03 -4.4755769E-03 -5.1230489E-03  1.2517644E-02  0.0000000E+00
  7.8507600E+01 -5.5469260E-03 -4.3266629E-03 -4.9225928E-03  1.2222993E-02  0.0000000E+00
  7.8507600E+01 -5.3413930E-03 -4.1817765E-03 -4.7399914E-03  1.1933364E-02  0.0000000E+00
  7.8507600E+01 -5.1445023E-03 -4.0325296E-03 -4.5632233E-03  1.1648708E-02  0.0000000E+00
  7.8507600E+01 -4.9544437E-03 -3.8792189E-03 -4.3941871E-03  1.1368027E-02  0.0000000E+00
  7.8507600E+01 -4.7834960E-03 -3.7355829E-03 -4.2436903E-03  1.1090381E-02  0.0000000E+00
  7.8507600E+01 -4.6341918E-03 -3.6040039E-03 -4.1058458E-03  1.0816821E-02  0.0000000E+00
  7.8507600E+01 -4.5021354E-03 -3.4750949E-03 -3.9631876E-03  1.0549450E-02  0.0000000E+00
  7.8507600E+01 -4.3512937E-03 -3.3463407E-03 -3.8110775E-03  1.0288162E-02  0.0000000E+00
  7.8507600E+01 -4.2671306E-03 -3.2269817E-03 -3.6900090E-03  1.0028547E-02  0.0000000E+00
  7.8507600E+01 -4.2314114E-03 -3.1202770E-03 -3.5871135E-03  9.7677973E-03  0.0000000E+00
  7.8507600E+01 -4.1372502E-03 -3.0254778E-03 -3.4906713E-03  9.5063846E-03  0.0000000E+00
  7.8507600E+01 -3.9303762E-03 -2.9415171E-03 -3.3964730E-03  9.2488277E-03  0.0000000E+00
  7.8507600E+01 -3.7058874E-03 -2.8664832E-03 -3.2935737E-03  8.9987006E-03  0.0000000E+00
  7.8507600E+01 -3.5948282E-03 -2.7923443E-03 -3.1625518E-03  8.7581770E-03  0.0000000E+00
  7.8507600E+01 -3.5324685E-03 -2.7115847E-03 -3.0351883E-03  8.5293045E-03  0.0000000E+00
  7.8507600E+01 -3.4274813E-03 -2.6319409E-03 -2.9135026E-03  8.3140447E-03  0.0000000E+00
  7.8507600E+01 -3.2796115E-03 -2.5602096E-03 -2.8329390E-03  8.1123612E-03  0.0000000E+00
  7.8507600E+01 -3.1155443E-03 -2.4927238E-03 -2.7710434E-03  7.9216783E-03  0.0000000E+00
  7.8507600E+01 -2.9631138E-03 -2.4264982E-03 -2.6923742E-03  7.7389569E-03  0.0000000E+00
  7.8507600E+01 -2.8411592E-03 -2.3619201E-03 -2.5877112E-03  7.5614597E-03  0.0000000E+00
  7.8507600E+01 -2.7533655E-03 -2.3000311E-03 -2.4848629E-03  7.3869376E-03  0.0000000E+00
  7.8507600E+01 -2.6813881E-03 -2.2390033E-03 -2.4171661E-03  7.2142086E-03  0.0000000E+00
  7.8507600E+01 -2.5854367E-03 -2.1757820E-03 -2.3602725E-03  7.0440773E-03  0.0000000E+00
  7.8507600E+01 -2.4810289E-03 -2.1140791E-03 -2.2731447E-03  6.8788381E-03  0.0000000E+00
  7.8507600E+01 -2.3786611E-03 -2.0581554E-03 -2.2015978E-03  6.7210858E-03  0.0000000E+00
  7.8507600E+01 -2.3001578E-03 -2.0019972E-03 -2.1248858E-03  6.5741994E-03  0.0000000E+00
  7.8507600E+01 -2.2369625E-03 -1.9432104E-03 -2.0372210E-03  6.4393093E-03  0.0000000E+00
  7.8507600E+01 -2.1634147E-03 -1.8854547E-03 -1.9728769E-03  6.3152713E-03  0.0000000E+00
  7.8507600E+01 -2.0759585E-03 -1.8304736E-03 -1.9508599E-03  6.1992015E-03  0.0000000E+00
  7.8507600E+01 -2.0119418E-03 -1.7734498E-03 -1.9307997E-03  6.0895237E-03  0.0000000E+00
  7.8507600E+01 -1.9984839E-03 -1.7119655E-03 -1.8660547E-03  5.9856778E-03  0.0000000E+00
  7.8507600E+01 -1.9970128E-03 -1.6578595E-03 -1.8085784E-03  5.8890020E-03  0.0000000E+00
  7.8507600E+01 -1.9740642E-03 -1.6114939E-03 -1.7343460E-03  5.8003132E-03  0.0000000E+00
  7.8507600E+01 -1.9298215E-03 -1.5718793E-03 -1.6625942E-03  5.7195179E-03  0.0000000E+00
  7.8507600E+01 -1.8741934E-03 -1.5350526E-03 -1.6082104E-03  5.6444281E-03  0.0000000E+00
  7.8507600E+01 -6.6515061E-01 -1.9926624E-02 -5.1012620E-01  8.2288531E-02  0.0000000E+00
  7.8507600E+01 -7.7161947E-02 -1.6929731E-02 -1.1458991E-01  8.1867348E-02  0.0000000E+00
  7.8507600E+01 -3.1573249E-02 -2.2647668E-02 -6.1146383E-02  8.0099883E-02  0.0000000E+00
  7.8507600E+01 -3.2278419E-02 -2.3579111E-02 -5.6053336E-02  7.6579950E-02  0.0000000E+00
  7.8507600E+01 -3.4746585E-02 -2.4560376E-02 -5.2377987E-02  7.2514166E-02  0.0000000E+00
  7.8507600E+01 -3.6787538E-02 -2.5397891E-02 -4.9716568E-02  6.8645200E-02  0.0000000E+00
  7.8507600E+01 -3.8518222E-02 -2.5899735E-02 -4.7514601E-02  6.5287738E-02  0.0000000E+00
  7.8507600E+01 -4.0301706E-02 -2.6005553E-02 -4.5299450E-02  6.2505239E-02  0.0000000E+00
  7.8507600E+01 -4.2094681E-02 -2.6106149E-02 -4.2239069E-02  6.0235247E-02  0.0000000E+00
  7.8507600E+01 -4.3868569E-02 -2.5987473E-02 -3.9569644E-02  5.8368354E-02  0.0000000E+00
  7.8507600E+01 -4.5503625E-02 -2.5520188E-02 -3.7648084E-02  5.6806754E-02  0.0000000E+00
  7.8507600E+01 -4.5696308E-02 -2.5125872E-02 -3.6447240E-02  5.5473363E-02  0.0000000E+00
  7.8507600E+01 -4.5006708E-02 -2.4899631E-02 -3.5514189E-02  5.4334719E-02  0.0000000E+00
  7.8507600E+01 -4.3561572E-02 -2.4633481E-02 -3.4410917E-02  5.3384196E-02  0.0000000E+00
  7.8507600E+01 -4.3634841E-02 -2.4112635E-02 -3.2890922E-02  5.2578141E-02  0.0000000E+00
  7.8507600E+01 -4.3008538E-02 -2.3259874E-02 -3.1842278E-02  5.1869826E-02  0.0000000E+00
  7.8507600E+01 -4.2309358E-02 -2.2195863E-02 -3.0125432E-02  5.1245266E-02  0.0000000E+00
  7.8507600E+01 -3.9455997E-02 -2.1120602E-02 -2.8212364E-02  5.0695533E-02  0.0000000E+00
  7.8507600E+01 -3.6211736E-02 -2.0052444E-02 -2.6749223E-02  5.0178393E-02  0.0000000E+00
  7.8507600E+01 -3.4208668E-02 -1.8848210E-02 -2.5268372E-02  4.9655439E-02  0.0000000E+00
  7.8507600E+01 -3.2689876E-02 -1.7681346E-02 -2.3947889E-02  4.9101310E-02  0.0000000E+00
  7.8507600E+01 -3.1629252E-02 -1.6670706E-02 -2.2663650E-02  4.8498664E-02  0.0000000E+00
  7.8507600E+01 -3.0242176E-02 -1.5836543E-02 -2.1544461E-02  4.7835728E-02  0.0000000E+00
  7.8507600E+01 -2.7888071E-02 -1.5213199E-02 -2.0629227E-02  4.7110465E-02  0.0000000E+00
  7.8507600E+01 -2.5798318E-02 -1.4607804E-02 -1.9246714E-02  4.6318098E-02  0.0000000E+00
  7.8507600E+01 -2.4124888E-02 -1.3908420E-02 -1.7585931E-02  4.5472906E-02  0.0000000E+00
  7.8507600E+01 -2.2532453E-02 -1.3189528E-02 -1.6455635E-02  4.4589497E-02  0.0000000E+00
  7.8507600E+01 -2.0570412E-02 -1.2271289E-02 -1.5220681E-02  4.3680698E-02  0.0000000E+00
  7.8507600E+01 -1.8992817E-02 -1.1389346E-02 -1.4192999E-02  4.2744964E-02  0.0000000E+00
  7.8507600E+01 -1.7864805E-02 -1.0721079E-02 -1.3351959E-02  4.1778517E-02  0.0000000E+00
  7.8507600E+01 -1.7038696E-02 -1.0181636E-02 -1.2568303E-02  4.0784648E-02  0.0000000E+00
  7.8507600E+01 -1.6015523E-02 -9.6547729E-03 -1.1845373E-02  3.9772679E-02  0.0000000E+00
  7.8507600E+01 -1.4910295E-02 -9.2385980E-03 -1.1478497E-02  3.8749915E-02  0.0000000E+00
  7.8507600E+01 -1.3511319E-02 -8.8826938E-03 -1.0760595E-02  3.7724532E-02  0.0000000E+00
  7.8507600E+01 -1.2497141E-02 -8.5037180E-03 -1.0145415E-02  3.6694151E-02  0.0000000E+00
  7.8507600E+01 -1.1931698E-02 -8.1236157E-03 -9.8267442E-03  3.5658594E-02  0.0000000E+00
  7.8507600E+01 -1.1585042E-02 -7.8184507E-03 -9.5956582E-03  3.4615527E-02  0.0000000E+00
  7.8507600E+01 -1.1400533E-02 -7.6150439E-03 -9.3034198E-03  3.3572601E-02  0.0000000E+00
  7.8507600E+01 -1.1254009E-02 -7.4326929E-03 -8.9760228E-03  3.2544574E-02  0.0000000E+00
  7.8507600E+01 -1.1079673E-02 -7.2393939E-03 -8.7203141E-03  3.1547564E-02  0.0000000E+00
  7.8507600E+01 -1.0541453E-02 -7.0457341E-03 -8.4084012E-03  3.0591083E-02  0.0000000E+00
  7.8507600E+01 -9.8976558E-03 -6.8567713E-03 -8.1216771E-03  2.9682323E-02  0.0000000E+00
  7.8507600E+01 -9.4962474E-03 -6.6932740E-03 -7.9661850E-03  2.8816543E-02  0.0000000E+00
  7.8507600E+01 -9.2941504E-03 -6.5500944E-03 -7.8223815E-03  2.7989489E-02  0.0000000E+00
  7.8507600E+01 -9.0671246E-03 -6.4253410E-03 -7.5683097E-03  2.7193163E-02  0.0000000E+00
  7.8507600E+01 -8.7733599E-03 -6.3364722E-03 -7.3031370E-03  2.6422398E-02  0.0000000E+00
  7.8507600E+01 -8.5742380E-03 -6.2409794E-03 -7.1210400E-03  2.5672017E-02  0.0000000E+00
  7.8507600E+01 -8.3072411E-03 -6.0943992E-03 -6.9376691E-03  2.4943313E-02  0.0000000E+00
  7.8507600E+01 -7.9215624E-03 -5.9337470E-03 -6.6990879E-03  2.4236689E-02  0.0000000E+00
  7.8507600E+01 -7.6066814E-03 -5.7893016E-03 -6.5003016E-03  2.3551367E-02  0.0000000E+00
  7.8507600E+01 -7.4157260E-03 -5.6549474E-03 -6.3994355E-03  2.2883897E-02  0.0000000E+00
  7.8507600E+01 -7.3078500E-03 -5.5146827E-03 -6.3530733E-03  2.2235232E-02  0.0000000E+00
  7.8507600E+01 -7.2297027E-03 -5.3689525E-03 -6.2621492E-03  2.1605761E-02  0.0000000E+00
  7.8507600E+01 -7.1434534E-03 -5.2383206E-03 -6.0839203E-03  2.0998645E-02  0.0000000E+00
  7.8507600E+01 -7.0261753E-03 -5.1223278E-03 -5.9382572E-03  2.0413847E-02  0.0000000E+00
  7.8507600E+01 -6.8918153E-03 -4.9812378E-03 -5.7782985E-03  1.9855075E-02  0.0000000E+00
  7.8507600E+01 -6.7114639E-03 -4.8038774E-03 -5.5785180E-03  1.9322792E-02  0.0000000E+00
  7.8507600E+01 -6.4212828E-03 -4.6282876E-03 -5.3871545E-03  1.8815128E-02  0.0000000E+00
  7.8507600E+01 -6.0551748E-03 -4.4743735E-03 -5.2294359E-03  1.8325512E-02  0.0000000E+00
  7.8507600E+01 -5.7179148E-03 -4.3347479E-03 -5.0937884E-03  1.7849073E-02  0.0000000E+00
  7.8507600E+01 -5.4530373E-03 -4.1957159E-03 -4.9498444E-03  1.7380751E-02  0.0000000E+00
  7.8507600E+01 -5.2130761E-03 -4.0582634E-03 -4.7881068E-03  1.6919964E-02  0.0000000E+00
  7.8507600E+01 -5.0748902E-03 -3.9298908E-03 -4.6587362E-03  1.6465849E-02  0.0000000E+00
  7.8507600E+01 -4.9755046E-03 -3.8086694E-03 -4.5092013E-03  1.6020644E-02  0.0000000E+00
  7.8507600E+01 -4.8693645E-03 -3.7005662E-03 -4.3365338E-03  1.5585213E-02  0.0000000E+00
  7.8507600E+01 -4.7390244E-03 -3.6066982E-03 -4.1683392E-03  1.5161673E-02  0.0000000E+00
  7.8507600E+01 -4.5687086E-03 -3.5191051E-03 -4.0218173E-03  1.4749936E-02  0.0000000E+00
  7.8507600E+01 -4.3762194E-03 -3.4286665E-03 -3.8995911E-03  1.4350175E-02  0.0000000E+00
  7.8507600E+01 -4.2125260E-03 -3.3305859E-03 -3.7876729E-03  1.3959766E-02  0.0000000E+00
  7.8507600E+01 -4.1162360E-03 -3.2268198E-03 -3.6670622E-03  1.3577125E-02  0.0000000E+00
  7.8507600E+01 -4.0252606E-03 -3.1217525E-03 -3.5381001E-03  1.3200301E-02  0.0000000E+00
  7.8507600E+01 -3.9316453E-03 -3.0155025E-03 -3.3962410E-03  1.2830853E-02  0.0000000E+00
  7.8507600E+01 -3.7960169E-03 -2.9181888E-03 -3.2677823E-03  1.2467593E-02  0.0000000E+00
  7.8507600E+01 -3.6428706E-03 -2.8331899E-03 -3.1645757E-03  1.2111535E-02  0.0000000E+00
  7.8507600E+01 -3.5133784E-03 -2.7514939E-03 -3.0795237E-03  1.1764738E-02  0.0000000E+00
  7.8507600E+01 -3.4231409E-03 -2.6655830E-03 -3.0021870E-03  1.1432120E-02  0.0000000E+00
  7.8507600E+01 -3.3487893E-03 -2.5776834E-03 -2.9258231E-03  1.1115652E-02  0.0000000E+00
  7.8507600E+01 -3.2473166E-03 -2.4994368E-03 -2.8487534E-03  1.0815319E-02  0.0000000E+00
  7.8507600E+01 -3.1034692E-03 -2.4351669E-03 -2.7677905E-03  1.0529737E-02  0.0000000E+00
  7.8507600E+01 -2.9670445E-03 -2.3757766E-03 -2.6901705E-03  1.0258046E-02  0.0000000E+00
  7.8507600E+01 -2.8393624E-03 -2.3180780E-03 -2.6003323E-03  9.9979702E-03  0.0000000E+00
  7.8507600E+01 -2.7466795E-03 -2.2596841E-03 -2.5121873E-03  9.7466088E-03  0.0000000E+00
  7.8507600E+01 -2.6737861E-03 -2.2053257E-03 -2.4232511E-03  9.5024743E-03  0.0000000E+00
  7.8507600E+01 -2.5964643E-03 -2.1569734E-03 -2.3354061E-03  9.2658812E-03  0.0000000E+00
  7.8507600E+01 -2.5038668E-03 -2.1107577E-03 -2.2540392E-03  9.0362745E-03  0.0000000E+00
  7.8507600E+01 -2.4060326E-03 -2.0602589E-03 -2.1800920E-03  8.8142734E-03  0.0000000E+00
  7.8507600E+01 -2.3225059E-03 -2.0024255E-03 -2.1096199E-03  8.6005590E-03  0.0000000E+00
  7.8507600E+01 -2.2580749E-03 -1.9436715E-03 -2.0561102E-03  8.3964904E-03  0.0000000E+00
  7.8507600E+01 -2.1881811E-03 -1.8906730E-03 -2.0088844E-03  8.2030949E-03  0.0000000E+00
  7.8507600E+01 -2.1187064E-03 -1.8425996E-03 -1.9705964E-03  8.0209906E-03  0.0000000E+00
  7.8507600E+01 -2.0542532E-03 -1.7934413E-03 -1.9257845E-03  7.8491227E-03  0.0000000E+00
  7.8507600E+01 -2.0017157E-03 -1.7394354E-03 -1.8707364E-03  7.6871340E-03  0.0000000E+00
  7.8507600E+01 -1.9703184E-03 -1.6814389E-03 -1.8177025E-03  7.5346707E-03  0.0000000E+00
  7.8507600E+01 -1.9579886E-03 -1.6248885E-03 -1.7721162E-03  7.3920170E-03  0.0000000E+00
  7.8507600E+01 -1.9426736E-03 -1.5764584E-03 -1.7177084E-03  7.2586633E-03  0.0000000E+00
  7.8507600E+01 -1.8998774E-03 -1.5387668E-03 -1.6466067E-03  7.1342722E-03  0.0000000E+00
  7.8507600E+01 -1.8547600E-03 -1.5076147E-03 -1.5961551E-03  7.0164815E-03  0.0000000E+00
  7.8507600E+01 -1.8068157E-03 -1.4773336E-03 -1.5479954E-03  6.9032642E-03  0.0000000E+00
  7.8507600E+01 -1.7701618E-03 -1.4455866E-03 -1.5085199E-03  6.7921698E-03  0.0000000E+00
  7.8507600E+01 -1.7436896E-03 -1.4124847E-03 -1.4741547E-03  6.6828836E-03  0.0000000E+00
  7.8507600E+01 -1.3477972E-01 -1.0574730E-02 -2.6290941E-01  1.1318412E-01  0.0000000E+00
  7.8507600E+01 -3.2342961E-02 -5.7408424E-03 -9.4769090E-02  1.1344545E-01  0.0000000E+00
  7.8507600E+01 -5.4361980E-02 -8.4246752E-03 -4.1195216E-02  1.1214130E-01  0.0000000E+00
  7.8507600E+01 -4.9999653E-02 -1.1185054E-02 -3.4800491E-02  1.1017105E-01  0.0000000E+00
  7.8507600E+01 -4.0063938E-02 -1.3387542E-02 -3.5684107E-02  1.0806687E-01  0.0000000E+00
  7.8507600E+01 -3.4960842E-02 -1.5187965E-02 -3.7733412E-02  1.0571477E-01  0.0000000E+00
  7.8507600E+01 -3.2508897E-02 -1.7065822E-02 -3.9522960E-02  1.0295531E-01  0.0000000E+00
  7.8507600E+01 -3.1446558E-02 -1.8877666E-02 -4.0087300E-02  9.9748547E-02  0.0000000E+00
  7.8507600E+01 -3.2039620E-02 -2.0560101E-02 -3.9750401E-02  9.6146733E-02  0.0000000E+00
  7.8507600E+01 -3.2898572E-02 -2.2149821E-02 -3.9575355E-02  9.2240510E-02  0.0000000E+00
  7.8507600E+01 -3.3507603E-02 -2.3516577E-02 -4.0102047E-02  8.8141789E-02  0.0000000E+00
  7.8507600E+01 -3.4298397E-02 -2.4206238E-02 -4.0109341E-02  8.4001180E-02  0.0000000E+00
  7.8507600E+01 -3.5103306E-02 -2.4446330E-02 -3.9167934E-02  7.9957906E-02  0.0000000E+00
  7.8507600E+01 -3.5584333E-02 -2.4561905E-02 -3.8123197E-02  7.6076715E-02  0.0000000E+00
  7.8507600E+01 -3.5537218E-02 -2.4574580E-02 -3.6699635E-02  7.2423602E-02  0.0000000E+00
  7.8507600E+01 -3.5557988E-02 -2.4513283E-02 -3.4799235E-02  6.9026892E-02  0.0000000E+00
  7.8507600E+01 -3.5590403E-02 -2.4419177E-02 -3.3508493E-02  6.5872942E-02  0.0000000E+00
  7.8507600E+01 -3.5587726E-02 -2.4026886E-02 -3.2952981E-02  6.2981474E-02  0.0000000E+00
  7.8507600E+01 -3.6582218E-02 -2.3448546E-02 -3.2081300E-02  6.0373183E-02  0.0000000E+00
  7.8507600E+01 -3.7516874E-02 -2.2923477E-02 -3.0549009E-02  5.8059113E-02  0.0000000E+00
  7.8507600E+01 -3.6393851E-02 -2.2275792E-02 -2.9099739E-02  5.5989675E-02  0.0000000E+00
  7.8507600E+01 -3.3502349E-02 -2.1460196E-02 -2.8088114E-02  5.4104130E-02  0.0000000E+00
  7.8507600E+01 -3.1538326E-02 -2.0065865E-02 -2.6199178E-02  5.2364001E-02  0.0000000E+00
  7.8507600E+01 -3.1073383E-02 -1.8629686E-02 -2.4701488E-02  5.0745708E-02  0.0000000E+00
  7.8507600E+01 -2.9847069E-02 -1.7421026E-02 -2.3691108E-02  4.9227283E-02  0.0000000E+00
  7.8507600E+01 -2.8333514E-02 -1.6347325E-02 -2.2446448E-02  4.7787519E-02  0.0000000E+00
  7.8507600E+01 -2.7298931E-02 -1.5335949E-02 -2.0969406E-02  4.6400511E-02  0.0000000E+00
  7.8507600E+01 -2.6446440E-02 -1.4436155E-02 -1.9371865E-02  4.5062169E-02  0.0000000E+00
  7.8507600E+01 -2.4913286E-02 -1.3663846E-02 -1.8090640E-02  4.3769489E-02  0.0000000E+00
  7.8507600E+01 -2.2757316E-02 -1.2948131E-02 -1.7092884E-02  4.2505660E-02  0.0000000E+00
  7.8507600E+01 -2.1071521E-02 -1.2290007E-02 -1.6307136E-02  4.1270253E-02  0.0000000E+00
  7.8507600E+01 -1.9955283E-02 -1.1699051E-02 -1.5603838E-02  4.0059207E-02  0.0000000E+00
  7.8507600E+01 -1.9064179E-02 -1.1077399E-02 -1.4611338E-02  3.8871789E-02  0.0000000E+00
  7.8507600E+01 -1.7946539E-02 -1.0540890E-02 -1.3486892E-02  3.7714089E-02  0.0000000E+00
  7.8507600E+01 -1.6271252E-02 -1.0087597E-02 -1.2685774E-02  3.6585695E-02  0.0000000E+00
  7.8507600E+01 -1.4886390E-02 -9.6441288E-03 -1.1975260E-02  3.5479517E-02  0.0000000E+00
  7.8507600E+01 -1.3769576E-02 -9.1697371E-03 -1.1343260E-02  3.4391315E-02  0.0000000E+00
  7.8507600E+01 -1.2547151E-02 -8.6878676E-03 -1.0825951E-02  3.3315301E-02  0.0000000E+00
  7.8507600E+01 -1.1505823E-02 -8.2827080E-03 -1.0207144E-02  3.2250431E-02  0.0000000E+00
  7.8507600E+01 -1.1038971E-02 -8.0008511E-03 -9.7139836E-03  3.1195243E-02  0.0000000E+00
  7.8507600E+01 -1.0832253E-02 -7.7709234E-03 -9.3490557E-03  3.0149252E-02  0.0000000E+00
  7.8507600E+01 -1.0541860E-02 -7.5301324E-03 -9.0502531E-03  2.9131301E-02  0.0000000E+00
  7.8507600E+01 -1.0134871E-02 -7.2665853E-03 -8.7667433E-03  2.8148047E-02  0.0000000E+00
  7.8507600E+01 -9.7840596E-03 -7.0354522E-03 -8.5271946E-03  2.7201581E-02  0.0000000E+00
  7.8507600E+01 -9.5432775E-03 -6.8651182E-03 -8.3271787E-03  2.6296931E-02  0.0000000E+00
  7.8507600E+01 -9.1774577E-03 -6.6889769E-03 -8.0302080E-03  2.5431973E-02  0.0000000E+00
  7.8507600E+01 -8.6450075E-03 -6.4929441E-03 -7.6676879E-03  2.4602542E-02  0.0000000E+00
  7.8507600E+01 -8.3527658E-03 -6.3348245E-03 -7.5003636E-03  2.3804732E-02  0.0000000E+00
  7.8507600E+01 -8.1139280E-03 -6.1878414E-03 -7.3094302E-03  2.3030550E-02  0.0000000E+00
  7.8507600E+01 -7.9327211E-03 -6.0421018E-03 -7.0838133E-03  2.2283009E-02  0.0000000E+00
  7.8507600E+01 -7.8291962E-03 -5.8883030E-03 -6.8669103E-03  2.1562645E-02  0.0000000E+00
  7.8507600E+01 -7.7743846E-03 -5.7253243E-03 -6.7028524E-03  2.0868405E-02  0.0000000E+00
  7.8507600E+01 -7.6985792E-03 -5.5648285E-03 -6.5963294E-03  2.0202122E-02  0.0000000E+00
  7.8507600E+01 -7.5292171E-03 -5.4184680E-03 -6.4789431E-03  1.9563966E-02  0.0000000E+00
  7.8507600E+01 -7.2894066E-03 -5.2807504E-03 -6.2824006E-03  1.8955557E-02  0.0000000E+00
  7.8507600E+01 -7.1036600E-03 -5.1460256E-03 -6.0454858E-03  1.8378745E-02  0.0000000E+00
  7.8507600E+01 -6.9226191E-03 -5.0152724E-03 -5.8900017E-03  1.7829098E-02  0.0000000E+00
  7.8507600E+01 -6.7163504E-03 -4.8729241E-03 -5.7661639E-03  1.7303088E-02  0.0000000E+00
  7.8507600E+01 -6.4836281E-03 -4.7146506E-03 -5.6005840E-03  1.6800843E-02  0.0000000E+00
  7.8507600E+01 -6.2436354E-03 -4.5512916E-03 -5.3954938E-03  1.6318889E-02  0.0000000E+00
  7.8507600E+01 -6.0106915E-03 -4.3956098E-03 -5.2027167E-03  1.5856451E-02  0.0000000E+00
  7.8507600E+01 -5.7533434E-03 -4.2461603E-03 -5.0292930E-03  1.5409738E-02  0.0000000E+00
  7.8507600E+01 -5.4666947E-03 -4.0991995E-03 -4.8524067E-03  1.4976671E-02  0.0000000E+00
  7.8507600E+01 -5.2327045E-03 -3.9537953E-03 -4.7177779E-03  1.4559054E-02  0.0000000E+00
  7.8507600E+01 -5.0204988E-03 -3.8146615E-03 -4.5836651E-03  1.4157432E-02  0.0000000E+00
  7.8507600E+01 -4.8344113E-03 -3.6813381E-03 -4.4445480E-03  1.3768431E-02  0.0000000E+00
  7.8507600E+01 -4.6790251E-03 -3.5602100E-03 -4.2962633E-03  1.3389413E-02  0.0000000E+00
  7.8507600E+01 -4.5544513E-03 -3.4616177E-03 -4.1497846E-03  1.3016979E-02  0.0000000E+00
  7.8507600E+01 -4.4491031E-03 -3.3884574E-03 -4.0318623E-03  1.2649668E-02  0.0000000E+00
  7.8507600E+01 -4.3380242E-03 -3.3270657E-03 -3.9473307E-03  1.2289712E-02  0.0000000E+00
  7.8507600E+01 -4.2221245E-03 -3.2553982E-03 -3.8154680E-03  1.1938425E-02  0.0000000E+00
  7.8507600E+01 -4.1043929E-03 -3.1675480E-03 -3.6456884E-03  1.1598639E-02  0.0000000E+00
  7.8507600E+01 -3.9244925E-03 -3.0731946E-03 -3.4730717E-03  1.1269938E-02  0.0000000E+00
  7.8507600E+01 -3.7276013E-03 -2.9793902E-03 -3.3287820E-03  1.0949437E-02  0.0000000E+00
  7.8507600E+01 -3.5614670E-03 -2.8853314E-03 -3.2038503E-03  1.0635770E-02  0.0000000E+00
  7.8507600E+01 -3.4493370E-03 -2.7893202E-03 -3.0871600E-03  1.0327213E-02  0.0000000E+00
  7.8507600E+01 -3.3750133E-03 -2.6945096E-03 -2.9896331E-03  1.0024348E-02  0.0000000E+00
  7.8507600E+01 -3.2933688E-03 -2.6088505E-03 -2.9334305E-03  9.7315488E-03  0.0000000E+00
  7.8507600E+01 -3.1849079E-03 -2.5345988E-03 -2.8868812E-03  9.4522796E-03  0.0000000E+00
  7.8507600E+01 -3.1073854E-03 -2.4624821E-03 -2.8134334E-03  9.1880360E-03  0.0000000E+00
  7.8507600E+01 -3.0166008E-03 -2.3869885E-03 -2.7072858E-03  8.9391693E-03  0.0000000E+00
  7.8507600E+01 -2.9355204E-03 -2.3071800E-03 -2.6040192E-03  8.7027190E-03  0.0000000E+00
  7.8507600E+01 -2.8624012E-03 -2.2333221E-03 -2.5282893E-03  8.4777699E-03  0.0000000E+00
  7.8507600E+01 -2.7700555E-03 -2.1726507E-03 -2.4697026E-03  8.2630387E-03  0.0000000E+00
  7.8507600E+01 -2.6442450E-03 -2.1253814E-03 -2.4029339E-03  8.0579358E-03  0.0000000E+00
  7.8507600E+01 -2.5129067E-03 -2.0861636E-03 -2.3161952E-03  7.8629450E-03  0.0000000E+00
  7.8507600E+01 -2.4210560E-03 -2.0471932E-03 -2.2223122E-03  7.6768964E-03  0.0000000E+00
  7.8507600E+01 -2.3497737E-03 -2.0020299E-03 -2.1420151E-03  7.4981782E-03  0.0000000E+00
  7.8507600E+01 -2.2848497E-03 -1.9484497E-03 -2.0761592E-03  7.3267028E-03  0.0000000E+00
  7.8507600E+01 -2.2184970E-03 -1.8934013E-03 -2.0189263E-03  7.1624821E-03  0.0000000E+00
  7.8507600E+01 -2.1613920E-03 -1.8412516E-03 -1.9697233E-03  7.0057638E-03  0.0000000E+00
  7.8507600E+01 -2.1125850E-03 -1.7931688E-03 -1.9237077E-03  6.8577562E-03  0.0000000E+00
  7.8507600E+01 -2.0663008E-03 -1.7487425E-03 -1.8784127E-03  6.7190521E-03  0.0000000E+00
  7.8507600E+01 -2.0217090E-03 -1.7070227E-03 -1.8342303E-03  6.5912898E-03  0.0000000E+00
  7.8507600E+01 -1.9841625E-03 -1.6654108E-03 -1.7883941E-03  6.4749660E-03  0.0000000E+00
  7.8507600E+01 -1.9512231E-03 -1.6192636E-03 -1.7264507E-03  6.3700306E-03  0.0000000E+00
  7.8507600E+01 -1.9138493E-03 -1.5699532E-03 -1.6556717E-03  6.2759634E-03  0.0000000E+00
  7.8507600E+01 -1.8614687E-03 -1.5247860E-03 -1.5867804E-03  6.1903173E-03  0.0000000E+00
  7.8507600E+01 -1.8155415E-03 -1.4850850E-03 -1.5326426E-03  6.1093453E-03  0.0000000E+00
  7.8507600E+01 -1.7761527E-03 -1.4483709E-03 -1.4946265E-03  6.0300668E-03  0.0000000E+00
  7.8507600E+01 -1.0315365E+00 -8.0909673E-02 -5.6978440E-01 -2.2046337E-02  0.0000000E+00
  7.8507600E+01 -8.4473130E-02 -2.7877058E-02 -2.1790370E-01 -1.9455716E-02  0.0000000E+00
  7.8507600E+01 -2.9190345E-02 -3.5022207E-02 -8.7361781E-02 -1.0722983E-02  0.0000000E+00
  7.8507600E+01 -2.3759343E-02 -2.8238716E-02 -7.0679322E-02 -4.2187377E-03  0.0000000E+00
  7.8507600E+01 -2.3067611E-02 -2.5982636E-02 -6.3568872E-02 -3.0162356E-04  0.0000000E+00
  7.8507600E+01 -2.4126446E-02 -2.5647930E-02 -5.6361640E-02  2.0972312E-03  0.0000000E+00
  7.8507600E+01 -2.5506394E-02 -2.5663465E-02 -5.0073399E-02  3.6885783E-03  0.0000000E+00
  7.8507600E+01 -2.6582331E-02 -2.5851786E-02 -4.4705638E-02  4.8682947E-03  0.0000000E+00
  7.8507600E+01 -2.7768960E-02 -2.5837093E-02 -4.0415286E-02  5.8545853E-03  0.0000000E+00
  7.8507600E+01 -2.8850988E-02 -2.5449042E-02 -3.6986004E-02  6.7531733E-03  0.0000000E+00
  7.8507600E+01 -2.8481963E-02 -2.4659891E-02 -3.4089202E-02  7.5898630E-03  0.0000000E+00
  7.8507600E+01 -2.7756848E-02 -2.3615450E-02 -3.1242417E-02  8.3504162E-03  0.0000000E+00
  7.8507600E+01 -2.7050643E-02 -2.2577952E-02 -2.9039095E-02  9.0276913E-03  0.0000000E+00
  7.8507600E+01 -2.6863545E-02 -2.1585802E-02 -2.7794594E-02  9.6280558E-03  0.0000000E+00
  7.8507600E+01 -2.6594429E-02 -2.0468054E-02 -2.6450463E-02  1.0148578E-02  0.0000000E+00
  7.8507600E+01 -2.6837823E-02 -1.9237610E-02 -2.5040625E-02  1.0584036E-02  0.0000000E+00
  7.8507600E+01 -2.6559800E-02 -1.7998600E-02 -2.3631499E-02  1.0938115E-02  0.0000000E+00
  7.8507600E+01 -2.5759413E-02 -1.6903596E-02 -2.2442600E-02  1.1221859E-02  0.0000000E+00
  7.8507600E+01 -2.4717421E-02 -1.5892020E-02 -2.1155857E-02  1.1443426E-02  0.0000000E+00
  7.8507600E+01 -2.3441717E-02 -1.4936134E-02 -1.9493990E-02  1.1605400E-02  0.0000000E+00
  7.8507600E+01 -2.2089030E-02 -1.4118211E-02 -1.8081934E-02  1.1713826E-02  0.0000000E+00
  7.8507600E+01 -2.0891583E-02 -1.3372110E-02 -1.6792042E-02  1.1783023E-02  0.0000000E+00
  7.8507600E+01 -2.0292915E-02 -1.2581249E-02 -1.5942110E-02  1.1817312E-02  0.0000000E+00
  7.8507600E+01 -1.9707297E-02 -1.1860169E-02 -1.5384718E-02  1.1817415E-02  0.0000000E+00
  7.8507600E+01 -1.8475608E-02 -1.1262406E-02 -1.4542734E-02  1.1783745E-02  0.0000000E+00
  7.8507600E+01 -1.6960702E-02 -1.0694384E-02 -1.3656279E-02  1.1718488E-02  0.0000000E+00
  7.8507600E+01 -1.5787720E-02 -1.0198687E-02 -1.3078335E-02  1.1622216E-02  0.0000000E+00
  7.8507600E+01 -1.4711435E-02 -9.7726378E-03 -1.2429549E-02  1.1496904E-02  0.0000000E+00
  7.8507600E+01 -1.3830031E-02 -9.3304546E-03 -1.1890812E-02  1.1346111E-02  0.0000000E+00
  7.8507600E+01 -1.3244035E-02 -8.8534835E-03 -1.1359719E-02  1.1173790E-02  0.0000000E+00
  7.8507600E+01 -1.2800201E-02 -8.4043318E-03 -1.0815476E-02  1.0982857E-02  0.0000000E+00
  7.8507600E+01 -1.2139088E-02 -8.0052452E-03 -1.0281556E-02  1.0773787E-02  0.0000000E+00
  7.8507600E+01 -1.1157501E-02 -7.6393789E-03 -9.8349224E-03  1.0545755E-02  0.0000000E+00
  7.8507600E+01 -1.0349406E-02 -7.3641327E-03 -9.4054360E-03  1.0302164E-02  0.0000000E+00
  7.8507600E+01 -9.9245938E-03 -7.1468231E-03 -9.0240049E-03  1.0046694E-02  0.0000000E+00
  7.8507600E+01 -9.6000441E-03 -6.9654432E-03 -8.7503200E-03  9.7825041E-03  0.0000000E+00
  7.8507600E+01 -9.2398428E-03 -6.8250191E-03 -8.4991492E-03  9.5130559E-03  0.0000000E+00
  7.8507600E+01 -8.9129878E-03 -6.7108996E-03 -8.1946705E-03  9.2398012E-03  0.0000000E+00
  7.8507600E+01 -8.6019022E-03 -6.5717691E-03 -7.8825100E-03  8.9618064E-03  0.0000000E+00
  7.8507600E+01 -8.2692254E-03 -6.4012479E-03 -7.6541159E-03  8.6808275E-03  0.0000000E+00
  7.8507600E+01 -7.9330162E-03 -6.2268111E-03 -7.4789347E-03  8.4006848E-03  0.0000000E+00
  7.8507600E+01 -7.7409303E-03 -6.0387656E-03 -7.2979680E-03  8.1234339E-03  0.0000000E+00
  7.8507600E+01 -7.7162065E-03 -5.8357635E-03 -7.0785273E-03  7.8521520E-03  0.0000000E+00
  7.8507600E+01 -7.6985782E-03 -5.6435199E-03 -6.8648867E-03  7.5901714E-03  0.0000000E+00
  7.8507600E+01 -7.5387807E-03 -5.4798520E-03 -6.7000109E-03  7.3404967E-03  0.0000000E+00
  7.8507600E+01 -7.2612063E-03 -5.3254557E-03 -6.5283880E-03  7.1054285E-03  0.0000000E+00
  7.8507600E+01 -7.0089211E-03 -5.1706167E-03 -6.3241176E-03  6.8839851E-03  0.0000000E+00
  7.8507600E+01 -6.8759930E-03 -5.0461264E-03 -6.1013001E-03  6.6764583E-03  0.0000000E+00
  7.8507600E+01 -6.8517815E-03 -4.9475228E-03 -5.9382982E-03  6.4838119E-03  0.0000000E+00
  7.8507600E+01 -6.7556794E-03 -4.8524717E-03 -5.8584053E-03  6.3076505E-03  0.0000000E+00
  7.8507600E+01 -6.5018018E-03 -4.7360679E-03 -5.7752925E-03  6.1484682E-03  0.0000000E+00
  7.8507600E+01 -6.1936738E-03 -4.5938663E-03 -5.6264828E-03  6.0052869E-03  0.0000000E+00
  7.8507600E+01 -5.9611165E-03 -4.4462390E-03 -5.4197987E-03  5.8746542E-03  0.0000000E+00
  7.8507600E+01 -5.7856333E-03 -4.3170278E-03 -5.1979908E-03  5.7523018E-03  0.0000000E+00
  7.8507600E+01 -5.5976033E-03 -4.1946665E-03 -4.9914139E-03  5.6366035E-03  0.0000000E+00
  7.8507600E+01 -5.4129191E-03 -4.0598011E-03 -4.8151586E-03  5.5261030E-03  0.0000000E+00
  7.8507600E+01 -5.2423076E-03 -3.9186610E-03 -4.6962287E-03  5.4201907E-03  0.0000000E+00
  7.8507600E+01 -5.0465482E-03 -3.7847649E-03 -4.5793221E-03  5.3204564E-03  0.0000000E+00
  7.8507600E+01 -4.8052547E-03 -3.6627877E-03 -4.4472335E-03  5.2266778E-03  0.0000000E+00
  7.8507600E+01 -4.5579034E-03 -3.5507482E-03 -4.3288055E-03  5.1357885E-03  0.0000000E+00
  7.8507600E+01 -4.3748017E-03 -3.4474672E-03 -4.2250013E-03  5.0441294E-03  0.0000000E+00
  7.8507600E+01 -4.2832296E-03 -3.3567532E-03 -4.0819037E-03  4.9498546E-03  0.0000000E+00
  7.8507600E+01 -4.2235353E-03 -3.2818201E-03 -3.9254350E-03  4.8531957E-03  0.0000000E+00
  7.8507600E+01 -4.1527860E-03 -3.2123695E-03 -3.7736036E-03  4.7557905E-03  0.0000000E+00
  7.8507600E+01 -4.0514948E-03 -3.1342662E-03 -3.6265222E-03  4.6591844E-03  0.0000000E+00
  7.8507600E+01 -3.9223683E-03 -3.0475878E-03 -3.5013402E-03  4.5643419E-03  0.0000000E+00
  7.8507600E+01 -3.7720608E-03 -2.9589978E-03 -3.3905389E-03  4.4717331E-03  0.0000000E+00
  7.8507600E+01 -3.6141215E-03 -2.8742547E-03 -3.2732482E-03  4.3814600E-03  0.0000000E+00
  7.8507600E+01 -3.4669547E-03 -2.7941394E-03 -3.1399118E-03  4.2932206E-03  0.0000000E+00
  7.8507600E+01 -3.3426205E-03 -2.7161586E-03 -3.0109663E-03  4.2063391E-03  0.0000000E+00
  7.8507600E+01 -3.2361328E-03 -2.6441077E-03 -2.9352045E-03  4.1200701E-03  0.0000000E+00
  7.8507600E+01 -3.1576298E-03 -2.5764553E-03 -2.8836730E-03  4.0347982E-03  0.0000000E+00
  7.8507600E+01 -3.0721026E-03 -2.5101694E-03 -2.8098773E-03  3.9519128E-03  0.0000000E+00
  7.8507600E+01 -2.9809173E-03 -2.4430128E-03 -2.7236397E-03  3.8731501E-03  0.0000000E+00
  7.8507600E+01 -2.8978808E-03 -2.3740665E-03 -2.6398095E-03  3.7998107E-03  0.0000000E+00
  7.8507600E+01 -2.8346370E-03 -2.3059030E-03 -2.5698225E-03  3.7324278E-03  0.0000000E+00
  7.8507600E+01 -2.7869025E-03 -2.2418925E-03 -2.5143244E-03  3.6710145E-03  0.0000000E+00
  7.8507600E+01 -2.7314576E-03 -2.1827106E-03 -2.4605534E-03  3.6154736E-03  0.0000000E+00
  7.8507600E+01 -2.6438106E-03 -2.1261180E-03 -2.3881782E-03  3.5657547E-03  0.0000000E+00
  7.8507600E+01 -2.5670250E-03 -2.0743005E-03 -2.3182979E-03  3.5217573E-03  0.0000000E+00
  7.8507600E+01 -2.4717219E-03 -2.0279773E-03 -2.2397618E-03  3.4835558E-03  0.0000000E+00
  7.8507600E+01 -2.3675171E-03 -1.9881133E-03 -2.1673241E-03  3.4507351E-03  0.0000000E+00
  7.8507600E+01 -2.2810913E-03 -1.9476683E-03 -2.1064724E-03  3.4218155E-03  0.0000000E+00
  7.8507600E+01 -2.2154721E-03 -1.9022464E-03 -2.0589581E-03  3.3951033E-03  0.0000000E+00
  7.8507600E+01 -2.1595312E-03 -1.8533044E-03 -2.0222647E-03  3.3695705E-03  0.0000000E+00
  7.8507600E+01 -2.1110024E-03 -1.8059838E-03 -1.9864586E-03  3.3454455E-03  0.0000000E+00
  7.8507600E+01 -2.0801061E-03 -1.7647390E-03 -1.9378132E-03  3.3242350E-03  0.0000000E+00
  7.8507600E+01 -2.0580027E-03 -1.7297146E-03 -1.8820637E-03  3.3081068E-03  0.0000000E+00
  7.8507600E+01 -2.0381261E-03 -1.6956401E-03 -1.8277256E-03  3.2990927E-03  0.0000000E+00
  7.8507600E+01 -2.0075065E-03 -1.6567215E-03 -1.7670293E-03  3.2990156E-03  0.0000000E+00
  7.8507600E+01 -1.9732658E-03 -1.6137507E-03 -1.6994784E-03  3.3079556E-03  0.0000000E+00
  7.8507600E+01 -1.9378886E-03 -1.5710294E-03 -1.6272958E-03  3.3244334E-03  0.0000000E+00
  7.8507600E+01 -1.8974644E-03 -1.5319262E-03 -1.5573597E-03  3.3460305E-03  0.0000000E+00
  7.8507600E+01 -1.8486901E-03 -1.4961522E-03 -1.4984389E-03  3.3698433E-03  0.0000000E+00
  7.8507600E+01 -1.7953256E-03 -1.4602824E-03 -1.4566484E-03  3.3930216E-03  0.0000000E+00
  7.8507600E+01 -1.7447934E-03 -1.4230466E-03 -1.4320409E-03  3.4136467E-03  0.0000000E+00
  7.8507600E+01 -1.7027858E-03 -1.3886141E-03 -1.4212770E-03  3.4305149E-03  0.0000000E+00
  7.8507600E+01 -1.6665324E-03 -1.3558731E-03 -1.4089585E-03  3.4441639E-03  0.0000000E+00
  7.8507600E+01 -1.6389383E-03 -1.3225445E-03 -1.3932751E-03  3.4555866E-03  0.0000000E+00
  7.8507600E+01 -1.6161807E-03 -1.2865672E-03 -1.3701568E-03  3.4662186E-03  0.0000000E+00
  7.8507600E+01 -9.4330592E-02 -2.8262513E-03 -1.2389352E-01  2.8522348E-02  0.0000000E+00
  7.8507600E+01 -1.9840472E-02 -3.0134242E-03 -3.7915169E-02  2.8786432E-02  0.0000000E+00
  7.8507600E+01 -6.1726700E-02 -5.3063254E-03 -1.6554902E-02  2.7880034E-02  0.0000000E+00
  7.8507600E+01 -7.8982596E-02 -6.0300120E-03 -2.0907117E-02  2.6938683E-02  0.0000000E+00
  7.8507600E+01 -8.2406882E-02 -6.7042999E-03 -2.9110502E-02  2.6402314E-02  0.0000000E+00
  7.8507600E+01 -8.3012569E-02 -8.1535287E-03 -3.4359476E-02  2.5843519E-02  0.0000000E+00
  7.8507600E+01 -7.8242481E-02 -1.0375724E-02 -3.4434189E-02  2.4728329E-02  0.0000000E+00
  7.8507600E+01 -6.5620497E-02 -1.2949805E-02 -3.1403681E-02  2.2740025E-02  0.0000000E+00
  7.8507600E+01 -5.1053830E-02 -1.5362272E-02 -2.8431146E-02  1.9871352E-02  0.0000000E+00
  7.8507600E+01 -4.0227204E-02 -1.7361618E-02 -2.7389280E-02  1.6314294E-02  0.0000000E+00
  7.8507600E+01 -3.3503266E-02 -1.8656002E-02 -2.7460971E-02  1.2356445E-02  0.0000000E+00
  7.8507600E+01 -2.9640714E-02 -1.9480569E-02 -2.7776484E-02  8.3071006E-03  0.0000000E+00
  7.8507600E+01 -2.6877038E-02 -1.9986300E-02 -2.7620213E-02  4.4259319E-03  0.0000000E+00
  7.8507600E+01 -2.5350943E-02 -2.0062834E-02 -2.6473030E-02  8.7280785E-04  0.0000000E+00
  7.8507600E+01 -2.4567412E-02 -1.9765202E-02 -2.5115724E-02 -2.2789487E-03  0.0000000E+00
  7.8507600E+01 -2.3983239E-02 -1.9359706E-02 -2.4226088E-02 -5.0127448E-03  0.0000000E+00
  7.8507600E+01 -2.3754794E-02 -1.8914340E-02 -2.3726262E-02 -7.3524818E-03  0.0000000E+00
  7.8507600E+01 -2.3470326E-02 -1.8454128E-02 -2.3385140E-02 -9.3245518E-03  0.0000000E+00
  7.8507600E+01 -2.3171408E-02 -1.7918526E-02 -2.2806180E-02 -1.0970230E-02  0.0000000E+00
  7.8507600E+01 -2.3045677E-02 -1.7313060E-02 -2.1964129E-02 -1.2322983E-02  0.0000000E+00
  7.8507600E+01 -2.2564192E-02 -1.6613844E-02 -2.1054029E-02 -1.3414472E-02  0.0000000E+00
  7.8507600E+01 -2.1998620E-02 -1.6010952E-02 -2.0362758E-02 -1.4270492E-02  0.0000000E+00
  7.8507600E+01 -2.1498076E-02 -1.5385747E-02 -1.9697544E-02 -1.4913774E-02  0.0000000E+00
  7.8507600E+01 -2.0810735E-02 -1.4623145E-02 -1.8528967E-02 -1.5368022E-02  0.0000000E+00
  7.8507600E+01 -1.9642120E-02 -1.3867059E-02 -1.6994766E-02 -1.5659359E-02  0.0000000E+00
  7.8507600E+01 -1.8661217E-02 -1.3234963E-02 -1.5751401E-02 -1.5813139E-02  0.0000000E+00
  7.8507600E+01 -1.8054931E-02 -1.2653074E-02 -1.5021209E-02 -1.5857794E-02  0.0000000E+00
  7.8507600E+01 -1.7229930E-02 -1.2036313E-02 -1.4383722E-02 -1.5817785E-02  0.0000000E+00
  7.8507600E+01 -1.6274466E-02 -1.1452288E-02 -1.3899780E-02 -1.5715563E-02  0.0000000E+00
  7.8507600E+01 -1.5337222E-02 -1.0931551E-02 -1.3511760E-02 -1.5568696E-02  0.0000000E+00
  7.8507600E+01 -1.4686743E-02 -1.0432824E-02 -1.3079673E-02 -1.5387755E-02  0.0000000E+00
  7.8507600E+01 -1.4278572E-02 -9.9541599E-03 -1.2487680E-02 -1.5176604E-02  0.0000000E+00
  7.8507600E+01 -1.3629644E-02 -9.5457127E-03 -1.1779475E-02 -1.4934506E-02  0.0000000E+00
  7.8507600E+01 -1.3166475E-02 -9.1128514E-03 -1.1057903E-02 -1.4662218E-02  0.0000000E+00
  7.8507600E+01 -1.2502505E-02 -8.6889224E-03 -1.0520733E-02 -1.4364516E-02  0.0000000E+00
  7.8507600E+01 -1.1770058E-02 -8.2847683E-03 -1.0013309E-02 -1.4048859E-02  0.0000000E+00
  7.8507600E+01 -1.1210904E-02 -7.9364703E-03 -9.4853453E-03 -1.3721169E-02  0.0000000E+00
  7.8507600E+01 -1.0739135E-02 -7.6535734E-03 -9.1041913E-03 -1.3386768E-02  0.0000000E+00
  7.8507600E+01 -1.0031973E-02 -7.3778746E-03 -8.9136932E-03 -1.3053484E-02  0.0000000E+00
  7.8507600E+01 -9.6032424E-03 -7.1487853E-03 -8.6932936E-03 -1.2725179E-02  0.0000000E+00
  7.8507600E+01 -9.3825831E-03 -6.9344583E-03 -8.3511257E-03 -1.2402922E-02  0.0000000E+00
  7.8507600E+01 -9.0207650E-03 -6.7181869E-03 -8.0415661E-03 -1.2081754E-02  0.0000000E+00
  7.8507600E+01 -8.6082860E-03 -6.4912601E-03 -7.7880650E-03 -1.1760409E-02  0.0000000E+00
  7.8507600E+01 -8.2615637E-03 -6.2775612E-03 -7.6019041E-03 -1.1444228E-02  0.0000000E+00
  7.8507600E+01 -7.9921181E-03 -6.0835102E-03 -7.4631524E-03 -1.1137507E-02  0.0000000E+00
  7.8507600E+01 -7.7434334E-03 -5.8673768E-03 -7.2564078E-03 -1.0840824E-02  0.0000000E+00
  7.8507600E+01 -7.4940039E-03 -5.6284219E-03 -6.9127299E-03 -1.0549402E-02  0.0000000E+00
  7.8507600E+01 -7.2597387E-03 -5.4117275E-03 -6.5805194E-03 -1.0260385E-02  0.0000000E+00
  7.8507600E+01 -6.9555230E-03 -5.2245223E-03 -6.3077910E-03 -9.9731211E-03  0.0000000E+00
  7.8507600E+01 -6.6640830E-03 -5.0541423E-03 -6.0874830E-03 -9.6877080E-03  0.0000000E+00
  7.8507600E+01 -6.4512729E-03 -4.8908497E-03 -5.9180759E-03 -9.4021829E-03  0.0000000E+00
  7.8507600E+01 -6.3151007E-03 -4.7421416E-03 -5.8086116E-03 -9.1155077E-03  0.0000000E+00
  7.8507600E+01 -6.1982953E-03 -4.6119252E-03 -5.7239218E-03 -8.8244590E-03  0.0000000E+00
  7.8507600E+01 -6.0425313E-03 -4.4876536E-03 -5.5930935E-03 -8.5268993E-03  0.0000000E+00
  7.8507600E+01 -5.9139341E-03 -4.3663970E-03 -5.4844233E-03 -8.2235706E-03  0.0000000E+00
  7.8507600E+01 -5.7977160E-03 -4.2418769E-03 -5.3541523E-03 -7.9160550E-03  0.0000000E+00
  7.8507600E+01 -5.5882384E-03 -4.1267440E-03 -5.1744221E-03 -7.6060812E-03  0.0000000E+00
  7.8507600E+01 -5.3925995E-03 -4.0195082E-03 -4.9566894E-03 -7.2962540E-03  0.0000000E+00
  7.8507600E+01 -5.2465514E-03 -3.9131653E-03 -4.7525128E-03 -6.9889101E-03  0.0000000E+00
  7.8507600E+01 -5.0919806E-03 -3.8060167E-03 -4.6176049E-03 -6.6854105E-03  0.0000000E+00
  7.8507600E+01 -4.8783950E-03 -3.7028190E-03 -4.5412138E-03 -6.3890097E-03  0.0000000E+00
  7.8507600E+01 -4.6325080E-03 -3.6077908E-03 -4.4272333E-03 -6.1012716E-03  0.0000000E+00
  7.8507600E+01 -4.4097969E-03 -3.5204660E-03 -4.2650572E-03 -5.8236614E-03  0.0000000E+00
  7.8507600E+01 -4.2132585E-03 -3.4238150E-03 -4.1081643E-03 -5.5583396E-03  0.0000000E+00
  7.8507600E+01 -4.0786289E-03 -3.3146630E-03 -3.9325818E-03 -5.3070923E-03  0.0000000E+00
  7.8507600E+01 -3.9962569E-03 -3.2076186E-03 -3.7596748E-03 -5.0694651E-03  0.0000000E+00
  7.8507600E+01 -3.9146692E-03 -3.1087525E-03 -3.6094916E-03 -4.8434563E-03  0.0000000E+00
  7.8507600E+01 -3.7987551E-03 -3.0125213E-03 -3.4895067E-03 -4.6270624E-03  0.0000000E+00
  7.8507600E+01 -3.6613678E-03 -2.9110675E-03 -3.3871274E-03 -4.4185307E-03  0.0000000E+00
  7.8507600E+01 -3.5433917E-03 -2.8067864E-03 -3.2738918E-03 -4.2177932E-03  0.0000000E+00
  7.8507600E+01 -3.4344915E-03 -2.7150819E-03 -3.1349575E-03 -4.0238393E-03  0.0000000E+00
  7.8507600E+01 -3.3513440E-03 -2.6445505E-03 -2.9969682E-03 -3.8362960E-03  0.0000000E+00
  7.8507600E+01 -3.2384439E-03 -2.5880932E-03 -2.8794392E-03 -3.6552700E-03  0.0000000E+00
  7.8507600E+01 -3.1107155E-03 -2.5368203E-03 -2.8016467E-03 -3.4807496E-03  0.0000000E+00
  7.8507600E+01 -2.9954716E-03 -2.4833874E-03 -2.7476210E-03 -3.3123124E-03  0.0000000E+00
  7.8507600E+01 -2.9007073E-03 -2.4243311E-03 -2.6905398E-03 -3.1491975E-03  0.0000000E+00
  7.8507600E+01 -2.8200259E-03 -2.3601463E-03 -2.6212044E-03 -2.9901208E-03  0.0000000E+00
  7.8507600E+01 -2.7500091E-03 -2.2937568E-03 -2.5568892E-03 -2.8344750E-03  0.0000000E+00
  7.8507600E+01 -2.6928633E-03 -2.2255653E-03 -2.5039563E-03 -2.6806006E-03  0.0000000E+00
  7.8507600E+01 -2.6367388E-03 -2.1543902E-03 -2.4396338E-03 -2.5270148E-03  0.0000000E+00
  7.8507600E+01 -2.5495020E-03 -2.0865098E-03 -2.3558388E-03 -2.3730490E-03  0.0000000E+00
  7.8507600E+01 -2.4555522E-03 -2.0318266E-03 -2.2809489E-03 -2.2186101E-03  0.0000000E+00
  7.8507600E+01 -2.3726724E-03 -1.9865610E-03 -2.2184156E-03 -2.0641798E-03  0.0000000E+00
  7.8507600E+01 -2.3085416E-03 -1.9429674E-03 -2.1596304E-03 -1.9104755E-03  0.0000000E+00
  7.8507600E+01 -2.2564170E-03 -1.8968514E-03 -2.1012926E-03 -1.7586019E-03  0.0000000E+00
  7.8507600E+01 -2.1970905E-03 -1.8503158E-03 -2.0523680E-03 -1.6098226E-03  0.0000000E+00
  7.8507600E+01 -2.1188036E-03 -1.8087875E-03 -2.0216297E-03 -1.4658870E-03  0.0000000E+00
  7.8507600E+01 -2.0616944E-03 -1.7713036E-03 -1.9905972E-03 -1.3260129E-03  0.0000000E+00
  7.8507600E+01 -2.0410533E-03 -1.7325483E-03 -1.9362395E-03 -1.1887325E-03  0.0000000E+00
  7.8507600E+01 -2.0262851E-03 -1.6943206E-03 -1.8649962E-03 -1.0514042E-03  0.0000000E+00
  7.8507600E+01 -2.0124318E-03 -1.6578414E-03 -1.7926392E-03 -9.1110354E-04  0.0000000E+00
  7.8507600E+01 -1.9969030E-03 -1.6219990E-03 -1.7225245E-03 -7.6587017E-04  0.0000000E+00
  7.8507600E+01 -1.9759003E-03 -1.5855261E-03 -1.6536110E-03 -6.1559658E-04  0.0000000E+00
  7.8507600E+01 -1.9471411E-03 -1.5486547E-03 -1.5872390E-03 -4.6189457E-04  0.0000000E+00
  7.8507600E+01 -1.9109086E-03 -1.5131854E-03 -1.5283224E-03 -3.0718424E-04  0.0000000E+00
  7.8507600E+01 -1.8619242E-03 -1.4803353E-03 -1.4772888E-03 -1.5519117E-04  0.0000000E+00
  7.8507600E+01 -1.7996013E-03 -1.4479147E-03 -1.4317296E-03 -8.2144362E-06  0.0000000E+00
  7.8507600E+01 -1.7360014E-03 -1.4158387E-03 -1.3953461E-03  1.3223842E-04  0.0000000E+00
  7.8507600E+01 -1.6793197E-03 -1.3827248E-03 -1.3770560E-03  2.6566696E-04  0.0000000E+00
  7.8507600E+01 -1.6291884E-03 -1.3452986E-03 -1.3677663E-03  3.9247827E-04  0.0000000E+00
