          atime             vx             vy             vz             pr        garbage
  1.2200033E+02  5.3013226E-07 -3.0617793E-10 -4.3347822E-08 -1.4230200E-01  0.0000000E+00
  1.2200033E+02  4.2421439E-01  5.6755434E-02  1.4731597E-02 -1.3504748E-01  0.0000000E+00
  1.2200033E+02  6.3724464E-01  9.6060037E-02 -6.5085939E-02 -1.2651537E-01  0.0000000E+00
  1.2200033E+02  7.2508892E-01  7.6082681E-02 -2.3212059E-01 -1.1328825E-01  0.0000000E+00
  1.2200033E+02  7.8734357E-01  4.4173428E-02 -3.3519598E-01 -9.6311379E-02  0.0000000E+00
  1.2200033E+02  8.3262333E-01  1.8908281E-02 -3.5210645E-01 -8.1367302E-02  0.0000000E+00
  1.2200033E+02  8.5691000E-01 -3.2172638E-03 -3.2506195E-01 -7.0642513E-02  0.0000000E+00
  1.2200033E+02  8.7651830E-01 -2.3392254E-02 -2.8761015E-01 -6.3494722E-02  0.0000000E+00
  1.2200033E+02  8.9563715E-01 -4.2569892E-02 -2.5124590E-01 -5.8652100E-02  0.0000000E+00
  1.2200033E+02  9.1425109E-01 -6.0509719E-02 -2.1668538E-01 -5.5177320E-02  0.0000000E+00
  1.2200033E+02  9.3297312E-01 -7.6003648E-02 -1.8469021E-01 -5.2608299E-02  0.0000000E+00
  1.2200033E+02  9.5230815E-01 -8.8188607E-02 -1.5636793E-01 -5.0730579E-02  0.0000000E+00
  1.2200033E+02  9.7260053E-01 -9.6860215E-02 -1.3258744E-01 -4.9322798E-02  0.0000000E+00
  1.2200033E+02  9.9385738E-01 -1.0171303E-01 -1.1374497E-01 -4.8135477E-02  0.0000000E+00
  1.2200033E+02  1.0151952E+00 -1.0294802E-01 -9.9434621E-02 -4.7074142E-02  0.0000000E+00
  1.2200033E+02  1.0354355E+00 -1.0129651E-01 -8.8999108E-02 -4.6117940E-02  0.0000000E+00
  1.2200033E+02  1.0537292E+00 -9.7548510E-02 -8.1715572E-02 -4.5231755E-02  0.0000000E+00
  1.2200033E+02  1.0697487E+00 -9.2383379E-02 -7.6805352E-02 -4.4368776E-02  0.0000000E+00
  1.2200033E+02  1.0833977E+00 -8.6395008E-02 -7.3640637E-02 -4.3497609E-02  0.0000000E+00
  1.2200033E+02  1.0948061E+00 -8.0039810E-02 -7.1735246E-02 -4.2592747E-02  0.0000000E+00
  1.2200033E+02  1.1041625E+00 -7.3650369E-02 -7.0701713E-02 -4.1647902E-02  0.0000000E+00
  1.2200033E+02  1.1117498E+00 -6.7409586E-02 -7.0174937E-02 -4.0669316E-02  0.0000000E+00
  1.2200033E+02  1.1178406E+00 -6.1458223E-02 -6.9818773E-02 -3.9672562E-02  0.0000000E+00
  1.2200033E+02  1.1227015E+00 -5.5928653E-02 -6.9343300E-02 -3.8676980E-02  0.0000000E+00
  1.2200033E+02  1.1265999E+00 -5.0899524E-02 -6.8484749E-02 -3.7701664E-02  0.0000000E+00
  1.2200033E+02  1.1297139E+00 -4.6475460E-02 -6.6980609E-02 -3.6760522E-02  0.0000000E+00
  1.2200033E+02  1.1321351E+00 -4.2828457E-02 -6.4594684E-02 -3.5855026E-02  0.0000000E+00
  1.2200033E+02  1.1339738E+00 -4.0102594E-02 -6.1138373E-02 -3.4962655E-02  0.0000000E+00
  1.2200033E+02  1.1353257E+00 -3.8407880E-02 -5.6480173E-02 -3.4058267E-02  0.0000000E+00
  1.2200033E+02  1.1362833E+00 -3.7825583E-02 -5.0560968E-02 -3.3117812E-02  0.0000000E+00
  1.2200033E+02  1.1369528E+00 -3.8414654E-02 -4.3462261E-02 -3.2127337E-02  0.0000000E+00
  1.2200033E+02  1.1374642E+00 -4.0205565E-02 -3.5347781E-02 -3.1080879E-02  0.0000000E+00
  1.2200033E+02  1.1379278E+00 -4.3214695E-02 -2.6465339E-02 -2.9979214E-02  0.0000000E+00
  1.2200033E+02  1.1383826E+00 -4.7428082E-02 -1.7180051E-02 -2.8829614E-02  0.0000000E+00
  1.2200033E+02  1.1387653E+00 -5.2838101E-02 -7.8390422E-03 -2.7631132E-02  0.0000000E+00
  1.2200033E+02  1.1388473E+00 -5.9440627E-02  1.2025722E-03 -2.6378277E-02  0.0000000E+00
  1.2200033E+02  1.1382450E+00 -6.7216519E-02  9.5455485E-03 -2.5085736E-02  0.0000000E+00
  1.2200033E+02  1.1365169E+00 -7.6223530E-02  1.6893490E-02 -2.3779102E-02  0.0000000E+00
  1.2200033E+02  1.1333321E+00 -8.6545117E-02  2.3059579E-02 -2.2493903E-02  0.0000000E+00
  1.2200033E+02  1.1287386E+00 -9.8135350E-02  2.8004139E-02 -2.1272439E-02  0.0000000E+00
  1.2200033E+02  1.1232322E+00 -1.1082922E-01  3.1866421E-02 -2.0141988E-02  0.0000000E+00
  1.2200033E+02  1.1176720E+00 -1.2421393E-01  3.4782061E-02 -1.9126542E-02  0.0000000E+00
  1.2200033E+02  1.1128831E+00 -1.3769616E-01  3.6670844E-02 -1.8245966E-02  0.0000000E+00
  1.2200033E+02  1.1093534E+00 -1.5051202E-01  3.7176589E-02 -1.7518014E-02  0.0000000E+00
  1.2200033E+02  1.1070242E+00 -1.6203772E-01  3.5778572E-02 -1.6943948E-02  0.0000000E+00
  1.2200033E+02  1.1054113E+00 -1.7184095E-01  3.1968976E-02 -1.6509457E-02  0.0000000E+00
  1.2200033E+02  1.1039743E+00 -1.7968998E-01  2.5584018E-02 -1.6178715E-02  0.0000000E+00
  1.2200033E+02  1.1024412E+00 -1.8557711E-01  1.6825160E-02 -1.5899763E-02  0.0000000E+00
  1.2200033E+02  1.1008742E+00 -1.8955258E-01  6.1969081E-03 -1.5615651E-02  0.0000000E+00
  1.2200033E+02  1.0995356E+00 -1.9167062E-01 -5.5483954E-03 -1.5278945E-02  0.0000000E+00
  1.2200033E+02  1.0986988E+00 -1.9204224E-01 -1.7611975E-02 -1.4854833E-02  0.0000000E+00
  1.2200033E+02  1.0985422E+00 -1.9082596E-01 -2.9149194E-02 -1.4328441E-02  0.0000000E+00
  1.2200033E+02  1.0991012E+00 -1.8826012E-01 -3.9371588E-02 -1.3701900E-02  0.0000000E+00
  1.2200033E+02  1.1002943E+00 -1.8469402E-01 -4.7537588E-02 -1.2998071E-02  0.0000000E+00
  1.2200033E+02  1.1020199E+00 -1.8053278E-01 -5.3150756E-02 -1.2252579E-02  0.0000000E+00
  1.2200033E+02  1.1041880E+00 -1.7622356E-01 -5.5954925E-02 -1.1507323E-02  0.0000000E+00
  1.2200033E+02  1.1067296E+00 -1.7223679E-01 -5.5963259E-02 -1.0807849E-02  0.0000000E+00
  1.2200033E+02  1.1095867E+00 -1.6895937E-01 -5.3466418E-02 -1.0190541E-02  0.0000000E+00
  1.2200033E+02  1.1126584E+00 -1.6666402E-01 -4.8916067E-02 -9.6801470E-03  0.0000000E+00
  1.2200033E+02  1.1157632E+00 -1.6548129E-01 -4.2870133E-02 -9.2897313E-03  0.0000000E+00
  1.2200033E+02  1.1186938E+00 -1.6536873E-01 -3.5838375E-02 -9.0175336E-03  0.0000000E+00
  1.2200033E+02  1.1212505E+00 -1.6616308E-01 -2.8236658E-02 -8.8536857E-03  0.0000000E+00
  1.2200033E+02  1.1233316E+00 -1.6764338E-01 -2.0341144E-02 -8.7788891E-03  0.0000000E+00
  1.2200033E+02  1.1249375E+00 -1.6956219E-01 -1.2378696E-02 -8.7711942E-03  0.0000000E+00
  1.2200033E+02  1.1261648E+00 -1.7168859E-01 -4.4578545E-03 -8.8059473E-03  0.0000000E+00
  1.2200033E+02  1.1271424E+00 -1.7381048E-01  3.3593378E-03 -8.8598843E-03  0.0000000E+00
  1.2200033E+02  1.1279961E+00 -1.7571808E-01  1.0998716E-02 -8.9112934E-03  0.0000000E+00
  1.2200033E+02  1.1288391E+00 -1.7722266E-01  1.8451513E-02 -8.9417219E-03  0.0000000E+00
  1.2200033E+02  1.1297549E+00 -1.7813796E-01  2.5718824E-02 -8.9366922E-03  0.0000000E+00
  1.2200033E+02  1.1307880E+00 -1.7827854E-01  3.2758038E-02 -8.8870238E-03  0.0000000E+00
  1.2200033E+02  1.1319542E+00 -1.7747476E-01  3.9542032E-02 -8.7897125E-03  0.0000000E+00
  1.2200033E+02  1.1332305E+00 -1.7556892E-01  4.5989006E-02 -8.6483273E-03  0.0000000E+00
  1.2200033E+02  1.1345536E+00 -1.7244604E-01  5.1905145E-02 -8.4765293E-03  0.0000000E+00
  1.2200033E+02  1.1358447E+00 -1.6803065E-01  5.7040719E-02 -8.2938869E-03  0.0000000E+00
  1.2200033E+02  1.1370217E+00 -1.6231063E-01  6.1041838E-02 -8.1264502E-03  0.0000000E+00
  1.2200033E+02  1.1380288E+00 -1.5532984E-01  6.3484752E-02 -8.0015904E-03  0.0000000E+00
  1.2200033E+02  1.1388594E+00 -1.4725317E-01  6.3893096E-02 -7.9416590E-03  0.0000000E+00
  1.2200033E+02  1.1395925E+00 -1.3829758E-01  6.1812321E-02 -7.9571959E-03  0.0000000E+00
  1.2200033E+02  1.1404036E+00 -1.2877504E-01  5.6831601E-02 -8.0491626E-03  0.0000000E+00
  1.2200033E+02  1.1415630E+00 -1.1917319E-01  4.8724330E-02 -8.2058479E-03  0.0000000E+00
  1.2200033E+02  1.1434101E+00 -1.1002438E-01  3.7448396E-02 -8.4089871E-03  0.0000000E+00
  1.2200033E+02  1.1462750E+00 -1.0187949E-01  2.3241500E-02 -8.6357698E-03  0.0000000E+00
  1.2200033E+02  1.1502814E+00 -9.5226809E-02  6.7595234E-03 -8.8699713E-03  0.0000000E+00
  1.2200033E+02  1.1552846E+00 -9.0349665E-02 -1.1085722E-02 -9.1057604E-03  0.0000000E+00
  1.2200033E+02  1.1608943E+00 -8.7393572E-02 -2.9145955E-02 -9.3449981E-03  0.0000000E+00
  1.2200033E+02  1.1666238E+00 -8.6379016E-02 -4.6296090E-02 -9.5955697E-03  0.0000000E+00
  1.2200033E+02  1.1720334E+00 -8.7237164E-02 -6.1550415E-02 -9.8649288E-03  0.0000000E+00
  1.2200033E+02  1.1769812E+00 -8.9799834E-02 -7.4494215E-02 -1.0157362E-02  0.0000000E+00
  1.2200033E+02  1.1815292E+00 -9.3763718E-02 -8.5223409E-02 -1.0472734E-02  0.0000000E+00
  1.2200033E+02  1.1857811E+00 -9.8680273E-02 -9.4149917E-02 -1.0805279E-02  0.0000000E+00
  1.2200033E+02  1.1898333E+00 -1.0406263E-01 -1.0187652E-01 -1.1149982E-02  0.0000000E+00
  1.2200033E+02  1.1937149E+00 -1.0944193E-01 -1.0892530E-01 -1.1501381E-02  0.0000000E+00
  1.2200033E+02  1.1973825E+00 -1.1437803E-01 -1.1560761E-01 -1.1850633E-02  0.0000000E+00
  1.2200033E+02  1.2007946E+00 -1.1854671E-01 -1.2207633E-01 -1.2187514E-02  0.0000000E+00
  1.2200033E+02  1.2039165E+00 -1.2170490E-01 -1.2830282E-01 -1.2496914E-02  0.0000000E+00
  1.2200033E+02  1.2067599E+00 -1.2369264E-01 -1.3417107E-01 -1.2762491E-02  0.0000000E+00
  1.2200033E+02  1.2093586E+00 -1.2441590E-01 -1.3951114E-01 -1.2971337E-02  0.0000000E+00
  1.2200033E+02  1.2117869E+00 -1.2387340E-01 -1.4418207E-01 -1.3115076E-02  0.0000000E+00
  1.2200033E+02  1.2141363E+00 -1.2212721E-01 -1.4807705E-01 -1.3190924E-02  0.0000000E+00
  1.2200033E+02  1.2164867E+00 -1.1930806E-01 -1.5111267E-01 -1.3200480E-02  0.0000000E+00
  1.2200033E+02  6.0961889E-07 -1.0462893E-07  6.4813265E-07 -7.7713573E-02  0.0000000E+00
  1.2200033E+02 -9.5097640E-03 -4.8456742E-03  1.5802722E-02 -7.7972061E-02  0.0000000E+00
  1.2200033E+02 -5.9309593E-02 -8.2900143E-03  2.9874304E-02 -7.8124625E-02  0.0000000E+00
  1.2200033E+02 -1.2518503E-01 -5.0198015E-03  3.4906639E-02 -7.8456752E-02  0.0000000E+00
  1.2200033E+02 -1.7440176E-01  3.8526501E-03  3.5131589E-02 -7.9315171E-02  0.0000000E+00
  1.2200033E+02 -1.8210483E-01  1.3382038E-02  3.8589514E-02 -8.0954943E-02  0.0000000E+00
  1.2200033E+02 -1.3482694E-01  1.6426525E-02  4.8210285E-02 -8.3404210E-02  0.0000000E+00
  1.2200033E+02 -2.6568244E-02  9.2450211E-03  6.5093896E-02 -8.6575302E-02  0.0000000E+00
  1.2200033E+02  1.4395406E-01  5.1675916E-05  1.0131795E-01 -9.0152037E-02  0.0000000E+00
  1.2200033E+02  3.4638149E-01 -4.2966637E-03  1.4985054E-01 -9.3375400E-02  0.0000000E+00
  1.2200033E+02  5.4212007E-01 -6.3486670E-03  1.8496274E-01 -9.5663823E-02  0.0000000E+00
  1.2200033E+02  6.9428356E-01 -9.2429415E-03  1.8141060E-01 -9.7055994E-02  0.0000000E+00
  1.2200033E+02  7.7450778E-01 -1.6164515E-02  1.2842517E-01 -9.7724099E-02  0.0000000E+00
  1.2200033E+02  8.1094656E-01 -2.8189544E-02  4.8409980E-02 -9.7082822E-02  0.0000000E+00
  1.2200033E+02  8.3785987E-01 -4.3799579E-02 -3.4971647E-02 -9.4940468E-02  0.0000000E+00
  1.2200033E+02  8.6310331E-01 -5.7564049E-02 -1.0912003E-01 -9.1392194E-02  0.0000000E+00
  1.2200033E+02  8.8860258E-01 -6.1079192E-02 -1.6627830E-01 -8.6813368E-02  0.0000000E+00
  1.2200033E+02  9.1575658E-01 -5.0709781E-02 -2.0183338E-01 -8.1696482E-02  0.0000000E+00
  1.2200033E+02  9.4293589E-01 -3.1242262E-02 -2.1766614E-01 -7.6607053E-02  0.0000000E+00
  1.2200033E+02  9.6542339E-01 -1.3669200E-02 -2.2285632E-01 -7.1876047E-02  0.0000000E+00
  1.2200033E+02  9.7917964E-01 -6.9423408E-03 -2.2921231E-01 -6.7532726E-02  0.0000000E+00
  1.2200033E+02  9.8487273E-01 -1.1204228E-02 -2.4137548E-01 -6.3461057E-02  0.0000000E+00
  1.2200033E+02  9.8783998E-01 -1.9996602E-02 -2.5447268E-01 -5.9636268E-02  0.0000000E+00
  1.2200033E+02  9.9573660E-01 -2.6338475E-02 -2.6210552E-01 -5.6084104E-02  0.0000000E+00
  1.2200033E+02  1.0129262E+00 -2.7430524E-02 -2.6163050E-01 -5.2829570E-02  0.0000000E+00
  1.2200033E+02  1.0365868E+00 -2.5672407E-02 -2.5448973E-01 -4.9863807E-02  0.0000000E+00
  1.2200033E+02  1.0594042E+00 -2.5181967E-02 -2.4355836E-01 -4.7236972E-02  0.0000000E+00
  1.2200033E+02  1.0774716E+00 -2.7430765E-02 -2.3110087E-01 -4.5009780E-02  0.0000000E+00
  1.2200033E+02  1.0914070E+00 -3.1271141E-02 -2.1876268E-01 -4.3082917E-02  0.0000000E+00
  1.2200033E+02  1.1025729E+00 -3.5078386E-02 -2.0765830E-01 -4.1292007E-02  0.0000000E+00
  1.2200033E+02  1.1117537E+00 -3.7941074E-02 -1.9830969E-01 -3.9526952E-02  0.0000000E+00
  1.2200033E+02  1.1191562E+00 -3.9715998E-02 -1.9068766E-01 -3.7757860E-02  0.0000000E+00
  1.2200033E+02  1.1249810E+00 -4.0558289E-02 -1.8441014E-01 -3.6005838E-02  0.0000000E+00
  1.2200033E+02  1.1294406E+00 -4.0580820E-02 -1.7895002E-01 -3.4285053E-02  0.0000000E+00
  1.2200033E+02  1.1326901E+00 -3.9847367E-02 -1.7380412E-01 -3.2614619E-02  0.0000000E+00
  1.2200033E+02  1.1349772E+00 -3.8449358E-02 -1.6853823E-01 -3.0995126E-02  0.0000000E+00
  1.2200033E+02  1.1365287E+00 -3.6498017E-02 -1.6282244E-01 -2.9432389E-02  0.0000000E+00
  1.2200033E+02  1.1375518E+00 -3.4113690E-02 -1.5640212E-01 -2.7938362E-02  0.0000000E+00
  1.2200033E+02  1.1382777E+00 -3.1423856E-02 -1.4908856E-01 -2.6525448E-02  0.0000000E+00
  1.2200033E+02  1.1389400E+00 -2.8606730E-02 -1.4079020E-01 -2.5193616E-02  0.0000000E+00
  1.2200033E+02  1.1397491E+00 -2.5841483E-02 -1.3152042E-01 -2.3940492E-02  0.0000000E+00
  1.2200033E+02  1.1408787E+00 -2.3311008E-02 -1.2140294E-01 -2.2758166E-02  0.0000000E+00
  1.2200033E+02  1.1424490E+00 -2.1198793E-02 -1.1063824E-01 -2.1631206E-02  0.0000000E+00
  1.2200033E+02  1.1445212E+00 -1.9675213E-02 -9.9552409E-02 -2.0549285E-02  0.0000000E+00
  1.2200033E+02  1.1471236E+00 -1.8859898E-02 -8.8446459E-02 -1.9497998E-02  0.0000000E+00
  1.2200033E+02  1.1502490E+00 -1.8837741E-02 -7.7637986E-02 -1.8466311E-02  0.0000000E+00
  1.2200033E+02  1.1538686E+00 -1.9646337E-02 -6.7409225E-02 -1.7449071E-02  0.0000000E+00
  1.2200033E+02  1.1579442E+00 -2.1283486E-02 -5.7985340E-02 -1.6445664E-02  0.0000000E+00
  1.2200033E+02  1.1624325E+00 -2.3705753E-02 -4.9526695E-02 -1.5461824E-02  0.0000000E+00
  1.2200033E+02  1.1672866E+00 -2.6837155E-02 -4.2117868E-02 -1.4506513E-02  0.0000000E+00
  1.2200033E+02  1.1724427E+00 -3.0593545E-02 -3.5775038E-02 -1.3590752E-02  0.0000000E+00
  1.2200033E+02  1.1777653E+00 -3.4873309E-02 -3.0514000E-02 -1.2731564E-02  0.0000000E+00
  1.2200033E+02  1.1831019E+00 -3.9608702E-02 -2.6299845E-02 -1.1940541E-02  0.0000000E+00
  1.2200033E+02  1.1882674E+00 -4.4744316E-02 -2.3099750E-02 -1.1229019E-02  0.0000000E+00
  1.2200033E+02  1.1931024E+00 -5.0241712E-02 -2.0858155E-02 -1.0605154E-02  0.0000000E+00
  1.2200033E+02  1.1975365E+00 -5.6055996E-02 -1.9475396E-02 -1.0074496E-02  0.0000000E+00
  1.2200033E+02  1.2016076E+00 -6.2123538E-02 -1.8764547E-02 -9.6388972E-03  0.0000000E+00
  1.2200033E+02  1.2054127E+00 -6.8377508E-02 -1.8432815E-02 -9.2987142E-03  0.0000000E+00
  1.2200033E+02  1.2090507E+00 -7.4744157E-02 -1.8141699E-02 -9.0504283E-03  0.0000000E+00
  1.2200033E+02  1.2125888E+00 -8.1151798E-02 -1.7566849E-02 -8.8857550E-03  0.0000000E+00
  1.2200033E+02  1.2160180E+00 -8.7487680E-02 -1.6448799E-02 -8.7931680E-03  0.0000000E+00
  1.2200033E+02  1.2192969E+00 -9.3677089E-02 -1.4607439E-02 -8.7569974E-03  0.0000000E+00
  1.2200033E+02  1.2223543E+00 -9.9655097E-02 -1.1928360E-02 -8.7608396E-03  0.0000000E+00
  1.2200033E+02  1.2251210E+00 -1.0539060E-01 -8.3458150E-03 -8.7897832E-03  0.0000000E+00
  1.2200033E+02  1.2275434E+00 -1.1088437E-01 -3.8420283E-03 -8.8309941E-03  0.0000000E+00
  1.2200033E+02  1.2295988E+00 -1.1615704E-01  1.5496109E-03 -8.8726430E-03  0.0000000E+00
  1.2200033E+02  1.2313016E+00 -1.2123517E-01  7.7457238E-03 -8.9035679E-03  0.0000000E+00
  1.2200033E+02  1.2327032E+00 -1.2613776E-01  1.4619526E-02 -8.9135075E-03  0.0000000E+00
  1.2200033E+02  1.2338877E+00 -1.3087306E-01  2.2023797E-02 -8.8930400E-03  0.0000000E+00
  1.2200033E+02  1.2349542E+00 -1.3539690E-01  2.9748960E-02 -8.8343478E-03  0.0000000E+00
  1.2200033E+02  1.2360167E+00 -1.3966077E-01  3.7617656E-02 -8.7324821E-03  0.0000000E+00
  1.2200033E+02  1.2371796E+00 -1.4358043E-01  4.5438543E-02 -8.5849436E-03  0.0000000E+00
  1.2200033E+02  1.2385324E+00 -1.4705272E-01  5.3026406E-02 -8.3924802E-03  0.0000000E+00
  1.2200033E+02  1.2401385E+00 -1.4996328E-01  6.0197890E-02 -8.1588495E-03  0.0000000E+00
  1.2200033E+02  1.2420256E+00 -1.5220008E-01  6.6770194E-02 -7.8923706E-03  0.0000000E+00
  1.2200033E+02  1.2441814E+00 -1.5366794E-01  7.2563138E-02 -7.6059639E-03  0.0000000E+00
  1.2200033E+02  1.2465595E+00 -1.5430064E-01  7.7411307E-02 -7.3157371E-03  0.0000000E+00
  1.2200033E+02  1.2490694E+00 -1.5406471E-01  8.1138655E-02 -7.0411893E-03  0.0000000E+00
  1.2200033E+02  1.2516149E+00 -1.5296616E-01  8.3623049E-02 -6.7991203E-03  0.0000000E+00
  1.2200033E+02  1.2540971E+00 -1.5103484E-01  8.4774631E-02 -6.6031640E-03  0.0000000E+00
  1.2200033E+02  1.2564363E+00 -1.4831452E-01  8.4555034E-02 -6.4630915E-03  0.0000000E+00
  1.2200033E+02  1.2585881E+00 -1.4485721E-01  8.2993925E-02 -6.3872597E-03  0.0000000E+00
  1.2200033E+02  1.2605467E+00 -1.4073004E-01  8.0177759E-02 -6.3806717E-03  0.0000000E+00
  1.2200033E+02  1.2623352E+00 -1.3601483E-01  7.6242641E-02 -6.4417732E-03  0.0000000E+00
  1.2200033E+02  1.2639914E+00 -1.3080832E-01  7.1366506E-02 -6.5619285E-03  0.0000000E+00
  1.2200033E+02  1.2655563E+00 -1.2521218E-01  6.5751288E-02 -6.7273435E-03  0.0000000E+00
  1.2200033E+02  1.2670499E+00 -1.1937354E-01  5.9659753E-02 -6.9209179E-03  0.0000000E+00
  1.2200033E+02  1.2684788E+00 -1.1342260E-01  5.3352432E-02 -7.1275688E-03  0.0000000E+00
  1.2200033E+02  1.2698227E+00 -1.0750927E-01  4.7106072E-02 -7.3342777E-03  0.0000000E+00
  1.2200033E+02  1.2710398E+00 -1.0178859E-01  4.1193374E-02 -7.5302409E-03  0.0000000E+00
  1.2200033E+02  1.2720715E+00 -9.6419803E-02  3.5859293E-02 -7.7068113E-03  0.0000000E+00
  1.2200033E+02  1.2728582E+00 -9.1561731E-02  3.1308006E-02 -7.8570329E-03  0.0000000E+00
  1.2200033E+02  1.2733546E+00 -8.7365618E-02  2.7697120E-02 -7.9753000E-03  0.0000000E+00
  1.2200033E+02  1.2735422E+00 -8.3966869E-02  2.5135035E-02 -8.0576660E-03  0.0000000E+00
  1.2200033E+02  1.2734360E+00 -8.1471957E-02  2.3679469E-02 -8.1021653E-03  0.0000000E+00
  1.2200033E+02  1.2730899E+00 -7.9963766E-02  2.3348436E-02 -8.1081234E-03  0.0000000E+00
  1.2200033E+02  1.2725904E+00 -7.9468202E-02  2.4107767E-02 -8.0773418E-03  0.0000000E+00
  1.2200033E+02  1.2720433E+00 -7.9967591E-02  2.5886086E-02 -8.0123409E-03  0.0000000E+00
  1.2200033E+02  1.2715619E+00 -8.1398445E-02  2.8575532E-02 -7.9176983E-03  0.0000000E+00
  1.2200033E+02  1.2712501E+00 -8.3654873E-02  3.2038675E-02 -7.7979889E-03  0.0000000E+00
  1.2200033E+02  0.0000000E+00  0.0000000E+00  0.0000000E+00 -9.5207979E-02  0.0000000E+00
  1.2200033E+02 -2.6278771E-01  5.1653027E-02  2.8443952E-02 -9.9590164E-02  0.0000000E+00
  1.2200033E+02 -2.9118864E-01  2.8162278E-02  5.7422102E-02 -1.0342525E-01  0.0000000E+00
  1.2200033E+02 -2.0022629E-01  1.0035645E-03  1.1253737E-01 -1.1014235E-01  0.0000000E+00
  1.2200033E+02 -2.7024470E-02 -1.7999168E-02  1.7053830E-01 -1.1826912E-01  0.0000000E+00
  1.2200033E+02  1.8992887E-01 -4.7882027E-02  1.5382127E-01 -1.2427301E-01  0.0000000E+00
  1.2200033E+02  4.4093819E-01 -8.9438198E-02  1.2410055E-01 -1.2510282E-01  0.0000000E+00
  1.2200033E+02  6.8727277E-01 -1.3377530E-01  1.4498982E-01 -1.1998691E-01  0.0000000E+00
  1.2200033E+02  8.3934725E-01 -1.7049548E-01  1.7606113E-01 -1.1081543E-01  0.0000000E+00
  1.2200033E+02  8.6525116E-01 -1.9202989E-01  1.6550308E-01 -1.0048549E-01  0.0000000E+00
  1.2200033E+02  8.1412998E-01 -1.9791131E-01  1.1277599E-01 -9.0689923E-02  0.0000000E+00
  1.2200033E+02  7.3610230E-01 -1.8899965E-01  2.8754414E-02 -8.2262834E-02  0.0000000E+00
  1.2200033E+02  6.7000441E-01 -1.7456408E-01 -4.1240116E-02 -7.6595752E-02  0.0000000E+00
  1.2200033E+02  6.3806400E-01 -1.6605329E-01 -5.9048759E-02 -7.4167919E-02  0.0000000E+00
  1.2200033E+02  6.3491835E-01 -1.6289080E-01 -4.3465511E-02 -7.3527612E-02  0.0000000E+00
  1.2200033E+02  6.5137014E-01 -1.5627662E-01 -2.4932416E-02 -7.3174150E-02  0.0000000E+00
  1.2200033E+02  6.8515176E-01 -1.4140866E-01 -1.5397839E-02 -7.2160868E-02  0.0000000E+00
  1.2200033E+02  7.3104702E-01 -1.1964618E-01 -1.7856533E-02 -7.0165080E-02  0.0000000E+00
  1.2200033E+02  7.8123612E-01 -9.5161764E-02 -3.1154529E-02 -6.7379902E-02  0.0000000E+00
  1.2200033E+02  8.2908839E-01 -7.1418954E-02 -5.1185628E-02 -6.4262407E-02  0.0000000E+00
  1.2200033E+02  8.7186198E-01 -4.9879662E-02 -7.4594828E-02 -6.1156602E-02  0.0000000E+00
  1.2200033E+02  9.1059609E-01 -3.0319761E-02 -1.0289436E-01 -5.8215672E-02  0.0000000E+00
  1.2200033E+02  9.4976213E-01 -1.0941111E-02 -1.4204263E-01 -5.5530671E-02  0.0000000E+00
  1.2200033E+02  9.9383317E-01  1.0823955E-02 -1.9004883E-01 -5.3070011E-02  0.0000000E+00
  1.2200033E+02  1.0411967E+00  3.1989916E-02 -2.3094036E-01 -5.1089392E-02  0.0000000E+00
  1.2200033E+02  1.0845974E+00  4.2980209E-02 -2.4519544E-01 -4.9687116E-02  0.0000000E+00
  1.2200033E+02  1.1192513E+00  3.7888344E-02 -2.3356778E-01 -4.8794933E-02  0.0000000E+00
  1.2200033E+02  1.1445587E+00  2.0638039E-02 -2.1841608E-01 -4.8111421E-02  0.0000000E+00
  1.2200033E+02  1.1562517E+00 -4.9708287E-03 -2.1571251E-01 -4.7837822E-02  0.0000000E+00
  1.2200033E+02  1.1567237E+00 -3.4717951E-02 -2.2494353E-01 -4.8314866E-02  0.0000000E+00
  1.2200033E+02  1.1537995E+00 -6.2622188E-02 -2.3829715E-01 -4.9421539E-02  0.0000000E+00
  1.2200033E+02  1.1527509E+00 -8.4427498E-02 -2.5108037E-01 -5.1082463E-02  0.0000000E+00
  1.2200033E+02  1.1514383E+00 -1.0063235E-01 -2.6296298E-01 -5.2873298E-02  0.0000000E+00
  1.2200033E+02  1.1467271E+00 -1.1226953E-01 -2.7461193E-01 -5.4392770E-02  0.0000000E+00
  1.2200033E+02  1.1359658E+00 -1.1914675E-01 -2.8726379E-01 -5.5148791E-02  0.0000000E+00
  1.2200033E+02  1.1181873E+00 -1.2040778E-01 -3.0145383E-01 -5.4634253E-02  0.0000000E+00
  1.2200033E+02  1.0947502E+00 -1.1489712E-01 -3.1692849E-01 -5.2619057E-02  0.0000000E+00
  1.2200033E+02  1.0690207E+00 -1.0209193E-01 -3.3282322E-01 -4.9256198E-02  0.0000000E+00
  1.2200033E+02  1.0452124E+00 -8.3024040E-02 -3.4783688E-01 -4.4887701E-02  0.0000000E+00
  1.2200033E+02  1.0268496E+00 -5.9818502E-02 -3.6063678E-01 -4.0014542E-02  0.0000000E+00
  1.2200033E+02  1.0158207E+00 -3.4929828E-02 -3.7052129E-01 -3.5082756E-02  0.0000000E+00
  1.2200033E+02  1.0122605E+00 -1.0394283E-02 -3.7733304E-01 -3.0423006E-02  0.0000000E+00
  1.2200033E+02  1.0151285E+00  1.2514491E-02 -3.8122083E-01 -2.6234113E-02  0.0000000E+00
  1.2200033E+02  1.0228499E+00  3.3177360E-02 -3.8238462E-01 -2.2602925E-02  0.0000000E+00
  1.2200033E+02  1.0338272E+00  5.1541434E-02 -3.8093270E-01 -1.9533579E-02  0.0000000E+00
  1.2200033E+02  1.0468369E+00  6.8040911E-02 -3.7678380E-01 -1.7004846E-02  0.0000000E+00
  1.2200033E+02  1.0613660E+00  8.3343831E-02 -3.6961106E-01 -1.4992328E-02  0.0000000E+00
  1.2200033E+02  1.0774189E+00  9.7866552E-02 -3.5911211E-01 -1.3459933E-02  0.0000000E+00
  1.2200033E+02  1.0955524E+00  1.1126047E-01 -3.4581970E-01 -1.2378753E-02  0.0000000E+00
  1.2200033E+02  1.1157054E+00  1.2230190E-01 -3.3105136E-01 -1.1698385E-02  0.0000000E+00
  1.2200033E+02  1.1362750E+00  1.2936941E-01 -3.1538480E-01 -1.1406388E-02  0.0000000E+00
  1.2200033E+02  1.1548499E+00  1.3123119E-01 -2.9838848E-01 -1.1510552E-02  0.0000000E+00
  1.2200033E+02  1.1694183E+00  1.2779379E-01 -2.7900841E-01 -1.1995708E-02  0.0000000E+00
  1.2200033E+02  1.1796030E+00  1.2041800E-01 -2.5647504E-01 -1.2789498E-02  0.0000000E+00
  1.2200033E+02  1.1871865E+00  1.1136710E-01 -2.3133652E-01 -1.3751182E-02  0.0000000E+00
  1.2200033E+02  1.1940215E+00  1.0233078E-01 -2.0444074E-01 -1.4721426E-02  0.0000000E+00
  1.2200033E+02  1.2006576E+00  9.3733556E-02 -1.7678992E-01 -1.5587281E-02  0.0000000E+00
  1.2200033E+02  1.2071695E+00  8.5532864E-02 -1.4955262E-01 -1.6279612E-02  0.0000000E+00
  1.2200033E+02  1.2134286E+00  7.7648984E-02 -1.2388819E-01 -1.6751082E-02  0.0000000E+00
  1.2200033E+02  1.2192556E+00  7.0088274E-02 -1.0076216E-01 -1.6979945E-02  0.0000000E+00
  1.2200033E+02  1.2245394E+00  6.2916927E-02 -8.0789816E-02 -1.6984605E-02  0.0000000E+00
  1.2200033E+02  1.2292382E+00  5.6169579E-02 -6.4168746E-02 -1.6811480E-02  0.0000000E+00
  1.2200033E+02  1.2332724E+00  4.9808056E-02 -5.0752795E-02 -1.6502334E-02  0.0000000E+00
  1.2200033E+02  1.2366182E+00  4.3735531E-02 -4.0182030E-02 -1.6113019E-02  0.0000000E+00
  1.2200033E+02  1.2393199E+00  3.7872777E-02 -3.1967423E-02 -1.5685676E-02  0.0000000E+00
  1.2200033E+02  1.2414545E+00  3.2150030E-02 -2.5574296E-02 -1.5245794E-02  0.0000000E+00
  1.2200033E+02  1.2431114E+00  2.6527598E-02 -2.0464329E-02 -1.4810603E-02  0.0000000E+00
  1.2200033E+02  1.2443868E+00  2.1001584E-02 -1.6139958E-02 -1.4395112E-02  0.0000000E+00
  1.2200033E+02  1.2453658E+00  1.5586146E-02 -1.2183656E-02 -1.4006061E-02  0.0000000E+00
  1.2200033E+02  1.2461160E+00  1.0307570E-02 -8.2790295E-03 -1.3640956E-02  0.0000000E+00
  1.2200033E+02  1.2467103E+00  5.2301276E-03 -4.2005883E-03 -1.3300928E-02  0.0000000E+00
  1.2200033E+02  1.2472093E+00  4.1795356E-04  2.3164465E-04 -1.2978570E-02  0.0000000E+00
  1.2200033E+02  1.2476662E+00 -4.0644114E-03  5.1367010E-03 -1.2671066E-02  0.0000000E+00
  1.2200033E+02  1.2481274E+00 -8.1624384E-03  1.0580941E-02 -1.2371212E-02  0.0000000E+00
  1.2200033E+02  1.2486371E+00 -1.1827680E-02  1.6581466E-02 -1.2074029E-02  0.0000000E+00
  1.2200033E+02  1.2492371E+00 -1.5033195E-02  2.3106973E-02 -1.1773037E-02  0.0000000E+00
  1.2200033E+02  1.2499705E+00 -1.7778244E-02  3.0083373E-02 -1.1463077E-02  0.0000000E+00
  1.2200033E+02  1.2508864E+00 -2.0091940E-02  3.7400339E-02 -1.1143580E-02  0.0000000E+00
  1.2200033E+02  1.2520462E+00 -2.2045600E-02  4.4914926E-02 -1.0816188E-02  0.0000000E+00
  1.2200033E+02  1.2535203E+00 -2.3750421E-02  5.2457972E-02 -1.0484848E-02  0.0000000E+00
  1.2200033E+02  1.2553903E+00 -2.5339354E-02  5.9834455E-02 -1.0154028E-02  0.0000000E+00
  1.2200033E+02  1.2577307E+00 -2.6941627E-02  6.6824641E-02 -9.8321451E-03  0.0000000E+00
  1.2200033E+02  1.2605258E+00 -2.8661705E-02  7.3227824E-02 -9.5305527E-03  0.0000000E+00
  1.2200033E+02  1.2636137E+00 -3.0558338E-02  7.8919712E-02 -9.2634026E-03  0.0000000E+00
  1.2200033E+02  1.2666693E+00 -3.2635956E-02  8.3887220E-02 -9.0447332E-03  0.0000000E+00
  1.2200033E+02  1.2692331E+00 -3.4846890E-02  8.8233017E-02 -8.8839054E-03  0.0000000E+00
  1.2200033E+02  1.2707893E+00 -3.7101164E-02  9.2143096E-02 -8.7812954E-03  0.0000000E+00
  1.2200033E+02  1.2709028E+00 -3.9279268E-02  9.5804108E-02 -8.7258091E-03  0.0000000E+00
  1.2200033E+02  1.2693752E+00 -4.1250806E-02  9.9262244E-02 -8.6967492E-03  0.0000000E+00
  1.2200033E+02  1.2662344E+00 -4.2902304E-02  1.0242442E-01 -8.6683544E-03  0.0000000E+00
  1.2200033E+02  1.2616869E+00 -4.4164890E-02  1.0510668E-01 -8.6150072E-03  0.0000000E+00
  1.2200033E+02  1.2560448E+00 -4.5022210E-02  1.0709156E-01 -8.5167980E-03  0.0000000E+00
  1.2200033E+02  1.2496611E+00 -4.5507032E-02  1.0817487E-01 -8.3618857E-03  0.0000000E+00
  1.2200033E+02  1.2428776E+00 -4.5692807E-02  1.0820192E-01 -8.1468385E-03  0.0000000E+00
  1.2200033E+02  1.2359878E+00 -4.5680783E-02  1.0709029E-01 -7.8755070E-03  0.0000000E+00
  1.2200033E+02  1.2292167E+00 -4.5583231E-02  1.0483665E-01 -7.5569773E-03  0.0000000E+00
  1.2200033E+02  1.2227274E+00 -4.5514397E-02  1.0151154E-01 -7.2036041E-03  0.0000000E+00
  1.2200033E+02  1.2166334E+00 -4.5581869E-02  9.7256916E-02 -6.8290121E-03  0.0000000E+00
  1.2200033E+02  1.2110064E+00 -4.5883055E-02  9.2288336E-02 -6.4473171E-03  0.0000000E+00
  1.2200033E+02  1.2058945E+00 -4.6496111E-02  8.6886651E-02 -6.0721249E-03  0.0000000E+00
  1.2200033E+02  8.6685450E-07 -2.4424988E-07  2.7936103E-06 -1.0829076E-02  0.0000000E+00
  1.2200033E+02  4.7266929E-04 -7.6259956E-03  6.1107187E-02 -1.0716806E-02  0.0000000E+00
  1.2200033E+02 -2.9044272E-02 -1.5187047E-02  9.0789148E-02 -1.0459490E-02  0.0000000E+00
  1.2200033E+02 -6.1571200E-02 -2.1833045E-02  1.0243957E-01 -1.0229886E-02  0.0000000E+00
  1.2200033E+02 -8.4726389E-02 -2.7226265E-02  1.0642507E-01 -9.9980842E-03  0.0000000E+00
  1.2200033E+02 -9.7475831E-02 -3.1257397E-02  1.0784778E-01 -9.6224196E-03  0.0000000E+00
  1.2200033E+02 -1.0166702E-01 -3.3423304E-02  1.0777777E-01 -8.9786533E-03  0.0000000E+00
  1.2200033E+02 -9.8360194E-02 -3.2857335E-02  1.0562354E-01 -7.9942827E-03  0.0000000E+00
  1.2200033E+02 -8.8187612E-02 -2.9503582E-02  1.0154924E-01 -6.6556349E-03  0.0000000E+00
  1.2200033E+02 -7.3198029E-02 -2.4698777E-02  9.7631992E-02 -4.9752917E-03  0.0000000E+00
  1.2200033E+02 -5.6881471E-02 -2.0123554E-02  9.7179381E-02 -3.0393941E-03  0.0000000E+00
  1.2200033E+02 -4.2493748E-02 -1.6559882E-02  1.0282947E-01 -9.7507165E-04  0.0000000E+00
  1.2200033E+02 -3.0617965E-02 -1.3199506E-02  1.1449918E-01  1.2746329E-03  0.0000000E+00
  1.2200033E+02 -1.3508408E-02 -9.0193356E-03  1.2754773E-01  3.5583536E-03  0.0000000E+00
  1.2200033E+02  2.4632839E-02 -5.2461362E-03  1.3124893E-01  5.7798489E-03  0.0000000E+00
  1.2200033E+02  9.6646699E-02 -6.3445678E-03  1.1658838E-01  7.5870531E-03  0.0000000E+00
  1.2200033E+02  2.0669064E-01 -9.8934402E-03  9.6306782E-02  8.6215657E-03  0.0000000E+00
  1.2200033E+02  3.8094354E-01  6.1407659E-03  1.2034199E-01  7.9206933E-03  0.0000000E+00
  1.2200033E+02  5.8277341E-01  4.2645548E-02  1.9829933E-01  4.3974928E-03  0.0000000E+00
  1.2200033E+02  7.2941755E-01  6.6800172E-02  2.7608189E-01 -1.6296476E-03  0.0000000E+00
  1.2200033E+02  8.0191195E-01  6.7037625E-02  3.1459072E-01 -8.4891341E-03  0.0000000E+00
  1.2200033E+02  8.2978666E-01  5.7187338E-02  3.3151758E-01 -1.5332047E-02  0.0000000E+00
  1.2200033E+02  8.3553007E-01  4.6561744E-02  3.4030856E-01 -2.1245213E-02  0.0000000E+00
  1.2200033E+02  8.3155642E-01  3.7576788E-02  3.4470817E-01 -2.6525051E-02  0.0000000E+00
  1.2200033E+02  8.2439911E-01  2.9201658E-02  3.4393937E-01 -3.0855229E-02  0.0000000E+00
  1.2200033E+02  8.1637179E-01  1.9297015E-02  3.3693843E-01 -3.4617313E-02  0.0000000E+00
  1.2200033E+02  8.0502854E-01  5.2892445E-03  3.2289855E-01 -3.7753404E-02  0.0000000E+00
  1.2200033E+02  7.8329351E-01 -1.3363376E-02  3.0221939E-01 -4.0852492E-02  0.0000000E+00
  1.2200033E+02  7.4570710E-01 -3.4254134E-02  2.7248916E-01 -4.4717281E-02  0.0000000E+00
  1.2200033E+02  7.0586233E-01 -5.4739804E-02  2.2456195E-01 -4.9113220E-02  0.0000000E+00
  1.2200033E+02  6.8258063E-01 -7.1267205E-02  1.5553240E-01 -5.3377685E-02  0.0000000E+00
  1.2200033E+02  6.8417537E-01 -8.0833691E-02  7.3756624E-02 -5.6320233E-02  0.0000000E+00
  1.2200033E+02  7.1023176E-01 -8.5097162E-02 -6.2771090E-03 -5.7670499E-02  0.0000000E+00
  1.2200033E+02  7.6650835E-01 -9.2558082E-02 -7.5757217E-02 -5.7302017E-02  0.0000000E+00
  1.2200033E+02  8.6958545E-01 -1.1228446E-01 -1.2513728E-01 -5.3832712E-02  0.0000000E+00
  1.2200033E+02  9.7752888E-01 -1.3567960E-01 -1.3989002E-01 -4.6752286E-02  0.0000000E+00
  1.2200033E+02  1.0262919E+00 -1.5027920E-01 -1.2153885E-01 -3.9203952E-02  0.0000000E+00
  1.2200033E+02  9.9258207E-01 -1.4987320E-01 -9.0781386E-02 -3.4508122E-02  0.0000000E+00
  1.2200033E+02  9.1545521E-01 -1.3563143E-01 -7.3470146E-02 -3.2540986E-02  0.0000000E+00
  1.2200033E+02  8.4852925E-01 -1.1333816E-01 -7.9737995E-02 -3.1149702E-02  0.0000000E+00
  1.2200033E+02  8.0278887E-01 -8.8241217E-02 -1.0704812E-01 -3.0017202E-02  0.0000000E+00
  1.2200033E+02  7.7764765E-01 -6.3461422E-02 -1.4277833E-01 -2.9721680E-02  0.0000000E+00
  1.2200033E+02  7.7067056E-01 -4.1516135E-02 -1.7871985E-01 -3.0679949E-02  0.0000000E+00
  1.2200033E+02  7.7869467E-01 -2.4307128E-02 -2.1048367E-01 -3.2996769E-02  0.0000000E+00
  1.2200033E+02  7.9824166E-01 -1.2741869E-02 -2.3568913E-01 -3.6430764E-02  0.0000000E+00
  1.2200033E+02  8.2621963E-01 -6.4449529E-03 -2.5359035E-01 -4.0485106E-02  0.0000000E+00
  1.2200033E+02  8.5875458E-01 -4.0553388E-03 -2.6546448E-01 -4.4663289E-02  0.0000000E+00
  1.2200033E+02  8.9060707E-01 -3.9912015E-03 -2.7559330E-01 -4.8546917E-02  0.0000000E+00
  1.2200033E+02  9.1751292E-01 -4.2321138E-03 -2.8840847E-01 -5.2060428E-02  0.0000000E+00
  1.2200033E+02  9.3789111E-01 -2.9650918E-03 -3.0282156E-01 -5.5307329E-02  0.0000000E+00
  1.2200033E+02  9.5264987E-01  7.3555702E-04 -3.1333731E-01 -5.8342411E-02  0.0000000E+00
  1.2200033E+02  9.6388661E-01  6.7490454E-03 -3.1395729E-01 -6.0987078E-02  0.0000000E+00
  1.2200033E+02  9.7377913E-01  1.4097957E-02 -3.0164919E-01 -6.2868270E-02  0.0000000E+00
  1.2200033E+02  9.8399443E-01  2.1606142E-02 -2.7822077E-01 -6.3582490E-02  0.0000000E+00
  1.2200033E+02  9.9570976E-01  2.8505695E-02 -2.5008334E-01 -6.2849265E-02  0.0000000E+00
  1.2200033E+02  1.0092313E+00  3.4385130E-02 -2.2555480E-01 -6.0716088E-02  0.0000000E+00
  1.2200033E+02  1.0247176E+00  3.8561556E-02 -2.1202580E-01 -5.7620737E-02  0.0000000E+00
  1.2200033E+02  1.0408343E+00  4.0511260E-02 -2.1158296E-01 -5.4072951E-02  0.0000000E+00
  1.2200033E+02  1.0553409E+00  4.1041050E-02 -2.2210450E-01 -5.0419030E-02  0.0000000E+00
  1.2200033E+02  1.0669578E+00  4.2545032E-02 -2.3940339E-01 -4.6812583E-02  0.0000000E+00
  1.2200033E+02  1.0766088E+00  4.8341661E-02 -2.5874077E-01 -4.3389471E-02  0.0000000E+00
  1.2200033E+02  1.0878485E+00  6.1167461E-02 -2.7593092E-01 -4.0350642E-02  0.0000000E+00
  1.2200033E+02  1.1058796E+00  8.1198583E-02 -2.8720794E-01 -3.7937034E-02  0.0000000E+00
  1.2200033E+02  1.1340795E+00  1.0566781E-01 -2.8919207E-01 -3.6148102E-02  0.0000000E+00
  1.2200033E+02  1.1727743E+00  1.2976360E-01 -2.8176072E-01 -3.4477557E-02  0.0000000E+00
  1.2200033E+02  1.2142684E+00  1.4823061E-01 -2.6670119E-01 -3.2544657E-02  0.0000000E+00
  1.2200033E+02  1.2473696E+00  1.5729461E-01 -2.4737244E-01 -3.0400588E-02  0.0000000E+00
  1.2200033E+02  1.2639253E+00  1.5653810E-01 -2.2776708E-01 -2.8382750E-02  0.0000000E+00
  1.2200033E+02  1.2626205E+00  1.4923037E-01 -2.1143555E-01 -2.6820881E-02  0.0000000E+00
  1.2200033E+02  1.2499760E+00  1.4099352E-01 -2.0027326E-01 -2.5733403E-02  0.0000000E+00
  1.2200033E+02  1.2364409E+00  1.3600961E-01 -1.9299480E-01 -2.4775223E-02  0.0000000E+00
  1.2200033E+02  1.2283571E+00  1.3537343E-01 -1.8622057E-01 -2.3824581E-02  0.0000000E+00
  1.2200033E+02  1.2281135E+00  1.3827181E-01 -1.7904524E-01 -2.2730196E-02  0.0000000E+00
  1.2200033E+02  1.2355382E+00  1.4239417E-01 -1.7144182E-01 -2.1633383E-02  0.0000000E+00
  1.2200033E+02  1.2476014E+00  1.4442788E-01 -1.6288437E-01 -2.0592800E-02  0.0000000E+00
  1.2200033E+02  1.2597998E+00  1.4184910E-01 -1.5208736E-01 -1.9582929E-02  0.0000000E+00
  1.2200033E+02  1.2684922E+00  1.3409616E-01 -1.3782218E-01 -1.8586599E-02  0.0000000E+00
  1.2200033E+02  1.2726687E+00  1.2276092E-01 -1.1994903E-01 -1.7631407E-02  0.0000000E+00
  1.2200033E+02  1.2736846E+00  1.0993538E-01 -9.9528704E-02 -1.6624260E-02  0.0000000E+00
  1.2200033E+02  1.2727547E+00  9.6853546E-02 -7.8394563E-02 -1.5662696E-02  0.0000000E+00
  1.2200033E+02  1.2705572E+00  8.4041708E-02 -5.8687277E-02 -1.4641813E-02  0.0000000E+00
  1.2200033E+02  1.2676832E+00  7.2005887E-02 -4.1951719E-02 -1.3680813E-02  0.0000000E+00
  1.2200033E+02  1.2647429E+00  6.0865861E-02 -2.9015494E-02 -1.2779080E-02  0.0000000E+00
  1.2200033E+02  1.2621453E+00  5.0564372E-02 -1.9790651E-02 -1.1954068E-02  0.0000000E+00
  1.2200033E+02  1.2600928E+00  4.1076135E-02 -1.3606186E-02 -1.1252744E-02  0.0000000E+00
  1.2200033E+02  1.2586292E+00  3.2429900E-02 -9.5188602E-03 -1.0682876E-02  0.0000000E+00
  1.2200033E+02  1.2576330E+00  2.4621357E-02 -6.5486757E-03 -1.0197785E-02  0.0000000E+00
  1.2200033E+02  1.2568120E+00  1.7779837E-02 -3.9482166E-03 -9.8131831E-03  0.0000000E+00
  1.2200033E+02  1.2560705E+00  1.1991272E-02 -1.3754790E-03 -9.4905766E-03  0.0000000E+00
  1.2200033E+02  1.2553627E+00  7.2426740E-03  1.3155116E-03 -9.2048323E-03  0.0000000E+00
  1.2200033E+02  1.2546791E+00  3.4558697E-03  4.1388442E-03 -8.9331674E-03  0.0000000E+00
  1.2200033E+02  1.2540480E+00  5.2777791E-04  7.0543467E-03 -8.6680122E-03  0.0000000E+00
  1.2200033E+02  1.2535119E+00 -1.7384203E-03  1.0045344E-02 -8.3919945E-03  0.0000000E+00
  1.2200033E+02  1.2530974E+00 -3.5605679E-03  1.3106397E-02 -8.0925919E-03  0.0000000E+00
  1.2200033E+02  1.2527840E+00 -5.1665074E-03  1.6279617E-02 -7.7705841E-03  0.0000000E+00
  1.2200033E+02  1.2525307E+00 -6.7794582E-03  1.9605613E-02 -7.4219228E-03  0.0000000E+00
  1.2200033E+02  1.2522731E+00 -8.5732882E-03  2.3087205E-02 -7.0477318E-03  0.0000000E+00
  1.2200033E+02  1.2518780E+00 -1.0692862E-02  2.6697682E-02 -6.6427910E-03  0.0000000E+00
  1.2200033E+02  1.2511837E+00 -1.3211380E-02  3.0337139E-02 -6.2104307E-03  0.0000000E+00
  1.2200033E+02  1.2500151E+00 -1.6151437E-02  3.3817131E-02 -5.7520859E-03  0.0000000E+00
  1.2200033E+02  0.0000000E+00  0.0000000E+00  0.0000000E+00 -3.6347360E-02  0.0000000E+00
  1.2200033E+02 -4.0138744E-02  3.6262313E-02  1.1414372E-01 -3.6436996E-02  0.0000000E+00
  1.2200033E+02 -2.7158829E-02  6.5196808E-02  8.9796598E-02 -4.4986136E-02  0.0000000E+00
  1.2200033E+02 -1.5878080E-02  7.7768702E-02  1.1699571E-03 -5.4624736E-02  0.0000000E+00
  1.2200033E+02 -3.0096931E-02  8.3440005E-02 -9.2542358E-02 -5.7413240E-02  0.0000000E+00
  1.2200033E+02 -6.8381280E-02  7.7843741E-02 -1.6828213E-01 -5.1942766E-02  0.0000000E+00
  1.2200033E+02 -1.0702870E-01  6.0867458E-02 -2.1898018E-01 -4.0313525E-02  0.0000000E+00
  1.2200033E+02 -1.2412086E-01  3.8860599E-02 -2.4085573E-01 -2.6387428E-02  0.0000000E+00
  1.2200033E+02 -1.0920402E-01  2.7086795E-02 -2.2376096E-01 -1.4266491E-02  0.0000000E+00
  1.2200033E+02 -6.5757060E-02  3.6448412E-02 -1.4288323E-01 -7.8590779E-03  0.0000000E+00
  1.2200033E+02 -3.0270032E-02  3.7955953E-02 -2.3774512E-02 -6.8251010E-03  0.0000000E+00
  1.2200033E+02 -1.0183964E-02  1.9736708E-02  8.1856595E-02 -6.8123294E-03  0.0000000E+00
  1.2200033E+02  1.6882390E-03 -1.1718881E-02  1.7457224E-01 -5.6334450E-03  0.0000000E+00
  1.2200033E+02  7.1041916E-03 -5.5585371E-02  2.6334369E-01 -2.9149679E-03  0.0000000E+00
  1.2200033E+02  4.0553362E-02 -9.7683557E-02  3.3603461E-01  1.2258660E-03  0.0000000E+00
  1.2200033E+02  1.7242958E-01 -1.0806663E-01  3.7091761E-01  5.7408998E-03  0.0000000E+00
  1.2200033E+02  3.9053530E-01 -8.1808272E-02  3.5503703E-01  1.0055826E-02  0.0000000E+00
  1.2200033E+02  5.9376638E-01 -5.2545062E-02  3.2108190E-01  1.2195724E-02  0.0000000E+00
  1.2200033E+02  7.4228907E-01 -3.5170770E-02  3.1016111E-01  1.2335341E-02  0.0000000E+00
  1.2200033E+02  8.3286357E-01 -2.6224819E-02  3.1388937E-01  1.1550261E-02  0.0000000E+00
  1.2200033E+02  8.6862484E-01 -2.5255983E-02  3.0719907E-01  1.0588372E-02  0.0000000E+00
  1.2200033E+02  8.6716649E-01 -3.0517798E-02  2.8331181E-01  9.4448281E-03  0.0000000E+00
  1.2200033E+02  8.4872614E-01 -4.0588649E-02  2.4236021E-01  8.0866858E-03  0.0000000E+00
  1.2200033E+02  8.2826873E-01 -5.4005238E-02  1.8868315E-01  6.5648536E-03  0.0000000E+00
  1.2200033E+02  8.1368509E-01 -6.9669122E-02  1.3023544E-01  5.0588671E-03  0.0000000E+00
  1.2200033E+02  8.0568631E-01 -8.5454576E-02  7.8796576E-02  3.7051473E-03  0.0000000E+00
  1.2200033E+02  8.0130559E-01 -9.8646212E-02  4.4543744E-02  2.4845084E-03  0.0000000E+00
  1.2200033E+02  7.9838255E-01 -1.0776260E-01  2.7322706E-02  1.3167986E-03  0.0000000E+00
  1.2200033E+02  7.9780649E-01 -1.1350837E-01  1.6739649E-02  8.0007120E-05  0.0000000E+00
  1.2200033E+02  8.0255538E-01 -1.1799306E-01  2.2549864E-03 -1.3310482E-03  0.0000000E+00
  1.2200033E+02  8.1484293E-01 -1.2372676E-01 -2.0909737E-02 -2.8106125E-03  0.0000000E+00
  1.2200033E+02  8.3345797E-01 -1.3312487E-01 -5.1355595E-02 -4.1064786E-03  0.0000000E+00
  1.2200033E+02  8.5211589E-01 -1.4818589E-01 -8.6738904E-02 -4.9329531E-03  0.0000000E+00
  1.2200033E+02  8.6211493E-01 -1.6958762E-01 -1.2788960E-01 -5.3110277E-03  0.0000000E+00
  1.2200033E+02  8.5874723E-01 -1.9485347E-01 -1.7169210E-01 -5.8049969E-03  0.0000000E+00
  1.2200033E+02  8.4875264E-01 -2.1811381E-01 -2.0357762E-01 -7.1668498E-03  0.0000000E+00
  1.2200033E+02  8.4357871E-01 -2.3339716E-01 -2.1004928E-01 -9.5368607E-03  0.0000000E+00
  1.2200033E+02  8.5004089E-01 -2.3828336E-01 -1.8930878E-01 -1.2265087E-02  0.0000000E+00
  1.2200033E+02  8.6528424E-01 -2.3534251E-01 -1.5306284E-01 -1.4421659E-02  0.0000000E+00
  1.2200033E+02  8.8124051E-01 -2.2860971E-01 -1.1475788E-01 -1.5844997E-02  0.0000000E+00
  1.2200033E+02  8.9409510E-01 -2.2061812E-01 -7.8553086E-02 -1.6757024E-02  0.0000000E+00
  1.2200033E+02  9.0240263E-01 -2.1252160E-01 -4.5110091E-02 -1.7260576E-02  0.0000000E+00
  1.2200033E+02  9.0661061E-01 -2.0453817E-01 -1.3860429E-02 -1.7452841E-02  0.0000000E+00
  1.2200033E+02  9.0810653E-01 -1.9644346E-01  1.5777692E-02 -1.7403137E-02  0.0000000E+00
  1.2200033E+02  9.0853608E-01 -1.8779606E-01  4.4204685E-02 -1.7123121E-02  0.0000000E+00
  1.2200033E+02  9.0919894E-01 -1.7818820E-01  7.1108045E-02 -1.6599155E-02  0.0000000E+00
  1.2200033E+02  9.1088680E-01 -1.6745867E-01  9.5676517E-02 -1.5849145E-02  0.0000000E+00
  1.2200033E+02  9.1401566E-01 -1.5580812E-01  1.1657853E-01 -1.4955478E-02  0.0000000E+00
  1.2200033E+02  9.1852446E-01 -1.4356898E-01  1.3275014E-01 -1.4020059E-02  0.0000000E+00
  1.2200033E+02  9.2404292E-01 -1.3120831E-01  1.4366705E-01 -1.3176222E-02  0.0000000E+00
  1.2200033E+02  9.3009944E-01 -1.1919667E-01  1.4945781E-01 -1.2536148E-02  0.0000000E+00
  1.2200033E+02  9.3616580E-01 -1.0795572E-01  1.5074708E-01 -1.2169846E-02  0.0000000E+00
  1.2200033E+02  9.4169748E-01 -9.7710768E-02  1.4857140E-01 -1.2138137E-02  0.0000000E+00
  1.2200033E+02  9.4596842E-01 -8.8529926E-02  1.4406772E-01 -1.2498189E-02  0.0000000E+00
  1.2200033E+02  9.4793410E-01 -8.0236744E-02  1.3811163E-01 -1.3288539E-02  0.0000000E+00
  1.2200033E+02  9.4680568E-01 -7.2454644E-02  1.3128588E-01 -1.4575459E-02  0.0000000E+00
  1.2200033E+02  9.4321619E-01 -6.4270544E-02  1.2332041E-01 -1.6499175E-02  0.0000000E+00
  1.2200033E+02  9.3998152E-01 -5.4526609E-02  1.1322994E-01 -1.9137117E-02  0.0000000E+00
  1.2200033E+02  9.4088278E-01 -4.2646280E-02  1.0032640E-01 -2.2554989E-02  0.0000000E+00
  1.2200033E+02  9.4924445E-01 -2.9120822E-02  8.5060431E-02 -2.6707440E-02  0.0000000E+00
  1.2200033E+02  9.6683489E-01 -1.5232290E-02  6.9037560E-02 -3.1353340E-02  0.0000000E+00
  1.2200033E+02  9.9339677E-01 -2.5339638E-03  5.4493363E-02 -3.6082533E-02  0.0000000E+00
  1.2200033E+02  1.0272373E+00  8.0349195E-03  4.2768148E-02 -4.0521134E-02  0.0000000E+00
  1.2200033E+02  1.0661813E+00  1.6043112E-02  3.3614372E-02 -4.4254935E-02  0.0000000E+00
  1.2200033E+02  1.1077721E+00  2.1382700E-02  2.6558728E-02 -4.6918288E-02  0.0000000E+00
  1.2200033E+02  1.1497352E+00  2.3996948E-02  2.1529621E-02 -4.8350177E-02  0.0000000E+00
  1.2200033E+02  1.1906818E+00  2.3896952E-02  1.8802243E-02 -4.8490285E-02  0.0000000E+00
  1.2200033E+02  1.2297956E+00  2.1234389E-02  1.8435389E-02 -4.7331187E-02  0.0000000E+00
  1.2200033E+02  1.2666584E+00  1.6410675E-02  1.9303487E-02 -4.4977174E-02  0.0000000E+00
  1.2200033E+02  1.2998849E+00  1.0240741E-02  1.8031882E-02 -4.1642050E-02  0.0000000E+00
  1.2200033E+02  1.3261531E+00  3.9925627E-03  8.0468683E-03 -3.7560982E-02  0.0000000E+00
  1.2200033E+02  1.3416266E+00 -1.5239624E-03 -1.7795208E-02 -3.3215476E-02  0.0000000E+00
  1.2200033E+02  1.3516853E+00 -6.5903253E-03 -5.7163233E-02 -2.9012239E-02  0.0000000E+00
  1.2200033E+02  1.3621070E+00 -1.0558987E-02 -9.8827835E-02 -2.4925296E-02  0.0000000E+00
  1.2200033E+02  1.3733552E+00 -1.2120239E-02 -1.3123243E-01 -2.0812322E-02  0.0000000E+00
  1.2200033E+02  1.3817816E+00 -1.0511537E-02 -1.4757111E-01 -1.6784566E-02  0.0000000E+00
  1.2200033E+02  1.3829812E+00 -6.2107665E-03 -1.4800429E-01 -1.3079333E-02  0.0000000E+00
  1.2200033E+02  1.3753237E+00 -8.3097262E-04 -1.3812262E-01 -9.8959032E-03  0.0000000E+00
  1.2200033E+02  1.3623994E+00  3.9523088E-03 -1.2486314E-01 -7.4030033E-03  0.0000000E+00
  1.2200033E+02  1.3488097E+00  7.5602619E-03 -1.1126632E-01 -5.4878278E-03  0.0000000E+00
  1.2200033E+02  1.3353525E+00  1.0027407E-02 -9.7788337E-02 -4.1039481E-03  0.0000000E+00
  1.2200033E+02  1.3229108E+00  1.1405225E-02 -8.4565577E-02 -3.0551958E-03  0.0000000E+00
  1.2200033E+02  1.3118014E+00  1.1701823E-02 -7.1896366E-02 -2.2909224E-03  0.0000000E+00
  1.2200033E+02  1.3022453E+00  1.0833628E-02 -6.0289287E-02 -1.7525338E-03  0.0000000E+00
  1.2200033E+02  1.2943482E+00  8.7705211E-03 -5.0147155E-02 -1.3598594E-03  0.0000000E+00
  1.2200033E+02  1.2881733E+00  5.7150850E-03 -4.1655200E-02 -1.0846395E-03  0.0000000E+00
  1.2200033E+02  1.2837055E+00  2.1372449E-03 -3.4644838E-02 -9.4316111E-04  0.0000000E+00
  1.2200033E+02  1.2809355E+00 -1.3965246E-03 -2.8796082E-02 -8.7374226E-04  0.0000000E+00
  1.2200033E+02  1.2796687E+00 -4.4181537E-03 -2.4132905E-02 -8.6688141E-04  0.0000000E+00
  1.2200033E+02  1.2795783E+00 -6.7488699E-03 -2.0763714E-02 -9.0101918E-04  0.0000000E+00
  1.2200033E+02  1.2802110E+00 -8.4554760E-03 -1.8645366E-02 -9.5293313E-04  0.0000000E+00
  1.2200033E+02  1.2810874E+00 -9.7523030E-03 -1.7486585E-02 -9.9062429E-04  0.0000000E+00
  1.2200033E+02  1.2817932E+00 -1.0890107E-02 -1.6740165E-02 -1.0083592E-03  0.0000000E+00
  1.2200033E+02  1.2820194E+00 -1.2083159E-02 -1.5717487E-02 -1.0083849E-03  0.0000000E+00
  1.2200033E+02  1.2815698E+00 -1.3486759E-02 -1.3731924E-02 -9.8110960E-04  0.0000000E+00
  1.2200033E+02  1.2803392E+00 -1.5154581E-02 -1.0291824E-02 -9.3386502E-04  0.0000000E+00
  1.2200033E+02  1.2782337E+00 -1.7121309E-02 -5.2516749E-03 -8.6230399E-04  0.0000000E+00
  1.2200033E+02  1.2751524E+00 -1.9394867E-02  1.1609336E-03 -7.7785386E-04  0.0000000E+00
  1.2200033E+02  1.2710319E+00 -2.2011728E-02  8.3357506E-03 -6.7434831E-04  0.0000000E+00
  1.2200033E+02  1.2659250E+00 -2.5002215E-02  1.5314123E-02 -5.6649354E-04  0.0000000E+00
  1.2200033E+02  0.0000000E+00  0.0000000E+00  0.0000000E+00  5.8840245E-02  0.0000000E+00
  1.2200033E+02 -1.6105848E-02 -7.4736633E-03  6.1139450E-04  5.8297939E-02  0.0000000E+00
  1.2200033E+02  1.2413219E-02 -2.6842625E-02  8.1264686E-03  5.7484055E-02  0.0000000E+00
  1.2200033E+02  3.3796840E-02 -4.9804704E-02  1.8038027E-02  5.6066759E-02  0.0000000E+00
  1.2200033E+02  3.0830108E-02 -6.5626331E-02  4.0781655E-02  5.4131337E-02  0.0000000E+00
  1.2200033E+02  2.1038197E-02 -7.0140916E-02  7.1030749E-02  5.2175628E-02  0.0000000E+00
  1.2200033E+02  1.5230400E-02 -6.3108548E-02  9.4837256E-02  5.0151739E-02  0.0000000E+00
  1.2200033E+02  1.3096151E-02 -4.5660986E-02  1.0247051E-01  4.7425439E-02  0.0000000E+00
  1.2200033E+02  4.8480811E-03 -2.1735957E-02  9.0197062E-02  4.3287347E-02  0.0000000E+00
  1.2200033E+02 -1.8505311E-02  4.7667069E-03  6.0988308E-02  3.7118603E-02  0.0000000E+00
  1.2200033E+02 -4.9743738E-02  3.5094549E-02  1.9887499E-02  2.8244078E-02  0.0000000E+00
  1.2200033E+02 -6.7226297E-02  7.3791770E-02 -3.7368953E-02  1.6088123E-02  0.0000000E+00
  1.2200033E+02 -5.9687215E-02  1.1993672E-01 -1.2420978E-01  1.4667330E-03  0.0000000E+00
  1.2200033E+02 -4.2844332E-02  1.6716574E-01 -2.4162428E-01 -1.5137362E-02  0.0000000E+00
  1.2200033E+02 -4.1113156E-02  2.0518723E-01 -3.6453050E-01 -3.5095861E-02  0.0000000E+00
  1.2200033E+02 -6.1217678E-02  2.3224435E-01 -4.6152600E-01 -6.0661902E-02  0.0000000E+00
  1.2200033E+02 -5.1032907E-02  2.4343157E-01 -5.0267418E-01 -9.2759595E-02  0.0000000E+00
  1.2200033E+02 -1.1232547E-04  2.2703270E-01 -4.5376817E-01 -1.2601005E-01  0.0000000E+00
  1.2200033E+02  7.5295167E-02  1.8672776E-01 -3.2146643E-01 -1.5281301E-01  0.0000000E+00
  1.2200033E+02  1.7331847E-01  1.3686717E-01 -1.6013609E-01 -1.6729570E-01  0.0000000E+00
  1.2200033E+02  2.8194459E-01  9.4909340E-02 -2.9492449E-02 -1.6788473E-01  0.0000000E+00
  1.2200033E+02  3.9397198E-01  7.2849858E-02  4.7716714E-02 -1.5809530E-01  0.0000000E+00
  1.2200033E+02  4.7052161E-01  5.8192014E-02  9.6442981E-02 -1.4515956E-01  0.0000000E+00
  1.2200033E+02  4.7012137E-01  2.0743129E-02  1.5249877E-01 -1.3440214E-01  0.0000000E+00
  1.2200033E+02  4.1390791E-01 -4.6839250E-02  2.2899739E-01 -1.2293393E-01  0.0000000E+00
  1.2200033E+02  3.7017654E-01 -1.1861238E-01  3.1471217E-01 -1.0286560E-01  0.0000000E+00
  1.2200033E+02  3.7873240E-01 -1.5811129E-01  3.7248765E-01 -7.1414915E-02  0.0000000E+00
  1.2200033E+02  4.4975391E-01 -1.4695283E-01  3.6135406E-01 -4.0557400E-02  0.0000000E+00
  1.2200033E+02  6.2364015E-01 -1.1294682E-01  3.3005658E-01 -1.7930494E-02  0.0000000E+00
  1.2200033E+02  8.2865552E-01 -9.1747050E-02  3.1769531E-01 -2.3744346E-04  0.0000000E+00
  1.2200033E+02  9.5486836E-01 -8.9320014E-02  3.0377340E-01  1.5216511E-02  0.0000000E+00
  1.2200033E+02  9.8414689E-01 -9.2042197E-02  2.6105268E-01  2.6561758E-02  0.0000000E+00
  1.2200033E+02  9.8451799E-01 -9.4491747E-02  2.1185671E-01  3.3715335E-02  0.0000000E+00
  1.2200033E+02  9.8331952E-01 -9.6556003E-02  1.6871411E-01  3.7859720E-02  0.0000000E+00
  1.2200033E+02  9.8269810E-01 -1.0006052E-01  1.3292265E-01  4.0015637E-02  0.0000000E+00
  1.2200033E+02  9.8354829E-01 -1.0712113E-01  1.0354550E-01  4.0950535E-02  0.0000000E+00
  1.2200033E+02  9.8717432E-01 -1.1838235E-01  7.9748014E-02  4.1109702E-02  0.0000000E+00
  1.2200033E+02  9.9430809E-01 -1.3298361E-01  6.0104379E-02  4.0564965E-02  0.0000000E+00
  1.2200033E+02  1.0043570E+00 -1.5025573E-01  4.2847467E-02  3.9473304E-02  0.0000000E+00
  1.2200033E+02  1.0162536E+00 -1.6890212E-01  2.7162436E-02  3.7777324E-02  0.0000000E+00
  1.2200033E+02  1.0292621E+00 -1.8809764E-01  1.3905526E-02  3.5540720E-02  0.0000000E+00
  1.2200033E+02  1.0424364E+00 -2.0700896E-01  2.6263578E-03  3.2848981E-02  0.0000000E+00
  1.2200033E+02  1.0550607E+00 -2.2471046E-01 -7.9695325E-03  2.9852430E-02  0.0000000E+00
  1.2200033E+02  1.0668665E+00 -2.4043837E-01 -1.9144661E-02  2.6758200E-02  0.0000000E+00
  1.2200033E+02  1.0779508E+00 -2.5383348E-01 -3.1577717E-02  2.3792695E-02  0.0000000E+00
  1.2200033E+02  1.0884029E+00 -2.6457065E-01 -4.5105352E-02  2.1144535E-02  0.0000000E+00
  1.2200033E+02  1.0982192E+00 -2.7255334E-01 -5.9324532E-02  1.8934720E-02  0.0000000E+00
  1.2200033E+02  1.1073210E+00 -2.7776342E-01 -7.3584406E-02  1.7249547E-02  0.0000000E+00
  1.2200033E+02  1.1155700E+00 -2.8025325E-01 -8.7215450E-02  1.6138599E-02  0.0000000E+00
  1.2200033E+02  1.1228201E+00 -2.8009752E-01 -9.9597941E-02  1.5583668E-02  0.0000000E+00
  1.2200033E+02  1.1289434E+00 -2.7744915E-01 -1.1024611E-01  1.5523641E-02  0.0000000E+00
  1.2200033E+02  1.1338643E+00 -2.7248615E-01 -1.1875122E-01  1.5882634E-02  0.0000000E+00
  1.2200033E+02  1.1376195E+00 -2.6545211E-01 -1.2487359E-01  1.6557900E-02  0.0000000E+00
  1.2200033E+02  1.1403802E+00 -2.5669935E-01 -1.2856132E-01  1.7433383E-02  0.0000000E+00
  1.2200033E+02  1.1424133E+00 -2.4664695E-01 -1.2984372E-01  1.8422782E-02  0.0000000E+00
  1.2200033E+02  1.1440610E+00 -2.3574929E-01 -1.2895395E-01  1.9430403E-02  0.0000000E+00
  1.2200033E+02  1.1456533E+00 -2.2438914E-01 -1.2620025E-01  2.0361274E-02  0.0000000E+00
  1.2200033E+02  1.1474800E+00 -2.1295079E-01 -1.2194842E-01  2.1122289E-02  0.0000000E+00
  1.2200033E+02  1.1498549E+00 -2.0178343E-01 -1.1661114E-01  2.1625119E-02  0.0000000E+00
  1.2200033E+02  1.1531057E+00 -1.9123019E-01 -1.1063040E-01  2.1812937E-02  0.0000000E+00
  1.2200033E+02  1.1575400E+00 -1.8146987E-01 -1.0432135E-01  2.1708578E-02  0.0000000E+00
  1.2200033E+02  1.1633362E+00 -1.7253166E-01 -9.7851828E-02  2.1413791E-02  0.0000000E+00
  1.2200033E+02  1.1704427E+00 -1.6424810E-01 -9.1289163E-02  2.1052444E-02  0.0000000E+00
  1.2200033E+02  1.1785844E+00 -1.5640495E-01 -8.4722325E-02  2.0704054E-02  0.0000000E+00
  1.2200033E+02  1.1874374E+00 -1.4876606E-01 -7.8355820E-02  2.0377537E-02  0.0000000E+00
  1.2200033E+02  1.1966635E+00 -1.4109443E-01 -7.2462200E-02  2.0038673E-02  0.0000000E+00
  1.2200033E+02  1.2058807E+00 -1.3322057E-01 -6.7272145E-02  1.9656629E-02  0.0000000E+00
  1.2200033E+02  1.2146792E+00 -1.2509011E-01 -6.2904603E-02  1.9226539E-02  0.0000000E+00
  1.2200033E+02  1.2226773E+00 -1.1676916E-01 -5.9350849E-02  1.8762802E-02  0.0000000E+00
  1.2200033E+02  1.2296092E+00 -1.0841627E-01 -5.6499495E-02  1.8282482E-02  0.0000000E+00
  1.2200033E+02  1.2354295E+00 -1.0022985E-01 -5.4190435E-02  1.7793319E-02  0.0000000E+00
  1.2200033E+02  1.2402998E+00 -9.2400117E-02 -5.2282720E-02  1.7289113E-02  0.0000000E+00
  1.2200033E+02  1.2445200E+00 -8.5067322E-02 -5.0644685E-02  1.6769329E-02  0.0000000E+00
  1.2200033E+02  1.2484252E+00 -7.8295438E-02 -4.9184525E-02  1.6241971E-02  0.0000000E+00
  1.2200033E+02  1.2523275E+00 -7.2088109E-02 -4.7880774E-02  1.5716878E-02  0.0000000E+00
  1.2200033E+02  1.2564938E+00 -6.6406519E-02 -4.6777563E-02  1.5195632E-02  0.0000000E+00
  1.2200033E+02  1.2610944E+00 -6.1236156E-02 -4.5966461E-02  1.4677538E-02  0.0000000E+00
  1.2200033E+02  1.2662301E+00 -5.6550798E-02 -4.5537191E-02  1.4159665E-02  0.0000000E+00
  1.2200033E+02  1.2719080E+00 -5.2347005E-02 -4.5543314E-02  1.3638969E-02  0.0000000E+00
  1.2200033E+02  1.2780562E+00 -4.8628590E-02 -4.5963980E-02  1.3117471E-02  0.0000000E+00
  1.2200033E+02  1.2845361E+00 -4.5390318E-02 -4.6710360E-02  1.2596807E-02  0.0000000E+00
  1.2200033E+02  1.2911350E+00 -4.2598049E-02 -4.7620018E-02  1.2084957E-02  0.0000000E+00
  1.2200033E+02  1.2975952E+00 -4.0183955E-02 -4.8523294E-02  1.1585284E-02  0.0000000E+00
  1.2200033E+02  1.3036635E+00 -3.8072067E-02 -4.9281772E-02  1.1100501E-02  0.0000000E+00
  1.2200033E+02  1.3091334E+00 -3.6201330E-02 -4.9806437E-02  1.0631431E-02  0.0000000E+00
  1.2200033E+02  1.3138750E+00 -3.4542075E-02 -5.0056651E-02  1.0174730E-02  0.0000000E+00
  1.2200033E+02  1.3178487E+00 -3.3104064E-02 -5.0019745E-02  9.7257001E-03  0.0000000E+00
  1.2200033E+02  1.3210980E+00 -3.1932873E-02 -4.9674290E-02  9.2841093E-03  0.0000000E+00
  1.2200033E+02  1.3237032E+00 -3.1081349E-02 -4.8949582E-02  8.8475495E-03  0.0000000E+00
  1.2200033E+02  1.3257541E+00 -3.0590207E-02 -4.7727588E-02  8.4132964E-03  0.0000000E+00
  1.2200033E+02  1.3273070E+00 -3.0458766E-02 -4.5843683E-02  7.9790906E-03  0.0000000E+00
  1.2200033E+02  1.3283739E+00 -3.0639845E-02 -4.3115061E-02  7.5412916E-03  0.0000000E+00
  1.2200033E+02  1.3289114E+00 -3.1056661E-02 -3.9421286E-02  7.0937453E-03  0.0000000E+00
  1.2200033E+02  1.3288252E+00 -3.1638464E-02 -3.4747626E-02  6.6265165E-03  0.0000000E+00
  1.2200033E+02  1.3279605E+00 -3.2360588E-02 -2.9272868E-02  6.1319120E-03  0.0000000E+00
  1.2200033E+02  1.3261090E+00 -3.3284887E-02 -2.3431536E-02  5.6000981E-03  0.0000000E+00
  1.2200033E+02  1.3230167E+00 -3.4570198E-02 -1.7945041E-02  5.0273630E-03  0.0000000E+00
  1.2200033E+02  1.3184536E+00 -3.6452851E-02 -1.3700290E-02  4.4134794E-03  0.0000000E+00
  1.2200033E+02  1.3123021E+00 -3.9159683E-02 -1.1589940E-02  3.7707506E-03  0.0000000E+00
  1.2200033E+02  1.3047024E+00 -4.2813911E-02 -1.2143761E-02  3.1156913E-03  0.0000000E+00
  1.2200033E+02  0.0000000E+00  0.0000000E+00  0.0000000E+00  4.9387189E-02  0.0000000E+00
  1.2200033E+02  5.7431050E-02  2.3285070E-02  7.1191742E-02  4.9502699E-02  0.0000000E+00
  1.2200033E+02  6.6026660E-02  5.0027150E-02  1.6955049E-01  4.8511441E-02  0.0000000E+00
  1.2200033E+02  9.0668947E-02  7.2651475E-02  2.5636364E-01  4.6159328E-02  0.0000000E+00
  1.2200033E+02  1.2452230E-01  9.0282253E-02  3.0452861E-01  4.4124189E-02  0.0000000E+00
  1.2200033E+02  1.3931881E-01  9.9794963E-02  2.9528924E-01  4.2754002E-02  0.0000000E+00
  1.2200033E+02  1.3155919E-01  1.0019309E-01  2.4492674E-01  4.1153185E-02  0.0000000E+00
  1.2200033E+02  1.4718747E-01  9.9158891E-02  1.7786860E-01  3.9414274E-02  0.0000000E+00
  1.2200033E+02  2.0920325E-01  1.0334764E-01  9.4431373E-02  3.8243805E-02  0.0000000E+00
  1.2200033E+02  3.1790797E-01  9.5662268E-02  1.4207183E-02  3.8909359E-02  0.0000000E+00
  1.2200033E+02  4.5114487E-01  6.1543940E-02 -5.8049530E-03  3.8156681E-02  0.0000000E+00
  1.2200033E+02  5.1765110E-01  6.7958240E-03 -9.4469894E-02  3.3673128E-02  0.0000000E+00
  1.2200033E+02  5.6161714E-01 -3.9172476E-02 -2.6901011E-01  3.4772190E-02  0.0000000E+00
  1.2200033E+02  6.1975856E-01 -6.0995490E-02 -4.0475212E-01  4.1316903E-02  0.0000000E+00
  1.2200033E+02  6.6161987E-01 -9.3076308E-02 -4.4063752E-01  4.6375263E-02  0.0000000E+00
  1.2200033E+02  6.7198146E-01 -1.3753612E-01 -4.0213828E-01  4.7682037E-02  0.0000000E+00
  1.2200033E+02  6.8646455E-01 -1.7846059E-01 -3.6766488E-01  4.7609638E-02  0.0000000E+00
  1.2200033E+02  7.1857857E-01 -2.1175225E-01 -3.6806696E-01  4.7038130E-02  0.0000000E+00
  1.2200033E+02  7.5597445E-01 -2.4705098E-01 -3.8197347E-01  4.4938832E-02  0.0000000E+00
  1.2200033E+02  7.9015036E-01 -2.8916546E-01 -3.8543427E-01  3.9396848E-02  0.0000000E+00
  1.2200033E+02  8.2018241E-01 -3.3366435E-01 -3.7246448E-01  3.0903353E-02  0.0000000E+00
  1.2200033E+02  8.5090178E-01 -3.6903228E-01 -3.5360845E-01  2.3669123E-02  0.0000000E+00
  1.2200033E+02  8.8373786E-01 -3.8552167E-01 -3.3582095E-01  2.1963558E-02  0.0000000E+00
  1.2200033E+02  9.1326715E-01 -3.8188812E-01 -3.1698693E-01  2.6606474E-02  0.0000000E+00
  1.2200033E+02  9.3583362E-01 -3.6170306E-01 -2.9511674E-01  3.5887984E-02  0.0000000E+00
  1.2200033E+02  9.5078928E-01 -3.3017494E-01 -2.7037261E-01  4.7179735E-02  0.0000000E+00
  1.2200033E+02  9.5887419E-01 -2.9183109E-01 -2.4458167E-01  5.8503372E-02  0.0000000E+00
  1.2200033E+02  9.6227701E-01 -2.4944212E-01 -2.1992788E-01  6.9033255E-02  0.0000000E+00
  1.2200033E+02  9.6274413E-01 -2.0387581E-01 -1.9576446E-01  7.8647524E-02  0.0000000E+00
  1.2200033E+02  9.6191865E-01 -1.5655741E-01 -1.7134401E-01  8.6686272E-02  0.0000000E+00
  1.2200033E+02  9.6180269E-01 -1.1056925E-01 -1.4729991E-01  9.1852535E-02  0.0000000E+00
  1.2200033E+02  9.6428759E-01 -7.0023027E-02 -1.2401521E-01  9.3340060E-02  0.0000000E+00
  1.2200033E+02  9.6965968E-01 -3.6057940E-02 -9.8585547E-02  9.2300472E-02  0.0000000E+00
  1.2200033E+02  9.7654559E-01 -7.7650899E-03 -6.9954367E-02  9.0323805E-02  0.0000000E+00
  1.2200033E+02  9.8230257E-01  1.1914768E-02 -4.1811256E-02  8.7204497E-02  0.0000000E+00
  1.2200033E+02  9.8577936E-01  2.0584832E-02 -1.8308044E-02  8.2892485E-02  0.0000000E+00
  1.2200033E+02  9.8728643E-01  1.8646955E-02 -2.5703987E-03  7.7747574E-02  0.0000000E+00
  1.2200033E+02  9.8785730E-01  8.9888189E-03  4.2337116E-03  7.2321888E-02  0.0000000E+00
  1.2200033E+02  9.8833653E-01 -4.2094884E-03  3.5210080E-03  6.7142024E-02  0.0000000E+00
  1.2200033E+02  9.8866833E-01 -1.7237681E-02 -1.4585409E-03  6.2624684E-02  0.0000000E+00
  1.2200033E+02  9.8930896E-01 -2.7801994E-02 -7.8426533E-03  5.8916879E-02  0.0000000E+00
  1.2200033E+02  9.9185927E-01 -3.4852315E-02 -1.3594300E-02  5.5929061E-02  0.0000000E+00
  1.2200033E+02  9.9821871E-01 -3.8368293E-02 -1.7761847E-02  5.3408414E-02  0.0000000E+00
  1.2200033E+02  1.0094054E+00 -3.9087568E-02 -2.0258500E-02  5.1071179E-02  0.0000000E+00
  1.2200033E+02  1.0251624E+00 -3.8302806E-02 -2.1538722E-02  4.8658931E-02  0.0000000E+00
  1.2200033E+02  1.0441419E+00 -3.7558362E-02 -2.2211765E-02  4.6002112E-02  0.0000000E+00
  1.2200033E+02  1.0648679E+00 -3.8228868E-02 -2.2936644E-02  4.3004898E-02  0.0000000E+00
  1.2200033E+02  1.0862384E+00 -4.1088970E-02 -2.4292881E-02  3.9673160E-02  0.0000000E+00
  1.2200033E+02  1.1077510E+00 -4.6202782E-02 -2.6791558E-02  3.6059327E-02  0.0000000E+00
  1.2200033E+02  1.1291422E+00 -5.3128474E-02 -3.0746452E-02  3.2265471E-02  0.0000000E+00
  1.2200033E+02  1.1502632E+00 -6.1171733E-02 -3.6253836E-02  2.8403416E-02  0.0000000E+00
  1.2200033E+02  1.1708163E+00 -6.9537694E-02 -4.3133409E-02  2.4604528E-02  0.0000000E+00
  1.2200033E+02  1.1905504E+00 -7.7572579E-02 -5.1041129E-02  2.0954795E-02  0.0000000E+00
  1.2200033E+02  1.2092214E+00 -8.4780080E-02 -5.9552173E-02  1.7510603E-02  0.0000000E+00
  1.2200033E+02  1.2268206E+00 -9.0843674E-02 -6.8332352E-02  1.4295986E-02  0.0000000E+00
  1.2200033E+02  1.2432873E+00 -9.5664484E-02 -7.7050548E-02  1.1329416E-02  0.0000000E+00
  1.2200033E+02  1.2584392E+00 -9.9338112E-02 -8.5335162E-02  8.6514764E-03  0.0000000E+00
  1.2200033E+02  1.2719653E+00 -1.0199361E-01 -9.2909879E-02  6.3071952E-03  0.0000000E+00
  1.2200033E+02  1.2836014E+00 -1.0383837E-01 -9.9735305E-02  4.2830767E-03  0.0000000E+00
  1.2200033E+02  1.2930800E+00 -1.0512205E-01 -1.0597575E-01  2.5347720E-03  0.0000000E+00
  1.2200033E+02  1.3002726E+00 -1.0606535E-01 -1.1201945E-01  1.0137818E-03  0.0000000E+00
  1.2200033E+02  1.3051533E+00 -1.0672104E-01 -1.1834125E-01 -2.8459514E-04  0.0000000E+00
  1.2200033E+02  1.3079363E+00 -1.0685495E-01 -1.2540182E-01 -1.3321953E-03  0.0000000E+00
  1.2200033E+02  1.3091718E+00 -1.0599438E-01 -1.3337569E-01 -2.0796952E-03  0.0000000E+00
  1.2200033E+02  1.3097403E+00 -1.0365221E-01 -1.4197794E-01 -2.5010780E-03  0.0000000E+00
  1.2200033E+02  1.3106586E+00 -9.9541706E-02 -1.5040620E-01 -2.6056468E-03  0.0000000E+00
  1.2200033E+02  1.3128015E+00 -9.3723451E-02 -1.5767268E-01 -2.4611010E-03  0.0000000E+00
  1.2200033E+02  1.3166823E+00 -8.6640253E-02 -1.6288446E-01 -2.1660408E-03  0.0000000E+00
  1.2200033E+02  1.3223905E+00 -7.8924469E-02 -1.6556656E-01 -1.8048290E-03  0.0000000E+00
  1.2200033E+02  1.3296387E+00 -7.1237053E-02 -1.6567538E-01 -1.4207941E-03  0.0000000E+00
  1.2200033E+02  1.3379818E+00 -6.4056053E-02 -1.6341887E-01 -1.0226996E-03  0.0000000E+00
  1.2200033E+02  1.3468197E+00 -5.7757823E-02 -1.5909859E-01 -5.9784970E-04  0.0000000E+00
  1.2200033E+02  1.3554796E+00 -5.2559318E-02 -1.5306452E-01 -1.4478495E-04  0.0000000E+00
  1.2200033E+02  1.3631930E+00 -4.8567634E-02 -1.4567189E-01  3.2859635E-04  0.0000000E+00
  1.2200033E+02  1.3692620E+00 -4.5729787E-02 -1.3726410E-01  7.9739820E-04  0.0000000E+00
  1.2200033E+02  1.3731971E+00 -4.3860286E-02 -1.2824111E-01  1.2291724E-03  0.0000000E+00
  1.2200033E+02  1.3749260E+00 -4.2644145E-02 -1.1896020E-01  1.5934720E-03  0.0000000E+00
  1.2200033E+02  1.3747977E+00 -4.1729027E-02 -1.0976570E-01  1.8626575E-03  0.0000000E+00
  1.2200033E+02  1.3734796E+00 -4.0844881E-02 -1.0092061E-01  2.0240545E-03  0.0000000E+00
  1.2200033E+02  1.3716018E+00 -3.9908015E-02 -9.2626202E-02  2.1000852E-03  0.0000000E+00
  1.2200033E+02  1.3695024E+00 -3.8978141E-02 -8.4952789E-02  2.1384872E-03  0.0000000E+00
  1.2200033E+02  1.3672125E+00 -3.7995486E-02 -7.7887226E-02  2.2078270E-03  0.0000000E+00
  1.2200033E+02  1.3646410E+00 -3.6851733E-02 -7.1490972E-02  2.3087725E-03  0.0000000E+00
  1.2200033E+02  1.3617296E+00 -3.5500036E-02 -6.5914572E-02  2.3851058E-03  0.0000000E+00
  1.2200033E+02  1.3584815E+00 -3.3976808E-02 -6.1260463E-02  2.3786403E-03  0.0000000E+00
  1.2200033E+02  1.3549659E+00 -3.2384439E-02 -5.7562643E-02  2.2809833E-03  0.0000000E+00
  1.2200033E+02  1.3512394E+00 -3.0809271E-02 -5.4750120E-02  2.1438337E-03  0.0000000E+00
  1.2200033E+02  1.3472879E+00 -2.9246186E-02 -5.2750395E-02  2.0184469E-03  0.0000000E+00
  1.2200033E+02  1.3430893E+00 -2.7793735E-02 -5.1596032E-02  1.8994563E-03  0.0000000E+00
  1.2200033E+02  1.3386668E+00 -2.6558770E-02 -5.1262648E-02  1.7867800E-03  0.0000000E+00
  1.2200033E+02  1.3340670E+00 -2.5648951E-02 -5.1701763E-02  1.6801971E-03  0.0000000E+00
  1.2200033E+02  1.3293767E+00 -2.5159686E-02 -5.2832235E-02  1.5821530E-03  0.0000000E+00
  1.2200033E+02  1.3246716E+00 -2.5160734E-02 -5.4554379E-02  1.4995850E-03  0.0000000E+00
  1.2200033E+02  1.3200372E+00 -2.5708339E-02 -5.6755407E-02  1.4367169E-03  0.0000000E+00
  1.2200033E+02  1.3155414E+00 -2.6847082E-02 -5.9318941E-02  1.3905667E-03  0.0000000E+00
  1.2200033E+02  1.3112591E+00 -2.8585646E-02 -6.2108504E-02  1.3653178E-03  0.0000000E+00
  1.2200033E+02  1.3072209E+00 -3.0936271E-02 -6.5008236E-02  1.3516869E-03  0.0000000E+00
  1.2200033E+02  1.3034301E+00 -3.3882054E-02 -6.7906768E-02  1.3519400E-03  0.0000000E+00
  1.2200033E+02  1.2998147E+00 -3.7414251E-02 -7.0693273E-02  1.3518469E-03  0.0000000E+00
  1.2200033E+02  1.2962255E+00 -4.1471767E-02 -7.3242277E-02  1.3497539E-03  0.0000000E+00
  1.2200033E+02 -3.0017761E-06 -8.4095626E-07  9.9526611E-06  6.5650264E-02  0.0000000E+00
  1.2200033E+02 -6.2919606E-02 -1.5565940E-02  2.1402284E-01  6.6492064E-02  0.0000000E+00
  1.2200033E+02 -9.8985130E-02 -2.4314688E-02  3.0592593E-01  6.5329449E-02  0.0000000E+00
  1.2200033E+02 -1.1496575E-01 -3.4604957E-02  3.2404822E-01  6.1728697E-02  0.0000000E+00
  1.2200033E+02 -1.0420096E-01 -3.8920785E-02  3.2729808E-01  5.7240420E-02  0.0000000E+00
  1.2200033E+02 -4.1216843E-02 -6.7232681E-03  3.5358598E-01  5.0699263E-02  0.0000000E+00
  1.2200033E+02  7.1920831E-02  5.8861187E-02  3.8597765E-01  3.7239107E-02  0.0000000E+00
  1.2200033E+02  1.6426142E-01  9.5371129E-02  3.8781163E-01  1.7495652E-02  0.0000000E+00
  1.2200033E+02  2.0201962E-01  8.2067577E-02  3.5326063E-01 -2.3195055E-03  0.0000000E+00
  1.2200033E+02  2.1965998E-01  4.3287306E-02  2.8773602E-01 -1.8308040E-02  0.0000000E+00
  1.2200033E+02  2.4671606E-01 -1.8922046E-03  1.8878043E-01 -2.9563963E-02  0.0000000E+00
  1.2200033E+02  2.8521639E-01 -4.5364041E-02  4.9294327E-02 -3.2461063E-02  0.0000000E+00
  1.2200033E+02  3.2306933E-01 -7.6094155E-02 -9.9751611E-02 -2.4103803E-02  0.0000000E+00
  1.2200033E+02  3.7256011E-01 -7.3184415E-02 -1.9544262E-01 -1.0325720E-02  0.0000000E+00
  1.2200033E+02  4.4692023E-01 -4.3329401E-02 -2.0143303E-01 -1.5260367E-03  0.0000000E+00
  1.2200033E+02  4.9706115E-01 -3.2331804E-02 -1.4340962E-01 -1.2593584E-03  0.0000000E+00
  1.2200033E+02  5.0723602E-01 -5.3012093E-02 -6.2031774E-02 -5.5076482E-03  0.0000000E+00
  1.2200033E+02  5.1452064E-01 -7.9972669E-02  1.6433254E-02 -9.0211177E-03  0.0000000E+00
  1.2200033E+02  5.4587138E-01 -9.4873875E-02  7.5558600E-02 -1.1080907E-02  0.0000000E+00
  1.2200033E+02  6.1105417E-01 -9.1773931E-02  1.0750987E-01 -1.2877294E-02  0.0000000E+00
  1.2200033E+02  6.8931224E-01 -7.3525176E-02  1.0912209E-01 -1.4722337E-02  0.0000000E+00
  1.2200033E+02  7.4764462E-01 -4.9591528E-02  7.2727664E-02 -1.7151642E-02  0.0000000E+00
  1.2200033E+02  7.9431635E-01 -3.5100022E-02  1.9140566E-02 -2.0014196E-02  0.0000000E+00
  1.2200033E+02  8.6617079E-01 -3.8509031E-02 -1.3983493E-02 -2.2549234E-02  0.0000000E+00
  1.2200033E+02  9.6154675E-01 -5.0694444E-02 -6.8508371E-03 -2.3176446E-02  0.0000000E+00
  1.2200033E+02  1.0124357E+00 -5.1371175E-02  2.9146656E-02 -2.2478043E-02  0.0000000E+00
  1.2200033E+02  9.8412019E-01 -3.3105800E-02  7.1008333E-02 -2.0748999E-02  0.0000000E+00
  1.2200033E+02  9.4773023E-01 -4.8696869E-03  1.0160689E-01 -1.7268375E-02  0.0000000E+00
  1.2200033E+02  9.3117427E-01  2.7037081E-02  1.1454108E-01 -1.3521243E-02  0.0000000E+00
  1.2200033E+02  9.2828034E-01  6.0735842E-02  1.1045406E-01 -1.1283349E-02  0.0000000E+00
  1.2200033E+02  9.2997517E-01  9.5578536E-02  9.3197097E-02 -1.1583032E-02  0.0000000E+00
  1.2200033E+02  9.3394657E-01  1.3163880E-01  6.7084876E-02 -1.4515400E-02  0.0000000E+00
  1.2200033E+02  9.4123755E-01  1.6905376E-01  3.5341260E-02 -1.9760830E-02  0.0000000E+00
  1.2200033E+02  9.5140398E-01  2.0801227E-01  5.7645628E-04 -2.6752711E-02  0.0000000E+00
  1.2200033E+02  9.5943177E-01  2.4892113E-01 -3.7264435E-02 -3.5055027E-02  0.0000000E+00
  1.2200033E+02  9.5816022E-01  2.8774485E-01 -7.9815104E-02 -4.4080863E-02  0.0000000E+00
  1.2200033E+02  9.4481730E-01  3.1522066E-01 -1.2562606E-01 -5.2625240E-02  0.0000000E+00
  1.2200033E+02  9.2319358E-01  3.2210478E-01 -1.6832426E-01 -5.9230690E-02  0.0000000E+00
  1.2200033E+02  9.0063808E-01  3.0546915E-01 -1.9803587E-01 -6.3105771E-02  0.0000000E+00
  1.2200033E+02  8.8146449E-01  2.7311745E-01 -2.0819921E-01 -6.4704302E-02  0.0000000E+00
  1.2200033E+02  8.6619412E-01  2.3697816E-01 -1.9937290E-01 -6.4842133E-02  0.0000000E+00
  1.2200033E+02  8.5542311E-01  2.0592610E-01 -1.7851913E-01 -6.4574695E-02  0.0000000E+00
  1.2200033E+02  8.4839157E-01  1.8482017E-01 -1.4996513E-01 -6.4761370E-02  0.0000000E+00
  1.2200033E+02  8.4383244E-01  1.7636380E-01 -1.1626686E-01 -6.5620371E-02  0.0000000E+00
  1.2200033E+02  8.4194922E-01  1.8102971E-01 -8.0965220E-02 -6.7014687E-02  0.0000000E+00
  1.2200033E+02  8.4543043E-01  1.9641823E-01 -4.9480037E-02 -6.8920168E-02  0.0000000E+00
  1.2200033E+02  8.5854705E-01  2.1718188E-01 -2.7980717E-02 -7.1184957E-02  0.0000000E+00
  1.2200033E+02  8.8431973E-01  2.3621582E-01 -1.9750234E-02 -7.3489726E-02  0.0000000E+00
  1.2200033E+02  9.2394963E-01  2.4593448E-01 -2.5260665E-02 -7.5132500E-02  0.0000000E+00
  1.2200033E+02  9.7519588E-01  2.4142588E-01 -4.2362105E-02 -7.5200022E-02  0.0000000E+00
  1.2200033E+02  1.0338335E+00  2.2284820E-01 -6.6122403E-02 -7.2934360E-02  0.0000000E+00
  1.2200033E+02  1.0951643E+00  1.9425536E-01 -9.0236340E-02 -6.8144837E-02  0.0000000E+00
  1.2200033E+02  1.1545087E+00  1.6128645E-01 -1.0876102E-01 -6.1161210E-02  0.0000000E+00
  1.2200033E+02  1.2079449E+00  1.2920693E-01 -1.1775560E-01 -5.2637997E-02  0.0000000E+00
  1.2200033E+02  1.2520099E+00  1.0232622E-01 -1.1499259E-01 -4.3732962E-02  0.0000000E+00
  1.2200033E+02  1.2822222E+00  7.9656517E-02 -9.9701407E-02 -3.5466287E-02  0.0000000E+00
  1.2200033E+02  1.3094848E+00  5.5671300E-02 -7.6370926E-02 -2.8477993E-02  0.0000000E+00
  1.2200033E+02  1.3371495E+00  2.9781914E-02 -5.1228544E-02 -2.2705609E-02  0.0000000E+00
  1.2200033E+02  1.3595272E+00  4.7727782E-03 -2.8813422E-02 -1.8115090E-02  0.0000000E+00
  1.2200033E+02  1.3702708E+00 -1.7140964E-02 -1.0798858E-02 -1.4749330E-02  0.0000000E+00
  1.2200033E+02  1.3694673E+00 -3.5832457E-02  2.9941913E-03 -1.2521511E-02  0.0000000E+00
  1.2200033E+02  1.3647488E+00 -5.2351206E-02  1.3473904E-02 -1.1050717E-02  0.0000000E+00
  1.2200033E+02  1.3606786E+00 -6.6017028E-02  2.1309704E-02 -1.0107105E-02  0.0000000E+00
  1.2200033E+02  1.3567315E+00 -7.7608839E-02  2.6972493E-02 -9.5202143E-03  0.0000000E+00
  1.2200033E+02  1.3532994E+00 -8.7522230E-02  3.1075852E-02 -9.1735425E-03  0.0000000E+00
  1.2200033E+02  1.3502883E+00 -9.5965947E-02  3.3970022E-02 -8.9339871E-03  0.0000000E+00
  1.2200033E+02  1.3476107E+00 -1.0297044E-01  3.5883108E-02 -8.7518439E-03  0.0000000E+00
  1.2200033E+02  1.3451253E+00 -1.0874808E-01  3.7041711E-02 -8.6286227E-03  0.0000000E+00
  1.2200033E+02  1.3427263E+00 -1.1350983E-01  3.7609625E-02 -8.5321006E-03  0.0000000E+00
  1.2200033E+02  1.3403933E+00 -1.1729119E-01  3.7686479E-02 -8.3930244E-03  0.0000000E+00
  1.2200033E+02  1.3380750E+00 -1.2015446E-01  3.7423127E-02 -8.2383162E-03  0.0000000E+00
  1.2200033E+02  1.3357773E+00 -1.2210386E-01  3.6807584E-02 -8.0464942E-03  0.0000000E+00
  1.2200033E+02  1.3334945E+00 -1.2322293E-01  3.5845537E-02 -7.8237133E-03  0.0000000E+00
  1.2200033E+02  1.3312212E+00 -1.2356251E-01  3.4518333E-02 -7.5697765E-03  0.0000000E+00
  1.2200033E+02  1.3289534E+00 -1.2317926E-01  3.2853422E-02 -7.3112145E-03  0.0000000E+00
  1.2200033E+02  1.3266885E+00 -1.2215224E-01  3.0860294E-02 -7.0367963E-03  0.0000000E+00
  1.2200033E+02  1.3244310E+00 -1.2054964E-01  2.8550537E-02 -6.7285937E-03  0.0000000E+00
  1.2200033E+02  1.3221937E+00 -1.1842794E-01  2.5971129E-02 -6.3996693E-03  0.0000000E+00
  1.2200033E+02  1.3199862E+00 -1.1586653E-01  2.3139951E-02 -6.0472754E-03  0.0000000E+00
  1.2200033E+02  1.3177997E+00 -1.1293312E-01  2.0084718E-02 -5.6816833E-03  0.0000000E+00
  1.2200033E+02  1.3156431E+00 -1.0974043E-01  1.6847746E-02 -5.2986276E-03  0.0000000E+00
  1.2200033E+02  1.3135060E+00 -1.0633774E-01  1.3463511E-02 -4.9211593E-03  0.0000000E+00
  1.2200033E+02  1.3114085E+00 -1.0282459E-01  9.9742076E-03 -4.5484996E-03  0.0000000E+00
  1.2200033E+02  1.3093647E+00 -9.9270880E-02  6.4076806E-03 -4.1840368E-03  0.0000000E+00
  1.2200033E+02  1.3073908E+00 -9.5734680E-02  2.7974361E-03 -3.8367724E-03  0.0000000E+00
  1.2200033E+02  1.3055159E+00 -9.2299004E-02 -8.0453447E-04 -3.5062523E-03  0.0000000E+00
  1.2200033E+02  1.3037573E+00 -8.9031324E-02 -4.3643933E-03 -3.1787658E-03  0.0000000E+00
  1.2200033E+02  1.3021191E+00 -8.5968671E-02 -7.8348140E-03 -2.8540018E-03  0.0000000E+00
  1.2200033E+02  1.3006100E+00 -8.3169706E-02 -1.1157742E-02 -2.5210239E-03  0.0000000E+00
  1.2200033E+02  1.2992204E+00 -8.0664367E-02 -1.4296462E-02 -2.1734737E-03  0.0000000E+00
  1.2200033E+02  1.2979352E+00 -7.8477451E-02 -1.7222985E-02 -1.8113514E-03  0.0000000E+00
  1.2200033E+02  1.2967394E+00 -7.6639381E-02 -1.9896264E-02 -1.4424696E-03  0.0000000E+00
  1.2200033E+02  1.2956063E+00 -7.5173211E-02 -2.2291631E-02 -1.0658725E-03  0.0000000E+00
  1.2200033E+02  1.2945127E+00 -7.4109476E-02 -2.4359890E-02 -6.7866973E-04  0.0000000E+00
  1.2200033E+02  1.2934228E+00 -7.3455998E-02 -2.6056216E-02 -2.7637048E-04  0.0000000E+00
  1.2200033E+02  1.2922960E+00 -7.3216258E-02 -2.7332562E-02  1.4864325E-04  0.0000000E+00
  1.2200033E+02  1.2910905E+00 -7.3375374E-02 -2.8143943E-02  5.9624069E-04  0.0000000E+00
  1.2200033E+02  1.2897566E+00 -7.3915811E-02 -2.8461073E-02  1.0656268E-03  0.0000000E+00
  1.2200033E+02  1.2882429E+00 -7.4816100E-02 -2.8264027E-02  1.5498252E-03  0.0000000E+00
  1.2200033E+02  1.2865094E+00 -7.6066010E-02 -2.7548070E-02  2.0424508E-03  0.0000000E+00
  1.2200033E+02  0.0000000E+00  0.0000000E+00  0.0000000E+00 -1.6617398E-02  0.0000000E+00
  1.2200033E+02  3.2859988E-01  8.5310053E-02  2.8345216E-01 -1.7183006E-02  0.0000000E+00
  1.2200033E+02  5.5641909E-01  1.1043159E-01  4.0918477E-01 -1.5488720E-02  0.0000000E+00
  1.2200033E+02  6.6016217E-01  8.0398506E-02  4.3133096E-01 -1.5958853E-02  0.0000000E+00
  1.2200033E+02  6.2690190E-01  1.6690566E-02  3.6822477E-01 -2.1101300E-02  0.0000000E+00
  1.2200033E+02  5.8715139E-01 -3.0505496E-02  2.2514470E-01 -2.6865503E-02  0.0000000E+00
  1.2200033E+02  5.8138907E-01 -4.8073061E-02  6.8550246E-02 -2.8775905E-02  0.0000000E+00
  1.2200033E+02  5.8811129E-01 -4.6752044E-02 -4.4304645E-02 -2.7373282E-02  0.0000000E+00
  1.2200033E+02  6.1200483E-01 -3.5915081E-02 -1.0874510E-01 -2.4800905E-02  0.0000000E+00
  1.2200033E+02  6.4260794E-01 -3.2340207E-02 -1.4418134E-01 -2.2471888E-02  0.0000000E+00
  1.2200033E+02  6.7250695E-01 -5.2722991E-02 -1.6890220E-01 -2.0852634E-02  0.0000000E+00
  1.2200033E+02  7.2255762E-01 -8.8571571E-02 -1.7270663E-01 -2.0461912E-02  0.0000000E+00
  1.2200033E+02  7.5760644E-01 -1.1655016E-01 -1.3339211E-01 -2.1128421E-02  0.0000000E+00
  1.2200033E+02  7.5728989E-01 -1.2444117E-01 -8.3567219E-02 -2.1003243E-02  0.0000000E+00
  1.2200033E+02  7.6339662E-01 -1.1739549E-01 -6.0991214E-02 -2.0165182E-02  0.0000000E+00
  1.2200033E+02  7.8444672E-01 -1.1052944E-01 -6.1913862E-02 -1.9799467E-02  0.0000000E+00
  1.2200033E+02  8.1455757E-01 -1.1088549E-01 -6.7413863E-02 -2.0311386E-02  0.0000000E+00
  1.2200033E+02  8.5511529E-01 -1.1700104E-01 -6.5838058E-02 -2.1009498E-02  0.0000000E+00
  1.2200033E+02  9.0613779E-01 -1.2464885E-01 -5.2505975E-02 -2.0837102E-02  0.0000000E+00
  1.2200033E+02  9.6066922E-01 -1.2868436E-01 -2.6539225E-02 -1.9092259E-02  0.0000000E+00
  1.2200033E+02  1.0079727E+00 -1.2542341E-01  6.9950343E-03 -1.6149487E-02  0.0000000E+00
  1.2200033E+02  1.0399513E+00 -1.1548429E-01  3.8076747E-02 -1.3053575E-02  0.0000000E+00
  1.2200033E+02  1.0540338E+00 -1.0188138E-01  5.8503428E-02 -1.0290382E-02  0.0000000E+00
  1.2200033E+02  1.0524294E+00 -8.8547006E-02  6.5648081E-02 -7.9868932E-03  0.0000000E+00
  1.2200033E+02  1.0396084E+00 -7.8935916E-02  6.2718236E-02 -6.2385729E-03  0.0000000E+00
  1.2200033E+02  1.0206572E+00 -7.5000635E-02  5.5353034E-02 -5.0431861E-03  0.0000000E+00
  1.2200033E+02  1.0000889E+00 -7.6904531E-02  4.7765038E-02 -4.3287562E-03  0.0000000E+00
  1.2200033E+02  9.8183077E-01 -8.3933610E-02  4.2222598E-02 -3.9840130E-03  0.0000000E+00
  1.2200033E+02  9.6972857E-01 -9.4724673E-02  3.9806946E-02 -3.8689354E-03  0.0000000E+00
  1.2200033E+02  9.6642973E-01 -1.0697508E-01  4.1366344E-02 -3.9383729E-03  0.0000000E+00
  1.2200033E+02  9.7180836E-01 -1.1811817E-01  4.7659025E-02 -4.2779136E-03  0.0000000E+00
  1.2200033E+02  9.8282987E-01 -1.2675771E-01  5.8604622E-02 -5.0868843E-03  0.0000000E+00
  1.2200033E+02  9.9620077E-01 -1.3405422E-01  7.1977360E-02 -6.4353838E-03  0.0000000E+00
  1.2200033E+02  1.0113722E+00 -1.4205137E-01  8.4527130E-02 -8.1328790E-03  0.0000000E+00
  1.2200033E+02  1.0290253E+00 -1.5094541E-01  9.4415175E-02 -9.8047288E-03  0.0000000E+00
  1.2200033E+02  1.0495557E+00 -1.6002363E-01  1.0102931E-01 -1.1287536E-02  0.0000000E+00
  1.2200033E+02  1.0729281E+00 -1.6882305E-01  1.0463406E-01 -1.2587298E-02  0.0000000E+00
  1.2200033E+02  1.0987816E+00 -1.7709463E-01  1.0610011E-01 -1.3690925E-02  0.0000000E+00
  1.2200033E+02  1.1264525E+00 -1.8436766E-01  1.0640074E-01 -1.4485324E-02  0.0000000E+00
  1.2200033E+02  1.1547694E+00 -1.8988266E-01  1.0591856E-01 -1.4948699E-02  0.0000000E+00
  1.2200033E+02  1.1823068E+00 -1.9343114E-01  1.0473925E-01 -1.5146657E-02  0.0000000E+00
  1.2200033E+02  1.2075938E+00 -1.9498207E-01  1.0305324E-01 -1.5151351E-02  0.0000000E+00
  1.2200033E+02  1.2295319E+00 -1.9462521E-01  1.0113836E-01 -1.5019504E-02  0.0000000E+00
  1.2200033E+02  1.2476136E+00 -1.9266864E-01  9.9243431E-02 -1.4790050E-02  0.0000000E+00
  1.2200033E+02  1.2619574E+00 -1.8957397E-01  9.7477072E-02 -1.4474806E-02  0.0000000E+00
  1.2200033E+02  1.2731341E+00 -1.8577277E-01  9.5775711E-02 -1.4066240E-02  0.0000000E+00
  1.2200033E+02  1.2818173E+00 -1.8162036E-01  9.3986608E-02 -1.3569527E-02  0.0000000E+00
  1.2200033E+02  1.2886591E+00 -1.7738929E-01  9.1944904E-02 -1.3001805E-02  0.0000000E+00
  1.2200033E+02  1.2941705E+00 -1.7325517E-01  8.9557164E-02 -1.2387865E-02  0.0000000E+00
  1.2200033E+02  1.2987115E+00 -1.6930867E-01  8.6802843E-02 -1.1751114E-02  0.0000000E+00
  1.2200033E+02  1.3025125E+00 -1.6560445E-01  8.3716673E-02 -1.1110600E-02  0.0000000E+00
  1.2200033E+02  1.3057329E+00 -1.6217944E-01  8.0348329E-02 -1.0477887E-02  0.0000000E+00
  1.2200033E+02  1.3084773E+00 -1.5905089E-01  7.6746531E-02 -9.8617094E-03  0.0000000E+00
  1.2200033E+02  1.3108045E+00 -1.5621966E-01  7.2951280E-02 -9.2722749E-03  0.0000000E+00
  1.2200033E+02  1.3127531E+00 -1.5367956E-01  6.8992067E-02 -8.7189242E-03  0.0000000E+00
  1.2200033E+02  1.3143372E+00 -1.5141617E-01  6.4902014E-02 -8.2142482E-03  0.0000000E+00
  1.2200033E+02  1.3155543E+00 -1.4941435E-01  6.0719522E-02 -7.7670275E-03  0.0000000E+00
  1.2200033E+02  1.3163919E+00 -1.4766215E-01  5.6492587E-02 -7.3850555E-03  0.0000000E+00
  1.2200033E+02  1.3168477E+00 -1.4612420E-01  5.2295030E-02 -7.0669200E-03  0.0000000E+00
  1.2200033E+02  1.3169388E+00 -1.4474680E-01  4.8223998E-02 -6.8057572E-03  0.0000000E+00
  1.2200033E+02  1.3167022E+00 -1.4348881E-01  4.4385794E-02 -6.5976731E-03  0.0000000E+00
  1.2200033E+02  1.3161913E+00 -1.4234769E-01  4.0890162E-02 -6.4432859E-03  0.0000000E+00
  1.2200033E+02  1.3154592E+00 -1.4134723E-01  3.7859124E-02 -6.3399565E-03  0.0000000E+00
  1.2200033E+02  1.3145055E+00 -1.4047438E-01  3.5415740E-02 -6.2805540E-03  0.0000000E+00
  1.2200033E+02  1.3132751E+00 -1.3964851E-01  3.3673189E-02 -6.2499423E-03  0.0000000E+00
  1.2200033E+02  1.3117135E+00 -1.3875145E-01  3.2724855E-02 -6.2244016E-03  0.0000000E+00
  1.2200033E+02  1.3098048E+00 -1.3766644E-01  3.2617439E-02 -6.1786067E-03  0.0000000E+00
  1.2200033E+02  1.3075827E+00 -1.3629957E-01  3.3332405E-02 -6.0922891E-03  0.0000000E+00
  1.2200033E+02  1.3051279E+00 -1.3459041E-01  3.4779669E-02 -5.9532810E-03  0.0000000E+00
  1.2200033E+02  1.3025575E+00 -1.3251871E-01  3.6796964E-02 -5.7600801E-03  0.0000000E+00
  1.2200033E+02  1.3000132E+00 -1.3011686E-01  3.9153072E-02 -5.5259065E-03  0.0000000E+00
  1.2200033E+02  1.2976622E+00 -1.2749945E-01  4.1595291E-02 -5.2720650E-03  0.0000000E+00
  1.2200033E+02  1.2956925E+00 -1.2486392E-01  4.3873352E-02 -5.0257014E-03  0.0000000E+00
  1.2200033E+02  1.2942728E+00 -1.2246977E-01  4.5802848E-02 -4.8102748E-03  0.0000000E+00
  1.2200033E+02  1.2935253E+00 -1.2058863E-01  4.7293236E-02 -4.6375668E-03  0.0000000E+00
  1.2200033E+02  1.2935199E+00 -1.1945979E-01  4.8353133E-02 -4.5054138E-03  0.0000000E+00
  1.2200033E+02  1.2942811E+00 -1.1925012E-01  4.9075578E-02 -4.4007627E-03  0.0000000E+00
  1.2200033E+02  1.2958053E+00 -1.2002464E-01  4.9607658E-02 -4.3063722E-03  0.0000000E+00
  1.2200033E+02  1.2980788E+00 -1.2173370E-01  5.0108952E-02 -4.2094781E-03  0.0000000E+00
  1.2200033E+02  1.3010621E+00 -1.2421141E-01  5.0719503E-02 -4.1094010E-03  0.0000000E+00
  1.2200033E+02  1.3046773E+00 -1.2720570E-01  5.1541145E-02 -4.0189873E-03  0.0000000E+00
  1.2200033E+02  1.3088026E+00 -1.3043894E-01  5.2631574E-02 -3.9583598E-03  0.0000000E+00
  1.2200033E+02  1.3132808E+00 -1.3366320E-01  5.4012642E-02 -3.9435915E-03  0.0000000E+00
  1.2200033E+02  1.3179367E+00 -1.3668088E-01  5.5679123E-02 -3.9800301E-03  0.0000000E+00
  1.2200033E+02  1.3225970E+00 -1.3934924E-01  5.7604771E-02 -4.0613401E-03  0.0000000E+00
  1.2200033E+02  1.3271098E+00 -1.4157319E-01  5.9747694E-02 -4.1731238E-03  0.0000000E+00
  1.2200033E+02  1.3313570E+00 -1.4328946E-01  6.2057766E-02 -4.2999499E-03  0.0000000E+00
  1.2200033E+02  1.3352547E+00 -1.4445086E-01  6.4487358E-02 -4.4324045E-03  0.0000000E+00
  1.2200033E+02  1.3387409E+00 -1.4503087E-01  6.6995426E-02 -4.5656949E-03  0.0000000E+00
  1.2200033E+02  1.3417725E+00 -1.4501685E-01  6.9552815E-02 -4.7000644E-03  0.0000000E+00
  1.2200033E+02  1.3443179E+00 -1.4441096E-01  7.2141472E-02 -4.8381191E-03  0.0000000E+00
  1.2200033E+02  1.3463536E+00 -1.4322759E-01  7.4753751E-02 -4.9834587E-03  0.0000000E+00
  1.2200033E+02  1.3478624E+00 -1.4149262E-01  7.7389329E-02 -5.1391200E-03  0.0000000E+00
  1.2200033E+02  1.3488328E+00 -1.3923962E-01  8.0051395E-02 -5.3079078E-03  0.0000000E+00
  1.2200033E+02  1.3492586E+00 -1.3650584E-01  8.2743395E-02 -5.4932099E-03  0.0000000E+00
  1.2200033E+02  1.3491389E+00 -1.3333048E-01  8.5467630E-02 -5.6988989E-03  0.0000000E+00
  1.2200033E+02  1.3484789E+00 -1.2975405E-01  8.8222593E-02 -5.9291624E-03  0.0000000E+00
  1.2200033E+02  1.3472903E+00 -1.2581659E-01  9.1004231E-02 -6.1881489E-03  0.0000000E+00
  1.2200033E+02  1.3455913E+00 -1.2155694E-01  9.3804504E-02 -6.4798652E-03  0.0000000E+00
  1.2200033E+02  1.3434066E+00 -1.1701302E-01  9.6611563E-02 -6.8075618E-03  0.0000000E+00
  1.2200033E+02 -4.8515704E-06 -8.4076303E-07  5.7857658E-06  5.6982950E-02  0.0000000E+00
  1.2200033E+02 -4.6352514E-02 -6.3140788E-03  5.0361340E-02  5.8038130E-02  0.0000000E+00
  1.2200033E+02 -5.2222961E-02  7.9245103E-04  6.2033442E-02  5.9365990E-02  0.0000000E+00
  1.2200033E+02 -4.1381333E-02  1.1991240E-02  8.1631474E-02  6.0761873E-02  0.0000000E+00
  1.2200033E+02 -1.7913394E-02  1.6659632E-02  1.1103047E-01  6.2158886E-02  0.0000000E+00
  1.2200033E+02  2.5867321E-02  9.3544958E-03  1.4024435E-01  6.3839143E-02  0.0000000E+00
  1.2200033E+02  1.1532955E-01 -2.1443047E-03  1.7237011E-01  6.5322000E-02  0.0000000E+00
  1.2200033E+02  2.8556753E-01  2.7797773E-03  2.2843259E-01  6.5224281E-02  0.0000000E+00
  1.2200033E+02  5.2142133E-01  3.2733504E-02  3.0634889E-01  6.2944899E-02  0.0000000E+00
  1.2200033E+02  7.0631404E-01  6.2656404E-02  3.5098863E-01  5.8879551E-02  0.0000000E+00
  1.2200033E+02  7.5514224E-01  6.7503705E-02  3.3042898E-01  5.3569161E-02  0.0000000E+00
  1.2200033E+02  7.1467390E-01  5.2342827E-02  2.5650812E-01  4.7764287E-02  0.0000000E+00
  1.2200033E+02  6.6422218E-01  3.0649652E-02  1.5574353E-01  4.2539235E-02  0.0000000E+00
  1.2200033E+02  6.4797967E-01  9.3509161E-03  5.3515966E-02  3.8388070E-02  0.0000000E+00
  1.2200033E+02  6.7165634E-01 -5.0597296E-03 -3.3450361E-02  3.5178478E-02  0.0000000E+00
  1.2200033E+02  7.2135827E-01 -9.9306804E-03 -9.0147810E-02  3.2493911E-02  0.0000000E+00
  1.2200033E+02  7.8547565E-01 -1.0701482E-02 -1.0271926E-01  2.9915269E-02  0.0000000E+00
  1.2200033E+02  8.5730469E-01 -1.3548333E-02 -6.7794280E-02  2.7545206E-02  0.0000000E+00
  1.2200033E+02  9.2901652E-01 -2.0823846E-02  6.0541543E-04  2.5957921E-02  0.0000000E+00
  1.2200033E+02  9.7807484E-01 -3.5569754E-02  5.5503146E-02  2.4838378E-02  0.0000000E+00
  1.2200033E+02  9.8096322E-01 -5.8009117E-02  5.6145237E-02  2.2945727E-02  0.0000000E+00
  1.2200033E+02  9.5296513E-01 -7.7751376E-02  2.6987265E-02  2.0344326E-02  0.0000000E+00
  1.2200033E+02  9.2456118E-01 -8.9874082E-02  9.6919737E-04  1.7960574E-02  0.0000000E+00
  1.2200033E+02  9.0784755E-01 -9.6132799E-02 -1.2567578E-02  1.6012564E-02  0.0000000E+00
  1.2200033E+02  9.0073472E-01 -9.8832132E-02 -1.7157832E-02  1.4505292E-02  0.0000000E+00
  1.2200033E+02  8.9848020E-01 -9.9066862E-02 -1.7277434E-02  1.3336451E-02  0.0000000E+00
  1.2200033E+02  8.9922272E-01 -9.7802598E-02 -1.4222682E-02  1.2401753E-02  0.0000000E+00
  1.2200033E+02  9.0195322E-01 -9.5938389E-02 -8.6813899E-03  1.1549786E-02  0.0000000E+00
  1.2200033E+02  9.0641041E-01 -9.4209883E-02 -1.2673831E-03  1.0688335E-02  0.0000000E+00
  1.2200033E+02  9.1264206E-01 -9.3139727E-02  7.3579491E-03  9.8604173E-03  0.0000000E+00
  1.2200033E+02  9.2074810E-01 -9.2841037E-02  1.6444985E-02  9.1525989E-03  0.0000000E+00
  1.2200033E+02  9.3084346E-01 -9.3103086E-02  2.5205973E-02  8.6398485E-03  0.0000000E+00
  1.2200033E+02  9.4299774E-01 -9.3568262E-02  3.2767072E-02  8.3078313E-03  0.0000000E+00
  1.2200033E+02  9.5728822E-01 -9.3974533E-02  3.8449088E-02  8.1110384E-03  0.0000000E+00
  1.2200033E+02  9.7362254E-01 -9.3879202E-02  4.2031937E-02  8.0401784E-03  0.0000000E+00
  1.2200033E+02  9.9188102E-01 -9.2471510E-02  4.3491690E-02  8.0831584E-03  0.0000000E+00
  1.2200033E+02  1.0117178E+00 -8.8933111E-02  4.2702846E-02  8.2094923E-03  0.0000000E+00
  1.2200033E+02  1.0323881E+00 -8.2832061E-02  3.9461165E-02  8.3633104E-03  0.0000000E+00
  1.2200033E+02  1.0525720E+00 -7.4390251E-02  3.3734193E-02  8.4656269E-03  0.0000000E+00
  1.2200033E+02  1.0704320E+00 -6.4573143E-02  2.6136422E-02  8.4482382E-03  0.0000000E+00
  1.2200033E+02  1.0842856E+00 -5.4878406E-02  1.7894815E-02  8.2717934E-03  0.0000000E+00
  1.2200033E+02  1.0932767E+00 -4.6792376E-02  1.0411500E-02  7.9504100E-03  0.0000000E+00
  1.2200033E+02  1.0976291E+00 -4.1226332E-02  4.5759401E-03  7.5539676E-03  0.0000000E+00
  1.2200033E+02  1.0982220E+00 -3.8422151E-02  7.4793323E-04  7.1788894E-03  0.0000000E+00
  1.2200033E+02  1.0962192E+00 -3.8025656E-02 -1.1698191E-03  6.9086724E-03  0.0000000E+00
  1.2200033E+02  1.0926892E+00 -3.9405085E-02 -1.4603567E-03  6.8021218E-03  0.0000000E+00
  1.2200033E+02  1.0883999E+00 -4.1933936E-02 -3.6669751E-04  6.8970266E-03  0.0000000E+00
  1.2200033E+02  1.0838893E+00 -4.5106395E-02  1.9462152E-03  7.2119087E-03  0.0000000E+00
  1.2200033E+02  1.0795339E+00 -4.8547880E-02  5.3805001E-03  7.7570957E-03  0.0000000E+00
  1.2200033E+02  1.0756432E+00 -5.1965216E-02  9.8383463E-03  8.5331114E-03  0.0000000E+00
  1.2200033E+02  1.0725073E+00 -5.5093530E-02  1.5187232E-02  9.5363360E-03  0.0000000E+00
  1.2200033E+02  1.0704554E+00 -5.7618082E-02  2.1178039E-02  1.0746506E-02  0.0000000E+00
  1.2200033E+02  1.0698386E+00 -5.9183586E-02  2.7468787E-02  1.2133903E-02  0.0000000E+00
  1.2200033E+02  1.0710585E+00 -5.9372397E-02  3.3574034E-02  1.3647999E-02  0.0000000E+00
  1.2200033E+02  1.0745552E+00 -5.7741419E-02  3.8899591E-02  1.5215136E-02  0.0000000E+00
  1.2200033E+02  1.0807730E+00 -5.3904668E-02  4.2869762E-02  1.6741412E-02  0.0000000E+00
  1.2200033E+02  1.0901215E+00 -4.7607112E-02  4.5000309E-02  1.8119393E-02  0.0000000E+00
  1.2200033E+02  1.1029369E+00 -3.8815554E-02  4.5181906E-02  1.9244655E-02  0.0000000E+00
  1.2200033E+02  1.1193079E+00 -2.7855093E-02  4.3666982E-02  2.0029394E-02  0.0000000E+00
  1.2200033E+02  1.1389644E+00 -1.5474646E-02  4.0956993E-02  2.0418752E-02  0.0000000E+00
  1.2200033E+02  1.1610466E+00 -2.9257731E-03  3.7676113E-02  2.0397715E-02  0.0000000E+00
  1.2200033E+02  1.1843257E+00  8.3351059E-03  3.4364185E-02  1.9988550E-02  0.0000000E+00
  1.2200033E+02  1.2072724E+00  1.6932117E-02  3.1347751E-02  1.9232357E-02  0.0000000E+00
  1.2200033E+02  1.2286235E+00  2.2013984E-02  2.8828331E-02  1.8179501E-02  0.0000000E+00
  1.2200033E+02  1.2476212E+00  2.3475302E-02  2.6885498E-02  1.6892344E-02  0.0000000E+00
  1.2200033E+02  1.2639807E+00  2.1776190E-02  2.5475213E-02  1.5432891E-02  0.0000000E+00
  1.2200033E+02  1.2777188E+00  1.7656000E-02  2.4482293E-02  1.3853372E-02  0.0000000E+00
  1.2200033E+02  1.2890169E+00  1.1902465E-02  2.3784021E-02  1.2200921E-02  0.0000000E+00
  1.2200033E+02  1.2981275E+00  5.1770999E-03  2.3301573E-02  1.0517411E-02  0.0000000E+00
  1.2200033E+02  1.3052620E+00 -1.9888022E-03  2.3036197E-02  8.8491509E-03  0.0000000E+00
  1.2200033E+02  1.3107022E+00 -9.1983874E-03  2.3065804E-02  7.2247377E-03  0.0000000E+00
  1.2200033E+02  1.3146831E+00 -1.6140281E-02  2.3468539E-02  5.6798426E-03  0.0000000E+00
  1.2200033E+02  1.3174453E+00 -2.2568296E-02  2.4296597E-02  4.2402711E-03  0.0000000E+00
  1.2200033E+02  1.3192139E+00 -2.8294828E-02  2.5539955E-02  2.9309952E-03  0.0000000E+00
  1.2200033E+02  1.3202162E+00 -3.3169537E-02  2.7113572E-02  1.7672699E-03  0.0000000E+00
  1.2200033E+02  1.3206733E+00 -3.7091390E-02  2.8863037E-02  7.5886985E-04  0.0000000E+00
  1.2200033E+02  1.3207909E+00 -4.0010710E-02  3.0584624E-02 -9.3261393E-05  0.0000000E+00
  1.2200033E+02  1.3207529E+00 -4.1907170E-02  3.2036564E-02 -7.9367720E-04  0.0000000E+00
  1.2200033E+02  1.3207223E+00 -4.2831348E-02  3.2983373E-02 -1.3588859E-03  0.0000000E+00
  1.2200033E+02  1.3208214E+00 -4.2884432E-02  3.3224581E-02 -1.8090883E-03  0.0000000E+00
  1.2200033E+02  1.3211360E+00 -4.2205861E-02  3.2620944E-02 -2.1665258E-03  0.0000000E+00
  1.2200033E+02  1.3217032E+00 -4.0961546E-02  3.1115982E-02 -2.4557453E-03  0.0000000E+00
  1.2200033E+02  1.3225165E+00 -3.9322150E-02  2.8738657E-02 -2.6985842E-03  0.0000000E+00
  1.2200033E+02  1.3235315E+00 -3.7441115E-02  2.5589078E-02 -2.9124602E-03  0.0000000E+00
  1.2200033E+02  1.3246789E+00 -3.5437514E-02  2.1817456E-02 -3.1096491E-03  0.0000000E+00
  1.2200033E+02  1.3258814E+00 -3.3382098E-02  1.7591609E-02 -3.2975431E-03  0.0000000E+00
  1.2200033E+02  1.3270583E+00 -3.1309623E-02  1.3104205E-02 -3.4781797E-03  0.0000000E+00
  1.2200033E+02  1.3281473E+00 -2.9202070E-02  8.5076256E-03 -3.6526203E-03  0.0000000E+00
  1.2200033E+02  1.3291063E+00 -2.7014844E-02  3.9364105E-03 -3.8219446E-03  0.0000000E+00
  1.2200033E+02  1.3299125E+00 -2.4688500E-02 -4.9950157E-04 -3.9886660E-03  0.0000000E+00
  1.2200033E+02  1.3305638E+00 -2.2162078E-02 -4.7072471E-03 -4.1556597E-03  0.0000000E+00
  1.2200033E+02  1.3310727E+00 -1.9381446E-02 -8.6035938E-03 -4.3260077E-03  0.0000000E+00
  1.2200033E+02  1.3314610E+00 -1.6306689E-02 -1.2111286E-02 -4.5032614E-03  0.0000000E+00
  1.2200033E+02  1.3317547E+00 -1.2919320E-02 -1.5157465E-02 -4.6912503E-03  0.0000000E+00
  1.2200033E+02  1.3319783E+00 -9.2207355E-03 -1.7678113E-02 -4.8941582E-03  0.0000000E+00
  1.2200033E+02  1.3321501E+00 -5.2610364E-03 -1.9603290E-02 -5.1149690E-03  0.0000000E+00
  1.2200033E+02  1.3322811E+00 -1.0982020E-03 -2.0891615E-02 -5.3566872E-03  0.0000000E+00
  1.2200033E+02  1.3323722E+00  3.1801885E-03 -2.1519394E-02 -5.6214411E-03  0.0000000E+00
  1.2200033E+02  1.3324149E+00  7.4701037E-03 -2.1491094E-02 -5.9101353E-03  0.0000000E+00
  1.2200033E+02  1.3323950E+00  1.1659834E-02 -2.0847174E-02 -6.2230548E-03  0.0000000E+00
