          atime         prd_uu         prd_vv         prd_ww         pm1avg           tavg
  7.8507600E+01 -4.7199179E-11  1.3653244E-13  6.4978195E-15 -1.6610282E-01  0.0000000E+00
  7.8507600E+01  3.5894253E-01  1.2959508E-02 -1.4068683E-03 -1.5595039E-01  0.0000000E+00
  7.8507600E+01  1.6825298E-01 -9.7938167E-04 -9.8454812E-03 -1.3835731E-01  0.0000000E+00
  7.8507600E+01 -5.4443577E-03 -3.6882464E-03 -1.5069296E-02 -1.2275543E-01  0.0000000E+00
  7.8507600E+01 -4.7570768E-02  1.2088608E-03 -1.4215827E-02 -1.1106183E-01  0.0000000E+00
  7.8507600E+01 -5.4949206E-02  5.6140615E-03 -1.2449997E-02 -1.0210151E-01  0.0000000E+00
  7.8507600E+01 -5.0099016E-02  7.8634690E-03 -1.0726123E-02 -9.4979763E-02  0.0000000E+00
  7.8507600E+01 -4.4429766E-02  9.2974228E-03 -8.8419651E-03 -8.9197737E-02  0.0000000E+00
  7.8507600E+01 -3.7936208E-02  1.0225959E-02 -7.3972295E-03 -8.4401720E-02  0.0000000E+00
  7.8507600E+01 -3.1687632E-02  1.0645545E-02 -6.5044751E-03 -8.0317187E-02  0.0000000E+00
  7.8507600E+01 -2.6669046E-02  1.0990546E-02 -6.0278327E-03 -7.6772222E-02  0.0000000E+00
  7.8507600E+01 -2.2945687E-02  1.1288129E-02 -5.7174167E-03 -7.3619448E-02  0.0000000E+00
  7.8507600E+01 -1.9970015E-02  1.1326621E-02 -5.4414557E-03 -7.0759602E-02  0.0000000E+00
  7.8507600E+01 -1.6803139E-02  1.1016784E-02 -5.1129433E-03 -6.8142782E-02  0.0000000E+00
  7.8507600E+01 -1.2624241E-02  1.0204230E-02 -4.5025862E-03 -6.5718719E-02  0.0000000E+00
  7.8507600E+01 -7.2052530E-03  8.6956532E-03 -3.3605303E-03 -6.3448271E-02  0.0000000E+00
  7.8507600E+01 -1.8070627E-03  6.8131343E-03 -1.8691630E-03 -6.1309144E-02  0.0000000E+00
  7.8507600E+01  2.3632149E-03  5.0376204E-03 -4.3990851E-04 -5.9265877E-02  0.0000000E+00
  7.8507600E+01  5.2535760E-03  3.6285252E-03  5.2562344E-04 -5.7294737E-02  0.0000000E+00
  7.8507600E+01  7.3775119E-03  2.6580952E-03  8.7868269E-04 -5.5378103E-02  0.0000000E+00
  7.8507600E+01  9.7818295E-03  1.9793846E-03  7.7891537E-04 -5.3514610E-02  0.0000000E+00
  7.8507600E+01  1.2494992E-02  1.6151880E-03  3.2949475E-04 -5.1696253E-02  0.0000000E+00
  7.8507600E+01  1.4590684E-02  1.6904376E-03 -5.0599494E-04 -4.9920196E-02  0.0000000E+00
  7.8507600E+01  1.5311328E-02  2.0435649E-03 -1.4168875E-03 -4.8195321E-02  0.0000000E+00
  7.8507600E+01  1.4908002E-02  2.3636742E-03 -2.0033038E-03 -4.6523742E-02  0.0000000E+00
  7.8507600E+01  1.4732464E-02  2.3661612E-03 -2.1603754E-03 -4.4911273E-02  0.0000000E+00
  7.8507600E+01  1.5393119E-02  1.9506552E-03 -1.9063703E-03 -4.3369959E-02  0.0000000E+00
  7.8507600E+01  1.5672409E-02  1.4462840E-03 -1.4299157E-03 -4.1894826E-02  0.0000000E+00
  7.8507600E+01  1.5248959E-02  1.1615592E-03 -1.0689061E-03 -4.0480678E-02  0.0000000E+00
  7.8507600E+01  1.4183860E-02  1.0590564E-03 -8.1322505E-04 -3.9118191E-02  0.0000000E+00
  7.8507600E+01  1.2741267E-02  9.8428609E-04 -5.5075278E-04 -3.7807075E-02  0.0000000E+00
  7.8507600E+01  1.1390586E-02  8.7980473E-04 -3.1258383E-04 -3.6546435E-02  0.0000000E+00
  7.8507600E+01  1.0632565E-02  8.1873600E-04 -2.4451766E-04 -3.5340116E-02  0.0000000E+00
  7.8507600E+01  1.0303018E-02  7.8621577E-04 -2.6740817E-04 -3.4194499E-02  0.0000000E+00
  7.8507600E+01  1.0317617E-02  7.0448128E-04 -2.5395836E-04 -3.3102329E-02  0.0000000E+00
  7.8507600E+01  1.0495423E-02  5.6448681E-04 -1.4690971E-04 -3.2052280E-02  0.0000000E+00
  7.8507600E+01  1.0782668E-02  3.6627418E-04  4.6831682E-05 -3.1037261E-02  0.0000000E+00
  7.8507600E+01  1.1264209E-02  1.1641318E-04  2.6683722E-04 -3.0047617E-02  0.0000000E+00
  7.8507600E+01  1.1955957E-02 -1.3054887E-04  4.3893416E-04 -2.9080180E-02  0.0000000E+00
  7.8507600E+01  1.2575320E-02 -2.6239131E-04  5.2341574E-04 -2.8138485E-02  0.0000000E+00
  7.8507600E+01  1.2898792E-02 -2.0336987E-04  4.6929476E-04 -2.7221173E-02  0.0000000E+00
  7.8507600E+01  1.3073072E-02 -9.1417392E-06  2.9221115E-04 -2.6332245E-02  0.0000000E+00
  7.8507600E+01  1.3190090E-02  2.8518041E-04 -1.1624106E-05 -2.5472732E-02  0.0000000E+00
  7.8507600E+01  1.3220350E-02  6.3345639E-04 -4.0470235E-04 -2.4647428E-02  0.0000000E+00
  7.8507600E+01  1.3088834E-02  9.2461860E-04 -7.5133386E-04 -2.3852801E-02  0.0000000E+00
  7.8507600E+01  1.2776486E-02  1.0029404E-03 -8.5341488E-04 -2.3080864E-02  0.0000000E+00
  7.8507600E+01  1.2420861E-02  8.1748784E-04 -6.5207423E-04 -2.2329793E-02  0.0000000E+00
  7.8507600E+01  1.2145496E-02  5.2286468E-04 -3.3851900E-04 -2.1594725E-02  0.0000000E+00
  7.8507600E+01  1.1871928E-02  2.1660308E-04  2.7610305E-06 -2.0873867E-02  0.0000000E+00
  7.8507600E+01  1.1585526E-02 -3.6224425E-05  3.0817085E-04 -2.0168792E-02  0.0000000E+00
  7.8507600E+01  1.1328796E-02 -2.1101674E-04  5.2946386E-04 -1.9477333E-02  0.0000000E+00
  7.8507600E+01  1.1115305E-02 -3.1423158E-04  6.5318117E-04 -1.8798182E-02  0.0000000E+00
  7.8507600E+01  1.0888008E-02 -3.7395889E-04  7.0721079E-04 -1.8129454E-02  0.0000000E+00
  7.8507600E+01  1.0541740E-02 -4.1417814E-04  7.3749701E-04 -1.7474148E-02  0.0000000E+00
  7.8507600E+01  1.0038484E-02 -4.3466216E-04  7.6698416E-04 -1.6831692E-02  0.0000000E+00
  7.8507600E+01  9.4519148E-03 -4.6467946E-04  8.2878881E-04 -1.6203437E-02  0.0000000E+00
  7.8507600E+01  8.9117551E-03 -5.4632229E-04  9.5270578E-04 -1.5595707E-02  0.0000000E+00
  7.8507600E+01  8.4619287E-03 -6.5241576E-04  1.1001924E-03 -1.5009786E-02  0.0000000E+00
  7.8507600E+01  8.0962601E-03 -7.2873795E-04  1.2075411E-03 -1.4446428E-02  0.0000000E+00
  7.8507600E+01  7.7957920E-03 -7.4070342E-04  1.2332747E-03 -1.3909059E-02  0.0000000E+00
  7.8507600E+01  7.5339799E-03 -6.9425040E-04  1.1833706E-03 -1.3396610E-02  0.0000000E+00
  7.8507600E+01  7.2839631E-03 -6.2728430E-04  1.1018174E-03 -1.2907615E-02  0.0000000E+00
  7.8507600E+01  7.0365454E-03 -5.6977787E-04  1.0245980E-03 -1.2438402E-02  0.0000000E+00
  7.8507600E+01  6.7718141E-03 -5.2140726E-04  9.5344756E-04 -1.1986827E-02  0.0000000E+00
  7.8507600E+01  6.5362309E-03 -4.8328629E-04  8.8918574E-04 -1.1549714E-02  0.0000000E+00
  7.8507600E+01  6.3494390E-03 -4.4161573E-04  8.2018467E-04 -1.1125317E-02  0.0000000E+00
  7.8507600E+01  6.1946435E-03 -3.8304869E-04  7.3452280E-04 -1.0714640E-02  0.0000000E+00
  7.8507600E+01  6.0324207E-03 -3.0438345E-04  6.3095285E-04 -1.0316112E-02  0.0000000E+00
  7.8507600E+01  5.8188276E-03 -2.1550750E-04  5.2327565E-04 -9.9285125E-03  0.0000000E+00
  7.8507600E+01  5.5282087E-03 -1.3450567E-04  4.3458936E-04 -9.5532563E-03  0.0000000E+00
  7.8507600E+01  5.1840810E-03 -7.3134871E-05  3.7636363E-04 -9.1893602E-03  0.0000000E+00
  7.8507600E+01  4.8561438E-03 -3.2666347E-05  3.3742455E-04 -8.8362094E-03  0.0000000E+00
  7.8507600E+01  4.5712899E-03 -4.9430939E-06  3.0764941E-04 -8.4948570E-03  0.0000000E+00
  7.8507600E+01  4.3337001E-03  1.1588220E-05  2.8375711E-04 -8.1637934E-03  0.0000000E+00
  7.8507600E+01  4.1367643E-03  1.6822992E-05  2.6473012E-04 -7.8416124E-03  0.0000000E+00
  7.8507600E+01  3.9697698E-03  1.3839973E-05  2.4821050E-04 -7.5260094E-03  0.0000000E+00
  7.8507600E+01  3.8178593E-03  1.0381583E-05  2.2967391E-04 -7.2165070E-03  0.0000000E+00
  7.8507600E+01  3.6623706E-03  1.5449709E-05  2.0463992E-04 -6.9112545E-03  0.0000000E+00
  7.8507600E+01  3.4998061E-03  2.9759268E-05  1.7524133E-04 -6.6093084E-03  0.0000000E+00
  7.8507600E+01  3.3499553E-03  4.2521821E-05  1.4760925E-04 -6.3127650E-03  0.0000000E+00
  7.8507600E+01  3.2304442E-03  4.2419134E-05  1.2716424E-04 -6.0223925E-03  0.0000000E+00
  7.8507600E+01  3.1380895E-03  2.4255181E-05  1.1757217E-04 -5.7392218E-03  0.0000000E+00
  7.8507600E+01  3.0450635E-03 -6.9956591E-06  1.2181975E-04 -5.4652731E-03  0.0000000E+00
  7.8507600E+01  2.9263387E-03 -4.4636579E-05  1.4144446E-04 -5.1998731E-03  0.0000000E+00
  7.8507600E+01  2.7791416E-03 -8.3972001E-05  1.7543556E-04 -4.9416270E-03  0.0000000E+00
  7.8507600E+01  2.6248813E-03 -1.2318180E-04  2.1966233E-04 -4.6876899E-03  0.0000000E+00
  7.8507600E+01  2.4891453E-03 -1.6207436E-04  2.6690179E-04 -4.4364258E-03  0.0000000E+00
  7.8507600E+01  2.3608741E-03 -1.9910128E-04  3.0975534E-04 -4.1857279E-03  0.0000000E+00
  7.8507600E+01  2.2262923E-03 -2.2454160E-04  3.4178090E-04 -3.9342974E-03  0.0000000E+00
  7.8507600E+01  2.0832319E-03 -2.2836979E-04  3.5330239E-04 -3.6834694E-03  0.0000000E+00
  7.8507600E+01  1.9352182E-03 -2.0861759E-04  3.4041350E-04 -3.4345100E-03  0.0000000E+00
  7.8507600E+01  1.7836511E-03 -1.7217317E-04  3.0717685E-04 -3.1891542E-03  0.0000000E+00
  7.8507600E+01  1.6297529E-03 -1.3100501E-04  2.6458132E-04 -2.9502336E-03  0.0000000E+00
  7.8507600E+01  1.4731374E-03 -9.7117135E-05  2.2608380E-04 -2.7186796E-03  0.0000000E+00
  7.8507600E+01  1.3137101E-03 -7.8551861E-05  2.0278244E-04 -2.4953575E-03  0.0000000E+00
  7.8507600E+01  1.1535077E-03 -7.6178430E-05  1.9892886E-04 -2.2799840E-03  0.0000000E+00
  7.8507600E+01  1.0015188E-03 -8.7819829E-05  2.1329026E-04 -2.0730333E-03  0.0000000E+00
  7.8507600E+01  8.7188057E-04 -1.0866453E-04  2.3798412E-04 -1.8739063E-03  0.0000000E+00
  7.8507600E+01  7.6544292E-04 -1.3260032E-04  2.6420313E-04 -1.6824198E-03  0.0000000E+00
  7.8507600E+01  6.7869158E-04 -1.5455352E-04  2.8631241E-04 -1.4990745E-03  0.0000000E+00
  7.8507600E+01  2.7999758E-13 -4.1199229E-15  1.3364483E-14 -8.8255085E-02  0.0000000E+00
  7.8507600E+01  1.5386466E-04 -7.0879402E-05  3.8646596E-05 -8.8277398E-02  0.0000000E+00
  7.8507600E+01  9.6516979E-04 -3.9513764E-04  1.6909574E-04 -8.8467283E-02  0.0000000E+00
  7.8507600E+01  2.3518788E-03 -8.1429277E-04  3.1216923E-04 -8.8882985E-02  0.0000000E+00
  7.8507600E+01  3.0670293E-03 -7.6443496E-04  3.8992191E-04 -8.9460249E-02  0.0000000E+00
  7.8507600E+01  2.4173527E-03  3.4810549E-04  3.3340051E-04 -9.0088258E-02  0.0000000E+00
  7.8507600E+01  4.8368331E-03  2.8917468E-03  1.0655232E-04 -9.0659635E-02  0.0000000E+00
  7.8507600E+01  2.8725658E-02  6.4240397E-03 -1.0302784E-04 -9.1059515E-02  0.0000000E+00
  7.8507600E+01  1.1186675E-01  8.4646506E-03 -1.4911054E-04 -9.1130763E-02  0.0000000E+00
  7.8507600E+01  2.5851089E-01  5.7398739E-03 -7.7171125E-04 -9.0728328E-02  0.0000000E+00
  7.8507600E+01  3.5699422E-01 -1.3662641E-03 -2.4765328E-03 -8.9801478E-02  0.0000000E+00
  7.8507600E+01  3.1187848E-01 -8.1518531E-03 -3.9299071E-03 -8.8423028E-02  0.0000000E+00
  7.8507600E+01  1.9706800E-01 -1.1056032E-02 -4.0935720E-03 -8.6815724E-02  0.0000000E+00
  7.8507600E+01  1.0668464E-01 -1.0405176E-02 -4.2947528E-03 -8.5230950E-02  0.0000000E+00
  7.8507600E+01  5.7270813E-02 -7.9302854E-03 -5.3895021E-03 -8.3791617E-02  0.0000000E+00
  7.8507600E+01  3.3447880E-02 -5.4482554E-03 -6.2541675E-03 -8.2456296E-02  0.0000000E+00
  7.8507600E+01  2.2666673E-02 -3.9137233E-03 -6.3125189E-03 -8.1134481E-02  0.0000000E+00
  7.8507600E+01  1.8848440E-02 -3.5584376E-03 -5.6407491E-03 -7.9756477E-02  0.0000000E+00
  7.8507600E+01  1.8315054E-02 -4.0281910E-03 -4.6324592E-03 -7.8282669E-02  0.0000000E+00
  7.8507600E+01  1.8757693E-02 -4.7130856E-03 -3.7363167E-03 -7.6705042E-02  0.0000000E+00
  7.8507600E+01  1.9357527E-02 -5.1980824E-03 -3.2297652E-03 -7.5043729E-02  0.0000000E+00
  7.8507600E+01  2.0061321E-02 -5.3608594E-03 -3.0623331E-03 -7.3326458E-02  0.0000000E+00
  7.8507600E+01  2.0946312E-02 -5.2959148E-03 -3.0249946E-03 -7.1577056E-02  0.0000000E+00
  7.8507600E+01  2.2105135E-02 -5.2430090E-03 -2.9065562E-03 -6.9810509E-02  0.0000000E+00
  7.8507600E+01  2.3712501E-02 -5.4258748E-03 -2.5706220E-03 -6.8027836E-02  0.0000000E+00
  7.8507600E+01  2.5326441E-02 -5.7441075E-03 -2.1545518E-03 -6.6240663E-02  0.0000000E+00
  7.8507600E+01  2.6091197E-02 -5.8413751E-03 -2.0449045E-03 -6.4451281E-02  0.0000000E+00
  7.8507600E+01  2.6228467E-02 -5.5943487E-03 -2.3164278E-03 -6.2663148E-02  0.0000000E+00
  7.8507600E+01  2.6231998E-02 -5.2810946E-03 -2.5687908E-03 -6.0879404E-02  0.0000000E+00
  7.8507600E+01  2.6635889E-02 -5.1986807E-03 -2.5192443E-03 -5.9102730E-02  0.0000000E+00
  7.8507600E+01  2.7518490E-02 -5.3325689E-03 -2.2578104E-03 -5.7334599E-02  0.0000000E+00
  7.8507600E+01  2.8263298E-02 -5.4407572E-03 -2.0086483E-03 -5.5571175E-02  0.0000000E+00
  7.8507600E+01  2.8123460E-02 -5.3182293E-03 -1.9018634E-03 -5.3806083E-02  0.0000000E+00
  7.8507600E+01  2.7138226E-02 -4.9880203E-03 -1.8746757E-03 -5.2040444E-02  0.0000000E+00
  7.8507600E+01  2.6115230E-02 -4.7016813E-03 -1.7598628E-03 -5.0303224E-02  0.0000000E+00
  7.8507600E+01  2.5214571E-02 -4.5976500E-03 -1.4689166E-03 -4.8613948E-02  0.0000000E+00
  7.8507600E+01  2.4255838E-02 -4.6129995E-03 -1.0731932E-03 -4.6987624E-02  0.0000000E+00
  7.8507600E+01  2.3167580E-02 -4.6149588E-03 -7.2029106E-04 -4.5428148E-02  0.0000000E+00
  7.8507600E+01  2.2067863E-02 -4.5579004E-03 -4.6207589E-04 -4.3930264E-02  0.0000000E+00
  7.8507600E+01  2.0957318E-02 -4.4675454E-03 -2.1152627E-04 -4.2490234E-02  0.0000000E+00
  7.8507600E+01  1.9611201E-02 -4.2975856E-03  1.7364301E-05 -4.1105967E-02  0.0000000E+00
  7.8507600E+01  1.8359857E-02 -3.9769851E-03  6.1698680E-05 -3.9776083E-02  0.0000000E+00
  7.8507600E+01  1.7414015E-02 -3.5729195E-03 -2.7223974E-05 -3.8494866E-02  0.0000000E+00
  7.8507600E+01  1.6779610E-02 -3.2196039E-03 -6.4369847E-05 -3.7260128E-02  0.0000000E+00
  7.8507600E+01  1.6416381E-02 -3.0171337E-03  7.7798245E-05 -3.6061767E-02  0.0000000E+00
  7.8507600E+01  1.6326938E-02 -2.9761779E-03  3.6225793E-04 -3.4894906E-02  0.0000000E+00
  7.8507600E+01  1.6427563E-02 -3.0131940E-03  6.4462475E-04 -3.3758379E-02  0.0000000E+00
  7.8507600E+01  1.6617695E-02 -2.9677586E-03  7.4958434E-04 -3.2652402E-02  0.0000000E+00
  7.8507600E+01  1.6831244E-02 -2.7486671E-03  5.8364749E-04 -3.1574911E-02  0.0000000E+00
  7.8507600E+01  1.6916234E-02 -2.3795925E-03  2.2071193E-04 -3.0524584E-02  0.0000000E+00
  7.8507600E+01  1.6797741E-02 -1.9574683E-03 -1.8907754E-04 -2.9499400E-02  0.0000000E+00
  7.8507600E+01  1.6461673E-02 -1.6057090E-03 -4.8308272E-04 -2.8502645E-02  0.0000000E+00
  7.8507600E+01  1.5944564E-02 -1.4079222E-03 -5.6285171E-04 -2.7532074E-02  0.0000000E+00
  7.8507600E+01  1.5333637E-02 -1.3691404E-03 -4.3556235E-04 -2.6586877E-02  0.0000000E+00
  7.8507600E+01  1.4789814E-02 -1.4278183E-03 -1.9864962E-04 -2.5665212E-02  0.0000000E+00
  7.8507600E+01  1.4301806E-02 -1.5260903E-03  6.1710500E-05 -2.4765034E-02  0.0000000E+00
  7.8507600E+01  1.3868626E-02 -1.6100658E-03  2.8949424E-04 -2.3886276E-02  0.0000000E+00
  7.8507600E+01  1.3480408E-02 -1.6545610E-03  4.4241398E-04 -2.3029644E-02  0.0000000E+00
  7.8507600E+01  1.3082540E-02 -1.6496038E-03  5.0769573E-04 -2.2195896E-02  0.0000000E+00
  7.8507600E+01  1.2621033E-02 -1.6000851E-03  5.0753797E-04 -2.1383796E-02  0.0000000E+00
  7.8507600E+01  1.2084927E-02 -1.5313408E-03  4.9163817E-04 -2.0595304E-02  0.0000000E+00
  7.8507600E+01  1.1504783E-02 -1.4840321E-03  5.1484977E-04 -1.9828397E-02  0.0000000E+00
  7.8507600E+01  1.0904095E-02 -1.4971798E-03  6.1391414E-04 -1.9085057E-02  0.0000000E+00
  7.8507600E+01  1.0336655E-02 -1.5721268E-03  7.9300860E-04 -1.8366731E-02  0.0000000E+00
  7.8507600E+01  9.8300235E-03 -1.6560051E-03  9.8337043E-04 -1.7673313E-02  0.0000000E+00
  7.8507600E+01  9.3589454E-03 -1.6914237E-03  1.1116237E-03 -1.7005808E-02  0.0000000E+00
  7.8507600E+01  8.8918558E-03 -1.6454426E-03  1.1369477E-03 -1.6366445E-02  0.0000000E+00
  7.8507600E+01  8.4178090E-03 -1.5242683E-03  1.0658144E-03 -1.5756443E-02  0.0000000E+00
  7.8507600E+01  7.9546386E-03 -1.3686052E-03  9.4472759E-04 -1.5173550E-02  0.0000000E+00
  7.8507600E+01  7.5400899E-03 -1.2335014E-03  8.3683587E-04 -1.4616186E-02  0.0000000E+00
  7.8507600E+01  7.1892902E-03 -1.1482554E-03  7.8092566E-04 -1.4078922E-02  0.0000000E+00
  7.8507600E+01  6.8990459E-03 -1.0995133E-03  7.6609323E-04 -1.3557892E-02  0.0000000E+00
  7.8507600E+01  6.6672453E-03 -1.0604379E-03  7.5465420E-04 -1.3050521E-02  0.0000000E+00
  7.8507600E+01  6.4622219E-03 -9.9915565E-04  7.0922314E-04 -1.2555786E-02  0.0000000E+00
  7.8507600E+01  6.2470274E-03 -9.0370104E-04  6.2021546E-04 -1.2073963E-02  0.0000000E+00
  7.8507600E+01  5.9932341E-03 -7.8289841E-04  5.0319417E-04 -1.1605791E-02  0.0000000E+00
  7.8507600E+01  5.6901161E-03 -6.5710466E-04  3.8479437E-04 -1.1151374E-02  0.0000000E+00
  7.8507600E+01  5.3518432E-03 -5.4615741E-04  2.8697189E-04 -1.0713104E-02  0.0000000E+00
  7.8507600E+01  5.0133976E-03 -4.5709698E-04  2.1487711E-04 -1.0289905E-02  0.0000000E+00
  7.8507600E+01  4.7148290E-03 -3.9058702E-04  1.6438699E-04 -9.8807449E-03  0.0000000E+00
  7.8507600E+01  4.4727695E-03 -3.4744202E-04  1.3836952E-04 -9.4839802E-03  0.0000000E+00
  7.8507600E+01  4.2624094E-03 -3.2184378E-04  1.3135505E-04 -9.0976162E-03  0.0000000E+00
  7.8507600E+01  4.0630450E-03 -3.0440760E-04  1.3304476E-04 -8.7194627E-03  0.0000000E+00
  7.8507600E+01  3.8654709E-03 -2.8877688E-04  1.3548771E-04 -8.3478131E-03  0.0000000E+00
  7.8507600E+01  3.6701429E-03 -2.7402591E-04  1.3572566E-04 -7.9820006E-03  0.0000000E+00
  7.8507600E+01  3.4822771E-03 -2.6404468E-04  1.3572098E-04 -7.6219624E-03  0.0000000E+00
  7.8507600E+01  3.3106709E-03 -2.6572075E-04  1.4147076E-04 -7.2705477E-03  0.0000000E+00
  7.8507600E+01  3.1628885E-03 -2.8779281E-04  1.6332192E-04 -6.9287912E-03  0.0000000E+00
  7.8507600E+01  3.0412629E-03 -3.3141741E-04  2.0425491E-04 -6.5976427E-03  0.0000000E+00
  7.8507600E+01  2.9220733E-03 -3.8395329E-04  2.5551936E-04 -6.2762938E-03  0.0000000E+00
  7.8507600E+01  2.7842184E-03 -4.3283502E-04  3.0765222E-04 -5.9621673E-03  0.0000000E+00
  7.8507600E+01  2.6280774E-03 -4.6773863E-04  3.5111048E-04 -5.6525096E-03  0.0000000E+00
  7.8507600E+01  2.4658867E-03 -4.8216094E-04  3.7820733E-04 -5.3455658E-03  0.0000000E+00
  7.8507600E+01  2.3093486E-03 -4.7409438E-04  3.8474980E-04 -5.0411442E-03  0.0000000E+00
  7.8507600E+01  2.1599786E-03 -4.4572351E-04  3.7084953E-04 -4.7399191E-03  0.0000000E+00
  7.8507600E+01  2.0095489E-03 -4.0250845E-04  3.4064077E-04 -4.4445822E-03  0.0000000E+00
  7.8507600E+01  1.8498165E-03 -3.5512792E-04  3.0393872E-04 -4.1560824E-03  0.0000000E+00
  7.8507600E+01  1.6816632E-03 -3.1363240E-04  2.7210226E-04 -3.8754676E-03  0.0000000E+00
  7.8507600E+01  1.5122019E-03 -2.8475580E-04  2.5200900E-04 -3.6038094E-03  0.0000000E+00
  7.8507600E+01  1.3499089E-03 -2.6964570E-04  2.4462043E-04 -3.3416691E-03  0.0000000E+00
  7.8507600E+01  0.0000000E+00  0.0000000E+00  0.0000000E+00 -4.0125959E-02  0.0000000E+00
  7.8507600E+01 -6.1330004E-03  2.2594623E-03 -1.2044580E-03 -4.0853677E-02  0.0000000E+00
  7.8507600E+01 -3.8484589E-03  1.2087586E-02 -3.5370700E-03 -4.1662301E-02  0.0000000E+00
  7.8507600E+01  5.4576310E-02  2.4827735E-02 -3.6617287E-03 -4.3031163E-02  0.0000000E+00
  7.8507600E+01  1.5352733E-01  3.1788006E-02 -2.1379145E-03 -4.4584530E-02  0.0000000E+00
  7.8507600E+01  2.5775173E-01  3.0956274E-02 -1.1409563E-03 -4.5878057E-02  0.0000000E+00
  7.8507600E+01  3.3757007E-01  2.4504944E-02 -1.9319752E-03 -4.6699387E-02  0.0000000E+00
  7.8507600E+01  3.7279378E-01  1.5077666E-02 -3.1117392E-03 -4.7045745E-02  0.0000000E+00
  7.8507600E+01  3.5502123E-01  5.8514616E-03 -3.4118851E-03 -4.7016309E-02  0.0000000E+00
  7.8507600E+01  3.0247747E-01 -1.1568928E-03 -3.5843354E-03 -4.6778392E-02  0.0000000E+00
  7.8507600E+01  2.3811363E-01 -5.5772205E-03 -4.0793661E-03 -4.6512402E-02  0.0000000E+00
  7.8507600E+01  1.7817008E-01 -7.7470743E-03 -4.7357067E-03 -4.6322717E-02  0.0000000E+00
  7.8507600E+01  1.3015438E-01 -8.4346523E-03 -5.0918030E-03 -4.6231914E-02  0.0000000E+00
  7.8507600E+01  9.5856359E-02 -8.5982371E-03 -4.6887125E-03 -4.6222395E-02  0.0000000E+00
  7.8507600E+01  7.3299895E-02 -8.6837421E-03 -3.7701902E-03 -4.6250703E-02  0.0000000E+00
  7.8507600E+01  5.8673825E-02 -8.5380486E-03 -2.9619764E-03 -4.6276363E-02  0.0000000E+00
  7.8507600E+01  4.9201683E-02 -8.1047049E-03 -2.4997830E-03 -4.6266091E-02  0.0000000E+00
  7.8507600E+01  4.2970757E-02 -7.5048351E-03 -2.3688575E-03 -4.6188701E-02  0.0000000E+00
  7.8507600E+01  3.8554160E-02 -6.7335471E-03 -2.5861541E-03 -4.6027830E-02  0.0000000E+00
  7.8507600E+01  3.5774563E-02 -6.0063093E-03 -2.9193222E-03 -4.5785788E-02  0.0000000E+00
  7.8507600E+01  3.4371170E-02 -5.4969861E-03 -3.1136523E-03 -4.5472219E-02  0.0000000E+00
  7.8507600E+01  3.3714617E-02 -5.1769214E-03 -3.1436849E-03 -4.5090035E-02  0.0000000E+00
  7.8507600E+01  3.3723263E-02 -5.0545373E-03 -3.0378749E-03 -4.4638415E-02  0.0000000E+00
  7.8507600E+01  3.3992159E-02 -5.0754640E-03 -2.8734482E-03 -4.4111897E-02  0.0000000E+00
  7.8507600E+01  3.4197222E-02 -5.0769598E-03 -2.8141670E-03 -4.3507738E-02  0.0000000E+00
  7.8507600E+01  3.4388135E-02 -4.9031202E-03 -3.0009977E-03 -4.2832050E-02  0.0000000E+00
  7.8507600E+01  3.4441356E-02 -4.5820469E-03 -3.3352480E-03 -4.2100687E-02  0.0000000E+00
  7.8507600E+01  3.4134890E-02 -4.2581840E-03 -3.6177866E-03 -4.1331011E-02  0.0000000E+00
  7.8507600E+01  3.3966144E-02 -4.0499688E-03 -3.7328263E-03 -4.0535399E-02  0.0000000E+00
  7.8507600E+01  3.4162493E-02 -4.1037674E-03 -3.5726823E-03 -3.9714099E-02  0.0000000E+00
  7.8507600E+01  3.4491934E-02 -4.4520368E-03 -3.0990604E-03 -3.8859751E-02  0.0000000E+00
  7.8507600E+01  3.4514800E-02 -4.9684966E-03 -2.3965666E-03 -3.7967119E-02  0.0000000E+00
  7.8507600E+01  3.3906146E-02 -5.3657663E-03 -1.7134090E-03 -3.7038068E-02  0.0000000E+00
  7.8507600E+01  3.2582799E-02 -5.4343545E-03 -1.3122293E-03 -3.6084280E-02  0.0000000E+00
  7.8507600E+01  3.0888665E-02 -5.3197835E-03 -1.0528176E-03 -3.5128119E-02  0.0000000E+00
  7.8507600E+01  2.9182424E-02 -5.1860103E-03 -7.7903867E-04 -3.4188207E-02  0.0000000E+00
  7.8507600E+01  2.7589152E-02 -5.0206001E-03 -5.4406263E-04 -3.3274154E-02  0.0000000E+00
  7.8507600E+01  2.6192830E-02 -4.7997912E-03 -4.2962163E-04 -3.2385592E-02  0.0000000E+00
  7.8507600E+01  2.5168923E-02 -4.6282178E-03 -3.6083187E-04 -3.1515865E-02  0.0000000E+00
  7.8507600E+01  2.4541923E-02 -4.5794097E-03 -2.2284139E-04 -3.0664102E-02  0.0000000E+00
  7.8507600E+01  2.4063604E-02 -4.4574954E-03 -1.7347878E-04 -2.9832628E-02  0.0000000E+00
  7.8507600E+01  2.3555788E-02 -4.2565920E-03 -1.5646252E-04 -2.9025238E-02  0.0000000E+00
  7.8507600E+01  2.2966402E-02 -4.0818557E-03 -5.0938171E-05 -2.8239455E-02  0.0000000E+00
  7.8507600E+01  2.2346105E-02 -3.9615473E-03  1.3346504E-04 -2.7469818E-02  0.0000000E+00
  7.8507600E+01  2.1756376E-02 -3.8419158E-03  2.9326962E-04 -2.6711430E-02  0.0000000E+00
  7.8507600E+01  2.1182901E-02 -3.6713076E-03  3.6121291E-04 -2.5962501E-02  0.0000000E+00
  7.8507600E+01  2.0534132E-02 -3.4724413E-03  3.7146740E-04 -2.5223495E-02  0.0000000E+00
  7.8507600E+01  1.9900960E-02 -3.2572857E-03  3.2433036E-04 -2.4493967E-02  0.0000000E+00
  7.8507600E+01  1.9458604E-02 -3.0433500E-03  2.3967742E-04 -2.3772148E-02  0.0000000E+00
  7.8507600E+01  1.9163068E-02 -2.8318014E-03  1.2488260E-04 -2.3056695E-02  0.0000000E+00
  7.8507600E+01  1.8861799E-02 -2.6581229E-03  4.0174087E-05 -2.2346690E-02  0.0000000E+00
  7.8507600E+01  1.8437871E-02 -2.5713961E-03  6.2531493E-05 -2.1641322E-02  0.0000000E+00
  7.8507600E+01  1.7877329E-02 -2.5866159E-03  2.1351090E-04 -2.0942028E-02  0.0000000E+00
  7.8507600E+01  1.7252161E-02 -2.6438047E-03  4.1817307E-04 -2.0252189E-02  0.0000000E+00
  7.8507600E+01  1.6624178E-02 -2.6532158E-03  5.7278066E-04 -1.9574076E-02  0.0000000E+00
  7.8507600E+01  1.6043146E-02 -2.6239718E-03  6.6819422E-04 -1.8910065E-02  0.0000000E+00
  7.8507600E+01  1.5509453E-02 -2.5395527E-03  6.8719286E-04 -1.8262276E-02  0.0000000E+00
  7.8507600E+01  1.4985369E-02 -2.4139370E-03  6.4983140E-04 -1.7630416E-02  0.0000000E+00
  7.8507600E+01  1.4430798E-02 -2.2696495E-03  5.8589259E-04 -1.7013785E-02  0.0000000E+00
  7.8507600E+01  1.3829378E-02 -2.1289109E-03  5.2028957E-04 -1.6412606E-02  0.0000000E+00
  7.8507600E+01  1.3200886E-02 -2.0102719E-03  4.7398480E-04 -1.5827521E-02  0.0000000E+00
  7.8507600E+01  1.2588617E-02 -1.9303504E-03  4.7085784E-04 -1.5259630E-02  0.0000000E+00
  7.8507600E+01  1.1996327E-02 -1.9015567E-03  5.3357138E-04 -1.4710456E-02  0.0000000E+00
  7.8507600E+01  1.1416259E-02 -1.9102236E-03  6.4640599E-04 -1.4179419E-02  0.0000000E+00
  7.8507600E+01  1.0901819E-02 -1.9102914E-03  7.3825200E-04 -1.3666008E-02  0.0000000E+00
  7.8507600E+01  1.0414922E-02 -1.8657866E-03  7.6612380E-04 -1.3170961E-02  0.0000000E+00
  7.8507600E+01  9.8993974E-03 -1.7669081E-03  7.3027282E-04 -1.2695086E-02  0.0000000E+00
  7.8507600E+01  9.3361609E-03 -1.6301784E-03  6.6168013E-04 -1.2238056E-02  0.0000000E+00
  7.8507600E+01  8.7628142E-03 -1.4901702E-03  6.0102300E-04 -1.1798495E-02  0.0000000E+00
  7.8507600E+01  8.2539622E-03 -1.3812597E-03  5.7501847E-04 -1.1374428E-02  0.0000000E+00
  7.8507600E+01  7.8541159E-03 -1.3129298E-03  5.8019484E-04 -1.0963099E-02  0.0000000E+00
  7.8507600E+01  7.4868797E-03 -1.2708323E-03  5.9847409E-04 -1.0561374E-02  0.0000000E+00
  7.8507600E+01  7.1632449E-03 -1.2340078E-03  6.0563439E-04 -1.0167681E-02  0.0000000E+00
  7.8507600E+01  6.8790158E-03 -1.1872779E-03  5.8774489E-04 -9.7818935E-03  0.0000000E+00
  7.8507600E+01  6.6019853E-03 -1.1193058E-03  5.3962606E-04 -9.4048606E-03  0.0000000E+00
  7.8507600E+01  6.3041709E-03 -1.0284923E-03  4.6589682E-04 -9.0375909E-03  0.0000000E+00
  7.8507600E+01  5.9833712E-03 -9.2230176E-04  3.7737397E-04 -8.6807808E-03  0.0000000E+00
  7.8507600E+01  5.6649429E-03 -8.1282839E-04  2.8683096E-04 -8.3345891E-03  0.0000000E+00
  7.8507600E+01  5.3747004E-03 -7.1141299E-04  2.0812434E-04 -7.9985556E-03  0.0000000E+00
  7.8507600E+01  5.0937921E-03 -6.2612141E-04  1.5284888E-04 -7.6719401E-03  0.0000000E+00
  7.8507600E+01  4.8112210E-03 -5.6723243E-04  1.2810444E-04 -7.3539923E-03  0.0000000E+00
  7.8507600E+01  4.5478112E-03 -5.2953111E-04  1.2163730E-04 -7.0441188E-03  0.0000000E+00
  7.8507600E+01  4.3102676E-03 -5.0815445E-04  1.2487421E-04 -6.7410526E-03  0.0000000E+00
  7.8507600E+01  4.0935808E-03 -4.9992250E-04  1.3433538E-04 -6.4431376E-03  0.0000000E+00
  7.8507600E+01  3.8878294E-03 -5.0257778E-04  1.5011600E-04 -6.1489791E-03  0.0000000E+00
  7.8507600E+01  3.6861476E-03 -5.1384274E-04  1.7393902E-04 -5.8581115E-03  0.0000000E+00
  7.8507600E+01  3.4919049E-03 -5.3143950E-04  2.0794684E-04 -5.5713775E-03  0.0000000E+00
  7.8507600E+01  3.3176683E-03 -5.5580845E-04  2.5480030E-04 -5.2903883E-03  0.0000000E+00
  7.8507600E+01  3.1635361E-03 -5.8683790E-04  3.0550485E-04 -5.0160378E-03  0.0000000E+00
  7.8507600E+01  3.0113269E-03 -6.1938632E-04  3.5331054E-04 -4.7476455E-03  0.0000000E+00
  7.8507600E+01  2.8505732E-03 -6.4417464E-04  3.8952090E-04 -4.4840642E-03  0.0000000E+00
  7.8507600E+01  2.6844762E-03 -6.5218181E-04  4.0613563E-04 -4.2243749E-03  0.0000000E+00
  7.8507600E+01  2.5207860E-03 -6.3925634E-04  4.0092752E-04 -3.9680133E-03  0.0000000E+00
  7.8507600E+01  2.3637690E-03 -6.0770996E-04  3.7897409E-04 -3.7149918E-03  0.0000000E+00
  7.8507600E+01  2.2098908E-03 -5.6519563E-04  3.5065245E-04 -3.4659261E-03  0.0000000E+00
  7.8507600E+01  2.0498459E-03 -5.2117032E-04  3.2610505E-04 -3.2215809E-03  0.0000000E+00
  7.8507600E+01  1.8824444E-03 -4.8339504E-04  3.0858109E-04 -2.9827875E-03  0.0000000E+00
  7.8507600E+01  1.7167712E-03 -4.5472814E-04  2.9751141E-04 -2.7502472E-03  0.0000000E+00
  7.8507600E+01  1.5567316E-03 -4.3418398E-04  2.9138864E-04 -2.5248507E-03  0.0000000E+00
  7.8507600E+01  1.4067379E-03 -4.2002064E-04  2.8905726E-04 -2.3072937E-03  0.0000000E+00
  7.8507600E+01 -2.5117239E-14 -8.0831575E-15  4.2181271E-15 -1.9789139E-02  0.0000000E+00
  7.8507600E+01  6.0836898E-04 -3.8693486E-04  2.3545483E-04 -1.9838984E-02  0.0000000E+00
  7.8507600E+01  3.5880420E-03 -2.2852163E-03  9.0054868E-04 -2.0345442E-02  0.0000000E+00
  7.8507600E+01  7.6450585E-03 -5.1876769E-03  1.3812846E-03 -2.1470486E-02  0.0000000E+00
  7.8507600E+01  1.0178943E-02 -6.9541286E-03  1.4885976E-03 -2.3050482E-02  0.0000000E+00
  7.8507600E+01  9.2785763E-03 -5.9403115E-03  1.3409944E-03 -2.4790262E-02  0.0000000E+00
  7.8507600E+01  4.7536345E-03 -2.0248583E-03  1.0212633E-03 -2.6434163E-02  0.0000000E+00
  7.8507600E+01 -9.6218116E-04  4.1474133E-03  4.7238307E-04 -2.7833531E-02  0.0000000E+00
  7.8507600E+01 -1.9313930E-03  1.1551104E-02 -4.2645723E-04 -2.8928617E-02  0.0000000E+00
  7.8507600E+01  9.0836241E-03  1.8660758E-02 -1.2707035E-03 -2.9700448E-02  0.0000000E+00
  7.8507600E+01  3.5479139E-02  2.4619546E-02 -1.7443155E-03 -3.0162070E-02  0.0000000E+00
  7.8507600E+01  7.4323526E-02  2.9007887E-02 -1.9814175E-03 -3.0365681E-02  0.0000000E+00
  7.8507600E+01  1.2129595E-01  3.1200150E-02 -1.9845857E-03 -3.0365879E-02  0.0000000E+00
  7.8507600E+01  1.7357567E-01  3.1168645E-02 -1.8864033E-03 -3.0193392E-02  0.0000000E+00
  7.8507600E+01  2.2566815E-01  2.9301569E-02 -2.0066857E-03 -2.9855732E-02  0.0000000E+00
  7.8507600E+01  2.7449710E-01  2.6086484E-02 -3.1956238E-03 -2.9340875E-02  0.0000000E+00
  7.8507600E+01  3.1080285E-01  2.2488615E-02 -6.0663430E-03 -2.8633105E-02  0.0000000E+00
  7.8507600E+01  3.2073902E-01  1.8634264E-02 -9.4158539E-03 -2.7733295E-02  0.0000000E+00
  7.8507600E+01  3.0408977E-01  1.3300124E-02 -1.0715883E-02 -2.6671445E-02  0.0000000E+00
  7.8507600E+01  2.6746264E-01  7.3328636E-03 -9.5646372E-03 -2.5512959E-02  0.0000000E+00
  7.8507600E+01  2.2397605E-01  2.0579883E-03 -7.0125285E-03 -2.4338272E-02  0.0000000E+00
  7.8507600E+01  1.8381173E-01 -2.0267549E-03 -3.8912034E-03 -2.3236676E-02  0.0000000E+00
  7.8507600E+01  1.4959325E-01 -4.2952822E-03 -2.2713800E-03 -2.2283771E-02  0.0000000E+00
  7.8507600E+01  1.2044467E-01 -5.0008887E-03 -2.4630798E-03 -2.1527343E-02  0.0000000E+00
  7.8507600E+01  9.5595682E-02 -5.0946897E-03 -2.8235788E-03 -2.0970115E-02  0.0000000E+00
  7.8507600E+01  7.5221672E-02 -5.1896369E-03 -2.2945408E-03 -2.0597041E-02  0.0000000E+00
  7.8507600E+01  5.9642300E-02 -4.8701768E-03 -1.8111554E-03 -2.0361592E-02  0.0000000E+00
  7.8507600E+01  4.9223619E-02 -4.1642329E-03 -2.0914465E-03 -2.0215290E-02  0.0000000E+00
  7.8507600E+01  4.2873611E-02 -3.5954579E-03 -2.4900909E-03 -2.0120178E-02  0.0000000E+00
  7.8507600E+01  3.8949511E-02 -3.1008390E-03 -2.8324231E-03 -2.0048991E-02  0.0000000E+00
  7.8507600E+01  3.6335231E-02 -2.5436169E-03 -3.2357929E-03 -1.9988938E-02  0.0000000E+00
  7.8507600E+01  3.4458733E-02 -2.0604914E-03 -3.6462637E-03 -1.9922145E-02  0.0000000E+00
  7.8507600E+01  3.3268355E-02 -1.9403642E-03 -3.7780110E-03 -1.9830603E-02  0.0000000E+00
  7.8507600E+01  3.2881028E-02 -2.1022016E-03 -3.6411581E-03 -1.9699833E-02  0.0000000E+00
  7.8507600E+01  3.3141218E-02 -2.3137230E-03 -3.4489970E-03 -1.9521851E-02  0.0000000E+00
  7.8507600E+01  3.3568261E-02 -2.4046624E-03 -3.3815926E-03 -1.9305156E-02  0.0000000E+00
  7.8507600E+01  3.3778946E-02 -2.3351820E-03 -3.4738043E-03 -1.9063894E-02  0.0000000E+00
  7.8507600E+01  3.3733720E-02 -2.2173279E-03 -3.5813692E-03 -1.8804863E-02  0.0000000E+00
  7.8507600E+01  3.3664157E-02 -2.2328811E-03 -3.4915148E-03 -1.8528659E-02  0.0000000E+00
  7.8507600E+01  3.3765094E-02 -2.4243793E-03 -3.1711594E-03 -1.8234052E-02  0.0000000E+00
  7.8507600E+01  3.4031487E-02 -2.6787402E-03 -2.7593030E-03 -1.7916888E-02  0.0000000E+00
  7.8507600E+01  3.4028013E-02 -2.9557194E-03 -2.3460074E-03 -1.7572811E-02  0.0000000E+00
  7.8507600E+01  3.3591955E-02 -3.1330026E-03 -2.0314150E-03 -1.7198664E-02  0.0000000E+00
  7.8507600E+01  3.2740526E-02 -3.1719475E-03 -1.8227245E-03 -1.6796193E-02  0.0000000E+00
  7.8507600E+01  3.1563655E-02 -3.1552502E-03 -1.6252818E-03 -1.6374364E-02  0.0000000E+00
  7.8507600E+01  3.0180927E-02 -3.2197048E-03 -1.3099811E-03 -1.5942828E-02  0.0000000E+00
  7.8507600E+01  2.8760565E-02 -3.4372330E-03 -8.1601095E-04 -1.5508916E-02  0.0000000E+00
  7.8507600E+01  2.7420680E-02 -3.7190674E-03 -2.2643320E-04 -1.5079910E-02  0.0000000E+00
  7.8507600E+01  2.6257755E-02 -3.8207862E-03  1.5917374E-04 -1.4659181E-02  0.0000000E+00
  7.8507600E+01  2.5476181E-02 -3.6682089E-03  2.2386521E-04 -1.4251705E-02  0.0000000E+00
  7.8507600E+01  2.5050361E-02 -3.3924824E-03  9.7201930E-05 -1.3856054E-02  0.0000000E+00
  7.8507600E+01  2.4765521E-02 -3.1417821E-03 -3.4726399E-05 -1.3469364E-02  0.0000000E+00
  7.8507600E+01  2.4395524E-02 -2.9968972E-03 -5.2612528E-05 -1.3091038E-02  0.0000000E+00
  7.8507600E+01  2.3885442E-02 -2.9742892E-03  6.1479207E-05 -1.2719076E-02  0.0000000E+00
  7.8507600E+01  2.3360185E-02 -3.0462275E-03  2.7438377E-04 -1.2350427E-02  0.0000000E+00
  7.8507600E+01  2.2677188E-02 -3.0765142E-03  4.3456886E-04 -1.1982841E-02  0.0000000E+00
  7.8507600E+01  2.1826286E-02 -2.9704911E-03  4.5802659E-04 -1.1613438E-02  0.0000000E+00
  7.8507600E+01  2.0980779E-02 -2.7706281E-03  3.9208522E-04 -1.1243287E-02  0.0000000E+00
  7.8507600E+01  2.0272442E-02 -2.5776734E-03  3.3028945E-04 -1.0873117E-02  0.0000000E+00
  7.8507600E+01  1.9694647E-02 -2.4664684E-03  3.4642072E-04 -1.0498706E-02  0.0000000E+00
  7.8507600E+01  1.9142300E-02 -2.4537003E-03  4.6027327E-04 -1.0119520E-02  0.0000000E+00
  7.8507600E+01  1.8527209E-02 -2.4993851E-03  6.2760408E-04 -9.7375268E-03  0.0000000E+00
  7.8507600E+01  1.7940273E-02 -2.5373667E-03  7.5639946E-04 -9.3594361E-03  0.0000000E+00
  7.8507600E+01  1.7427320E-02 -2.5081732E-03  7.7605180E-04 -8.9923365E-03  0.0000000E+00
  7.8507600E+01  1.6867104E-02 -2.4450341E-03  7.4789541E-04 -8.6368557E-03  0.0000000E+00
  7.8507600E+01  1.6228561E-02 -2.3741113E-03  7.2498750E-04 -8.2913656E-03  0.0000000E+00
  7.8507600E+01  1.5524530E-02 -2.2940779E-03  7.1617076E-04 -7.9557904E-03  0.0000000E+00
  7.8507600E+01  1.4772739E-02 -2.1888416E-03  7.0045043E-04 -7.6290346E-03  0.0000000E+00
  7.8507600E+01  1.3998666E-02 -2.0491431E-03  6.5575819E-04 -7.3104865E-03  0.0000000E+00
  7.8507600E+01  1.3254351E-02 -1.8939984E-03  5.8817494E-04 -7.0014788E-03  0.0000000E+00
  7.8507600E+01  1.2612004E-02 -1.7679721E-03  5.3987977E-04 -6.7022071E-03  0.0000000E+00
  7.8507600E+01  1.2070962E-02 -1.6872823E-03  5.3266198E-04 -6.4140194E-03  0.0000000E+00
  7.8507600E+01  1.1550477E-02 -1.6245007E-03  5.3077950E-04 -6.1366086E-03  0.0000000E+00
  7.8507600E+01  1.1008421E-02 -1.5419865E-03  5.0166198E-04 -5.8702078E-03  0.0000000E+00
  7.8507600E+01  1.0443798E-02 -1.4388894E-03  4.5193474E-04 -5.6152819E-03  0.0000000E+00
  7.8507600E+01  9.8661619E-03 -1.3363941E-03  4.1156109E-04 -5.3691324E-03  0.0000000E+00
  7.8507600E+01  9.2854476E-03 -1.2576353E-03  4.0829146E-04 -5.1293189E-03  0.0000000E+00
  7.8507600E+01  8.7139063E-03 -1.2088429E-03  4.4330120E-04 -4.8965073E-03  0.0000000E+00
  7.8507600E+01  8.1702114E-03 -1.1683987E-03  4.7996814E-04 -4.6704407E-03  0.0000000E+00
  7.8507600E+01  7.6960677E-03 -1.1151207E-03  4.7783941E-04 -4.4504182E-03  0.0000000E+00
  7.8507600E+01  7.2884048E-03 -1.0522468E-03  4.4567427E-04 -4.2364782E-03  0.0000000E+00
  7.8507600E+01  6.9144196E-03 -9.8987106E-04  4.0795268E-04 -4.0277193E-03  0.0000000E+00
  7.8507600E+01  6.5696695E-03 -9.2193736E-04  3.6188343E-04 -3.8241349E-03  0.0000000E+00
  7.8507600E+01  6.2587426E-03 -8.4697336E-04  3.0404773E-04 -3.6248492E-03  0.0000000E+00
  7.8507600E+01  5.9803046E-03 -7.7280487E-04  2.4108730E-04 -3.4293470E-03  0.0000000E+00
  7.8507600E+01  5.7165738E-03 -7.1042566E-04  1.8753456E-04 -3.2381476E-03  0.0000000E+00
  7.8507600E+01  5.4312686E-03 -6.6463648E-04  1.5585349E-04 -3.0506725E-03  0.0000000E+00
  7.8507600E+01  5.0958092E-03 -6.3108495E-04  1.4591252E-04 -2.8664405E-03  0.0000000E+00
  7.8507600E+01  4.7405657E-03 -6.1182644E-04  1.6236003E-04 -2.6863550E-03  0.0000000E+00
  7.8507600E+01  4.4160471E-03 -6.0192675E-04  1.8490818E-04 -2.5096850E-03  0.0000000E+00
  7.8507600E+01  4.1421374E-03 -5.9622008E-04  2.0225122E-04 -2.3353402E-03  0.0000000E+00
  7.8507600E+01  3.9160225E-03 -5.9678336E-04  2.1958200E-04 -2.1625602E-03  0.0000000E+00
  7.8507600E+01  3.7226670E-03 -6.0710360E-04  2.4604813E-04 -1.9892432E-03  0.0000000E+00
  7.8507600E+01  3.5455254E-03 -6.2587107E-04  2.8429511E-04 -1.8154332E-03  0.0000000E+00
  7.8507600E+01  3.3673794E-03 -6.4503413E-04  3.2667641E-04 -1.6417402E-03  0.0000000E+00
  7.8507600E+01  3.1722064E-03 -6.5632116E-04  3.6051326E-04 -1.4687263E-03  0.0000000E+00
  7.8507600E+01  2.9648352E-03 -6.5892986E-04  3.8224835E-04 -1.2987228E-03  0.0000000E+00
  7.8507600E+01  2.7544641E-03 -6.5380774E-04  3.9046022E-04 -1.1317359E-03  0.0000000E+00
  7.8507600E+01  2.5593201E-03 -6.3821400E-04  3.8300727E-04 -9.6825575E-04  0.0000000E+00
  7.8507600E+01  2.3793456E-03 -6.1593958E-04  3.6798277E-04 -8.0805832E-04  0.0000000E+00
  7.8507600E+01  0.0000000E+00  0.0000000E+00  0.0000000E+00  1.1998634E-02  0.0000000E+00
  7.8507600E+01 -2.2646840E-02  3.3934894E-03 -1.2075738E-03  1.1357214E-02  0.0000000E+00
  7.8507600E+01 -3.4860591E-02  1.6835024E-02 -6.0689828E-03  1.0100489E-02  0.0000000E+00
  7.8507600E+01 -9.7952125E-03  3.3188070E-02 -6.9149898E-03  7.7756650E-03  0.0000000E+00
  7.8507600E+01  2.6766408E-02  4.4927657E-02 -4.2243592E-03  5.0575948E-03  0.0000000E+00
  7.8507600E+01  6.5728847E-02  5.0714757E-02 -1.0539050E-03  2.4532430E-03  0.0000000E+00
  7.8507600E+01  1.0845356E-01  5.0574907E-02  2.9089115E-03  1.8948619E-04  0.0000000E+00
  7.8507600E+01  1.5350837E-01  4.5675077E-02  7.6266072E-03 -1.6316991E-03  0.0000000E+00
  7.8507600E+01  1.9569563E-01  3.8638458E-02  1.2343698E-02 -2.9580123E-03  0.0000000E+00
  7.8507600E+01  2.4029639E-01  3.1715238E-02  1.4394487E-02 -3.8015370E-03  0.0000000E+00
  7.8507600E+01  2.8294691E-01  2.5751525E-02  1.3141962E-02 -4.2047056E-03  0.0000000E+00
  7.8507600E+01  3.1271703E-01  2.0393449E-02  9.5150420E-03 -4.2224714E-03  0.0000000E+00
  7.8507600E+01  3.3032130E-01  1.6329766E-02  3.8758331E-03 -3.9420587E-03  0.0000000E+00
  7.8507600E+01  3.3878244E-01  1.2763435E-02 -1.5705856E-03 -3.4536538E-03  0.0000000E+00
  7.8507600E+01  3.3993565E-01  8.0337386E-03 -4.9128013E-03 -2.8097811E-03  0.0000000E+00
  7.8507600E+01  3.3321567E-01  3.0499260E-03 -7.2142693E-03 -2.0414392E-03  0.0000000E+00
  7.8507600E+01  3.1374468E-01 -9.9233915E-04 -8.5686856E-03 -1.1733660E-03  0.0000000E+00
  7.8507600E+01  2.7914468E-01 -3.5860689E-03 -8.0487468E-03 -2.3142307E-04  0.0000000E+00
  7.8507600E+01  2.3807017E-01 -5.9062451E-03 -5.5699343E-03  7.2298837E-04  0.0000000E+00
  7.8507600E+01  2.0071865E-01 -8.2685529E-03 -2.8535667E-03  1.5831375E-03  0.0000000E+00
  7.8507600E+01  1.6912844E-01 -9.5070260E-03 -1.2695830E-03  2.2801207E-03  0.0000000E+00
  7.8507600E+01  1.3986150E-01 -9.4402178E-03 -4.1127058E-04  2.8229205E-03  0.0000000E+00
  7.8507600E+01  1.1534706E-01 -8.6156264E-03 -5.1857093E-04  3.2384694E-03  0.0000000E+00
  7.8507600E+01  9.5832102E-02 -7.5127444E-03 -1.1664611E-03  3.5335471E-03  0.0000000E+00
  7.8507600E+01  8.0648186E-02 -6.5241023E-03 -1.7589899E-03  3.7027554E-03  0.0000000E+00
  7.8507600E+01  6.9515526E-02 -5.8711276E-03 -2.0942513E-03  3.7507337E-03  0.0000000E+00
  7.8507600E+01  6.0719363E-02 -5.2365137E-03 -2.2808417E-03  3.7109579E-03  0.0000000E+00
  7.8507600E+01  5.2978355E-02 -4.6249899E-03 -2.3423651E-03  3.6331225E-03  0.0000000E+00
  7.8507600E+01  4.6604421E-02 -4.1195373E-03 -2.3499385E-03  3.5438871E-03  0.0000000E+00
  7.8507600E+01  4.1469089E-02 -3.6286329E-03 -2.3110518E-03  3.4519138E-03  0.0000000E+00
  7.8507600E+01  3.7545592E-02 -3.1438998E-03 -2.2217579E-03  3.3601969E-03  0.0000000E+00
  7.8507600E+01  3.5169375E-02 -2.8568544E-03 -2.0796299E-03  3.2696591E-03  0.0000000E+00
  7.8507600E+01  3.4237593E-02 -2.9155508E-03 -1.8469535E-03  3.1735595E-03  0.0000000E+00
  7.8507600E+01  3.4103019E-02 -3.1504537E-03 -1.5396334E-03  3.0680939E-03  0.0000000E+00
  7.8507600E+01  3.4178332E-02 -3.2223631E-03 -1.3924503E-03  2.9537677E-03  0.0000000E+00
  7.8507600E+01  3.4158842E-02 -2.9817917E-03 -1.4640482E-03  2.8327914E-03  0.0000000E+00
  7.8507600E+01  3.4069986E-02 -2.5328132E-03 -1.6673115E-03  2.7093444E-03  0.0000000E+00
  7.8507600E+01  3.3997492E-02 -2.1167650E-03 -1.8259622E-03  2.5886050E-03  0.0000000E+00
  7.8507600E+01  3.3882371E-02 -1.9138879E-03 -1.7801666E-03  2.4731140E-03  0.0000000E+00
  7.8507600E+01  3.3620134E-02 -1.8658500E-03 -1.6147040E-03  2.3671157E-03  0.0000000E+00
  7.8507600E+01  3.3251495E-02 -1.7991841E-03 -1.5169433E-03  2.2792972E-03  0.0000000E+00
  7.8507600E+01  3.2606605E-02 -1.7027930E-03 -1.4820259E-03  2.2189801E-03  0.0000000E+00
  7.8507600E+01  3.1665020E-02 -1.6803055E-03 -1.3862247E-03  2.1854273E-03  0.0000000E+00
  7.8507600E+01  3.0580091E-02 -1.7940737E-03 -1.1449459E-03  2.1714552E-03  0.0000000E+00
  7.8507600E+01  2.9549515E-02 -1.9926806E-03 -7.9619017E-04  2.1672724E-03  0.0000000E+00
  7.8507600E+01  2.8658299E-02 -2.1394623E-03 -4.7868897E-04  2.1641012E-03  0.0000000E+00
  7.8507600E+01  2.7737919E-02 -2.1536927E-03 -2.9021239E-04  2.1559230E-03  0.0000000E+00
  7.8507600E+01  2.6798114E-02 -2.1323533E-03 -1.2901050E-04  2.1396773E-03  0.0000000E+00
  7.8507600E+01  2.5930141E-02 -2.0934099E-03 -1.0911325E-05  2.1174136E-03  0.0000000E+00
  7.8507600E+01  2.5237711E-02 -2.0539934E-03  7.0324439E-05  2.0948303E-03  0.0000000E+00
  7.8507600E+01  2.4723239E-02 -2.0516440E-03  1.6364551E-04  2.0798154E-03  0.0000000E+00
  7.8507600E+01  2.4323793E-02 -2.0954719E-03  2.9066436E-04  2.0777153E-03  0.0000000E+00
  7.8507600E+01  2.3953037E-02 -2.1535879E-03  4.2108203E-04  2.0882385E-03  0.0000000E+00
  7.8507600E+01  2.3539343E-02 -2.1775753E-03  5.0796153E-04  2.1058366E-03  0.0000000E+00
  7.8507600E+01  2.2957838E-02 -2.1465343E-03  5.6268067E-04  2.1235788E-03  0.0000000E+00
  7.8507600E+01  2.2159152E-02 -2.0739390E-03  6.0839681E-04  2.1374003E-03  0.0000000E+00
  7.8507600E+01  2.1367893E-02 -2.0091037E-03  6.5422266E-04  2.1477081E-03  0.0000000E+00
  7.8507600E+01  2.0634930E-02 -1.9615561E-03  7.0007271E-04  2.1576058E-03  0.0000000E+00
  7.8507600E+01  1.9918040E-02 -1.9251792E-03  7.5167021E-04  2.1705554E-03  0.0000000E+00
  7.8507600E+01  1.9181232E-02 -1.8920721E-03  8.0804565E-04  2.1887989E-03  0.0000000E+00
  7.8507600E+01  1.8448544E-02 -1.8532244E-03  8.4844898E-04  2.2126444E-03  0.0000000E+00
  7.8507600E+01  1.7804215E-02 -1.7923673E-03  8.3027125E-04  2.2393409E-03  0.0000000E+00
  7.8507600E+01  1.7265597E-02 -1.6955968E-03  7.3521817E-04  2.2633608E-03  0.0000000E+00
  7.8507600E+01  1.6729175E-02 -1.6177870E-03  6.3805828E-04  2.2818667E-03  0.0000000E+00
  7.8507600E+01  1.6184777E-02 -1.5770191E-03  5.8621971E-04  2.2952288E-03  0.0000000E+00
  7.8507600E+01  1.5609364E-02 -1.5520583E-03  5.7424048E-04  2.3040153E-03  0.0000000E+00
  7.8507600E+01  1.4987739E-02 -1.5179461E-03  5.7700025E-04  2.3092157E-03  0.0000000E+00
  7.8507600E+01  1.4330192E-02 -1.4653071E-03  5.7584962E-04  2.3119995E-03  0.0000000E+00
  7.8507600E+01  1.3663596E-02 -1.4020819E-03  5.6725363E-04  2.3128518E-03  0.0000000E+00
  7.8507600E+01  1.3018334E-02 -1.3433313E-03  5.5971669E-04  2.3114254E-03  0.0000000E+00
  7.8507600E+01  1.2398541E-02 -1.2932109E-03  5.6152647E-04  2.3078471E-03  0.0000000E+00
  7.8507600E+01  1.1797394E-02 -1.2192143E-03  5.3608509E-04  2.3013827E-03  0.0000000E+00
  7.8507600E+01  1.1214606E-02 -1.1213152E-03  4.7838996E-04  2.2924661E-03  0.0000000E+00
  7.8507600E+01  1.0659480E-02 -1.0260146E-03  4.1634003E-04  2.2838555E-03  0.0000000E+00
  7.8507600E+01  1.0130856E-02 -9.5247974E-04  3.7456552E-04  2.2786074E-03  0.0000000E+00
  7.8507600E+01  9.6166691E-03 -9.0412095E-04  3.5965670E-04  2.2777318E-03  0.0000000E+00
  7.8507600E+01  9.0944546E-03 -8.6829049E-04  3.5999270E-04  2.2800789E-03  0.0000000E+00
  7.8507600E+01  8.5495387E-03 -8.2570395E-04  3.5628855E-04  2.2836084E-03  0.0000000E+00
  7.8507600E+01  7.9948937E-03 -7.6644908E-04  3.3617450E-04  2.2868438E-03  0.0000000E+00
  7.8507600E+01  7.4914891E-03 -7.0072492E-04  3.0400789E-04  2.2883933E-03  0.0000000E+00
  7.8507600E+01  7.0594205E-03 -6.5108803E-04  2.7486221E-04  2.2876578E-03  0.0000000E+00
  7.8507600E+01  6.6855479E-03 -6.1425935E-04  2.5284720E-04  2.2845472E-03  0.0000000E+00
  7.8507600E+01  6.3566830E-03 -5.8336509E-04  2.3412771E-04  2.2803617E-03  0.0000000E+00
  7.8507600E+01  6.0598261E-03 -5.5526568E-04  2.1533145E-04  2.2771702E-03  0.0000000E+00
  7.8507600E+01  5.7806840E-03 -5.3092086E-04  1.9606662E-04  2.2770238E-03  0.0000000E+00
  7.8507600E+01  5.5074321E-03 -5.1348704E-04  1.7915903E-04  2.2813112E-03  0.0000000E+00
  7.8507600E+01  5.2259226E-03 -5.0568473E-04  1.7107953E-04  2.2901682E-03  0.0000000E+00
  7.8507600E+01  4.9206387E-03 -5.0771375E-04  1.8014097E-04  2.3024558E-03  0.0000000E+00
  7.8507600E+01  4.6021124E-03 -5.2075947E-04  2.0693229E-04  2.3170769E-03  0.0000000E+00
  7.8507600E+01  4.2906360E-03 -5.3881680E-04  2.4575614E-04  2.3338635E-03  0.0000000E+00
  7.8507600E+01  4.0145568E-03 -5.5204982E-04  2.8058246E-04  2.3525499E-03  0.0000000E+00
  7.8507600E+01  3.7861131E-03 -5.5675256E-04  3.0322993E-04  2.3734431E-03  0.0000000E+00
  7.8507600E+01  3.5965222E-03 -5.5518668E-04  3.1544317E-04  2.3978564E-03  0.0000000E+00
  7.8507600E+01  3.4238935E-03 -5.5167824E-04  3.2378393E-04  2.4269312E-03  0.0000000E+00
  7.8507600E+01  3.2428164E-03 -5.4833365E-04  3.3306270E-04  2.4605754E-03  0.0000000E+00
  7.8507600E+01  3.0372101E-03 -5.4318967E-04  3.4249476E-04  2.4971566E-03  0.0000000E+00
  7.8507600E+01  2.8201199E-03 -5.3767713E-04  3.4932289E-04  2.5339863E-03  0.0000000E+00
  7.8507600E+01  2.6082806E-03 -5.3024639E-04  3.5289569E-04  2.5696790E-03  0.0000000E+00
  7.8507600E+01  2.4090717E-03 -5.1992533E-04  3.5162333E-04  2.6038213E-03  0.0000000E+00
  7.8507600E+01  2.2200433E-03 -5.0715795E-04  3.4684690E-04  2.6373545E-03  0.0000000E+00
  7.8507600E+01  0.0000000E+00  0.0000000E+00  0.0000000E+00  4.8242786E-02  0.0000000E+00
  7.8507600E+01  2.3418794E-03 -1.4835969E-04 -3.2582774E-04  4.7768085E-02  0.0000000E+00
  7.8507600E+01  3.2172607E-03 -1.3529320E-03  8.1371616E-04  4.5265239E-02  0.0000000E+00
  7.8507600E+01  2.7068476E-03 -3.7931655E-03  3.5253208E-03  4.1609987E-02  0.0000000E+00
  7.8507600E+01  8.1213064E-03 -6.7094397E-03  4.9114145E-03  3.8142755E-02  0.0000000E+00
  7.8507600E+01  1.7947475E-02 -8.8634248E-03  4.2486788E-03  3.5424483E-02  0.0000000E+00
  7.8507600E+01  2.9957816E-02 -9.8421302E-03  2.4914021E-03  3.3432362E-02  0.0000000E+00
  7.8507600E+01  4.3807526E-02 -9.3762955E-03  3.2580729E-04  3.1914839E-02  0.0000000E+00
  7.8507600E+01  5.8831752E-02 -7.5392063E-03 -1.7444584E-03  3.0676373E-02  0.0000000E+00
  7.8507600E+01  7.2150051E-02 -4.6681446E-03 -3.2487420E-03  2.9628836E-02  0.0000000E+00
  7.8507600E+01  8.3658000E-02 -6.9201828E-04 -4.4811461E-03  2.8713536E-02  0.0000000E+00
  7.8507600E+01  9.5223001E-02  4.1939711E-03 -5.4431131E-03  2.7882565E-02  0.0000000E+00
  7.8507600E+01  1.0724240E-01  7.9691931E-03 -4.6240975E-03  2.7119706E-02  0.0000000E+00
  7.8507600E+01  1.1985477E-01  9.8215304E-03 -1.8238625E-03  2.6437108E-02  0.0000000E+00
  7.8507600E+01  1.3532490E-01  1.0950825E-02  1.2396830E-03  2.5855126E-02  0.0000000E+00
  7.8507600E+01  1.5445285E-01  1.1171466E-02  4.1568836E-03  2.5411021E-02  0.0000000E+00
  7.8507600E+01  1.7558710E-01  8.9740877E-03  7.1971972E-03  2.5110641E-02  0.0000000E+00
  7.8507600E+01  1.9750693E-01  6.0076625E-03  8.8154300E-03  2.4894124E-02  0.0000000E+00
  7.8507600E+01  2.1344052E-01  4.7391234E-03  8.0352756E-03  2.4752942E-02  0.0000000E+00
  7.8507600E+01  2.1901023E-01  5.9274224E-03  5.0504174E-03  2.4754529E-02  0.0000000E+00
  7.8507600E+01  2.2075854E-01  7.4063619E-03  1.4571080E-03  2.4941763E-02  0.0000000E+00
  7.8507600E+01  2.2545936E-01  6.2275430E-03  1.6087681E-04  2.5297118E-02  0.0000000E+00
  7.8507600E+01  2.2572458E-01  3.6832790E-03  2.7871535E-04  2.5769301E-02  0.0000000E+00
  7.8507600E+01  2.1782235E-01  2.3270770E-03 -6.4370224E-04  2.6280456E-02  0.0000000E+00
  7.8507600E+01  2.0612183E-01  1.8745103E-03 -2.3220065E-03  2.6783975E-02  0.0000000E+00
  7.8507600E+01  1.9374250E-01  5.5915761E-04 -2.8917186E-03  2.7255248E-02  0.0000000E+00
  7.8507600E+01  1.7892064E-01 -1.5430951E-03 -2.5413628E-03  2.7669272E-02  0.0000000E+00
  7.8507600E+01  1.6224936E-01 -3.2817483E-03 -2.3920984E-03  2.7986015E-02  0.0000000E+00
  7.8507600E+01  1.4341945E-01 -3.8235493E-03 -2.7135999E-03  2.8185019E-02  0.0000000E+00
  7.8507600E+01  1.2534338E-01 -4.1773806E-03 -2.5024879E-03  2.8280319E-02  0.0000000E+00
  7.8507600E+01  1.0867818E-01 -4.6964853E-03 -1.5486607E-03  2.8270220E-02  0.0000000E+00
  7.8507600E+01  9.1806292E-02 -4.4693959E-03 -8.1471178E-04  2.8122950E-02  0.0000000E+00
  7.8507600E+01  7.6092904E-02 -3.4139337E-03 -8.9260334E-04  2.7819589E-02  0.0000000E+00
  7.8507600E+01  6.4366769E-02 -2.6907809E-03 -9.1178074E-04  2.7392393E-02  0.0000000E+00
  7.8507600E+01  5.5816683E-02 -2.2108777E-03 -8.7881988E-04  2.6893861E-02  0.0000000E+00
  7.8507600E+01  4.9553673E-02 -1.7074891E-03 -1.0738469E-03  2.6357116E-02  0.0000000E+00
  7.8507600E+01  4.4483686E-02 -1.1963380E-03 -1.3551478E-03  2.5801026E-02  0.0000000E+00
  7.8507600E+01  3.9982478E-02 -8.5565329E-04 -1.4298910E-03  2.5231275E-02  0.0000000E+00
  7.8507600E+01  3.6214897E-02 -7.2051884E-04 -1.3052970E-03  2.4647252E-02  0.0000000E+00
  7.8507600E+01  3.3895145E-02 -6.3751770E-04 -1.1725873E-03  2.4055853E-02  0.0000000E+00
  7.8507600E+01  3.3217062E-02 -6.8324821E-04 -8.8799058E-04  2.3455361E-02  0.0000000E+00
  7.8507600E+01  3.2848685E-02 -6.6570217E-04 -5.1883545E-04  2.2844054E-02  0.0000000E+00
  7.8507600E+01  3.2546728E-02 -5.1016791E-04 -3.0572792E-04  2.2220328E-02  0.0000000E+00
  7.8507600E+01  3.2483206E-02 -2.7876843E-04 -3.5147378E-04  2.1588961E-02  0.0000000E+00
  7.8507600E+01  3.2566105E-02 -6.7718038E-05 -5.6829731E-04  2.0959317E-02  0.0000000E+00
  7.8507600E+01  3.2471922E-02  8.8268042E-05 -8.0900333E-04  2.0349919E-02  0.0000000E+00
  7.8507600E+01  3.2106232E-02  1.6623467E-04 -9.7180979E-04  1.9775033E-02  0.0000000E+00
  7.8507600E+01  3.1559145E-02  1.5674209E-04 -1.0153252E-03  1.9235853E-02  0.0000000E+00
  7.8507600E+01  3.0542960E-02  7.1933098E-05 -9.0141874E-04  1.8730360E-02  0.0000000E+00
  7.8507600E+01  2.9180484E-02 -5.0151540E-05 -6.5979352E-04  1.8256665E-02  0.0000000E+00
  7.8507600E+01  2.7912159E-02 -2.0221178E-04 -3.4830328E-04  1.7807408E-02  0.0000000E+00
  7.8507600E+01  2.7063508E-02 -3.8316262E-04 -3.2312268E-05  1.7370824E-02  0.0000000E+00
  7.8507600E+01  2.6602152E-02 -5.5947305E-04  2.2621143E-04  1.6936387E-02  0.0000000E+00
  7.8507600E+01  2.6132016E-02 -6.6217285E-04  3.8313201E-04  1.6500676E-02  0.0000000E+00
  7.8507600E+01  2.5313508E-02 -6.7632698E-04  4.4391756E-04  1.6066835E-02  0.0000000E+00
  7.8507600E+01  2.4516421E-02 -6.8622195E-04  4.9454288E-04  1.5637725E-02  0.0000000E+00
  7.8507600E+01  2.3928837E-02 -6.4369523E-04  4.6347076E-04  1.5218556E-02  0.0000000E+00
  7.8507600E+01  2.3500357E-02 -5.4622698E-04  3.4909730E-04  1.4816111E-02  0.0000000E+00
  7.8507600E+01  2.3094589E-02 -4.5238217E-04  2.3641709E-04  1.4435670E-02  0.0000000E+00
  7.8507600E+01  2.2613433E-02 -4.3557264E-04  2.2751644E-04  1.4080493E-02  0.0000000E+00
  7.8507600E+01  2.2037138E-02 -5.2736895E-04  3.6528223E-04  1.3746927E-02  0.0000000E+00
  7.8507600E+01  2.1390250E-02 -6.8526458E-04  5.9122883E-04  1.3428553E-02  0.0000000E+00
  7.8507600E+01  2.0693343E-02 -8.3163099E-04  8.0845765E-04  1.3119654E-02  0.0000000E+00
  7.8507600E+01  1.9841571E-02 -9.2083359E-04  9.6410663E-04  1.2816606E-02  0.0000000E+00
  7.8507600E+01  1.8941165E-02 -9.7768482E-04  1.0736676E-03  1.2517644E-02  0.0000000E+00
  7.8507600E+01  1.8086801E-02 -1.0047088E-03  1.1322900E-03  1.2222993E-02  0.0000000E+00
  7.8507600E+01  1.7294531E-02 -9.8580709E-04  1.1191963E-03  1.1933364E-02  0.0000000E+00
  7.8507600E+01  1.6548356E-02 -9.1391836E-04  1.0298196E-03  1.1648708E-02  0.0000000E+00
  7.8507600E+01  1.5834227E-02 -8.0485574E-04  8.8781171E-04  1.1368027E-02  0.0000000E+00
  7.8507600E+01  1.5159907E-02 -6.9380368E-04  7.4191644E-04  1.1090381E-02  0.0000000E+00
  7.8507600E+01  1.4545064E-02 -6.0840649E-04  6.4213342E-04  1.0816821E-02  0.0000000E+00
  7.8507600E+01  1.3963432E-02 -5.4258186E-04  5.7651076E-04  1.0549450E-02  0.0000000E+00
  7.8507600E+01  1.3458692E-02 -4.8001173E-04  5.0252901E-04  1.0288162E-02  0.0000000E+00
  7.8507600E+01  1.3004779E-02 -4.3369536E-04  4.2348401E-04  1.0028547E-02  0.0000000E+00
  7.8507600E+01  1.2543680E-02 -4.2216713E-04  3.7460851E-04  9.7677973E-03  0.0000000E+00
  7.8507600E+01  1.2022888E-02 -4.4447498E-04  3.7742019E-04  9.5063846E-03  0.0000000E+00
  7.8507600E+01  1.1427141E-02 -4.7794901E-04  4.2000837E-04  9.2488277E-03  0.0000000E+00
  7.8507600E+01  1.0787366E-02 -4.9301502E-04  4.6283377E-04  8.9987006E-03  0.0000000E+00
  7.8507600E+01  1.0179903E-02 -4.7755931E-04  4.6900039E-04  8.7581770E-03  0.0000000E+00
  7.8507600E+01  9.6368497E-03 -4.4847898E-04  4.5143446E-04  8.5293045E-03  0.0000000E+00
  7.8507600E+01  9.1124784E-03 -4.0961681E-04  4.1853869E-04  8.3140447E-03  0.0000000E+00
  7.8507600E+01  8.6023631E-03 -3.6096494E-04  3.6763857E-04  8.1123612E-03  0.0000000E+00
  7.8507600E+01  8.1037691E-03 -3.0601048E-04  3.0465773E-04  7.9216783E-03  0.0000000E+00
  7.8507600E+01  7.6178087E-03 -2.5110593E-04  2.4179664E-04  7.7389569E-03  0.0000000E+00
  7.8507600E+01  7.1490654E-03 -2.0604715E-04  1.9340280E-04  7.5614597E-03  0.0000000E+00
  7.8507600E+01  6.7049325E-03 -1.8182368E-04  1.6942647E-04  7.3869376E-03  0.0000000E+00
  7.8507600E+01  6.2965894E-03 -1.8124278E-04  1.6624095E-04  7.2142086E-03  0.0000000E+00
  7.8507600E+01  5.9244251E-03 -1.8933486E-04  1.6541071E-04  7.0440773E-03  0.0000000E+00
  7.8507600E+01  5.5967846E-03 -1.9808384E-04  1.6129301E-04  6.8788381E-03  0.0000000E+00
  7.8507600E+01  5.3234413E-03 -2.0984499E-04  1.5634885E-04  6.7210858E-03  0.0000000E+00
  7.8507600E+01  5.0594605E-03 -2.3476966E-04  1.6777569E-04  6.5741994E-03  0.0000000E+00
  7.8507600E+01  4.7755709E-03 -2.7087721E-04  1.9905104E-04  6.4393093E-03  0.0000000E+00
  7.8507600E+01  4.4715282E-03 -3.0807378E-04  2.3995315E-04  6.3152713E-03  0.0000000E+00
  7.8507600E+01  4.1659739E-03 -3.3746859E-04  2.7717503E-04  6.1992015E-03  0.0000000E+00
  7.8507600E+01  3.8831822E-03 -3.5829814E-04  3.0511335E-04  6.0895237E-03  0.0000000E+00
  7.8507600E+01  3.6408485E-03 -3.7696497E-04  3.2828949E-04  5.9856778E-03  0.0000000E+00
  7.8507600E+01  3.4238733E-03 -3.8711702E-04  3.4242184E-04  5.8890020E-03  0.0000000E+00
  7.8507600E+01  3.2236937E-03 -3.8290775E-04  3.4062596E-04  5.8003132E-03  0.0000000E+00
  7.8507600E+01  3.0169964E-03 -3.6453963E-04  3.2327121E-04  5.7195179E-03  0.0000000E+00
  7.8507600E+01  2.8002232E-03 -3.4285086E-04  3.0273588E-04  5.6444281E-03  0.0000000E+00
  7.8507600E+01  0.0000000E+00  0.0000000E+00  0.0000000E+00  8.2288531E-02  0.0000000E+00
  7.8507600E+01 -4.0089062E-02  1.8792842E-03 -5.4108785E-03  8.1867348E-02  0.0000000E+00
  7.8507600E+01 -7.1488549E-02  8.1926266E-03 -1.3826310E-02  8.0099883E-02  0.0000000E+00
  7.8507600E+01 -5.0797250E-02  2.1944952E-02 -1.3590847E-02  7.6579950E-02  0.0000000E+00
  7.8507600E+01 -1.9406991E-02  3.3250325E-02 -9.5986703E-03  7.2514166E-02  0.0000000E+00
  7.8507600E+01  9.3799347E-03  4.0105242E-02 -6.5887667E-03  6.8645200E-02  0.0000000E+00
  7.8507600E+01  3.7857059E-02  4.2799769E-02 -5.2108504E-03  6.5287738E-02  0.0000000E+00
  7.8507600E+01  6.2068805E-02  4.2715607E-02 -3.8425281E-03  6.2505239E-02  0.0000000E+00
  7.8507600E+01  8.2221732E-02  4.1245472E-02 -3.0747295E-03  6.0235247E-02  0.0000000E+00
  7.8507600E+01  1.0342216E-01  3.7764693E-02 -2.9976275E-03  5.8368354E-02  0.0000000E+00
  7.8507600E+01  1.2328897E-01  3.2186845E-02 -2.2460193E-03  5.6806754E-02  0.0000000E+00
  7.8507600E+01  1.3555224E-01  2.6637581E-02 -2.3918856E-04  5.5473363E-02  0.0000000E+00
  7.8507600E+01  1.4302779E-01  2.1669821E-02  1.7879462E-03  5.4334719E-02  0.0000000E+00
  7.8507600E+01  1.4922911E-01  1.6749849E-02  3.2292502E-03  5.3384196E-02  0.0000000E+00
  7.8507600E+01  1.5700764E-01  1.1922618E-02  4.6227362E-03  5.2578141E-02  0.0000000E+00
  7.8507600E+01  1.6465600E-01  7.7183193E-03  5.8221020E-03  5.1869826E-02  0.0000000E+00
  7.8507600E+01  1.6568514E-01  5.0901455E-03  6.3544282E-03  5.1245266E-02  0.0000000E+00
  7.8507600E+01  1.5926270E-01  4.1612568E-03  5.8177190E-03  5.0695533E-02  0.0000000E+00
  7.8507600E+01  1.5229977E-01  3.5305857E-03  4.4333343E-03  5.0178393E-02  0.0000000E+00
  7.8507600E+01  1.4866084E-01  1.9177612E-03  3.4055973E-03  4.9655439E-02  0.0000000E+00
  7.8507600E+01  1.4564864E-01 -1.1053827E-04  3.0923700E-03  4.9101310E-02  0.0000000E+00
  7.8507600E+01  1.4093209E-01 -1.4358642E-03  2.7103992E-03  4.8498664E-02  0.0000000E+00
  7.8507600E+01  1.3236868E-01 -1.8412676E-03  2.2597662E-03  4.7835728E-02  0.0000000E+00
  7.8507600E+01  1.2008164E-01 -1.3517006E-03  1.6327959E-03  4.7110465E-02  0.0000000E+00
  7.8507600E+01  1.0670505E-01 -3.1256831E-04  6.0607152E-04  4.6318098E-02  0.0000000E+00
  7.8507600E+01  9.4677744E-02  6.3392425E-04 -4.4655001E-04  4.5472906E-02  0.0000000E+00
  7.8507600E+01  8.3836228E-02  1.0485544E-03 -7.3268032E-04  4.4589497E-02  0.0000000E+00
  7.8507600E+01  7.3757176E-02  1.0386782E-03 -3.6993648E-04  4.3680698E-02  0.0000000E+00
  7.8507600E+01  6.4805101E-02  9.3204088E-04  1.6180908E-04  4.2744964E-02  0.0000000E+00
  7.8507600E+01  5.7241576E-02  1.1911539E-03  1.2089119E-04  4.1778517E-02  0.0000000E+00
  7.8507600E+01  5.0879916E-02  1.6928372E-03 -3.5924161E-04  4.0784648E-02  0.0000000E+00
  7.8507600E+01  4.5203728E-02  1.9768428E-03 -5.3369988E-04  3.9772679E-02  0.0000000E+00
  7.8507600E+01  4.0031241E-02  2.3276767E-03 -5.1923711E-04  3.8749915E-02  0.0000000E+00
  7.8507600E+01  3.5675758E-02  2.9934343E-03 -7.3272107E-04  3.7724532E-02  0.0000000E+00
  7.8507600E+01  3.3051452E-02  3.4423190E-03 -9.3508491E-04  3.6694151E-02  0.0000000E+00
  7.8507600E+01  3.1836746E-02  3.5993775E-03 -1.0772934E-03  3.5658594E-02  0.0000000E+00
  7.8507600E+01  3.1111547E-02  3.6762123E-03 -1.2239658E-03  3.4615527E-02  0.0000000E+00
  7.8507600E+01  3.0366433E-02  3.8067122E-03 -1.4095337E-03  3.3572601E-02  0.0000000E+00
  7.8507600E+01  2.9739567E-02  3.9218359E-03 -1.5847657E-03  3.2544574E-02  0.0000000E+00
  7.8507600E+01  2.9201401E-02  3.9099432E-03 -1.6384678E-03  3.1547564E-02  0.0000000E+00
  7.8507600E+01  2.8463866E-02  3.7757587E-03 -1.5356335E-03  3.0591083E-02  0.0000000E+00
  7.8507600E+01  2.7627678E-02  3.5132076E-03 -1.2658881E-03  2.9682323E-02  0.0000000E+00
  7.8507600E+01  2.6839570E-02  3.1414345E-03 -8.8763648E-04  2.8816543E-02  0.0000000E+00
  7.8507600E+01  2.6127618E-02  2.7134234E-03 -4.8364717E-04  2.7989489E-02  0.0000000E+00
  7.8507600E+01  2.5449359E-02  2.2894989E-03 -1.0906926E-04  2.7193163E-02  0.0000000E+00
  7.8507600E+01  2.4860969E-02  1.8939198E-03  2.2753652E-04  2.6422398E-02  0.0000000E+00
  7.8507600E+01  2.4556131E-02  1.4900589E-03  5.5218218E-04  2.5672017E-02  0.0000000E+00
  7.8507600E+01  2.4126408E-02  1.1458305E-03  8.7372664E-04  2.4943313E-02  0.0000000E+00
  7.8507600E+01  2.3503426E-02  9.1603063E-04  1.0976962E-03  2.4236689E-02  0.0000000E+00
  7.8507600E+01  2.2885002E-02  8.1634621E-04  1.1515387E-03  2.3551367E-02  0.0000000E+00
  7.8507600E+01  2.2398209E-02  8.3281894E-04  1.0480209E-03  2.2883897E-02  0.0000000E+00
  7.8507600E+01  2.2034666E-02  9.2748455E-04  8.5701192E-04  2.2235232E-02  0.0000000E+00
  7.8507600E+01  2.1699261E-02  1.0500499E-03  6.4939655E-04  2.1605761E-02  0.0000000E+00
  7.8507600E+01  2.1321627E-02  1.1593940E-03  4.5413779E-04  2.0998645E-02  0.0000000E+00
  7.8507600E+01  2.0969324E-02  1.2287381E-03  2.9239351E-04  2.0413847E-02  0.0000000E+00
  7.8507600E+01  2.0646581E-02  1.2277323E-03  2.2052942E-04  1.9855075E-02  0.0000000E+00
  7.8507600E+01  2.0238989E-02  1.1486566E-03  2.5496632E-04  1.9322792E-02  0.0000000E+00
  7.8507600E+01  1.9651550E-02  1.0019499E-03  3.7475567E-04  1.8815128E-02  0.0000000E+00
  7.8507600E+01  1.8841154E-02  8.1981553E-04  5.3901583E-04  1.8325512E-02  0.0000000E+00
  7.8507600E+01  1.7857652E-02  6.3851877E-04  7.0941639E-04  1.7849073E-02  0.0000000E+00
  7.8507600E+01  1.6830252E-02  4.8045989E-04  8.5980003E-04  1.7380751E-02  0.0000000E+00
  7.8507600E+01  1.5920359E-02  3.5093605E-04  9.6984852E-04  1.6919964E-02  0.0000000E+00
  7.8507600E+01  1.5227577E-02  2.6338963E-04  9.9568100E-04  1.6465849E-02  0.0000000E+00
  7.8507600E+01  1.4646011E-02  2.3651942E-04  9.3817095E-04  1.6020644E-02  0.0000000E+00
  7.8507600E+01  1.4072661E-02  2.5187803E-04  8.5472344E-04  1.5585213E-02  0.0000000E+00
  7.8507600E+01  1.3483946E-02  2.9060742E-04  7.7188044E-04  1.5161673E-02  0.0000000E+00
  7.8507600E+01  1.2873632E-02  3.3755480E-04  6.9784186E-04  1.4749936E-02  0.0000000E+00
  7.8507600E+01  1.2254811E-02  3.8535673E-04  6.2846239E-04  1.4350175E-02  0.0000000E+00
  7.8507600E+01  1.1666688E-02  4.3311553E-04  5.5382047E-04  1.3959766E-02  0.0000000E+00
  7.8507600E+01  1.1183098E-02  4.7735481E-04  4.6598075E-04  1.3577125E-02  0.0000000E+00
  7.8507600E+01  1.0842390E-02  5.0025785E-04  3.7302155E-04  1.3200301E-02  0.0000000E+00
  7.8507600E+01  1.0538764E-02  4.6713419E-04  3.3445839E-04  1.2830853E-02  0.0000000E+00
  7.8507600E+01  1.0182989E-02  4.0868028E-04  3.2659879E-04  1.2467593E-02  0.0000000E+00
  7.8507600E+01  9.7320624E-03  3.5656226E-04  3.2964502E-04  1.2111535E-02  0.0000000E+00
  7.8507600E+01  9.2390578E-03  3.1104838E-04  3.3894384E-04  1.1764738E-02  0.0000000E+00
  7.8507600E+01  8.7723875E-03  2.6056158E-04  3.5670561E-04  1.1432120E-02  0.0000000E+00
  7.8507600E+01  8.3615252E-03  2.0087909E-04  3.7944611E-04  1.1115652E-02  0.0000000E+00
  7.8507600E+01  7.9835003E-03  1.4886286E-04  3.8944779E-04  1.0815319E-02  0.0000000E+00
  7.8507600E+01  7.5729558E-03  1.4312294E-04  3.5889028E-04  1.0529737E-02  0.0000000E+00
  7.8507600E+01  7.1212283E-03  1.8283818E-04  2.9047175E-04  1.0258046E-02  0.0000000E+00
  7.8507600E+01  6.6673118E-03  2.2421514E-04  2.3258811E-04  9.9979702E-03  0.0000000E+00
  7.8507600E+01  6.2557318E-03  2.3425956E-04  2.0715976E-04  9.7466088E-03  0.0000000E+00
  7.8507600E+01  5.8881744E-03  2.2062605E-04  1.9868255E-04  9.5024743E-03  0.0000000E+00
  7.8507600E+01  5.5554261E-03  1.9962651E-04  1.8782068E-04  9.2658812E-03  0.0000000E+00
  7.8507600E+01  5.2492173E-03  1.7801680E-04  1.7016269E-04  9.0362745E-03  0.0000000E+00
  7.8507600E+01  4.9669907E-03  1.5017789E-04  1.5872453E-04  8.8142734E-03  0.0000000E+00
  7.8507600E+01  4.7064876E-03  1.0674995E-04  1.7033927E-04  8.6005590E-03  0.0000000E+00
  7.8507600E+01  4.4582199E-03  5.2867630E-05  1.9977722E-04  8.3964904E-03  0.0000000E+00
  7.8507600E+01  4.2247221E-03 -7.8783711E-07  2.3150112E-04  8.2030949E-03  0.0000000E+00
  7.8507600E+01  3.9883527E-03 -3.8858645E-05  2.5263780E-04  8.0209906E-03  0.0000000E+00
  7.8507600E+01  3.7479374E-03 -6.2618614E-05  2.6566237E-04  7.8491227E-03  0.0000000E+00
  7.8507600E+01  3.5180828E-03 -8.2884522E-05  2.7800677E-04  7.6871340E-03  0.0000000E+00
  7.8507600E+01  3.3068342E-03 -1.0661444E-04  2.9284976E-04  7.5346707E-03  0.0000000E+00
  7.8507600E+01  3.1109186E-03 -1.3116286E-04  3.0546728E-04  7.3920170E-03  0.0000000E+00
  7.8507600E+01  2.9169156E-03 -1.4606519E-04  3.0605240E-04  7.2586633E-03  0.0000000E+00
  7.8507600E+01  2.7078817E-03 -1.4125857E-04  2.8953923E-04  7.1342722E-03  0.0000000E+00
  7.8507600E+01  2.4978642E-03 -1.2815874E-04  2.6548519E-04  7.0164815E-03  0.0000000E+00
  7.8507600E+01  2.2886073E-03 -1.1647979E-04  2.4633116E-04  6.9032642E-03  0.0000000E+00
  7.8507600E+01  2.0895493E-03 -1.1321238E-04  2.3757640E-04  6.7921698E-03  0.0000000E+00
  7.8507600E+01  1.9045659E-03 -1.2155973E-04  2.4100017E-04  6.6828836E-03  0.0000000E+00
  7.8507600E+01 -3.8288087E-13 -2.3712198E-13  1.1606119E-12  1.1318412E-01  0.0000000E+00
  7.8507600E+01 -2.2367304E-03  2.3664601E-03 -2.5922427E-03  1.1344545E-01  0.0000000E+00
  7.8507600E+01  4.9399750E-03 -1.4470851E-03 -6.0287546E-03  1.1214130E-01  0.0000000E+00
  7.8507600E+01  5.9880694E-02 -1.1484572E-02 -6.1604750E-03  1.1017105E-01  0.0000000E+00
  7.8507600E+01  1.1724417E-01 -1.8036082E-02 -7.8405754E-03  1.0806687E-01  0.0000000E+00
  7.8507600E+01  1.4592934E-01 -1.8464072E-02 -1.1727806E-02  1.0571477E-01  0.0000000E+00
  7.8507600E+01  1.4930748E-01 -1.3526870E-02 -1.5443160E-02  1.0295531E-01  0.0000000E+00
  7.8507600E+01  1.4080825E-01 -4.8986340E-03 -1.8492903E-02  9.9748547E-02  0.0000000E+00
  7.8507600E+01  1.2806851E-01  5.4676712E-03 -1.8470877E-02  9.6146733E-02  0.0000000E+00
  7.8507600E+01  1.1627485E-01  1.5644899E-02 -1.6429421E-02  9.2240510E-02  0.0000000E+00
  7.8507600E+01  1.0797073E-01  2.4386880E-02 -1.4501016E-02  8.8141789E-02  0.0000000E+00
  7.8507600E+01  1.0313940E-01  3.0525001E-02 -1.1212274E-02  8.4001180E-02  0.0000000E+00
  7.8507600E+01  1.0048375E-01  3.4931207E-02 -7.8775625E-03  7.9957906E-02  0.0000000E+00
  7.8507600E+01  9.7090031E-02  3.9223053E-02 -5.6442304E-03  7.6076715E-02  0.0000000E+00
  7.8507600E+01  9.2056482E-02  4.2952312E-02 -4.1700895E-03  7.2423602E-02  0.0000000E+00
  7.8507600E+01  8.8929097E-02  4.4596133E-02 -3.4445767E-03  6.9026892E-02  0.0000000E+00
  7.8507600E+01  9.2099806E-02  4.3975509E-02 -3.8781531E-03  6.5872942E-02  0.0000000E+00
  7.8507600E+01  9.8647629E-02  4.2138176E-02 -4.6571818E-03  6.2981474E-02  0.0000000E+00
  7.8507600E+01  1.0456980E-01  3.9499813E-02 -4.5074401E-03  6.0373183E-02  0.0000000E+00
  7.8507600E+01  1.0863044E-01  3.6406477E-02 -4.2562536E-03  5.8059113E-02  0.0000000E+00
  7.8507600E+01  1.0780515E-01  3.4016461E-02 -4.9303189E-03  5.5989675E-02  0.0000000E+00
  7.8507600E+01  1.0307609E-01  3.1550403E-02 -5.1686966E-03  5.4104130E-02  0.0000000E+00
  7.8507600E+01  1.0243249E-01  2.7356737E-02 -4.2372093E-03  5.2364001E-02  0.0000000E+00
  7.8507600E+01  1.0298272E-01  2.2155860E-02 -2.1292662E-03  5.0745708E-02  0.0000000E+00
  7.8507600E+01  9.9657443E-02  1.7618410E-02  2.0058024E-04  4.9227283E-02  0.0000000E+00
  7.8507600E+01  9.3952954E-02  1.4525668E-02  1.5720631E-03  4.7787519E-02  0.0000000E+00
  7.8507600E+01  8.9398171E-02  1.2481781E-02  1.6015506E-03  4.6400511E-02  0.0000000E+00
  7.8507600E+01  8.5724284E-02  1.0989257E-02  8.1332135E-04  4.5062169E-02  0.0000000E+00
  7.8507600E+01  8.0557046E-02  9.9100014E-03  1.6842701E-05  4.3769489E-02  0.0000000E+00
  7.8507600E+01  7.4176731E-02  8.9651104E-03 -3.4921929E-04  4.2505660E-02  0.0000000E+00
  7.8507600E+01  6.7798007E-02  8.0540225E-03 -3.0525987E-04  4.1270253E-02  0.0000000E+00
  7.8507600E+01  6.2025563E-02  7.4315851E-03 -3.3562234E-04  4.0059207E-02  0.0000000E+00
  7.8507600E+01  5.6533988E-02  7.2505294E-03 -6.8503317E-04  3.8871789E-02  0.0000000E+00
  7.8507600E+01  4.9862997E-02  7.4241385E-03 -1.0142029E-03  3.7714089E-02  0.0000000E+00
  7.8507600E+01  4.2132658E-02  7.8261645E-03 -1.0901539E-03  3.6585695E-02  0.0000000E+00
  7.8507600E+01  3.5207500E-02  8.1954394E-03 -1.0167034E-03  3.5479517E-02  0.0000000E+00
  7.8507600E+01  2.9863400E-02  8.5130544E-03 -1.0603051E-03  3.4391315E-02  0.0000000E+00
  7.8507600E+01  2.5860556E-02  8.8652384E-03 -1.3650104E-03  3.3315301E-02  0.0000000E+00
  7.8507600E+01  2.3047434E-02  9.2186967E-03 -1.8459085E-03  3.2250431E-02  0.0000000E+00
  7.8507600E+01  2.2307276E-02  9.2413984E-03 -2.3096210E-03  3.1195243E-02  0.0000000E+00
  7.8507600E+01  2.2821886E-02  8.9334045E-03 -2.6042582E-03  3.0149252E-02  0.0000000E+00
  7.8507600E+01  2.3173625E-02  8.3895752E-03 -2.5294689E-03  2.9131301E-02  0.0000000E+00
  7.8507600E+01  2.3099956E-02  7.7738518E-03 -2.2232889E-03  2.8148047E-02  0.0000000E+00
  7.8507600E+01  2.2732635E-02  7.1555201E-03 -1.8352428E-03  2.7201581E-02  0.0000000E+00
  7.8507600E+01  2.2069261E-02  6.5014952E-03 -1.3721690E-03  2.6296931E-02  0.0000000E+00
  7.8507600E+01  2.0919342E-02  5.7706956E-03 -7.6203576E-04  2.5431973E-02  0.0000000E+00
  7.8507600E+01  1.9389069E-02  5.0591566E-03 -8.7821741E-05  2.4602542E-02  0.0000000E+00
  7.8507600E+01  1.8290302E-02  4.4360120E-03  4.6257297E-04  2.3804732E-02  0.0000000E+00
  7.8507600E+01  1.7853333E-02  3.9522609E-03  7.6200622E-04  2.3030550E-02  0.0000000E+00
  7.8507600E+01  1.7890987E-02  3.5581130E-03  8.8697459E-04  2.2283009E-02  0.0000000E+00
  7.8507600E+01  1.8122924E-02  3.2053048E-03  9.5524764E-04  2.1562645E-02  0.0000000E+00
  7.8507600E+01  1.8356275E-02  2.8804025E-03  1.0353756E-03  2.0868405E-02  0.0000000E+00
  7.8507600E+01  1.8511683E-02  2.6156703E-03  1.1045862E-03  2.0202122E-02  0.0000000E+00
  7.8507600E+01  1.8553629E-02  2.4600267E-03  1.0851933E-03  1.9563966E-02  0.0000000E+00
  7.8507600E+01  1.8358205E-02  2.4173612E-03  9.5871266E-04  1.8955557E-02  0.0000000E+00
  7.8507600E+01  1.8024193E-02  2.4452175E-03  7.6272510E-04  1.8378745E-02  0.0000000E+00
  7.8507600E+01  1.7790009E-02  2.4640391E-03  5.5737027E-04  1.7829098E-02  0.0000000E+00
  7.8507600E+01  1.7601773E-02  2.4308345E-03  4.0121347E-04  1.7303088E-02  0.0000000E+00
  7.8507600E+01  1.7315594E-02  2.3285065E-03  3.3644237E-04  1.6800843E-02  0.0000000E+00
  7.8507600E+01  1.6829392E-02  2.1582152E-03  3.7216971E-04  1.6318889E-02  0.0000000E+00
  7.8507600E+01  1.6145076E-02  1.9399601E-03  4.8155364E-04  1.5856451E-02  0.0000000E+00
  7.8507600E+01  1.5360369E-02  1.7039167E-03  6.1665450E-04  1.5409738E-02  0.0000000E+00
  7.8507600E+01  1.4549841E-02  1.4698349E-03  7.5982729E-04  1.4976671E-02  0.0000000E+00
  7.8507600E+01  1.3660405E-02  1.2300077E-03  9.3999830E-04  1.4559054E-02  0.0000000E+00
  7.8507600E+01  1.2824040E-02  1.0377097E-03  1.0782053E-03  1.4157432E-02  0.0000000E+00
  7.8507600E+01  1.2135410E-02  9.3607124E-04  1.1116621E-03  1.3768431E-02  0.0000000E+00
  7.8507600E+01  1.1619422E-02  9.2266572E-04  1.0359946E-03  1.3389413E-02  0.0000000E+00
  7.8507600E+01  1.1227429E-02  9.6046223E-04  8.9434877E-04  1.3016979E-02  0.0000000E+00
  7.8507600E+01  1.0877043E-02  1.0063566E-03  7.4304119E-04  1.2649668E-02  0.0000000E+00
  7.8507600E+01  1.0505530E-02  1.0349606E-03  6.1892759E-04  1.2289712E-02  0.0000000E+00
  7.8507600E+01  1.0119285E-02  1.0407466E-03  5.2666999E-04  1.1938425E-02  0.0000000E+00
  7.8507600E+01  9.7377095E-03  1.0102180E-03  4.8718781E-04  1.1598639E-02  0.0000000E+00
  7.8507600E+01  9.2921675E-03  9.8523995E-04  4.6105179E-04  1.1269938E-02  0.0000000E+00
  7.8507600E+01  8.8047236E-03  9.7567967E-04  4.2523078E-04  1.0949437E-02  0.0000000E+00
  7.8507600E+01  8.3372157E-03  9.6189847E-04  3.8693971E-04  1.0635770E-02  0.0000000E+00
  7.8507600E+01  7.9309055E-03  9.2405444E-04  3.6046952E-04  1.0327213E-02  0.0000000E+00
  7.8507600E+01  7.5879843E-03  8.5947509E-04  3.5212497E-04  1.0024348E-02  0.0000000E+00
  7.8507600E+01  7.2763412E-03  7.8516771E-04  3.5516428E-04  9.7315488E-03  0.0000000E+00
  7.8507600E+01  6.9451488E-03  7.2020748E-04  3.5777536E-04  9.4522796E-03  0.0000000E+00
  7.8507600E+01  6.6371229E-03  6.5979349E-04  3.5367481E-04  9.1880360E-03  0.0000000E+00
  7.8507600E+01  6.3705092E-03  5.9905043E-04  3.4317000E-04  8.9391693E-03  0.0000000E+00
  7.8507600E+01  6.1122267E-03  5.3875711E-04  3.3179231E-04  8.7027190E-03  0.0000000E+00
  7.8507600E+01  5.8242954E-03  4.9109610E-04  3.1783739E-04  8.4777699E-03  0.0000000E+00
  7.8507600E+01  5.4902282E-03  4.6487206E-04  2.9724578E-04  8.2630387E-03  0.0000000E+00
  7.8507600E+01  5.1260269E-03  4.5864290E-04  2.6725226E-04  8.0579358E-03  0.0000000E+00
  7.8507600E+01  4.7722675E-03  4.6000919E-04  2.2941848E-04  7.8629450E-03  0.0000000E+00
  7.8507600E+01  4.4666399E-03  4.5084575E-04  1.9207260E-04  7.6768964E-03  0.0000000E+00
  7.8507600E+01  4.2137850E-03  4.1897907E-04  1.7142928E-04  7.4981782E-03  0.0000000E+00
  7.8507600E+01  3.9948173E-03  3.5802594E-04  1.7857153E-04  7.3267028E-03  0.0000000E+00
  7.8507600E+01  3.8022557E-03  2.8327609E-04  2.0243931E-04  7.1624821E-03  0.0000000E+00
  7.8507600E+01  3.6208796E-03  2.1681776E-04  2.2588537E-04  7.0057638E-03  0.0000000E+00
  7.8507600E+01  3.4379457E-03  1.7160602E-04  2.3776611E-04  6.8577562E-03  0.0000000E+00
  7.8507600E+01  3.2452139E-03  1.4851975E-04  2.3585872E-04  6.7190521E-03  0.0000000E+00
  7.8507600E+01  3.0423746E-03  1.3904525E-04  2.2581704E-04  6.5912898E-03  0.0000000E+00
  7.8507600E+01  2.8332821E-03  1.3068515E-04  2.1718573E-04  6.4749660E-03  0.0000000E+00
  7.8507600E+01  2.6239898E-03  1.1591698E-04  2.1678133E-04  6.3700306E-03  0.0000000E+00
  7.8507600E+01  2.4195460E-03  9.7181785E-05  2.2074525E-04  6.2759634E-03  0.0000000E+00
  7.8507600E+01  2.2057669E-03  7.9719418E-05  2.2687991E-04  6.1903173E-03  0.0000000E+00
  7.8507600E+01  1.9996880E-03  6.3659712E-05  2.3221886E-04  6.1093453E-03  0.0000000E+00
  7.8507600E+01  1.8087359E-03  4.7136084E-05  2.3607836E-04  6.0300668E-03  0.0000000E+00
  7.8507600E+01  0.0000000E+00  0.0000000E+00  0.0000000E+00 -2.2046337E-02  0.0000000E+00
  7.8507600E+01  8.5212244E-02  4.9831952E-02 -9.4041222E-03 -1.9455716E-02  0.0000000E+00
  7.8507600E+01 -7.3027112E-02  2.8766762E-02 -3.0445058E-02 -1.0722983E-02  0.0000000E+00
  7.8507600E+01 -1.2629669E-01  3.5430269E-02 -3.5200594E-02 -4.2187377E-03  0.0000000E+00
  7.8507600E+01 -1.2307601E-01  4.5608065E-02 -3.1971139E-02 -3.0162356E-04  0.0000000E+00
  7.8507600E+01 -1.0817019E-01  5.0584976E-02 -2.7111260E-02  2.0972312E-03  0.0000000E+00
  7.8507600E+01 -8.9116586E-02  5.0031704E-02 -2.0764423E-02  3.6885783E-03  0.0000000E+00
  7.8507600E+01 -6.8446219E-02  4.5703974E-02 -1.4642697E-02  4.8682947E-03  0.0000000E+00
  7.8507600E+01 -4.7956412E-02  3.9884522E-02 -9.4380787E-03  5.8545853E-03  0.0000000E+00
  7.8507600E+01 -3.0470399E-02  3.4059582E-02 -4.8334517E-03  6.7531733E-03  0.0000000E+00
  7.8507600E+01 -1.6371078E-02  2.8939613E-02 -1.2471307E-03  7.5898630E-03  0.0000000E+00
  7.8507600E+01 -4.6916208E-03  2.5107356E-02  6.3238369E-04  8.3504162E-03  0.0000000E+00
  7.8507600E+01  3.0458005E-03  2.2192203E-02  2.2444677E-03  9.0276913E-03  0.0000000E+00
  7.8507600E+01  9.0837446E-03  1.9403018E-02  4.2383025E-03  9.6280558E-03  0.0000000E+00
  7.8507600E+01  1.5988836E-02  1.7012856E-02  5.3655560E-03  1.0148578E-02  0.0000000E+00
  7.8507600E+01  2.3763640E-02  1.5100672E-02  5.1594860E-03  1.0584036E-02  0.0000000E+00
  7.8507600E+01  3.0431076E-02  1.3387951E-02  4.4538401E-03  1.0938115E-02  0.0000000E+00
  7.8507600E+01  3.5440526E-02  1.2032144E-02  3.4080449E-03  1.1221859E-02  0.0000000E+00
  7.8507600E+01  3.8915144E-02  1.0950783E-02  2.3162113E-03  1.1443426E-02  0.0000000E+00
  7.8507600E+01  4.0424213E-02  1.0076223E-02  1.5257167E-03  1.1605400E-02  0.0000000E+00
  7.8507600E+01  3.9850297E-02  9.7024598E-03  7.3507450E-04  1.1713826E-02  0.0000000E+00
  7.8507600E+01  3.9362823E-02  9.4726503E-03 -1.4844798E-04  1.1783023E-02  0.0000000E+00
  7.8507600E+01  4.0710106E-02  8.7973156E-03 -8.7074227E-04  1.1817312E-02  0.0000000E+00
  7.8507600E+01  4.0980505E-02  8.1667732E-03 -1.4249017E-03  1.1817415E-02  0.0000000E+00
  7.8507600E+01  3.8573978E-02  7.8904379E-03 -1.8098107E-03  1.1783745E-02  0.0000000E+00
  7.8507600E+01  3.5168369E-02  7.7287005E-03 -1.9599585E-03  1.1718488E-02  0.0000000E+00
  7.8507600E+01  3.2244994E-02  7.7631420E-03 -2.3363630E-03  1.1622216E-02  0.0000000E+00
  7.8507600E+01  2.9308497E-02  7.8744377E-03 -2.6610268E-03  1.1496904E-02  0.0000000E+00
  7.8507600E+01  2.6619908E-02  7.8387987E-03 -2.6869313E-03  1.1346111E-02  0.0000000E+00
  7.8507600E+01  2.4481417E-02  7.7533308E-03 -2.6822573E-03  1.1173790E-02  0.0000000E+00
  7.8507600E+01  2.2611040E-02  7.7240097E-03 -2.7432549E-03  1.0982857E-02  0.0000000E+00
  7.8507600E+01  2.0451182E-02  7.6986916E-03 -2.6108597E-03  1.0773787E-02  0.0000000E+00
  7.8507600E+01  1.8210991E-02  7.5360463E-03 -2.1287077E-03  1.0545755E-02  0.0000000E+00
  7.8507600E+01  1.6647318E-02  7.2602276E-03 -1.6300188E-03  1.0302164E-02  0.0000000E+00
  7.8507600E+01  1.5935327E-02  6.9550258E-03 -1.3352625E-03  1.0046694E-02  0.0000000E+00
  7.8507600E+01  1.5640742E-02  6.6192338E-03 -1.1645467E-03  9.7825041E-03  0.0000000E+00
  7.8507600E+01  1.5329879E-02  6.2589880E-03 -1.0193267E-03  9.5130559E-03  0.0000000E+00
  7.8507600E+01  1.4884903E-02  5.9152844E-03 -8.9627209E-04  9.2398012E-03  0.0000000E+00
  7.8507600E+01  1.4414026E-02  5.6173845E-03 -8.1622393E-04  8.9618064E-03  0.0000000E+00
  7.8507600E+01  1.3931587E-02  5.3193426E-03 -6.9162258E-04  8.6808275E-03  0.0000000E+00
  7.8507600E+01  1.3376489E-02  5.0038072E-03 -4.8403759E-04  8.4006848E-03  0.0000000E+00
  7.8507600E+01  1.3160010E-02  4.6077486E-03 -1.9476878E-04  8.1234339E-03  0.0000000E+00
  7.8507600E+01  1.3377621E-02  4.1309575E-03  1.7045198E-04  7.8521520E-03  0.0000000E+00
  7.8507600E+01  1.3809522E-02  3.6575444E-03  5.3717237E-04  7.5901714E-03  0.0000000E+00
  7.8507600E+01  1.4175787E-02  3.2869357E-03  7.9632284E-04  7.3404967E-03  0.0000000E+00
  7.8507600E+01  1.4385444E-02  3.0523765E-03  8.8665227E-04  7.1054285E-03  0.0000000E+00
  7.8507600E+01  1.4618749E-02  2.8853969E-03  8.4443310E-04  6.8839851E-03  0.0000000E+00
  7.8507600E+01  1.4835816E-02  2.8062586E-03  6.7334483E-04  6.6764583E-03  0.0000000E+00
  7.8507600E+01  1.4937407E-02  2.7792711E-03  4.5269410E-04  6.4838119E-03  0.0000000E+00
  7.8507600E+01  1.4828857E-02  2.7477545E-03  2.7565754E-04  6.3076505E-03  0.0000000E+00
  7.8507600E+01  1.4514896E-02  2.6666012E-03  1.9078892E-04  6.1484682E-03  0.0000000E+00
  7.8507600E+01  1.4057386E-02  2.5222191E-03  1.9759053E-04  6.0052869E-03  0.0000000E+00
  7.8507600E+01  1.3538441E-02  2.3280933E-03  2.6977225E-04  5.8746542E-03  0.0000000E+00
  7.8507600E+01  1.3034219E-02  2.1079450E-03  3.8337464E-04  5.7523018E-03  0.0000000E+00
  7.8507600E+01  1.2554570E-02  1.8792636E-03  5.2196711E-04  5.6366035E-03  0.0000000E+00
  7.8507600E+01  1.2056839E-02  1.6543624E-03  6.6306310E-04  5.5261030E-03  0.0000000E+00
  7.8507600E+01  1.1454684E-02  1.4524538E-03  7.9260349E-04  5.4201907E-03  0.0000000E+00
  7.8507600E+01  1.0742318E-02  1.2728696E-03  9.1615718E-04  5.3204564E-03  0.0000000E+00
  7.8507600E+01  1.0003748E-02  1.1157658E-03  1.0288475E-03  5.2266778E-03  0.0000000E+00
  7.8507600E+01  9.3667432E-03  9.9215620E-04  1.1032245E-03  5.1357885E-03  0.0000000E+00
  7.8507600E+01  8.9466020E-03  9.1956847E-04  1.1016518E-03  5.0441294E-03  0.0000000E+00
  7.8507600E+01  8.7573469E-03  9.0821004E-04  1.0093988E-03  4.9498546E-03  0.0000000E+00
  7.8507600E+01  8.6325699E-03  9.4717375E-04  8.6796603E-04  4.8531957E-03  0.0000000E+00
  7.8507600E+01  8.4907002E-03  9.9010074E-04  7.3019512E-04  4.7557905E-03  0.0000000E+00
  7.8507600E+01  8.2877982E-03  9.9618405E-04  6.4245074E-04  4.6591844E-03  0.0000000E+00
  7.8507600E+01  8.0149698E-03  9.6391937E-04  6.0833453E-04  4.5643419E-03  0.0000000E+00
  7.8507600E+01  7.6804886E-03  9.1678308E-04  6.0314660E-04  4.4717331E-03  0.0000000E+00
  7.8507600E+01  7.2976358E-03  8.8397279E-04  5.9482040E-04  4.3814600E-03  0.0000000E+00
  7.8507600E+01  6.8815615E-03  8.8152349E-04  5.6274614E-04  4.2932206E-03  0.0000000E+00
  7.8507600E+01  6.4563392E-03  9.0188327E-04  5.0689580E-04  4.2063391E-03  0.0000000E+00
  7.8507600E+01  6.0767303E-03  9.1924535E-04  4.4068530E-04  4.1200701E-03  0.0000000E+00
  7.8507600E+01  5.8014376E-03  9.0397666E-04  3.9374615E-04  4.0347982E-03  0.0000000E+00
  7.8507600E+01  5.5556989E-03  8.6208344E-04  3.7546373E-04  3.9519128E-03  0.0000000E+00
  7.8507600E+01  5.3185208E-03  7.9897939E-04  3.8235745E-04  3.8731501E-03  0.0000000E+00
  7.8507600E+01  5.1043573E-03  7.1937678E-04  4.0550261E-04  3.7998107E-03  0.0000000E+00
  7.8507600E+01  4.9245762E-03  6.3430544E-04  4.3007368E-04  3.7324278E-03  0.0000000E+00
  7.8507600E+01  4.7693626E-03  5.6082182E-04  4.3870242E-04  3.6710145E-03  0.0000000E+00
  7.8507600E+01  4.6083850E-03  5.1522974E-04  4.1831171E-04  3.6154736E-03  0.0000000E+00
  7.8507600E+01  4.4085500E-03  5.0063119E-04  3.7008938E-04  3.5657547E-03  0.0000000E+00
  7.8507600E+01  4.2214786E-03  4.9325818E-04  3.0875167E-04  3.5217573E-03  0.0000000E+00
  7.8507600E+01  4.0250442E-03  4.8573019E-04  2.5233456E-04  3.4835558E-03  0.0000000E+00
  7.8507600E+01  3.8148551E-03  4.7611072E-04  2.0586876E-04  3.4507351E-03  0.0000000E+00
  7.8507600E+01  3.6021198E-03  4.5918157E-04  1.7323712E-04  3.4218155E-03  0.0000000E+00
  7.8507600E+01  3.4034045E-03  4.2892674E-04  1.5788519E-04  3.3951033E-03  0.0000000E+00
  7.8507600E+01  3.2330555E-03  3.8363091E-04  1.6000161E-04  3.3695705E-03  0.0000000E+00
  7.8507600E+01  3.0949772E-03  3.2954769E-04  1.7421892E-04  3.3454455E-03  0.0000000E+00
  7.8507600E+01  2.9778763E-03  2.7846893E-04  1.9088837E-04  3.3242350E-03  0.0000000E+00
  7.8507600E+01  2.8611525E-03  2.3588473E-04  2.0398383E-04  3.3081068E-03  0.0000000E+00
  7.8507600E+01  2.7164076E-03  2.0131217E-04  2.1604395E-04  3.2990927E-03  0.0000000E+00
  7.8507600E+01  2.5426567E-03  1.7584151E-04  2.2459154E-04  3.2990156E-03  0.0000000E+00
  7.8507600E+01  2.3526230E-03  1.6259373E-04  2.2437502E-04  3.3079556E-03  0.0000000E+00
  7.8507600E+01  2.1563916E-03  1.6046359E-04  2.1554494E-04  3.3244334E-03  0.0000000E+00
  7.8507600E+01  1.9608378E-03  1.6225100E-04  2.0520292E-04  3.3460305E-03  0.0000000E+00
  7.8507600E+01  1.7698917E-03  1.5766577E-04  2.0324229E-04  3.3698433E-03  0.0000000E+00
  7.8507600E+01  1.5864401E-03  1.3965349E-04  2.1476200E-04  3.3930216E-03  0.0000000E+00
  7.8507600E+01  1.4166684E-03  1.1248928E-04  2.3133701E-04  3.4136467E-03  0.0000000E+00
  7.8507600E+01  1.2674519E-03  8.6717025E-05  2.3955488E-04  3.4305149E-03  0.0000000E+00
  7.8507600E+01  1.1317499E-03  6.6307158E-05  2.3914131E-04  3.4441639E-03  0.0000000E+00
  7.8507600E+01  1.0078188E-03  4.3919380E-05  2.4060420E-04  3.4555866E-03  0.0000000E+00
  7.8507600E+01  8.9638252E-04  1.5405621E-05  2.4985901E-04  3.4662186E-03  0.0000000E+00
  7.8507600E+01 -5.4830980E-12  4.6086673E-14 -5.1040380E-13  2.8522348E-02  0.0000000E+00
  7.8507600E+01  2.6565774E-03  6.0522704E-04 -1.2325239E-03  2.8786432E-02  0.0000000E+00
  7.8507600E+01  1.0178950E-02 -1.2373344E-03 -3.4510723E-03  2.7880034E-02  0.0000000E+00
  7.8507600E+01  6.7471086E-02 -3.8432840E-03 -4.4019861E-03  2.6938683E-02  0.0000000E+00
  7.8507600E+01  1.8601192E-01 -5.6025970E-03 -5.3079399E-03  2.6402314E-02  0.0000000E+00
  7.8507600E+01  3.1286871E-01 -8.4930251E-03 -6.7279426E-03  2.5843519E-02  0.0000000E+00
  7.8507600E+01  3.5804784E-01 -1.2664244E-02 -8.5203794E-03  2.4728329E-02  0.0000000E+00
  7.8507600E+01  3.0619073E-01 -1.5611635E-02 -1.1083308E-02  2.2740025E-02  0.0000000E+00
  7.8507600E+01  2.1827696E-01 -1.4726702E-02 -1.3991010E-02  1.9871352E-02  0.0000000E+00
  7.8507600E+01  1.4346204E-01 -9.8083048E-03 -1.5785956E-02  1.6314294E-02  0.0000000E+00
  7.8507600E+01  9.3514123E-02 -2.6956586E-03 -1.5827016E-02  1.2356445E-02  0.0000000E+00
  7.8507600E+01  6.3034489E-02  4.7287870E-03 -1.4416645E-02  8.3071006E-03  0.0000000E+00
  7.8507600E+01  4.5756756E-02  1.0972094E-02 -1.1984135E-02  4.4259319E-03  0.0000000E+00
  7.8507600E+01  3.7471840E-02  1.5284385E-02 -9.2616459E-03  8.7280785E-04  0.0000000E+00
  7.8507600E+01  3.4211996E-02  1.7881849E-02 -6.7324717E-03 -2.2789487E-03  0.0000000E+00
  7.8507600E+01  3.2316902E-02  1.9265426E-02 -4.4149017E-03 -5.0127448E-03  0.0000000E+00
  7.8507600E+01  3.0987520E-02  1.9684558E-02 -2.6553447E-03 -7.3524818E-03  0.0000000E+00
  7.8507600E+01  2.9776315E-02  1.9430998E-02 -1.5241893E-03 -9.3245518E-03  0.0000000E+00
  7.8507600E+01  2.8421533E-02  1.8634266E-02 -6.6992340E-04 -1.0970230E-02  0.0000000E+00
  7.8507600E+01  2.7529783E-02  1.7476493E-02 -5.9961065E-05 -1.2322983E-02  0.0000000E+00
  7.8507600E+01  2.7483298E-02  1.6414711E-02 -3.2710502E-05 -1.3414472E-02  0.0000000E+00
  7.8507600E+01  2.7781790E-02  1.5442488E-02 -3.0361450E-04 -1.4270492E-02  0.0000000E+00
  7.8507600E+01  2.8276357E-02  1.3810697E-02  2.5241298E-04 -1.4913774E-02  0.0000000E+00
  7.8507600E+01  2.8768662E-02  1.1654116E-02  1.5342500E-03 -1.5368022E-02  0.0000000E+00
  7.8507600E+01  2.8927088E-02  9.7184326E-03  2.6693680E-03 -1.5659359E-02  0.0000000E+00
  7.8507600E+01  2.8936050E-02  8.5361112E-03  2.9200267E-03 -1.5813139E-02  0.0000000E+00
  7.8507600E+01  2.9223389E-02  8.0707421E-03  2.0952811E-03 -1.5857794E-02  0.0000000E+00
  7.8507600E+01  2.8724162E-02  8.1973290E-03  6.4849282E-04 -1.5817785E-02  0.0000000E+00
  7.8507600E+01  2.7152443E-02  8.5794392E-03 -8.9917332E-04 -1.5715563E-02  0.0000000E+00
  7.8507600E+01  2.4967149E-02  8.8934884E-03 -2.1640178E-03 -1.5568696E-02  0.0000000E+00
  7.8507600E+01  2.2861165E-02  8.8977213E-03 -2.8781617E-03 -1.5387755E-02  0.0000000E+00
  7.8507600E+01  2.1235829E-02  8.5587329E-03 -3.0709157E-03 -1.5176604E-02  0.0000000E+00
  7.8507600E+01  1.9719682E-02  8.0062162E-03 -2.8854281E-03 -1.4934506E-02  0.0000000E+00
  7.8507600E+01  1.8132439E-02  7.2114188E-03 -2.2223957E-03 -1.4662218E-02  0.0000000E+00
  7.8507600E+01  1.6263984E-02  6.4959109E-03 -1.4996525E-03 -1.4364516E-02  0.0000000E+00
  7.8507600E+01  1.4534764E-02  6.0305951E-03 -1.1175752E-03 -1.4048859E-02  0.0000000E+00
  7.8507600E+01  1.3372543E-02  5.6559195E-03 -9.9501114E-04 -1.3721169E-02  0.0000000E+00
  7.8507600E+01  1.2721203E-02  5.1988160E-03 -8.6987958E-04 -1.3386768E-02  0.0000000E+00
  7.8507600E+01  1.2136927E-02  4.7560870E-03 -7.2616033E-04 -1.3053484E-02  0.0000000E+00
  7.8507600E+01  1.1649397E-02  4.4818428E-03 -7.0832323E-04 -1.2725179E-02  0.0000000E+00
  7.8507600E+01  1.1747545E-02  4.2016486E-03 -6.8453160E-04 -1.2402922E-02  0.0000000E+00
  7.8507600E+01  1.1874033E-02  3.9079861E-03 -5.6743829E-04 -1.2081754E-02  0.0000000E+00
  7.8507600E+01  1.1701261E-02  3.7091039E-03 -4.5856744E-04 -1.1760409E-02  0.0000000E+00
  7.8507600E+01  1.1373083E-02  3.5937921E-03 -4.0943285E-04 -1.1444228E-02  0.0000000E+00
  7.8507600E+01  1.1251064E-02  3.4232895E-03 -3.3909952E-04 -1.1137507E-02  0.0000000E+00
  7.8507600E+01  1.1512893E-02  3.0983206E-03 -1.3500844E-04 -1.0840824E-02  0.0000000E+00
  7.8507600E+01  1.1844463E-02  2.7443237E-03  1.4922750E-04 -1.0549402E-02  0.0000000E+00
  7.8507600E+01  1.1981885E-02  2.5199320E-03  3.2288642E-04 -1.0260385E-02  0.0000000E+00
  7.8507600E+01  1.2075777E-02  2.4285285E-03  3.3447156E-04 -9.9731211E-03  0.0000000E+00
  7.8507600E+01  1.2186264E-02  2.3875996E-03  2.6247424E-04 -9.6877080E-03  0.0000000E+00
  7.8507600E+01  1.2296157E-02  2.3044102E-03  2.0789467E-04 -9.4021829E-03  0.0000000E+00
  7.8507600E+01  1.2347753E-02  2.1467837E-03  2.0619485E-04 -9.1155077E-03  0.0000000E+00
  7.8507600E+01  1.2253800E-02  1.9483534E-03  2.3757308E-04 -8.8244590E-03  0.0000000E+00
  7.8507600E+01  1.1945391E-02  1.7536195E-03  2.9297905E-04 -8.5268993E-03  0.0000000E+00
  7.8507600E+01  1.1528424E-02  1.5322779E-03  4.2401486E-04 -8.2235706E-03  0.0000000E+00
  7.8507600E+01  1.1269104E-02  1.2952419E-03  5.6723883E-04 -7.9160550E-03  0.0000000E+00
  7.8507600E+01  1.1017417E-02  1.1095189E-03  6.7317880E-04 -7.6060812E-03  0.0000000E+00
  7.8507600E+01  1.0677067E-02  9.8336674E-04  7.4230219E-04 -7.2962540E-03  0.0000000E+00
  7.8507600E+01  1.0250091E-02  8.8390941E-04  7.9334236E-04 -6.9889101E-03  0.0000000E+00
  7.8507600E+01  9.7710985E-03  7.7377883E-04  8.4651758E-04 -6.6854105E-03  0.0000000E+00
  7.8507600E+01  9.2591226E-03  6.4193822E-04  9.1231423E-04 -6.3890097E-03  0.0000000E+00
  7.8507600E+01  8.7163277E-03  5.1337139E-04  9.8754268E-04 -6.1012716E-03  0.0000000E+00
  7.8507600E+01  8.2132683E-03  4.2707708E-04  1.0469477E-03 -5.8236614E-03  0.0000000E+00
  7.8507600E+01  7.8571144E-03  3.7382332E-04  1.0757588E-03 -5.5583396E-03  0.0000000E+00
  7.8507600E+01  7.6408849E-03  3.5651428E-04  1.0536908E-03 -5.3070923E-03  0.0000000E+00
  7.8507600E+01  7.4829227E-03  3.7387372E-04  9.8316778E-04 -5.0694651E-03  0.0000000E+00
  7.8507600E+01  7.3078315E-03  4.0835831E-04  8.8930566E-04 -4.8434563E-03  0.0000000E+00
  7.8507600E+01  7.0844568E-03  4.3445508E-04  8.0138748E-04 -4.6270624E-03  0.0000000E+00
  7.8507600E+01  6.8272126E-03  4.3371694E-04  7.3786818E-04 -4.4185307E-03  0.0000000E+00
  7.8507600E+01  6.5685897E-03  4.0978832E-04  6.9835524E-04 -4.2177932E-03  0.0000000E+00
  7.8507600E+01  6.3051041E-03  3.9365971E-04  6.6393955E-04 -4.0238393E-03  0.0000000E+00
  7.8507600E+01  6.0132308E-03  4.1327252E-04  6.0844151E-04 -3.8362960E-03  0.0000000E+00
  7.8507600E+01  5.6689899E-03  4.6271261E-04  5.3331715E-04 -3.6552700E-03  0.0000000E+00
  7.8507600E+01  5.3071843E-03  5.1387957E-04  4.5858982E-04 -3.4807496E-03  0.0000000E+00
  7.8507600E+01  4.9770632E-03  5.4212562E-04  4.0357305E-04 -3.3123124E-03  0.0000000E+00
  7.8507600E+01  4.7048138E-03  5.3639546E-04  3.7777738E-04 -3.1491975E-03  0.0000000E+00
  7.8507600E+01  4.4843992E-03  5.0100191E-04  3.7778171E-04 -2.9901208E-03  0.0000000E+00
  7.8507600E+01  4.2940247E-03  4.5017391E-04  3.8981016E-04 -2.8344750E-03  0.0000000E+00
  7.8507600E+01  4.1277200E-03  3.9488850E-04  3.9802440E-04 -2.6806006E-03  0.0000000E+00
  7.8507600E+01  3.9898534E-03  3.3894396E-04  3.9733691E-04 -2.5270148E-03  0.0000000E+00
  7.8507600E+01  3.8409605E-03  2.9464897E-04  3.8466660E-04 -2.3730490E-03  0.0000000E+00
  7.8507600E+01  3.6774866E-03  2.7954549E-04  3.4396867E-04 -2.2186101E-03  0.0000000E+00
  7.8507600E+01  3.5204895E-03  2.8770986E-04  2.7946641E-04 -2.0641798E-03  0.0000000E+00
  7.8507600E+01  3.3847310E-03  3.0193199E-04  2.0904599E-04 -1.9104755E-03  0.0000000E+00
  7.8507600E+01  3.2648129E-03  3.0630172E-04  1.5293044E-04 -1.7586019E-03  0.0000000E+00
  7.8507600E+01  3.1378395E-03  2.9450534E-04  1.2320670E-04 -1.6098226E-03  0.0000000E+00
  7.8507600E+01  2.9822239E-03  2.7102119E-04  1.1886870E-04 -1.4658870E-03  0.0000000E+00
  7.8507600E+01  2.8138556E-03  2.3929107E-04  1.3105263E-04 -1.3260129E-03  0.0000000E+00
  7.8507600E+01  2.6780663E-03  1.9438814E-04  1.5810370E-04 -1.1887325E-03  0.0000000E+00
  7.8507600E+01  2.5603552E-03  1.3909694E-04  1.9859458E-04 -1.0514042E-03  0.0000000E+00
  7.8507600E+01  2.4432177E-03  8.3826560E-05  2.4162242E-04 -9.1110354E-04  0.0000000E+00
  7.8507600E+01  2.3122887E-03  4.2118762E-05  2.7339112E-04 -7.6587017E-04  0.0000000E+00
  7.8507600E+01  2.1612075E-03  2.2781539E-05  2.8472415E-04 -6.1559658E-04  0.0000000E+00
  7.8507600E+01  1.9921244E-03  2.5869231E-05  2.7524540E-04 -4.6189457E-04  0.0000000E+00
  7.8507600E+01  1.8126257E-03  4.2729634E-05  2.5330088E-04 -3.0718424E-04  0.0000000E+00
  7.8507600E+01  1.6321293E-03  6.0088844E-05  2.3099977E-04 -1.5519117E-04  0.0000000E+00
  7.8507600E+01  1.4480366E-03  6.9267179E-05  2.1499608E-04 -8.2144362E-06  0.0000000E+00
  7.8507600E+01  1.2727419E-03  7.1011404E-05  2.0371176E-04  1.3223842E-04  0.0000000E+00
  7.8507600E+01  1.1119113E-03  6.3270801E-05  2.0042281E-04  2.6566696E-04  0.0000000E+00
  7.8507600E+01  9.6862254E-04  4.2684792E-05  2.0955743E-04  3.9247827E-04  0.0000000E+00
