          atime         pst_uu         pst_vv         pst_ww         pm1avg           tavg
  7.8507600E+01 -1.9335473E-06  1.2481788E-04  2.1326556E-08 -1.6610282E-01  0.0000000E+00
  7.8507600E+01 -1.2645099E-01  6.2069533E-02  6.4421900E-02 -1.5595039E-01  0.0000000E+00
  7.8507600E+01  3.3594765E-02 -1.0181467E-01  6.8336420E-02 -1.3835731E-01  0.0000000E+00
  7.8507600E+01  1.5805721E-02 -6.0069297E-02  4.4143790E-02 -1.2275543E-01  0.0000000E+00
  7.8507600E+01  9.9400574E-03 -3.3910235E-02  2.4060480E-02 -1.1106183E-01  0.0000000E+00
  7.8507600E+01  9.0458028E-03 -1.8942177E-02  9.8930443E-03 -1.0210151E-01  0.0000000E+00
  7.8507600E+01  8.2853008E-03 -1.0427954E-02  2.1207772E-03 -9.4979763E-02  0.0000000E+00
  7.8507600E+01  7.5842707E-03 -5.7511415E-03 -1.8222439E-03 -8.9197737E-02  0.0000000E+00
  7.8507600E+01  7.2572341E-03 -3.7164163E-03 -3.5644829E-03 -8.4401720E-02  0.0000000E+00
  7.8507600E+01  7.4170299E-03 -2.4987591E-03 -4.9549797E-03 -8.0317187E-02  0.0000000E+00
  7.8507600E+01  8.1429187E-03 -2.1641463E-03 -6.0145551E-03 -7.6772222E-02  0.0000000E+00
  7.8507600E+01  9.2098477E-03 -2.5441606E-03 -6.6850558E-03 -7.3619448E-02  0.0000000E+00
  7.8507600E+01  1.0370273E-02 -3.8303711E-03 -6.5210244E-03 -7.0759602E-02  0.0000000E+00
  7.8507600E+01  1.1214058E-02 -5.8726990E-03 -5.2742917E-03 -6.8142782E-02  0.0000000E+00
  7.8507600E+01  1.2106411E-02 -8.0361239E-03 -3.9840875E-03 -6.5718719E-02  0.0000000E+00
  7.8507600E+01  1.3428503E-02 -9.5720383E-03 -3.7876501E-03 -6.3448271E-02  0.0000000E+00
  7.8507600E+01  1.4883397E-02 -1.0285272E-02 -4.5552510E-03 -6.1309144E-02  0.0000000E+00
  7.8507600E+01  1.6226752E-02 -1.0572215E-02 -5.6298555E-03 -5.9265877E-02  0.0000000E+00
  7.8507600E+01  1.7265560E-02 -1.0940992E-02 -6.3121125E-03 -5.7294737E-02  0.0000000E+00
  7.8507600E+01  1.7854824E-02 -1.1591227E-02 -6.2615743E-03 -5.5378103E-02  0.0000000E+00
  7.8507600E+01  1.8003301E-02 -1.1689959E-02 -6.3231256E-03 -5.3514610E-02  0.0000000E+00
  7.8507600E+01  1.7737069E-02 -1.1001864E-02 -6.7491641E-03 -5.1696253E-02  0.0000000E+00
  7.8507600E+01  1.7121042E-02 -1.0376662E-02 -6.7500009E-03 -4.9920196E-02  0.0000000E+00
  7.8507600E+01  1.6284269E-02 -9.7688476E-03 -6.5041444E-03 -4.8195321E-02  0.0000000E+00
  7.8507600E+01  1.5422389E-02 -8.6471678E-03 -6.7493531E-03 -4.6523742E-02  0.0000000E+00
  7.8507600E+01  1.4725682E-02 -7.3225644E-03 -7.3805419E-03 -4.4911273E-02  0.0000000E+00
  7.8507600E+01  1.4101958E-02 -6.0653150E-03 -8.0263914E-03 -4.3369959E-02  0.0000000E+00
  7.8507600E+01  1.3409093E-02 -5.2117900E-03 -8.1870585E-03 -4.1894826E-02  0.0000000E+00
  7.8507600E+01  1.2689424E-02 -5.1870934E-03 -7.4986051E-03 -4.0480678E-02  0.0000000E+00
  7.8507600E+01  1.2015107E-02 -5.5395988E-03 -6.4709111E-03 -3.9118191E-02  0.0000000E+00
  7.8507600E+01  1.1424371E-02 -5.6716583E-03 -5.7452446E-03 -3.7807075E-02  0.0000000E+00
  7.8507600E+01  1.0928229E-02 -5.4093506E-03 -5.5078546E-03 -3.6546435E-02  0.0000000E+00
  7.8507600E+01  1.0638394E-02 -5.0487705E-03 -5.5785539E-03 -3.5340116E-02  0.0000000E+00
  7.8507600E+01  1.0702937E-02 -4.7334123E-03 -5.9577407E-03 -3.4194499E-02  0.0000000E+00
  7.8507600E+01  1.0928870E-02 -4.5536511E-03 -6.3623415E-03 -3.3102329E-02  0.0000000E+00
  7.8507600E+01  1.1079322E-02 -4.3774440E-03 -6.6899046E-03 -3.2052280E-02  0.0000000E+00
  7.8507600E+01  1.1085227E-02 -4.1723132E-03 -6.9069469E-03 -3.1037261E-02  0.0000000E+00
  7.8507600E+01  1.0999897E-02 -4.1890010E-03 -6.8128767E-03 -3.0047617E-02  0.0000000E+00
  7.8507600E+01  1.0892855E-02 -4.7366969E-03 -6.1635374E-03 -2.9080180E-02  0.0000000E+00
  7.8507600E+01  1.0835982E-02 -5.5693465E-03 -5.2744277E-03 -2.8138485E-02  0.0000000E+00
  7.8507600E+01  1.0866059E-02 -6.3679946E-03 -4.5011031E-03 -2.7221173E-02  0.0000000E+00
  7.8507600E+01  1.0897227E-02 -7.0133809E-03 -3.8803474E-03 -2.6332245E-02  0.0000000E+00
  7.8507600E+01  1.0852283E-02 -7.4115825E-03 -3.4342365E-03 -2.5472732E-02  0.0000000E+00
  7.8507600E+01  1.0807937E-02 -7.4508459E-03 -3.3515871E-03 -2.4647428E-02  0.0000000E+00
  7.8507600E+01  1.0857186E-02 -7.1727573E-03 -3.6819982E-03 -2.3852801E-02  0.0000000E+00
  7.8507600E+01  1.0951156E-02 -6.8395941E-03 -4.1113882E-03 -2.3080864E-02  0.0000000E+00
  7.8507600E+01  1.0969307E-02 -6.5741188E-03 -4.3929769E-03 -2.2329793E-02  0.0000000E+00
  7.8507600E+01  1.0868607E-02 -6.2103210E-03 -4.6567232E-03 -2.1594725E-02  0.0000000E+00
  7.8507600E+01  1.0665814E-02 -5.7926170E-03 -4.8700817E-03 -2.0873867E-02  0.0000000E+00
  7.8507600E+01  1.0366134E-02 -5.5208689E-03 -4.8414030E-03 -2.0168792E-02  0.0000000E+00
  7.8507600E+01  9.9957384E-03 -5.4713111E-03 -4.5201417E-03 -1.9477333E-02  0.0000000E+00
  7.8507600E+01  9.5707544E-03 -5.4918337E-03 -4.0761918E-03 -1.8798182E-02  0.0000000E+00
  7.8507600E+01  9.0795273E-03 -5.3429215E-03 -3.7364359E-03 -1.8129454E-02  0.0000000E+00
  7.8507600E+01  8.5123389E-03 -4.9283746E-03 -3.5851238E-03 -1.7474148E-02  0.0000000E+00
  7.8507600E+01  7.9264708E-03 -4.3608389E-03 -3.5673352E-03 -1.6831692E-02  0.0000000E+00
  7.8507600E+01  7.3895360E-03 -3.7213599E-03 -3.6703998E-03 -1.6203437E-02  0.0000000E+00
  7.8507600E+01  6.9395905E-03 -3.0157717E-03 -3.9260274E-03 -1.5595707E-02  0.0000000E+00
  7.8507600E+01  6.6047829E-03 -2.3169252E-03 -4.2899688E-03 -1.5009786E-02  0.0000000E+00
  7.8507600E+01  6.3817206E-03 -1.7213805E-03 -4.6633904E-03 -1.4446428E-02  0.0000000E+00
  7.8507600E+01  6.2339364E-03 -1.2905491E-03 -4.9469381E-03 -1.3909059E-02  0.0000000E+00
  7.8507600E+01  6.1096700E-03 -1.0322114E-03 -5.0798270E-03 -1.3396610E-02  0.0000000E+00
  7.8507600E+01  5.9720173E-03 -9.2889176E-04 -5.0438935E-03 -1.2907615E-02  0.0000000E+00
  7.8507600E+01  5.8137531E-03 -9.5981386E-04 -4.8526580E-03 -1.2438402E-02  0.0000000E+00
  7.8507600E+01  5.6718351E-03 -1.1146852E-03 -4.5553271E-03 -1.1986827E-02  0.0000000E+00
  7.8507600E+01  5.5306182E-03 -1.3644743E-03 -4.1644897E-03 -1.1549714E-02  0.0000000E+00
  7.8507600E+01  5.3468321E-03 -1.6554662E-03 -3.6899061E-03 -1.1125317E-02  0.0000000E+00
  7.8507600E+01  5.0918514E-03 -1.9181536E-03 -3.1727337E-03 -1.0714640E-02  0.0000000E+00
  7.8507600E+01  4.7645445E-03 -2.0965661E-03 -2.6681230E-03 -1.0316112E-02  0.0000000E+00
  7.8507600E+01  4.3950056E-03 -2.1796828E-03 -2.2168414E-03 -9.9285125E-03  0.0000000E+00
  7.8507600E+01  4.0388262E-03 -2.2087612E-03 -1.8321375E-03 -9.5532563E-03  0.0000000E+00
  7.8507600E+01  3.7477382E-03 -2.2276606E-03 -1.5215333E-03 -9.1893602E-03  0.0000000E+00
  7.8507600E+01  3.5125725E-03 -2.2261986E-03 -1.2869587E-03 -8.8362094E-03  0.0000000E+00
  7.8507600E+01  3.3320483E-03 -2.2929809E-03 -1.0393374E-03 -8.4948570E-03  0.0000000E+00
  7.8507600E+01  3.2058925E-03 -2.4034058E-03 -8.0293499E-04 -8.1637934E-03  0.0000000E+00
  7.8507600E+01  3.1273903E-03 -2.4795555E-03 -6.4847584E-04 -7.8416124E-03  0.0000000E+00
  7.8507600E+01  3.0814906E-03 -2.4728482E-03 -6.0943564E-04 -7.5260094E-03  0.0000000E+00
  7.8507600E+01  3.0523604E-03 -2.3924517E-03 -6.6056135E-04 -7.2165070E-03  0.0000000E+00
  7.8507600E+01  3.0300967E-03 -2.2868443E-03 -7.4302278E-04 -6.9112545E-03  0.0000000E+00
  7.8507600E+01  3.0099488E-03 -2.1872699E-03 -8.2287492E-04 -6.6093084E-03  0.0000000E+00
  7.8507600E+01  2.9788504E-03 -2.0779251E-03 -8.9982709E-04 -6.3127650E-03  0.0000000E+00
  7.8507600E+01  2.9277130E-03 -1.9636581E-03 -9.6350027E-04 -6.0223925E-03  0.0000000E+00
  7.8507600E+01  2.8577946E-03 -1.8406365E-03 -1.0166341E-03 -5.7392218E-03  0.0000000E+00
  7.8507600E+01  2.7822841E-03 -1.7399923E-03 -1.0416502E-03 -5.4652731E-03  0.0000000E+00
  7.8507600E+01  2.7088337E-03 -1.6931062E-03 -1.0152841E-03 -5.1998731E-03  0.0000000E+00
  7.8507600E+01  2.6368340E-03 -1.7023542E-03 -9.3442065E-04 -4.9416270E-03  0.0000000E+00
  7.8507600E+01  2.5610043E-03 -1.7280306E-03 -8.3342166E-04 -4.6876899E-03  0.0000000E+00
  7.8507600E+01  2.4760350E-03 -1.7049517E-03 -7.7198585E-04 -4.4364258E-03  0.0000000E+00
  7.8507600E+01  2.3740573E-03 -1.6007049E-03 -7.7366799E-04 -4.1857279E-03  0.0000000E+00
  7.8507600E+01  2.2583834E-03 -1.4505207E-03 -8.0748012E-04 -3.9342974E-03  0.0000000E+00
  7.8507600E+01  2.1399962E-03 -1.3167354E-03 -8.2221092E-04 -3.6834694E-03  0.0000000E+00
  7.8507600E+01  2.0176958E-03 -1.2473234E-03 -7.6917467E-04 -3.4345100E-03  0.0000000E+00
  7.8507600E+01  1.8878243E-03 -1.2501872E-03 -6.3644821E-04 -3.1891542E-03  0.0000000E+00
  7.8507600E+01  1.7499059E-03 -1.2979045E-03 -4.5096296E-04 -2.9502336E-03  0.0000000E+00
  7.8507600E+01  1.6064562E-03 -1.3498040E-03 -2.5628677E-04 -2.7186796E-03  0.0000000E+00
  7.8507600E+01  1.4638727E-03 -1.3749084E-03 -8.9780063E-05 -2.4953575E-03  0.0000000E+00
  7.8507600E+01  1.3330686E-03 -1.3601315E-03  2.6290922E-05 -2.2799840E-03  0.0000000E+00
  7.8507600E+01  1.2276523E-03 -1.3065565E-03  7.7555354E-05 -2.0730333E-03  0.0000000E+00
  7.8507600E+01  1.1569200E-03 -1.2376585E-03  7.9869604E-05 -1.8739063E-03  0.0000000E+00
  7.8507600E+01  1.1156057E-03 -1.1817128E-03  6.5396232E-05 -1.6824198E-03  0.0000000E+00
  7.8507600E+01  1.0894337E-03 -1.1447677E-03  5.4821163E-05 -1.4990745E-03  0.0000000E+00
  7.8507600E+01 -9.3918263E-03  9.3908592E-03 -8.3798448E-07 -8.8255085E-02  0.0000000E+00
  7.8507600E+01 -2.2616033E-02  2.9112752E-02 -6.4985506E-03 -8.8277398E-02  0.0000000E+00
  7.8507600E+01 -2.3953229E-02  2.9447172E-02 -5.4949155E-03 -8.8467283E-02  0.0000000E+00
  7.8507600E+01 -1.9311745E-02  2.3362740E-02 -4.0515898E-03 -8.8882985E-02  0.0000000E+00
  7.8507600E+01 -9.6146985E-03  1.3544137E-02 -3.9251749E-03 -8.9460249E-02  0.0000000E+00
  7.8507600E+01  4.1213640E-03  1.0396058E-03 -5.1543394E-03 -9.0088258E-02  0.0000000E+00
  7.8507600E+01  2.1469594E-02 -1.3271731E-02 -8.1872356E-03 -9.0659635E-02  0.0000000E+00
  7.8507600E+01  4.2003988E-02 -2.7737448E-02 -1.4277651E-02 -9.1059515E-02  0.0000000E+00
  7.8507600E+01  6.3903670E-02 -4.0373010E-02 -2.3536911E-02 -9.1130763E-02  0.0000000E+00
  7.8507600E+01  8.1453104E-02 -4.8605950E-02 -3.2824314E-02 -9.0728328E-02  0.0000000E+00
  7.8507600E+01  8.3591381E-02 -4.6971593E-02 -3.6584087E-02 -8.9801478E-02  0.0000000E+00
  7.8507600E+01  6.7887905E-02 -3.5510121E-02 -3.2371840E-02 -8.8423028E-02  0.0000000E+00
  7.8507600E+01  4.7685056E-02 -2.4221068E-02 -2.3465586E-02 -8.6815724E-02  0.0000000E+00
  7.8507600E+01  3.1784759E-02 -1.9203002E-02 -1.2579692E-02 -8.5230950E-02  0.0000000E+00
  7.8507600E+01  2.1868356E-02 -1.9316979E-02 -2.5394186E-03 -8.3791617E-02  0.0000000E+00
  7.8507600E+01  1.6034713E-02 -2.0142398E-02  4.1164364E-03 -8.2456296E-02  0.0000000E+00
  7.8507600E+01  1.2978958E-02 -2.0191511E-02  7.2139091E-03 -8.1134481E-02  0.0000000E+00
  7.8507600E+01  1.1981485E-02 -1.8830466E-02  6.8336564E-03 -7.9756477E-02  0.0000000E+00
  7.8507600E+01  1.1972911E-02 -1.6656965E-02  4.6538793E-03 -7.8282669E-02  0.0000000E+00
  7.8507600E+01  1.1900344E-02 -1.4533181E-02  2.6030893E-03 -7.6705042E-02  0.0000000E+00
  7.8507600E+01  1.1611223E-02 -1.2812585E-02  1.1933964E-03 -7.5043729E-02  0.0000000E+00
  7.8507600E+01  1.1409019E-02 -1.1531609E-02  1.3989199E-04 -7.3326458E-02  0.0000000E+00
  7.8507600E+01  1.1763923E-02 -1.0519445E-02 -1.2222819E-03 -7.1577056E-02  0.0000000E+00
  7.8507600E+01  1.2785974E-02 -9.6201398E-03 -3.1511490E-03 -6.9810509E-02  0.0000000E+00
  7.8507600E+01  1.4140862E-02 -9.2042913E-03 -4.9319127E-03 -6.8027836E-02  0.0000000E+00
  7.8507600E+01  1.5592985E-02 -9.7171593E-03 -5.8743341E-03 -6.6240663E-02  0.0000000E+00
  7.8507600E+01  1.6943059E-02 -1.1089842E-02 -5.8519495E-03 -6.4451281E-02  0.0000000E+00
  7.8507600E+01  1.7915826E-02 -1.2698744E-02 -5.2200087E-03 -6.2663148E-02  0.0000000E+00
  7.8507600E+01  1.8503716E-02 -1.3999165E-02 -4.5118684E-03 -6.0879404E-02  0.0000000E+00
  7.8507600E+01  1.8790067E-02 -1.4891037E-02 -3.9043370E-03 -5.9102730E-02  0.0000000E+00
  7.8507600E+01  1.8806618E-02 -1.5326743E-02 -3.4725898E-03 -5.7334599E-02  0.0000000E+00
  7.8507600E+01  1.8582935E-02 -1.5104502E-02 -3.4565072E-03 -5.5571175E-02  0.0000000E+00
  7.8507600E+01  1.8126156E-02 -1.4245800E-02 -3.8482568E-03 -5.3806083E-02  0.0000000E+00
  7.8507600E+01  1.7323027E-02 -1.2965968E-02 -4.3237892E-03 -5.2040444E-02  0.0000000E+00
  7.8507600E+01  1.6196791E-02 -1.1443936E-02 -4.7247879E-03 -5.0303224E-02  0.0000000E+00
  7.8507600E+01  1.5098459E-02 -1.0461868E-02 -4.6226340E-03 -4.8613948E-02  0.0000000E+00
  7.8507600E+01  1.4279624E-02 -1.0167248E-02 -4.1149689E-03 -4.6987624E-02  0.0000000E+00
  7.8507600E+01  1.3670796E-02 -1.0149058E-02 -3.5393420E-03 -4.5428148E-02  0.0000000E+00
  7.8507600E+01  1.3044861E-02 -1.0009410E-02 -3.0589940E-03 -4.3930264E-02  0.0000000E+00
  7.8507600E+01  1.2310997E-02 -9.1982553E-03 -3.1308429E-03 -4.2490234E-02  0.0000000E+00
  7.8507600E+01  1.1573130E-02 -7.9473467E-03 -3.6369394E-03 -4.1105967E-02  0.0000000E+00
  7.8507600E+01  1.1064057E-02 -7.0851933E-03 -3.9842457E-03 -3.9776083E-02  0.0000000E+00
  7.8507600E+01  1.0868668E-02 -6.8448750E-03 -4.0174223E-03 -3.8494866E-02  0.0000000E+00
  7.8507600E+01  1.0924457E-02 -6.8509845E-03 -4.0577786E-03 -3.7260128E-02  0.0000000E+00
  7.8507600E+01  1.1124026E-02 -6.7679902E-03 -4.3440085E-03 -3.6061767E-02  0.0000000E+00
  7.8507600E+01  1.1420406E-02 -6.7633256E-03 -4.6484212E-03 -3.4894906E-02  0.0000000E+00
  7.8507600E+01  1.1735467E-02 -7.0313340E-03 -4.7014452E-03 -3.3758379E-02  0.0000000E+00
  7.8507600E+01  1.2029089E-02 -7.4033097E-03 -4.6215712E-03 -3.2652402E-02  0.0000000E+00
  7.8507600E+01  1.2228739E-02 -7.8710883E-03 -4.3599432E-03 -3.1574911E-02  0.0000000E+00
  7.8507600E+01  1.2258053E-02 -8.3409038E-03 -3.9201058E-03 -3.0524584E-02  0.0000000E+00
  7.8507600E+01  1.2109463E-02 -8.6570841E-03 -3.4502215E-03 -2.9499400E-02  0.0000000E+00
  7.8507600E+01  1.1837963E-02 -8.6457731E-03 -3.1858069E-03 -2.8502645E-02  0.0000000E+00
  7.8507600E+01  1.1533719E-02 -8.2906844E-03 -3.2366272E-03 -2.7532074E-02  0.0000000E+00
  7.8507600E+01  1.1272198E-02 -7.8183009E-03 -3.4527293E-03 -2.6586877E-02  0.0000000E+00
  7.8507600E+01  1.1056097E-02 -7.4888936E-03 -3.5718054E-03 -2.5665212E-02  0.0000000E+00
  7.8507600E+01  1.0835952E-02 -7.3160676E-03 -3.5290638E-03 -2.4765034E-02  0.0000000E+00
  7.8507600E+01  1.0567873E-02 -7.1360299E-03 -3.4415820E-03 -2.3886276E-02  0.0000000E+00
  7.8507600E+01  1.0242923E-02 -6.9181302E-03 -3.3297065E-03 -2.3029644E-02  0.0000000E+00
  7.8507600E+01  9.8593637E-03 -6.6981531E-03 -3.1615925E-03 -2.2195896E-02  0.0000000E+00
  7.8507600E+01  9.4091031E-03 -6.4691400E-03 -2.9390881E-03 -2.1383796E-02  0.0000000E+00
  7.8507600E+01  8.8827489E-03 -6.1431713E-03 -2.7391562E-03 -2.0595304E-02  0.0000000E+00
  7.8507600E+01  8.2871462E-03 -5.6247155E-03 -2.6631770E-03 -1.9828397E-02  0.0000000E+00
  7.8507600E+01  7.6733685E-03 -4.9012208E-03 -2.7727197E-03 -1.9085057E-02  0.0000000E+00
  7.8507600E+01  7.1142489E-03 -3.9884014E-03 -3.1260533E-03 -1.8366731E-02  0.0000000E+00
  7.8507600E+01  6.6529940E-03 -3.0559568E-03 -3.5960711E-03 -1.7673313E-02  0.0000000E+00
  7.8507600E+01  6.2811994E-03 -2.2799494E-03 -3.9997353E-03 -1.7005808E-02  0.0000000E+00
  7.8507600E+01  5.9894119E-03 -1.7869340E-03 -4.2024206E-03 -1.6366445E-02  0.0000000E+00
  7.8507600E+01  5.7700603E-03 -1.6012259E-03 -4.1708134E-03 -1.5756443E-02  0.0000000E+00
  7.8507600E+01  5.6043052E-03 -1.6503778E-03 -3.9573489E-03 -1.5173550E-02  0.0000000E+00
  7.8507600E+01  5.4628279E-03 -1.8064228E-03 -3.6609399E-03 -1.4616186E-02  0.0000000E+00
  7.8507600E+01  5.3373645E-03 -1.9553225E-03 -3.3852271E-03 -1.4078922E-02  0.0000000E+00
  7.8507600E+01  5.2418263E-03 -2.0943768E-03 -3.1503362E-03 -1.3557892E-02  0.0000000E+00
  7.8507600E+01  5.1382035E-03 -2.2073353E-03 -2.9325748E-03 -1.3050521E-02  0.0000000E+00
  7.8507600E+01  4.9533614E-03 -2.2666062E-03 -2.6874833E-03 -1.2555786E-02  0.0000000E+00
  7.8507600E+01  4.6653245E-03 -2.2659521E-03 -2.3991634E-03 -1.2073963E-02  0.0000000E+00
  7.8507600E+01  4.3151790E-03 -2.2350810E-03 -2.0794829E-03 -1.1605791E-02  0.0000000E+00
  7.8507600E+01  3.9771230E-03 -2.2249863E-03 -1.7519105E-03 -1.1151374E-02  0.0000000E+00
  7.8507600E+01  3.7149484E-03 -2.2775981E-03 -1.4374871E-03 -1.0713104E-02  0.0000000E+00
  7.8507600E+01  3.5406529E-03 -2.3931153E-03 -1.1480831E-03 -1.0289905E-02  0.0000000E+00
  7.8507600E+01  3.4087960E-03 -2.5076722E-03 -9.0044167E-04 -9.8807449E-03  0.0000000E+00
  7.8507600E+01  3.2982739E-03 -2.5824185E-03 -7.1453077E-04 -9.4839802E-03  0.0000000E+00
  7.8507600E+01  3.2064191E-03 -2.5946294E-03 -6.1024396E-04 -9.0976162E-03  0.0000000E+00
  7.8507600E+01  3.1289946E-03 -2.5373486E-03 -5.9020528E-04 -8.7194627E-03  0.0000000E+00
  7.8507600E+01  3.0607119E-03 -2.4165012E-03 -6.4305749E-04 -8.3478131E-03  0.0000000E+00
  7.8507600E+01  2.9973597E-03 -2.2533158E-03 -7.4307025E-04 -7.9820006E-03  0.0000000E+00
  7.8507600E+01  2.9375190E-03 -2.0849865E-03 -8.5153057E-04 -7.6219624E-03  0.0000000E+00
  7.8507600E+01  2.8818707E-03 -1.9564559E-03 -9.2470161E-04 -7.2705477E-03  0.0000000E+00
  7.8507600E+01  2.8239371E-03 -1.8857438E-03 -9.3841177E-04 -6.9287912E-03  0.0000000E+00
  7.8507600E+01  2.7563303E-03 -1.8538203E-03 -9.0318861E-04 -6.5976427E-03  0.0000000E+00
  7.8507600E+01  2.6795647E-03 -1.8569988E-03 -8.2295438E-04 -6.2762938E-03  0.0000000E+00
  7.8507600E+01  2.5907728E-03 -1.8355894E-03 -7.5466409E-04 -5.9621673E-03  0.0000000E+00
  7.8507600E+01  2.4875958E-03 -1.7451109E-03 -7.4121042E-04 -5.6525096E-03  0.0000000E+00
  7.8507600E+01  2.3700985E-03 -1.5911973E-03 -7.7754914E-04 -5.3455658E-03  0.0000000E+00
  7.8507600E+01  2.2430857E-03 -1.4221941E-03 -8.2013906E-04 -5.0411442E-03  0.0000000E+00
  7.8507600E+01  2.1152753E-03 -1.2964873E-03 -8.1878053E-04 -4.7399191E-03  0.0000000E+00
  7.8507600E+01  1.9933639E-03 -1.2428575E-03 -7.5025171E-04 -4.4445822E-03  0.0000000E+00
  7.8507600E+01  1.8721463E-03 -1.2566200E-03 -6.1517848E-04 -4.1560824E-03  0.0000000E+00
  7.8507600E+01  1.7485121E-03 -1.3164506E-03 -4.3161211E-04 -3.8754676E-03  0.0000000E+00
  7.8507600E+01  1.6193271E-03 -1.3873583E-03 -2.3167980E-04 -3.6038094E-03  0.0000000E+00
  7.8507600E+01  1.4887488E-03 -1.4277147E-03 -6.0978135E-05 -3.3416691E-03  0.0000000E+00
  7.8507600E+01 -9.7545495E-02  9.7591797E-02 -4.8248256E-16 -4.0125959E-02  0.0000000E+00
  7.8507600E+01 -4.1254850E-02  8.6134249E-02 -4.4823217E-02 -4.0853677E-02  0.0000000E+00
  7.8507600E+01  2.8124888E-02  2.2399050E-02 -5.0449918E-02 -4.1662301E-02  0.0000000E+00
  7.8507600E+01  6.9852669E-02 -1.7879951E-02 -5.1889197E-02 -4.3031163E-02  0.0000000E+00
  7.8507600E+01  1.0005955E-01 -4.0593656E-02 -5.9463426E-02 -4.4584530E-02  0.0000000E+00
  7.8507600E+01  1.2451316E-01 -5.4258084E-02 -7.0354837E-02 -4.5878057E-02  0.0000000E+00
  7.8507600E+01  1.4186109E-01 -6.4642200E-02 -7.7304376E-02 -4.6699387E-02  0.0000000E+00
  7.8507600E+01  1.4417071E-01 -6.7283626E-02 -7.6872924E-02 -4.7045745E-02  0.0000000E+00
  7.8507600E+01  1.3060939E-01 -6.0072007E-02 -7.0499531E-02 -4.7016309E-02  0.0000000E+00
  7.8507600E+01  1.0814882E-01 -4.8481259E-02 -5.9644939E-02 -4.6778392E-02  0.0000000E+00
  7.8507600E+01  8.2736223E-02 -3.6238877E-02 -4.6458128E-02 -4.6512402E-02  0.0000000E+00
  7.8507600E+01  5.9628071E-02 -2.4352260E-02 -3.5250034E-02 -4.6322717E-02  0.0000000E+00
  7.8507600E+01  4.2575626E-02 -1.7250935E-02 -2.5329727E-02 -4.6231914E-02  0.0000000E+00
  7.8507600E+01  3.2310517E-02 -1.4723229E-02 -1.7581745E-02 -4.6222395E-02  0.0000000E+00
  7.8507600E+01  2.5839913E-02 -1.2730822E-02 -1.3111332E-02 -4.6250703E-02  0.0000000E+00
  7.8507600E+01  2.1153033E-02 -1.0942052E-02 -1.0224968E-02 -4.6276363E-02  0.0000000E+00
  7.8507600E+01  1.8115018E-02 -1.0731815E-02 -7.3907733E-03 -4.6266091E-02  0.0000000E+00
  7.8507600E+01  1.6346126E-02 -1.0874654E-02 -5.4508017E-03 -4.6188701E-02  0.0000000E+00
  7.8507600E+01  1.5588886E-02 -1.0542346E-02 -5.0075816E-03 -4.6027830E-02  0.0000000E+00
  7.8507600E+01  1.5378610E-02 -9.7911987E-03 -5.5404968E-03 -4.5785788E-02  0.0000000E+00
  7.8507600E+01  1.5494094E-02 -9.1471883E-03 -6.3006355E-03 -4.5472219E-02  0.0000000E+00
  7.8507600E+01  1.6049871E-02 -8.7597073E-03 -7.2449149E-03 -4.5090035E-02  0.0000000E+00
  7.8507600E+01  1.6926059E-02 -8.5541894E-03 -8.3331146E-03 -4.4638415E-02  0.0000000E+00
  7.8507600E+01  1.7692902E-02 -8.6668292E-03 -8.9920956E-03 -4.4111897E-02  0.0000000E+00
  7.8507600E+01  1.8116389E-02 -9.1144338E-03 -8.9716005E-03 -4.3507738E-02  0.0000000E+00
  7.8507600E+01  1.8255461E-02 -9.5774540E-03 -8.6489235E-03 -4.2832050E-02  0.0000000E+00
  7.8507600E+01  1.8229561E-02 -1.0032014E-02 -8.1799485E-03 -4.2100687E-02  0.0000000E+00
  7.8507600E+01  1.8219409E-02 -1.0843383E-02 -7.3747335E-03 -4.1331011E-02  0.0000000E+00
  7.8507600E+01  1.8503910E-02 -1.2184395E-02 -6.3271901E-03 -4.0535399E-02  0.0000000E+00
  7.8507600E+01  1.8961625E-02 -1.3651153E-02 -5.3197533E-03 -3.9714099E-02  0.0000000E+00
  7.8507600E+01  1.9275160E-02 -1.4502603E-02 -4.7710728E-03 -3.8859751E-02  0.0000000E+00
  7.8507600E+01  1.9108970E-02 -1.4164595E-02 -4.9345386E-03 -3.7967119E-02  0.0000000E+00
  7.8507600E+01  1.8434218E-02 -1.3104207E-02 -5.3187276E-03 -3.7038068E-02  0.0000000E+00
  7.8507600E+01  1.7372460E-02 -1.2086108E-02 -5.2773473E-03 -3.6084280E-02  0.0000000E+00
  7.8507600E+01  1.6271570E-02 -1.1320172E-02 -4.9460576E-03 -3.5128119E-02  0.0000000E+00
  7.8507600E+01  1.5383775E-02 -1.0913552E-02 -4.4658261E-03 -3.4188207E-02  0.0000000E+00
  7.8507600E+01  1.4731858E-02 -1.0880450E-02 -3.8453606E-03 -3.3274154E-02  0.0000000E+00
  7.8507600E+01  1.4222210E-02 -1.1025981E-02 -3.1860818E-03 -3.2385592E-02  0.0000000E+00
  7.8507600E+01  1.3805098E-02 -1.0985587E-02 -2.8036674E-03 -3.1515865E-02  0.0000000E+00
  7.8507600E+01  1.3424831E-02 -1.0460855E-02 -2.9504831E-03 -3.0664102E-02  0.0000000E+00
  7.8507600E+01  1.3059377E-02 -9.6346091E-03 -3.4178714E-03 -2.9832628E-02  0.0000000E+00
  7.8507600E+01  1.2688478E-02 -8.9005045E-03 -3.7804125E-03 -2.9025238E-02  0.0000000E+00
  7.8507600E+01  1.2283787E-02 -8.3870706E-03 -3.8879833E-03 -2.8239455E-02  0.0000000E+00
  7.8507600E+01  1.1955925E-02 -8.1055404E-03 -3.8444195E-03 -2.7469818E-02  0.0000000E+00
  7.8507600E+01  1.1815264E-02 -8.0468648E-03 -3.7666888E-03 -2.6711430E-02  0.0000000E+00
  7.8507600E+01  1.1817320E-02 -8.1864741E-03 -3.6378908E-03 -2.5962501E-02  0.0000000E+00
  7.8507600E+01  1.1908867E-02 -8.4303588E-03 -3.4852980E-03 -2.5223495E-02  0.0000000E+00
  7.8507600E+01  1.2067588E-02 -8.6459129E-03 -3.4253964E-03 -2.4493967E-02  0.0000000E+00
  7.8507600E+01  1.2233179E-02 -8.8083876E-03 -3.4203976E-03 -2.3772148E-02  0.0000000E+00
  7.8507600E+01  1.2303998E-02 -8.8663423E-03 -3.4308812E-03 -2.3056695E-02  0.0000000E+00
  7.8507600E+01  1.2268091E-02 -8.7890974E-03 -3.4734383E-03 -2.2346690E-02  0.0000000E+00
  7.8507600E+01  1.2168084E-02 -8.6397967E-03 -3.5255545E-03 -2.1641322E-02  0.0000000E+00
  7.8507600E+01  1.2013942E-02 -8.4842713E-03 -3.5271896E-03 -2.0942028E-02  0.0000000E+00
  7.8507600E+01  1.1758497E-02 -8.3305688E-03 -3.4212279E-03 -2.0252189E-02  0.0000000E+00
  7.8507600E+01  1.1396199E-02 -8.1912055E-03 -3.1938876E-03 -1.9574076E-02  0.0000000E+00
  7.8507600E+01  1.0974751E-02 -7.9930683E-03 -2.9722340E-03 -1.8910065E-02  0.0000000E+00
  7.8507600E+01  1.0526971E-02 -7.7008609E-03 -2.8205107E-03 -1.8262276E-02  0.0000000E+00
  7.8507600E+01  1.0076470E-02 -7.3102447E-03 -2.7629385E-03 -1.7630416E-02  0.0000000E+00
  7.8507600E+01  9.6369090E-03 -6.8537915E-03 -2.7814910E-03 -1.7013785E-02  0.0000000E+00
  7.8507600E+01  9.2016358E-03 -6.3588737E-03 -2.8421856E-03 -1.6412606E-02  0.0000000E+00
  7.8507600E+01  8.7500418E-03 -5.8199619E-03 -2.9300219E-03 -1.5827521E-02  0.0000000E+00
  7.8507600E+01  8.2710117E-03 -5.2252220E-03 -3.0453201E-03 -1.5259630E-02  0.0000000E+00
  7.8507600E+01  7.7777688E-03 -4.6160967E-03 -3.1594365E-03 -1.4710456E-02  0.0000000E+00
  7.8507600E+01  7.3026110E-03 -4.0146736E-03 -3.2853670E-03 -1.4179419E-02  0.0000000E+00
  7.8507600E+01  6.8622916E-03 -3.4691448E-03 -3.3909881E-03 -1.3666008E-02  0.0000000E+00
  7.8507600E+01  6.4714715E-03 -3.0286525E-03 -3.4422447E-03 -1.3170961E-02  0.0000000E+00
  7.8507600E+01  6.1536978E-03 -2.7538220E-03 -3.4008166E-03 -1.2695086E-02  0.0000000E+00
  7.8507600E+01  5.9150731E-03 -2.6704037E-03 -3.2463876E-03 -1.2238056E-02  0.0000000E+00
  7.8507600E+01  5.7268761E-03 -2.7253736E-03 -3.0038975E-03 -1.1798495E-02  0.0000000E+00
  7.8507600E+01  5.5437098E-03 -2.7935256E-03 -2.7532976E-03 -1.1374428E-02  0.0000000E+00
  7.8507600E+01  5.3675062E-03 -2.7720069E-03 -2.5975160E-03 -1.0963099E-02  0.0000000E+00
  7.8507600E+01  5.2147281E-03 -2.6787840E-03 -2.5374075E-03 -1.0561374E-02  0.0000000E+00
  7.8507600E+01  5.0628312E-03 -2.5854732E-03 -2.4768849E-03 -1.0167681E-02  0.0000000E+00
  7.8507600E+01  4.8664125E-03 -2.4829859E-03 -2.3813219E-03 -9.7818935E-03  0.0000000E+00
  7.8507600E+01  4.6214326E-03 -2.3692853E-03 -2.2489976E-03 -9.4048606E-03  0.0000000E+00
  7.8507600E+01  4.3557682E-03 -2.2717225E-03 -2.0809706E-03 -9.0375909E-03  0.0000000E+00
  7.8507600E+01  4.1012229E-03 -2.2251020E-03 -1.8738954E-03 -8.6807808E-03  0.0000000E+00
  7.8507600E+01  3.8731456E-03 -2.2413394E-03 -1.6297093E-03 -8.3345891E-03  0.0000000E+00
  7.8507600E+01  3.6838079E-03 -2.3065630E-03 -1.3761233E-03 -7.9985556E-03  0.0000000E+00
  7.8507600E+01  3.5509807E-03 -2.3844252E-03 -1.1642479E-03 -7.6719401E-03  0.0000000E+00
  7.8507600E+01  3.4652843E-03 -2.4501048E-03 -1.0133343E-03 -7.3539923E-03  0.0000000E+00
  7.8507600E+01  3.3895977E-03 -2.4805451E-03 -9.0736953E-04 -7.0441188E-03  0.0000000E+00
  7.8507600E+01  3.2913402E-03 -2.4442780E-03 -8.4561658E-04 -6.7410526E-03  0.0000000E+00
  7.8507600E+01  3.1637814E-03 -2.3334222E-03 -8.2909284E-04 -6.4431376E-03  0.0000000E+00
  7.8507600E+01  3.0220873E-03 -2.1716646E-03 -8.4893519E-04 -6.1489791E-03  0.0000000E+00
  7.8507600E+01  2.8884969E-03 -2.0057296E-03 -8.8146209E-04 -5.8581115E-03  0.0000000E+00
  7.8507600E+01  2.7792516E-03 -1.8869446E-03 -8.9199394E-04 -5.5713775E-03  0.0000000E+00
  7.8507600E+01  2.7004594E-03 -1.8455137E-03 -8.5520689E-04 -5.2903883E-03  0.0000000E+00
  7.8507600E+01  2.6424423E-03 -1.8384457E-03 -8.0446089E-04 -5.0160378E-03  0.0000000E+00
  7.8507600E+01  2.5833610E-03 -1.8214795E-03 -7.6174802E-04 -4.7476455E-03  0.0000000E+00
  7.8507600E+01  2.5060285E-03 -1.7720165E-03 -7.3396825E-04 -4.4840642E-03  0.0000000E+00
  7.8507600E+01  2.4064844E-03 -1.6817410E-03 -7.2446985E-04 -4.2243749E-03  0.0000000E+00
  7.8507600E+01  2.2904755E-03 -1.5575906E-03 -7.3201905E-04 -3.9680133E-03  0.0000000E+00
  7.8507600E+01  2.1686005E-03 -1.4225490E-03 -7.4481511E-04 -3.7149918E-03  0.0000000E+00
  7.8507600E+01  2.0503322E-03 -1.3109767E-03 -7.3800745E-04 -3.4659261E-03  0.0000000E+00
  7.8507600E+01  1.9371271E-03 -1.2531962E-03 -6.8317120E-04 -3.2215809E-03  0.0000000E+00
  7.8507600E+01  1.8226093E-03 -1.2578132E-03 -5.6440638E-04 -2.9827875E-03  0.0000000E+00
  7.8507600E+01  1.7034621E-03 -1.3176465E-03 -3.8575886E-04 -2.7502472E-03  0.0000000E+00
  7.8507600E+01  1.5847303E-03 -1.3866466E-03 -1.9801985E-04 -2.5248507E-03  0.0000000E+00
  7.8507600E+01  1.4749975E-03 -1.4244272E-03 -5.0431447E-05 -2.3072937E-03  0.0000000E+00
  7.8507600E+01 -4.5319985E-02  4.5310478E-02 -7.0534746E-07 -1.9789139E-02  0.0000000E+00
  7.8507600E+01 -6.6000476E-02  7.7341101E-02 -1.1351680E-02 -1.9838984E-02  0.0000000E+00
  7.8507600E+01 -6.3087836E-02  7.5214619E-02 -1.2138364E-02 -2.0345442E-02  0.0000000E+00
  7.8507600E+01 -4.9744380E-02  5.9418299E-02 -9.6861855E-03 -2.1470486E-02  0.0000000E+00
  7.8507600E+01 -2.9779082E-02  3.7583803E-02 -7.8151361E-03 -2.3050482E-02  0.0000000E+00
  7.8507600E+01 -7.9440800E-03  1.5483932E-02 -7.5243597E-03 -2.4790262E-02  0.0000000E+00
  7.8507600E+01  1.2610160E-02 -4.1175434E-03 -8.4582763E-03 -2.6434163E-02  0.0000000E+00
  7.8507600E+01  3.1603912E-02 -2.1655898E-02 -9.9044353E-03 -2.7833531E-02  0.0000000E+00
  7.8507600E+01  4.9422984E-02 -3.8948151E-02 -1.0414774E-02 -2.8928617E-02  0.0000000E+00
  7.8507600E+01  6.6377189E-02 -5.3368035E-02 -1.2906259E-02 -2.9700448E-02  0.0000000E+00
  7.8507600E+01  8.2165965E-02 -6.0426302E-02 -2.1628656E-02 -3.0162070E-02  0.0000000E+00
  7.8507600E+01  9.4645330E-02 -6.2380463E-02 -3.2102379E-02 -3.0365681E-02  0.0000000E+00
  7.8507600E+01  1.0623570E-01 -6.4805417E-02 -4.1303554E-02 -3.0365879E-02  0.0000000E+00
  7.8507600E+01  1.2089479E-01 -7.2559100E-02 -4.8317786E-02 -3.0193392E-02  0.0000000E+00
  7.8507600E+01  1.3538483E-01 -8.1346085E-02 -5.4091708E-02 -2.9855732E-02  0.0000000E+00
  7.8507600E+01  1.4372058E-01 -8.4628037E-02 -5.9140237E-02 -2.9340875E-02  0.0000000E+00
  7.8507600E+01  1.4627271E-01 -8.3674971E-02 -6.2664343E-02 -2.8633105E-02  0.0000000E+00
  7.8507600E+01  1.4385956E-01 -8.2634267E-02 -6.1331829E-02 -2.7733295E-02  0.0000000E+00
  7.8507600E+01  1.3510928E-01 -7.6493395E-02 -5.8719979E-02 -2.6671445E-02  0.0000000E+00
  7.8507600E+01  1.2169345E-01 -6.6691957E-02 -5.5023770E-02 -2.5512959E-02  0.0000000E+00
  7.8507600E+01  1.0587840E-01 -5.5408093E-02 -5.0376966E-02 -2.4338272E-02  0.0000000E+00
  7.8507600E+01  8.9164369E-02 -4.2606992E-02 -4.6416408E-02 -2.3236676E-02  0.0000000E+00
  7.8507600E+01  7.3248834E-02 -3.2469949E-02 -4.0713369E-02 -2.2283771E-02  0.0000000E+00
  7.8507600E+01  5.8736414E-02 -2.5674346E-02 -3.3059217E-02 -2.1527343E-02  0.0000000E+00
  7.8507600E+01  4.6314249E-02 -1.9455258E-02 -2.6877054E-02 -2.0970115E-02  0.0000000E+00
  7.8507600E+01  3.6598530E-02 -1.2563332E-02 -2.4015863E-02 -2.0597041E-02  0.0000000E+00
  7.8507600E+01  2.9220383E-02 -7.0624227E-03 -2.2114966E-02 -2.0361592E-02  0.0000000E+00
  7.8507600E+01  2.4262629E-02 -5.2421503E-03 -1.8978712E-02 -2.0215290E-02  0.0000000E+00
  7.8507600E+01  2.1510926E-02 -4.6952172E-03 -1.6764676E-02 -2.0120178E-02  0.0000000E+00
  7.8507600E+01  2.0058371E-02 -4.6941961E-03 -1.5327187E-02 -2.0048991E-02  0.0000000E+00
  7.8507600E+01  1.9278824E-02 -5.1255499E-03 -1.4123207E-02 -1.9988938E-02  0.0000000E+00
  7.8507600E+01  1.8875661E-02 -5.5915787E-03 -1.3253223E-02 -1.9922145E-02  0.0000000E+00
  7.8507600E+01  1.8436265E-02 -5.5283058E-03 -1.2868492E-02 -1.9830603E-02  0.0000000E+00
  7.8507600E+01  1.7804516E-02 -4.9267011E-03 -1.2837158E-02 -1.9699833E-02  0.0000000E+00
  7.8507600E+01  1.7375689E-02 -4.3291279E-03 -1.3013942E-02 -1.9521851E-02  0.0000000E+00
  7.8507600E+01  1.7438628E-02 -4.6207016E-03 -1.2801912E-02 -1.9305156E-02  0.0000000E+00
  7.8507600E+01  1.8038625E-02 -5.9673139E-03 -1.2061651E-02 -1.9063894E-02  0.0000000E+00
  7.8507600E+01  1.8901090E-02 -7.7410232E-03 -1.1153618E-02 -1.8804863E-02  0.0000000E+00
  7.8507600E+01  1.9524743E-02 -9.1331114E-03 -1.0390063E-02 -1.8528659E-02  0.0000000E+00
  7.8507600E+01  1.9560714E-02 -9.9565056E-03 -9.6035945E-03 -1.8234052E-02  0.0000000E+00
  7.8507600E+01  1.9053101E-02 -1.0540840E-02 -8.5042408E-03 -1.7916888E-02  0.0000000E+00
  7.8507600E+01  1.8137799E-02 -1.0876891E-02 -7.2445162E-03 -1.7572811E-02  0.0000000E+00
  7.8507600E+01  1.7180692E-02 -1.1124392E-02 -6.0380039E-03 -1.7198664E-02  0.0000000E+00
  7.8507600E+01  1.6432781E-02 -1.1292145E-02 -5.1248032E-03 -1.6796193E-02  0.0000000E+00
  7.8507600E+01  1.5906336E-02 -1.1240402E-02 -4.6576936E-03 -1.6374364E-02  0.0000000E+00
  7.8507600E+01  1.5459808E-02 -1.0875282E-02 -4.5845108E-03 -1.5942828E-02  0.0000000E+00
  7.8507600E+01  1.4976867E-02 -1.0251778E-02 -4.7239652E-03 -1.5508916E-02  0.0000000E+00
  7.8507600E+01  1.4633014E-02 -9.6038946E-03 -5.0314099E-03 -1.5079910E-02  0.0000000E+00
  7.8507600E+01  1.4552888E-02 -9.1667993E-03 -5.3835315E-03 -1.4659181E-02  0.0000000E+00
  7.8507600E+01  1.4572148E-02 -9.0603842E-03 -5.5093480E-03 -1.4251705E-02  0.0000000E+00
  7.8507600E+01  1.4506767E-02 -9.1487115E-03 -5.3577980E-03 -1.3856054E-02  0.0000000E+00
  7.8507600E+01  1.4308885E-02 -9.2713612E-03 -5.0381517E-03 -1.3469364E-02  0.0000000E+00
  7.8507600E+01  1.4008366E-02 -9.4060642E-03 -4.6036572E-03 -1.3091038E-02  0.0000000E+00
  7.8507600E+01  1.3591693E-02 -9.5778234E-03 -4.0137505E-03 -1.2719076E-02  0.0000000E+00
  7.8507600E+01  1.3078764E-02 -9.6083807E-03 -3.4699214E-03 -1.2350427E-02  0.0000000E+00
  7.8507600E+01  1.2647005E-02 -9.4706386E-03 -3.1791679E-03 -1.1982841E-02  0.0000000E+00
  7.8507600E+01  1.2383846E-02 -9.3537286E-03 -3.0414044E-03 -1.1613438E-02  0.0000000E+00
  7.8507600E+01  1.2203934E-02 -9.1602523E-03 -3.0597843E-03 -1.1243287E-02  0.0000000E+00
  7.8507600E+01  1.2028407E-02 -8.8023413E-03 -3.2376059E-03 -1.0873117E-02  0.0000000E+00
  7.8507600E+01  1.1863234E-02 -8.3675493E-03 -3.4981383E-03 -1.0498706E-02  0.0000000E+00
  7.8507600E+01  1.1745102E-02 -8.0282131E-03 -3.7115793E-03 -1.0119520E-02  0.0000000E+00
  7.8507600E+01  1.1631207E-02 -7.8206056E-03 -3.8013879E-03 -9.7375268E-03  0.0000000E+00
  7.8507600E+01  1.1412240E-02 -7.5320418E-03 -3.8724953E-03 -9.3594361E-03  0.0000000E+00
  7.8507600E+01  1.1120832E-02 -7.1770433E-03 -3.9425267E-03 -8.9923365E-03  0.0000000E+00
  7.8507600E+01  1.0783459E-02 -6.7892950E-03 -3.9966381E-03 -8.6368557E-03  0.0000000E+00
  7.8507600E+01  1.0376961E-02 -6.3327821E-03 -4.0476004E-03 -8.2913656E-03  0.0000000E+00
  7.8507600E+01  9.9082568E-03 -5.8452187E-03 -4.0660840E-03 -7.9557904E-03  0.0000000E+00
  7.8507600E+01  9.4253643E-03 -5.4190317E-03 -4.0071287E-03 -7.6290346E-03  0.0000000E+00
  7.8507600E+01  8.9690294E-03 -5.1089753E-03 -3.8588157E-03 -7.3104865E-03  0.0000000E+00
  7.8507600E+01  8.5265805E-03 -4.8615265E-03 -3.6648869E-03 -7.0014788E-03  0.0000000E+00
  7.8507600E+01  8.0577115E-03 -4.5912502E-03 -3.4647239E-03 -6.7022071E-03  0.0000000E+00
  7.8507600E+01  7.5837278E-03 -4.3004284E-03 -3.2827189E-03 -6.4140194E-03  0.0000000E+00
  7.8507600E+01  7.1503681E-03 -4.0212653E-03 -3.1275733E-03 -6.1366086E-03  0.0000000E+00
  7.8507600E+01  6.7586265E-03 -3.7439055E-03 -3.0142346E-03 -5.8702078E-03  0.0000000E+00
  7.8507600E+01  6.3815480E-03 -3.4493992E-03 -2.9316008E-03 -5.6152819E-03  0.0000000E+00
  7.8507600E+01  6.0135389E-03 -3.1718300E-03 -2.8398667E-03 -5.3691324E-03  0.0000000E+00
  7.8507600E+01  5.6834208E-03 -2.9665767E-03 -2.7144003E-03 -5.1293189E-03  0.0000000E+00
  7.8507600E+01  5.4289711E-03 -2.8471006E-03 -2.5797482E-03 -4.8965073E-03  0.0000000E+00
  7.8507600E+01  5.2330879E-03 -2.7555608E-03 -2.4767835E-03 -4.6704407E-03  0.0000000E+00
  7.8507600E+01  5.0211273E-03 -2.6461848E-03 -2.3733105E-03 -4.4504182E-03  0.0000000E+00
  7.8507600E+01  4.8353659E-03 -2.5700163E-03 -2.2638027E-03 -4.2364782E-03  0.0000000E+00
  7.8507600E+01  4.6657012E-03 -2.4922079E-03 -2.1719419E-03 -4.0277193E-03  0.0000000E+00
  7.8507600E+01  4.4890783E-03 -2.4280138E-03 -2.0598994E-03 -3.8241349E-03  0.0000000E+00
  7.8507600E+01  4.2862604E-03 -2.3926243E-03 -1.8932148E-03 -3.6248492E-03  0.0000000E+00
  7.8507600E+01  4.0524303E-03 -2.3748371E-03 -1.6775615E-03 -3.4293470E-03  0.0000000E+00
  7.8507600E+01  3.8022819E-03 -2.3409743E-03 -1.4610679E-03 -3.2381476E-03  0.0000000E+00
  7.8507600E+01  3.5659806E-03 -2.2695995E-03 -1.2959654E-03 -3.0506725E-03  0.0000000E+00
  7.8507600E+01  3.3776941E-03 -2.2032209E-03 -1.1736464E-03 -2.8664405E-03  0.0000000E+00
  7.8507600E+01  3.2566660E-03 -2.1512423E-03 -1.1042058E-03 -2.6863550E-03  0.0000000E+00
  7.8507600E+01  3.1709979E-03 -2.1021875E-03 -1.0673055E-03 -2.5096850E-03  0.0000000E+00
  7.8507600E+01  3.0779067E-03 -2.0521362E-03 -1.0234181E-03 -2.3353402E-03  0.0000000E+00
  7.8507600E+01  2.9524471E-03 -1.9863936E-03 -9.6303340E-04 -2.1625602E-03  0.0000000E+00
  7.8507600E+01  2.7955890E-03 -1.8924328E-03 -9.0081316E-04 -1.9892432E-03  0.0000000E+00
  7.8507600E+01  2.6377340E-03 -1.7830403E-03 -8.5391144E-04 -1.8154332E-03  0.0000000E+00
  7.8507600E+01  2.5182043E-03 -1.6970318E-03 -8.2088046E-04 -1.6417402E-03  0.0000000E+00
  7.8507600E+01  2.4339158E-03 -1.6524330E-03 -7.8271596E-04 -1.4687263E-03  0.0000000E+00
  7.8507600E+01  2.3662365E-03 -1.6379332E-03 -7.2749976E-04 -1.2987228E-03  0.0000000E+00
  7.8507600E+01  2.2926430E-03 -1.6499260E-03 -6.4235958E-04 -1.1317359E-03  0.0000000E+00
  7.8507600E+01  2.2063834E-03 -1.6430818E-03 -5.6289463E-04 -9.6825575E-04  0.0000000E+00
  7.8507600E+01  2.1023929E-03 -1.5764328E-03 -5.2548697E-04 -8.0805832E-04  0.0000000E+00
  7.8507600E+01 -1.5752370E-01  1.5749937E-01  1.0781598E-15  1.1998634E-02  0.0000000E+00
  7.8507600E+01 -1.0911446E-01  1.8348822E-01 -7.4409535E-02  1.1357214E-02  0.0000000E+00
  7.8507600E+01 -1.7501156E-02  7.7519881E-02 -6.0076422E-02  1.0100489E-02  0.0000000E+00
  7.8507600E+01  3.0126647E-02  1.0310863E-02 -4.0503778E-02  7.7756650E-03  0.0000000E+00
  7.8507600E+01  5.5694506E-02 -2.1234784E-02 -3.4471163E-02  5.0575948E-03  0.0000000E+00
  7.8507600E+01  7.0821417E-02 -3.5352970E-02 -3.5431394E-02  2.4532430E-03  0.0000000E+00
  7.8507600E+01  8.1309052E-02 -3.7770705E-02 -4.3470946E-02  1.8948619E-04  0.0000000E+00
  7.8507600E+01  8.9891432E-02 -3.6338241E-02 -5.3461938E-02 -1.6316991E-03  0.0000000E+00
  7.8507600E+01  1.0014968E-01 -3.6253246E-02 -6.3851404E-02 -2.9580123E-03  0.0000000E+00
  7.8507600E+01  1.1324154E-01 -4.1148397E-02 -7.2072174E-02 -3.8015370E-03  0.0000000E+00
  7.8507600E+01  1.2509394E-01 -4.5633447E-02 -7.9443170E-02 -4.2047056E-03  0.0000000E+00
  7.8507600E+01  1.3230642E-01 -4.8196401E-02 -8.4098097E-02 -4.2224714E-03  0.0000000E+00
  7.8507600E+01  1.3659902E-01 -5.2491602E-02 -8.4159985E-02 -3.9420587E-03  0.0000000E+00
  7.8507600E+01  1.3835748E-01 -5.5071506E-02 -8.3408386E-02 -3.4536538E-03  0.0000000E+00
  7.8507600E+01  1.3560451E-01 -5.2146273E-02 -8.3604659E-02 -2.8097811E-03  0.0000000E+00
  7.8507600E+01  1.2886911E-01 -4.7401715E-02 -8.1632707E-02 -2.0414392E-03  0.0000000E+00
  7.8507600E+01  1.2045906E-01 -4.4943847E-02 -7.5644399E-02 -1.1733660E-03  0.0000000E+00
  7.8507600E+01  1.1085650E-01 -4.2520487E-02 -6.8390333E-02 -2.3142307E-04  0.0000000E+00
  7.8507600E+01  9.9453607E-02 -3.7381838E-02 -6.2142365E-02  7.2298837E-04  0.0000000E+00
  7.8507600E+01  8.6175044E-02 -3.0750607E-02 -5.5481844E-02  1.5831375E-03  0.0000000E+00
  7.8507600E+01  7.3300069E-02 -2.5245463E-02 -4.8099349E-02  2.2801207E-03  0.0000000E+00
  7.8507600E+01  6.2911820E-02 -2.2662305E-02 -4.0279798E-02  2.8229205E-03  0.0000000E+00
  7.8507600E+01  5.4103804E-02 -2.0390419E-02 -3.3697082E-02  3.2384694E-03  0.0000000E+00
  7.8507600E+01  4.6215482E-02 -1.7130625E-02 -2.9073783E-02  3.5335471E-03  0.0000000E+00
  7.8507600E+01  3.9791174E-02 -1.3622067E-02 -2.6160542E-02  3.7027554E-03  0.0000000E+00
  7.8507600E+01  3.4269475E-02 -1.0282530E-02 -2.3982541E-02  3.7507337E-03  0.0000000E+00
  7.8507600E+01  2.9484337E-02 -7.7434387E-03 -2.1726041E-02  3.7109579E-03  0.0000000E+00
  7.8507600E+01  2.6523346E-02 -6.2820580E-03 -2.0216893E-02  3.6331225E-03  0.0000000E+00
  7.8507600E+01  2.4673669E-02 -5.0471625E-03 -1.9599494E-02  3.5438871E-03  0.0000000E+00
  7.8507600E+01  2.3010534E-02 -3.8877190E-03 -1.9093619E-02  3.4519138E-03  0.0000000E+00
  7.8507600E+01  2.1667671E-02 -3.1099719E-03 -1.8518688E-02  3.3601969E-03  0.0000000E+00
  7.8507600E+01  2.0882249E-02 -2.9429417E-03 -1.7904074E-02  3.2696591E-03  0.0000000E+00
  7.8507600E+01  2.0352660E-02 -3.3647955E-03 -1.6954802E-02  3.1735595E-03  0.0000000E+00
  7.8507600E+01  1.9781184E-02 -3.9770718E-03 -1.5778336E-02  3.0680939E-03  0.0000000E+00
  7.8507600E+01  1.9460042E-02 -4.7866910E-03 -1.4651638E-02  2.9537677E-03  0.0000000E+00
  7.8507600E+01  1.9435138E-02 -5.6093286E-03 -1.3815205E-02  2.8327914E-03  0.0000000E+00
  7.8507600E+01  1.9485957E-02 -6.3985243E-03 -1.3082712E-02  2.7093444E-03  0.0000000E+00
  7.8507600E+01  1.9367334E-02 -7.1502926E-03 -1.2214958E-02  2.5886050E-03  0.0000000E+00
  7.8507600E+01  1.9051070E-02 -7.7176859E-03 -1.1334576E-02  2.4731140E-03  0.0000000E+00
  7.8507600E+01  1.8705498E-02 -8.0065578E-03 -1.0698881E-02  2.3671157E-03  0.0000000E+00
  7.8507600E+01  1.8274646E-02 -8.3893421E-03 -9.8789604E-03  2.2792972E-03  0.0000000E+00
  7.8507600E+01  1.7638516E-02 -8.5750415E-03 -9.0534226E-03  2.2189801E-03  0.0000000E+00
  7.8507600E+01  1.6796581E-02 -8.4099809E-03 -8.3789866E-03  2.1854273E-03  0.0000000E+00
  7.8507600E+01  1.5930652E-02 -8.0457887E-03 -7.8799221E-03  2.1714552E-03  0.0000000E+00
  7.8507600E+01  1.5271805E-02 -7.7498713E-03 -7.5178888E-03  2.1672724E-03  0.0000000E+00
  7.8507600E+01  1.4967395E-02 -7.6987214E-03 -7.2645475E-03  2.1641012E-03  0.0000000E+00
  7.8507600E+01  1.5004257E-02 -7.9104920E-03 -7.0914473E-03  2.1559230E-03  0.0000000E+00
  7.8507600E+01  1.5253216E-02 -8.5403457E-03 -6.7122626E-03  2.1396773E-03  0.0000000E+00
  7.8507600E+01  1.5597935E-02 -9.4634277E-03 -6.1330956E-03  2.1174136E-03  0.0000000E+00
  7.8507600E+01  1.5847150E-02 -1.0018450E-02 -5.8232356E-03  2.0948303E-03  0.0000000E+00
  7.8507600E+01  1.5855444E-02 -9.9456510E-03 -5.9014419E-03  2.0798154E-03  0.0000000E+00
  7.8507600E+01  1.5600515E-02 -9.5263259E-03 -6.0634803E-03  2.0777153E-03  0.0000000E+00
  7.8507600E+01  1.5154306E-02 -9.2228642E-03 -5.9196933E-03  2.0882385E-03  0.0000000E+00
  7.8507600E+01  1.4620369E-02 -9.2100344E-03 -5.3996117E-03  2.1058366E-03  0.0000000E+00
  7.8507600E+01  1.4093199E-02 -9.2291320E-03 -4.8550172E-03  2.1235788E-03  0.0000000E+00
  7.8507600E+01  1.3680141E-02 -9.2528114E-03 -4.4229636E-03  2.1374003E-03  0.0000000E+00
  7.8507600E+01  1.3330360E-02 -9.1644412E-03 -4.1649898E-03  2.1477081E-03  0.0000000E+00
  7.8507600E+01  1.2974167E-02 -8.8672662E-03 -4.1105817E-03  2.1576058E-03  0.0000000E+00
  7.8507600E+01  1.2561739E-02 -8.3490942E-03 -4.2192832E-03  2.1705554E-03  0.0000000E+00
  7.8507600E+01  1.2081064E-02 -7.6945278E-03 -4.3925778E-03  2.1887989E-03  0.0000000E+00
  7.8507600E+01  1.1569883E-02 -7.0602608E-03 -4.5133221E-03  2.2126444E-03  0.0000000E+00
  7.8507600E+01  1.1114641E-02 -6.5952712E-03 -4.5198538E-03  2.2393409E-03  0.0000000E+00
  7.8507600E+01  1.0778580E-02 -6.2956703E-03 -4.4803105E-03  2.2633608E-03  0.0000000E+00
  7.8507600E+01  1.0497558E-02 -6.0261526E-03 -4.4647971E-03  2.2818667E-03  0.0000000E+00
  7.8507600E+01  1.0219950E-02 -5.6963128E-03 -4.5153882E-03  2.2952288E-03  0.0000000E+00
  7.8507600E+01  9.8977543E-03 -5.2946070E-03 -4.5957535E-03  2.3040153E-03  0.0000000E+00
  7.8507600E+01  9.5090583E-03 -4.8564708E-03 -4.6468395E-03  2.3092157E-03  0.0000000E+00
  7.8507600E+01  9.0688592E-03 -4.4445918E-03 -4.6207833E-03  2.3119995E-03  0.0000000E+00
  7.8507600E+01  8.6159904E-03 -4.1168750E-03 -4.4973569E-03  2.3128518E-03  0.0000000E+00
  7.8507600E+01  8.1878705E-03 -3.9015075E-03 -4.2849880E-03  2.3114254E-03  0.0000000E+00
  7.8507600E+01  7.7704176E-03 -3.7563902E-03 -4.0164132E-03  2.3078471E-03  0.0000000E+00
  7.8507600E+01  7.3445307E-03 -3.6879094E-03 -3.6594293E-03  2.3013827E-03  0.0000000E+00
  7.8507600E+01  6.9526988E-03 -3.7012420E-03 -3.2547373E-03  2.2924661E-03  0.0000000E+00
  7.8507600E+01  6.6043016E-03 -3.6488560E-03 -2.9570621E-03  2.2838555E-03  0.0000000E+00
  7.8507600E+01  6.2782774E-03 -3.4618152E-03 -2.8170256E-03  2.2786074E-03  0.0000000E+00
  7.8507600E+01  5.9467717E-03 -3.1893953E-03 -2.7579029E-03  2.2777318E-03  0.0000000E+00
  7.8507600E+01  5.5983408E-03 -2.9423725E-03 -2.6560951E-03  2.2800789E-03  0.0000000E+00
  7.8507600E+01  5.2537834E-03 -2.8013591E-03 -2.4517590E-03  2.2836084E-03  0.0000000E+00
  7.8507600E+01  4.9479488E-03 -2.7401222E-03 -2.2076783E-03  2.2868438E-03  0.0000000E+00
  7.8507600E+01  4.6927756E-03 -2.6975095E-03 -1.9951077E-03  2.2883933E-03  0.0000000E+00
  7.8507600E+01  4.4959217E-03 -2.6241058E-03 -1.8716385E-03  2.2876578E-03  0.0000000E+00
  7.8507600E+01  4.3318127E-03 -2.5145785E-03 -1.8169714E-03  2.2845472E-03  0.0000000E+00
  7.8507600E+01  4.1753422E-03 -2.4129977E-03 -1.7622458E-03  2.2803617E-03  0.0000000E+00
  7.8507600E+01  4.0069285E-03 -2.3422147E-03 -1.6652212E-03  2.2771702E-03  0.0000000E+00
  7.8507600E+01  3.8155994E-03 -2.2826200E-03 -1.5342292E-03  2.2770238E-03  0.0000000E+00
  7.8507600E+01  3.6041315E-03 -2.1926056E-03 -1.4129461E-03  2.2813112E-03  0.0000000E+00
  7.8507600E+01  3.3892314E-03 -2.0575818E-03 -1.3322575E-03  2.2901682E-03  0.0000000E+00
  7.8507600E+01  3.1917611E-03 -1.9366095E-03 -1.2550690E-03  2.3024558E-03  0.0000000E+00
  7.8507600E+01  3.0210554E-03 -1.8434744E-03 -1.1769943E-03  2.3170769E-03  0.0000000E+00
  7.8507600E+01  2.8841639E-03 -1.7577143E-03 -1.1251217E-03  2.3338635E-03  0.0000000E+00
  7.8507600E+01  2.7739457E-03 -1.6791720E-03 -1.0926528E-03  2.3525499E-03  0.0000000E+00
  7.8507600E+01  2.6798318E-03 -1.6179696E-03 -1.0591436E-03  2.3734431E-03  0.0000000E+00
  7.8507600E+01  2.5894598E-03 -1.5787102E-03 -1.0078796E-03  2.3978564E-03  0.0000000E+00
  7.8507600E+01  2.4938109E-03 -1.5611077E-03 -9.3035097E-04  2.4269312E-03  0.0000000E+00
  7.8507600E+01  2.3914773E-03 -1.5634331E-03 -8.2673639E-04  2.4605754E-03  0.0000000E+00
  7.8507600E+01  2.2930635E-03 -1.5780628E-03 -7.1380099E-04  2.4971566E-03  0.0000000E+00
  7.8507600E+01  2.2053873E-03 -1.5867561E-03 -6.1810195E-04  2.5339863E-03  0.0000000E+00
  7.8507600E+01  2.1280084E-03 -1.6097399E-03 -5.1827741E-04  2.5696790E-03  0.0000000E+00
  7.8507600E+01  2.0548475E-03 -1.6416412E-03 -4.1367669E-04  2.6038213E-03  0.0000000E+00
  7.8507600E+01  1.9727905E-03 -1.6485860E-03 -3.2466003E-04  2.6373545E-03  0.0000000E+00
  7.8507600E+01 -1.9237917E-10  1.7443415E-07 -6.1806948E-25  4.8242786E-02  0.0000000E+00
  7.8507600E+01 -1.6179025E-02  4.0506327E-02 -2.4341174E-02  4.7768085E-02  0.0000000E+00
  7.8507600E+01 -1.8870223E-02  3.7816388E-02 -1.9023849E-02  4.5265239E-02  0.0000000E+00
  7.8507600E+01 -2.9857837E-03  1.1022610E-02 -8.0813290E-03  4.1609987E-02  0.0000000E+00
  7.8507600E+01  1.2089073E-02 -9.1240259E-03 -2.9361329E-03  3.8142755E-02  0.0000000E+00
  7.8507600E+01  2.1409258E-02 -1.9261626E-02 -2.1886806E-03  3.5424483E-02  0.0000000E+00
  7.8507600E+01  2.4917825E-02 -2.0306677E-02 -4.7333177E-03  3.3432362E-02  0.0000000E+00
  7.8507600E+01  2.6819400E-02 -1.6447306E-02 -1.0448286E-02  3.1914839E-02  0.0000000E+00
  7.8507600E+01  3.1135073E-02 -1.1191641E-02 -1.9945265E-02  3.0676373E-02  0.0000000E+00
  7.8507600E+01  3.7461908E-02 -4.5505852E-03 -3.2793840E-02  2.9628836E-02  0.0000000E+00
  7.8507600E+01  4.3009433E-02  2.1249948E-04 -4.3007388E-02  2.8713536E-02  0.0000000E+00
  7.8507600E+01  5.0190613E-02 -1.8263956E-03 -4.8231457E-02  2.7882565E-02  0.0000000E+00
  7.8507600E+01  5.6057561E-02 -8.4109560E-03 -4.7676006E-02  2.7119706E-02  0.0000000E+00
  7.8507600E+01  5.7663832E-02 -1.2668837E-02 -4.5127683E-02  2.6437108E-02  0.0000000E+00
  7.8507600E+01  6.1660692E-02 -1.6434353E-02 -4.5260571E-02  2.5855126E-02  0.0000000E+00
  7.8507600E+01  7.0622425E-02 -2.3029063E-02 -4.7554825E-02  2.5411021E-02  0.0000000E+00
  7.8507600E+01  7.9319403E-02 -3.0549574E-02 -4.8800617E-02  2.5110641E-02  0.0000000E+00
  7.8507600E+01  8.6819297E-02 -3.6017280E-02 -5.0861887E-02  2.4894124E-02  0.0000000E+00
  7.8507600E+01  9.1886248E-02 -3.8915535E-02 -5.2963966E-02  2.4752942E-02  0.0000000E+00
  7.8507600E+01  9.5508573E-02 -4.1722439E-02 -5.3774157E-02  2.4754529E-02  0.0000000E+00
  7.8507600E+01  1.0065706E-01 -4.2525835E-02 -5.8128874E-02  2.4941763E-02  0.0000000E+00
  7.8507600E+01  1.0578880E-01 -4.0215425E-02 -6.5586498E-02  2.5297118E-02  0.0000000E+00
  7.8507600E+01  1.0728942E-01 -3.9888319E-02 -6.7475430E-02  2.5769301E-02  0.0000000E+00
  7.8507600E+01  1.0549994E-01 -4.3674813E-02 -6.1932136E-02  2.6280456E-02  0.0000000E+00
  7.8507600E+01  1.0029953E-01 -4.5746886E-02 -5.4672758E-02  2.6783975E-02  0.0000000E+00
  7.8507600E+01  9.2406084E-02 -4.3307351E-02 -4.9122162E-02  2.7255248E-02  0.0000000E+00
  7.8507600E+01  8.3902585E-02 -3.8655479E-02 -4.5188326E-02  2.7669272E-02  0.0000000E+00
  7.8507600E+01  7.5441152E-02 -3.3599234E-02 -4.1788296E-02  2.7986015E-02  0.0000000E+00
  7.8507600E+01  6.7412009E-02 -2.8818051E-02 -3.8618731E-02  2.8185019E-02  0.0000000E+00
  7.8507600E+01  5.8922769E-02 -2.2638817E-02 -3.6377954E-02  2.8280319E-02  0.0000000E+00
  7.8507600E+01  5.0466085E-02 -1.5967535E-02 -3.4620169E-02  2.8270220E-02  0.0000000E+00
  7.8507600E+01  4.4053759E-02 -1.2629205E-02 -3.1525271E-02  2.8122950E-02  0.0000000E+00
  7.8507600E+01  4.0220785E-02 -1.2824084E-02 -2.7429951E-02  2.7819589E-02  0.0000000E+00
  7.8507600E+01  3.6182066E-02 -1.2580757E-02 -2.3603443E-02  2.7392393E-02  0.0000000E+00
  7.8507600E+01  3.1507291E-02 -1.0802157E-02 -2.0720800E-02  2.6893861E-02  0.0000000E+00
  7.8507600E+01  2.7195507E-02 -8.3742368E-03 -1.8845055E-02  2.6357116E-02  0.0000000E+00
  7.8507600E+01  2.3767780E-02 -6.1255868E-03 -1.7651326E-02  2.5801026E-02  0.0000000E+00
  7.8507600E+01  2.1372078E-02 -4.7093139E-03 -1.6665431E-02  2.5231275E-02  0.0000000E+00
  7.8507600E+01  2.0249153E-02 -4.6887913E-03 -1.5559165E-02  2.4647252E-02  0.0000000E+00
  7.8507600E+01  1.9908377E-02 -5.2299457E-03 -1.4661139E-02  2.4055853E-02  0.0000000E+00
  7.8507600E+01  1.9895054E-02 -5.3663005E-03 -1.4503692E-02  2.3455361E-02  0.0000000E+00
  7.8507600E+01  1.9719663E-02 -5.1323220E-03 -1.4566677E-02  2.2844054E-02  0.0000000E+00
  7.8507600E+01  1.9275652E-02 -4.7256095E-03 -1.4542961E-02  2.2220328E-02  0.0000000E+00
  7.8507600E+01  1.8841608E-02 -4.4345681E-03 -1.4411793E-02  2.1588961E-02  0.0000000E+00
  7.8507600E+01  1.8641872E-02 -4.4904156E-03 -1.4165327E-02  2.0959317E-02  0.0000000E+00
  7.8507600E+01  1.8533137E-02 -4.8842407E-03 -1.3668151E-02  2.0349919E-02  0.0000000E+00
  7.8507600E+01  1.8262761E-02 -5.4037320E-03 -1.2867846E-02  1.9775033E-02  0.0000000E+00
  7.8507600E+01  1.7807456E-02 -6.1120755E-03 -1.1696239E-02  1.9235853E-02  0.0000000E+00
  7.8507600E+01  1.7268168E-02 -6.4957117E-03 -1.0766086E-02  1.8730360E-02  0.0000000E+00
  7.8507600E+01  1.6858423E-02 -6.5561717E-03 -1.0296072E-02  1.8256665E-02  0.0000000E+00
  7.8507600E+01  1.6675527E-02 -6.5682502E-03 -1.0099868E-02  1.7807408E-02  0.0000000E+00
  7.8507600E+01  1.6655757E-02 -6.7264934E-03 -9.9188803E-03  1.7370824E-02  0.0000000E+00
  7.8507600E+01  1.6692469E-02 -7.0709148E-03 -9.6096711E-03  1.6936387E-02  0.0000000E+00
  7.8507600E+01  1.6721335E-02 -7.5367342E-03 -9.1737086E-03  1.6500676E-02  0.0000000E+00
  7.8507600E+01  1.6631835E-02 -7.9590993E-03 -8.6667389E-03  1.6066835E-02  0.0000000E+00
  7.8507600E+01  1.6461389E-02 -8.3850185E-03 -8.0745508E-03  1.5637725E-02  0.0000000E+00
  7.8507600E+01  1.6242539E-02 -8.9862293E-03 -7.2537972E-03  1.5218556E-02  0.0000000E+00
  7.8507600E+01  1.5931273E-02 -9.4915403E-03 -6.4331876E-03  1.4816111E-02  0.0000000E+00
  7.8507600E+01  1.5518685E-02 -9.6671478E-03 -5.8422070E-03  1.4435670E-02  0.0000000E+00
  7.8507600E+01  1.5059046E-02 -9.5190520E-03 -5.5311351E-03  1.4080493E-02  0.0000000E+00
  7.8507600E+01  1.4624787E-02 -9.2339030E-03 -5.3850055E-03  1.3746927E-02  0.0000000E+00
  7.8507600E+01  1.4223068E-02 -8.9647200E-03 -5.2557112E-03  1.3428553E-02  0.0000000E+00
  7.8507600E+01  1.3738606E-02 -8.6176365E-03 -5.1241894E-03  1.3119654E-02  0.0000000E+00
  7.8507600E+01  1.3193258E-02 -8.1361619E-03 -5.0651225E-03  1.2816606E-02  0.0000000E+00
  7.8507600E+01  1.2578678E-02 -7.3429509E-03 -5.2444387E-03  1.2517644E-02  0.0000000E+00
  7.8507600E+01  1.1876763E-02 -6.4176815E-03 -5.4643070E-03  1.2222993E-02  0.0000000E+00
  7.8507600E+01  1.1128491E-02 -5.6301280E-03 -5.4980999E-03  1.1933364E-02  0.0000000E+00
  7.8507600E+01  1.0422355E-02 -5.1147979E-03 -5.3042643E-03  1.1648708E-02  0.0000000E+00
  7.8507600E+01  9.8464965E-03 -4.8229532E-03 -5.0220628E-03  1.1368027E-02  0.0000000E+00
  7.8507600E+01  9.4503601E-03 -4.6304637E-03 -4.8205922E-03  1.1090381E-02  0.0000000E+00
  7.8507600E+01  9.2470281E-03 -4.5492377E-03 -4.6942633E-03  1.0816821E-02  0.0000000E+00
  7.8507600E+01  9.0832298E-03 -4.5004859E-03 -4.5781542E-03  1.0549450E-02  0.0000000E+00
  7.8507600E+01  8.8680930E-03 -4.3765182E-03 -4.4866599E-03  1.0288162E-02  0.0000000E+00
  7.8507600E+01  8.5989020E-03 -4.1786758E-03 -4.4173502E-03  1.0028547E-02  0.0000000E+00
  7.8507600E+01  8.2803500E-03 -3.9511609E-03 -4.3273949E-03  9.7677973E-03  0.0000000E+00
  7.8507600E+01  7.9140270E-03 -3.7361893E-03 -4.1743365E-03  9.5063846E-03  0.0000000E+00
  7.8507600E+01  7.5162128E-03 -3.5570547E-03 -3.9541369E-03  9.2488277E-03  0.0000000E+00
  7.8507600E+01  7.1228414E-03 -3.4126710E-03 -3.7077160E-03  8.9987006E-03  0.0000000E+00
  7.8507600E+01  6.7619830E-03 -3.2796529E-03 -3.4763447E-03  8.7581770E-03  0.0000000E+00
  7.8507600E+01  6.3987669E-03 -3.1563065E-03 -3.2406039E-03  8.5293045E-03  0.0000000E+00
  7.8507600E+01  6.0210079E-03 -2.9877832E-03 -3.0292593E-03  8.3140447E-03  0.0000000E+00
  7.8507600E+01  5.6391213E-03 -2.8312566E-03 -2.8062974E-03  8.1123612E-03  0.0000000E+00
  7.8507600E+01  5.2639191E-03 -2.7520588E-03 -2.5134432E-03  7.9216783E-03  0.0000000E+00
  7.8507600E+01  4.9027132E-03 -2.7385546E-03 -2.1667400E-03  7.7389569E-03  0.0000000E+00
  7.8507600E+01  4.5630930E-03 -2.7171923E-03 -1.8485678E-03  7.5614597E-03  0.0000000E+00
  7.8507600E+01  4.2580352E-03 -2.6189204E-03 -1.6416550E-03  7.3869376E-03  0.0000000E+00
  7.8507600E+01  4.0060119E-03 -2.4528738E-03 -1.5544949E-03  7.2142086E-03  0.0000000E+00
  7.8507600E+01  3.8087653E-03 -2.3002212E-03 -1.5100153E-03  7.0440773E-03  0.0000000E+00
  7.8507600E+01  3.6425044E-03 -2.1885702E-03 -1.4551002E-03  6.8788381E-03  0.0000000E+00
  7.8507600E+01  3.4679671E-03 -2.0548301E-03 -1.4140580E-03  6.7210858E-03  0.0000000E+00
  7.8507600E+01  3.2579115E-03 -1.8439930E-03 -1.4137128E-03  6.5741994E-03  0.0000000E+00
  7.8507600E+01  3.0219946E-03 -1.6133215E-03 -1.4081344E-03  6.4393093E-03  0.0000000E+00
  7.8507600E+01  2.7918588E-03 -1.4607661E-03 -1.3311045E-03  6.3152713E-03  0.0000000E+00
  7.8507600E+01  2.5990706E-03 -1.4254389E-03 -1.1739140E-03  6.1992015E-03  0.0000000E+00
  7.8507600E+01  2.4618211E-03 -1.4431459E-03 -1.0184511E-03  6.0895237E-03  0.0000000E+00
  7.8507600E+01  2.3823366E-03 -1.4250260E-03 -9.5650309E-04  5.9856778E-03  0.0000000E+00
  7.8507600E+01  2.3354776E-03 -1.3988760E-03 -9.3453473E-04  5.8890020E-03  0.0000000E+00
  7.8507600E+01  2.2852065E-03 -1.4281150E-03 -8.5518334E-04  5.8003132E-03  0.0000000E+00
  7.8507600E+01  2.2122063E-03 -1.4925355E-03 -7.1822846E-04  5.7195179E-03  0.0000000E+00
  7.8507600E+01  2.1194154E-03 -1.5491447E-03 -5.6955816E-04  5.6444281E-03  0.0000000E+00
  7.8507600E+01  2.2168544E-01 -2.2157275E-01  1.0639554E-15  8.2288531E-02  0.0000000E+00
  7.8507600E+01 -2.3851660E-02  1.6099829E-01 -1.3704539E-01  8.1867348E-02  0.0000000E+00
  7.8507600E+01 -3.7747575E-02  1.5806819E-01 -1.2026928E-01  8.0099883E-02  0.0000000E+00
  7.8507600E+01 -6.5123192E-03  8.8995873E-02 -8.2410382E-02  7.6579950E-02  0.0000000E+00
  7.8507600E+01  1.8531268E-02  4.2823657E-02 -6.1298234E-02  7.2514166E-02  0.0000000E+00
  7.8507600E+01  3.6618572E-02  1.4137505E-02 -5.0749722E-02  6.8645200E-02  0.0000000E+00
  7.8507600E+01  5.0117043E-02 -5.4427499E-03 -4.4635947E-02  6.5287738E-02  0.0000000E+00
  7.8507600E+01  6.0120667E-02 -1.6046698E-02 -4.3998657E-02  6.2505239E-02  0.0000000E+00
  7.8507600E+01  6.9730700E-02 -2.2540837E-02 -4.7113201E-02  6.0235247E-02  0.0000000E+00
  7.8507600E+01  7.6406131E-02 -2.6854020E-02 -4.9415657E-02  5.8368354E-02  0.0000000E+00
  7.8507600E+01  8.0828191E-02 -2.9358183E-02 -5.1226588E-02  5.6806754E-02  0.0000000E+00
  7.8507600E+01  8.4063115E-02 -2.9378623E-02 -5.4429320E-02  5.5473363E-02  0.0000000E+00
  7.8507600E+01  8.6217061E-02 -2.8129798E-02 -5.7901713E-02  5.4334719E-02  0.0000000E+00
  7.8507600E+01  8.8114775E-02 -3.1182612E-02 -5.6832305E-02  5.3384196E-02  0.0000000E+00
  7.8507600E+01  8.9841535E-02 -3.5676313E-02 -5.4185293E-02  5.2578141E-02  0.0000000E+00
  7.8507600E+01  9.0636687E-02 -3.7923882E-02 -5.2868360E-02  5.1869826E-02  0.0000000E+00
  7.8507600E+01  9.0250797E-02 -4.0165690E-02 -5.0306620E-02  5.1245266E-02  0.0000000E+00
  7.8507600E+01  8.7054813E-02 -3.8792975E-02 -4.8476086E-02  5.0695533E-02  0.0000000E+00
  7.8507600E+01  8.2242773E-02 -3.3172889E-02 -4.9182197E-02  5.0178393E-02  0.0000000E+00
  7.8507600E+01  7.8021905E-02 -2.6240605E-02 -5.1772270E-02  4.9655439E-02  0.0000000E+00
  7.8507600E+01  7.3898598E-02 -2.0052340E-02 -5.3802924E-02  4.9101310E-02  0.0000000E+00
  7.8507600E+01  6.8160791E-02 -1.4943585E-02 -5.3214072E-02  4.8498664E-02  0.0000000E+00
  7.8507600E+01  6.2260672E-02 -1.1804845E-02 -5.0484092E-02  4.7835728E-02  0.0000000E+00
  7.8507600E+01  5.7280714E-02 -1.0967235E-02 -4.6396197E-02  4.7110465E-02  0.0000000E+00
  7.8507600E+01  5.2384226E-02 -1.1564889E-02 -4.0901379E-02  4.6318098E-02  0.0000000E+00
  7.8507600E+01  4.6783033E-02 -1.1453570E-02 -3.5391126E-02  4.5472906E-02  0.0000000E+00
  7.8507600E+01  4.0757290E-02 -9.1183904E-03 -3.1661157E-02  4.4589497E-02  0.0000000E+00
  7.8507600E+01  3.5247966E-02 -5.6099852E-03 -2.9613473E-02  4.3680698E-02  0.0000000E+00
  7.8507600E+01  3.0724453E-02 -2.6953612E-03 -2.8007750E-02  4.2744964E-02  0.0000000E+00
  7.8507600E+01  2.7283713E-02 -1.5644217E-03 -2.5720417E-02  4.1778517E-02  0.0000000E+00
  7.8507600E+01  2.4756128E-02 -1.7137440E-03 -2.3081605E-02  4.0784648E-02  0.0000000E+00
  7.8507600E+01  2.3222792E-02 -2.7105611E-03 -2.0558363E-02  3.9772679E-02  0.0000000E+00
  7.8507600E+01  2.2336287E-02 -4.4553619E-03 -1.7913092E-02  3.8749915E-02  0.0000000E+00
  7.8507600E+01  2.1268616E-02 -5.0507138E-03 -1.6226347E-02  3.7724532E-02  0.0000000E+00
  7.8507600E+01  2.0446754E-02 -4.9129018E-03 -1.5532610E-02  3.6694151E-02  0.0000000E+00
  7.8507600E+01  2.0028868E-02 -5.1536629E-03 -1.4875370E-02  3.5658594E-02  0.0000000E+00
  7.8507600E+01  1.9810940E-02 -5.9010717E-03 -1.3918508E-02  3.4615527E-02  0.0000000E+00
  7.8507600E+01  1.9479548E-02 -6.5563435E-03 -1.2933310E-02  3.3572601E-02  0.0000000E+00
  7.8507600E+01  1.8889489E-02 -6.8112567E-03 -1.2086936E-02  3.2544574E-02  0.0000000E+00
  7.8507600E+01  1.8165672E-02 -6.7668885E-03 -1.1409922E-02  3.1547564E-02  0.0000000E+00
  7.8507600E+01  1.7431020E-02 -6.4385103E-03 -1.1006351E-02  3.0591083E-02  0.0000000E+00
  7.8507600E+01  1.6721736E-02 -5.9782799E-03 -1.0760018E-02  2.9682323E-02  0.0000000E+00
  7.8507600E+01  1.6167372E-02 -5.5919479E-03 -1.0590364E-02  2.8816543E-02  0.0000000E+00
  7.8507600E+01  1.5898560E-02 -5.4520909E-03 -1.0452001E-02  2.7989489E-02  0.0000000E+00
  7.8507600E+01  1.5898937E-02 -5.5736915E-03 -1.0319452E-02  2.7193163E-02  0.0000000E+00
  7.8507600E+01  1.5995764E-02 -5.8171852E-03 -1.0168368E-02  2.6422398E-02  0.0000000E+00
  7.8507600E+01  1.5996770E-02 -6.0004529E-03 -9.9826506E-03  2.5672017E-02  0.0000000E+00
  7.8507600E+01  1.5923801E-02 -6.1274979E-03 -9.7850491E-03  2.4943313E-02  0.0000000E+00
  7.8507600E+01  1.5860337E-02 -6.1668594E-03 -9.6820924E-03  2.4236689E-02  0.0000000E+00
  7.8507600E+01  1.5737698E-02 -6.0869419E-03 -9.6440092E-03  2.3551367E-02  0.0000000E+00
  7.8507600E+01  1.5531379E-02 -6.0895023E-03 -9.4400501E-03  2.2883897E-02  0.0000000E+00
  7.8507600E+01  1.5263685E-02 -6.3951730E-03 -8.8675129E-03  2.2235232E-02  0.0000000E+00
  7.8507600E+01  1.4955265E-02 -7.0311735E-03 -7.9223303E-03  2.1605761E-02  0.0000000E+00
  7.8507600E+01  1.4608009E-02 -7.7658754E-03 -6.8393275E-03  2.0998645E-02  0.0000000E+00
  7.8507600E+01  1.4209141E-02 -8.2824208E-03 -5.9219360E-03  2.0413847E-02  0.0000000E+00
  7.8507600E+01  1.3831099E-02 -8.5468700E-03 -5.2788026E-03  1.9855075E-02  0.0000000E+00
  7.8507600E+01  1.3489985E-02 -8.5533371E-03 -4.9328637E-03  1.9322792E-02  0.0000000E+00
  7.8507600E+01  1.3150571E-02 -8.3471438E-03 -4.8027436E-03  1.8815128E-02  0.0000000E+00
  7.8507600E+01  1.2751371E-02 -7.9235645E-03 -4.8281779E-03  1.8325512E-02  0.0000000E+00
  7.8507600E+01  1.2232023E-02 -7.2539690E-03 -4.9781493E-03  1.7849073E-02  0.0000000E+00
  7.8507600E+01  1.1583044E-02 -6.3901150E-03 -5.1936033E-03  1.7380751E-02  0.0000000E+00
  7.8507600E+01  1.0874766E-02 -5.5097710E-03 -5.3655003E-03  1.6919964E-02  0.0000000E+00
  7.8507600E+01  1.0173127E-02 -4.7523819E-03 -5.4188538E-03  1.6465849E-02  0.0000000E+00
  7.8507600E+01  9.5929405E-03 -4.2008086E-03 -5.3870757E-03  1.6020644E-02  0.0000000E+00
  7.8507600E+01  9.1540785E-03 -3.9150438E-03 -5.2331874E-03  1.5585213E-02  0.0000000E+00
  7.8507600E+01  8.8064143E-03 -3.7820931E-03 -5.0202766E-03  1.5161673E-02  0.0000000E+00
  7.8507600E+01  8.5211976E-03 -3.6932244E-03 -4.8261565E-03  1.4749936E-02  0.0000000E+00
  7.8507600E+01  8.2861993E-03 -3.6165689E-03 -4.6696815E-03  1.4350175E-02  0.0000000E+00
  7.8507600E+01  8.0760302E-03 -3.5726201E-03 -4.5061903E-03  1.3959766E-02  0.0000000E+00
  7.8507600E+01  7.8420636E-03 -3.5574175E-03 -4.2905754E-03  1.3577125E-02  0.0000000E+00
  7.8507600E+01  7.5600260E-03 -3.4824997E-03 -4.0828137E-03  1.3200301E-02  0.0000000E+00
  7.8507600E+01  7.2994588E-03 -3.3081725E-03 -3.9955415E-03  1.2830853E-02  0.0000000E+00
  7.8507600E+01  7.0459120E-03 -3.1573109E-03 -3.8906178E-03  1.2467593E-02  0.0000000E+00
  7.8507600E+01  6.7934104E-03 -3.1275461E-03 -3.6670447E-03  1.2111535E-02  0.0000000E+00
  7.8507600E+01  6.5333950E-03 -3.1597263E-03 -3.3744394E-03  1.1764738E-02  0.0000000E+00
  7.8507600E+01  6.2532524E-03 -3.1282413E-03 -3.1261462E-03  1.1432120E-02  0.0000000E+00
  7.8507600E+01  5.9339746E-03 -2.9605113E-03 -2.9752758E-03  1.1115652E-02  0.0000000E+00
  7.8507600E+01  5.5621506E-03 -2.7086543E-03 -2.8539064E-03  1.0815319E-02  0.0000000E+00
  7.8507600E+01  5.1553100E-03 -2.4999927E-03 -2.6558187E-03  1.0529737E-02  0.0000000E+00
  7.8507600E+01  4.7657015E-03 -2.3856621E-03 -2.3790049E-03  1.0258046E-02  0.0000000E+00
  7.8507600E+01  4.4294957E-03 -2.3521880E-03 -2.0770550E-03  9.9979702E-03  0.0000000E+00
  7.8507600E+01  4.1472211E-03 -2.3118395E-03 -1.8350567E-03  9.7466088E-03  0.0000000E+00
  7.8507600E+01  3.9146884E-03 -2.2503523E-03 -1.6637849E-03  9.5024743E-03  0.0000000E+00
  7.8507600E+01  3.7202604E-03 -2.1631981E-03 -1.5566986E-03  9.2658812E-03  0.0000000E+00
  7.8507600E+01  3.5458031E-03 -2.0409575E-03 -1.5045074E-03  9.0362745E-03  0.0000000E+00
  7.8507600E+01  3.3758558E-03 -1.8821975E-03 -1.4929451E-03  8.8142734E-03  0.0000000E+00
  7.8507600E+01  3.2018601E-03 -1.7002008E-03 -1.5008266E-03  8.6005590E-03  0.0000000E+00
  7.8507600E+01  3.0229005E-03 -1.5101034E-03 -1.5114938E-03  8.3964904E-03  0.0000000E+00
  7.8507600E+01  2.8155993E-03 -1.3348501E-03 -1.4791665E-03  8.2030949E-03  0.0000000E+00
  7.8507600E+01  2.5789248E-03 -1.2441442E-03 -1.3332149E-03  8.0209906E-03  0.0000000E+00
  7.8507600E+01  2.3529959E-03 -1.2461309E-03 -1.1055334E-03  7.8491227E-03  0.0000000E+00
  7.8507600E+01  2.1746284E-03 -1.2980508E-03 -8.7521211E-04  7.6871340E-03  0.0000000E+00
  7.8507600E+01  2.0581806E-03 -1.3544589E-03 -7.0201233E-04  7.5346707E-03  0.0000000E+00
  7.8507600E+01  1.9959183E-03 -1.3954891E-03 -5.9862889E-04  7.3920170E-03  0.0000000E+00
  7.8507600E+01  1.9654232E-03 -1.4344856E-03 -5.2970721E-04  7.2586633E-03  0.0000000E+00
  7.8507600E+01  1.9405401E-03 -1.5040925E-03 -4.3475632E-04  7.1342722E-03  0.0000000E+00
  7.8507600E+01  1.9013435E-03 -1.5923099E-03 -3.0920252E-04  7.0164815E-03  0.0000000E+00
  7.8507600E+01  1.8444327E-03 -1.6337012E-03 -2.1130235E-04  6.9032642E-03  0.0000000E+00
  7.8507600E+01  1.7720176E-03 -1.6269719E-03 -1.4652781E-04  6.7921698E-03  0.0000000E+00
  7.8507600E+01  1.6966042E-03 -1.5758682E-03 -1.2281917E-04  6.6828836E-03  0.0000000E+00
  7.8507600E+01 -6.0996808E-02  6.0966155E-02 -6.7817069E-06  1.1318412E-01  0.0000000E+00
  7.8507600E+01  5.5449104E-02  5.5472244E-02 -1.1096184E-01  1.1344545E-01  0.0000000E+00
  7.8507600E+01  5.9912026E-02  6.0133608E-02 -1.2009415E-01  1.1214130E-01  0.0000000E+00
  7.8507600E+01  4.9016953E-02  5.7730936E-02 -1.0683382E-01  1.1017105E-01  0.0000000E+00
  7.8507600E+01  5.0556412E-02  4.9122143E-02 -9.9814313E-02  1.0806687E-01  0.0000000E+00
  7.8507600E+01  5.4303882E-02  4.1572091E-02 -9.6053293E-02  1.0571477E-01  0.0000000E+00
  7.8507600E+01  5.7914084E-02  3.2084788E-02 -9.0160234E-02  1.0295531E-01  0.0000000E+00
  7.8507600E+01  6.1449436E-02  2.3168595E-02 -8.4691475E-02  9.9748547E-02  0.0000000E+00
  7.8507600E+01  6.5740610E-02  1.6230091E-02 -8.1967922E-02  9.6146733E-02  0.0000000E+00
  7.8507600E+01  6.8284373E-02  1.2173816E-02 -8.0443327E-02  9.2240510E-02  0.0000000E+00
  7.8507600E+01  6.9945843E-02  8.1514603E-03 -7.8063524E-02  8.8141789E-02  0.0000000E+00
  7.8507600E+01  7.2365050E-02  1.2966637E-04 -7.2424829E-02  8.4001180E-02  0.0000000E+00
  7.8507600E+01  7.3838990E-02 -8.8082085E-03 -6.4862349E-02  7.9957906E-02  0.0000000E+00
  7.8507600E+01  7.3958219E-02 -1.3235188E-02 -6.0518720E-02  7.6076715E-02  0.0000000E+00
  7.8507600E+01  7.3485733E-02 -1.4572188E-02 -5.8760341E-02  7.2423602E-02  0.0000000E+00
  7.8507600E+01  7.2469804E-02 -1.6532221E-02 -5.5852487E-02  6.9026892E-02  0.0000000E+00
  7.8507600E+01  7.0432335E-02 -1.8229185E-02 -5.2095781E-02  6.5872942E-02  0.0000000E+00
  7.8507600E+01  6.7878245E-02 -1.9681675E-02 -4.8117991E-02  6.2981474E-02  0.0000000E+00
  7.8507600E+01  6.6167219E-02 -2.1917691E-02 -4.4194271E-02  6.0373183E-02  0.0000000E+00
  7.8507600E+01  6.5961494E-02 -2.5974143E-02 -3.9977069E-02  5.8059113E-02  0.0000000E+00
  7.8507600E+01  6.5912441E-02 -3.0196814E-02 -3.5699054E-02  5.5989675E-02  0.0000000E+00
  7.8507600E+01  6.5043406E-02 -3.0542413E-02 -3.4424018E-02  5.4104130E-02  0.0000000E+00
  7.8507600E+01  6.3438449E-02 -2.6750205E-02 -3.6593078E-02  5.2364001E-02  0.0000000E+00
  7.8507600E+01  6.0649262E-02 -2.1618686E-02 -3.8969298E-02  5.0745708E-02  0.0000000E+00
  7.8507600E+01  5.6719992E-02 -1.6636764E-02 -4.0058256E-02  4.9227283E-02  0.0000000E+00
  7.8507600E+01  5.2417612E-02 -1.3267946E-02 -3.9114382E-02  4.7787519E-02  0.0000000E+00
  7.8507600E+01  4.8030025E-02 -1.1660480E-02 -3.6306961E-02  4.6400511E-02  0.0000000E+00
  7.8507600E+01  4.3736378E-02 -9.8052951E-03 -3.3877482E-02  4.5062169E-02  0.0000000E+00
  7.8507600E+01  3.9079859E-02 -5.7223015E-03 -3.3331951E-02  4.3769489E-02  0.0000000E+00
  7.8507600E+01  3.4955974E-02 -1.7495199E-03 -3.3211962E-02  4.2505660E-02  0.0000000E+00
  7.8507600E+01  3.2260079E-02 -5.8776565E-04 -3.1692713E-02  4.1270253E-02  0.0000000E+00
  7.8507600E+01  3.0172575E-02 -1.4540252E-03 -2.8754537E-02  4.0059207E-02  0.0000000E+00
  7.8507600E+01  2.7320094E-02 -1.4391409E-03 -2.5901681E-02  3.8871789E-02  0.0000000E+00
  7.8507600E+01  2.4728862E-02 -1.0838304E-03 -2.3639344E-02  3.7714089E-02  0.0000000E+00
  7.8507600E+01  2.3250780E-02 -1.3044961E-03 -2.1924065E-02  3.6585695E-02  0.0000000E+00
  7.8507600E+01  2.2095148E-02 -1.5347467E-03 -2.0542909E-02  3.5479517E-02  0.0000000E+00
  7.8507600E+01  2.0956494E-02 -1.8535342E-03 -1.9082598E-02  3.4391315E-02  0.0000000E+00
  7.8507600E+01  2.0135714E-02 -3.0555188E-03 -1.7057668E-02  3.3315301E-02  0.0000000E+00
  7.8507600E+01  1.9575100E-02 -5.2705955E-03 -1.4300591E-02  3.2250431E-02  0.0000000E+00
  7.8507600E+01  1.8690267E-02 -6.9622903E-03 -1.1724315E-02  3.1195243E-02  0.0000000E+00
  7.8507600E+01  1.7664383E-02 -7.2326353E-03 -1.0421162E-02  3.0149252E-02  0.0000000E+00
  7.8507600E+01  1.6839842E-02 -6.5640371E-03 -1.0261575E-02  2.9131301E-02  0.0000000E+00
  7.8507600E+01  1.6216785E-02 -5.5971922E-03 -1.0606434E-02  2.8148047E-02  0.0000000E+00
  7.8507600E+01  1.5673937E-02 -4.6989221E-03 -1.0965038E-02  2.7201581E-02  0.0000000E+00
  7.8507600E+01  1.5130373E-02 -3.9577210E-03 -1.1172513E-02  2.6296931E-02  0.0000000E+00
  7.8507600E+01  1.4595983E-02 -3.3294256E-03 -1.1273384E-02  2.5431973E-02  0.0000000E+00
  7.8507600E+01  1.4235958E-02 -2.9875023E-03 -1.1253289E-02  2.4602542E-02  0.0000000E+00
  7.8507600E+01  1.3976795E-02 -3.0191271E-03 -1.0959047E-02  2.3804732E-02  0.0000000E+00
  7.8507600E+01  1.3756442E-02 -3.4431629E-03 -1.0314096E-02  2.3030550E-02  0.0000000E+00
  7.8507600E+01  1.3689855E-02 -4.1794124E-03 -9.5116020E-03  2.2283009E-02  0.0000000E+00
  7.8507600E+01  1.3765526E-02 -4.8856286E-03 -8.8813894E-03  2.1562645E-02  0.0000000E+00
  7.8507600E+01  1.3881390E-02 -5.2545149E-03 -8.6286012E-03  2.0868405E-02  0.0000000E+00
  7.8507600E+01  1.3892697E-02 -5.2714477E-03 -8.6200536E-03  2.0202122E-02  0.0000000E+00
  7.8507600E+01  1.3708685E-02 -5.2535725E-03 -8.4484953E-03  1.9563966E-02  0.0000000E+00
  7.8507600E+01  1.3392552E-02 -5.4226760E-03 -7.9614397E-03  1.8955557E-02  0.0000000E+00
  7.8507600E+01  1.3101652E-02 -5.7636133E-03 -7.3306215E-03  1.8378745E-02  0.0000000E+00
  7.8507600E+01  1.2835692E-02 -6.1067035E-03 -6.7199257E-03  1.7829098E-02  0.0000000E+00
  7.8507600E+01  1.2564014E-02 -6.3709327E-03 -6.1814386E-03  1.7303088E-02  0.0000000E+00
  7.8507600E+01  1.2291445E-02 -6.5466583E-03 -5.7320816E-03  1.6800843E-02  0.0000000E+00
  7.8507600E+01  1.2014117E-02 -6.6027318E-03 -5.3986433E-03  1.6318889E-02  0.0000000E+00
  7.8507600E+01  1.1683803E-02 -6.4603513E-03 -5.2134771E-03  1.5856451E-02  0.0000000E+00
  7.8507600E+01  1.1215006E-02 -6.0528083E-03 -5.1558224E-03  1.5409738E-02  0.0000000E+00
  7.8507600E+01  1.0571719E-02 -5.4459273E-03 -5.1204808E-03  1.4976671E-02  0.0000000E+00
  7.8507600E+01  9.9095449E-03 -4.7464378E-03 -5.1576165E-03  1.4559054E-02  0.0000000E+00
  7.8507600E+01  9.3236212E-03 -4.0784706E-03 -5.2421184E-03  1.4157432E-02  0.0000000E+00
  7.8507600E+01  8.8418990E-03 -3.5478403E-03 -5.2937324E-03  1.3768431E-02  0.0000000E+00
  7.8507600E+01  8.4741441E-03 -3.2362196E-03 -5.2376825E-03  1.3389413E-02  0.0000000E+00
  7.8507600E+01  8.2032045E-03 -3.1518089E-03 -5.0510175E-03  1.3016979E-02  0.0000000E+00
  7.8507600E+01  7.9819841E-03 -3.1972117E-03 -4.7838050E-03  1.2649668E-02  0.0000000E+00
  7.8507600E+01  7.7414573E-03 -3.2020874E-03 -4.5354929E-03  1.2289712E-02  0.0000000E+00
  7.8507600E+01  7.4266814E-03 -3.0418278E-03 -4.3837120E-03  1.1938425E-02  0.0000000E+00
  7.8507600E+01  7.0450905E-03 -2.7120271E-03 -4.3314079E-03  1.1598639E-02  0.0000000E+00
  7.8507600E+01  6.6442988E-03 -2.4730584E-03 -4.1724682E-03  1.1269938E-02  0.0000000E+00
  7.8507600E+01  6.2828504E-03 -2.3211703E-03 -3.9619865E-03  1.0949437E-02  0.0000000E+00
  7.8507600E+01  5.9946904E-03 -2.2510145E-03 -3.7432496E-03  1.0635770E-02  0.0000000E+00
  7.8507600E+01  5.7743311E-03 -2.3073495E-03 -3.4665070E-03  1.0327213E-02  0.0000000E+00
  7.8507600E+01  5.5860320E-03 -2.5122266E-03 -3.0733011E-03  1.0024348E-02  0.0000000E+00
  7.8507600E+01  5.3874224E-03 -2.7739216E-03 -2.6149279E-03  9.7315488E-03  0.0000000E+00
  7.8507600E+01  5.1652773E-03 -2.8987648E-03 -2.2660336E-03  9.4522796E-03  0.0000000E+00
  7.8507600E+01  4.9273178E-03 -2.8418359E-03 -2.0871916E-03  9.1880360E-03  0.0000000E+00
  7.8507600E+01  4.6822125E-03 -2.5695741E-03 -2.1113355E-03  8.9391693E-03  0.0000000E+00
  7.8507600E+01  4.4366104E-03 -2.2633478E-03 -2.1727850E-03  8.7027190E-03  0.0000000E+00
  7.8507600E+01  4.1986816E-03 -2.0476646E-03 -2.1526914E-03  8.4777699E-03  0.0000000E+00
  7.8507600E+01  3.9685726E-03 -1.9445869E-03 -2.0263849E-03  8.2630387E-03  0.0000000E+00
  7.8507600E+01  3.7456235E-03 -1.9047222E-03 -1.8430815E-03  8.0579358E-03  0.0000000E+00
  7.8507600E+01  3.5380633E-03 -1.8611963E-03 -1.6787838E-03  7.8629450E-03  0.0000000E+00
  7.8507600E+01  3.3588681E-03 -1.7825464E-03 -1.5773393E-03  7.6768964E-03  0.0000000E+00
  7.8507600E+01  3.2016421E-03 -1.6737893E-03 -1.5283459E-03  7.4981782E-03  0.0000000E+00
  7.8507600E+01  3.0474884E-03 -1.5105279E-03 -1.5367472E-03  7.3267028E-03  0.0000000E+00
  7.8507600E+01  2.8799194E-03 -1.3303663E-03 -1.5487731E-03  7.1624821E-03  0.0000000E+00
  7.8507600E+01  2.6919845E-03 -1.2006778E-03 -1.4898639E-03  7.0057638E-03  0.0000000E+00
  7.8507600E+01  2.4887112E-03 -1.1801138E-03 -1.3068728E-03  6.8577562E-03  0.0000000E+00
  7.8507600E+01  2.2815155E-03 -1.2747644E-03 -1.0053204E-03  6.7190521E-03  0.0000000E+00
  7.8507600E+01  2.0896512E-03 -1.4291095E-03 -6.5972500E-04  6.5912898E-03  0.0000000E+00
  7.8507600E+01  1.9335408E-03 -1.5510909E-03 -3.8212440E-04  6.4749660E-03  0.0000000E+00
  7.8507600E+01  1.8238061E-03 -1.5693947E-03 -2.5412710E-04  6.3700306E-03  0.0000000E+00
  7.8507600E+01  1.7560450E-03 -1.5214607E-03 -2.3442935E-04  6.2759634E-03  0.0000000E+00
  7.8507600E+01  1.7162961E-03 -1.5124888E-03 -2.0400529E-04  6.1903173E-03  0.0000000E+00
  7.8507600E+01  1.6868936E-03 -1.5330871E-03 -1.5410288E-04  6.1093453E-03  0.0000000E+00
  7.8507600E+01  1.6535106E-03 -1.5438692E-03 -1.1011523E-04  6.0300668E-03  0.0000000E+00
  7.8507600E+01 -1.4898797E-01  1.4905946E-01  4.4313369E-17 -2.2046337E-02  0.0000000E+00
  7.8507600E+01 -1.5926711E-01  1.9369366E-01 -3.4371780E-02 -1.9455716E-02  0.0000000E+00
  7.8507600E+01 -6.4191209E-02  7.6810697E-02 -1.2569985E-02 -1.0722983E-02  0.0000000E+00
  7.8507600E+01 -2.8691520E-02  8.8522278E-03  1.9890026E-02 -4.2187377E-03  0.0000000E+00
  7.8507600E+01 -1.3859172E-02 -1.8945328E-02  3.2737639E-02 -3.0162356E-04  0.0000000E+00
  7.8507600E+01 -5.2549672E-03 -2.1532077E-02  2.6650638E-02  2.0972312E-03  0.0000000E+00
  7.8507600E+01  2.1650884E-03 -1.3764401E-02  1.1528846E-02  3.6885783E-03  0.0000000E+00
  7.8507600E+01  8.4448726E-03 -3.9806807E-03 -4.4713815E-03  4.8682947E-03  0.0000000E+00
  7.8507600E+01  1.3094433E-02  2.9646037E-03 -1.6054903E-02  5.8545853E-03  0.0000000E+00
  7.8507600E+01  1.7181475E-02  6.0376541E-03 -2.3242093E-02  6.7531733E-03  0.0000000E+00
  7.8507600E+01  2.2313170E-02  5.6858222E-03 -2.8049745E-02  7.5898630E-03  0.0000000E+00
  7.8507600E+01  2.7850692E-02  3.6032959E-03 -3.1506672E-02  8.3504162E-03  0.0000000E+00
  7.8507600E+01  3.2092676E-02  1.5768089E-03 -3.3648774E-02  9.0276913E-03  0.0000000E+00
  7.8507600E+01  3.4539028E-02 -3.0315860E-04 -3.4130049E-02  9.6280558E-03  0.0000000E+00
  7.8507600E+01  3.5460140E-02 -2.3565273E-03 -3.2976097E-02  1.0148578E-02  0.0000000E+00
  7.8507600E+01  3.5329299E-02 -3.8867153E-03 -3.1373948E-02  1.0584036E-02  0.0000000E+00
  7.8507600E+01  3.4695292E-02 -4.9155024E-03 -2.9771643E-02  1.0938115E-02  0.0000000E+00
  7.8507600E+01  3.4049562E-02 -6.2382990E-03 -2.7834278E-02  1.1221859E-02  0.0000000E+00
  7.8507600E+01  3.3285427E-02 -7.1673442E-03 -2.6143877E-02  1.1443426E-02  0.0000000E+00
  7.8507600E+01  3.2041779E-02 -6.7189282E-03 -2.5351290E-02  1.1605400E-02  0.0000000E+00
  7.8507600E+01  3.0521307E-02 -5.7073130E-03 -2.4830250E-02  1.1713826E-02  0.0000000E+00
  7.8507600E+01  2.8846221E-02 -5.3179866E-03 -2.3509479E-02  1.1783023E-02  0.0000000E+00
  7.8507600E+01  2.7392356E-02 -5.5342168E-03 -2.1816717E-02  1.1817312E-02  0.0000000E+00
  7.8507600E+01  2.6218541E-02 -5.9201979E-03 -2.0266075E-02  1.1817415E-02  0.0000000E+00
  7.8507600E+01  2.5080385E-02 -6.0238775E-03 -1.9038221E-02  1.1783745E-02  0.0000000E+00
  7.8507600E+01  2.3861234E-02 -5.9333732E-03 -1.7912581E-02  1.1718488E-02  0.0000000E+00
  7.8507600E+01  2.2259803E-02 -5.5838371E-03 -1.6667565E-02  1.1622216E-02  0.0000000E+00
  7.8507600E+01  2.0090554E-02 -4.1958269E-03 -1.5875645E-02  1.1496904E-02  0.0000000E+00
  7.8507600E+01  1.8255766E-02 -2.6900247E-03 -1.5535714E-02  1.1346111E-02  0.0000000E+00
  7.8507600E+01  1.7040386E-02 -1.7699621E-03 -1.5246076E-02  1.1173790E-02  0.0000000E+00
  7.8507600E+01  1.6043786E-02 -1.2062284E-03 -1.4830190E-02  1.0982857E-02  0.0000000E+00
  7.8507600E+01  1.5034737E-02 -7.0643155E-04 -1.4321810E-02  1.0773787E-02  0.0000000E+00
  7.8507600E+01  1.4084977E-02 -3.1254377E-04 -1.3753598E-02  1.0545755E-02  0.0000000E+00
  7.8507600E+01  1.3245728E-02 -2.2105625E-04 -1.3001977E-02  1.0302164E-02  0.0000000E+00
  7.8507600E+01  1.2754150E-02 -5.4974282E-04 -1.2185332E-02  1.0046694E-02  0.0000000E+00
  7.8507600E+01  1.2455752E-02 -8.6855222E-04 -1.1571314E-02  9.7825041E-03  0.0000000E+00
  7.8507600E+01  1.2192230E-02 -9.8732356E-04 -1.1196756E-02  9.5130559E-03  0.0000000E+00
  7.8507600E+01  1.1902143E-02 -1.0620974E-03 -1.0839010E-02  9.2398012E-03  0.0000000E+00
  7.8507600E+01  1.1642060E-02 -1.4209625E-03 -1.0215701E-02  8.9618064E-03  0.0000000E+00
  7.8507600E+01  1.1527524E-02 -2.2442016E-03 -9.2731788E-03  8.6808275E-03  0.0000000E+00
  7.8507600E+01  1.1528513E-02 -3.3526692E-03 -8.1675431E-03  8.4006848E-03  0.0000000E+00
  7.8507600E+01  1.1621110E-02 -4.3812094E-03 -7.2325929E-03  8.1234339E-03  0.0000000E+00
  7.8507600E+01  1.1870238E-02 -4.9085537E-03 -6.9546164E-03  7.8521520E-03  0.0000000E+00
  7.8507600E+01  1.2241504E-02 -4.9537943E-03 -7.2846228E-03  7.5901714E-03  0.0000000E+00
  7.8507600E+01  1.2574401E-02 -4.8333506E-03 -7.7419034E-03  7.3404967E-03  0.0000000E+00
  7.8507600E+01  1.2713463E-02 -4.7849357E-03 -7.9307210E-03  7.1054285E-03  0.0000000E+00
  7.8507600E+01  1.2639875E-02 -4.7463892E-03 -7.8953259E-03  6.8839851E-03  0.0000000E+00
  7.8507600E+01  1.2424069E-02 -4.7932701E-03 -7.6338514E-03  6.6764583E-03  0.0000000E+00
  7.8507600E+01  1.2109515E-02 -5.0254015E-03 -7.0867958E-03  6.4838119E-03  0.0000000E+00
  7.8507600E+01  1.1693743E-02 -5.2899769E-03 -6.4048855E-03  6.3076505E-03  0.0000000E+00
  7.8507600E+01  1.1233490E-02 -5.4330046E-03 -5.8002709E-03  6.1484682E-03  0.0000000E+00
  7.8507600E+01  1.0811031E-02 -5.3960549E-03 -5.4143493E-03  6.0052869E-03  0.0000000E+00
  7.8507600E+01  1.0463792E-02 -5.2235704E-03 -5.2381834E-03  5.8746542E-03  0.0000000E+00
  7.8507600E+01  1.0148034E-02 -5.0004630E-03 -5.1447060E-03  5.7523018E-03  0.0000000E+00
  7.8507600E+01  9.8180236E-03 -4.7742874E-03 -5.0418069E-03  5.6366035E-03  0.0000000E+00
  7.8507600E+01  9.4285507E-03 -4.5611074E-03 -4.8666500E-03  5.5261030E-03  0.0000000E+00
  7.8507600E+01  9.0000586E-03 -4.2738581E-03 -4.7259223E-03  5.4201907E-03  0.0000000E+00
  7.8507600E+01  8.5913989E-03 -3.8816067E-03 -4.7102320E-03  5.3204564E-03  0.0000000E+00
  7.8507600E+01  8.2508200E-03 -3.4316653E-03 -4.8214140E-03  5.2266778E-03  0.0000000E+00
  7.8507600E+01  7.9896003E-03 -3.0162454E-03 -4.9764914E-03  5.1357885E-03  0.0000000E+00
  7.8507600E+01  7.7679316E-03 -2.7141901E-03 -5.0565915E-03  5.0441294E-03  0.0000000E+00
  7.8507600E+01  7.5177977E-03 -2.5343096E-03 -4.9854203E-03  4.9498546E-03  0.0000000E+00
  7.8507600E+01  7.2384842E-03 -2.4249993E-03 -4.8132074E-03  4.8531957E-03  0.0000000E+00
  7.8507600E+01  6.9434540E-03 -2.3117949E-03 -4.6297648E-03  4.7557905E-03  0.0000000E+00
  7.8507600E+01  6.6203128E-03 -2.1202048E-03 -4.4976751E-03  4.6591844E-03  0.0000000E+00
  7.8507600E+01  6.2629827E-03 -1.8968315E-03 -4.3645565E-03  4.5643419E-03  0.0000000E+00
  7.8507600E+01  5.8864024E-03 -1.7285984E-03 -4.1570832E-03  4.4717331E-03  0.0000000E+00
  7.8507600E+01  5.5239512E-03 -1.6792046E-03 -3.8447739E-03  4.3814600E-03  0.0000000E+00
  7.8507600E+01  5.2031847E-03 -1.7523949E-03 -3.4512277E-03  4.2932206E-03  0.0000000E+00
  7.8507600E+01  4.9268744E-03 -1.8992270E-03 -3.0276423E-03  4.2063391E-03  0.0000000E+00
  7.8507600E+01  4.6777291E-03 -2.0730878E-03 -2.6049463E-03  4.1200701E-03  0.0000000E+00
  7.8507600E+01  4.4373658E-03 -2.2553563E-03 -2.1829049E-03  4.0347982E-03  0.0000000E+00
  7.8507600E+01  4.2380229E-03 -2.3897613E-03 -1.8499276E-03  3.9519128E-03  0.0000000E+00
  7.8507600E+01  4.0758146E-03 -2.4044568E-03 -1.6728539E-03  3.8731501E-03  0.0000000E+00
  7.8507600E+01  3.9414666E-03 -2.2917159E-03 -1.6510362E-03  3.7998107E-03  0.0000000E+00
  7.8507600E+01  3.8303651E-03 -2.1014629E-03 -1.7299818E-03  3.7324278E-03  0.0000000E+00
  7.8507600E+01  3.7401796E-03 -1.9105238E-03 -1.8302959E-03  3.6710145E-03  0.0000000E+00
  7.8507600E+01  3.6664257E-03 -1.7834017E-03 -1.8832268E-03  3.6154736E-03  0.0000000E+00
  7.8507600E+01  3.6063301E-03 -1.7403788E-03 -1.8641179E-03  3.5657547E-03  0.0000000E+00
  7.8507600E+01  3.5211611E-03 -1.7230986E-03 -1.7961427E-03  3.5217573E-03  0.0000000E+00
  7.8507600E+01  3.4017623E-03 -1.7125111E-03 -1.6867051E-03  3.4835558E-03  0.0000000E+00
  7.8507600E+01  3.2494271E-03 -1.6872720E-03 -1.5601646E-03  3.4507351E-03  0.0000000E+00
  7.8507600E+01  3.0825051E-03 -1.6230573E-03 -1.4583547E-03  3.4218155E-03  0.0000000E+00
  7.8507600E+01  2.9236940E-03 -1.5288459E-03 -1.3938897E-03  3.3951033E-03  0.0000000E+00
  7.8507600E+01  2.7844925E-03 -1.4399149E-03 -1.3430557E-03  3.3695705E-03  0.0000000E+00
  7.8507600E+01  2.6579059E-03 -1.3914118E-03 -1.2645620E-03  3.3454455E-03  0.0000000E+00
  7.8507600E+01  2.5255512E-03 -1.3949193E-03 -1.1283943E-03  3.3242350E-03  0.0000000E+00
  7.8507600E+01  2.3824878E-03 -1.4404783E-03 -9.3973805E-04  3.3081068E-03  0.0000000E+00
  7.8507600E+01  2.2422877E-03 -1.5037178E-03 -7.3648531E-04  3.2990927E-03  0.0000000E+00
  7.8507600E+01  2.1060150E-03 -1.5496486E-03 -5.5459905E-04  3.2990156E-03  0.0000000E+00
  7.8507600E+01  1.9706763E-03 -1.5581930E-03 -4.1166137E-04  3.3079556E-03  0.0000000E+00
  7.8507600E+01  1.8393816E-03 -1.5230031E-03 -3.1614134E-04  3.3244334E-03  0.0000000E+00
  7.8507600E+01  1.7197622E-03 -1.4533956E-03 -2.6618805E-04  3.3460305E-03  0.0000000E+00
  7.8507600E+01  1.6184415E-03 -1.3748568E-03 -2.4321692E-04  3.3698433E-03  0.0000000E+00
  7.8507600E+01  1.5363634E-03 -1.3230532E-03 -2.1259530E-04  3.3930216E-03  0.0000000E+00
  7.8507600E+01  1.4697874E-03 -1.3262820E-03 -1.4373387E-04  3.4136467E-03  0.0000000E+00
  7.8507600E+01  1.4146377E-03 -1.3607889E-03 -5.3870508E-05  3.4305149E-03  0.0000000E+00
  7.8507600E+01  1.3713448E-03 -1.3647206E-03 -7.3541526E-06  3.4441639E-03  0.0000000E+00
  7.8507600E+01  1.3282008E-03 -1.2997540E-03 -2.9427635E-05  3.4555866E-03  0.0000000E+00
  7.8507600E+01  1.2683606E-03 -1.1752263E-03 -9.4093416E-05  3.4662186E-03  0.0000000E+00
  7.8507600E+01  8.4269019E-04 -8.3180144E-04 -4.2636245E-06  2.8522348E-02  0.0000000E+00
  7.8507600E+01 -2.3515664E-03  4.1013736E-02 -3.8651631E-02  2.8786432E-02  0.0000000E+00
  7.8507600E+01 -1.3333669E-02  5.3876473E-02 -4.0548352E-02  2.7880034E-02  0.0000000E+00
  7.8507600E+01  8.1479112E-03  3.4135528E-02 -4.2298363E-02  2.6938683E-02  0.0000000E+00
  7.8507600E+01  5.1354616E-02  6.1942571E-04 -5.2020059E-02  2.6402314E-02  0.0000000E+00
  7.8507600E+01  8.5970890E-02 -2.2439646E-02 -6.3588696E-02  2.5843519E-02  0.0000000E+00
  7.8507600E+01  8.6993468E-02 -2.0243957E-02 -6.6773341E-02  2.4728329E-02  0.0000000E+00
  7.8507600E+01  6.4251406E-02 -3.7162289E-03 -6.0541533E-02  2.2740025E-02  0.0000000E+00
  7.8507600E+01  4.0874495E-02  8.8447285E-03 -4.9731464E-02  1.9871352E-02  0.0000000E+00
  7.8507600E+01  2.8087001E-02  9.1657769E-03 -3.7276674E-02  1.6314294E-02  0.0000000E+00
  7.8507600E+01  2.3236689E-02  2.8019710E-03 -2.6043587E-02  1.2356445E-02  0.0000000E+00
  7.8507600E+01  2.0806286E-02 -2.2538828E-03 -1.8539227E-02  8.3071006E-03  0.0000000E+00
  7.8507600E+01  1.9247504E-02 -4.2719917E-03 -1.4967361E-02  4.4259319E-03  0.0000000E+00
  7.8507600E+01  1.9000452E-02 -5.2666917E-03 -1.3730689E-02  8.7280785E-04  0.0000000E+00
  7.8507600E+01  1.9899755E-02 -6.0176668E-03 -1.3878734E-02 -2.2789487E-03  0.0000000E+00
  7.8507600E+01  2.1163996E-02 -5.4664439E-03 -1.5698814E-02 -5.0127448E-03  0.0000000E+00
  7.8507600E+01  2.2497898E-02 -3.9315509E-03 -1.8561711E-02 -7.3524818E-03  0.0000000E+00
  7.8507600E+01  2.4138266E-02 -3.2329283E-03 -2.0901136E-02 -9.3245518E-03  0.0000000E+00
  7.8507600E+01  2.5719587E-02 -4.0775080E-03 -2.1641100E-02 -1.0970230E-02  0.0000000E+00
  7.8507600E+01  2.6708311E-02 -6.1479027E-03 -2.0544837E-02 -1.2322983E-02  0.0000000E+00
  7.8507600E+01  2.7151534E-02 -8.7468304E-03 -1.8369954E-02 -1.3414472E-02  0.0000000E+00
  7.8507600E+01  2.6969917E-02 -1.0251021E-02 -1.6696264E-02 -1.4270492E-02  0.0000000E+00
  7.8507600E+01  2.6793721E-02 -1.0770358E-02 -1.6009208E-02 -1.4913774E-02  0.0000000E+00
  7.8507600E+01  2.6853992E-02 -1.0663037E-02 -1.6158966E-02 -1.5368022E-02  0.0000000E+00
  7.8507600E+01  2.6710953E-02 -9.9198936E-03 -1.6731280E-02 -1.5659359E-02  0.0000000E+00
  7.8507600E+01  2.5995426E-02 -8.8935231E-03 -1.7029131E-02 -1.5813139E-02  0.0000000E+00
  7.8507600E+01  2.4626071E-02 -7.9443253E-03 -1.6616676E-02 -1.5857794E-02  0.0000000E+00
  7.8507600E+01  2.2804540E-02 -6.8384626E-03 -1.5916384E-02 -1.5817785E-02  0.0000000E+00
  7.8507600E+01  2.1211955E-02 -6.0383269E-03 -1.5130441E-02 -1.5715563E-02  0.0000000E+00
  7.8507600E+01  1.9936860E-02 -5.6393336E-03 -1.4258414E-02 -1.5568696E-02  0.0000000E+00
  7.8507600E+01  1.8722524E-02 -5.3030390E-03 -1.3393187E-02 -1.5387755E-02  0.0000000E+00
  7.8507600E+01  1.7595136E-02 -5.4190183E-03 -1.2159834E-02 -1.5176604E-02  0.0000000E+00
  7.8507600E+01  1.6731862E-02 -6.0853200E-03 -1.0633528E-02 -1.4934506E-02  0.0000000E+00
  7.8507600E+01  1.6160403E-02 -6.2759828E-03 -9.8601887E-03 -1.4662218E-02  0.0000000E+00
  7.8507600E+01  1.5253884E-02 -4.9539139E-03 -1.0273019E-02 -1.4364516E-02  0.0000000E+00
  7.8507600E+01  1.4094621E-02 -3.1063640E-03 -1.0979560E-02 -1.4048859E-02  0.0000000E+00
  7.8507600E+01  1.3231790E-02 -1.8173083E-03 -1.1423005E-02 -1.3721169E-02  0.0000000E+00
  7.8507600E+01  1.2855408E-02 -1.3210133E-03 -1.1543181E-02 -1.3386768E-02  0.0000000E+00
  7.8507600E+01  1.2511948E-02 -1.4208618E-03 -1.1101651E-02 -1.3053484E-02  0.0000000E+00
  7.8507600E+01  1.1770871E-02 -1.7991174E-03 -9.9810675E-03 -1.2725179E-02  0.0000000E+00
  7.8507600E+01  1.0934453E-02 -2.3039808E-03 -8.6314516E-03 -1.2402922E-02  0.0000000E+00
  7.8507600E+01  1.0477172E-02 -2.9445039E-03 -7.5303632E-03 -1.2081754E-02  0.0000000E+00
  7.8507600E+01  1.0370935E-02 -3.8153147E-03 -6.5554004E-03 -1.1760409E-02  0.0000000E+00
  7.8507600E+01  1.0378265E-02 -4.7071524E-03 -5.6754382E-03 -1.1444228E-02  0.0000000E+00
  7.8507600E+01  1.0381001E-02 -5.2488811E-03 -5.1404306E-03 -1.1137507E-02  0.0000000E+00
  7.8507600E+01  1.0463404E-02 -5.2847433E-03 -5.1828420E-03 -1.0840824E-02  0.0000000E+00
  7.8507600E+01  1.0708689E-02 -5.1451621E-03 -5.5676895E-03 -1.0549402E-02  0.0000000E+00
  7.8507600E+01  1.0978333E-02 -5.1145610E-03 -5.8634551E-03 -1.0260385E-02  0.0000000E+00
  7.8507600E+01  1.1267294E-02 -5.0825552E-03 -6.1855574E-03 -9.9731211E-03  0.0000000E+00
  7.8507600E+01  1.1516990E-02 -5.0019397E-03 -6.5144887E-03 -9.6877080E-03  0.0000000E+00
  7.8507600E+01  1.1655937E-02 -4.9759860E-03 -6.6791913E-03 -9.4021829E-03  0.0000000E+00
  7.8507600E+01  1.1610248E-02 -5.0259414E-03 -6.5837694E-03 -9.1155077E-03  0.0000000E+00
  7.8507600E+01  1.1346099E-02 -5.0590312E-03 -6.2863588E-03 -8.8244590E-03  0.0000000E+00
  7.8507600E+01  1.0909820E-02 -4.9912235E-03 -5.9172478E-03 -8.5268993E-03  0.0000000E+00
  7.8507600E+01  1.0417593E-02 -4.8858976E-03 -5.5293395E-03 -8.2235706E-03  0.0000000E+00
  7.8507600E+01  9.9050831E-03 -4.7720533E-03 -5.1292746E-03 -7.9160550E-03  0.0000000E+00
  7.8507600E+01  9.4382717E-03 -4.5424189E-03 -4.8916512E-03 -7.6060812E-03  0.0000000E+00
  7.8507600E+01  9.0254892E-03 -4.2743040E-03 -4.7482468E-03 -7.2962540E-03  0.0000000E+00
  7.8507600E+01  8.6153386E-03 -3.9894133E-03 -4.6239741E-03 -6.9889101E-03  0.0000000E+00
  7.8507600E+01  8.1634072E-03 -3.6138269E-03 -4.5480927E-03 -6.6854105E-03  0.0000000E+00
  7.8507600E+01  7.7013122E-03 -3.1086721E-03 -4.5911234E-03 -6.3890097E-03  0.0000000E+00
  7.8507600E+01  7.3340939E-03 -2.5741078E-03 -4.7587796E-03 -6.1012716E-03  0.0000000E+00
  7.8507600E+01  7.1211068E-03 -2.1397075E-03 -4.9813197E-03 -5.8236614E-03  0.0000000E+00
  7.8507600E+01  6.9981826E-03 -1.8695264E-03 -5.1295183E-03 -5.5583396E-03  0.0000000E+00
  7.8507600E+01  6.8810336E-03 -1.7090198E-03 -5.1719308E-03 -5.3070923E-03  0.0000000E+00
  7.8507600E+01  6.7227901E-03 -1.5652162E-03 -5.1553361E-03 -5.0694651E-03  0.0000000E+00
  7.8507600E+01  6.5074789E-03 -1.4370212E-03 -5.0667236E-03 -4.8434563E-03  0.0000000E+00
  7.8507600E+01  6.2318529E-03 -1.3807746E-03 -4.8467014E-03 -4.6270624E-03  0.0000000E+00
  7.8507600E+01  5.8945979E-03 -1.4249879E-03 -4.4652601E-03 -4.4185307E-03  0.0000000E+00
  7.8507600E+01  5.5024309E-03 -1.5265424E-03 -3.9728143E-03 -4.2177932E-03  0.0000000E+00
  7.8507600E+01  5.0849947E-03 -1.6493638E-03 -3.4343167E-03 -4.0238393E-03  0.0000000E+00
  7.8507600E+01  4.6855600E-03 -1.8372984E-03 -2.8489982E-03 -3.8362960E-03  0.0000000E+00
  7.8507600E+01  4.3565389E-03 -2.0480013E-03 -2.3098625E-03 -3.6552700E-03  0.0000000E+00
  7.8507600E+01  4.0846623E-03 -2.1874557E-03 -1.8990693E-03 -3.4807496E-03  0.0000000E+00
  7.8507600E+01  3.8447319E-03 -2.2260823E-03 -1.6209004E-03 -3.3123124E-03  0.0000000E+00
  7.8507600E+01  3.6323704E-03 -2.2005863E-03 -1.4332929E-03 -3.1491975E-03  0.0000000E+00
  7.8507600E+01  3.4628050E-03 -2.1718965E-03 -1.2909955E-03 -2.9901208E-03  0.0000000E+00
  7.8507600E+01  3.3525384E-03 -2.1685182E-03 -1.1839718E-03 -2.8344750E-03  0.0000000E+00
  7.8507600E+01  3.2947411E-03 -2.1437174E-03 -1.1494835E-03 -2.6806006E-03  0.0000000E+00
  7.8507600E+01  3.2573398E-03 -2.0301786E-03 -1.2275873E-03 -2.5270148E-03  0.0000000E+00
  7.8507600E+01  3.2240641E-03 -1.8711179E-03 -1.3528747E-03 -2.3730490E-03  0.0000000E+00
  7.8507600E+01  3.1818615E-03 -1.7802591E-03 -1.4020007E-03 -2.2186101E-03  0.0000000E+00
  7.8507600E+01  3.1198903E-03 -1.7576938E-03 -1.3631000E-03 -2.0641798E-03  0.0000000E+00
  7.8507600E+01  3.0396686E-03 -1.7510932E-03 -1.2897744E-03 -1.9104755E-03  0.0000000E+00
  7.8507600E+01  2.9513398E-03 -1.7178467E-03 -1.2353917E-03 -1.7586019E-03  0.0000000E+00
  7.8507600E+01  2.8642606E-03 -1.6614109E-03 -1.2051200E-03 -1.6098226E-03  0.0000000E+00
  7.8507600E+01  2.7816355E-03 -1.6248709E-03 -1.1577917E-03 -1.4658870E-03  0.0000000E+00
  7.8507600E+01  2.7010566E-03 -1.6206315E-03 -1.0802847E-03 -1.3260129E-03  0.0000000E+00
  7.8507600E+01  2.6049965E-03 -1.6243202E-03 -9.7935494E-04 -1.1887325E-03  0.0000000E+00
  7.8507600E+01  2.4914227E-03 -1.6184705E-03 -8.7157074E-04 -1.0514042E-03  0.0000000E+00
  7.8507600E+01  2.3678767E-03 -1.5785655E-03 -7.8790492E-04 -9.1110354E-04  0.0000000E+00
  7.8507600E+01  2.2407175E-03 -1.5064326E-03 -7.3299607E-04 -7.6587017E-04  0.0000000E+00
  7.8507600E+01  2.1107634E-03 -1.4250825E-03 -6.8433308E-04 -6.1559658E-04  0.0000000E+00
  7.8507600E+01  1.9747858E-03 -1.3595829E-03 -6.1335518E-04 -4.6189457E-04  0.0000000E+00
  7.8507600E+01  1.8296912E-03 -1.3194077E-03 -5.0816051E-04 -3.0718424E-04  0.0000000E+00
  7.8507600E+01  1.6780894E-03 -1.2981024E-03 -3.7897977E-04 -1.5519117E-04  0.0000000E+00
  7.8507600E+01  1.5295579E-03 -1.2837721E-03 -2.4500994E-04 -8.2144362E-06  0.0000000E+00
  7.8507600E+01  1.4019069E-03 -1.2942425E-03 -1.0752659E-04  1.3223842E-04  0.0000000E+00
  7.8507600E+01  1.3034260E-03 -1.3032479E-03 -2.2962545E-07  2.6566696E-04  0.0000000E+00
  7.8507600E+01  1.2351266E-03 -1.2915219E-03  5.6072014E-05  3.9247827E-04  0.0000000E+00
