          atime         tdf_uu         tdf_vv         tdf_ww         pm1avg           tavg
  7.8507600E+01 -5.5823973E-07 -2.5854960E-08  2.8019466E-08 -1.6610282E-01  0.0000000E+00
  7.8507600E+01  3.3192716E-02  3.8685042E-03 -5.3643182E-03 -1.5595039E-01  0.0000000E+00
  7.8507600E+01 -2.4219128E-02  9.7965265E-03 -5.7774614E-02 -1.3835731E-01  0.0000000E+00
  7.8507600E+01 -1.0823919E-02 -3.3788370E-03 -1.2471415E-02 -1.2275543E-01  0.0000000E+00
  7.8507600E+01 -2.0924498E-02 -1.3466021E-02  1.2796122E-02 -1.1106183E-01  0.0000000E+00
  7.8507600E+01 -2.0242880E-02 -1.3492295E-02  1.2881707E-02 -1.0210151E-01  0.0000000E+00
  7.8507600E+01 -1.1294104E-02 -1.3388949E-02  1.0106879E-02 -9.4979763E-02  0.0000000E+00
  7.8507600E+01 -8.8762763E-03 -1.6581862E-02  7.6655214E-03 -8.9197737E-02  0.0000000E+00
  7.8507600E+01 -6.8071630E-03 -2.1615509E-02  3.1458830E-03 -8.4401720E-02  0.0000000E+00
  7.8507600E+01 -3.8785078E-03 -2.6189744E-02 -1.7381558E-03 -8.0317187E-02  0.0000000E+00
  7.8507600E+01 -5.6540986E-03 -2.9446038E-02 -7.4274479E-03 -7.6772222E-02  0.0000000E+00
  7.8507600E+01 -9.2410721E-03 -3.1379178E-02 -1.1234884E-02 -7.3619448E-02  0.0000000E+00
  7.8507600E+01 -1.1650594E-02 -3.1281404E-02 -1.1277271E-02 -7.0759602E-02  0.0000000E+00
  7.8507600E+01 -1.3759411E-02 -2.8768943E-02 -9.6421147E-03 -6.8142782E-02  0.0000000E+00
  7.8507600E+01 -1.5068734E-02 -2.4777604E-02 -8.6662635E-03 -6.5718719E-02  0.0000000E+00
  7.8507600E+01 -1.6763804E-02 -2.0291639E-02 -8.3896479E-03 -6.3448271E-02  0.0000000E+00
  7.8507600E+01 -1.8935683E-02 -1.5314656E-02 -7.5090650E-03 -6.1309144E-02  0.0000000E+00
  7.8507600E+01 -1.9080959E-02 -1.0574799E-02 -5.7793752E-03 -5.9265877E-02  0.0000000E+00
  7.8507600E+01 -1.7658515E-02 -6.5626790E-03 -5.1496954E-03 -5.7294737E-02  0.0000000E+00
  7.8507600E+01 -1.5187291E-02 -2.5819184E-03 -5.5067611E-03 -5.5378103E-02  0.0000000E+00
  7.8507600E+01 -1.1829120E-02  1.3825744E-03 -5.4187707E-03 -5.3514610E-02  0.0000000E+00
  7.8507600E+01 -8.6525074E-03  5.0613093E-03 -4.1254967E-03 -5.1696253E-02  0.0000000E+00
  7.8507600E+01 -7.3715369E-03  8.0740022E-03 -2.0019812E-03 -4.9920196E-02  0.0000000E+00
  7.8507600E+01 -7.2955733E-03  9.6139808E-03  3.0156648E-05 -4.8195321E-02  0.0000000E+00
  7.8507600E+01 -5.9035250E-03  9.3733473E-03  2.1070217E-03 -4.6523742E-02  0.0000000E+00
  7.8507600E+01 -3.2973305E-03  7.8833654E-03  5.0137652E-03 -4.4911273E-02  0.0000000E+00
  7.8507600E+01 -2.0769205E-03  6.0328677E-03  8.0127565E-03 -4.3369959E-02  0.0000000E+00
  7.8507600E+01 -1.1529655E-03  4.6850127E-03  9.2390419E-03 -4.1894826E-02  0.0000000E+00
  7.8507600E+01 -6.6799135E-04  4.4921466E-03  7.1678782E-03 -4.0480678E-02  0.0000000E+00
  7.8507600E+01 -1.5617310E-03  4.6274880E-03  4.6419052E-03 -3.9118191E-02  0.0000000E+00
  7.8507600E+01 -3.1165955E-03  4.8783797E-03  4.6456183E-03 -3.7807075E-02  0.0000000E+00
  7.8507600E+01 -2.5114462E-03  4.7932202E-03  5.4947375E-03 -3.6546435E-02  0.0000000E+00
  7.8507600E+01 -1.3182737E-03  4.0153089E-03  4.9386204E-03 -3.5340116E-02  0.0000000E+00
  7.8507600E+01  1.1481304E-03  2.9750015E-03  3.0804408E-03 -3.4194499E-02  0.0000000E+00
  7.8507600E+01  3.1406921E-03  2.6220051E-03  2.3843879E-03 -3.3102329E-02  0.0000000E+00
  7.8507600E+01  4.3147586E-03  3.0764158E-03  2.8102091E-03 -3.2052280E-02  0.0000000E+00
  7.8507600E+01  5.3033443E-03  3.9538564E-03  2.9048227E-03 -3.1037261E-02  0.0000000E+00
  7.8507600E+01  6.2582045E-03  4.8273149E-03  2.0573306E-03 -3.0047617E-02  0.0000000E+00
  7.8507600E+01  7.5782941E-03  5.4821734E-03  8.5439947E-04 -2.9080180E-02  0.0000000E+00
  7.8507600E+01  8.1707222E-03  5.9429582E-03 -4.4929032E-04 -2.8138485E-02  0.0000000E+00
  7.8507600E+01  6.8481372E-03  6.0690841E-03 -1.5965108E-03 -2.7221173E-02  0.0000000E+00
  7.8507600E+01  5.5497446E-03  5.5750297E-03 -2.1097436E-03 -2.6332245E-02  0.0000000E+00
  7.8507600E+01  4.3907843E-03  4.8462541E-03 -1.7081832E-03 -2.5472732E-02  0.0000000E+00
  7.8507600E+01  3.2117334E-03  4.2061908E-03 -9.1991514E-04 -2.4647428E-02  0.0000000E+00
  7.8507600E+01  2.5546367E-03  3.5976178E-03 -4.0128970E-04 -2.3852801E-02  0.0000000E+00
  7.8507600E+01  2.9686366E-03  2.8300130E-03 -1.2107306E-04 -2.3080864E-02  0.0000000E+00
  7.8507600E+01  2.9983538E-03  2.0932788E-03  2.9526765E-04 -2.2329793E-02  0.0000000E+00
  7.8507600E+01  4.4488489E-03  1.4468103E-03  8.2285817E-04 -2.1594725E-02  0.0000000E+00
  7.8507600E+01  4.5099817E-03  1.1302364E-03  7.9389692E-04 -2.0873867E-02  0.0000000E+00
  7.8507600E+01  4.0544722E-03  1.2326841E-03  4.6078531E-04 -2.0168792E-02  0.0000000E+00
  7.8507600E+01  4.2041997E-03  1.6679597E-03  1.1740275E-04 -1.9477333E-02  0.0000000E+00
  7.8507600E+01  4.5484811E-03  2.2679276E-03 -7.1087820E-05 -1.8798182E-02  0.0000000E+00
  7.8507600E+01  4.2257326E-03  2.8279183E-03  6.4962082E-06 -1.8129454E-02  0.0000000E+00
  7.8507600E+01  3.1321072E-03  3.1886098E-03  3.1630664E-04 -1.7474148E-02  0.0000000E+00
  7.8507600E+01  1.8226556E-03  3.3605077E-03  4.6619202E-04 -1.6831692E-02  0.0000000E+00
  7.8507600E+01  7.6522697E-04  3.1994674E-03  8.5418326E-04 -1.6203437E-02  0.0000000E+00
  7.8507600E+01  7.4506577E-04  2.7907625E-03  1.3680397E-03 -1.5595707E-02  0.0000000E+00
  7.8507600E+01  5.2863586E-04  2.4121945E-03  1.9421811E-03 -1.5009786E-02  0.0000000E+00
  7.8507600E+01 -3.8428353E-05  2.1409413E-03  2.4882735E-03 -1.4446428E-02  0.0000000E+00
  7.8507600E+01 -1.0041545E-04  1.8852705E-03  2.8998317E-03 -1.3909059E-02  0.0000000E+00
  7.8507600E+01  3.1634083E-04  1.6023077E-03  3.1212820E-03 -1.3396610E-02  0.0000000E+00
  7.8507600E+01  1.6174908E-04  1.4099607E-03  3.1420852E-03 -1.2907615E-02  0.0000000E+00
  7.8507600E+01  1.2983776E-03  1.3441613E-03  2.8489190E-03 -1.2438402E-02  0.0000000E+00
  7.8507600E+01  1.6877891E-03  1.3365449E-03  2.5082269E-03 -1.1986827E-02  0.0000000E+00
  7.8507600E+01  1.7642037E-03  1.3198735E-03  2.1743150E-03 -1.1549714E-02  0.0000000E+00
  7.8507600E+01  2.1200203E-03  1.3072470E-03  1.8265840E-03 -1.1125317E-02  0.0000000E+00
  7.8507600E+01  2.4468204E-03  1.3101566E-03  1.5129186E-03 -1.0714640E-02  0.0000000E+00
  7.8507600E+01  2.2630538E-03  1.2845101E-03  1.2989947E-03 -1.0316112E-02  0.0000000E+00
  7.8507600E+01  1.5137890E-03  1.1433974E-03  1.2147951E-03 -9.9285125E-03  0.0000000E+00
  7.8507600E+01  8.9233290E-04  8.4290766E-04  1.2444992E-03 -9.5532563E-03  0.0000000E+00
  7.8507600E+01  1.7027179E-03  5.0201206E-04  1.3897945E-03 -9.1893602E-03  0.0000000E+00
  7.8507600E+01  1.2467472E-03  2.6555751E-04  1.4806715E-03 -8.8362094E-03  0.0000000E+00
  7.8507600E+01  1.5465632E-03  1.7667816E-04  1.3625532E-03 -8.4948570E-03  0.0000000E+00
  7.8507600E+01  2.0083608E-03  2.4829047E-04  1.1111872E-03 -8.1637934E-03  0.0000000E+00
  7.8507600E+01  1.7399591E-03  4.7294086E-04  8.4875391E-04 -7.8416124E-03  0.0000000E+00
  7.8507600E+01  1.5002529E-03  7.8514971E-04  6.3457823E-04 -7.5260094E-03  0.0000000E+00
  7.8507600E+01  1.9526779E-03  1.0827976E-03  4.6931440E-04 -7.2165070E-03  0.0000000E+00
  7.8507600E+01  1.9807644E-03  1.2646673E-03  3.5771257E-04 -6.9112545E-03  0.0000000E+00
  7.8507600E+01  8.5037526E-04  1.2191696E-03  3.8856493E-04 -6.6093084E-03  0.0000000E+00
  7.8507600E+01  1.9785672E-03  9.7933489E-04  6.0067129E-04 -6.3127650E-03  0.0000000E+00
  7.8507600E+01  2.2869230E-03  5.8715346E-04  8.5175815E-04 -6.0223925E-03  0.0000000E+00
  7.8507600E+01  2.5337617E-03  1.9462623E-04  1.2289354E-03 -5.7392218E-03  0.0000000E+00
  7.8507600E+01  3.3028376E-03 -8.5886102E-05  1.5934891E-03 -5.4652731E-03  0.0000000E+00
  7.8507600E+01  3.4504186E-03 -1.8648651E-04  1.8087256E-03 -5.1998731E-03  0.0000000E+00
  7.8507600E+01  2.3463797E-03 -8.9581826E-05  1.8119123E-03 -4.9416270E-03  0.0000000E+00
  7.8507600E+01  1.7997323E-03  1.5610105E-04  1.6111180E-03 -4.6876899E-03  0.0000000E+00
  7.8507600E+01  3.6416535E-03  4.3627387E-04  1.3015620E-03 -4.4364258E-03  0.0000000E+00
  7.8507600E+01  3.5315122E-03  6.4820206E-04  1.0612946E-03 -4.1857279E-03  0.0000000E+00
  7.8507600E+01  3.0041459E-03  7.4910929E-04  9.0931033E-04 -3.9342974E-03  0.0000000E+00
  7.8507600E+01  2.6417859E-03  8.0044179E-04  7.9149278E-04 -3.6834694E-03  0.0000000E+00
  7.8507600E+01  2.4215872E-03  8.6133671E-04  6.8545617E-04 -3.4345100E-03  0.0000000E+00
  7.8507600E+01  2.0808319E-03  9.3923491E-04  6.3905205E-04 -3.1891542E-03  0.0000000E+00
  7.8507600E+01  2.0229972E-03  1.0242898E-03  6.6525735E-04 -2.9502336E-03  0.0000000E+00
  7.8507600E+01  2.3253592E-03  1.1101467E-03  7.1243261E-04 -2.7186796E-03  0.0000000E+00
  7.8507600E+01  2.1039437E-03  1.2015620E-03  6.8850959E-04 -2.4953575E-03  0.0000000E+00
  7.8507600E+01  1.4594835E-03  1.3145335E-03  5.1378253E-04 -2.2799840E-03  0.0000000E+00
  7.8507600E+01  9.3230468E-04  1.4125309E-03  3.0941838E-04 -2.0730333E-03  0.0000000E+00
  7.8507600E+01  1.5005887E-03  1.4600377E-03  1.8524944E-04 -1.8739063E-03  0.0000000E+00
  7.8507600E+01  1.6154086E-03  1.4299542E-03  2.0413298E-04 -1.6824198E-03  0.0000000E+00
  7.8507600E+01  1.4067912E-03  1.3450306E-03  2.9952558E-04 -1.4990745E-03  0.0000000E+00
  7.8507600E+01 -2.2601147E-13  9.4573559E-13  3.8568339E-12 -8.8255085E-02  0.0000000E+00
  7.8507600E+01  2.2642236E-04 -6.8448140E-05 -5.9614542E-05 -8.8277398E-02  0.0000000E+00
  7.8507600E+01  1.3288282E-03 -4.1070490E-04 -1.9879610E-04 -8.8467283E-02  0.0000000E+00
  7.8507600E+01  2.5489437E-03 -7.5492472E-04 -2.3174905E-04 -8.8882985E-02  0.0000000E+00
  7.8507600E+01  2.9844605E-03 -5.7014137E-04 -1.6830338E-04 -8.9460249E-02  0.0000000E+00
  7.8507600E+01  3.3540775E-03  8.7231229E-05  2.2540599E-04 -9.0088258E-02  0.0000000E+00
  7.8507600E+01  7.2805173E-03  8.0799715E-04  1.0628057E-03 -9.0659635E-02  0.0000000E+00
  7.8507600E+01  1.8581775E-02  5.5639528E-05  5.3502635E-04 -9.1059515E-02  0.0000000E+00
  7.8507600E+01  1.1240245E-02 -1.9286501E-03 -2.7556542E-03 -9.1130763E-02  0.0000000E+00
  7.8507600E+01 -5.6346750E-02 -1.4920034E-03 -8.1418049E-03 -9.0728328E-02  0.0000000E+00
  7.8507600E+01 -1.1396505E-01  3.8036385E-03 -1.1773854E-02 -8.9801478E-02  0.0000000E+00
  7.8507600E+01 -7.1109038E-02  9.8847690E-03 -1.6621790E-02 -8.8423028E-02  0.0000000E+00
  7.8507600E+01  1.0096265E-02  9.9496235E-03 -2.0903537E-02 -8.6815724E-02  0.0000000E+00
  7.8507600E+01  4.8061516E-02  3.2312204E-03 -1.6127442E-02 -8.5230950E-02  0.0000000E+00
  7.8507600E+01  4.8030469E-02 -6.1518385E-03 -5.2676835E-03 -8.3791617E-02  0.0000000E+00
  7.8507600E+01  3.4603349E-02 -1.3561881E-02  3.7693897E-04 -8.2456296E-02  0.0000000E+00
  7.8507600E+01  1.9290595E-02 -1.6104072E-02 -2.2481691E-04 -8.1134481E-02  0.0000000E+00
  7.8507600E+01  5.9354518E-03 -1.4833134E-02 -2.2369224E-03 -7.9756477E-02  0.0000000E+00
  7.8507600E+01 -3.9076787E-03 -1.3006401E-02 -3.3435828E-03 -7.8282669E-02  0.0000000E+00
  7.8507600E+01 -7.5681083E-03 -1.1922174E-02 -3.1382993E-03 -7.6705042E-02  0.0000000E+00
  7.8507600E+01 -8.6503351E-03 -1.1707615E-02 -3.9887348E-03 -7.5043729E-02  0.0000000E+00
  7.8507600E+01 -9.7874934E-03 -1.2368583E-02 -4.9200510E-03 -7.3326458E-02  0.0000000E+00
  7.8507600E+01 -1.1173680E-02 -1.3295458E-02 -4.6476922E-03 -7.1577056E-02  0.0000000E+00
  7.8507600E+01 -1.2346412E-02 -1.3680158E-02 -3.5446864E-03 -6.9810509E-02  0.0000000E+00
  7.8507600E+01 -1.2380624E-02 -1.2880853E-02 -2.4410924E-03 -6.8027836E-02  0.0000000E+00
  7.8507600E+01 -1.1696653E-02 -1.1202719E-02 -3.3455362E-03 -6.6240663E-02  0.0000000E+00
  7.8507600E+01 -1.0511922E-02 -8.6068545E-03 -4.5885255E-03 -6.4451281E-02  0.0000000E+00
  7.8507600E+01 -1.0498227E-02 -5.5010893E-03 -4.3380125E-03 -6.2663148E-02  0.0000000E+00
  7.8507600E+01 -1.0420310E-02 -2.8395461E-03 -4.0273885E-03 -6.0879404E-02  0.0000000E+00
  7.8507600E+01 -8.8553827E-03 -9.2106509E-04 -4.4359651E-03 -5.9102730E-02  0.0000000E+00
  7.8507600E+01 -7.7405651E-03  8.6290443E-04 -4.9641104E-03 -5.7334599E-02  0.0000000E+00
  7.8507600E+01 -8.0758329E-03  2.7141234E-03 -4.9233137E-03 -5.5571175E-02  0.0000000E+00
  7.8507600E+01 -8.4690494E-03  4.3308113E-03 -3.3527569E-03 -5.3806083E-02  0.0000000E+00
  7.8507600E+01 -8.1611406E-03  4.8543056E-03 -1.8743387E-04 -5.2040444E-02  0.0000000E+00
  7.8507600E+01 -8.3804366E-03  4.1665461E-03  1.7579875E-03 -5.0303224E-02  0.0000000E+00
  7.8507600E+01 -6.5324156E-03  3.0283667E-03  2.3338827E-03 -4.8613948E-02  0.0000000E+00
  7.8507600E+01 -2.6543572E-03  1.9810569E-03  2.3311730E-03 -4.6987624E-02  0.0000000E+00
  7.8507600E+01  8.6508597E-04  1.3696013E-03  1.6881674E-03 -4.5428148E-02  0.0000000E+00
  7.8507600E+01  2.5991184E-03  1.6183790E-03  5.2132787E-04 -4.3930264E-02  0.0000000E+00
  7.8507600E+01  1.9331349E-03  1.9472670E-03  8.4783493E-04 -4.2490234E-02  0.0000000E+00
  7.8507600E+01  1.2287668E-03  1.5785764E-03  2.4731775E-03 -4.1105967E-02  0.0000000E+00
  7.8507600E+01  1.1318904E-03  1.1395401E-03  5.3309466E-03 -3.9776083E-02  0.0000000E+00
  7.8507600E+01  5.8511916E-04  7.2755097E-04  6.2518053E-03 -3.8494866E-02  0.0000000E+00
  7.8507600E+01 -4.5845501E-04  8.3691132E-04  5.1746638E-03 -3.7260128E-02  0.0000000E+00
  7.8507600E+01 -8.3026953E-04  1.7258478E-03  3.7049372E-03 -3.6061767E-02  0.0000000E+00
  7.8507600E+01  3.9245547E-04  2.6386435E-03  1.7850284E-03 -3.4894906E-02  0.0000000E+00
  7.8507600E+01  2.5289476E-03  3.0910751E-03  2.4645685E-04 -3.3758379E-02  0.0000000E+00
  7.8507600E+01  4.3984107E-03  3.2473833E-03 -3.1999141E-04 -3.2652402E-02  0.0000000E+00
  7.8507600E+01  5.3024406E-03  3.3969061E-03 -5.5497252E-04 -3.1574911E-02  0.0000000E+00
  7.8507600E+01  4.9832797E-03  3.8572968E-03 -6.4379929E-04 -3.0524584E-02  0.0000000E+00
  7.8507600E+01  3.8103714E-03  4.5158281E-03 -6.7383257E-04 -2.9499400E-02  0.0000000E+00
  7.8507600E+01  2.4125712E-03  4.8838947E-03 -5.9097248E-04 -2.8502645E-02  0.0000000E+00
  7.8507600E+01  1.6164031E-03  4.6839621E-03 -7.0971827E-05 -2.7532074E-02  0.0000000E+00
  7.8507600E+01  2.0337294E-03  4.1736007E-03  8.7209237E-04 -2.6586877E-02  0.0000000E+00
  7.8507600E+01  2.8654935E-03  3.5566130E-03  8.8385304E-04 -2.5665212E-02  0.0000000E+00
  7.8507600E+01  3.2528087E-03  3.2129582E-03  4.4923738E-04 -2.4765034E-02  0.0000000E+00
  7.8507600E+01  3.6637669E-03  2.9599961E-03 -1.3511454E-04 -2.3886276E-02  0.0000000E+00
  7.8507600E+01  4.2116048E-03  2.8822011E-03 -1.6873928E-04 -2.3029644E-02  0.0000000E+00
  7.8507600E+01  4.5604284E-03  3.0725311E-03  3.4025908E-04 -2.2195896E-02  0.0000000E+00
  7.8507600E+01  4.4282383E-03  3.4105522E-03  7.3659917E-04 -2.1383796E-02  0.0000000E+00
  7.8507600E+01  4.0346521E-03  3.6415382E-03  4.7405685E-04 -2.0595304E-02  0.0000000E+00
  7.8507600E+01  3.9420907E-03  3.6514060E-03 -1.7566527E-04 -1.9828397E-02  0.0000000E+00
  7.8507600E+01  3.9036230E-03  3.6278067E-03 -4.5586663E-04 -1.9085057E-02  0.0000000E+00
  7.8507600E+01  3.5892722E-03  3.6667296E-03 -6.6587313E-04 -1.8366731E-02  0.0000000E+00
  7.8507600E+01  3.2134158E-03  3.5599423E-03 -3.2225075E-04 -1.7673313E-02  0.0000000E+00
  7.8507600E+01  2.9078755E-03  3.1989273E-03  7.5176311E-04 -1.7005808E-02  0.0000000E+00
  7.8507600E+01  2.5004072E-03  2.6497872E-03  2.0765326E-03 -1.6366445E-02  0.0000000E+00
  7.8507600E+01  1.8855219E-03  2.0609149E-03  2.9818075E-03 -1.5756443E-02  0.0000000E+00
  7.8507600E+01  1.4004072E-03  1.5682666E-03  3.2188079E-03 -1.5173550E-02  0.0000000E+00
  7.8507600E+01  1.4283133E-03  1.2169233E-03  3.1385252E-03 -1.4616186E-02  0.0000000E+00
  7.8507600E+01  1.1154277E-03  9.5159101E-04  2.9351011E-03 -1.4078922E-02  0.0000000E+00
  7.8507600E+01  1.1748111E-03  7.4754164E-04  2.6621208E-03 -1.3557892E-02  0.0000000E+00
  7.8507600E+01  1.1474123E-03  5.8335569E-04  2.4067827E-03 -1.3050521E-02  0.0000000E+00
  7.8507600E+01  8.7868332E-04  4.3961992E-04  2.2565236E-03 -1.2555786E-02  0.0000000E+00
  7.8507600E+01  5.2488127E-04  2.9008821E-04  2.1995569E-03 -1.2073963E-02  0.0000000E+00
  7.8507600E+01  4.4023075E-04  1.5937107E-04  2.0937773E-03 -1.1605791E-02  0.0000000E+00
  7.8507600E+01  7.2714443E-04  8.3084219E-05  1.7907130E-03 -1.1151374E-02  0.0000000E+00
  7.8507600E+01  1.0230105E-03  6.2074228E-05  1.3049919E-03 -1.0713104E-02  0.0000000E+00
  7.8507600E+01  1.1145059E-03  1.0023629E-04  9.0575442E-04 -1.0289905E-02  0.0000000E+00
  7.8507600E+01  1.4700049E-03  1.7181220E-04  6.0988915E-04 -9.8807449E-03  0.0000000E+00
  7.8507600E+01  1.7497245E-03  2.8433151E-04  3.1149964E-04 -9.4839802E-03  0.0000000E+00
  7.8507600E+01  1.8081936E-03  4.8112895E-04  2.0136596E-04 -9.0976162E-03  0.0000000E+00
  7.8507600E+01  1.7897569E-03  6.6468429E-04  2.5961308E-04 -8.7194627E-03  0.0000000E+00
  7.8507600E+01  1.7301507E-03  7.6426120E-04  3.9161265E-04 -8.3478131E-03  0.0000000E+00
  7.8507600E+01  1.5465032E-03  7.5403847E-04  5.1645915E-04 -7.9820006E-03  0.0000000E+00
  7.8507600E+01  1.2581396E-03  6.1616193E-04  6.1639704E-04 -7.6219624E-03  0.0000000E+00
  7.8507600E+01  1.2423796E-03  3.5023011E-04  7.5420246E-04 -7.2705477E-03  0.0000000E+00
  7.8507600E+01  1.7473478E-03  8.8918689E-05  1.0735833E-03 -6.9287912E-03  0.0000000E+00
  7.8507600E+01  2.0925564E-03 -1.0691933E-04  1.4437294E-03 -6.5976427E-03  0.0000000E+00
  7.8507600E+01  2.6992111E-03 -1.1043851E-04  1.7060789E-03 -6.2762938E-03  0.0000000E+00
  7.8507600E+01  3.1369344E-03  2.3972567E-05  1.7546289E-03 -5.9621673E-03  0.0000000E+00
  7.8507600E+01  3.2599230E-03  2.0613867E-04  1.6066255E-03 -5.6525096E-03  0.0000000E+00
  7.8507600E+01  3.2398872E-03  3.9056917E-04  1.3827464E-03 -5.3455658E-03  0.0000000E+00
  7.8507600E+01  3.2502336E-03  5.4924901E-04  1.1778682E-03 -5.0411442E-03  0.0000000E+00
  7.8507600E+01  3.2111108E-03  6.4502947E-04  9.7962801E-04 -4.7399191E-03  0.0000000E+00
  7.8507600E+01  3.0066626E-03  7.1327612E-04  7.9488755E-04 -4.4445822E-03  0.0000000E+00
  7.8507600E+01  2.9479692E-03  7.8575971E-04  6.1582571E-04 -4.1560824E-03  0.0000000E+00
  7.8507600E+01  2.5207251E-03  8.8085917E-04  5.2731945E-04 -3.8754676E-03  0.0000000E+00
  7.8507600E+01  2.3165106E-03  9.8442002E-04  5.4579268E-04 -3.6038094E-03  0.0000000E+00
  7.8507600E+01  2.1902427E-03  1.1196935E-03  6.1916336E-04 -3.3416691E-03  0.0000000E+00
  7.8507600E+01  2.0383813E-08  8.7602608E-09 -1.7283847E-10 -4.0125959E-02  0.0000000E+00
  7.8507600E+01  2.0599045E-02 -8.9173666E-04  4.9105773E-03 -4.0853677E-02  0.0000000E+00
  7.8507600E+01  3.4110427E-02 -1.5814276E-03  1.9316662E-03 -4.1662301E-02  0.0000000E+00
  7.8507600E+01  6.0779656E-03 -9.8698072E-03 -4.5368415E-03 -4.3031163E-02  0.0000000E+00
  7.8507600E+01 -4.7522709E-02 -1.5996404E-02 -4.8690811E-03 -4.4584530E-02  0.0000000E+00
  7.8507600E+01 -9.6378207E-02 -1.1868341E-02 -1.1187914E-02 -4.5878057E-02  0.0000000E+00
  7.8507600E+01 -1.1687520E-01 -4.9457286E-03 -1.5918150E-02 -4.6699387E-02  0.0000000E+00
  7.8507600E+01 -1.0062158E-01  2.9396570E-03 -1.7651217E-02 -4.7045745E-02  0.0000000E+00
  7.8507600E+01 -5.7034380E-02  1.2645758E-02 -1.5427516E-02 -4.7016309E-02  0.0000000E+00
  7.8507600E+01 -3.3848252E-03  1.6377013E-02 -1.0209617E-02 -4.6778392E-02  0.0000000E+00
  7.8507600E+01  4.1177152E-02  1.6275021E-02 -6.9167214E-03 -4.6512402E-02  0.0000000E+00
  7.8507600E+01  5.8017775E-02  1.4781425E-02 -1.3609011E-03 -4.6322717E-02  0.0000000E+00
  7.8507600E+01  6.3381237E-02  1.0429378E-02  4.0330051E-03 -4.6231914E-02  0.0000000E+00
  7.8507600E+01  6.6710743E-02  3.3950363E-03  6.0369933E-03 -4.6222395E-02  0.0000000E+00
  7.8507600E+01  6.1088100E-02 -2.3070895E-03  6.5208427E-03 -4.6250703E-02  0.0000000E+00
  7.8507600E+01  4.7633731E-02 -6.6863242E-03  4.3982141E-03 -4.6276363E-02  0.0000000E+00
  7.8507600E+01  3.4384888E-02 -9.7059388E-03  2.3956183E-03 -4.6266091E-02  0.0000000E+00
  7.8507600E+01  2.1245115E-02 -1.0386878E-02  9.2143595E-04 -4.6188701E-02  0.0000000E+00
  7.8507600E+01  1.1682628E-02 -1.0719997E-02  1.2948564E-04 -4.6027830E-02  0.0000000E+00
  7.8507600E+01  4.7391664E-03 -1.2403443E-02 -1.7853797E-04 -4.5785788E-02  0.0000000E+00
  7.8507600E+01 -9.2289292E-04 -1.3250456E-02 -8.1657662E-04 -4.5472219E-02  0.0000000E+00
  7.8507600E+01 -5.1827024E-03 -1.2761886E-02 -1.2378944E-03 -4.5090035E-02  0.0000000E+00
  7.8507600E+01 -7.5297228E-03 -1.1512298E-02 -1.7319110E-03 -4.4638415E-02  0.0000000E+00
  7.8507600E+01 -8.6914722E-03 -9.2883158E-03 -1.9595952E-03 -4.4111897E-02  0.0000000E+00
  7.8507600E+01 -9.2231910E-03 -6.8330994E-03 -2.2278101E-03 -4.3507738E-02  0.0000000E+00
  7.8507600E+01 -9.2420002E-03 -5.2768828E-03 -2.2881099E-03 -4.2832050E-02  0.0000000E+00
  7.8507600E+01 -9.0632269E-03 -4.3536768E-03 -1.5396195E-03 -4.2100687E-02  0.0000000E+00
  7.8507600E+01 -8.3107510E-03 -3.5023683E-03 -9.1846411E-04 -4.1331011E-02  0.0000000E+00
  7.8507600E+01 -7.2333478E-03 -2.4588520E-03 -7.3361026E-04 -4.0535399E-02  0.0000000E+00
  7.8507600E+01 -5.4663508E-03 -1.3089427E-03 -1.2602465E-03 -3.9714099E-02  0.0000000E+00
  7.8507600E+01 -3.4747464E-03  6.5514388E-05 -2.2901984E-03 -3.8859751E-02  0.0000000E+00
  7.8507600E+01 -1.9403282E-03  1.5401485E-03 -2.9575433E-03 -3.7967119E-02  0.0000000E+00
  7.8507600E+01 -1.4929310E-03  2.8112070E-03 -3.0331073E-03 -3.7038068E-02  0.0000000E+00
  7.8507600E+01 -2.0954080E-03  3.5383787E-03 -2.5450049E-03 -3.6084280E-02  0.0000000E+00
  7.8507600E+01 -2.8782709E-03  3.6682192E-03 -1.5123033E-03 -3.5128119E-02  0.0000000E+00
  7.8507600E+01 -4.2482046E-03  3.8825265E-03 -6.7807277E-04 -3.4188207E-02  0.0000000E+00
  7.8507600E+01 -5.2757285E-03  4.0674172E-03 -2.8851888E-04 -3.3274154E-02  0.0000000E+00
  7.8507600E+01 -4.5420152E-03  3.8102104E-03  1.7365679E-04 -3.2385592E-02  0.0000000E+00
  7.8507600E+01 -2.3455353E-03  3.2045666E-03  1.2241795E-03 -3.1515865E-02  0.0000000E+00
  7.8507600E+01  4.6509130E-04  2.4506196E-03  2.1976398E-03 -3.0664102E-02  0.0000000E+00
  7.8507600E+01  3.5695561E-03  1.6146583E-03  2.5242963E-03 -2.9832628E-02  0.0000000E+00
  7.8507600E+01  4.6359918E-03  7.0037903E-04  2.4656697E-03 -2.9025238E-02  0.0000000E+00
  7.8507600E+01  3.9560920E-03  6.2892280E-05  1.9830057E-03 -2.8239455E-02  0.0000000E+00
  7.8507600E+01  2.7008015E-03  1.2722134E-04  1.8293784E-03 -2.7469818E-02  0.0000000E+00
  7.8507600E+01  1.3261872E-03  8.2487012E-04  2.1771830E-03 -2.6711430E-02  0.0000000E+00
  7.8507600E+01 -1.1663824E-04  1.5060084E-03  1.7353728E-03 -2.5962501E-02  0.0000000E+00
  7.8507600E+01 -6.5528366E-04  1.8936057E-03  3.9430942E-04 -2.5223495E-02  0.0000000E+00
  7.8507600E+01 -3.5387119E-04  2.0584949E-03 -1.3978631E-03 -2.4493967E-02  0.0000000E+00
  7.8507600E+01  1.7588903E-04  2.2261512E-03 -2.1073589E-03 -2.3772148E-02  0.0000000E+00
  7.8507600E+01  4.4519164E-04  2.2206499E-03 -1.6800449E-03 -2.3056695E-02  0.0000000E+00
  7.8507600E+01  4.1741709E-04  1.9990562E-03 -4.8583417E-04 -2.2346690E-02  0.0000000E+00
  7.8507600E+01  1.1659811E-04  1.7009980E-03  8.3435125E-04 -2.1641322E-02  0.0000000E+00
  7.8507600E+01 -1.2402999E-04  1.5884575E-03  1.6471288E-03 -2.0942028E-02  0.0000000E+00
  7.8507600E+01  2.7710515E-04  1.8074478E-03  1.6349346E-03 -2.0252189E-02  0.0000000E+00
  7.8507600E+01  1.1521876E-03  2.1105084E-03  9.9178419E-04 -1.9574076E-02  0.0000000E+00
  7.8507600E+01  1.8526476E-03  2.5039897E-03  2.7600880E-04 -1.8910065E-02  0.0000000E+00
  7.8507600E+01  2.0473057E-03  2.9817309E-03 -5.0697857E-05 -1.8262276E-02  0.0000000E+00
  7.8507600E+01  2.2990862E-03  3.4749636E-03 -1.3563778E-04 -1.7630416E-02  0.0000000E+00
  7.8507600E+01  2.9830867E-03  3.9041607E-03 -1.6093028E-04 -1.7013785E-02  0.0000000E+00
  7.8507600E+01  3.9925953E-03  4.1748877E-03 -1.7875681E-04 -1.6412606E-02  0.0000000E+00
  7.8507600E+01  4.9264137E-03  4.1750642E-03 -2.2423985E-04 -1.5827521E-02  0.0000000E+00
  7.8507600E+01  5.1892029E-03  3.8665394E-03 -4.2503279E-04 -1.5259630E-02  0.0000000E+00
  7.8507600E+01  4.5270625E-03  3.4488375E-03 -7.7089044E-04 -1.4710456E-02  0.0000000E+00
  7.8507600E+01  3.7623402E-03  3.0853897E-03 -9.4972520E-04 -1.4179419E-02  0.0000000E+00
  7.8507600E+01  3.4637239E-03  2.7242366E-03 -8.6871330E-04 -1.3666008E-02  0.0000000E+00
  7.8507600E+01  3.5485830E-03  2.3473348E-03 -4.6803188E-04 -1.3170961E-02  0.0000000E+00
  7.8507600E+01  3.4843363E-03  2.0183240E-03  1.7326791E-04 -1.2695086E-02  0.0000000E+00
  7.8507600E+01  2.9369373E-03  1.8017392E-03  8.5641193E-04 -1.2238056E-02  0.0000000E+00
  7.8507600E+01  2.0469262E-03  1.6908470E-03  1.3746172E-03 -1.1798495E-02  0.0000000E+00
  7.8507600E+01  1.3074563E-03  1.6192313E-03  1.6707987E-03 -1.1374428E-02  0.0000000E+00
  7.8507600E+01  8.8998525E-04  1.5904741E-03  1.9118794E-03 -1.0963099E-02  0.0000000E+00
  7.8507600E+01  8.4072925E-04  1.5394432E-03  2.0127869E-03 -1.0561374E-02  0.0000000E+00
  7.8507600E+01  1.0307205E-03  1.3466290E-03  1.9960589E-03 -1.0167681E-02  0.0000000E+00
  7.8507600E+01  1.2544424E-03  1.0466631E-03  1.9626341E-03 -9.7818935E-03  0.0000000E+00
  7.8507600E+01  1.4529513E-03  7.7241888E-04  1.9728363E-03 -9.4048606E-03  0.0000000E+00
  7.8507600E+01  1.4952979E-03  6.1937705E-04  1.9598036E-03 -9.0375909E-03  0.0000000E+00
  7.8507600E+01  1.3270045E-03  5.8055245E-04  1.8039205E-03 -8.6807808E-03  0.0000000E+00
  7.8507600E+01  1.0689693E-03  5.7083966E-04  1.4860923E-03 -8.3345891E-03  0.0000000E+00
  7.8507600E+01  6.5019577E-04  5.5962379E-04  1.2377139E-03 -7.9985556E-03  0.0000000E+00
  7.8507600E+01  8.1871022E-04  5.0762351E-04  1.1733084E-03 -7.6719401E-03  0.0000000E+00
  7.8507600E+01  1.0083407E-03  4.4202313E-04  1.1511810E-03 -7.3539923E-03  0.0000000E+00
  7.8507600E+01  1.5084444E-03  4.3924089E-04  1.1477557E-03 -7.0441188E-03  0.0000000E+00
  7.8507600E+01  1.8426860E-03  4.8529707E-04  1.1392175E-03 -6.7410526E-03  0.0000000E+00
  7.8507600E+01  1.7888599E-03  5.4926339E-04  1.1006574E-03 -6.4431376E-03  0.0000000E+00
  7.8507600E+01  1.5531765E-03  5.8534507E-04  9.9942081E-04 -6.1489791E-03  0.0000000E+00
  7.8507600E+01  1.4074605E-03  5.2783914E-04  8.2469831E-04 -5.8581115E-03  0.0000000E+00
  7.8507600E+01  1.3963675E-03  3.3602820E-04  6.8193387E-04 -5.5713775E-03  0.0000000E+00
  7.8507600E+01  1.5727485E-03  1.1493836E-04  8.6577612E-04 -5.2903883E-03  0.0000000E+00
  7.8507600E+01  1.5226117E-03 -1.0984945E-04  1.2270146E-03 -5.0160378E-03  0.0000000E+00
  7.8507600E+01  1.6812865E-03 -1.9238431E-04  1.5826058E-03 -4.7476455E-03  0.0000000E+00
  7.8507600E+01  2.0253138E-03 -1.8870451E-04  1.7416408E-03 -4.4840642E-03  0.0000000E+00
  7.8507600E+01  2.3155943E-03 -1.4368168E-04  1.6635462E-03 -4.2243749E-03  0.0000000E+00
  7.8507600E+01  2.4659941E-03 -1.8528005E-05  1.4423165E-03 -3.9680133E-03  0.0000000E+00
  7.8507600E+01  2.5823725E-03  2.1116121E-04  1.1972092E-03 -3.7149918E-03  0.0000000E+00
  7.8507600E+01  2.7598613E-03  4.6888366E-04  9.8092689E-04 -3.4659261E-03  0.0000000E+00
  7.8507600E+01  2.7262116E-03  6.8428643E-04  8.1631375E-04 -3.2215809E-03  0.0000000E+00
  7.8507600E+01  2.5891921E-03  8.7545943E-04  6.6600931E-04 -2.9827875E-03  0.0000000E+00
  7.8507600E+01  2.5405294E-03  1.0143154E-03  5.8436009E-04 -2.7502472E-03  0.0000000E+00
  7.8507600E+01  2.4021690E-03  1.1069311E-03  5.7359795E-04 -2.5248507E-03  0.0000000E+00
  7.8507600E+01  2.2895558E-03  1.1594678E-03  6.1701154E-04 -2.3072937E-03  0.0000000E+00
  7.8507600E+01 -2.3558064E-09 -2.0615000E-11  6.4339430E-11 -1.9789139E-02  0.0000000E+00
  7.8507600E+01  3.2294652E-03 -1.4778845E-03  7.8544985E-04 -1.9838984E-02  0.0000000E+00
  7.8507600E+01  1.2551508E-02 -7.4820328E-03  2.6428582E-03 -2.0345442E-02  0.0000000E+00
  7.8507600E+01  1.7640711E-02 -1.1595441E-02  3.6108249E-03 -2.1470486E-02  0.0000000E+00
  7.8507600E+01  1.5317132E-02 -8.2077491E-03  3.6444257E-03 -2.3050482E-02  0.0000000E+00
  7.8507600E+01  8.8471177E-03  4.5481831E-04  3.5683199E-03 -2.4790262E-02  0.0000000E+00
  7.8507600E+01  5.0577203E-03  9.1568605E-03  4.2174351E-03 -2.6434163E-02  0.0000000E+00
  7.8507600E+01  9.3072009E-03  1.4266572E-02  5.9425125E-03 -2.7833531E-02  0.0000000E+00
  7.8507600E+01  2.2854053E-02  1.3911245E-02  6.6867845E-03 -2.8928617E-02  0.0000000E+00
  7.8507600E+01  4.1200731E-02  7.6109654E-03  6.6373673E-03 -2.9700448E-02  0.0000000E+00
  7.8507600E+01  5.1984751E-02 -2.0207548E-03  9.6095711E-03 -3.0162070E-02  0.0000000E+00
  7.8507600E+01  4.7909602E-02 -8.5706496E-03  6.6727671E-03 -3.0365681E-02  0.0000000E+00
  7.8507600E+01  3.2216529E-02 -1.1774931E-02  2.4120172E-03 -3.0365879E-02  0.0000000E+00
  7.8507600E+01  5.0172768E-03 -1.4857383E-02  9.7013121E-04 -3.0193392E-02  0.0000000E+00
  7.8507600E+01 -2.8676856E-02 -2.1043494E-02 -1.9197615E-03 -2.9855732E-02  0.0000000E+00
  7.8507600E+01 -5.5793574E-02 -2.7376981E-02 -8.7433391E-03 -2.9340875E-02  0.0000000E+00
  7.8507600E+01 -8.2207991E-02 -2.9369427E-02 -1.3493042E-02 -2.8633105E-02  0.0000000E+00
  7.8507600E+01 -9.1742294E-02 -2.5728363E-02 -1.2722137E-02 -2.7733295E-02  0.0000000E+00
  7.8507600E+01 -8.5885484E-02 -1.7796177E-02 -1.3396831E-02 -2.6671445E-02  0.0000000E+00
  7.8507600E+01 -7.0187929E-02 -1.1067716E-02 -1.8128542E-02 -2.5512959E-02  0.0000000E+00
  7.8507600E+01 -4.4507621E-02 -4.6557761E-03 -1.1708208E-02 -2.4338272E-02  0.0000000E+00
  7.8507600E+01 -9.3772088E-03  7.1946630E-04 -3.5418194E-03 -2.3236676E-02  0.0000000E+00
  7.8507600E+01  2.3450658E-02  3.3738038E-03  5.9393126E-03 -2.2283771E-02  0.0000000E+00
  7.8507600E+01  3.7616198E-02  4.2440957E-03  1.0789130E-02 -2.1527343E-02  0.0000000E+00
  7.8507600E+01  4.1339435E-02  2.8373628E-03  1.1985026E-02 -2.0970115E-02  0.0000000E+00
  7.8507600E+01  3.5288041E-02  1.0628995E-05  9.7742258E-03 -2.0597041E-02  0.0000000E+00
  7.8507600E+01  2.5921593E-02 -1.4353701E-03  7.4056881E-03 -2.0361592E-02  0.0000000E+00
  7.8507600E+01  2.3470356E-02 -2.7359437E-03  4.1655970E-03 -2.0215290E-02  0.0000000E+00
  7.8507600E+01  2.1626279E-02 -4.3283317E-03  2.9243521E-03 -2.0120178E-02  0.0000000E+00
  7.8507600E+01  1.6017319E-02 -5.4170797E-03  1.4593699E-03 -2.0048991E-02  0.0000000E+00
  7.8507600E+01  9.5138715E-03 -6.2542550E-03 -4.5820027E-04 -1.9988938E-02  0.0000000E+00
  7.8507600E+01  6.1452372E-03 -7.3762893E-03 -6.6095743E-04 -1.9922145E-02  0.0000000E+00
  7.8507600E+01  4.3517757E-03 -8.4565500E-03 -4.1021443E-04 -1.9830603E-02  0.0000000E+00
  7.8507600E+01  2.1000903E-03 -8.4442534E-03 -8.9345884E-04 -1.9699833E-02  0.0000000E+00
  7.8507600E+01  8.3509841E-04 -7.5881590E-03 -2.3171947E-03 -1.9521851E-02  0.0000000E+00
  7.8507600E+01 -7.3918140E-05 -6.0388588E-03 -3.1495006E-03 -1.9305156E-02  0.0000000E+00
  7.8507600E+01 -1.0198330E-03 -4.2003306E-03 -2.2152617E-03 -1.9063894E-02  0.0000000E+00
  7.8507600E+01 -1.1111800E-03 -2.8821633E-03 -1.8572087E-04 -1.8804863E-02  0.0000000E+00
  7.8507600E+01 -5.3567273E-04 -2.4605285E-03  7.6378033E-04 -1.8528659E-02  0.0000000E+00
  7.8507600E+01 -1.4779792E-05 -2.1393067E-03  3.2853686E-04 -1.8234052E-02  0.0000000E+00
  7.8507600E+01 -3.8237799E-04 -1.5350654E-03 -1.1796918E-03 -1.7916888E-02  0.0000000E+00
  7.8507600E+01  1.3374678E-05 -1.1244263E-03 -3.0104773E-03 -1.7572811E-02  0.0000000E+00
  7.8507600E+01  1.5130376E-04 -7.8428699E-04 -4.3870857E-03 -1.7198664E-02  0.0000000E+00
  7.8507600E+01 -8.7761050E-04 -3.0569389E-04 -4.7056140E-03 -1.6796193E-02  0.0000000E+00
  7.8507600E+01 -1.9998157E-03  3.0402743E-04 -3.8185892E-03 -1.6374364E-02  0.0000000E+00
  7.8507600E+01 -1.7183067E-03  9.1211271E-04 -2.0860367E-03 -1.5942828E-02  0.0000000E+00
  7.8507600E+01 -1.0404153E-03  1.3900371E-03 -4.6856924E-04 -1.5508916E-02  0.0000000E+00
  7.8507600E+01 -1.9340424E-04  1.2838290E-03  8.6942189E-04 -1.5079910E-02  0.0000000E+00
  7.8507600E+01  1.2262312E-03  8.6498762E-04  2.4811320E-03 -1.4659181E-02  0.0000000E+00
  7.8507600E+01  2.2436378E-03  3.6698233E-04  3.5112205E-03 -1.4251705E-02  0.0000000E+00
  7.8507600E+01  2.0958051E-03  1.5046476E-04  3.5159633E-03 -1.3856054E-02  0.0000000E+00
  7.8507600E+01  1.4320285E-03  2.7819506E-04  2.6452615E-03 -1.3469364E-02  0.0000000E+00
  7.8507600E+01  1.1576617E-03  3.4221119E-04  1.4773883E-03 -1.3091038E-02  0.0000000E+00
  7.8507600E+01  1.3396971E-03 -1.1757086E-04  4.9229414E-04 -1.2719076E-02  0.0000000E+00
  7.8507600E+01  1.8383100E-03 -5.9147141E-04 -2.4530904E-04 -1.2350427E-02  0.0000000E+00
  7.8507600E+01  9.6416721E-04 -5.7915583E-04 -4.2449155E-04 -1.1982841E-02  0.0000000E+00
  7.8507600E+01 -8.7419632E-05 -4.0489306E-04 -3.2814538E-04 -1.1613438E-02  0.0000000E+00
  7.8507600E+01 -6.0420029E-04 -2.5060436E-04 -2.9345942E-04 -1.1243287E-02  0.0000000E+00
  7.8507600E+01 -6.6436297E-04  5.0443103E-05 -3.9865493E-04 -1.0873117E-02  0.0000000E+00
  7.8507600E+01 -6.3313965E-04  6.6484977E-04 -5.2137261E-04 -1.0498706E-02  0.0000000E+00
  7.8507600E+01 -6.5363833E-04  1.3738889E-03 -5.7412345E-04 -1.0119520E-02  0.0000000E+00
  7.8507600E+01 -2.4497799E-04  1.6500037E-03 -4.8953547E-04 -9.7375268E-03  0.0000000E+00
  7.8507600E+01  7.7337854E-04  1.5042614E-03 -2.7139378E-04 -9.3594361E-03  0.0000000E+00
  7.8507600E+01  1.0750606E-03  1.5352379E-03 -1.0505393E-04 -8.9923365E-03  0.0000000E+00
  7.8507600E+01  1.5474754E-03  1.7771603E-03 -1.6871376E-05 -8.6368557E-03  0.0000000E+00
  7.8507600E+01  2.0766316E-03  2.1939420E-03  1.1457647E-04 -8.2913656E-03  0.0000000E+00
  7.8507600E+01  2.2955818E-03  2.6811224E-03  2.8568016E-04 -7.9557904E-03  0.0000000E+00
  7.8507600E+01  2.1366702E-03  3.1034351E-03  3.2847752E-04 -7.6290346E-03  0.0000000E+00
  7.8507600E+01  2.0154950E-03  3.3863720E-03  1.9559256E-04 -7.3104865E-03  0.0000000E+00
  7.8507600E+01  2.4912517E-03  3.5610583E-03  6.8959874E-06 -7.0014788E-03  0.0000000E+00
  7.8507600E+01  3.2885107E-03  3.6323962E-03 -5.0434665E-04 -6.7022071E-03  0.0000000E+00
  7.8507600E+01  3.4465499E-03  3.6533654E-03 -1.1892334E-03 -6.4140194E-03  0.0000000E+00
  7.8507600E+01  3.4071146E-03  3.5497552E-03 -1.5736531E-03 -6.1366086E-03  0.0000000E+00
  7.8507600E+01  3.2105814E-03  3.2544739E-03 -1.5499618E-03 -5.8702078E-03  0.0000000E+00
  7.8507600E+01  2.8807731E-03  2.8480188E-03 -1.1756530E-03 -5.6152819E-03  0.0000000E+00
  7.8507600E+01  2.6284752E-03  2.4441721E-03 -4.9335245E-04 -5.3691324E-03  0.0000000E+00
  7.8507600E+01  2.5383382E-03  2.1281260E-03  3.4823021E-04 -5.1293189E-03  0.0000000E+00
  7.8507600E+01  2.2986156E-03  1.9217488E-03  1.0150024E-03 -4.8965073E-03  0.0000000E+00
  7.8507600E+01  1.5385487E-03  1.7499880E-03  1.3266352E-03 -4.6704407E-03  0.0000000E+00
  7.8507600E+01  1.1325482E-03  1.6209511E-03  1.3534412E-03 -4.4504182E-03  0.0000000E+00
  7.8507600E+01  7.5639959E-04  1.5576892E-03  1.4996954E-03 -4.2364782E-03  0.0000000E+00
  7.8507600E+01  6.1701346E-04  1.5363026E-03  1.6696069E-03 -4.0277193E-03  0.0000000E+00
  7.8507600E+01  7.5453375E-04  1.4944659E-03  1.7553075E-03 -3.8241349E-03  0.0000000E+00
  7.8507600E+01  1.0624842E-03  1.3656282E-03  1.7431369E-03 -3.6248492E-03  0.0000000E+00
  7.8507600E+01  1.3853056E-03  1.1308140E-03  1.6612852E-03 -3.4293470E-03  0.0000000E+00
  7.8507600E+01  1.5715783E-03  8.4685280E-04  1.5365301E-03 -3.2381476E-03  0.0000000E+00
  7.8507600E+01  1.4864374E-03  6.1377755E-04  1.4536597E-03 -3.0506725E-03  0.0000000E+00
  7.8507600E+01  1.3993025E-03  4.6423983E-04  1.5823454E-03 -2.8664405E-03  0.0000000E+00
  7.8507600E+01  1.3453194E-03  3.9927499E-04  1.6186390E-03 -2.6863550E-03  0.0000000E+00
  7.8507600E+01  1.1963156E-03  3.6803590E-04  1.6698576E-03 -2.5096850E-03  0.0000000E+00
  7.8507600E+01  1.3005092E-03  3.8497218E-04  1.6406125E-03 -2.3353402E-03  0.0000000E+00
  7.8507600E+01  1.4671865E-03  4.5836789E-04  1.4808889E-03 -2.1625602E-03  0.0000000E+00
  7.8507600E+01  1.4167009E-03  5.4682338E-04  1.2528099E-03 -1.9892432E-03  0.0000000E+00
  7.8507600E+01  1.2313551E-03  5.8328847E-04  1.1056329E-03 -1.8154332E-03  0.0000000E+00
  7.8507600E+01  1.3092264E-03  5.2103125E-04  1.1592156E-03 -1.6417402E-03  0.0000000E+00
  7.8507600E+01  1.3257561E-03  3.4948444E-04  1.3116436E-03 -1.4687263E-03  0.0000000E+00
  7.8507600E+01  1.4578405E-03  1.7205592E-04  1.3999658E-03 -1.2987228E-03  0.0000000E+00
  7.8507600E+01  1.5956038E-03  3.3889084E-05  1.3548875E-03 -1.1317359E-03  0.0000000E+00
  7.8507600E+01  1.8661261E-03 -3.6970794E-05  1.2358425E-03 -9.6825575E-04  0.0000000E+00
  7.8507600E+01  2.2093820E-03  1.8059859E-05  1.0820349E-03 -8.0805832E-04  0.0000000E+00
  7.8507600E+01  2.0667332E-08  1.3974303E-08  1.1378662E-08  1.1998634E-02  0.0000000E+00
  7.8507600E+01  8.6009979E-03  2.5298008E-03  1.6190026E-02  1.1357214E-02  0.0000000E+00
  7.8507600E+01  5.0618164E-03  1.1676204E-02  3.0136874E-03  1.0100489E-02  0.0000000E+00
  7.8507600E+01  8.4807341E-04  9.4576088E-03 -6.4319618E-04  7.7756650E-03  0.0000000E+00
  7.8507600E+01 -3.5608733E-03  2.6110160E-03 -9.8424212E-04  5.0575948E-03  0.0000000E+00
  7.8507600E+01 -1.0892506E-02 -1.8571208E-03 -4.7547882E-03  2.4532430E-03  0.0000000E+00
  7.8507600E+01 -2.6626241E-02 -3.0559472E-03 -9.9742600E-03  1.8948619E-04  0.0000000E+00
  7.8507600E+01 -4.8728582E-02 -5.7036427E-03 -2.1983576E-02 -1.6316991E-03  0.0000000E+00
  7.8507600E+01 -5.9183852E-02 -5.2222225E-03 -3.2760919E-02 -2.9580123E-03  0.0000000E+00
  7.8507600E+01 -6.7974413E-02 -4.8399167E-03 -4.5777957E-02 -3.8015370E-03  0.0000000E+00
  7.8507600E+01 -7.6057460E-02 -7.7907740E-03 -5.2146130E-02 -4.2047056E-03  0.0000000E+00
  7.8507600E+01 -7.0843639E-02 -4.7521863E-03 -5.3057620E-02 -4.2224714E-03  0.0000000E+00
  7.8507600E+01 -6.8166576E-02 -2.0521190E-04 -4.9174132E-02 -3.9420587E-03  0.0000000E+00
  7.8507600E+01 -6.2194254E-02 -2.7286273E-03 -3.9122019E-02 -3.4536538E-03  0.0000000E+00
  7.8507600E+01 -4.6217504E-02 -2.9340920E-03 -1.9540060E-02 -2.8097811E-03  0.0000000E+00
  7.8507600E+01 -2.4935483E-02 -2.0955550E-03 -6.0712965E-03 -2.0414392E-03  0.0000000E+00
  7.8507600E+01 -5.6900249E-03  4.1201688E-03 -1.4835298E-04 -1.1733660E-03  0.0000000E+00
  7.8507600E+01  4.2049514E-03  1.3829682E-02  5.0565916E-03 -2.3142307E-04  0.0000000E+00
  7.8507600E+01  8.9584853E-03  1.6060424E-02  3.2035717E-03  7.2298837E-04  0.0000000E+00
  7.8507600E+01  2.4200528E-02  1.2348717E-02  5.5106169E-03  1.5831375E-03  0.0000000E+00
  7.8507600E+01  3.5024315E-02  8.4638962E-03  9.4536686E-03  2.2801207E-03  0.0000000E+00
  7.8507600E+01  2.8044057E-02  6.9392396E-03  9.7305005E-03  2.8229205E-03  0.0000000E+00
  7.8507600E+01  3.0770492E-02  6.1002934E-03  4.0084993E-03  3.2384694E-03  0.0000000E+00
  7.8507600E+01  3.5472662E-02  4.7927904E-03 -2.7850610E-03  3.5335471E-03  0.0000000E+00
  7.8507600E+01  4.1491780E-02  2.4279962E-03 -4.8738401E-03  3.7027554E-03  0.0000000E+00
  7.8507600E+01  4.3743058E-02 -1.3224991E-03 -2.8192120E-03  3.7507337E-03  0.0000000E+00
  7.8507600E+01  3.2781441E-02 -3.4772048E-03 -3.5644454E-03  3.7109579E-03  0.0000000E+00
  7.8507600E+01  2.1198092E-02 -4.7803635E-03 -1.5951654E-03  3.6331225E-03  0.0000000E+00
  7.8507600E+01  1.5796999E-02 -6.3556255E-03  1.4188262E-03  3.5438871E-03  0.0000000E+00
  7.8507600E+01  1.0393117E-02 -6.8037835E-03  3.1881595E-03  3.4519138E-03  0.0000000E+00
  7.8507600E+01  4.9103253E-03 -6.5125249E-03  3.3462844E-03  3.3601969E-03  0.0000000E+00
  7.8507600E+01  4.4268046E-03 -7.4447260E-03  3.0318610E-03  3.2696591E-03  0.0000000E+00
  7.8507600E+01  5.3904686E-03 -9.6648663E-03  3.7269213E-03  3.1735595E-03  0.0000000E+00
  7.8507600E+01  4.2190937E-03 -1.0390639E-02  4.0200558E-03  3.0680939E-03  0.0000000E+00
  7.8507600E+01  2.2605605E-03 -9.3926433E-03  3.1106358E-03  2.9537677E-03  0.0000000E+00
  7.8507600E+01  2.9907007E-04 -7.6668937E-03  2.1204003E-03  2.8327914E-03  0.0000000E+00
  7.8507600E+01 -7.8390456E-04 -6.0746741E-03  1.7148582E-03  2.7093444E-03  0.0000000E+00
  7.8507600E+01 -8.4440469E-04 -4.9101056E-03  1.4813133E-03  2.5886050E-03  0.0000000E+00
  7.8507600E+01 -1.4205355E-03 -4.0886601E-03  5.5968699E-04  2.4731140E-03  0.0000000E+00
  7.8507600E+01 -2.0170908E-03 -3.3110204E-03 -1.3497806E-03  2.3671157E-03  0.0000000E+00
  7.8507600E+01 -1.4599469E-03 -2.3807671E-03 -2.9181490E-03  2.2792972E-03  0.0000000E+00
  7.8507600E+01 -1.2352970E-03 -1.6446233E-03 -3.8534623E-03  2.2189801E-03  0.0000000E+00
  7.8507600E+01 -9.0150324E-04 -1.2867835E-03 -4.1389238E-03  2.1854273E-03  0.0000000E+00
  7.8507600E+01 -2.2166418E-04 -1.2658179E-03 -3.6873674E-03  2.1714552E-03  0.0000000E+00
  7.8507600E+01  3.8403668E-04 -1.4005679E-03 -2.5125712E-03  2.1672724E-03  0.0000000E+00
  7.8507600E+01  6.3524941E-04 -1.4820896E-03 -8.4023429E-04  2.1641012E-03  0.0000000E+00
  7.8507600E+01  4.2260439E-04 -1.3556436E-03  1.0263788E-03  2.1559230E-03  0.0000000E+00
  7.8507600E+01 -1.2885991E-04 -7.4974928E-04  2.3546446E-03  2.1396773E-03  0.0000000E+00
  7.8507600E+01 -1.3389010E-05 -4.8730287E-05  3.0298558E-03  2.1174136E-03  0.0000000E+00
  7.8507600E+01  3.3117348E-04  4.6229844E-04  2.9974415E-03  2.0948303E-03  0.0000000E+00
  7.8507600E+01  2.5407115E-04  7.6168847E-04  2.5596009E-03  2.0798154E-03  0.0000000E+00
  7.8507600E+01 -3.2759056E-05  8.8629470E-04  2.1985595E-03  2.0777153E-03  0.0000000E+00
  7.8507600E+01  1.1478955E-04  7.1788788E-04  2.0623845E-03  2.0882385E-03  0.0000000E+00
  7.8507600E+01  9.6295702E-04  1.6944780E-04  1.9334207E-03  2.1058366E-03  0.0000000E+00
  7.8507600E+01  1.5365414E-03 -3.1676306E-04  1.9096124E-03  2.1235788E-03  0.0000000E+00
  7.8507600E+01  1.4713318E-03 -6.0165268E-04  1.6497624E-03  2.1374003E-03  0.0000000E+00
  7.8507600E+01  2.7209246E-04 -8.0008602E-04  1.5284672E-03  2.1477081E-03  0.0000000E+00
  7.8507600E+01 -6.1478088E-04 -8.7950193E-04  1.2375295E-03  2.1576058E-03  0.0000000E+00
  7.8507600E+01 -5.1981639E-04 -6.4460911E-04  7.1794246E-04  2.1705554E-03  0.0000000E+00
  7.8507600E+01 -1.4208855E-04  1.2002034E-06  1.9175030E-04  2.1887989E-03  0.0000000E+00
  7.8507600E+01 -1.7538960E-04  8.9577104E-04 -2.7924782E-04  2.2126444E-03  0.0000000E+00
  7.8507600E+01 -1.7510508E-04  1.7069037E-03 -8.3390552E-04  2.2393409E-03  0.0000000E+00
  7.8507600E+01  5.9237146E-04  2.1737789E-03 -1.2880817E-03  2.2633608E-03  0.0000000E+00
  7.8507600E+01  1.4828506E-03  2.1924103E-03 -1.4562459E-03  2.2818667E-03  0.0000000E+00
  7.8507600E+01  2.8770988E-03  2.0313013E-03 -1.1820648E-03  2.2952288E-03  0.0000000E+00
  7.8507600E+01  3.8394137E-03  1.9132798E-03 -9.1451019E-04  2.3040153E-03  0.0000000E+00
  7.8507600E+01  3.7265309E-03  1.9479152E-03 -8.0787363E-04  2.3092157E-03  0.0000000E+00
  7.8507600E+01  2.8471653E-03  2.1053731E-03 -6.9211032E-04  2.3119995E-03  0.0000000E+00
  7.8507600E+01  1.9247256E-03  2.2856345E-03 -4.1574863E-04  2.3128518E-03  0.0000000E+00
  7.8507600E+01  1.3267050E-03  2.4213946E-03 -1.3292776E-04  2.3114254E-03  0.0000000E+00
  7.8507600E+01  1.0450201E-03  2.5638123E-03 -6.3632517E-05  2.3078471E-03  0.0000000E+00
  7.8507600E+01  1.6247516E-03  2.7381526E-03 -2.1420480E-04  2.3013827E-03  0.0000000E+00
  7.8507600E+01  2.3554506E-03  2.9043436E-03 -5.5916812E-04  2.2924661E-03  0.0000000E+00
  7.8507600E+01  2.5831344E-03  2.9957211E-03 -7.7786820E-04  2.2838555E-03  0.0000000E+00
  7.8507600E+01  2.4048140E-03  2.9357729E-03 -6.8371260E-04  2.2786074E-03  0.0000000E+00
  7.8507600E+01  2.2749894E-03  2.7183707E-03 -3.0244527E-04  2.2777318E-03  0.0000000E+00
  7.8507600E+01  2.3954708E-03  2.4270136E-03  1.8824349E-04  2.2800789E-03  0.0000000E+00
  7.8507600E+01  2.4758215E-03  2.1759281E-03  6.0596262E-04  2.2836084E-03  0.0000000E+00
  7.8507600E+01  2.4341724E-03  1.9528651E-03  9.5092689E-04  2.2868438E-03  0.0000000E+00
  7.8507600E+01  2.2514205E-03  1.7456680E-03  1.1363855E-03  2.2883933E-03  0.0000000E+00
  7.8507600E+01  1.8956791E-03  1.5077342E-03  1.1952797E-03  2.2876578E-03  0.0000000E+00
  7.8507600E+01  1.4808612E-03  1.2974851E-03  1.3233534E-03  2.2845472E-03  0.0000000E+00
  7.8507600E+01  1.4343320E-03  1.1363835E-03  1.5243930E-03  2.2803617E-03  0.0000000E+00
  7.8507600E+01  1.5248746E-03  1.0286872E-03  1.7026587E-03  2.2771702E-03  0.0000000E+00
  7.8507600E+01  1.3034742E-03  9.5267548E-04  1.7605493E-03  2.2770238E-03  0.0000000E+00
  7.8507600E+01  9.0392641E-04  8.5414603E-04  1.6844909E-03  2.2813112E-03  0.0000000E+00
  7.8507600E+01  9.6033322E-04  6.9235932E-04  1.6028798E-03  2.2901682E-03  0.0000000E+00
  7.8507600E+01  9.8816993E-04  5.4128413E-04  1.6789425E-03  2.3024558E-03  0.0000000E+00
  7.8507600E+01  1.2367425E-03  3.6747547E-04  1.7048644E-03  2.3170769E-03  0.0000000E+00
  7.8507600E+01  1.3602089E-03  2.2012311E-04  1.7342057E-03  2.3338635E-03  0.0000000E+00
  7.8507600E+01  1.3996106E-03  1.8756225E-04  1.7647559E-03  2.3525499E-03  0.0000000E+00
  7.8507600E+01  1.3839143E-03  2.9757289E-04  1.7560555E-03  2.3734431E-03  0.0000000E+00
  7.8507600E+01  1.2279775E-03  4.8989390E-04  1.6683727E-03  2.3978564E-03  0.0000000E+00
  7.8507600E+01  9.5072047E-04  6.5420833E-04  1.5150068E-03  2.4269312E-03  0.0000000E+00
  7.8507600E+01  8.1897251E-04  6.9919163E-04  1.3680566E-03  2.4605754E-03  0.0000000E+00
  7.8507600E+01  1.0215300E-03  6.2115746E-04  1.2578496E-03  2.4971566E-03  0.0000000E+00
  7.8507600E+01  1.3975413E-03  4.9223178E-04  1.1390152E-03  2.5339863E-03  0.0000000E+00
  7.8507600E+01  1.4778307E-03  3.7575702E-04  9.8112637E-04  2.5696790E-03  0.0000000E+00
  7.8507600E+01  1.7939750E-03  2.8609186E-04  8.3705592E-04  2.6038213E-03  0.0000000E+00
  7.8507600E+01  2.0132471E-03  2.1970057E-04  7.4627120E-04  2.6373545E-03  0.0000000E+00
  7.8507600E+01 -2.3539163E-08  1.6818521E-10 -3.3452113E-09  4.8242786E-02  0.0000000E+00
  7.8507600E+01  1.2792783E-02 -3.6588881E-04  5.9610759E-03  4.7768085E-02  0.0000000E+00
  7.8507600E+01  1.1460091E-02  2.1624393E-03 -9.2355282E-04  4.5265239E-02  0.0000000E+00
  7.8507600E+01  1.7468634E-02  9.5720476E-03 -8.3431921E-03  4.1609987E-02  0.0000000E+00
  7.8507600E+01  2.6079723E-02  1.5427557E-02 -8.4103159E-03  3.8142755E-02  0.0000000E+00
  7.8507600E+01  3.3055809E-02  1.9168566E-02 -5.3361425E-03  3.5424483E-02  0.0000000E+00
  7.8507600E+01  3.7710358E-02  2.1795571E-02 -4.2614623E-03  3.3432362E-02  0.0000000E+00
  7.8507600E+01  3.7299702E-02  2.3689904E-02 -1.9291677E-03  3.1914839E-02  0.0000000E+00
  7.8507600E+01  3.4109774E-02  2.1801729E-02  2.5069844E-03  3.0676373E-02  0.0000000E+00
  7.8507600E+01  2.9634303E-02  1.8522421E-02  9.2978716E-03  2.9628836E-02  0.0000000E+00
  7.8507600E+01  2.6039140E-02  1.4928515E-02  1.4799277E-02  2.8713536E-02  0.0000000E+00
  7.8507600E+01  2.3021159E-02  6.7209788E-03  1.5111626E-02  2.7882565E-02  0.0000000E+00
  7.8507600E+01  2.2637813E-02 -3.9607031E-03  9.3100262E-03  2.7119706E-02  0.0000000E+00
  7.8507600E+01  2.2038888E-02 -1.4824449E-02  9.5781792E-03  2.6437108E-02  0.0000000E+00
  7.8507600E+01  1.7156247E-02 -2.8443998E-02  4.8499012E-03  2.5855126E-02  0.0000000E+00
  7.8507600E+01  2.6506379E-04 -3.7341716E-02 -2.1546756E-03  2.5411021E-02  0.0000000E+00
  7.8507600E+01 -2.1342914E-02 -4.0497967E-02 -2.4949846E-04  2.5110641E-02  0.0000000E+00
  7.8507600E+01 -4.0118624E-02 -4.0212388E-02  4.0637418E-03  2.4894124E-02  0.0000000E+00
  7.8507600E+01 -5.4591490E-02 -3.5505208E-02  1.9689065E-03  2.4752942E-02  0.0000000E+00
  7.8507600E+01 -6.4246147E-02 -2.7750774E-02 -7.4372136E-03  2.4754529E-02  0.0000000E+00
  7.8507600E+01 -7.0546114E-02 -2.0789209E-02 -1.3542197E-02  2.4941763E-02  0.0000000E+00
  7.8507600E+01 -6.9653098E-02 -1.4722299E-02 -1.5166577E-02  2.5297118E-02  0.0000000E+00
  7.8507600E+01 -6.6392179E-02 -4.1793983E-03 -1.9143946E-02  2.5769301E-02  0.0000000E+00
  7.8507600E+01 -5.8442400E-02  5.4865433E-03 -2.4267971E-02  2.6280456E-02  0.0000000E+00
  7.8507600E+01 -4.7745548E-02  8.2957112E-03 -2.5117873E-02  2.6783975E-02  0.0000000E+00
  7.8507600E+01 -3.1088904E-02  8.0661364E-03 -1.9882278E-02  2.7255248E-02  0.0000000E+00
  7.8507600E+01 -7.7042711E-03  8.6447006E-03 -7.1450551E-03  2.7669272E-02  0.0000000E+00
  7.8507600E+01  1.1872276E-02  1.0557485E-02  1.1289437E-03  2.7986015E-02  0.0000000E+00
  7.8507600E+01  2.7053385E-02  1.2760369E-02  3.3096763E-03  2.8185019E-02  0.0000000E+00
  7.8507600E+01  3.9637222E-02  1.3384122E-02  4.3574188E-03  2.8280319E-02  0.0000000E+00
  7.8507600E+01  3.7882212E-02  1.1340565E-02  4.1485245E-03  2.8270220E-02  0.0000000E+00
  7.8507600E+01  2.8095950E-02  8.1564600E-03  3.8471454E-03  2.8122950E-02  0.0000000E+00
  7.8507600E+01  2.4891923E-02  5.8363677E-03  5.4935692E-03  2.7819589E-02  0.0000000E+00
  7.8507600E+01  1.9235899E-02  4.7979609E-03  5.0251137E-03  2.7392393E-02  0.0000000E+00
  7.8507600E+01  1.3738225E-02  2.6779818E-03  2.0625199E-03  2.6893861E-02  0.0000000E+00
  7.8507600E+01  9.4125339E-03  2.5140046E-03 -2.5105687E-04  2.6357116E-02  0.0000000E+00
  7.8507600E+01  6.8743848E-03  3.3661691E-03 -1.1016297E-03  2.5801026E-02  0.0000000E+00
  7.8507600E+01  7.9791977E-03  2.0774595E-03 -1.4115352E-03  2.5231275E-02  0.0000000E+00
  7.8507600E+01  1.0169945E-02 -9.1134680E-04 -7.2117584E-04  2.4647252E-02  0.0000000E+00
  7.8507600E+01  1.0039994E-02 -3.2387045E-03  1.1739269E-03  2.4055853E-02  0.0000000E+00
  7.8507600E+01  8.3145875E-03 -4.5442308E-03  1.9392751E-03  2.3455361E-02  0.0000000E+00
  7.8507600E+01  2.4301035E-03 -4.7471118E-03  3.4821753E-03  2.2844054E-02  0.0000000E+00
  7.8507600E+01 -1.3317822E-03 -4.8857472E-03  5.3600080E-03  2.2220328E-02  0.0000000E+00
  7.8507600E+01 -1.7611378E-03 -5.4027718E-03  6.1970697E-03  2.1588961E-02  0.0000000E+00
  7.8507600E+01 -1.6117777E-03 -5.7278619E-03  5.6199350E-03  2.0959317E-02  0.0000000E+00
  7.8507600E+01 -1.5407216E-03 -4.8810702E-03  4.3975357E-03  2.0349919E-02  0.0000000E+00
  7.8507600E+01 -7.4051113E-05 -3.4560667E-03  3.0720310E-03  1.9775033E-02  0.0000000E+00
  7.8507600E+01  1.3315380E-03 -2.3382035E-03  8.6513208E-04  1.9235853E-02  0.0000000E+00
  7.8507600E+01  1.9669938E-03 -1.3128021E-03 -1.5182767E-03  1.8730360E-02  0.0000000E+00
  7.8507600E+01  1.8139212E-03 -2.7082979E-04 -3.1786046E-03  1.8256665E-02  0.0000000E+00
  7.8507600E+01  2.0413316E-03  4.5111856E-04 -3.7904017E-03  1.7807408E-02  0.0000000E+00
  7.8507600E+01  2.6474367E-03  7.1133682E-04 -3.1712542E-03  1.7370824E-02  0.0000000E+00
  7.8507600E+01  2.4451481E-03  6.5478216E-04 -1.7047524E-03  1.6936387E-02  0.0000000E+00
  7.8507600E+01  1.2092153E-03  4.3858122E-04  2.4042214E-05  1.6500676E-02  0.0000000E+00
  7.8507600E+01  1.0074590E-03 -3.7791533E-05  1.9386551E-03  1.6066835E-02  0.0000000E+00
  7.8507600E+01  8.2586382E-04 -2.2751896E-04  2.8987520E-03  1.5637725E-02  0.0000000E+00
  7.8507600E+01  5.8040115E-04  2.7869675E-05  2.7130234E-03  1.5218556E-02  0.0000000E+00
  7.8507600E+01  4.7601291E-04  5.5600771E-04  1.8111461E-03  1.4816111E-02  0.0000000E+00
  7.8507600E+01  2.9826201E-04  1.0786484E-03  1.0046797E-03  1.4435670E-02  0.0000000E+00
  7.8507600E+01 -4.1415217E-04  1.3486687E-03  7.9035851E-04  1.4080493E-02  0.0000000E+00
  7.8507600E+01 -1.4229221E-03  1.2526140E-03  1.1277322E-03  1.3746927E-02  0.0000000E+00
  7.8507600E+01 -1.3675657E-03  8.2338011E-04  1.6389245E-03  1.3428553E-02  0.0000000E+00
  7.8507600E+01  9.6018468E-05  2.5638315E-04  1.7779356E-03  1.3119654E-02  0.0000000E+00
  7.8507600E+01 -2.1258725E-05 -1.0290705E-04  1.7294117E-03  1.2816606E-02  0.0000000E+00
  7.8507600E+01  3.4063425E-04 -1.8207981E-04  1.5341406E-03  1.2517644E-02  0.0000000E+00
  7.8507600E+01  4.5999860E-04 -4.8265858E-05  9.4936907E-04  1.2222993E-02  0.0000000E+00
  7.8507600E+01 -1.0418566E-04  1.9826819E-04  3.0278329E-04  1.1933364E-02  0.0000000E+00
  7.8507600E+01 -6.6566848E-04  5.1077566E-04  8.5524958E-05  1.1648708E-02  0.0000000E+00
  7.8507600E+01 -5.8741399E-04  9.1577656E-04  3.1323303E-04  1.1368027E-02  0.0000000E+00
  7.8507600E+01 -3.0393344E-04  1.4694342E-03  4.6368182E-04  1.1090381E-02  0.0000000E+00
  7.8507600E+01 -4.3118062E-04  2.0742817E-03  3.7779597E-04  1.0816821E-02  0.0000000E+00
  7.8507600E+01 -5.5814914E-04  2.5404452E-03  2.1617468E-04  1.0549450E-02  0.0000000E+00
  7.8507600E+01  8.5302066E-04  2.4824644E-03  2.0040763E-04  1.0288162E-02  0.0000000E+00
  7.8507600E+01  1.9570497E-03  2.0072033E-03  8.7035917E-06  1.0028547E-02  0.0000000E+00
  7.8507600E+01  1.8001584E-03  1.5135453E-03 -3.3665203E-04  9.7677973E-03  0.0000000E+00
  7.8507600E+01  1.1408375E-03  1.2510291E-03 -6.4838811E-04  9.5063846E-03  0.0000000E+00
  7.8507600E+01  1.0033541E-03  1.2654132E-03 -6.8412257E-04  9.2488277E-03  0.0000000E+00
  7.8507600E+01  1.3472219E-03  1.4958297E-03 -3.1074557E-04  8.9987006E-03  0.0000000E+00
  7.8507600E+01  2.2899043E-03  1.8018209E-03  1.7357781E-04  8.7581770E-03  0.0000000E+00
  7.8507600E+01  2.2662441E-03  2.1712850E-03  3.7706407E-04  8.5293045E-03  0.0000000E+00
  7.8507600E+01  1.9083901E-03  2.4728813E-03  5.9456795E-04  8.3140447E-03  0.0000000E+00
  7.8507600E+01  1.4674215E-03  2.5714696E-03  7.5070563E-04  8.1123612E-03  0.0000000E+00
  7.8507600E+01  1.3425137E-03  2.4301462E-03  8.5620383E-04  7.9216783E-03  0.0000000E+00
  7.8507600E+01  1.6080116E-03  2.1177973E-03  9.2887959E-04  7.7389569E-03  0.0000000E+00
  7.8507600E+01  1.9115995E-03  1.7459842E-03  1.0116000E-03  7.5614597E-03  0.0000000E+00
  7.8507600E+01  1.9075836E-03  1.3865892E-03  1.1724373E-03  7.3869376E-03  0.0000000E+00
  7.8507600E+01  1.8762130E-03  1.0498800E-03  1.3681510E-03  7.2142086E-03  0.0000000E+00
  7.8507600E+01  2.6136001E-03  8.0935212E-04  1.3091478E-03  7.0440773E-03  0.0000000E+00
  7.8507600E+01  2.8341432E-03  7.4431000E-04  1.3387452E-03  6.8788381E-03  0.0000000E+00
  7.8507600E+01  2.6656082E-03  7.9636554E-04  1.1558218E-03  6.7210858E-03  0.0000000E+00
  7.8507600E+01  1.9910023E-03  8.2160810E-04  9.2780779E-04  6.5741994E-03  0.0000000E+00
  7.8507600E+01  1.2270857E-03  7.6142863E-04  9.4789708E-04  6.4393093E-03  0.0000000E+00
  7.8507600E+01  9.7021012E-04  6.6456259E-04  1.2940208E-03  6.3152713E-03  0.0000000E+00
  7.8507600E+01  1.2009561E-03  5.8643797E-04  1.7239803E-03  6.1992015E-03  0.0000000E+00
  7.8507600E+01  1.2449005E-03  5.1894898E-04  1.8681873E-03  6.0895237E-03  0.0000000E+00
  7.8507600E+01  1.6307534E-03  4.9971604E-04  1.7792142E-03  5.9856778E-03  0.0000000E+00
  7.8507600E+01  9.6039786E-04  5.2197918E-04  1.6894353E-03  5.8890020E-03  0.0000000E+00
  7.8507600E+01  9.7090667E-04  5.8466160E-04  1.5585085E-03  5.8003132E-03  0.0000000E+00
  7.8507600E+01  1.1602821E-03  6.0596807E-04  1.3166081E-03  5.7195179E-03  0.0000000E+00
  7.8507600E+01  1.2360533E-03  5.8281711E-04  1.0661824E-03  5.6444281E-03  0.0000000E+00
  7.8507600E+01  2.5526682E-07  3.1956419E-08  8.4365659E-08  8.2288531E-02  0.0000000E+00
  7.8507600E+01  1.7215409E-02  6.8050031E-03  1.1431211E-02  8.1867348E-02  0.0000000E+00
  7.8507600E+01 -1.9339392E-02  1.1120370E-02 -4.7696277E-02  8.0099883E-02  0.0000000E+00
  7.8507600E+01 -6.2191706E-03  2.8852771E-03 -2.6536554E-02  7.6579950E-02  0.0000000E+00
  7.8507600E+01 -7.6278447E-03 -1.0117286E-02  4.5919995E-03  7.2514166E-02  0.0000000E+00
  7.8507600E+01 -1.4670404E-02 -1.9987214E-02  2.2034177E-02  6.8645200E-02  0.0000000E+00
  7.8507600E+01 -2.0446638E-02 -2.4586992E-02  2.5334650E-02  6.5287738E-02  0.0000000E+00
  7.8507600E+01 -2.6364149E-02 -2.3695604E-02  2.4315949E-02  6.2505239E-02  0.0000000E+00
  7.8507600E+01 -3.1890156E-02 -2.4179024E-02  2.0236146E-02  6.0235247E-02  0.0000000E+00
  7.8507600E+01 -3.4768557E-02 -2.6752004E-02  1.4097213E-02  5.8368354E-02  0.0000000E+00
  7.8507600E+01 -4.1291273E-02 -2.4002770E-02  4.9891825E-03  5.6806754E-02  0.0000000E+00
  7.8507600E+01 -4.8339771E-02 -1.8116705E-02 -3.9700949E-03  5.5473363E-02  0.0000000E+00
  7.8507600E+01 -5.2806059E-02 -1.2442704E-02 -1.1701136E-02  5.4334719E-02  0.0000000E+00
  7.8507600E+01 -5.0071749E-02 -4.1096449E-03 -1.3304953E-02  5.3384196E-02  0.0000000E+00
  7.8507600E+01 -4.5003654E-02  3.5097167E-03 -1.1961144E-02  5.2578141E-02  0.0000000E+00
  7.8507600E+01 -3.7598700E-02  9.6292416E-03 -1.2848474E-02  5.1869826E-02  0.0000000E+00
  7.8507600E+01 -3.8610282E-02  1.6605235E-02 -9.7173095E-03  5.1245266E-02  0.0000000E+00
  7.8507600E+01 -3.6219211E-02  2.0250023E-02 -1.3622736E-03  5.0695533E-02  0.0000000E+00
  7.8507600E+01 -2.2484971E-02  1.8183399E-02  4.5628630E-03  5.0178393E-02  0.0000000E+00
  7.8507600E+01 -6.3393828E-03  1.3691043E-02  7.6659334E-03  4.9655439E-02  0.0000000E+00
  7.8507600E+01  4.5307874E-03  9.8618579E-03  8.2558075E-03  4.9101310E-02  0.0000000E+00
  7.8507600E+01  5.3566597E-03  8.8806294E-03  6.6859744E-03  4.8498664E-02  0.0000000E+00
  7.8507600E+01  2.0168818E-03  9.1582371E-03  6.1915041E-03  4.7835728E-02  0.0000000E+00
  7.8507600E+01  4.5068714E-03  9.3655025E-03  5.5734065E-03  4.7110465E-02  0.0000000E+00
  7.8507600E+01  1.0799467E-02  9.9470040E-03  3.1767012E-03  4.6318098E-02  0.0000000E+00
  7.8507600E+01  1.3496928E-02  1.1342839E-02  2.3425496E-03  4.5472906E-02  0.0000000E+00
  7.8507600E+01  1.9489071E-02  1.2162294E-02  2.7780246E-03  4.4589497E-02  0.0000000E+00
  7.8507600E+01  2.1724505E-02  1.2432697E-02  4.4323972E-03  4.3680698E-02  0.0000000E+00
  7.8507600E+01  1.9698384E-02  1.1774397E-02  7.1417616E-03  4.2744964E-02  0.0000000E+00
  7.8507600E+01  1.8697100E-02  9.4301014E-03  7.7499449E-03  4.1778517E-02  0.0000000E+00
  7.8507600E+01  2.0075588E-02  6.1302906E-03  7.4088149E-03  4.0784648E-02  0.0000000E+00
  7.8507600E+01  2.0294798E-02  3.4870255E-03  6.7348758E-03  3.9772679E-02  0.0000000E+00
  7.8507600E+01  1.6661001E-02  3.0833271E-03  4.1797724E-03  3.8749915E-02  0.0000000E+00
  7.8507600E+01  1.1757838E-02  2.9308689E-03 -2.1736982E-04  3.7724532E-02  0.0000000E+00
  7.8507600E+01  1.1222664E-02  2.0680389E-03 -4.8880847E-04  3.6694151E-02  0.0000000E+00
  7.8507600E+01  1.1762184E-02  5.5896183E-04  2.0217862E-03  3.5658594E-02  0.0000000E+00
  7.8507600E+01  1.0555735E-02 -1.3846848E-03  4.5966746E-03  3.4615527E-02  0.0000000E+00
  7.8507600E+01  7.4579604E-03 -3.5977865E-03  5.8555393E-03  3.3572601E-02  0.0000000E+00
  7.8507600E+01  4.3025568E-03 -5.4503257E-03  5.5453449E-03  3.2544574E-02  0.0000000E+00
  7.8507600E+01  1.8375660E-03 -5.9755002E-03  3.9069509E-03  3.1547564E-02  0.0000000E+00
  7.8507600E+01 -1.2247203E-04 -5.4649535E-03  2.7312085E-03  3.0591083E-02  0.0000000E+00
  7.8507600E+01  4.2965889E-04 -4.1526759E-03  2.0217057E-03  2.9682323E-02  0.0000000E+00
  7.8507600E+01  2.6944104E-03 -2.5033873E-03  8.1140616E-04  2.8816543E-02  0.0000000E+00
  7.8507600E+01  4.9584190E-03 -8.9911889E-04 -1.0192016E-03  2.7989489E-02  0.0000000E+00
  7.8507600E+01  6.8552421E-03  3.6656545E-04 -2.7408173E-03  2.7193163E-02  0.0000000E+00
  7.8507600E+01  9.0302283E-03  1.0309124E-03 -3.6938014E-03  2.6422398E-02  0.0000000E+00
  7.8507600E+01  9.7562277E-03  9.1207095E-04 -3.9498763E-03  2.5672017E-02  0.0000000E+00
  7.8507600E+01  7.8433503E-03  7.6045290E-04 -2.8759124E-03  2.4943313E-02  0.0000000E+00
  7.8507600E+01  5.5372945E-03  5.0306419E-04 -1.0122825E-03  2.4236689E-02  0.0000000E+00
  7.8507600E+01  4.2157460E-03  6.6552493E-05  1.1264129E-03  2.3551367E-02  0.0000000E+00
  7.8507600E+01  3.6400305E-03 -3.4424204E-04  2.9024401E-03  2.2883897E-02  0.0000000E+00
  7.8507600E+01  3.0971018E-03 -4.2259138E-04  4.0463234E-03  2.2235232E-02  0.0000000E+00
  7.8507600E+01  2.2186511E-03 -1.7390456E-04  4.5178184E-03  2.1605761E-02  0.0000000E+00
  7.8507600E+01  1.1730117E-03  4.3573487E-05  4.2779460E-03  2.0998645E-02  0.0000000E+00
  7.8507600E+01  6.7486774E-04  5.0316446E-04  3.5697820E-03  2.0413847E-02  0.0000000E+00
  7.8507600E+01  3.6649063E-04  1.2612943E-03  2.4473636E-03  1.9855075E-02  0.0000000E+00
  7.8507600E+01 -5.3467575E-04  1.9292371E-03  1.4579826E-03  1.9322792E-02  0.0000000E+00
  7.8507600E+01 -9.9799428E-04  2.3977745E-03  8.1193505E-04  1.8815128E-02  0.0000000E+00
  7.8507600E+01 -6.5059750E-04  2.6644486E-03  2.5462735E-04  1.8325512E-02  0.0000000E+00
  7.8507600E+01  9.1247034E-05  2.7359323E-03 -4.1714515E-04  1.7849073E-02  0.0000000E+00
  7.8507600E+01  8.4271414E-04  2.5346434E-03 -9.6641792E-04  1.7380751E-02  0.0000000E+00
  7.8507600E+01  1.5824072E-03  1.9813603E-03 -9.6675809E-04  1.6919964E-02  0.0000000E+00
  7.8507600E+01  2.3068349E-03  1.2898523E-03 -6.3935497E-04  1.6465849E-02  0.0000000E+00
  7.8507600E+01  2.1155538E-03  8.2982182E-04 -6.6973590E-04  1.6020644E-02  0.0000000E+00
  7.8507600E+01  1.3147463E-03  7.8320048E-04 -6.2531693E-04  1.5585213E-02  0.0000000E+00
  7.8507600E+01  2.8119529E-04  1.0522376E-03 -3.5488562E-04  1.5161673E-02  0.0000000E+00
  7.8507600E+01 -7.3604876E-04  1.4273262E-03 -1.0308976E-05  1.4749936E-02  0.0000000E+00
  7.8507600E+01 -1.4602404E-03  1.7398832E-03  3.0083626E-04  1.4350175E-02  0.0000000E+00
  7.8507600E+01 -1.8348317E-03  1.9595507E-03  6.0680311E-04  1.3959766E-02  0.0000000E+00
  7.8507600E+01 -1.9856332E-03  2.1227166E-03  9.1111559E-04  1.3577125E-02  0.0000000E+00
  7.8507600E+01 -1.4332106E-03  2.1021006E-03  8.7825824E-04  1.3200301E-02  0.0000000E+00
  7.8507600E+01 -1.2098670E-04  1.8537705E-03  7.0623653E-04  1.2830853E-02  0.0000000E+00
  7.8507600E+01  8.9871798E-04  1.6388414E-03  6.8961097E-04  1.2467593E-02  0.0000000E+00
  7.8507600E+01  1.3181259E-03  1.6494034E-03  5.9094770E-04  1.2111535E-02  0.0000000E+00
  7.8507600E+01  1.5875194E-03  1.8154785E-03  2.9639966E-04  1.1764738E-02  0.0000000E+00
  7.8507600E+01  2.1344543E-03  1.9926547E-03  1.3775400E-05  1.1432120E-02  0.0000000E+00
  7.8507600E+01  2.7401874E-03  2.1080637E-03  7.7278350E-05  1.1115652E-02  0.0000000E+00
  7.8507600E+01  2.6821318E-03  2.1960170E-03  6.0188316E-04  1.0815319E-02  0.0000000E+00
  7.8507600E+01  2.2584643E-03  2.2666484E-03  1.2111382E-03  1.0529737E-02  0.0000000E+00
  7.8507600E+01  2.0051820E-03  2.3386381E-03  1.4969316E-03  1.0258046E-02  0.0000000E+00
  7.8507600E+01  1.9771045E-03  2.2370903E-03  1.6631194E-03  9.9979702E-03  0.0000000E+00
  7.8507600E+01  2.1022940E-03  2.0387293E-03  1.6892717E-03  9.7466088E-03  0.0000000E+00
  7.8507600E+01  2.4220305E-03  1.7714498E-03  1.6210516E-03  9.5024743E-03  0.0000000E+00
  7.8507600E+01  2.8853922E-03  1.4676023E-03  1.5551367E-03  9.2658812E-03  0.0000000E+00
  7.8507600E+01  3.2598697E-03  1.1687165E-03  1.5231278E-03  9.0362745E-03  0.0000000E+00
  7.8507600E+01  3.2603441E-03  9.1127261E-04  1.4333395E-03  8.8142734E-03  0.0000000E+00
  7.8507600E+01  2.8115071E-03  7.4882264E-04  1.2247042E-03  8.6005590E-03  0.0000000E+00
  7.8507600E+01  2.2656885E-03  7.6102009E-04  1.0544091E-03  8.3964904E-03  0.0000000E+00
  7.8507600E+01  1.9728940E-03  8.6239368E-04  8.6893001E-04  8.2030949E-03  0.0000000E+00
  7.8507600E+01  1.5499547E-03  9.8139431E-04  8.4143010E-04  8.0209906E-03  0.0000000E+00
  7.8507600E+01  9.9619720E-04  1.0249842E-03  9.2830074E-04  7.8491227E-03  0.0000000E+00
  7.8507600E+01  6.0572621E-04  9.8499161E-04  1.0941566E-03  7.6871340E-03  0.0000000E+00
  7.8507600E+01  5.6706017E-04  8.9992445E-04  1.2418158E-03  7.5346707E-03  0.0000000E+00
  7.8507600E+01  7.8381552E-04  8.2246243E-04  1.2466254E-03  7.3920170E-03  0.0000000E+00
  7.8507600E+01  9.7859044E-04  7.8330979E-04  1.0664379E-03  7.2586633E-03  0.0000000E+00
  7.8507600E+01  1.1631645E-03  7.3982396E-04  8.9955016E-04  7.1342722E-03  0.0000000E+00
  7.8507600E+01  1.2026379E-03  6.7685597E-04  7.5682056E-04  7.0164815E-03  0.0000000E+00
  7.8507600E+01  1.4477750E-03  6.2781862E-04  6.4527570E-04  6.9032642E-03  0.0000000E+00
  7.8507600E+01  1.6185285E-03  5.9794795E-04  5.4432388E-04  6.7921698E-03  0.0000000E+00
  7.8507600E+01  1.6843620E-03  5.6828172E-04  4.7978783E-04  6.6828836E-03  0.0000000E+00
  7.8507600E+01 -1.7936504E-08  6.9790981E-09  5.6155251E-09  1.1318412E-01  0.0000000E+00
  7.8507600E+01  3.8848651E-04  6.6634389E-03  1.1751203E-03  1.1344545E-01  0.0000000E+00
  7.8507600E+01  3.2300594E-02  5.8614142E-03 -2.2081136E-02  1.1214130E-01  0.0000000E+00
  7.8507600E+01  5.7922153E-02  3.6573186E-03 -1.8032830E-02  1.1017105E-01  0.0000000E+00
  7.8507600E+01  4.0859482E-02  7.1716100E-03  1.9255583E-02  1.0806687E-01  0.0000000E+00
  7.8507600E+01  1.0471845E-02  1.2007478E-02  5.1380120E-02  1.0571477E-01  0.0000000E+00
  7.8507600E+01 -3.5902670E-03  1.2312401E-02  5.5764975E-02  1.0295531E-01  0.0000000E+00
  7.8507600E+01 -4.1785001E-03  1.0086314E-02  5.0314133E-02  9.9748547E-02  0.0000000E+00
  7.8507600E+01 -2.7483289E-03  2.7265984E-03  4.5324735E-02  9.6146733E-02  0.0000000E+00
  7.8507600E+01  1.8872363E-03 -1.0388677E-02  3.8587372E-02  9.2240510E-02  0.0000000E+00
  7.8507600E+01  3.8708048E-03 -2.4449951E-02  2.6171062E-02  8.8141789E-02  0.0000000E+00
  7.8507600E+01  1.2055335E-03 -3.3194727E-02  1.3820117E-02  8.4001180E-02  0.0000000E+00
  7.8507600E+01 -1.3511925E-03 -3.5636512E-02  5.6050000E-03  7.9957906E-02  0.0000000E+00
  7.8507600E+01 -7.5042164E-03 -3.5624063E-02 -4.5489321E-03  7.6076715E-02  0.0000000E+00
  7.8507600E+01 -1.7076703E-02 -3.6013896E-02 -1.1917261E-02  7.2423602E-02  0.0000000E+00
  7.8507600E+01 -2.6113604E-02 -3.4124648E-02 -9.3283295E-03  6.9026892E-02  0.0000000E+00
  7.8507600E+01 -3.4226690E-02 -2.6673746E-02 -6.5240960E-04  6.5872942E-02  0.0000000E+00
  7.8507600E+01 -3.7474525E-02 -1.5951535E-02  5.7361049E-03  6.2981474E-02  0.0000000E+00
  7.8507600E+01 -3.9744983E-02 -7.4713245E-03  7.2616808E-03  6.0373183E-02  0.0000000E+00
  7.8507600E+01 -4.0879808E-02 -2.0233597E-03  9.1862200E-03  5.8059113E-02  0.0000000E+00
  7.8507600E+01 -3.8875837E-02  2.4621604E-03  1.4184847E-02  5.5989675E-02  0.0000000E+00
  7.8507600E+01 -3.3322076E-02  2.7836872E-03  9.8928194E-03  5.4104130E-02  0.0000000E+00
  7.8507600E+01 -2.4678253E-02  2.3375188E-03  7.0243353E-03  5.2364001E-02  0.0000000E+00
  7.8507600E+01 -1.6542960E-02  3.4777941E-03  5.6288103E-03  5.0745708E-02  0.0000000E+00
  7.8507600E+01 -9.8166993E-03  6.5727612E-03  4.2567564E-03  4.9227283E-02  0.0000000E+00
  7.8507600E+01 -1.5845888E-03  8.7996051E-03  4.0596114E-03  4.7787519E-02  0.0000000E+00
  7.8507600E+01  5.4872046E-03  1.1179080E-02  3.8890148E-03  4.6400511E-02  0.0000000E+00
  7.8507600E+01  1.0589248E-02  1.3536546E-02  4.1646263E-03  4.5062169E-02  0.0000000E+00
  7.8507600E+01  1.6417825E-02  1.5410168E-02  3.2956691E-03  4.3769489E-02  0.0000000E+00
  7.8507600E+01  2.2666240E-02  1.6913447E-02  3.9381502E-03  4.2505660E-02  0.0000000E+00
  7.8507600E+01  2.9495283E-02  1.7058526E-02  6.2736281E-03  4.1270253E-02  0.0000000E+00
  7.8507600E+01  3.4165314E-02  1.5259634E-02  8.8081815E-03  4.0059207E-02  0.0000000E+00
  7.8507600E+01  3.4282536E-02  1.2548999E-02  1.1126999E-02  3.8871789E-02  0.0000000E+00
  7.8507600E+01  2.5860574E-02  1.0521918E-02  1.4688121E-02  3.7714089E-02  0.0000000E+00
  7.8507600E+01  1.8658856E-02  8.9421452E-03  1.4862243E-02  3.6585695E-02  0.0000000E+00
  7.8507600E+01  1.5303704E-02  6.8883972E-03  1.2518059E-02  3.5479517E-02  0.0000000E+00
  7.8507600E+01  1.1333246E-02  4.4546866E-03  1.1027850E-02  3.4391315E-02  0.0000000E+00
  7.8507600E+01  6.6844390E-03  2.5846665E-03  1.0858162E-02  3.3315301E-02  0.0000000E+00
  7.8507600E+01  6.9915296E-03  1.8367301E-03  9.5036365E-03  3.2250431E-02  0.0000000E+00
  7.8507600E+01  8.6709281E-03  1.8701896E-03  7.5510524E-03  3.1195243E-02  0.0000000E+00
  7.8507600E+01  9.2525501E-03  2.3459644E-03  5.2599837E-03  3.0149252E-02  0.0000000E+00
  7.8507600E+01  8.7334640E-03  1.8419808E-03  3.4932171E-03  2.9131301E-02  0.0000000E+00
  7.8507600E+01  7.8564830E-03  6.8917786E-04  2.9131392E-03  2.8148047E-02  0.0000000E+00
  7.8507600E+01  7.0077538E-03 -6.1520797E-04  2.5970184E-03  2.7201581E-02  0.0000000E+00
  7.8507600E+01  6.1087470E-03 -1.6927051E-03  1.4525580E-03  2.6296931E-02  0.0000000E+00
  7.8507600E+01  4.7283663E-03 -2.0794995E-03  1.1142806E-04  2.5431973E-02  0.0000000E+00
  7.8507600E+01  4.1321164E-03 -1.5718414E-03  4.6232979E-04  2.4602542E-02  0.0000000E+00
  7.8507600E+01  3.4757602E-03 -7.7289536E-04  8.9904105E-04  2.3804732E-02  0.0000000E+00
  7.8507600E+01  2.8721987E-03 -2.4853196E-04  5.0059228E-04  2.3030550E-02  0.0000000E+00
  7.8507600E+01  3.1198836E-03  2.6865173E-04  1.1481012E-04  2.2283009E-02  0.0000000E+00
  7.8507600E+01  4.3563159E-03  7.8330716E-04  3.5769121E-04  2.1562645E-02  0.0000000E+00
  7.8507600E+01  5.5187379E-03  1.1369432E-03  1.0075289E-03  2.0868405E-02  0.0000000E+00
  7.8507600E+01  5.6983068E-03  1.1719020E-03  1.6596194E-03  2.0202122E-02  0.0000000E+00
  7.8507600E+01  5.1495924E-03  8.8602540E-04  2.4915227E-03  1.9563966E-02  0.0000000E+00
  7.8507600E+01  4.2966311E-03  5.6021481E-04  3.8166369E-03  1.8955557E-02  0.0000000E+00
  7.8507600E+01  3.7647494E-03  2.3650295E-04  4.9538683E-03  1.8378745E-02  0.0000000E+00
  7.8507600E+01  3.5592276E-03 -3.6692398E-04  4.9370999E-03  1.7829098E-02  0.0000000E+00
  7.8507600E+01  3.2433771E-03 -8.6832575E-04  4.1854462E-03  1.7303088E-02  0.0000000E+00
  7.8507600E+01  2.6139860E-03 -8.5372839E-04  3.4635420E-03  1.6800843E-02  0.0000000E+00
  7.8507600E+01  1.7339051E-03 -3.4304665E-04  3.0912094E-03  1.6318889E-02  0.0000000E+00
  7.8507600E+01  6.8123385E-04  1.7918072E-04  2.8326432E-03  1.5856451E-02  0.0000000E+00
  7.8507600E+01 -4.5851819E-04  3.3083537E-04  2.3260375E-03  1.5409738E-02  0.0000000E+00
  7.8507600E+01 -1.0583395E-03  4.5450639E-04  1.7614631E-03  1.4976671E-02  0.0000000E+00
  7.8507600E+01 -1.5208243E-03  5.3918941E-04  8.4897116E-04  1.4559054E-02  0.0000000E+00
  7.8507600E+01 -1.6127361E-03  4.9784928E-04  3.6316352E-05  1.4157432E-02  0.0000000E+00
  7.8507600E+01 -1.0863932E-03  3.7406384E-04 -3.0076876E-04  1.3768431E-02  0.0000000E+00
  7.8507600E+01 -2.0299613E-04  2.6144271E-04 -2.4070432E-04  1.3389413E-02  0.0000000E+00
  7.8507600E+01  5.4199994E-04  1.7500387E-04 -1.0634785E-04  1.3016979E-02  0.0000000E+00
  7.8507600E+01  8.5446949E-04  1.1158876E-04 -1.3068429E-04  1.2649668E-02  0.0000000E+00
  7.8507600E+01  8.7812344E-04  1.6925745E-04 -2.6923989E-04  1.2289712E-02  0.0000000E+00
  7.8507600E+01  8.5055361E-04  4.8968820E-04 -3.1533372E-04  1.1938425E-02  0.0000000E+00
  7.8507600E+01  4.0632889E-04  1.0456390E-03 -1.4161698E-04  1.1598639E-02  0.0000000E+00
  7.8507600E+01 -5.8052620E-04  1.5657021E-03  3.0597747E-04  1.1269938E-02  0.0000000E+00
  7.8507600E+01 -1.3303927E-03  1.7455724E-03  8.7966059E-04  1.0949437E-02  0.0000000E+00
  7.8507600E+01 -1.3199501E-03  1.6500964E-03  1.2689803E-03  1.0635770E-02  0.0000000E+00
  7.8507600E+01 -6.8198342E-04  1.5221584E-03  1.3199256E-03  1.0327213E-02  0.0000000E+00
  7.8507600E+01  1.3002953E-04  1.5822457E-03  1.1031023E-03  1.0024348E-02  0.0000000E+00
  7.8507600E+01  8.1453426E-04  1.8605694E-03  7.8462838E-04  9.7315488E-03  0.0000000E+00
  7.8507600E+01  1.2998274E-03  2.0987642E-03  3.2007986E-04  9.4522796E-03  0.0000000E+00
  7.8507600E+01  1.6498670E-03  2.1657146E-03  1.3010468E-05  9.1880360E-03  0.0000000E+00
  7.8507600E+01  1.9792241E-03  1.9382090E-03  9.1196976E-05  8.9391693E-03  0.0000000E+00
  7.8507600E+01  2.2949991E-03  1.6592800E-03  6.1353095E-04  8.7027190E-03  0.0000000E+00
  7.8507600E+01  2.2498465E-03  1.4963929E-03  1.4415070E-03  8.4777699E-03  0.0000000E+00
  7.8507600E+01  1.9137783E-03  1.4899731E-03  2.1375260E-03  8.2630387E-03  0.0000000E+00
  7.8507600E+01  1.7307856E-03  1.5772104E-03  2.3295914E-03  8.0579358E-03  0.0000000E+00
  7.8507600E+01  2.0383254E-03  1.6389716E-03  2.0806019E-03  7.8629450E-03  0.0000000E+00
  7.8507600E+01  2.5915184E-03  1.5790527E-03  1.8264147E-03  7.6768964E-03  0.0000000E+00
  7.8507600E+01  2.7858463E-03  1.3829789E-03  1.6229708E-03  7.4981782E-03  0.0000000E+00
  7.8507600E+01  3.2646503E-03  1.1456455E-03  1.4736016E-03  7.3267028E-03  0.0000000E+00
  7.8507600E+01  3.4258251E-03  9.5161786E-04  1.3266529E-03  7.1624821E-03  0.0000000E+00
  7.8507600E+01  3.1252869E-03  8.7853258E-04  1.1361509E-03  7.0057638E-03  0.0000000E+00
  7.8507600E+01  2.5537231E-03  9.7975237E-04  9.1448548E-04  6.8577562E-03  0.0000000E+00
  7.8507600E+01  1.9016498E-03  1.2193308E-03  7.0085522E-04  6.7190521E-03  0.0000000E+00
  7.8507600E+01  1.2571440E-03  1.4820767E-03  5.0714633E-04  6.5912898E-03  0.0000000E+00
  7.8507600E+01  6.6900066E-04  1.6381359E-03  3.1515898E-04  6.4749660E-03  0.0000000E+00
  7.8507600E+01  3.5637226E-04  1.6294207E-03  2.1821142E-04  6.3700306E-03  0.0000000E+00
  7.8507600E+01  2.2218101E-04  1.4662469E-03  3.3747860E-04  6.2759634E-03  0.0000000E+00
  7.8507600E+01  5.0504882E-04  1.2340329E-03  5.4195331E-04  6.1903173E-03  0.0000000E+00
  7.8507600E+01  8.0110854E-04  1.0171055E-03  6.0258003E-04  6.1093453E-03  0.0000000E+00
  7.8507600E+01  1.2489593E-03  8.7433146E-04  5.3621093E-04  6.0300668E-03  0.0000000E+00
  7.8507600E+01  1.5635735E-06 -1.0673274E-08  1.5614322E-07 -2.2046337E-02  0.0000000E+00
  7.8507600E+01 -6.5324475E-03  1.4307062E-02 -1.0272068E-02 -1.9455716E-02  0.0000000E+00
  7.8507600E+01 -3.1899968E-02  1.5904501E-02 -1.3760380E-01 -1.0722983E-02  0.0000000E+00
  7.8507600E+01 -5.3728182E-03 -6.3829723E-03 -6.5290963E-02 -4.2187377E-03  0.0000000E+00
  7.8507600E+01 -8.2561562E-03 -3.0421641E-02  2.1500353E-02 -3.0162356E-04  0.0000000E+00
  7.8507600E+01 -1.9728678E-02 -5.1470491E-02  4.7626403E-02  2.0972312E-03  0.0000000E+00
  7.8507600E+01 -3.1291481E-02 -6.3627072E-02  3.6431430E-02  3.6885783E-03  0.0000000E+00
  7.8507600E+01 -4.0320523E-02 -6.5791384E-02  1.6087230E-02  4.8682947E-03  0.0000000E+00
  7.8507600E+01 -4.5515604E-02 -5.9246796E-02 -4.3954238E-03  5.8545853E-03  0.0000000E+00
  7.8507600E+01 -4.8434318E-02 -4.6165030E-02 -2.1338782E-02  6.7531733E-03  0.0000000E+00
  7.8507600E+01 -4.6487692E-02 -3.2947929E-02 -3.3657964E-02  7.5898630E-03  0.0000000E+00
  7.8507600E+01 -4.2451825E-02 -2.2767110E-02 -3.7652136E-02  8.3504162E-03  0.0000000E+00
  7.8507600E+01 -4.0630975E-02 -1.4960312E-02 -3.2430338E-02  9.0276913E-03  0.0000000E+00
  7.8507600E+01 -4.3299850E-02 -7.7495220E-03 -2.1872035E-02  9.6280558E-03  0.0000000E+00
  7.8507600E+01 -4.4218243E-02 -1.0564462E-03 -1.0489530E-02  1.0148578E-02  0.0000000E+00
  7.8507600E+01 -4.0043628E-02  3.7550022E-03 -4.2404006E-03  1.0584036E-02  0.0000000E+00
  7.8507600E+01 -3.2664675E-02  9.5812002E-03  4.4269267E-04  1.0938115E-02  0.0000000E+00
  7.8507600E+01 -2.5646606E-02  1.6556015E-02  2.5281292E-03  1.1221859E-02  0.0000000E+00
  7.8507600E+01 -2.1086508E-02  2.1646280E-02  3.2673494E-03  1.1443426E-02  0.0000000E+00
  7.8507600E+01 -1.8558559E-02  2.2879506E-02  6.3500712E-03  1.1605400E-02  0.0000000E+00
  7.8507600E+01 -1.4909620E-02  2.0079278E-02  8.5494464E-03  1.1713826E-02  0.0000000E+00
  7.8507600E+01 -6.6607985E-03  1.5934988E-02  1.0648590E-02  1.1783023E-02  0.0000000E+00
  7.8507600E+01  1.1326642E-04  1.3124832E-02  1.3075447E-02  1.1817312E-02  0.0000000E+00
  7.8507600E+01  2.4296592E-03  1.1665717E-02  1.2785500E-02  1.1817415E-02  0.0000000E+00
  7.8507600E+01  5.4196715E-03  1.0372834E-02  9.6374214E-03  1.1783745E-02  0.0000000E+00
  7.8507600E+01  1.3072113E-02  8.2791138E-03  7.3418549E-03  1.1718488E-02  0.0000000E+00
  7.8507600E+01  1.9390142E-02  6.5587884E-03  4.3352011E-03  1.1622216E-02  0.0000000E+00
  7.8507600E+01  2.3880545E-02  5.8478685E-03  3.8114060E-03  1.1496904E-02  0.0000000E+00
  7.8507600E+01  2.7400496E-02  6.3323818E-03  5.2009350E-03  1.1346111E-02  0.0000000E+00
  7.8507600E+01  2.9087323E-02  7.1399184E-03  6.4977455E-03  1.1173790E-02  0.0000000E+00
  7.8507600E+01  2.7268067E-02  6.9053042E-03  6.7629132E-03  1.0982857E-02  0.0000000E+00
  7.8507600E+01  2.0882787E-02  5.9210623E-03  7.7033489E-03  1.0773787E-02  0.0000000E+00
  7.8507600E+01  1.4616923E-02  5.5626746E-03  7.9653631E-03  1.0545755E-02  0.0000000E+00
  7.8507600E+01  1.1627006E-02  5.2206801E-03  6.9505463E-03  1.0302164E-02  0.0000000E+00
  7.8507600E+01  1.0344967E-02  4.2690506E-03  5.9791579E-03  1.0046694E-02  0.0000000E+00
  7.8507600E+01  8.7959024E-03  3.0946238E-03  5.4949395E-03  9.7825041E-03  0.0000000E+00
  7.8507600E+01  6.9323040E-03  2.1088572E-03  5.1385206E-03  9.5130559E-03  0.0000000E+00
  7.8507600E+01  5.3199278E-03  1.3725948E-03  4.7817844E-03  9.2398012E-03  0.0000000E+00
  7.8507600E+01  3.8724042E-03  5.9747297E-04  4.4161364E-03  8.9618064E-03  0.0000000E+00
  7.8507600E+01  1.8322654E-03 -7.0031580E-06  3.7618854E-03  8.6808275E-03  0.0000000E+00
  7.8507600E+01  6.5271751E-04 -3.5668938E-04  2.4151563E-03  8.4006848E-03  0.0000000E+00
  7.8507600E+01  1.0899599E-03 -6.5233071E-04  1.3939971E-03  8.1234339E-03  0.0000000E+00
  7.8507600E+01  1.8376004E-03 -9.4423439E-04  9.7935074E-04  7.8521520E-03  0.0000000E+00
  7.8507600E+01  1.8623010E-03 -1.0501039E-03  1.0924008E-03  7.5901714E-03  0.0000000E+00
  7.8507600E+01  1.6458292E-03 -9.2686383E-04  1.6455951E-03  7.3404967E-03  0.0000000E+00
  7.8507600E+01  2.5548471E-03 -8.5501729E-04  2.3761025E-03  7.1054285E-03  0.0000000E+00
  7.8507600E+01  3.9447265E-03 -8.3811983E-04  2.5420220E-03  6.8839851E-03  0.0000000E+00
  7.8507600E+01  5.6648228E-03 -7.2989351E-04  2.3840107E-03  6.6764583E-03  0.0000000E+00
  7.8507600E+01  6.4555838E-03 -5.9247327E-04  2.3418958E-03  6.4838119E-03  0.0000000E+00
  7.8507600E+01  6.0849708E-03 -2.3758114E-04  2.3795899E-03  6.3076505E-03  0.0000000E+00
  7.8507600E+01  5.5587973E-03  4.8794000E-04  2.3528279E-03  6.1484682E-03  0.0000000E+00
  7.8507600E+01  5.2485516E-03  1.2778422E-03  2.1962342E-03  6.0052869E-03  0.0000000E+00
  7.8507600E+01  4.7843435E-03  1.5963033E-03  2.0765351E-03  5.8746542E-03  0.0000000E+00
  7.8507600E+01  3.7760927E-03  1.2973730E-03  2.2709394E-03  5.7523018E-03  0.0000000E+00
  7.8507600E+01  2.2568598E-03  9.1240763E-04  2.5729331E-03  5.6366035E-03  0.0000000E+00
  7.8507600E+01  7.1279003E-04  6.1504562E-04  2.9811102E-03  5.5261030E-03  0.0000000E+00
  7.8507600E+01 -8.0055845E-04  5.5008237E-04  2.8453640E-03  5.4201907E-03  0.0000000E+00
  7.8507600E+01 -1.7659642E-03  5.4693837E-04  2.2007848E-03  5.3204564E-03  0.0000000E+00
  7.8507600E+01 -1.9125342E-03  4.0554995E-04  1.4146849E-03  5.2266778E-03  0.0000000E+00
  7.8507600E+01 -1.3987677E-03  7.9537638E-05  7.9872464E-04  5.1357885E-03  0.0000000E+00
  7.8507600E+01 -5.2019350E-04 -2.6209621E-04  5.1742221E-04  5.0441294E-03  0.0000000E+00
  7.8507600E+01  4.3542710E-04 -4.3635230E-04  5.9161319E-04  4.9498546E-03  0.0000000E+00
  7.8507600E+01  9.7558557E-04 -5.2273387E-04  7.8371845E-04  4.8531957E-03  0.0000000E+00
  7.8507600E+01  1.3196387E-03 -5.7415616E-04  7.3675269E-04  4.7557905E-03  0.0000000E+00
  7.8507600E+01  1.4684526E-03 -4.6491473E-04  6.0841476E-04  4.6591844E-03  0.0000000E+00
  7.8507600E+01  1.4155514E-03 -1.6466698E-04  4.9852431E-04  4.5643419E-03  0.0000000E+00
  7.8507600E+01  1.1409198E-03  2.6306125E-04  4.5512851E-04  4.4717331E-03  0.0000000E+00
  7.8507600E+01  6.9124716E-04  7.2017389E-04  5.1467742E-04  4.3814600E-03  0.0000000E+00
  7.8507600E+01  2.2736082E-04  1.0721713E-03  7.0897105E-04  4.2932206E-03  0.0000000E+00
  7.8507600E+01 -1.0436026E-04  1.2212343E-03  1.0585091E-03  4.2063391E-03  0.0000000E+00
  7.8507600E+01 -3.0547808E-04  1.2900525E-03  1.5517935E-03  4.1200701E-03  0.0000000E+00
  7.8507600E+01 -1.2388000E-04  1.2297250E-03  1.8032217E-03  4.0347982E-03  0.0000000E+00
  7.8507600E+01 -7.6353187E-05  1.1593160E-03  1.8387822E-03  3.9519128E-03  0.0000000E+00
  7.8507600E+01  2.4780848E-04  1.0914352E-03  1.7767212E-03  3.8731501E-03  0.0000000E+00
  7.8507600E+01  7.6564759E-04  1.0337182E-03  1.6810595E-03  3.7998107E-03  0.0000000E+00
  7.8507600E+01  1.0665089E-03  9.8552959E-04  1.6078906E-03  3.7324278E-03  0.0000000E+00
  7.8507600E+01  1.0601109E-03  9.3059500E-04  1.6047913E-03  3.6710145E-03  0.0000000E+00
  7.8507600E+01  1.2540606E-03  8.4925520E-04  1.6795941E-03  3.6154736E-03  0.0000000E+00
  7.8507600E+01  1.8081688E-03  7.7403268E-04  1.7547645E-03  3.5657547E-03  0.0000000E+00
  7.8507600E+01  1.9328368E-03  6.9834088E-04  1.8543427E-03  3.5217573E-03  0.0000000E+00
  7.8507600E+01  1.9176839E-03  6.8690340E-04  1.8886375E-03  3.4835558E-03  0.0000000E+00
  7.8507600E+01  1.9026648E-03  6.9000465E-04  1.9258611E-03  3.4507351E-03  0.0000000E+00
  7.8507600E+01  2.1595332E-03  6.3609905E-04  1.8481804E-03  3.4218155E-03  0.0000000E+00
  7.8507600E+01  2.5727396E-03  5.2407660E-04  1.6448721E-03  3.3951033E-03  0.0000000E+00
  7.8507600E+01  2.8901458E-03  4.2737015E-04  1.4118627E-03  3.3695705E-03  0.0000000E+00
  7.8507600E+01  3.1110875E-03  4.4438168E-04  1.2197675E-03  3.3454455E-03  0.0000000E+00
  7.8507600E+01  3.3672967E-03  6.1594699E-04  1.0650164E-03  3.3242350E-03  0.0000000E+00
  7.8507600E+01  3.2441731E-03  8.8465908E-04  9.7568306E-04  3.3081068E-03  0.0000000E+00
  7.8507600E+01  2.6043458E-03  1.1738108E-03  7.6969923E-04  3.2990927E-03  0.0000000E+00
  7.8507600E+01  2.0026371E-03  1.4560032E-03  6.0539981E-04  3.2990156E-03  0.0000000E+00
  7.8507600E+01  1.5539428E-03  1.6729455E-03  4.7611569E-04  3.3079556E-03  0.0000000E+00
  7.8507600E+01  1.1448357E-03  1.7639567E-03  3.6005202E-04  3.3244334E-03  0.0000000E+00
  7.8507600E+01  8.2990770E-04  1.7233405E-03  2.7861140E-04  3.3460305E-03  0.0000000E+00
  7.8507600E+01  6.6413866E-04  1.5872510E-03  2.7357221E-04  3.3698433E-03  0.0000000E+00
  7.8507600E+01  5.5934488E-04  1.4029981E-03  3.4542463E-04  3.3930216E-03  0.0000000E+00
  7.8507600E+01  7.5276877E-04  1.2337310E-03  3.9517372E-04  3.4136467E-03  0.0000000E+00
  7.8507600E+01  1.1190706E-03  1.1103498E-03  3.5558708E-04  3.4305149E-03  0.0000000E+00
  7.8507600E+01  1.6214403E-03  1.0477807E-03  2.3167990E-04  3.4441639E-03  0.0000000E+00
  7.8507600E+01  1.9127710E-03  9.9543401E-04  1.8180521E-04  3.4555866E-03  0.0000000E+00
  7.8507600E+01  2.0670873E-03  9.4594699E-04  2.3185230E-04  3.4662186E-03  0.0000000E+00
  7.8507600E+01 -1.6404457E-08 -1.0867919E-09 -1.0221533E-08  2.8522348E-02  0.0000000E+00
  7.8507600E+01  7.5703039E-03  9.1840692E-04 -2.7690063E-03  2.8786432E-02  0.0000000E+00
  7.8507600E+01  2.5994806E-02 -1.3854756E-03 -1.2160230E-02  2.7880034E-02  0.0000000E+00
  7.8507600E+01  5.6793245E-02 -2.2434439E-03 -1.0174123E-02  2.6938683E-02  0.0000000E+00
  7.8507600E+01  3.4994587E-02  1.1746737E-03 -7.9292041E-03  2.6402314E-02  0.0000000E+00
  7.8507600E+01 -4.1654937E-02  9.6614249E-03 -1.4820746E-02  2.5843519E-02  0.0000000E+00
  7.8507600E+01 -9.1698438E-02  1.6453232E-02 -2.5268618E-02  2.4728329E-02  0.0000000E+00
  7.8507600E+01 -6.7126523E-02  1.6707746E-02 -3.0063448E-02  2.2740025E-02  0.0000000E+00
  7.8507600E+01 -1.2481147E-02  1.1096316E-02 -2.6398694E-02  1.9871352E-02  0.0000000E+00
  7.8507600E+01  2.8323139E-02  9.0558413E-04 -1.5002823E-02  1.6314294E-02  0.0000000E+00
  7.8507600E+01  4.3740213E-02 -1.2667818E-02 -4.9216399E-03  1.2356445E-02  0.0000000E+00
  7.8507600E+01  3.8694113E-02 -2.5134668E-02  5.3997862E-04  8.3071006E-03  0.0000000E+00
  7.8507600E+01  2.7322110E-02 -3.2872643E-02  5.5521153E-04  4.4259319E-03  0.0000000E+00
  7.8507600E+01  1.5944490E-02 -3.6442056E-02 -1.1377259E-03  8.7280785E-04  0.0000000E+00
  7.8507600E+01  1.5539026E-03 -3.7351779E-02 -1.1942507E-03 -2.2789487E-03  0.0000000E+00
  7.8507600E+01 -1.0586701E-02 -3.7054652E-02 -2.6634173E-03 -5.0127448E-03  0.0000000E+00
  7.8507600E+01 -1.7618483E-02 -3.5986938E-02 -6.9446334E-03 -7.3524818E-03  0.0000000E+00
  7.8507600E+01 -2.0443776E-02 -3.3410799E-02 -1.3772247E-02 -9.3245518E-03  0.0000000E+00
  7.8507600E+01 -2.1989141E-02 -2.8827628E-02 -2.0982225E-02 -1.0970230E-02  0.0000000E+00
  7.8507600E+01 -2.4521543E-02 -2.1389457E-02 -2.4363296E-02 -1.2322983E-02  0.0000000E+00
  7.8507600E+01 -2.6615910E-02 -1.1878922E-02 -2.1049250E-02 -1.3414472E-02  0.0000000E+00
  7.8507600E+01 -2.6413987E-02 -4.0679945E-03 -1.4257971E-02 -1.4270492E-02  0.0000000E+00
  7.8507600E+01 -2.3509156E-02  1.3388099E-03 -1.0993974E-02 -1.4913774E-02  0.0000000E+00
  7.8507600E+01 -1.9583805E-02  4.7994255E-03 -1.0067107E-02 -1.5368022E-02  0.0000000E+00
  7.8507600E+01 -1.5483705E-02  6.3556116E-03 -8.8079075E-03 -1.5659359E-02  0.0000000E+00
  7.8507600E+01 -1.2815380E-02  6.6983023E-03 -5.3010250E-03 -1.5813139E-02  0.0000000E+00
  7.8507600E+01 -1.0198247E-02  7.1592697E-03 -1.2642335E-03 -1.5857794E-02  0.0000000E+00
  7.8507600E+01 -9.4180714E-03  7.4180117E-03  1.8205770E-03 -1.5817785E-02  0.0000000E+00
  7.8507600E+01 -8.7812528E-03  6.9330517E-03  5.4391437E-03 -1.5715563E-02  0.0000000E+00
  7.8507600E+01 -6.0716795E-03  6.2138876E-03  9.1511161E-03 -1.5568696E-02  0.0000000E+00
  7.8507600E+01 -3.0932740E-03  5.5464881E-03  1.1673746E-02 -1.5387755E-02  0.0000000E+00
  7.8507600E+01 -8.5534061E-04  5.6499709E-03  1.2044252E-02 -1.5176604E-02  0.0000000E+00
  7.8507600E+01  1.7527594E-03  6.1018505E-03  9.6178348E-03 -1.4934506E-02  0.0000000E+00
  7.8507600E+01  9.3166027E-04  5.9028528E-03  7.1547719E-03 -1.4662218E-02  0.0000000E+00
  7.8507600E+01  2.1906783E-04  5.6173250E-03  6.4717919E-03 -1.4364516E-02  0.0000000E+00
  7.8507600E+01  3.1819508E-03  5.2476344E-03  5.8493782E-03 -1.4048859E-02  0.0000000E+00
  7.8507600E+01  7.1328654E-03  4.4953685E-03  4.6880034E-03 -1.3721169E-02  0.0000000E+00
  7.8507600E+01  9.0254015E-03  3.2796719E-03  3.6731041E-03 -1.3386768E-02  0.0000000E+00
  7.8507600E+01  1.0131876E-02  2.0925486E-03  3.2568732E-03 -1.3053484E-02  0.0000000E+00
  7.8507600E+01  1.1049671E-02  1.9493464E-03  1.5502913E-03 -1.2725179E-02  0.0000000E+00
  7.8507600E+01  1.0371259E-02  2.8623287E-03  1.1532703E-04 -1.2402922E-02  0.0000000E+00
  7.8507600E+01  7.5197536E-03  4.3603537E-03 -7.8483645E-04 -1.2081754E-02  0.0000000E+00
  7.8507600E+01  4.8046116E-03  5.4891604E-03 -9.4598140E-04 -1.1760409E-02  0.0000000E+00
  7.8507600E+01  4.0447197E-03  5.4478207E-03 -8.4070919E-04 -1.1444228E-02  0.0000000E+00
  7.8507600E+01  4.8675392E-03  4.1461942E-03 -8.7065762E-04 -1.1137507E-02  0.0000000E+00
  7.8507600E+01  5.4291610E-03  2.2918058E-03 -4.7282795E-04 -1.0840824E-02  0.0000000E+00
  7.8507600E+01  4.7846270E-03  6.6649775E-04  8.1632402E-05 -1.0549402E-02  0.0000000E+00
  7.8507600E+01  3.2940894E-03 -6.7655933E-04  7.8112492E-04 -1.0260385E-02  0.0000000E+00
  7.8507600E+01  1.7630265E-03 -1.5749896E-03  1.5639309E-03 -9.9731211E-03  0.0000000E+00
  7.8507600E+01  1.1967951E-03 -2.0986976E-03  2.5065438E-03 -9.6877080E-03  0.0000000E+00
  7.8507600E+01  1.5972483E-03 -2.2756951E-03  3.0566342E-03 -9.4021829E-03  0.0000000E+00
  7.8507600E+01  2.1126741E-03 -2.0917205E-03  2.9148405E-03 -9.1155077E-03  0.0000000E+00
  7.8507600E+01  2.3565532E-03 -1.5632277E-03  2.3510873E-03 -8.8244590E-03  0.0000000E+00
  7.8507600E+01  2.7941535E-03 -7.4400884E-04  1.9296871E-03 -8.5268993E-03  0.0000000E+00
  7.8507600E+01  3.3922352E-03  3.4791799E-04  1.8104325E-03 -8.2235706E-03  0.0000000E+00
  7.8507600E+01  3.0258138E-03  1.3241400E-03  1.7791366E-03 -7.9160550E-03  0.0000000E+00
  7.8507600E+01  2.2821484E-03  1.9189268E-03  1.4719153E-03 -7.6060812E-03  0.0000000E+00
  7.8507600E+01  1.4570741E-03  2.1330088E-03  1.1462114E-03 -7.2962540E-03  0.0000000E+00
  7.8507600E+01  6.1714145E-04  2.0630690E-03  1.1000749E-03 -6.9889101E-03  0.0000000E+00
  7.8507600E+01 -3.4223911E-05  1.8288384E-03  1.3165016E-03 -6.6854105E-03  0.0000000E+00
  7.8507600E+01 -2.9392900E-04  1.5598915E-03  1.5015023E-03 -6.3890097E-03  0.0000000E+00
  7.8507600E+01 -1.0501514E-04  1.3764735E-03  1.5170584E-03 -6.1012716E-03  0.0000000E+00
  7.8507600E+01  2.4687001E-05  1.3511672E-03  1.7015309E-03 -5.8236614E-03  0.0000000E+00
  7.8507600E+01  6.6687801E-04  1.3832554E-03  1.8184840E-03 -5.5583396E-03  0.0000000E+00
  7.8507600E+01  1.1113736E-03  1.3831619E-03  1.8053270E-03 -5.3070923E-03  0.0000000E+00
  7.8507600E+01  1.3841436E-03  1.3506420E-03  1.7149006E-03 -5.0694651E-03  0.0000000E+00
  7.8507600E+01  1.6351901E-03  1.3119230E-03  1.5827169E-03 -4.8434563E-03  0.0000000E+00
  7.8507600E+01  1.6875077E-03  1.2832416E-03  1.3742124E-03 -4.6270624E-03  0.0000000E+00
  7.8507600E+01  1.4555636E-03  1.2519272E-03  1.0650324E-03 -4.4185307E-03  0.0000000E+00
  7.8507600E+01  1.2601057E-03  1.2040975E-03  7.3553844E-04 -4.2177932E-03  0.0000000E+00
  7.8507600E+01  1.3434105E-03  1.2094481E-03  6.0169340E-04 -4.0238393E-03  0.0000000E+00
  7.8507600E+01  9.3979516E-04  1.2051373E-03  7.1226935E-04 -3.8362960E-03  0.0000000E+00
  7.8507600E+01  4.9264683E-04  1.2560413E-03  1.1383359E-03 -3.6552700E-03  0.0000000E+00
  7.8507600E+01  2.9652801E-04  1.3050058E-03  1.6893423E-03 -3.4807496E-03  0.0000000E+00
  7.8507600E+01  2.7213367E-04  1.2907810E-03  2.0494482E-03 -3.3123124E-03  0.0000000E+00
  7.8507600E+01  4.6129303E-04  1.2455537E-03  2.0915022E-03 -3.1491975E-03  0.0000000E+00
  7.8507600E+01  7.7013246E-04  1.2447849E-03  1.9133970E-03 -2.9901208E-03  0.0000000E+00
  7.8507600E+01  8.6215718E-04  1.3031208E-03  1.7138046E-03 -2.8344750E-03  0.0000000E+00
  7.8507600E+01  1.1186063E-03  1.3109528E-03  1.6153828E-03 -2.6806006E-03  0.0000000E+00
  7.8507600E+01  1.3452079E-03  1.1666456E-03  1.5305630E-03 -2.5270148E-03  0.0000000E+00
  7.8507600E+01  1.5021838E-03  9.5902664E-04  1.6651865E-03 -2.3730490E-03  0.0000000E+00
  7.8507600E+01  1.9086337E-03  7.1681405E-04  1.7138006E-03 -2.2186101E-03  0.0000000E+00
  7.8507600E+01  2.3654500E-03  5.0636145E-04  1.6414519E-03 -2.0641798E-03  0.0000000E+00
  7.8507600E+01  2.5858510E-03  3.4399132E-04  1.5047809E-03 -1.9104755E-03  0.0000000E+00
  7.8507600E+01  2.4974057E-03  2.1800924E-04  1.3981785E-03 -1.7586019E-03  0.0000000E+00
  7.8507600E+01  2.3626817E-03  1.4123950E-04  1.4285953E-03 -1.6098226E-03  0.0000000E+00
  7.8507600E+01  2.4983135E-03  1.4445660E-04  1.5601849E-03 -1.4658870E-03  0.0000000E+00
  7.8507600E+01  2.7848079E-03  1.8046330E-04  1.4390393E-03 -1.3260129E-03  0.0000000E+00
  7.8507600E+01  2.8059297E-03  2.9932725E-04  1.2385846E-03 -1.1887325E-03  0.0000000E+00
  7.8507600E+01  2.7415038E-03  5.0133307E-04  1.0519834E-03 -1.0514042E-03  0.0000000E+00
  7.8507600E+01  2.8472839E-03  7.5472408E-04  9.4738912E-04 -9.1110354E-04  0.0000000E+00
  7.8507600E+01  2.9779480E-03  9.9507303E-04  8.9173395E-04 -7.6587017E-04  0.0000000E+00
  7.8507600E+01  2.9037859E-03  1.1621389E-03  8.4110226E-04 -6.1559658E-04  0.0000000E+00
  7.8507600E+01  2.5047071E-03  1.2335493E-03  7.8061322E-04 -4.6189457E-04  0.0000000E+00
  7.8507600E+01  1.8902213E-03  1.2384578E-03  7.1599485E-04 -3.0718424E-04  0.0000000E+00
  7.8507600E+01  1.5026387E-03  1.2344373E-03  6.1974383E-04 -1.5519117E-04  0.0000000E+00
  7.8507600E+01  8.5350355E-04  1.2175300E-03  4.5371488E-04 -8.2144362E-06  0.0000000E+00
  7.8507600E+01  7.5806323E-04  1.2377100E-03  3.4075911E-04  1.3223842E-04  0.0000000E+00
  7.8507600E+01  9.3620971E-04  1.2637791E-03  2.5902175E-04  2.6566696E-04  0.0000000E+00
  7.8507600E+01  1.2016226E-03  1.2642350E-03  2.1029398E-04  3.9247827E-04  0.0000000E+00
