          atime           conv           prod        pres_tr        pres_df        garbage
  7.8507600E+01  3.9852323E-07 -2.3528075E-11 -3.9339941E-08  6.4936185E-05  6.1452830E-05
  7.8507600E+01 -1.4065111E-01  1.8524759E-01 -6.7095060E-02 -6.7744471E-02  2.0219730E-05
  7.8507600E+01 -9.5677444E-02  7.8714057E-02 -1.2763816E-02 -1.2239177E-02  5.8257597E-05
  7.8507600E+01 -5.9463069E-02 -1.2100950E-02  3.1763146E-02  2.9823563E-02 -5.9892621E-05
  7.8507600E+01 -3.6115859E-02 -3.0288867E-02  4.7658415E-02  4.6171619E-02  4.5151203E-05
  7.8507600E+01 -2.7674733E-02 -3.0892571E-02  5.1563578E-02  5.0971111E-02 -1.6650666E-06
  7.8507600E+01 -2.5812443E-02 -2.6480835E-02  4.9899754E-02  4.9892959E-02 -1.0937822E-05
  7.8507600E+01 -2.0573544E-02 -2.1987154E-02  4.4504830E-02  4.4227990E-02  5.4426535E-06
  7.8507600E+01 -2.1069431E-02 -1.7553739E-02  3.9479203E-02  3.8794536E-02 -1.1832573E-05
  7.8507600E+01 -2.4202406E-02 -1.3773281E-02  3.6605575E-02  3.5969647E-02 -1.8354474E-05
  7.8507600E+01 -2.7596751E-02 -1.0853167E-02  3.4303777E-02  3.4002170E-02 -1.7891350E-05
  7.8507600E+01 -3.0767445E-02 -8.6874875E-03  3.2012150E-02  3.1927231E-02 -9.6843224E-06
  7.8507600E+01 -3.2343522E-02 -7.0424245E-03  2.9386897E-02  2.9329466E-02  9.4387039E-06
  7.8507600E+01 -3.2359592E-02 -5.4496492E-03  2.6405204E-02  2.6342900E-02  3.3533498E-05
  7.8507600E+01 -3.1264146E-02 -3.4612986E-03  2.3246872E-02  2.3245838E-02  4.3099576E-05
  7.8507600E+01 -2.9659951E-02 -9.3506506E-04  1.9910226E-02  1.9972265E-02  3.4407501E-05
  7.8507600E+01 -2.8049816E-02  1.5684543E-03  1.6470791E-02  1.6639297E-02  2.1436896E-05
  7.8507600E+01 -2.6331629E-02  3.4804634E-03  1.3058704E-02  1.3369896E-02  1.2340670E-05
  7.8507600E+01 -2.4484530E-02  4.7038623E-03  9.7818957E-03  1.0143332E-02  6.2275462E-06
  7.8507600E+01 -2.2408994E-02  5.4571449E-03  6.7188080E-03  6.9782471E-03  1.0114300E-06
  7.8507600E+01 -1.9578016E-02  6.2700647E-03  4.1106769E-03  4.1729456E-03 -4.8918658E-06
  7.8507600E+01 -1.6268448E-02  7.2198376E-03  2.3093987E-03  2.3651103E-03 -6.9792676E-06
  7.8507600E+01 -1.2802377E-02  7.8875633E-03  1.1801285E-03  1.2795893E-03 -2.8106211E-06
  7.8507600E+01 -9.9920245E-03  7.9690027E-03  5.1646443E-04  5.6967880E-04  5.6384531E-06
  7.8507600E+01 -7.7678975E-03  7.6341862E-03  1.7268950E-04  1.3070311E-04  1.2934251E-05
  7.8507600E+01 -5.0816939E-03  7.4691252E-03  2.7440228E-04  2.0370891E-04  1.1287930E-05
  7.8507600E+01 -1.8610666E-03  7.7187020E-03  8.4302639E-04  7.9515887E-04  5.1257169E-06
  7.8507600E+01  2.9282610E-05  7.8443886E-03  1.5837936E-03  1.5975787E-03  5.1224781E-06
  7.8507600E+01 -1.7790218E-04  7.6708061E-03  2.1000914E-03  2.1240349E-03  1.8627681E-06
  7.8507600E+01 -1.5196790E-03  7.2148459E-03  2.3066763E-03  2.2993948E-03  2.2987517E-06
  7.8507600E+01 -1.9726939E-03  6.5874000E-03  2.3829596E-03  2.4099058E-03  3.7339622E-06
  7.8507600E+01 -1.4927216E-03  5.9789035E-03  2.5505316E-03  2.6435002E-03  5.5116641E-06
  7.8507600E+01 -1.4155464E-03  5.6033917E-03  2.5633273E-03  2.6442617E-03  5.5348450E-06
  7.8507600E+01 -1.2049157E-03  5.4109126E-03  2.2470172E-03  2.3158925E-03  5.8919603E-06
  7.8507600E+01 -4.7430864E-04  5.3840700E-03  1.7549413E-03  1.8106620E-03  6.4386731E-06
  7.8507600E+01  2.9228959E-04  5.4565002E-03  1.1334871E-03  1.1930115E-03  5.9867994E-06
  7.8507600E+01  8.6058287E-04  5.5978871E-03  4.8542129E-04  5.3884648E-04  2.9835485E-06
  7.8507600E+01  1.3581824E-03  5.8237297E-03 -5.2820773E-05 -3.2593989E-05 -9.9057201E-07
  7.8507600E+01  1.9230835E-03  6.1321713E-03 -4.7380689E-04 -4.5033032E-04 -3.6895016E-06
  7.8507600E+01  2.1307769E-03  6.4181724E-03 -8.0190010E-04 -7.6622992E-04 -3.8961705E-06
  7.8507600E+01  1.5500527E-03  6.5823587E-03 -9.2527243E-04 -8.8330637E-04 -1.5191909E-06
  7.8507600E+01  1.0264623E-03  6.6780706E-03 -8.2661718E-04 -8.1922669E-04  1.7493043E-06
  7.8507600E+01  6.8494353E-04  6.7318232E-03 -6.4383609E-04 -6.6341106E-04  3.2319302E-06
  7.8507600E+01  4.8842861E-04  6.7245522E-03 -5.3104840E-04 -5.5940310E-04  2.7522179E-06
  7.8507600E+01  3.9324155E-04  6.6310592E-03 -5.7428675E-04 -6.1163928E-04  1.2150979E-06
  7.8507600E+01  2.7804210E-04  6.4630060E-03 -7.1937664E-04 -7.4669582E-04  8.7066455E-08
  7.8507600E+01  2.2705804E-04  6.2931371E-03 -8.0396108E-04 -8.0773335E-04  1.1056906E-06
  7.8507600E+01  7.8142217E-04  6.1649211E-03 -7.5563132E-04 -7.5370267E-04  7.8152656E-07
  7.8507600E+01  8.6963421E-04  6.0456460E-03 -6.4685978E-04 -6.2892450E-04  1.5578586E-06
  7.8507600E+01  7.8168490E-04  5.9287362E-03 -6.1344505E-04 -5.7900928E-04  1.9309257E-06
  7.8507600E+01  9.1543472E-04  5.8236217E-03 -6.9424478E-04 -6.5664851E-04  2.1428367E-06
  7.8507600E+01  1.2061026E-03  5.7271275E-03 -8.4349770E-04 -8.2844756E-04  1.3644482E-06
  7.8507600E+01  1.3164281E-03  5.6106301E-03 -9.8837907E-04 -9.9878334E-04  8.4949982E-08
  7.8507600E+01  1.0849606E-03  5.4325293E-03 -1.0639953E-03 -1.0695936E-03 -5.7975903E-07
  7.8507600E+01  8.3040976E-04  5.1854032E-03 -1.0396786E-03 -1.0478493E-03 -8.5162431E-07
  7.8507600E+01  4.6306164E-04  4.9080121E-03 -9.3713048E-04 -9.3211278E-04 -1.1118561E-06
  7.8507600E+01  4.7002128E-04  4.6590693E-03 -8.5621918E-04 -8.4841990E-04 -1.1042941E-06
  7.8507600E+01  4.3474618E-04  4.4548527E-03 -8.2683833E-04 -8.2432688E-04 -1.0555678E-06
  7.8507600E+01  2.4461856E-04  4.2875316E-03 -8.2412961E-04 -8.2868242E-04 -1.5251452E-06
  7.8507600E+01  1.9774274E-04  4.1441816E-03 -8.2616378E-04 -8.3444947E-04 -1.7753834E-06
  7.8507600E+01  3.4896244E-04  4.0115501E-03 -8.4001736E-04 -8.4480506E-04 -1.1841782E-06
  7.8507600E+01  2.9233486E-04  3.8792481E-03 -9.0106044E-04 -8.9545557E-04 -3.8398100E-07
  7.8507600E+01  3.9663995E-04  3.7456828E-03 -1.0473421E-03 -1.0382376E-03  6.4061194E-07
  7.8507600E+01  2.1665331E-04  3.6019272E-03 -1.2143746E-03 -1.2010304E-03  9.1140878E-07
  7.8507600E+01  2.5104872E-05  3.4710652E-03 -1.3590472E-03 -1.3506055E-03  8.2703480E-07
  7.8507600E+01 -6.6905740E-05  3.3640040E-03 -1.4431689E-03 -1.4388909E-03  7.2989674E-07
  7.8507600E+01 -1.5768303E-04  3.2730588E-03 -1.4384483E-03 -1.4350762E-03  4.8205869E-07
  7.8507600E+01 -2.9379809E-04  3.1794950E-03 -1.3370908E-03 -1.3374377E-03 -7.2236147E-08
  7.8507600E+01 -4.4011733E-04  3.0632979E-03 -1.1497201E-03 -1.1549909E-03 -7.5928395E-07
  7.8507600E+01 -5.1744234E-04  2.9141462E-03 -9.0319495E-04 -9.0199998E-04 -1.0362131E-06
  7.8507600E+01 -3.1812040E-04  2.7436549E-03 -6.3942951E-04 -6.2935509E-04 -7.2788407E-07
  7.8507600E+01 -2.9728015E-04  2.5804510E-03 -4.0069131E-04 -3.8573216E-04 -2.9243896E-07
  7.8507600E+01 -1.6549437E-04  2.4369981E-03 -2.2705017E-04 -2.1031499E-04 -1.3501521E-07
  7.8507600E+01 -1.0604118E-04  2.3145227E-03 -1.3133484E-04 -1.1609178E-04 -2.2411670E-07
  7.8507600E+01 -2.5297641E-04  2.2091587E-03 -1.1355099E-04 -1.0327805E-04 -3.2053932E-07
  7.8507600E+01 -3.5326226E-04  2.1159101E-03 -1.6542072E-04 -1.6222276E-04 -3.9662034E-07
  7.8507600E+01 -2.4574151E-04  2.0289574E-03 -2.6137334E-04 -2.6495334E-04 -3.2635687E-07
  7.8507600E+01 -2.5165626E-04  1.9412301E-03 -3.5484295E-04 -3.6349252E-04  1.1481987E-07
  7.8507600E+01 -5.6289407E-04  1.8524033E-03 -3.9746154E-04 -4.0903853E-04 -9.7998850E-08
  7.8507600E+01 -1.9876267E-04  1.7700432E-03 -3.8014175E-04 -3.8763022E-04  5.4909092E-07
  7.8507600E+01  1.6349172E-05  1.7000138E-03 -3.1086790E-04 -3.1900184E-04  2.7730747E-07
  7.8507600E+01  1.7518827E-04  1.6399584E-03 -2.2549276E-04 -2.3077913E-04  2.6201185E-07
  7.8507600E+01  4.6198579E-04  1.5799438E-03 -1.6699182E-04 -1.6919202E-04  3.2081218E-07
  7.8507600E+01  6.1953239E-04  1.5115733E-03 -1.6694664E-04 -1.6875086E-04  2.2172020E-07
  7.8507600E+01  4.6125895E-04  1.4353026E-03 -2.2722896E-04 -2.2960680E-04  2.9585302E-08
  7.8507600E+01  3.7986646E-04  1.3606809E-03 -3.1262128E-04 -3.1267742E-04 -2.2396883E-07
  7.8507600E+01  8.1666374E-04  1.2969863E-03 -3.6895531E-04 -3.6353983E-04 -4.5128217E-07
  7.8507600E+01  8.0435326E-04  1.2357641E-03 -3.7389328E-04 -3.6687691E-04 -1.5781958E-07
  7.8507600E+01  6.7491354E-04  1.1717658E-03 -3.3077206E-04 -3.2257330E-04  1.9129089E-07
  7.8507600E+01  5.5281045E-04  1.1040823E-03 -2.5528947E-04 -2.5348587E-04  5.2492617E-07
  7.8507600E+01  5.0379640E-04  1.0335070E-03 -1.6955852E-04 -1.7428930E-04  5.9882910E-07
  7.8507600E+01  4.5290236E-04  9.5932737E-04 -9.0001084E-05 -9.5386395E-05  5.9444914E-07
  7.8507600E+01  4.5240153E-04  8.8166461E-04 -2.2028854E-05 -2.5000732E-05  5.1926201E-07
  7.8507600E+01  5.1536834E-04  8.0105205E-04  3.4168493E-05  3.2634718E-05  1.8270633E-07
  7.8507600E+01  4.6324142E-04  7.1897034E-04  7.5413194E-05  7.5247846E-05 -4.0785530E-07
  7.8507600E+01  2.3051861E-04  6.3812908E-04  9.8739165E-05  9.4207002E-05 -3.8598872E-07
  7.8507600E+01  9.5091473E-06  5.6349459E-04  9.6243303E-05  8.9275371E-05 -6.7445201E-07
  7.8507600E+01  1.5672825E-04  5.0060008E-04  7.7818441E-05  6.7341391E-05 -4.3442673E-07
  7.8507600E+01  1.5221378E-04  4.4852287E-04  4.3482795E-05  3.4756485E-05 -3.5541522E-07
  7.8507600E+01 -1.1423113E-05  4.0522524E-04 -1.9389510E-06 -8.9811049E-06 -2.5641490E-07
  7.8507600E+01  2.4508742E-11  1.4462107E-13  7.0888992E-07 -1.2791478E-07 -9.0251652E-07
  7.8507600E+01 -1.1892848E-04  6.0815926E-05  5.2045186E-03  5.2034625E-03 -9.1587872E-07
  7.8507600E+01 -5.9964389E-04  3.6956395E-04  3.7011456E-03  3.7128858E-03 -4.8628477E-07
  7.8507600E+01 -1.1070662E-03  9.2487763E-04  1.5502572E-03  1.5590557E-03 -2.9707429E-07
  7.8507600E+01 -1.0924975E-03  1.3462581E-03  6.6059261E-04  6.8189400E-04  2.1319958E-06
  7.8507600E+01  5.5279446E-04  1.5494293E-03  1.7290079E-03  1.7834522E-03  3.3152188E-06
  7.8507600E+01  6.9946898E-03  3.9175661E-03  4.6239078E-03  4.7484584E-03  5.3138866E-06
  7.8507600E+01  2.1731943E-02  1.7523335E-02  7.8041680E-03  7.9448586E-03 -5.5556949E-06
  7.8507600E+01  3.9490239E-02  6.0091146E-02  7.4914082E-03  7.5231444E-03 -3.1254032E-06
  7.8507600E+01  4.5177674E-02  1.3173953E-01  3.2099251E-03  3.0940663E-03  1.1420059E-05
  7.8507600E+01  3.5243541E-02  1.7657571E-01  1.0255494E-03  7.9661916E-04  1.7850756E-05
  7.8507600E+01  2.7829321E-02  1.4989836E-01  3.0702448E-03  2.8147961E-03  2.9721353E-06
  7.8507600E+01  3.0950834E-02  9.0959200E-02  4.5636876E-03  4.5680656E-03 -7.9899046E-07
  7.8507600E+01  2.5991873E-02  4.5992355E-02  4.2294973E-03  4.0802141E-03  1.0322901E-06
  7.8507600E+01  1.4170355E-02  2.1975513E-02  4.2612624E-03  4.2147694E-03  5.9795304E-06
  7.8507600E+01 -1.6233921E-04  1.0872728E-02  5.7646020E-03  5.6814002E-03  4.3755400E-06
  7.8507600E+01 -1.1830310E-02  6.2202154E-03  7.4985210E-03  7.4063924E-03  6.7763208E-07
  7.8507600E+01 -1.8913206E-02  4.8246268E-03  8.6369301E-03  8.5706909E-03 -7.6622907E-06
  7.8507600E+01 -2.1529236E-02  4.8272018E-03  9.2126503E-03  9.2213062E-03 -1.5087102E-05
  7.8507600E+01 -2.1528074E-02  5.1541452E-03  9.9931758E-03  1.0009681E-02 -1.4873628E-05
  7.8507600E+01 -2.0443111E-02  5.4648396E-03  1.1082285E-02  1.1118876E-02 -3.9829182E-06
  7.8507600E+01 -2.0087202E-02  5.8190642E-03  1.1891460E-02  1.1977164E-02  8.6506336E-06
  7.8507600E+01 -2.0088790E-02  6.3127011E-03  1.1964333E-02  1.2001009E-02  1.1097788E-05
  7.8507600E+01 -1.9499507E-02  6.9777849E-03  1.1407398E-02  1.1337135E-02  7.3427834E-06
  7.8507600E+01 -1.8065853E-02  7.8580019E-03  1.0524316E-02  1.0344096E-02  2.3289942E-06
  7.8507600E+01 -1.6707131E-02  8.7138910E-03  9.3573124E-03  9.0850901E-03  7.4602667E-07
  7.8507600E+01 -1.5637547E-02  9.1024586E-03  7.9144540E-03  7.6453554E-03  6.3391843E-07
  7.8507600E+01 -1.5004420E-02  9.1588451E-03  6.4072746E-03  6.2700530E-03 -1.4633840E-06
  7.8507600E+01 -1.4534860E-02  9.1910564E-03  4.9766534E-03  4.9672501E-03 -3.6590413E-06
  7.8507600E+01 -1.3498754E-02  9.4589821E-03  3.5654516E-03  3.6276502E-03 -2.6534930E-06
  7.8507600E+01 -1.2226356E-02  9.9640551E-03  2.1428919E-03  2.2643364E-03  3.6424422E-06
  7.8507600E+01 -1.1300918E-02  1.0406946E-02  8.2958795E-04  9.2299935E-04  1.0962675E-05
  7.8507600E+01 -1.0273390E-02  1.0451684E-02  6.8477362E-05  1.0116055E-04  1.6049682E-05
  7.8507600E+01 -8.6501617E-03  1.0137765E-02  2.9411590E-04  3.7392525E-04  1.6634588E-05
  7.8507600E+01 -6.6756341E-03  9.8268428E-03  1.2870402E-03  1.3497729E-03  1.4033922E-05
  7.8507600E+01 -4.2379243E-03  9.5740023E-03  2.3875136E-03  2.4317250E-03  6.9782537E-06
  7.8507600E+01 -1.8074913E-03  9.2848228E-03  3.0336548E-03  3.0207236E-03 -1.2962846E-06
  7.8507600E+01 -2.2298478E-04  8.9161650E-03  3.0410088E-03  2.8852769E-03 -8.8022605E-06
  7.8507600E+01  9.9354425E-05  8.5239433E-03  2.7103906E-03  2.5691190E-03 -1.1771595E-05
  7.8507600E+01 -6.2658365E-05  8.1391230E-03  2.4508900E-03  2.3596368E-03 -9.0504402E-06
  7.8507600E+01 -1.4210436E-04  7.6654899E-03  2.2315639E-03  2.2308861E-03 -5.5779522E-06
  7.8507600E+01  2.8838146E-04  7.2222851E-03  1.8282194E-03  1.8626158E-03 -2.6910306E-06
  7.8507600E+01  1.8183994E-04  6.9069356E-03  1.3123189E-03  1.3329053E-03  3.1851752E-06
  7.8507600E+01 -6.0091832E-04  6.7478182E-03  7.8867374E-04  7.8908104E-04  7.8470778E-06
  7.8507600E+01 -1.2538405E-03  6.7385228E-03  3.2079424E-04  3.2325055E-04  6.0136693E-06
  7.8507600E+01 -1.2366373E-03  6.8565089E-03 -8.9502756E-06  3.6910356E-05  4.3297562E-06
  7.8507600E+01 -5.5746347E-04  7.0294969E-03 -3.3723323E-04 -2.6350836E-04  1.3439252E-06
  7.8507600E+01  3.4115487E-04  7.1997604E-03 -5.9845990E-04 -4.9503350E-04  2.1039401E-06
  7.8507600E+01  9.3794707E-04  7.3331121E-03 -8.6233005E-04 -8.1066297E-04 -1.1463787E-06
  7.8507600E+01  1.0960357E-03  7.3786768E-03 -1.0635092E-03 -1.0522650E-03 -1.4782323E-06
  7.8507600E+01  9.4084226E-04  7.3255974E-03 -1.1911924E-03 -1.1727204E-03  1.0785540E-06
  7.8507600E+01  6.3298857E-04  7.1864407E-03 -1.2228318E-03 -1.1992438E-03  3.1914886E-06
  7.8507600E+01  5.0510586E-04  6.9868952E-03 -1.1587472E-03 -1.1409700E-03  3.2034842E-06
  7.8507600E+01  8.0352130E-04  6.7644673E-03 -1.0730364E-03 -1.0313053E-03  5.8374120E-07
  7.8507600E+01  9.8799832E-04  6.5816731E-03 -1.0827401E-03 -1.0434865E-03 -2.3010803E-06
  7.8507600E+01  8.8308514E-04  6.4187132E-03 -1.1635813E-03 -1.1496316E-03 -4.5896245E-06
  7.8507600E+01  9.6787065E-04  6.2740272E-03 -1.1642040E-03 -1.1565928E-03 -4.8694964E-06
  7.8507600E+01  1.4349654E-03  6.1341304E-03 -1.0856998E-03 -1.0589815E-03 -2.4570694E-06
  7.8507600E+01  2.0082557E-03  5.9703159E-03 -1.0028168E-03 -9.6346661E-04 -1.9098343E-07
  7.8507600E+01  2.3411486E-03  5.7642429E-03 -9.7126832E-04 -9.3792464E-04  4.3750584E-07
  7.8507600E+01  2.3593647E-03  5.5226122E-03 -9.8546781E-04 -9.6384675E-04  2.1067312E-07
  7.8507600E+01  2.2747580E-03  5.2678001E-03 -9.9443377E-04 -9.8154795E-04 -3.7317403E-07
  7.8507600E+01  2.0203150E-03  5.0104149E-03 -9.9028787E-04 -9.9097438E-04 -2.8597201E-07
  7.8507600E+01  1.7565690E-03  4.7787685E-03 -9.7840204E-04 -9.8314837E-04 -1.0289199E-07
  7.8507600E+01  1.4518073E-03  4.5786944E-03 -9.6407987E-04 -9.6878141E-04  4.8307802E-07
  7.8507600E+01  1.4484779E-03  4.3895727E-03 -8.9859851E-04 -9.0016569E-04  7.5736748E-07
  7.8507600E+01  1.6704226E-03  4.1916804E-03 -7.8324586E-04 -7.8408588E-04  2.8678101E-08
  7.8507600E+01  1.7198283E-03  3.9796776E-03 -6.8040083E-04 -6.8549618E-04 -9.8948616E-07
  7.8507600E+01  1.4659111E-03  3.7653805E-03 -6.5414220E-04 -6.6318585E-04 -1.7107286E-06
  7.8507600E+01  1.1991981E-03  3.5717122E-03 -7.2091539E-04 -7.2449589E-04 -2.2673494E-06
  7.8507600E+01  7.5426727E-04  3.4109802E-03 -8.7664658E-04 -8.7335613E-04 -1.5925719E-06
  7.8507600E+01  4.2270677E-04  3.2828129E-03 -1.0557627E-03 -1.0489855E-03 -1.4433884E-06
  7.8507600E+01  1.2646430E-04  3.1807308E-03 -1.1918743E-03 -1.1848080E-03 -8.5328316E-07
  7.8507600E+01 -1.1980512E-04  3.0861447E-03 -1.2105233E-03 -1.2059482E-03 -3.6408079E-07
  7.8507600E+01 -2.8615891E-04  2.9817709E-03 -1.0892238E-03 -1.0858649E-03  1.0451069E-07
  7.8507600E+01 -3.1336910E-04  2.8567649E-03 -8.6404157E-04 -8.6012624E-04  3.0756331E-07
  7.8507600E+01 -2.2985097E-04  2.7089029E-03 -5.9582204E-04 -5.9103978E-04  1.1309228E-07
  7.8507600E+01 -1.8432825E-04  2.5463289E-03 -3.3861935E-04 -3.3323321E-04 -6.8364617E-08
  7.8507600E+01 -1.7390176E-04  2.3855889E-03 -1.4249805E-04 -1.3987600E-04 -2.7278729E-07
  7.8507600E+01 -7.4178648E-05  2.2443145E-03 -2.5517412E-05 -2.7385650E-05  3.4107763E-07
  7.8507600E+01 -5.4393486E-05  2.1318485E-03 -1.1294534E-05 -1.6408583E-05  6.6230910E-07
  7.8507600E+01 -1.4031271E-04  2.0359603E-03 -6.6804173E-05 -7.3101196E-05  7.7291329E-07
  7.8507600E+01 -1.9736079E-04  1.9458411E-03 -1.6172874E-04 -1.6781353E-04  7.2036933E-07
  7.8507600E+01 -2.0383208E-04  1.8560909E-03 -2.5226951E-04 -2.5789701E-04  5.7656074E-07
  7.8507600E+01 -2.3945626E-04  1.7659213E-03 -2.9473152E-04 -2.9992060E-04  4.8683681E-07
  7.8507600E+01 -3.2841595E-04  1.6769767E-03 -2.7232567E-04 -2.7658368E-04  5.0096166E-07
  7.8507600E+01 -3.1539675E-04  1.5932104E-03 -2.0870340E-04 -2.1257154E-04  3.5661272E-07
  7.8507600E+01 -8.8148505E-05  1.5192088E-03 -1.4670924E-04 -1.4796805E-04 -1.0923374E-07
  7.8507600E+01  2.1318764E-04  1.4570502E-03 -1.2315161E-04 -1.2722642E-04 -3.3930558E-07
  7.8507600E+01  5.9565803E-04  1.3968197E-03 -1.5654760E-04 -1.5609509E-04 -1.9422008E-07
  7.8507600E+01  8.3113444E-04  1.3295178E-03 -2.1975898E-04 -2.1196223E-04  2.5965801E-07
  7.8507600E+01  8.8489652E-04  1.2557246E-03 -2.7102345E-04 -2.6142973E-04  6.3719934E-07
  7.8507600E+01  8.8140500E-04  1.1809665E-03 -2.8151788E-04 -2.7274552E-04  6.7604521E-07
  7.8507600E+01  9.2027054E-04  1.1100020E-03 -2.4511730E-04 -2.3561508E-04  3.7627281E-07
  7.8507600E+01  9.4721406E-04  1.0425523E-03 -1.7676801E-04 -1.6962063E-04  3.7361048E-09
  7.8507600E+01  8.8511216E-04  9.7384061E-04 -1.0685791E-04 -1.0333761E-04  1.2735476E-07
  7.8507600E+01  8.4837630E-04  8.9931364E-04 -3.5927326E-05 -3.2965075E-05  1.7393966E-07
  7.8507600E+01  7.3147683E-04  8.2006653E-04  2.1632345E-05  2.0453096E-05  2.2469288E-07
  7.8507600E+01  6.9054299E-04  7.3972755E-04  5.9842546E-05  5.6221839E-05  1.4446933E-07
  7.8507600E+01  6.8278526E-04  6.6244181E-04  7.0883608E-05  6.5522736E-05  2.8011465E-08
  7.8507600E+01  4.0039205E-09  0.0000000E+00  0.0000000E+00  2.2266213E-05  2.3151032E-05
  7.8507600E+01  3.1159860E-04 -2.5389980E-03  4.9181620E-02  4.9298243E-02  2.8090879E-05
  7.8507600E+01 -8.8154564E-03  2.3510283E-03  4.1508831E-02  4.1638764E-02  3.7009653E-05
  7.8507600E+01 -1.1485413E-02  3.7871158E-02  2.3223702E-02  2.2905324E-02  4.1760430E-05
  7.8507600E+01 -5.9708942E-03  9.1588711E-02  6.1522627E-03  5.8916165E-03  1.2320741E-06
  7.8507600E+01  3.0549648E-03  1.4378352E-01 -6.6995635E-03 -6.6076894E-03 -4.9878252E-05
  7.8507600E+01  1.5541097E-02  1.8007152E-01 -1.5367274E-02 -1.5319938E-02 -4.2745617E-05
  7.8507600E+01  3.4208981E-02  1.9237985E-01 -1.9520592E-02 -1.9028758E-02  7.0781533E-06
  7.8507600E+01  5.3533648E-02  1.7873040E-01 -1.9315228E-02 -1.8438734E-02  1.8927949E-05
  7.8507600E+01  6.8802125E-02  1.4886812E-01 -1.5821094E-02 -1.5253457E-02  1.1310890E-05
  7.8507600E+01  7.5886648E-02  1.1422852E-01 -1.1234145E-02 -1.0746104E-02  1.9609004E-05
  7.8507600E+01  7.1492134E-02  8.2843647E-02 -6.9651470E-03 -6.7146278E-03  1.2888487E-05
  7.8507600E+01  6.1528077E-02  5.8313961E-02 -3.4297905E-03 -3.4797675E-03 -2.5178500E-06
  7.8507600E+01  5.0173407E-02  4.1284705E-02 -3.8654554E-04 -6.6918149E-04  2.7715840E-06
  7.8507600E+01  3.8932849E-02  3.0422981E-02  2.3299826E-03  1.9793362E-03 -1.1201465E-06
  7.8507600E+01  2.7728599E-02  2.3586900E-02  4.7682316E-03  4.5006576E-03 -6.9937349E-06
  7.8507600E+01  1.7505908E-02  1.9298597E-02  6.6754769E-03  6.4791398E-03 -3.7847889E-06
  7.8507600E+01  8.5754919E-03  1.6548532E-02  7.8820700E-03  7.7690010E-03  1.0335150E-05
  7.8507600E+01  2.1026243E-03  1.4617230E-02  8.6172158E-03  8.5980281E-03  1.9479234E-05
  7.8507600E+01 -2.4181571E-03  1.3424466E-02  8.9189982E-03  8.9376249E-03  2.3457404E-05
  7.8507600E+01 -6.0699882E-03  1.2880266E-02  8.6608000E-03  8.6852142E-03  2.3135160E-05
  7.8507600E+01 -8.7218902E-03  1.2697006E-02  7.9044386E-03  7.9349327E-03  2.2624298E-05
  7.8507600E+01 -9.8125959E-03  1.2815425E-02  6.8830717E-03  6.9410899E-03  1.9377305E-05
  7.8507600E+01 -9.8199742E-03  1.3021623E-02  5.8194641E-03  5.8633124E-03  1.6988539E-05
  7.8507600E+01 -9.2397835E-03  1.3153048E-02  4.9783754E-03  5.0424571E-03  1.5177198E-05
  7.8507600E+01 -8.2516109E-03  1.3242008E-02  4.5101215E-03  4.5372361E-03  1.4541782E-05
  7.8507600E+01 -7.0485905E-03  1.3262031E-02  4.2305334E-03  4.1701769E-03  8.7991394E-06
  7.8507600E+01 -6.2637685E-03  1.3129460E-02  3.7819939E-03  3.6801541E-03  6.4650867E-07
  7.8507600E+01 -5.8160074E-03  1.3091674E-02  2.8332485E-03  2.7287579E-03 -3.8370510E-06
  7.8507600E+01 -5.3405196E-03  1.3243021E-02  1.5585955E-03  1.4031560E-03 -4.6408054E-06
  7.8507600E+01 -4.8546777E-03  1.3470418E-02  4.6599523E-04  2.9898058E-04  7.4193934E-07
  7.8507600E+01 -4.3516375E-03  1.3574868E-02 -1.1617148E-04 -1.9667655E-04  4.9182486E-06
  7.8507600E+01 -3.6132078E-03  1.3413486E-02 -5.0831295E-05 -4.7100219E-05  5.6412072E-06
  7.8507600E+01 -2.7628238E-03  1.2918108E-02  5.1687410E-04  5.4453758E-04  4.5024015E-06
  7.8507600E+01 -1.7274149E-03  1.2258032E-02  1.2199752E-03  1.2331421E-03  2.6704482E-06
  7.8507600E+01 -1.1117174E-03  1.1608687E-02  1.7913622E-03  1.8054622E-03  2.1980910E-06
  7.8507600E+01 -8.3630561E-04  1.1012245E-02  2.0914721E-03  2.1047115E-03  3.0234212E-06
  7.8507600E+01 -4.3780792E-04  1.0481709E-02  2.0372300E-03  2.0319031E-03  5.0736792E-06
  7.8507600E+01  3.3046147E-04  1.0089937E-02  1.7103259E-03  1.6787888E-03  7.9220698E-06
  7.8507600E+01  1.8641541E-03  9.8698362E-03  1.3773091E-03  1.3240078E-03  6.7465078E-06
  7.8507600E+01  2.6664448E-03  9.7163151E-03  1.1708285E-03  1.1102938E-03  3.4483819E-06
  7.8507600E+01  2.8377072E-03  9.5713667E-03  1.0927425E-03  1.0724525E-03  3.7806407E-06
  7.8507600E+01  2.2690972E-03  9.4168038E-03  1.0121612E-03  1.0202924E-03  4.3665931E-06
  7.8507600E+01  1.6155741E-03  9.2590113E-03  8.2021743E-04  8.3738377E-04  2.9824646E-06
  7.8507600E+01  1.2235533E-03  9.1038649E-03  5.2684286E-04  5.6421231E-04  8.5540971E-07
  7.8507600E+01  3.8120894E-04  8.9364030E-03  2.6380605E-04  3.0668865E-04 -3.5227063E-06
  7.8507600E+01 -5.1329306E-04  8.7165793E-03  1.3378295E-04  1.5437405E-04 -3.3950460E-06
  7.8507600E+01 -1.2893610E-03  8.4840022E-03  6.7287579E-06 -1.5807168E-05 -1.8604524E-06
  7.8507600E+01 -1.3582783E-03  8.3274657E-03 -1.5466504E-04 -1.8874215E-04  2.1969503E-06
  7.8507600E+01 -1.0091375E-03  8.2280743E-03 -2.9006737E-04 -3.1070902E-04  3.3872946E-06
  7.8507600E+01 -5.3464507E-04  8.1219253E-03 -3.9410181E-04 -3.9242312E-04  2.7774907E-06
  7.8507600E+01 -1.9275525E-04  7.9645034E-03 -5.4267026E-04 -5.2655572E-04  1.3662268E-06
  7.8507600E+01 -6.9576537E-05  7.7521120E-03 -7.6257029E-04 -7.3894720E-04  1.2405789E-06
  7.8507600E+01  2.2802294E-05  7.5132649E-03 -9.7630716E-04 -9.4501740E-04  3.3503570E-06
  7.8507600E+01  2.8094864E-04  7.2718717E-03 -1.1444956E-03 -1.1310643E-03  5.5529521E-06
  7.8507600E+01  5.1549816E-04  7.0436844E-03 -1.2608874E-03 -1.2748416E-03  4.7242091E-06
  7.8507600E+01  7.6595106E-04  6.8285466E-03 -1.3434972E-03 -1.3600378E-03  2.7998401E-06
  7.8507600E+01  1.0520348E-03  6.6106319E-03 -1.4108415E-03 -1.4064973E-03  1.6431888E-06
  7.8507600E+01  1.5020599E-03  6.3735206E-03 -1.4729004E-03 -1.4490101E-03  8.1327414E-07
  7.8507600E+01  2.1349828E-03  6.1103781E-03 -1.5165190E-03 -1.4909817E-03  2.8828243E-07
  7.8507600E+01  2.6568326E-03  5.8322994E-03 -1.5137707E-03 -1.4971140E-03  2.8934203E-08
  7.8507600E+01  2.6289980E-03  5.5645624E-03 -1.4386127E-03 -1.4260060E-03  2.3480191E-07
  7.8507600E+01  2.1270137E-03  5.3141711E-03 -1.3036333E-03 -1.2941828E-03  1.1177550E-06
  7.8507600E+01  1.5681297E-03  5.0762208E-03 -1.1253131E-03 -1.1167767E-03  1.2852096E-06
  7.8507600E+01  1.2989629E-03  4.8648899E-03 -9.2766408E-04 -9.1377885E-04  1.0793666E-06
  7.8507600E+01  1.4212308E-03  4.6576298E-03 -7.2104289E-04 -7.0570472E-04  2.8716637E-07
  7.8507600E+01  1.7315155E-03  4.4313811E-03 -5.3204174E-04 -5.2233149E-04 -4.7038251E-07
  7.8507600E+01  1.9001164E-03  4.1838313E-03 -4.0496078E-04 -3.9940095E-04 -8.5907839E-07
  7.8507600E+01  1.7521595E-03  3.9368335E-03 -3.7135458E-04 -3.6321505E-04 -1.1975097E-06
  7.8507600E+01  1.4164796E-03  3.7238605E-03 -4.2946457E-04 -4.1826097E-04 -1.5567090E-06
  7.8507600E+01  1.1485224E-03  3.5606905E-03 -5.7661402E-04 -5.6064610E-04 -1.0083840E-06
  7.8507600E+01  8.7917468E-04  3.4072608E-03 -7.5282870E-04 -7.3686072E-04 -7.3168974E-07
  7.8507600E+01  6.4801418E-04  3.2674357E-03 -9.0370181E-04 -8.8553689E-04  2.3656637E-07
  7.8507600E+01  4.9860484E-04  3.1397414E-03 -9.8041266E-04 -9.6062641E-04  1.0523711E-06
  7.8507600E+01  4.0598336E-04  3.0111528E-03 -9.5401966E-04 -9.3635038E-04  1.5748165E-06
  7.8507600E+01  3.5016723E-04  2.8707877E-03 -8.3773962E-04 -8.2539313E-04  1.5375589E-06
  7.8507600E+01  2.9248086E-04  2.7192217E-03 -6.6608954E-04 -6.5971776E-04  1.1127346E-06
  7.8507600E+01  1.6125496E-04  2.5694727E-03 -4.6977385E-04 -4.6839321E-04  1.0484262E-06
  7.8507600E+01 -4.6540448E-05  2.4357059E-03 -2.8520456E-04 -2.8682771E-04  5.6079330E-07
  7.8507600E+01  1.7069798E-05  2.3102598E-03 -1.4404780E-04 -1.4590436E-04  1.1538218E-06
  7.8507600E+01  9.2617975E-05  2.1860465E-03 -7.0375043E-05 -7.0686284E-05  9.2260180E-07
  7.8507600E+01  2.5017275E-04  2.0699587E-03 -5.3664710E-05 -5.1914828E-05  8.4151074E-07
  7.8507600E+01  3.5583828E-04  1.9634937E-03 -7.9921754E-05 -7.9030844E-05  7.2280065E-07
  7.8507600E+01  3.3186376E-04  1.8639968E-03 -1.2774879E-04 -1.2848391E-04  6.3314671E-07
  7.8507600E+01  2.0435412E-04  1.7676838E-03 -1.7019643E-04 -1.7091915E-04  7.4375328E-07
  7.8507600E+01  3.2287409E-05  1.6731220E-03 -1.8436491E-04 -1.8662178E-04  6.5259625E-07
  7.8507600E+01 -1.2146014E-04  1.5842061E-03 -1.6494529E-04 -1.7222098E-04  1.5657238E-07
  7.8507600E+01 -1.2749246E-04  1.5083301E-03 -1.2952070E-04 -1.3506483E-04 -1.3057486E-07
  7.8507600E+01 -2.2143253E-05  1.4411015E-03 -1.0832675E-04 -1.1438031E-04 -2.3213184E-07
  7.8507600E+01  1.4744675E-04  1.3726256E-03 -1.1183648E-04 -1.1580110E-04  6.6748270E-08
  7.8507600E+01  3.1513495E-04  1.2979597E-03 -1.2899039E-04 -1.3375621E-04  2.1854454E-08
  7.8507600E+01  4.3523266E-04  1.2192150E-03 -1.4567252E-04 -1.5040651E-04  1.3678205E-07
  7.8507600E+01  4.9299716E-04  1.1412286E-03 -1.4889305E-04 -1.4841260E-04  4.3292744E-07
  7.8507600E+01  5.3469832E-04  1.0675166E-03 -1.3300569E-04 -1.2436620E-04  6.1822184E-07
  7.8507600E+01  6.3143160E-04  9.9767382E-04 -1.0455080E-04 -9.3623182E-05  6.7405213E-07
  7.8507600E+01  6.9085011E-04  9.2739031E-04 -8.2312353E-05 -7.7273535E-05  3.7983902E-07
  7.8507600E+01  6.5253106E-04  8.5381524E-04 -6.0434505E-05 -5.7873233E-05  1.9485921E-07
  7.8507600E+01  6.1605061E-04  7.7977725E-04 -4.0939579E-05 -3.9884580E-05  2.8349771E-08
  7.8507600E+01  5.8191639E-04  7.0696814E-04 -2.2705693E-05 -2.1762414E-05  3.1940406E-08
  7.8507600E+01  5.4715865E-04  6.3788726E-04 -1.2703673E-05 -1.2107414E-05  6.9417107E-08
  7.8507600E+01  1.9101617E-10 -1.4491135E-14  6.7122958E-07 -4.9844820E-06 -5.1059143E-06
  7.8507600E+01 -2.6903628E-05  2.2844447E-04  9.5746188E-03  9.5538054E-03 -5.5276407E-06
  7.8507600E+01 -6.0713903E-04  1.1016872E-03  7.9935754E-03  7.9617490E-03 -5.7907418E-06
  7.8507600E+01 -1.5187173E-03  1.9193331E-03  4.0939882E-03  4.0510952E-03 -6.1332688E-06
  7.8507600E+01 -1.6896330E-03  2.3567062E-03  1.3273524E-03  1.2943971E-03 -5.2075990E-06
  7.8507600E+01 -8.0194876E-04  2.3396296E-03  3.3633073E-04  3.6579329E-04  7.7459302E-06
  7.8507600E+01  1.6767629E-03  1.8750197E-03  1.1765487E-03  1.3180544E-03  1.7169950E-05
  7.8507600E+01  6.8720452E-03  1.8288076E-03  3.7893137E-03  4.0089446E-03  2.1789612E-05
  7.8507600E+01  1.5426764E-02  4.5966268E-03  7.4198423E-03  7.5697334E-03  3.0029579E-05
  7.8507600E+01  2.5641401E-02  1.3236839E-02  1.0059082E-02  1.0215758E-02  5.1446982E-05
  7.8507600E+01  3.4870479E-02  2.9177185E-02  9.4203387E-03  9.5957343E-03  5.5503920E-05
  7.8507600E+01  4.0821144E-02  5.0674998E-02  6.2549795E-03  6.5092369E-03  8.1244107E-05
  7.8507600E+01  4.2829090E-02  7.5255757E-02  2.3796644E-03  2.5809679E-03  6.3362290E-05
  7.8507600E+01  4.1133530E-02  1.0142896E-01 -1.1022177E-03 -1.4407055E-03  8.9516695E-06
  7.8507600E+01  3.7957815E-02  1.2648152E-01 -3.3299813E-03 -4.3257900E-03 -2.6479715E-05
  7.8507600E+01  3.6240566E-02  1.4869398E-01 -5.1440085E-03 -5.6310309E-03 -2.3846451E-05
  7.8507600E+01  3.2016277E-02  1.6361256E-01 -5.9211667E-03 -6.0814345E-03 -3.3300024E-05
  7.8507600E+01  2.7138279E-02  1.6497871E-01 -4.4483915E-03 -4.3714555E-03 -5.3265809E-05
  7.8507600E+01  2.2756046E-02  1.5333701E-01 -4.1250666E-03 -4.6333235E-03 -5.2046335E-05
  7.8507600E+01  1.6080468E-02  1.3261543E-01 -6.0583494E-03 -6.7589378E-03 -1.1138922E-05
  7.8507600E+01  1.5669312E-02  1.0951076E-01 -7.1543416E-03 -7.1439796E-03  4.6669909E-05
  7.8507600E+01  2.4496743E-02  8.8946887E-02 -7.0223564E-03 -6.4167322E-03  7.0484619E-05
  7.8507600E+01  3.5466901E-02  7.1513294E-02 -5.7722863E-03 -5.3831261E-03  3.2758516E-05
  7.8507600E+01  4.1028914E-02  5.6490349E-02 -3.2981050E-03 -3.4388752E-03  1.4253815E-06
  7.8507600E+01  4.0830958E-02  4.3838707E-02  4.3186954E-04  6.3756112E-06 -9.0319356E-06
  7.8507600E+01  3.2727446E-02  3.3868747E-02  3.9820898E-03  3.7566702E-03  9.6672609E-06
  7.8507600E+01  2.4019163E-02  2.6480484E-02  6.5212813E-03  6.3216881E-03  2.1497059E-05
  7.8507600E+01  1.9366118E-02  2.1483970E-02  8.3096995E-03  8.1955797E-03  2.0883550E-05
  7.8507600E+01  1.5915443E-02  1.8394031E-02  9.0289882E-03  9.0354999E-03  2.5516455E-05
  7.8507600E+01  1.1017447E-02  1.6508125E-02  9.0312116E-03  9.1269642E-03  1.8494288E-05
  7.8507600E+01  5.9990915E-03  1.5277911E-02  8.7281745E-03  8.7113518E-03  1.5033605E-05
  7.8507600E+01  2.8414449E-03  1.4375989E-02  8.3715552E-03  8.3674821E-03  1.5429472E-05
  7.8507600E+01  1.4025253E-03  1.3774990E-02  7.7974050E-03  7.8116552E-03  1.9733205E-05
  7.8507600E+01 -3.1437948E-04  1.3568834E-02  7.0152163E-03  7.0860145E-03  2.0328222E-05
  7.8507600E+01 -1.4094239E-03  1.3689249E-02  5.9330321E-03  5.9929836E-03  1.6309455E-05
  7.8507600E+01 -1.9777430E-03  1.3891003E-02  4.5456526E-03  4.6126259E-03  8.0072003E-06
  7.8507600E+01 -2.1053301E-03  1.3984980E-02  3.0367874E-03  3.1102435E-03  4.8299567E-06
  7.8507600E+01 -1.8756095E-03  1.3967511E-02  1.6893514E-03  1.7336681E-03  3.2243512E-06
  7.8507600E+01 -1.8050289E-03  1.3969881E-02  7.0278048E-04  7.5321578E-04  7.8435927E-07
  7.8507600E+01 -2.0642955E-03  1.4084778E-02  4.8469599E-05  6.0779692E-05  3.0676869E-07
  7.8507600E+01 -2.1578442E-03  1.4296722E-02 -8.9667590E-05 -1.3947244E-04  4.0100694E-06
  7.8507600E+01 -2.0312762E-03  1.4363143E-02  2.3733507E-04  2.0483040E-04  8.1958220E-06
  7.8507600E+01 -1.8797379E-03  1.4213769E-02  7.3981613E-04  7.6054638E-04  9.1479563E-06
  7.8507600E+01 -1.6785962E-03  1.3872927E-02  1.1196230E-03  1.1489427E-03  7.9167405E-06
  7.8507600E+01 -1.2343763E-03  1.3391561E-02  1.1733710E-03  1.1734185E-03  4.1200981E-06
  7.8507600E+01 -4.4409213E-04  1.2825621E-02  8.6796614E-04  8.6824874E-04  7.4148941E-09
  7.8507600E+01  2.4145292E-04  1.2253661E-02  5.0132331E-04  4.8107368E-04  5.6218137E-07
  7.8507600E+01  4.9170623E-04  1.1737590E-02  2.5098171E-04  2.3929167E-04 -1.1455051E-06
  7.8507600E+01  9.9788614E-04  1.1298071E-02 -3.1179093E-05 -1.1232605E-06  1.2783384E-06
  7.8507600E+01  1.3806305E-03  1.1015918E-02 -3.7002231E-04 -3.3958513E-04  1.2077093E-06
  7.8507600E+01  1.3664878E-03  1.0877540E-02 -6.1596866E-04 -6.0391489E-04  1.2894306E-07
  7.8507600E+01  1.1294926E-03  1.0794506E-02 -6.4574562E-04 -6.2059480E-04 -3.1400308E-07
  7.8507600E+01  9.0293727E-04  1.0673007E-02 -4.1912193E-04 -3.6138010E-04 -6.7765674E-07
  7.8507600E+01  8.5581297E-04  1.0486316E-02 -2.3253207E-05  4.7720457E-05  5.9661060E-08
  7.8507600E+01  1.0743534E-03  1.0294171E-02  3.6429146E-04  4.2256012E-04  2.3101438E-07
  7.8507600E+01  9.3263452E-04  1.0017622E-02  6.4570146E-04  6.9323316E-04 -1.4005655E-06
  7.8507600E+01  6.4891559E-04  9.6569110E-03  7.8798682E-04  8.0489556E-04 -5.6433474E-06
  7.8507600E+01  4.8387790E-04  9.3011181E-03  7.4634001E-04  7.0627666E-04 -8.0510538E-06
  7.8507600E+01  4.4513006E-04  9.0125289E-03  4.9021037E-04  4.1905951E-04 -5.7698315E-06
  7.8507600E+01  3.6079155E-04  8.7872995E-03  9.4400520E-05  3.6785617E-05 -1.2266361E-06
  7.8507600E+01  2.9661025E-04  8.5744365E-03 -2.6486995E-04 -3.0203121E-04  2.6546437E-06
  7.8507600E+01  6.2620313E-04  8.3277141E-03 -4.3819909E-04 -4.8272046E-04  4.6069285E-06
  7.8507600E+01  1.1790462E-03  8.0796528E-03 -5.0323225E-04 -5.5631543E-04  3.8516361E-06
  7.8507600E+01  1.4210983E-03  7.8475994E-03 -6.1855881E-04 -6.9004901E-04  6.3081363E-07
  7.8507600E+01  1.5313572E-03  7.5849826E-03 -8.3879718E-04 -8.7994228E-04 -1.2370238E-06
  7.8507600E+01  1.6335175E-03  7.2897186E-03 -1.1315810E-03 -1.1431350E-03 -1.7109554E-06
  7.8507600E+01  1.6198561E-03  6.9733116E-03 -1.4433335E-03 -1.4484377E-03 -1.5229552E-06
  7.8507600E+01  1.3793073E-03  6.6421738E-03 -1.7138150E-03 -1.7188331E-03 -3.9804460E-07
  7.8507600E+01  1.0689850E-03  6.3026405E-03 -1.8750215E-03 -1.8741276E-03  6.1922781E-07
  7.8507600E+01  1.0707990E-03  5.9742639E-03 -1.8865785E-03 -1.8871816E-03  8.3526020E-08
  7.8507600E+01  1.2979786E-03  5.6919559E-03 -1.8060594E-03 -1.8026083E-03  8.6874122E-07
  7.8507600E+01  1.0880080E-03  5.4581710E-03 -1.6446931E-03 -1.6424257E-03  2.9024723E-07
  7.8507600E+01  9.6427253E-04  5.2283778E-03 -1.4593528E-03 -1.4481606E-03  7.6478223E-07
  7.8507600E+01  9.0824525E-04  4.9840481E-03 -1.2332623E-03 -1.2197093E-03  2.4320346E-07
  7.8507600E+01  8.7938552E-04  4.7284214E-03 -9.9041730E-04 -9.8034405E-04  2.7400289E-07
  7.8507600E+01  1.0270329E-03  4.4706645E-03 -7.8112174E-04 -7.7203922E-04  9.2107886E-07
  7.8507600E+01  1.3550622E-03  4.2180519E-03 -6.4772070E-04 -6.3613115E-04  1.2218513E-06
  7.8507600E+01  1.4826243E-03  3.9741823E-03 -5.9753224E-04 -5.8860799E-04  1.0611696E-06
  7.8507600E+01  1.1608552E-03  3.7408904E-03 -6.1379368E-04 -6.0313714E-04  3.7182794E-07
  7.8507600E+01  8.0505154E-04  3.5293932E-03 -6.7049478E-04 -6.6460679E-04  8.1600367E-07
  7.8507600E+01  4.5069932E-04  3.3409161E-03 -7.4082363E-04 -7.3571751E-04  7.7345430E-07
  7.8507600E+01  2.0915618E-04  3.1662506E-03 -8.2310895E-04 -8.1599288E-04  7.7566974E-07
  7.8507600E+01  1.5767749E-04  3.0048078E-03 -8.8560457E-04 -8.7662311E-04  5.8254681E-07
  7.8507600E+01  2.3471569E-04  2.8579085E-03 -8.8740390E-04 -8.7804293E-04  2.1067287E-07
  7.8507600E+01  3.2389716E-04  2.7242935E-03 -8.0140831E-04 -7.9395345E-04  1.5872441E-08
  7.8507600E+01  3.7284778E-04  2.5968414E-03 -6.3433124E-04 -6.3095338E-04  1.1983814E-07
  7.8507600E+01  3.7598367E-04  2.4612428E-03 -4.3147992E-04 -4.3288787E-04  2.0784285E-07
  7.8507600E+01  3.5965637E-04  2.3053184E-03 -2.4434699E-04 -2.5066381E-04  4.1340274E-07
  7.8507600E+01  3.7699601E-04  2.1455496E-03 -9.7422497E-05 -9.7689615E-05  6.0893441E-07
  7.8507600E+01  4.1245166E-04  1.9995143E-03  3.6885976E-06  3.7348660E-06  7.5246405E-07
  7.8507600E+01  4.9746476E-04  1.8740843E-03  4.4373147E-05  4.6221492E-05  1.1761864E-06
  7.8507600E+01  5.0089208E-04  1.7694106E-03  1.8817862E-05  2.5338687E-05  1.5100369E-06
  7.8507600E+01  3.7531077E-04  1.6808058E-03 -4.6886068E-05 -4.1777530E-05  1.1714948E-06
  7.8507600E+01  2.1424092E-04  1.6019747E-03 -1.0555908E-04 -1.0732482E-04  3.9113431E-07
  7.8507600E+01  1.5051708E-04  1.5245109E-03 -1.1895959E-04 -1.1751475E-04  1.4601144E-07
  7.8507600E+01  1.3134379E-04  1.4381993E-03 -8.9688080E-05 -9.2551745E-05 -6.1659956E-07
  7.8507600E+01  1.1874267E-04  1.3440768E-03 -5.7368461E-05 -5.3299866E-05  4.0173480E-07
  7.8507600E+01  8.7878376E-05  1.2455583E-03 -4.0988918E-05 -4.5015776E-05  1.7867384E-07
  7.8507600E+01  1.5072448E-04  1.1520567E-03 -4.7102113E-05 -5.3065309E-05  2.0348261E-07
  7.8507600E+01  2.4300619E-04  1.0656944E-03 -6.2049034E-05 -7.0050837E-05  2.3653255E-07
  7.8507600E+01 -1.5192169E-08  0.0000000E+00  0.0000000E+00 -1.3067687E-05 -1.2163035E-05
  7.8507600E+01 -3.6477277E-03 -1.0230462E-02  8.5043675E-02  8.4508642E-02 -1.7886714E-05
  7.8507600E+01 -1.0983333E-02 -1.2047275E-02  6.0826442E-02  6.0362092E-02 -2.8848408E-05
  7.8507600E+01 -1.3885757E-02  8.2389337E-03  2.5450726E-02  2.5280805E-02 -3.3133841E-05
  7.8507600E+01 -1.6429812E-02  3.3734853E-02  1.6959447E-03  2.0940382E-03 -5.7206338E-06
  7.8507600E+01 -1.8589564E-02  5.7694850E-02 -1.0651846E-02 -9.9865389E-03  1.8526561E-05
  7.8507600E+01 -1.9738172E-02  8.0968688E-02 -1.5886523E-02 -1.5166410E-02  3.3700513E-05
  7.8507600E+01 -1.9771700E-02  1.0340503E-01 -1.8731916E-02 -1.8340932E-02  4.5626751E-05
  7.8507600E+01 -1.8432686E-02  1.2333889E-01 -2.1293585E-02 -2.1172494E-02  2.2516204E-05
  7.8507600E+01 -1.1476982E-02  1.4320306E-01 -2.4042132E-02 -2.4601226E-02  1.0485802E-05
  7.8507600E+01 -1.4709881E-03  1.6092020E-01 -2.6786529E-02 -2.7961518E-02  8.6599487E-06
  7.8507600E+01  8.3564676E-03  1.7131276E-01 -3.0484445E-02 -3.0775815E-02  5.9596069E-06
  7.8507600E+01  1.5022291E-02  1.7526345E-01 -3.4951410E-02 -3.4398354E-02 -2.6282399E-05
  7.8507600E+01  2.2534456E-02  1.7498764E-01 -3.8473449E-02 -3.8150115E-02 -6.1205314E-05
  7.8507600E+01  3.2988415E-02  1.7152829E-01 -3.8632174E-02 -3.8358246E-02 -7.3212176E-05
  7.8507600E+01  4.7015281E-02  1.6452566E-01 -3.5168928E-02 -3.4883507E-02 -8.2653572E-05
  7.8507600E+01  6.1348597E-02  1.5209183E-01 -3.0600405E-02 -3.0117891E-02 -6.4592640E-05
  7.8507600E+01  6.7459700E-02  1.3375493E-01 -2.5060088E-02 -2.4366605E-02 -2.7157894E-05
  7.8507600E+01  6.3225984E-02  1.1329700E-01 -1.9364663E-02 -1.8875642E-02 -3.5298067E-05
  7.8507600E+01  5.9304867E-02  9.4798263E-02 -1.4293288E-02 -1.4046798E-02 -2.8703593E-05
  7.8507600E+01  5.7041634E-02  7.9175916E-02 -1.0632691E-02 -1.0790044E-02 -2.2371768E-05
  7.8507600E+01  4.7171177E-02  6.5005004E-02 -8.0011590E-03 -8.3574954E-03 -1.5141690E-05
  7.8507600E+01  3.8858172E-02  5.3106429E-02 -4.9896711E-03 -5.1509191E-03  8.1516733E-06
  7.8507600E+01  3.3241458E-02  4.3576448E-02 -1.7525457E-03 -1.6992573E-03  5.5373394E-06
  7.8507600E+01  3.1250137E-02  3.6182547E-02  7.7114905E-04  9.4476779E-04  4.2824486E-06
  7.8507600E+01  2.9668287E-02  3.0775073E-02  2.4634173E-03  2.8098148E-03  2.2022500E-06
  7.8507600E+01  2.2804929E-02  2.6601004E-02  3.3104869E-03  3.5970673E-03  7.4286467E-06
  7.8507600E+01  1.5519167E-02  2.3005500E-02  3.4647786E-03  3.6602106E-03  1.2197583E-05
  7.8507600E+01  1.1455630E-02  2.0067473E-02  3.2551874E-03  3.3538960E-03  1.3506172E-05
  7.8507600E+01  7.2925026E-03  1.7764702E-02  3.1701330E-03  3.2554080E-03  1.4598208E-05
  7.8507600E+01  3.2611440E-03  1.6089967E-02  3.1169342E-03  3.2259807E-03  1.9505556E-05
  7.8507600E+01  1.2402043E-03  1.5116445E-02  2.8240521E-03  2.8699376E-03  1.7616475E-05
  7.8507600E+01  8.8858601E-04  1.4737545E-02  2.2092993E-03  2.1521995E-03  1.6531517E-05
  7.8507600E+01 -9.2994583E-05  1.4706466E-02  1.4131090E-03  1.3461740E-03  1.2888233E-05
  7.8507600E+01 -9.8134719E-04  1.4781759E-02  6.6221528E-04  6.4212883E-04  1.0856464E-05
  7.8507600E+01 -1.6478397E-03  1.4856501E-02  1.3385364E-04  1.2788499E-04  5.3021431E-06
  7.8507600E+01 -1.9170134E-03  1.4934931E-02 -2.0619382E-04 -1.9975786E-04  2.3606298E-06
  7.8507600E+01 -1.8014186E-03  1.5027382E-02 -4.2375759E-04 -3.8225570E-04  1.0415025E-06
  7.8507600E+01 -1.9177019E-03  1.5094158E-02 -4.5529054E-04 -3.9475346E-04 -5.9560477E-07
  7.8507600E+01 -2.1043736E-03  1.5069790E-02 -3.5052720E-04 -2.8592608E-04  2.9489845E-08
  7.8507600E+01 -1.8885006E-03  1.4967684E-02 -1.8235169E-04 -9.5867718E-05  3.1717047E-06
  7.8507600E+01 -1.3535377E-03  1.4710893E-02  1.9361988E-05  7.9568506E-05  5.0259868E-06
  7.8507600E+01 -7.4161462E-04  1.4299245E-02  1.5968986E-04  1.8933136E-04  3.8066735E-06
  7.8507600E+01 -2.0264923E-04  1.3820536E-02  1.6018184E-04  1.7407132E-04  2.4708708E-06
  7.8507600E+01  3.0862425E-04  1.3380322E-02  4.3751344E-06 -3.9774492E-06  2.0224309E-06
  7.8507600E+01  8.2982705E-04  1.3020074E-02 -3.2144034E-04 -3.4650021E-04  2.0628920E-06
  7.8507600E+01  1.0021597E-03  1.2647007E-02 -8.2117467E-04 -8.4943261E-04  1.1587232E-06
  7.8507600E+01  8.6278626E-04  1.2268375E-02 -1.3469736E-03 -1.3543918E-03  3.0368318E-07
  7.8507600E+01  8.0418438E-04  1.1912910E-02 -1.7700791E-03 -1.7596327E-03  7.0561450E-07
  7.8507600E+01  8.0922617E-04  1.1627021E-02 -2.0947864E-03 -2.0741472E-03  2.7323802E-06
  7.8507600E+01  6.5509375E-04  1.1417620E-02 -2.3690158E-03 -2.3507743E-03  4.1755153E-06
  7.8507600E+01  4.8663288E-04  1.1259493E-02 -2.5411711E-03 -2.5135791E-03  5.3544613E-06
  7.8507600E+01  5.5707773E-04  1.1110265E-02 -2.4723216E-03 -2.4313186E-03  5.8742183E-06
  7.8507600E+01  9.2823277E-04  1.0934865E-02 -2.0887971E-03 -2.0582869E-03  5.3615458E-06
  7.8507600E+01  1.3962997E-03  1.0686992E-02 -1.6056168E-03 -1.5830947E-03  4.5251363E-06
  7.8507600E+01  1.3531621E-03  1.0346805E-02 -1.1875842E-03 -1.1677269E-03  2.1832058E-06
  7.8507600E+01  9.1301856E-04  1.0006506E-02 -8.9576860E-04 -8.7783455E-04  4.6438241E-07
  7.8507600E+01  6.5200858E-04  9.6867232E-03 -7.3700236E-04 -7.2262441E-04 -1.8402844E-06
  7.8507600E+01  7.0854955E-04  9.3722657E-03 -7.0261256E-04 -6.9582173E-04 -3.3189871E-06
  7.8507600E+01  7.9944917E-04  9.0486027E-03 -7.5381417E-04 -7.7000080E-04 -3.0206397E-06
  7.8507600E+01  7.7336224E-04  8.7218844E-03 -8.0637401E-04 -8.5196739E-04 -1.8499015E-06
  7.8507600E+01  8.7362494E-04  8.4210596E-03 -7.9415458E-04 -8.4642000E-04 -2.4215553E-07
  7.8507600E+01  1.2643628E-03  8.1526094E-03 -7.7564120E-04 -8.2035915E-04  1.2993924E-06
  7.8507600E+01  1.6348940E-03  7.8747229E-03 -7.9102338E-04 -8.0869478E-04  3.3043526E-06
  7.8507600E+01  2.1923243E-03  7.5969886E-03 -8.4533630E-04 -8.3362391E-04  4.1244131E-06
  7.8507600E+01  2.5403789E-03  7.3157732E-03 -9.2414557E-04 -9.0238299E-04  3.6968847E-06
  7.8507600E+01  2.3993879E-03  7.0233965E-03 -1.0357085E-03 -1.0181038E-03  2.8739996E-06
  7.8507600E+01  1.9105554E-03  6.7203673E-03 -1.1876428E-03 -1.1694664E-03  1.7420594E-06
  7.8507600E+01  1.3750542E-03  6.4143841E-03 -1.3647269E-03 -1.3388962E-03  8.7923035E-07
  7.8507600E+01  9.3938950E-04  6.1173599E-03 -1.5208945E-03 -1.5006933E-03  6.8751683E-07
  7.8507600E+01  7.6264083E-04  5.8334281E-03 -1.6004836E-03 -1.5873651E-03 -1.1929593E-06
  7.8507600E+01  8.8104339E-04  5.5571325E-03 -1.5764655E-03 -1.5725014E-03 -1.4040017E-06
  7.8507600E+01  1.0925678E-03  5.2858402E-03 -1.5412507E-03 -1.5364038E-03 -1.6402043E-06
  7.8507600E+01  1.1726826E-03  5.0249027E-03 -1.5051594E-03 -1.4976927E-03 -8.0825455E-07
  7.8507600E+01  1.1059144E-03  4.7764708E-03 -1.4368113E-03 -1.4353875E-03 -2.8169322E-07
  7.8507600E+01  1.1029115E-03  4.5361024E-03 -1.3223163E-03 -1.3286152E-03 -2.6326785E-07
  7.8507600E+01  1.2695417E-03  4.2930784E-03 -1.1845264E-03 -1.1897811E-03 -6.3416644E-08
  7.8507600E+01  1.4038069E-03  4.0400616E-03 -1.0674092E-03 -1.0660748E-03  3.3265878E-07
  7.8507600E+01  1.3889092E-03  3.7823096E-03 -9.8686375E-04 -9.8087870E-04  7.4133998E-08
  7.8507600E+01  1.2178553E-03  3.5473860E-03 -9.1174793E-04 -9.1072138E-04  7.9182901E-08
  7.8507600E+01  8.8537600E-04  3.3415974E-03 -8.4943338E-04 -8.4820758E-04  8.8691139E-08
  7.8507600E+01  5.1693527E-04  3.1620679E-03 -8.1101682E-04 -8.0958027E-04  1.3140136E-07
  7.8507600E+01  3.8039520E-04  3.0037228E-03 -7.9736921E-04 -7.9278085E-04  4.9320069E-08
  7.8507600E+01  3.9173193E-04  2.8599459E-03 -7.9791425E-04 -7.8980168E-04 -2.5368008E-07
  7.8507600E+01  3.1530848E-04  2.7229149E-03 -7.8312085E-04 -7.7733643E-04 -6.2492768E-07
  7.8507600E+01  1.6493879E-04  2.5865520E-03 -7.0860056E-04 -7.1122587E-04 -7.1014585E-07
  7.8507600E+01  2.0590014E-04  2.4456587E-03 -5.4908846E-04 -5.5578364E-04 -3.0396228E-07
  7.8507600E+01  2.8572629E-04  2.2965330E-03 -3.4886057E-04 -3.5723261E-04  4.1299044E-08
  7.8507600E+01  3.7593444E-04  2.1441426E-03 -1.7084000E-04 -1.7483027E-04  2.9337126E-07
  7.8507600E+01  4.8870180E-04  1.9987877E-03 -5.2005825E-05 -5.7839051E-05  6.6392670E-07
  7.8507600E+01  5.9252071E-04  1.8715447E-03 -2.0621188E-06 -1.0548710E-05  1.0604397E-06
  7.8507600E+01  5.9126098E-04  1.7662952E-03 -1.4248134E-05 -1.8050013E-05  1.3593169E-06
  7.8507600E+01  4.5940882E-04  1.6783893E-03 -5.6930487E-05 -5.4254631E-05  1.4349644E-06
  7.8507600E+01  2.6136763E-04  1.5979996E-03 -9.1326071E-05 -8.7190922E-05  1.1760790E-06
  7.8507600E+01  1.0109935E-04  1.5137727E-03 -9.3713561E-05 -8.8637692E-05  6.5388651E-07
  7.8507600E+01  4.4856722E-05  1.4182576E-03 -6.3046287E-05 -5.7508993E-05  5.9985303E-07
  7.8507600E+01  5.6893699E-05  1.3158828E-03 -2.9188775E-05 -2.5477302E-05  2.6465176E-07
  7.8507600E+01 -5.5408590E-05  1.2154650E-03 -1.6772571E-05 -1.4033056E-05 -4.4922255E-09
  7.8507600E+01 -7.5180108E-05  1.1203848E-03 -3.2864104E-05 -3.0005792E-05 -2.3521324E-07
  7.8507600E+01 -9.1637952E-05  1.0298661E-03 -6.1761761E-05 -6.1517938E-05 -2.2775166E-07
  7.8507600E+01  9.3189460E-10  0.0000000E+00  0.0000000E+00  8.7345365E-08  8.7120886E-08
  7.8507600E+01 -4.6701010E-03  9.3384597E-04  3.1163870E-02  3.1113265E-02 -6.9356663E-06
  7.8507600E+01 -1.1270118E-02  1.3390224E-03  2.1812610E-02  2.1870377E-02 -3.8841898E-05
  7.8507600E+01 -1.3424282E-02  1.2195014E-03  6.4986800E-03  6.6963349E-03 -2.2251254E-05
  7.8507600E+01 -1.1835699E-02  3.1616406E-03 -2.5635800E-03 -2.4042991E-03  1.4457106E-05
  7.8507600E+01 -7.7924026E-03  6.6663646E-03 -6.5847104E-03 -6.9224051E-03 -2.0524521E-05
  7.8507600E+01 -3.1639471E-03  1.1303544E-02 -8.8736878E-03 -9.6050803E-03 -6.1084882E-05
  7.8507600E+01  6.3156652E-04  1.7378519E-02 -1.0651646E-02 -1.1395304E-02 -3.8095779E-05
  7.8507600E+01  3.0001562E-03  2.4774044E-02 -1.2681960E-02 -1.3329245E-02 -9.1606735E-07
  7.8507600E+01  4.4906846E-03  3.2116582E-02 -1.4569483E-02 -1.4785306E-02  5.8740982E-05
  7.8507600E+01  5.7566782E-03  3.9242418E-02 -1.5454764E-02 -1.4749749E-02  1.0727218E-04
  7.8507600E+01  5.5725299E-03  4.6986929E-02 -1.6079052E-02 -1.4924626E-02  6.6379854E-05
  7.8507600E+01  3.5108325E-03  5.5293749E-02 -1.7291296E-02 -1.6378753E-02 -1.4700170E-05
  7.8507600E+01  1.4593331E-03  6.3926218E-02 -1.7724491E-02 -1.7320215E-02 -6.6343886E-05
  7.8507600E+01 -2.6261794E-03  7.3757704E-02 -1.6997788E-02 -1.6986114E-02 -1.7116105E-05
  7.8507600E+01 -7.6628787E-03  8.4890597E-02 -1.6901315E-02 -1.6805444E-02  1.9268659E-05
  7.8507600E+01 -8.5686361E-03  9.5879190E-02 -1.7096835E-02 -1.7365505E-02 -1.5394377E-05
  7.8507600E+01 -6.9444728E-03  1.0616501E-01 -1.6938860E-02 -1.8214518E-02 -2.9934999E-05
  7.8507600E+01 -7.1019206E-03  1.1310746E-01 -1.6724580E-02 -1.8191168E-02  3.3733228E-06
  7.8507600E+01 -9.4312491E-03  1.1499403E-01 -1.5909188E-02 -1.6832077E-02  5.9885755E-06
  7.8507600E+01 -1.0033414E-02  1.1481101E-01 -1.5255727E-02 -1.5718640E-02  1.1744114E-06
  7.8507600E+01 -5.4863381E-03  1.1592389E-01 -1.6142296E-02 -1.6232320E-02 -6.5593080E-06
  7.8507600E+01 -1.7448945E-03  1.1484329E-01 -1.8039316E-02 -1.7950536E-02 -3.7162477E-05
  7.8507600E+01 -6.5488407E-05  1.0975286E-01 -1.9120875E-02 -1.8694547E-02 -5.3505153E-05
  7.8507600E+01  2.2981711E-03  1.0283717E-01 -1.9691275E-02 -1.9311045E-02 -6.0056632E-05
  7.8507600E+01  8.4048522E-03  9.5704968E-02 -2.0793028E-02 -2.0609200E-02 -1.1715018E-05
  7.8507600E+01  2.0668526E-02  8.7418090E-02 -2.1814310E-02 -2.1824641E-02  2.9389892E-05
  7.8507600E+01  3.0686413E-02  7.8287756E-02 -2.1712705E-02 -2.1436751E-02  2.6810679E-05
  7.8507600E+01  3.5402271E-02  6.8441150E-02 -1.9856129E-02 -1.9529517E-02 -1.2386793E-05
  7.8507600E+01  3.8714142E-02  5.9331754E-02 -1.5898163E-02 -1.5692753E-02 -4.7000826E-05
  7.8507600E+01  3.8547197E-02  5.1216517E-02 -9.6949877E-03 -9.7958739E-03 -6.0809634E-05
  7.8507600E+01  3.3442745E-02  4.3261092E-02 -3.4689853E-03 -3.7664206E-03 -5.0358383E-05
  7.8507600E+01  3.0055913E-02  3.5893183E-02 -4.4444802E-04 -8.2949124E-04 -1.6624746E-05
  7.8507600E+01  2.4903121E-02  3.0382104E-02  6.0502662E-04  5.0976918E-04 -1.0667702E-06
  7.8507600E+01  1.8744256E-02  2.6363493E-02  1.5539759E-03  1.4414041E-03 -7.8332947E-06
  7.8507600E+01  1.3629978E-02  2.3386169E-02  2.2333732E-03  2.1348958E-03 -1.1892265E-05
  7.8507600E+01  1.0380879E-02  2.0966100E-02  2.3172030E-03  2.3252794E-03 -4.5661873E-06
  7.8507600E+01  8.6353157E-03  1.8848467E-02  1.8983979E-03  1.8363657E-03 -1.3333836E-06
  7.8507600E+01  6.8519808E-03  1.7094540E-02  1.0670122E-03  9.3197698E-04  5.9832574E-07
  7.8507600E+01  5.2504985E-03  1.6042520E-02  1.6442447E-04  6.6470565E-07  8.6460450E-06
  7.8507600E+01  3.8513027E-03  1.5822912E-02 -5.5131914E-04 -6.1022441E-04  1.2530496E-05
  7.8507600E+01  1.3540914E-03  1.5832074E-02 -1.0701131E-03 -1.0875297E-03  1.0332038E-05
  7.8507600E+01  4.5496071E-04  1.5865416E-02 -1.1829245E-03 -1.2034842E-03  3.5408383E-06
  7.8507600E+01  1.0369956E-03  1.5926482E-02 -9.8631643E-04 -9.9337579E-04 -2.3766710E-06
  7.8507600E+01  1.2740369E-03  1.5965045E-02 -7.6224380E-04 -7.2645362E-04 -6.9352091E-06
  7.8507600E+01  1.3278434E-03  1.5875594E-02 -7.0672695E-04 -6.6657498E-04 -9.6271281E-06
  7.8507600E+01  1.8080916E-03  1.5650328E-02 -8.1544317E-04 -7.9056854E-04 -4.4086168E-06
  7.8507600E+01  2.2169932E-03  1.5350281E-02 -9.1836960E-04 -9.4016420E-04 -4.2947513E-07
  7.8507600E+01  1.8013009E-03  1.4856737E-02 -9.9003394E-04 -1.0033379E-03  3.1853189E-06
  7.8507600E+01  9.1958950E-04  1.4235270E-02 -1.1272365E-03 -1.1332118E-03  3.0897962E-06
  7.8507600E+01  4.1448369E-04  1.3680822E-02 -1.3872901E-03 -1.3751812E-03  3.7040960E-06
  7.8507600E+01  4.6730254E-04  1.3324016E-02 -1.7528182E-03 -1.7133519E-03  5.1917654E-06
  7.8507600E+01  7.0905781E-04  1.3134445E-02 -2.1297509E-03 -2.0887535E-03  5.9413818E-06
  7.8507600E+01  9.0427529E-04  1.2926488E-02 -2.4200774E-03 -2.4184801E-03  5.4461808E-06
  7.8507600E+01  1.0597794E-03  1.2540549E-02 -2.5614295E-03 -2.5970612E-03  2.9982257E-06
  7.8507600E+01  1.1033356E-03  1.2162371E-02 -2.6256714E-03 -2.6501916E-03  9.0980085E-07
  7.8507600E+01  9.3410386E-04  1.1874306E-02 -2.7595923E-03 -2.7621675E-03  1.2563981E-06
  7.8507600E+01  6.2774356E-04  1.1651614E-02 -2.9236422E-03 -2.9176688E-03  3.2727257E-06
  7.8507600E+01  2.1154490E-04  1.1439312E-02 -3.0558428E-03 -3.0404279E-03  4.6649872E-06
  7.8507600E+01 -2.6716013E-04  1.1202688E-02 -3.1114623E-03 -3.0832033E-03  4.4296763E-06
  7.8507600E+01 -4.8757964E-04  1.0937526E-02 -3.0688303E-03 -3.0468814E-03  2.9393652E-06
  7.8507600E+01 -3.6517100E-05  1.0648107E-02 -2.9159222E-03 -2.9164102E-03  1.3182674E-06
  7.8507600E+01  6.0873536E-04  1.0335085E-02 -2.6605116E-03 -2.6608839E-03 -1.6101089E-06
  7.8507600E+01  6.3195301E-04  9.9424219E-03 -2.2996826E-03 -2.2971787E-03 -4.0133632E-06
  7.8507600E+01  8.1574243E-04  9.5185738E-03 -1.9609833E-03 -1.9529981E-03 -4.3559058E-06
  7.8507600E+01  8.3638901E-04  9.1071909E-03 -1.6829334E-03 -1.6764727E-03 -2.6126445E-06
  7.8507600E+01  5.4487253E-04  8.7139599E-03 -1.4674490E-03 -1.4672903E-03  1.3159493E-07
  7.8507600E+01  2.9967498E-04  8.3321287E-03 -1.3125466E-03 -1.3226222E-03  1.6463120E-06
  7.8507600E+01  4.2452956E-04  7.9585915E-03 -1.2042205E-03 -1.2211234E-03  7.4026727E-07
  7.8507600E+01  7.2116985E-04  7.6040098E-03 -1.1337216E-03 -1.1378261E-03 -3.4786852E-07
  7.8507600E+01  8.8237084E-04  7.2893956E-03 -1.1543083E-03 -1.1390996E-03  1.7635459E-06
  7.8507600E+01  8.3379822E-04  6.9986804E-03 -1.2593252E-03 -1.2505128E-03  2.2948620E-06
  7.8507600E+01  1.2458068E-03  6.7406048E-03 -1.2882978E-03 -1.2845174E-03  2.4574314E-06
  7.8507600E+01  1.5140846E-03  6.4972840E-03 -1.2031412E-03 -1.2027710E-03  1.4380035E-06
  7.8507600E+01  1.2090747E-03  6.2480609E-03 -1.1069945E-03 -1.1073685E-03  8.9707196E-07
  7.8507600E+01  6.4531965E-04  5.9779164E-03 -1.0931184E-03 -1.0931572E-03  1.7506076E-06
  7.8507600E+01  3.7174991E-04  5.6846001E-03 -1.1824718E-03 -1.1849587E-03  2.5105955E-06
  7.8507600E+01  5.2573538E-04  5.3785926E-03 -1.3306086E-03 -1.3387615E-03  1.2271583E-06
  7.8507600E+01  1.0349356E-03  5.0856721E-03 -1.4849147E-03 -1.4864070E-03  2.9926920E-06
  7.8507600E+01  1.1638519E-03  4.8199026E-03 -1.6063530E-03 -1.6101620E-03  9.2825660E-07
  7.8507600E+01  1.0527376E-03  4.5607002E-03 -1.6454648E-03 -1.6436356E-03  1.9827367E-06
  7.8507600E+01  9.1661719E-04  4.3045183E-03 -1.5950084E-03 -1.5944037E-03  7.8368280E-07
  7.8507600E+01  8.8301088E-04  4.0512082E-03 -1.4901877E-03 -1.4887265E-03 -7.9147832E-07
  7.8507600E+01  9.3705430E-04  3.8042497E-03 -1.3588279E-03 -1.3551266E-03 -1.2906809E-06
  7.8507600E+01  9.5949327E-04  3.5682105E-03 -1.2118234E-03 -1.2110951E-03 -1.3335407E-06
  7.8507600E+01  8.7657194E-04  3.3462676E-03 -1.0543349E-03 -1.0576960E-03 -1.2701232E-06
  7.8507600E+01  7.9670652E-04  3.1407938E-03 -8.9371384E-04 -8.9316329E-04 -6.7839649E-07
  7.8507600E+01  9.0594911E-04  2.9502505E-03 -7.4685345E-04 -7.4114034E-04 -7.3560103E-07
  7.8507600E+01  9.3740553E-04  2.7799969E-03 -6.1179005E-04 -6.1714714E-04 -5.8299391E-07
  7.8507600E+01  8.4439283E-04  2.6349726E-03 -5.2507831E-04 -5.2742591E-04 -4.6051622E-07
  7.8507600E+01  5.8479078E-04  2.4962333E-03 -4.6173142E-04 -4.5878573E-04  1.0287374E-07
  7.8507600E+01  3.6054512E-04  2.3518724E-03 -3.7986920E-04 -3.8452009E-04  2.6936647E-07
  7.8507600E+01  3.9535293E-04  2.2017038E-03 -2.7757370E-04 -2.8773146E-04 -5.8799342E-09
  7.8507600E+01  6.0434154E-04  2.0528402E-03 -1.8297386E-04 -1.8631056E-04 -1.4115502E-07
  7.8507600E+01  6.3389916E-04  1.9149987E-03 -1.2244363E-04 -1.2670542E-04  1.1200481E-07
  7.8507600E+01  7.3172024E-04  1.7960865E-03 -1.0724688E-04 -1.0977396E-04  4.0379624E-07
  7.8507600E+01  4.2614760E-04  1.6895890E-03 -1.1610250E-04 -1.2124602E-04  1.0334060E-06
  7.8507600E+01  3.3323154E-04  1.5907060E-03 -1.2042389E-04 -1.1965967E-04  9.5410452E-07
  7.8507600E+01  1.8318318E-04  1.4878640E-03 -8.9176129E-05 -8.4728797E-05  7.2114445E-07
  7.8507600E+01  3.0220490E-05  1.3800541E-03 -3.2612019E-05 -2.5793072E-05  3.5628154E-07
  7.8507600E+01 -7.5227238E-08  0.0000000E+00  0.0000000E+00  5.7489210E-05  5.6343664E-05
  7.8507600E+01 -2.9468021E-02 -2.1810328E-02  1.8398504E-01  1.8451440E-01  5.0619027E-05
  7.8507600E+01 -2.0922890E-02 -3.8561116E-02  1.4775463E-01  1.4871673E-01  2.5666346E-05
  7.8507600E+01 -8.2443931E-03 -2.1221573E-02  9.3828618E-02  9.5259478E-02  3.6586017E-05
  7.8507600E+01 -6.2136038E-03  2.1223316E-03  5.7347914E-02  5.7591168E-02  2.8345807E-05
  7.8507600E+01 -7.9020815E-03  2.1448205E-02  3.4622644E-02  3.4043164E-02  3.1774595E-06
  7.8507600E+01 -9.4946896E-03  3.7722989E-02  1.8010386E-02  1.7126982E-02  1.9172900E-05
  7.8507600E+01 -1.3284053E-02  5.0470942E-02  5.1797710E-03  4.4367494E-03  3.7655874E-05
  7.8507600E+01 -1.7152858E-02  6.0196237E-02 -3.6266334E-03 -3.9984655E-03  3.8330933E-05
  7.8507600E+01 -1.8063339E-02  6.9094612E-02 -7.9684117E-03 -8.4257065E-03  6.8226640E-05
  7.8507600E+01 -1.7096936E-02  7.6614898E-02 -9.5970046E-03 -9.9397598E-03  1.2171000E-04
  7.8507600E+01 -1.8817736E-02  8.0975316E-02 -1.0822905E-02 -1.1363321E-02  1.2758554E-04
  7.8507600E+01 -2.0425655E-02  8.3242780E-02 -1.2190450E-02 -1.3296951E-02  9.2775051E-05
  7.8507600E+01 -1.5569347E-02  8.4604103E-02 -1.2902371E-02 -1.4049611E-02  4.9929412E-05
  7.8507600E+01 -6.5240913E-03  8.6776497E-02 -1.3170491E-02 -1.4217129E-02 -1.0035413E-05
  7.8507600E+01  3.3954183E-03  8.9098211E-02 -1.4906701E-02 -1.5740989E-02 -7.7777550E-05
  7.8507600E+01  8.9410976E-03  8.8564858E-02 -1.8677830E-02 -1.9169291E-02 -1.1075683E-04
  7.8507600E+01  1.1227310E-02  8.4620839E-02 -2.1959511E-02 -2.2309964E-02 -1.0712387E-04
  7.8507600E+01  1.6259440E-02  8.0131844E-02 -2.3208408E-02 -2.3446409E-02 -5.6157075E-05
  7.8507600E+01  2.3823405E-02  7.6992097E-02 -2.2514603E-02 -2.2452377E-02  4.5151380E-06
  7.8507600E+01  2.7599172E-02  7.4315238E-02 -2.1352437E-02 -2.0933724E-02  2.1666752E-05
  7.8507600E+01  2.6380676E-02  7.1103310E-02 -2.0174140E-02 -1.9868380E-02  1.5666525E-06
  7.8507600E+01  2.4623627E-02  6.6393591E-02 -1.7754626E-02 -1.7692013E-02 -1.4132367E-05
  7.8507600E+01  2.4362475E-02  6.0181366E-02 -1.5012100E-02 -1.5072188E-02 -4.1358983E-05
  7.8507600E+01  2.4730270E-02  5.3499275E-02 -1.3220576E-02 -1.3161964E-02 -4.1021174E-05
  7.8507600E+01  2.4308787E-02  4.7432559E-02 -1.2306019E-02 -1.2334531E-02 -3.0831230E-05
  7.8507600E+01  2.4688251E-02  4.2076051E-02 -1.1423234E-02 -1.1412844E-02 -1.1128887E-05
  7.8507600E+01  2.4298545E-02  3.7212959E-02 -1.0134542E-02 -9.9817362E-03  1.2253762E-05
  7.8507600E+01  2.2972843E-02  3.2949476E-02 -8.6840080E-03 -8.6085336E-03  1.0670863E-05
  7.8507600E+01  2.2004425E-02  2.9276811E-02 -6.9870409E-03 -7.0672301E-03 -5.6268680E-07
  7.8507600E+01  2.1238900E-02  2.6106756E-02 -4.8576464E-03 -5.0421500E-03 -1.9610624E-05
  7.8507600E+01  1.9457990E-02  2.3323435E-02 -2.7313182E-03 -2.8477990E-03 -2.3065782E-05
  7.8507600E+01  1.5750594E-02  2.0919840E-02 -1.3965617E-03 -1.5207047E-03 -1.6083651E-05
  7.8507600E+01  9.8824008E-03  1.8968236E-02 -9.5685706E-04 -1.0792827E-03 -4.2225847E-06
  7.8507600E+01  7.7338277E-03  1.7779343E-02 -1.0231047E-03 -1.1484203E-03  6.2141524E-07
  7.8507600E+01  8.3601302E-03  1.7179415E-02 -1.1056673E-03 -1.2180662E-03 -8.2578507E-08
  7.8507600E+01  8.6262381E-03  1.6781897E-02 -1.0907597E-03 -1.2057170E-03 -4.3200106E-06
  7.8507600E+01  7.0024891E-03  1.6381806E-02 -9.7281106E-04 -1.0887199E-03 -5.0528328E-06
  7.8507600E+01  4.5110775E-03  1.6038319E-02 -7.4418615E-04 -7.7681974E-04 -4.3514912E-06
  7.8507600E+01  2.3252471E-03  1.5736438E-02 -6.2942710E-04 -6.1875545E-04 -5.5690076E-06
  7.8507600E+01  9.3965870E-04  1.5351996E-02 -7.3133495E-04 -6.8487116E-04 -6.9204705E-06
  7.8507600E+01  1.2035570E-03  1.4937499E-02 -8.4813283E-04 -8.1855348E-04 -8.2807822E-06
  7.8507600E+01  2.2341384E-03  1.4546684E-02 -9.0846922E-04 -9.0468902E-04 -7.4701273E-06
  7.8507600E+01  3.0102604E-03  1.4178697E-02 -1.0199550E-03 -1.0370683E-03 -2.7657315E-06
  7.8507600E+01  3.4252992E-03  1.3814894E-02 -1.2965349E-03 -1.3357166E-03  2.8967576E-06
  7.8507600E+01  3.8538575E-03  1.3491213E-02 -1.7335078E-03 -1.7699431E-03  5.1052732E-06
  7.8507600E+01  3.6709157E-03  1.3299186E-02 -2.2471907E-03 -2.2374563E-03  6.8332280E-06
  7.8507600E+01  2.5361085E-03  1.3072983E-02 -2.7914066E-03 -2.7682930E-03  5.6269663E-06
  7.8507600E+01  1.8769855E-03  1.2758577E-02 -3.2186605E-03 -3.2035699E-03  5.6926999E-06
  7.8507600E+01  2.1525614E-03  1.2426443E-02 -3.4012908E-03 -3.4053045E-03  3.3732699E-06
  7.8507600E+01  2.7540974E-03  1.2139525E-02 -3.3639143E-03 -3.3855887E-03  9.1345492E-07
  7.8507600E+01  3.0840217E-03  1.1909581E-02 -3.2344502E-03 -3.2664303E-03  4.9951611E-07
  7.8507600E+01  2.9060489E-03  1.1699354E-02 -3.1129871E-03 -3.1503040E-03  8.8084217E-07
  7.8507600E+01  2.3533785E-03  1.1467580E-02 -2.9907936E-03 -3.0244400E-03  1.4029659E-06
  7.8507600E+01  1.9124837E-03  1.1245228E-02 -2.9132087E-03 -2.9371095E-03  2.3919452E-06
  7.8507600E+01  1.3955056E-03  1.1047421E-02 -2.9324296E-03 -2.9345564E-03  2.7134461E-06
  7.8507600E+01  7.0121802E-04  1.0821306E-02 -3.0612634E-03 -3.0677871E-03  1.8918324E-06
  7.8507600E+01  2.1221183E-04  1.0514128E-02 -3.2103598E-03 -3.2260455E-03  3.4166201E-07
  7.8507600E+01  1.1130359E-04  1.0099993E-02 -3.2516747E-03 -3.2670763E-03 -1.8564441E-07
  7.8507600E+01  2.5155728E-04  9.6027934E-03 -3.0910505E-03 -3.1054344E-03 -4.7658059E-08
  7.8507600E+01  3.8004964E-04  9.0852561E-03 -2.6950744E-03 -2.7049190E-03 -3.3735449E-07
  7.8507600E+01  4.6861304E-04  8.6205716E-03 -2.1377319E-03 -2.1309426E-03 -2.5253296E-07
  7.8507600E+01  8.7837391E-04  8.2433236E-03 -1.6250393E-03 -1.6208854E-03  9.4590717E-07
  7.8507600E+01  9.1857601E-04  7.9103507E-03 -1.3198017E-03 -1.3253447E-03  2.5280953E-06
  7.8507600E+01  6.1420597E-04  7.5896310E-03 -1.2094797E-03 -1.2186761E-03  2.9236836E-06
  7.8507600E+01  1.8511607E-04  7.2732170E-03 -1.2076818E-03 -1.2186175E-03  2.0222663E-06
  7.8507600E+01 -2.1306224E-04  6.9545146E-03 -1.2435251E-03 -1.2545988E-03  9.0831471E-07
  7.8507600E+01 -4.4986710E-04  6.6343149E-03 -1.2707299E-03 -1.2758616E-03 -2.5556971E-08
  7.8507600E+01 -4.5210066E-04  6.3268120E-03 -1.2702051E-03 -1.2742808E-03 -1.3901132E-06
  7.8507600E+01 -2.5691649E-04  6.0632166E-03 -1.2458065E-03 -1.2655884E-03 -2.9646475E-06
  7.8507600E+01  1.4910297E-05  5.8578346E-03 -1.2136027E-03 -1.2332237E-03 -2.6436786E-06
  7.8507600E+01  5.1141946E-04  5.6701782E-03 -1.1448932E-03 -1.1636541E-03 -2.1275681E-06
  7.8507600E+01  8.1728569E-04  5.4591338E-03 -1.1143189E-03 -1.1307286E-03 -1.0083105E-06
  7.8507600E+01  7.9053310E-04  5.2091349E-03 -1.1973584E-03 -1.2126449E-03 -5.9016915E-07
  7.8507600E+01  6.3635421E-04  4.9445250E-03 -1.3688644E-03 -1.3689846E-03 -3.8532490E-07
  7.8507600E+01  6.4288690E-04  4.6948274E-03 -1.5312266E-03 -1.5182726E-03 -5.6750482E-07
  7.8507600E+01  8.7474234E-04  4.4709252E-03 -1.5945671E-03 -1.5834441E-03 -9.0629726E-07
  7.8507600E+01  1.1074508E-03  4.2609055E-03 -1.5495145E-03 -1.5343221E-03 -2.0505122E-07
  7.8507600E+01  1.2721550E-03  4.0374845E-03 -1.4846029E-03 -1.4665902E-03 -2.5071773E-07
  7.8507600E+01  1.2646490E-03  3.7972691E-03 -1.4198921E-03 -1.4110996E-03  5.1728467E-07
  7.8507600E+01  1.1968117E-03  3.5620575E-03 -1.3538553E-03 -1.3495390E-03  1.2635057E-07
  7.8507600E+01  1.1317822E-03  3.3485755E-03 -1.2560006E-03 -1.2521005E-03  1.6245806E-07
  7.8507600E+01  1.1748450E-03  3.1537415E-03 -1.1298409E-03 -1.1268469E-03  2.7561186E-07
  7.8507600E+01  1.3007818E-03  2.9714367E-03 -9.8504861E-04 -9.8374622E-04  1.8182376E-07
  7.8507600E+01  1.3772275E-03  2.7986984E-03 -8.2597409E-04 -8.2451984E-04  1.6907434E-07
  7.8507600E+01  1.3080301E-03  2.6379466E-03 -6.5753989E-04 -6.5553997E-04  3.5663979E-07
  7.8507600E+01  1.1340760E-03  2.4917884E-03 -4.9043387E-04 -4.9132218E-04  4.1636750E-07
  7.8507600E+01  9.2908442E-04  2.3554324E-03 -3.4200624E-04 -3.4292533E-04  6.5165053E-07
  7.8507600E+01  8.0176313E-04  2.2277177E-03 -2.4401903E-04 -2.4922761E-04  7.9135566E-07
  7.8507600E+01  6.0367233E-04  2.1010659E-03 -2.0136042E-04 -2.0916269E-04  7.8286745E-07
  7.8507600E+01  3.1991244E-04  1.9754906E-03 -1.9549909E-04 -2.0314628E-04  6.6579919E-07
  7.8507600E+01  1.0601165E-04  1.8566025E-03 -1.9618618E-04 -2.0142698E-04  6.8275181E-07
  7.8507600E+01  8.0610302E-05  1.7465347E-03 -1.8086308E-04 -1.8359797E-04  8.5471266E-07
  7.8507600E+01  1.8551708E-04  1.6426115E-03 -1.4633156E-04 -1.4791703E-04  9.0015336E-07
  7.8507600E+01  2.2071265E-04  1.5384514E-03 -1.0435405E-04 -1.0508725E-04  6.1521361E-07
  7.8507600E+01  1.7363766E-04  1.4280812E-03 -5.3519975E-05 -5.1811478E-05  8.4562097E-07
  7.8507600E+01  1.4302219E-04  1.3175953E-03  1.1073219E-05  9.8319780E-06 -8.4456664E-08
  7.8507600E+01  1.4099842E-04  1.2092293E-03  7.4050969E-05  7.1514296E-05 -2.8544398E-07
  7.8507600E+01  1.1996916E-04  1.1069567E-03  1.0842637E-04  1.0533000E-04 -7.4104545E-07
  7.8507600E+01  9.1841658E-05  1.0120032E-03  9.4724516E-05  9.2329573E-05 -1.0415967E-06
  7.8507600E+01  2.7930885E-09  2.7030453E-13  5.1999886E-06 -1.3869847E-05 -1.8716963E-05
  7.8507600E+01 -8.4835260E-03 -1.2312565E-03  7.6335004E-02  7.6675793E-02 -2.0246731E-05
  7.8507600E+01 -1.3129308E-02 -1.2679323E-03  5.4598786E-02  5.4567865E-02 -2.4257458E-05
  7.8507600E+01  4.7487260E-04  2.1117823E-02  1.7671863E-02  1.7618829E-02 -4.2967794E-05
  7.8507600E+01  1.3139612E-02  4.5683756E-02 -9.0393504E-03 -9.4287730E-03 -6.7878795E-05
  7.8507600E+01  1.6653660E-02  5.7868730E-02 -2.6103318E-02 -2.6550269E-02 -8.8660176E-05
  7.8507600E+01  1.2021012E-02  6.0168725E-02 -3.5314667E-02 -3.5152044E-02 -8.0680864E-05
  7.8507600E+01  3.5999949E-03  5.8708356E-02 -3.9387080E-02 -3.8717040E-02 -3.6722097E-05
  7.8507600E+01 -5.2409735E-03  5.7532651E-02 -4.0119093E-02 -4.0008434E-02  1.3893182E-06
  7.8507600E+01 -1.2879503E-02  5.7745167E-02 -3.8138755E-02 -3.8414483E-02  7.4315344E-06
  7.8507600E+01 -1.9468186E-02  5.8928299E-02 -3.4898853E-02 -3.4886097E-02  1.6889242E-05
  7.8507600E+01 -2.5177763E-02  6.1226065E-02 -3.1231812E-02 -3.0953364E-02  3.4943755E-05
  7.8507600E+01 -2.8062884E-02  6.3768698E-02 -2.7791463E-02 -2.7433290E-02  8.4215948E-05
  7.8507600E+01 -3.1964871E-02  6.5334427E-02 -2.5917408E-02 -2.5678438E-02  1.0215599E-04
  7.8507600E+01 -3.8241768E-02  6.5419352E-02 -2.5070872E-02 -2.4944959E-02  7.6602138E-05
  7.8507600E+01 -4.1904294E-02  6.5040327E-02 -2.4512039E-02 -2.4423294E-02  4.2548258E-05
  7.8507600E+01 -3.8995000E-02  6.6098581E-02 -2.4398359E-02 -2.4331344E-02  5.3684340E-05
  7.8507600E+01 -3.2025608E-02  6.8064312E-02 -2.5433690E-02 -2.5010487E-02  3.9289320E-05
  7.8507600E+01 -2.5457195E-02  6.9781084E-02 -2.8002400E-02 -2.7316581E-02  2.7628311E-05
  7.8507600E+01 -2.1119710E-02  7.0390331E-02 -3.0715373E-02 -3.0510715E-02  5.1409932E-06
  7.8507600E+01 -1.8245099E-02  6.8445648E-02 -3.2146643E-02 -3.2414319E-02  8.2865892E-06
  7.8507600E+01 -1.7851437E-02  6.4728900E-02 -3.2019236E-02 -3.2457027E-02  3.8487794E-05
  7.8507600E+01 -1.3988079E-02  6.2776006E-02 -2.9931402E-02 -3.0121719E-02  4.7582941E-05
  7.8507600E+01 -7.4300148E-03  6.1504659E-02 -2.7435708E-02 -2.7529090E-02  3.0638994E-05
  7.8507600E+01 -1.8529865E-03  5.8738217E-02 -2.5427523E-02 -2.5718708E-02  1.2486197E-05
  7.8507600E+01  3.5865432E-03  5.5025343E-02 -2.3181812E-02 -2.3484924E-02  1.7642041E-05
  7.8507600E+01  8.8635397E-03  5.1740751E-02 -2.1452055E-02 -2.1671841E-02  3.1292446E-05
  7.8507600E+01  1.2869188E-02  4.8763431E-02 -2.0522765E-02 -2.0641681E-02  2.6800721E-05
  7.8507600E+01  1.5296831E-02  4.5241945E-02 -1.9804318E-02 -1.9679231E-02  1.2803270E-05
  7.8507600E+01  1.8280394E-02  4.1396311E-02 -1.9100940E-02 -1.8929442E-02 -2.7536451E-06
  7.8507600E+01  2.1782049E-02  3.7773385E-02 -1.7905840E-02 -1.7875746E-02 -1.0200005E-05
  7.8507600E+01  2.4010760E-02  3.4560763E-02 -1.6051256E-02 -1.6128070E-02 -1.7993636E-05
  7.8507600E+01  2.5177500E-02  3.1549742E-02 -1.4211536E-02 -1.4291344E-02 -1.0364072E-05
  7.8507600E+01  2.2399301E-02  2.8136467E-02 -1.2466791E-02 -1.2395391E-02  2.8437499E-06
  7.8507600E+01  1.7639310E-02  2.4434334E-02 -1.0492183E-02 -1.0391748E-02  1.1109358E-05
  7.8507600E+01  1.2991427E-02  2.1193118E-02 -8.4382661E-03 -8.3896198E-03  8.7460326E-06
  7.8507600E+01  9.1570983E-03  1.8658075E-02 -6.7900005E-03 -6.8114761E-03  1.0180795E-05
  7.8507600E+01  6.2516686E-03  1.6680392E-02 -5.7760325E-03 -5.8837250E-03  1.1263674E-05
  7.8507600E+01  4.6108846E-03  1.5210111E-02 -5.2011094E-03 -5.3949415E-03  1.9566696E-06
  7.8507600E+01  4.3514122E-03  1.4619527E-02 -4.8889319E-03 -5.0941959E-03  1.8311771E-06
  7.8507600E+01  4.2431551E-03  1.4575516E-02 -4.7321144E-03 -4.9036697E-03  5.2929010E-06
  7.8507600E+01  3.6920702E-03  1.4516865E-02 -4.4269167E-03 -4.5048640E-03  7.1153025E-06
  7.8507600E+01  3.1497034E-03  1.4325259E-02 -3.8026081E-03 -3.8074922E-03  6.5793669E-06
  7.8507600E+01  2.7126056E-03  1.4026456E-02 -3.0450795E-03 -3.0181446E-03  4.9886668E-06
  7.8507600E+01  1.7685144E-03  1.3599293E-02 -2.4462303E-03 -2.4117388E-03  6.9297826E-08
  7.8507600E+01  1.5073418E-04  1.2964001E-02 -2.1353753E-03 -2.1179105E-03 -3.4133532E-06
  7.8507600E+01 -8.5122195E-05  1.2180202E-02 -2.0138937E-03 -2.0244292E-03 -2.4170431E-06
  7.8507600E+01 -1.1024511E-04  1.1594443E-02 -1.9786038E-03 -2.0021579E-03 -6.8954202E-07
  7.8507600E+01 -4.0608232E-04  1.1283800E-02 -2.1525979E-03 -2.1993070E-03 -4.0862284E-07
  7.8507600E+01 -2.4121222E-04  1.1168037E-02 -2.3918201E-03 -2.4574218E-03 -5.7978596E-07
  7.8507600E+01  7.5284027E-04  1.1141738E-02 -2.5577128E-03 -2.5938875E-03 -7.4604272E-07
  7.8507600E+01  2.1463902E-03  1.1136026E-02 -2.6009533E-03 -2.6019891E-03 -8.6293435E-07
  7.8507600E+01  3.1353784E-03  1.1115970E-02 -2.5307001E-03 -2.5152521E-03  5.9766012E-07
  7.8507600E+01  3.4216250E-03  1.1049425E-02 -2.4102028E-03 -2.3631503E-03  3.3084198E-06
  7.8507600E+01  3.4811476E-03  1.0867140E-02 -2.3895423E-03 -2.3622257E-03  4.2183799E-06
  7.8507600E+01  3.6162417E-03  1.0616068E-02 -2.4762939E-03 -2.4585607E-03  3.7084810E-06
  7.8507600E+01  3.1943738E-03  1.0405709E-02 -2.6070328E-03 -2.5808819E-03  4.5315986E-06
  7.8507600E+01  2.4972791E-03  1.0216910E-02 -2.7513401E-03 -2.7118666E-03  5.8212168E-06
  7.8507600E+01  1.8949636E-03  9.9902713E-03 -2.8891366E-03 -2.8484961E-03  6.3528111E-06
  7.8507600E+01  1.3872827E-03  9.6798884E-03 -2.9769226E-03 -2.9485412E-03  6.3710664E-06
  7.8507600E+01  8.2528002E-04  9.2832948E-03 -2.9561353E-03 -2.9394886E-03  4.9872962E-06
  7.8507600E+01  1.5034685E-04  8.8404701E-03 -2.7995230E-03 -2.7854267E-03  3.1874309E-06
  7.8507600E+01 -4.7999326E-04  8.3897515E-03 -2.5586597E-03 -2.5623984E-03  2.6552423E-06
  7.8507600E+01 -1.0547159E-03  7.9152054E-03 -2.2853121E-03 -2.3113047E-03  2.7453048E-06
  7.8507600E+01 -1.4530123E-03  7.4699776E-03 -1.9728714E-03 -1.9986717E-03  1.5161141E-06
  7.8507600E+01 -1.4567671E-03  7.0915714E-03 -1.6666369E-03 -1.6756802E-03  1.6314461E-07
  7.8507600E+01 -1.1800972E-03  6.7890414E-03 -1.4526064E-03 -1.4430674E-03  1.2103482E-07
  7.8507600E+01 -8.8238040E-04  6.5411201E-03 -1.3814439E-03 -1.3621144E-03  1.8910176E-07
  7.8507600E+01 -7.1806768E-04  6.3132206E-03 -1.4140553E-03 -1.3974899E-03  4.8372056E-07
  7.8507600E+01 -6.3844477E-04  6.0797093E-03 -1.4389534E-03 -1.4338643E-03  1.9385037E-06
  7.8507600E+01 -5.7315506E-04  5.8433508E-03 -1.3967818E-03 -1.3883526E-03  5.7079555E-07
  7.8507600E+01 -4.3458443E-04  5.6175576E-03 -1.3033921E-03 -1.3089498E-03  8.2773493E-07
  7.8507600E+01 -4.6141301E-04  5.3692296E-03 -1.2028115E-03 -1.2023147E-03 -6.1391742E-07
  7.8507600E+01 -4.8754449E-04  5.1028170E-03 -1.0956532E-03 -1.0830202E-03 -1.5321760E-07
  7.8507600E+01 -3.5796116E-04  4.8430270E-03 -9.9378257E-04 -9.8438822E-04  2.1317096E-07
  7.8507600E+01 -7.9370470E-05  4.6077147E-03 -9.2255780E-04 -9.1797441E-04  2.3729083E-07
  7.8507600E+01  2.4768734E-04  4.3997922E-03 -9.2137262E-04 -9.1020742E-04  2.5211407E-07
  7.8507600E+01  5.0918091E-04  4.2083366E-03 -1.0193725E-03 -1.0098622E-03 -7.1356653E-07
  7.8507600E+01  4.7957241E-04  4.0115658E-03 -1.1675421E-03 -1.1646208E-03  2.3945462E-07
  7.8507600E+01  4.0607237E-04  3.8252956E-03 -1.2562527E-03 -1.2575415E-03 -8.5488781E-07
  7.8507600E+01  3.5247559E-04  3.6563648E-03 -1.2558146E-03 -1.2567579E-03  6.5146327E-07
  7.8507600E+01  5.9117720E-04  3.4913881E-03 -1.2135692E-03 -1.2135675E-03  2.3881167E-07
  7.8507600E+01  8.9890202E-04  3.3166144E-03 -1.1633473E-03 -1.1575031E-03 -8.3717727E-07
  7.8507600E+01  1.0697314E-03  3.1261730E-03 -1.1178806E-03 -1.1069269E-03 -1.1996373E-06
  7.8507600E+01  1.1156387E-03  2.9259610E-03 -1.0660703E-03 -1.0581564E-03 -1.0900946E-06
  7.8507600E+01  1.1792612E-03  2.7308476E-03 -9.7942214E-04 -9.7612439E-04 -9.5837598E-07
  7.8507600E+01  1.2970457E-03  2.5547791E-03 -8.3935591E-04 -8.2992194E-04 -5.0880175E-07
  7.8507600E+01  1.3160848E-03  2.4020967E-03 -6.7906163E-04 -6.6918630E-04 -2.4656186E-07
  7.8507600E+01  1.4437092E-03  2.2657074E-03 -5.3901896E-04 -5.3116898E-04  1.0664606E-07
  7.8507600E+01  1.4571507E-03  2.1439856E-03 -4.1931261E-04 -4.1924173E-04  3.9002349E-07
  7.8507600E+01  1.2736658E-03  2.0317914E-03 -3.3334149E-04 -3.3587609E-04  7.2139618E-07
  7.8507600E+01  9.4385460E-04  1.9236589E-03 -2.8979290E-04 -2.9084833E-04  8.6232551E-07
  7.8507600E+01  5.8006558E-04  1.8147962E-03 -2.7358838E-04 -2.7457402E-04  7.1536405E-07
  7.8507600E+01  2.6876291E-04  1.7036184E-03 -2.5670232E-04 -2.6035811E-04  4.0832624E-07
  7.8507600E+01  2.2242211E-05  1.5905765E-03 -2.1526130E-04 -2.1931580E-04  1.6276851E-07
  7.8507600E+01 -1.4734823E-04  1.4783441E-03 -1.3316400E-04 -1.3540035E-04  1.4211402E-07
  7.8507600E+01 -1.5428928E-04  1.3687365E-03 -3.5715878E-05 -3.2025494E-05  7.7477085E-08
  7.8507600E+01 -5.2415676E-05  1.2561831E-03  7.1727835E-05  7.3055770E-05 -9.9023539E-08
  7.8507600E+01  6.4762416E-05  1.1477833E-03  1.5666776E-04  1.5792726E-04 -1.4820323E-07
  7.8507600E+01  1.7661937E-04  1.0459752E-03  2.0624242E-04  2.0655744E-04 -2.3692816E-07
  7.8507600E+01 -1.0347332E-07  0.0000000E+00  0.0000000E+00  3.4289172E-05  3.5746673E-05
  7.8507600E+01 -9.4902714E-02  6.2820037E-02  1.9550218E-01  1.9619206E-01  2.7384481E-05
  7.8507600E+01 -1.1313235E-01 -3.7352704E-02  1.5745289E-01  1.5747299E-01  2.4751347E-05
  7.8507600E+01 -7.0437010E-02 -6.3033509E-02  1.0952946E-01  1.0908452E-01  2.5367173E-05
  7.8507600E+01 -3.8794382E-02 -5.4719544E-02  8.4277498E-02  8.3362224E-02 -3.3430747E-05
  7.8507600E+01 -2.8809320E-02 -4.2348236E-02  7.4398601E-02  7.3412638E-02 -6.8203160E-05
  7.8507600E+01 -3.0564968E-02 -2.9924653E-02  7.1214754E-02  7.0114303E-02 -3.5233283E-05
  7.8507600E+01 -3.6943957E-02 -1.8692471E-02  6.8557829E-02  6.7205131E-02 -3.5947675E-06
  7.8507600E+01 -4.3180795E-02 -8.7549841E-03  6.3048503E-02  6.1943800E-02  2.0666925E-06
  7.8507600E+01 -4.7813146E-02 -6.2213455E-04  5.4738527E-02  5.4379733E-02 -1.1481668E-05
  7.8507600E+01 -4.9304404E-02  5.6607018E-03  4.5270700E-02  4.5849143E-02 -2.5376679E-05
  7.8507600E+01 -4.7245100E-02  1.0524060E-02  3.5593497E-02  3.6502188E-02 -2.6342119E-05
  7.8507600E+01 -4.2160368E-02  1.3741236E-02  2.6466149E-02  2.7204834E-02  1.0355629E-05
  7.8507600E+01 -3.6571091E-02  1.6362532E-02  1.8908685E-02  1.9317612E-02  5.2910226E-05
  7.8507600E+01 -3.1211882E-02  1.9183624E-02  1.2986992E-02  1.3117093E-02  6.3757924E-05
  7.8507600E+01 -2.5274409E-02  2.2011899E-02  7.9099203E-03  7.7724729E-03  3.4317969E-05
  7.8507600E+01 -1.9127157E-02  2.4136434E-02  3.0221442E-03  2.9069613E-03  4.0732931E-06
  7.8507600E+01 -1.3373445E-02  2.5440358E-02 -2.0427314E-03 -2.0743629E-03 -1.1507139E-05
  7.8507600E+01 -8.9593583E-03  2.6091069E-02 -6.1379218E-03 -6.1776865E-03 -1.2897263E-05
  7.8507600E+01 -5.7844131E-03  2.6013077E-02 -8.3711844E-03 -8.4247785E-03 -1.4219423E-05
  7.8507600E+01 -4.1771656E-03  2.5143916E-02 -9.2233440E-03 -9.2164372E-03 -8.1279621E-06
  7.8507600E+01 -1.3074271E-03  2.4343513E-02 -9.2735483E-03 -9.2036447E-03  9.3774610E-06
  7.8507600E+01  3.3736148E-03  2.4318340E-02 -8.8694152E-03 -8.7599168E-03  2.0711055E-05
  7.8507600E+01  5.2575697E-03  2.3861188E-02 -8.3147197E-03 -8.1946760E-03  1.6133871E-05
  7.8507600E+01  5.0738105E-03  2.2327303E-02 -8.1262541E-03 -7.9699150E-03  9.1432855E-06
  7.8507600E+01  6.1812152E-03  2.0468555E-02 -8.2944652E-03 -8.1946042E-03  7.6397351E-06
  7.8507600E+01  7.3302229E-03  1.8835886E-02 -8.5239193E-03 -8.5554341E-03  4.2002847E-06
  7.8507600E+01  8.2679325E-03  1.7260954E-02 -8.8479236E-03 -8.9322283E-03  9.5412175E-06
  7.8507600E+01  9.5291367E-03  1.5885887E-02 -9.3310101E-03 -9.4660372E-03  1.5013680E-05
  7.8507600E+01  1.0629979E-02  1.4776245E-02 -9.5300404E-03 -9.6139361E-03  1.2174019E-05
  7.8507600E+01  1.0469182E-02  1.3795897E-02 -9.0158763E-03 -9.0824151E-03  3.6835232E-06
  7.8507600E+01  8.5446013E-03  1.2769507E-02 -7.7815222E-03 -7.8087218E-03  3.2480134E-06
  7.8507600E+01  5.9986871E-03  1.1809165E-02 -6.5227730E-03 -6.4577792E-03  9.4176193E-06
  7.8507600E+01  4.3832171E-03  1.1138763E-02 -5.5811692E-03 -5.4759311E-03  1.1347164E-05
  7.8507600E+01  3.4946398E-03  1.0777545E-02 -4.8053092E-03 -4.7374147E-03  9.5374434E-06
  7.8507600E+01  2.7386117E-03  1.0547714E-02 -4.0545742E-03 -3.9870167E-03  7.9426364E-06
  7.8507600E+01  1.9931785E-03  1.0284770E-02 -3.3337096E-03 -3.2617194E-03  4.0751900E-06
  7.8507600E+01  1.2307075E-03  9.9519579E-03 -2.6934849E-03 -2.6542323E-03  5.1825068E-07
  7.8507600E+01  1.8343829E-04  9.6075931E-03 -2.1765822E-03 -2.1559068E-03  2.6983067E-06
  7.8507600E+01 -1.0057959E-03  9.2796536E-03 -1.8483614E-03 -1.8343937E-03  5.0716856E-06
  7.8507600E+01 -2.0892939E-03  8.9481293E-03 -1.7078354E-03 -1.7020073E-03  4.1505255E-06
  7.8507600E+01 -2.4515030E-03  8.7864950E-03 -1.7107597E-03 -1.6601898E-03  3.6536196E-06
  7.8507600E+01 -2.4010695E-03  8.8395153E-03 -1.8266599E-03 -1.7805303E-03  3.5338651E-06
  7.8507600E+01 -2.2282716E-03  9.0021194E-03 -2.0177438E-03 -2.0087017E-03  1.5433197E-06
  7.8507600E+01 -1.8800347E-03  9.1295230E-03 -2.2082719E-03 -2.1952352E-03 -4.2639476E-07
  7.8507600E+01 -1.1927227E-03  9.1622363E-03 -2.2705610E-03 -2.2510388E-03 -1.0968175E-06
  7.8507600E+01 -1.3645360E-04  9.1742893E-03 -2.1492219E-03 -2.1227919E-03 -9.1997453E-07
  7.8507600E+01  1.0022943E-03  9.1577099E-03 -1.9401716E-03 -1.9206151E-03 -1.5261238E-06
  7.8507600E+01  1.9348961E-03  9.0846862E-03 -1.8392946E-03 -1.8332857E-03 -1.3409820E-06
  7.8507600E+01  2.2826881E-03  8.9261347E-03 -1.9363452E-03 -1.9454127E-03 -5.5988991E-07
  7.8507600E+01  2.2781914E-03  8.6861430E-03 -2.1867575E-03 -2.2043021E-03  1.0715835E-07
  7.8507600E+01  2.0093290E-03  8.3885979E-03 -2.4739354E-03 -2.5002929E-03  3.1321656E-07
  7.8507600E+01  1.5785803E-03  8.0681531E-03 -2.6712560E-03 -2.6922375E-03  1.0192972E-06
  7.8507600E+01  1.2008327E-03  7.7627691E-03 -2.6903640E-03 -2.6784898E-03  1.4325775E-06
  7.8507600E+01  6.7182269E-04  7.4779005E-03 -2.5299383E-03 -2.5187368E-03  9.6465472E-07
  7.8507600E+01  2.8044438E-04  7.1871324E-03 -2.2247455E-03 -2.2142451E-03  3.9669390E-07
  7.8507600E+01 -3.7827960E-04  6.8498707E-03 -1.8876216E-03 -1.8870878E-03  1.3912687E-07
  7.8507600E+01 -1.1220104E-03  6.4656723E-03 -1.6003972E-03 -1.6050886E-03 -2.1991097E-07
  7.8507600E+01 -1.6609455E-03  6.0741805E-03 -1.3916280E-03 -1.3961788E-03 -1.1296484E-06
  7.8507600E+01 -1.8554387E-03  5.7310619E-03 -1.2647339E-03 -1.2702687E-03 -1.5682796E-06
  7.8507600E+01 -1.6904561E-03  5.4839112E-03 -1.2174291E-03 -1.2266626E-03 -1.4250073E-06
  7.8507600E+01 -1.2899483E-03  5.3374779E-03 -1.2424475E-03 -1.2496753E-03 -9.6610556E-07
  7.8507600E+01 -9.6355137E-04  5.2238549E-03 -1.3012134E-03 -1.3022588E-03  1.3874700E-07
  7.8507600E+01 -8.3348881E-04  5.1054980E-03 -1.3315754E-03 -1.3267020E-03  9.4714811E-07
  7.8507600E+01 -7.8089841E-04  4.9632165E-03 -1.3104235E-03 -1.3044708E-03  1.2164279E-06
  7.8507600E+01 -7.3273955E-04  4.7936118E-03 -1.2736568E-03 -1.2724296E-03  7.9731296E-07
  7.8507600E+01 -7.0476303E-04  4.6002092E-03 -1.2509200E-03 -1.2555207E-03  3.6044042E-07
  7.8507600E+01 -7.0317462E-04  4.3882145E-03 -1.2395299E-03 -1.2456155E-03 -1.3632337E-08
  7.8507600E+01 -6.9970776E-04  4.1629156E-03 -1.2142520E-03 -1.2149855E-03 -2.1895003E-07
  7.8507600E+01 -6.6296982E-04  3.9325591E-03 -1.1546702E-03 -1.1483880E-03  2.5482784E-09
  7.8507600E+01 -5.3341459E-04  3.7183305E-03 -1.0724536E-03 -1.0691937E-03 -1.5251112E-07
  7.8507600E+01 -3.1911711E-04  3.5495802E-03 -9.9792305E-04 -1.0052621E-03 -4.4769842E-07
  7.8507600E+01 -2.6294830E-04  3.3966230E-03 -9.5394323E-04 -9.6404640E-04 -8.3298300E-07
  7.8507600E+01 -1.8580426E-04  3.2499288E-03 -9.4475427E-04 -9.4860635E-04 -7.4804873E-07
  7.8507600E+01 -7.0170161E-05  3.1146184E-03 -9.5388829E-04 -9.5244144E-04 -6.4274231E-07
  7.8507600E+01 -1.0422365E-05  2.9944777E-03 -9.5715078E-04 -9.5406063E-04 -5.3980424E-07
  7.8507600E+01 -1.4281634E-06  2.8844434E-03 -9.3631587E-04 -9.3311662E-04 -3.2004751E-07
  7.8507600E+01  1.3321234E-04  2.7709632E-03 -8.8888666E-04 -8.8673953E-04 -1.0141249E-07
  7.8507600E+01  3.7193574E-04  2.6396353E-03 -8.2927658E-04 -8.2470921E-04  9.1667407E-07
  7.8507600E+01  4.7705910E-04  2.5117442E-03 -7.6783455E-04 -7.6555754E-04  9.5994650E-07
  7.8507600E+01  5.2898486E-04  2.3815545E-03 -7.2034941E-04 -7.2296596E-04  1.2730827E-06
  7.8507600E+01  5.9253064E-04  2.2484173E-03 -6.5418100E-04 -6.5846286E-04  9.9521634E-07
  7.8507600E+01  7.0515531E-04  2.1172693E-03 -5.7134104E-04 -5.7558228E-04  5.4654013E-07
  7.8507600E+01  8.0660643E-04  1.9951082E-03 -4.9522718E-04 -4.9860884E-04  4.7917093E-07
  7.8507600E+01  8.4190601E-04  1.8883440E-03 -4.4915947E-04 -4.5132068E-04  7.6095909E-07
  7.8507600E+01  8.5875033E-04  1.7993719E-03 -4.4025535E-04 -4.4241463E-04  9.6601958E-07
  7.8507600E+01  9.4521297E-04  1.7236168E-03 -4.5742392E-04 -4.6157528E-04  1.1188015E-06
  7.8507600E+01  1.0078508E-03  1.6505105E-03 -4.7492099E-04 -4.8267394E-04  1.1357132E-06
  7.8507600E+01  8.4007285E-04  1.5668819E-03 -4.6580493E-04 -4.7535288E-04  1.0422924E-06
  7.8507600E+01  6.4592704E-04  1.4715449E-03 -4.1880877E-04 -4.2225682E-04  8.8366704E-07
  7.8507600E+01  4.8189163E-04  1.3697959E-03 -3.2560095E-04 -3.2288155E-04  4.1097075E-07
  7.8507600E+01  3.2094255E-04  1.2662000E-03 -1.9673514E-04 -1.9148103E-04  1.1856426E-07
  7.8507600E+01  1.9815917E-04  1.1641458E-03 -5.2875047E-05 -4.8155065E-05  8.9279356E-08
  7.8507600E+01  1.4201955E-04  1.0653999E-03  7.9500287E-05  8.3822516E-05  1.8387881E-07
  7.8507600E+01  1.1109742E-04  9.7042778E-04  1.7407131E-04  1.7991913E-04  3.5748038E-07
  7.8507600E+01  1.5587708E-04  8.8024736E-04  2.1849064E-04  2.2098309E-04 -1.1427142E-07
  7.8507600E+01  2.1870579E-04  7.9686192E-04  2.1535207E-04  2.1769580E-04 -1.0891638E-08
  7.8507600E+01  2.5477764E-04  7.1859917E-04  1.6882155E-04  1.6993462E-04 -3.6498925E-07
  7.8507600E+01  2.3565515E-04  6.4617116E-04  9.3091393E-05  9.7326716E-05 -4.9041232E-07
  7.8507600E+01  1.9816974E-04  5.8082357E-04  1.1455637E-05  1.4171992E-05 -4.7956809E-07
  7.8507600E+01  5.3293142E-09 -2.9737075E-12  4.8947340E-06  8.1973132E-06  3.3125641E-06
  7.8507600E+01 -5.1270885E-03  1.0146403E-03  4.2309368E-02  4.2221495E-02  5.2691726E-06
  7.8507600E+01 -2.6371785E-03  2.7452716E-03  2.5983003E-02  2.5623523E-02 -2.7743319E-06
  7.8507600E+01  1.3503311E-02  2.9612908E-02 -1.8904756E-03 -2.8034811E-03 -7.4617565E-06
  7.8507600E+01  2.0195435E-02  8.7550691E-02 -2.9493766E-02 -3.0202266E-02 -2.3008644E-05
  7.8507600E+01  3.7881387E-03  1.4882387E-01 -5.0425532E-02 -5.0431129E-02 -2.8726145E-05
  7.8507600E+01 -1.6331209E-02  1.6843161E-01 -5.7689612E-02 -5.7427046E-02 -1.1915295E-05
  7.8507600E+01 -2.2383755E-02  1.3974789E-01 -5.3630325E-02 -5.3485533E-02 -3.1776483E-06
  7.8507600E+01 -1.8762602E-02  9.4779623E-02 -4.5450913E-02 -4.5223377E-02 -6.1198726E-06
  7.8507600E+01 -1.5589312E-02  5.8933888E-02 -3.7008523E-02 -3.6602373E-02 -1.1948158E-05
  7.8507600E+01 -1.7520091E-02  3.7495725E-02 -2.9460816E-02 -2.8926863E-02 -2.4633001E-06
  7.8507600E+01 -2.3386224E-02  2.6673316E-02 -2.2634357E-02 -2.2144719E-02  6.5881226E-06
  7.8507600E+01 -2.9374496E-02  2.2372358E-02 -1.6315015E-02 -1.6059801E-02  4.0755722E-06
  7.8507600E+01 -3.3630206E-02  2.1747289E-02 -1.0963182E-02 -1.0909201E-02  1.5356918E-06
  7.8507600E+01 -3.6245594E-02  2.2680687E-02 -6.8889611E-03 -6.8646089E-03  1.6773750E-06
  7.8507600E+01 -3.8159093E-02  2.3583713E-02 -3.7583486E-03 -3.6777709E-03 -6.3094758E-07
  7.8507600E+01 -3.9455319E-02  2.4008367E-02 -8.9124988E-04 -6.9888462E-04  2.3178540E-06
  7.8507600E+01 -4.0710962E-02  2.3841562E-02  1.5505786E-03  1.8089204E-03  2.1006790E-06
  7.8507600E+01 -4.1866096E-02  2.3192938E-02  2.8035160E-03  3.0505689E-03  4.8958113E-07
  7.8507600E+01 -4.1928495E-02  2.2473158E-02  2.6406279E-03  2.8117541E-03  7.7854302E-06
  7.8507600E+01 -3.8925296E-02  2.1932649E-02  1.1211141E-03  1.2174845E-03  1.7374560E-05
  7.8507600E+01 -3.3953934E-02  2.1460332E-02 -1.6052803E-03 -1.5936264E-03  1.1315831E-05
  7.8507600E+01 -2.9479231E-02  2.1169733E-02 -4.9179803E-03 -4.9547980E-03  7.0778215E-06
  7.8507600E+01 -2.5631151E-02  2.0978514E-02 -7.6180283E-03 -7.6512364E-03  1.5994507E-05
  7.8507600E+01 -2.1603891E-02  2.0657444E-02 -8.8692318E-03 -8.9890214E-03  2.9889547E-05
  7.8507600E+01 -1.6932815E-02  2.0196094E-02 -8.8904293E-03 -9.0872816E-03  3.6385865E-05
  7.8507600E+01 -1.2436840E-02  1.9694706E-02 -8.2863497E-03 -8.3887533E-03  3.2534611E-05
  7.8507600E+01 -9.3531056E-03  1.8784992E-02 -7.0756840E-03 -7.0404469E-03  2.4846553E-05
  7.8507600E+01 -6.5820620E-03  1.7416355E-02 -5.4904618E-03 -5.3704435E-03  2.1593162E-05
  7.8507600E+01 -3.2500682E-03  1.5848310E-02 -4.1237408E-03 -3.8289432E-03  1.9556381E-05
  7.8507600E+01 -1.4784024E-04  1.4440362E-02 -3.2314787E-03 -3.0493859E-03  1.3149093E-05
  7.8507600E+01  1.7137047E-03  1.3361823E-02 -2.8086576E-03 -2.8337603E-03  8.1418320E-06
  7.8507600E+01  2.2482692E-03  1.2420235E-02 -2.8497299E-03 -3.0111654E-03  6.5070452E-06
  7.8507600E+01  1.4485815E-03  1.1560731E-02 -2.6912476E-03 -2.7394513E-03  1.2115475E-05
  7.8507600E+01  4.1831160E-04  1.0630121E-02 -2.2204306E-03 -2.2882590E-03  1.3475608E-05
  7.8507600E+01  6.0087196E-04  9.7238920E-03 -1.6484509E-03 -1.6797301E-03  4.3489129E-06
  7.8507600E+01  1.6790255E-03  9.0167259E-03 -1.1653411E-03 -1.1838575E-03 -4.2617833E-06
  7.8507600E+01  2.5415326E-03  8.5250699E-03 -7.8400613E-04 -8.9054070E-04 -4.3932949E-06
  7.8507600E+01  2.8532359E-03  8.0834269E-03 -5.0595523E-04 -5.3852389E-04 -5.2820925E-06
  7.8507600E+01  2.7359109E-03  7.7114582E-03 -4.8100608E-04 -4.5507533E-04 -4.6570530E-06
  7.8507600E+01  1.8669901E-03  7.6323311E-03 -7.6509419E-04 -6.5664933E-04 -4.8964672E-07
  7.8507600E+01  6.0940344E-04  7.6072906E-03 -1.1494477E-03 -1.0445925E-03  1.1522280E-06
  7.8507600E+01 -3.5128274E-04  7.4758990E-03 -1.2787587E-03 -1.2127228E-03  1.0982657E-07
  7.8507600E+01 -5.4436863E-04  7.2787213E-03 -1.1493096E-03 -1.1201864E-03 -2.1626610E-06
  7.8507600E+01 -1.6223286E-04  7.1676272E-03 -1.0095980E-03 -9.9066379E-04 -4.1551025E-06
  7.8507600E+01  7.8591660E-05  7.2381025E-03 -1.0106529E-03 -9.6618666E-04 -2.0907384E-06
  7.8507600E+01 -2.5867636E-04  7.3690071E-03 -1.0340378E-03 -9.8639658E-04 -2.0810593E-06
  7.8507600E+01 -1.0626050E-03  7.4123517E-03 -9.6349023E-04 -9.2200222E-04  1.5866723E-07
  7.8507600E+01 -1.7480697E-03  7.4193885E-03 -7.9516385E-04 -7.6482030E-04 -4.0923215E-07
  7.8507600E+01 -1.8767314E-03  7.4181692E-03 -7.1694223E-04 -6.7991130E-04  2.8072275E-07
  7.8507600E+01 -1.5030910E-03  7.4042307E-03 -8.2008839E-04 -7.8435030E-04  3.8005115E-07
  7.8507600E+01 -9.8602740E-04  7.3503657E-03 -1.0476489E-03 -1.0407000E-03  2.6842186E-07
  7.8507600E+01 -6.7276113E-04  7.2198634E-03 -1.2787616E-03 -1.3086416E-03  3.5449422E-07
  7.8507600E+01 -5.3574884E-04  6.9959946E-03 -1.4588402E-03 -1.4978407E-03  6.7419075E-07
  7.8507600E+01 -1.0084158E-04  6.7423582E-03 -1.6202596E-03 -1.6720532E-03  1.1779901E-06
  7.8507600E+01  1.3894981E-04  6.5657923E-03 -1.7648959E-03 -1.7701545E-03  1.8776092E-06
  7.8507600E+01  3.1786750E-05  6.4000575E-03 -1.8349632E-03 -1.8220410E-03  2.1008243E-06
  7.8507600E+01 -2.2045918E-04  6.2013679E-03 -1.7921935E-03 -1.7828145E-03  1.4692442E-06
  7.8507600E+01 -3.9469264E-04  5.9636713E-03 -1.6430319E-03 -1.6374826E-03  9.7558331E-07
  7.8507600E+01 -4.3570963E-04  5.6956975E-03 -1.4256589E-03 -1.4232872E-03  7.4378380E-07
  7.8507600E+01 -4.6070949E-04  5.4066875E-03 -1.2061898E-03 -1.2026045E-03  7.5829592E-07
  7.8507600E+01 -4.9981445E-04  5.1086209E-03 -1.0583410E-03 -1.0459032E-03  6.0321368E-07
  7.8507600E+01 -3.7487385E-04  4.8436465E-03 -1.0265682E-03 -1.0173745E-03  3.9754343E-08
  7.8507600E+01 -1.2889590E-04  4.6533482E-03 -1.0727121E-03 -1.0738517E-03 -4.3105295E-07
  7.8507600E+01  6.8128595E-06  4.5255450E-03 -1.1592817E-03 -1.1547826E-03  4.1485986E-08
  7.8507600E+01  2.3531682E-05  4.4199821E-03 -1.2667565E-03 -1.2551276E-03  1.1189455E-06
  7.8507600E+01 -3.5789727E-05  4.3027477E-03 -1.3689321E-03 -1.3610379E-03  1.8670117E-06
  7.8507600E+01 -2.0011769E-04  4.1601497E-03 -1.4350712E-03 -1.4313700E-03  2.1884045E-06
  7.8507600E+01 -4.6026266E-04  3.9993989E-03 -1.4432119E-03 -1.4362559E-03  2.1749640E-06
  7.8507600E+01 -6.7706267E-04  3.8383666E-03 -1.3994169E-03 -1.3942086E-03  1.5371101E-06
  7.8507600E+01 -7.0732814E-04  3.6813517E-03 -1.3366888E-03 -1.3379002E-03  6.5707768E-07
  7.8507600E+01 -7.4624623E-04  3.5174724E-03 -1.2441071E-03 -1.2511415E-03 -3.6831285E-07
  7.8507600E+01 -7.1232547E-04  3.3325098E-03 -1.1478572E-03 -1.1517399E-03 -6.6243120E-07
  7.8507600E+01 -5.3417987E-04  3.1398268E-03 -1.0322794E-03 -1.0336438E-03 -9.3133857E-07
  7.8507600E+01 -2.9926819E-04  2.9613809E-03 -8.9513587E-04 -8.9701689E-04 -1.1254079E-06
  7.8507600E+01 -9.4959637E-05  2.8094933E-03 -7.5330832E-04 -7.5483989E-04 -7.5440759E-07
  7.8507600E+01  2.5004526E-05  2.6815914E-03 -6.3665993E-04 -6.3660428E-04 -4.3490047E-08
  7.8507600E+01  5.3420125E-05  2.5670044E-03 -5.7360946E-04 -5.7649437E-04  2.4214402E-08
  7.8507600E+01  1.3044949E-04  2.4603165E-03 -5.6775936E-04 -5.6911434E-04  7.7011103E-07
  7.8507600E+01  1.4006400E-04  2.3630671E-03 -5.8646675E-04 -5.9664985E-04 -2.1304704E-07
  7.8507600E+01  1.4064996E-04  2.2601380E-03 -5.9349248E-04 -6.0065897E-04  3.5742429E-08
  7.8507600E+01  2.2782347E-04  2.1505004E-03 -5.6789412E-04 -5.7466834E-04 -1.9914046E-07
  7.8507600E+01  3.4446007E-04  2.0438329E-03 -5.1289350E-04 -5.2008582E-04 -4.5175412E-07
  7.8507600E+01  3.9070282E-04  1.9478545E-03 -4.4527395E-04 -4.5311401E-04 -5.9954513E-07
  7.8507600E+01  3.4320089E-04  1.8620225E-03 -3.8320043E-04 -3.9316107E-04 -9.4933203E-07
  7.8507600E+01  3.0826036E-04  1.7777758E-03 -3.3839839E-04 -3.4787374E-04 -1.1351612E-06
  7.8507600E+01  3.9571140E-04  1.6860569E-03 -3.1891045E-04 -3.2039020E-04 -5.1352214E-07
  7.8507600E+01  4.6907695E-04  1.5920997E-03 -3.3863817E-04 -3.3469136E-04  7.0230928E-08
  7.8507600E+01  4.7443271E-04  1.5152791E-03 -3.8922758E-04 -3.8503834E-04  6.6063953E-07
  7.8507600E+01  4.6668311E-04  1.4490234E-03 -4.5688939E-04 -4.5229323E-04  6.9071843E-07
  7.8507600E+01  5.6884662E-04  1.3843333E-03 -5.0196328E-04 -4.9987277E-04  7.0310570E-07
  7.8507600E+01  7.3668011E-04  1.3138993E-03 -4.9052778E-04 -4.9573862E-04  6.4442681E-07
  7.8507600E+01  8.3565157E-04  1.2343566E-03 -4.1364287E-04 -4.2283556E-04  6.7392517E-07
  7.8507600E+01  7.6886143E-04  1.1466195E-03 -2.9002602E-04 -2.9412036E-04  9.2383658E-07
  7.8507600E+01  5.7247496E-04  1.0543281E-03 -1.5313457E-04 -1.5009903E-04  1.0614888E-06
  7.8507600E+01  3.9802780E-04  9.6160897E-04 -2.5307765E-05 -1.8506736E-05  5.0365152E-07
  7.8507600E+01  1.1191295E-04  8.6614992E-04  7.7851418E-05  8.2455120E-05  3.8793957E-07
  7.8507600E+01  1.7864076E-05  7.7373253E-04  1.5478890E-04  1.5723154E-04  6.8890671E-08
  7.8507600E+01  5.2832690E-05  6.8780244E-04  1.8420165E-04  1.8503745E-04 -2.5772239E-08
  7.8507600E+01  8.4631641E-05  6.1043238E-04  1.6461238E-04  1.6603724E-04 -1.6162226E-07
