          atime        pres_st        turb_df           diss        visc_df        garbage
  7.8507600E+01  6.1452830E-05 -2.7803761E-07 -3.3938581E-01  3.3968893E-01 -2.3528075E-11
  7.8507600E+01  2.0219730E-05  1.5848451E-02 -1.6164331E-01 -1.0959834E-01  1.8524759E-01
  7.8507600E+01  5.8257597E-05 -3.6098608E-02 -6.2301650E-02 -7.6845998E-02  7.8714057E-02
  7.8507600E+01 -5.9892621E-05 -1.3337085E-02 -5.0990158E-02 -6.3142677E-03 -1.2100950E-02
  7.8507600E+01  4.5151203E-05 -1.0797199E-02 -4.5311470E-02  2.6859234E-04 -3.0288867E-02
  7.8507600E+01 -1.6650666E-06 -1.0426734E-02 -4.0895849E-02  1.5842444E-04 -3.0892571E-02
  7.8507600E+01 -1.0937822E-05 -7.2880869E-03 -3.8084709E-02  8.9311283E-04 -2.6480835E-02
  7.8507600E+01  5.4426535E-06 -8.8963084E-03 -3.5994003E-02  1.5874639E-03 -2.1987154E-02
  7.8507600E+01 -1.1832573E-05 -1.2638394E-02 -3.4148956E-02  1.4077944E-03 -1.7553739E-02
  7.8507600E+01 -1.8354474E-05 -1.5903204E-02 -3.2687227E-02  1.6143693E-03 -1.3773281E-02
  7.8507600E+01 -1.7891350E-05 -2.1263792E-02 -3.1448313E-02  1.9234139E-03 -1.0853167E-02
  7.8507600E+01 -9.6843224E-06 -2.5927567E-02 -3.0083768E-02  8.2605022E-04 -8.6874875E-03
  7.8507600E+01  9.4387039E-06 -2.7104635E-02 -2.8882687E-02 -8.0009207E-05 -7.0424245E-03
  7.8507600E+01  3.3533498E-05 -2.6085234E-02 -2.7879288E-02 -3.7277050E-04 -5.4496492E-03
  7.8507600E+01  4.3099576E-05 -2.4256301E-02 -2.7103731E-02 -3.7507521E-04 -3.4612986E-03
  7.8507600E+01  3.4407501E-05 -2.2722545E-02 -2.6513132E-02  3.6879118E-05 -9.3506506E-04
  7.8507600E+01  2.1436896E-05 -2.0879702E-02 -2.5675648E-02 -7.6815675E-05  1.5684543E-03
  7.8507600E+01  1.2340670E-05 -1.7717567E-02 -2.4642608E-02 -2.1879623E-04  3.4804634E-03
  7.8507600E+01  6.2275462E-06 -1.4685445E-02 -2.3611042E-02  1.2113901E-04  4.7038623E-03
  7.8507600E+01  1.0114300E-06 -1.1637985E-02 -2.2397624E-02  1.7733896E-04  5.4571449E-03
  7.8507600E+01 -4.8918658E-06 -7.9326583E-03 -2.1310343E-02  7.8335484E-05  6.2700647E-03
  7.8507600E+01 -6.9792676E-06 -3.8583474E-03 -2.0507813E-02 -7.4620155E-05  7.2198376E-03
  7.8507600E+01 -2.8106211E-06 -6.4975798E-04 -1.9877433E-02  5.6883351E-05  7.8875633E-03
  7.8507600E+01  5.6384531E-06  1.1742820E-03 -1.9103593E-02  3.0265807E-05  7.9690027E-03
  7.8507600E+01  1.2934251E-05  2.7884220E-03 -1.8125120E-02 -5.9752563E-04  7.6341862E-03
  7.8507600E+01  1.1287930E-05  4.7999000E-03 -1.7383956E-02 -1.0974380E-03  7.4691252E-03
  7.8507600E+01  5.1257169E-06  5.9843519E-03 -1.6968889E-02 -5.2135538E-04  7.7187020E-03
  7.8507600E+01  5.1224781E-06  6.3855445E-03 -1.6457965E-02 -1.0464691E-04  7.8443886E-03
  7.8507600E+01  1.8627681E-06  5.4960168E-03 -1.5954386E-02  2.6705445E-04  7.6708061E-03
  7.8507600E+01  2.2987517E-06  3.8538311E-03 -1.5384570E-02  4.2531158E-04  7.2148459E-03
  7.8507600E+01  3.7339622E-06  3.2037013E-03 -1.4745518E-02  2.5482127E-04  6.5874000E-03
  7.8507600E+01  5.5116641E-06  3.8882558E-03 -1.4092208E-02  9.5788924E-06  5.9789035E-03
  7.8507600E+01  5.5348450E-06  3.8178278E-03 -1.3418066E-02  2.3880753E-05  5.6033917E-03
  7.8507600E+01  5.8919603E-06  3.6017864E-03 -1.2773714E-02  2.8355840E-05  5.4109126E-03
  7.8507600E+01  6.4386731E-06  4.0735426E-03 -1.2249232E-02  1.2888314E-05  5.3840700E-03
  7.8507600E+01  5.9867994E-06  5.1006918E-03 -1.1826243E-02  5.8548628E-06  5.4565002E-03
  7.8507600E+01  2.9835485E-06  6.0810117E-03 -1.1438594E-02 -5.5614194E-05  5.5978871E-03
  7.8507600E+01 -9.9057201E-07  6.5714250E-03 -1.1082160E-02 -1.5070469E-04  5.8237297E-03
  7.8507600E+01 -3.6895016E-06  6.9574335E-03 -1.0763811E-02 -3.9032272E-05  6.1321713E-03
  7.8507600E+01 -3.8961705E-06  6.8321951E-03 -1.0420650E-02  2.3004760E-04  6.4181724E-03
  7.8507600E+01 -1.5191909E-06  5.6603553E-03 -1.0048939E-02  2.5521055E-04  6.5823587E-03
  7.8507600E+01  1.7493043E-06  4.5075153E-03 -9.7349125E-03  1.4072899E-04  6.6780706E-03
  7.8507600E+01  3.2319302E-06  3.7644276E-03 -9.4128498E-03 -7.5497199E-05  6.7318232E-03
  7.8507600E+01  2.7522179E-06  3.2490045E-03 -9.0955701E-03 -2.1841058E-04  6.7245522E-03
  7.8507600E+01  1.2150979E-06  2.8754824E-03 -8.8286514E-03 -1.6723693E-04  6.6310592E-03
  7.8507600E+01  8.7066455E-08  2.8387883E-03 -8.5573666E-03 -3.5415999E-05  6.4630060E-03
  7.8507600E+01  1.1056906E-06  2.6934501E-03 -8.2538754E-03 -1.1289397E-04  6.2931371E-03
  7.8507600E+01  7.8152656E-07  3.3592587E-03 -8.0238842E-03 -7.3112030E-05  6.1649211E-03
  7.8507600E+01  1.5578586E-06  3.2170575E-03 -7.8118917E-03  2.0949919E-06  6.0456460E-03
  7.8507600E+01  1.9309257E-06  2.8739708E-03 -7.6142082E-03  2.4462277E-05  5.9287362E-03
  7.8507600E+01  2.1428367E-06  2.9947811E-03 -7.4309969E-03  1.6109496E-05  5.8236217E-03
  7.8507600E+01  1.3644482E-06  3.3726604E-03 -7.2639444E-03  3.0785088E-05  5.7271275E-03
  7.8507600E+01  8.4949982E-08  3.5300735E-03 -7.1052071E-03  9.2741297E-05  5.6106301E-03
  7.8507600E+01 -5.7975903E-07  3.3185118E-03 -6.9267020E-03  1.9439484E-04  5.4325293E-03
  7.8507600E+01 -8.5162431E-07  2.8246777E-03 -6.7141047E-03  3.0137048E-04  5.1854032E-03
  7.8507600E+01 -1.1118561E-06  2.4094388E-03 -6.4738381E-03  3.3903452E-04  4.9080121E-03
  7.8507600E+01 -1.1042941E-06  2.4519340E-03 -6.2387515E-03  3.6668559E-04  4.6590693E-03
  7.8507600E+01 -1.0555678E-06  2.4415057E-03 -6.0144953E-03  3.3549677E-04  4.4548527E-03
  7.8507600E+01 -1.5251452E-06  2.2953932E-03 -5.7955246E-03  2.3104040E-04  4.2875316E-03
  7.8507600E+01 -1.7753834E-06  2.3423434E-03 -5.5910938E-03  9.8985763E-05  4.1441816E-03
  7.8507600E+01 -1.1841782E-06  2.5199653E-03 -5.4154112E-03  5.8135300E-06  4.0115501E-03
  7.8507600E+01 -3.8398100E-07  2.3568975E-03 -5.2616340E-03  6.4420387E-06  3.8792481E-03
  7.8507600E+01  6.4061194E-07  2.7457290E-03 -5.1026298E-03  5.5572667E-05  3.7456828E-03
  7.8507600E+01  9.1140878E-07  2.7662805E-03 -4.9196432E-03  5.8630022E-05  3.6019272E-03
  7.8507600E+01  8.2703480E-07  2.6291961E-03 -4.7521319E-03  7.9589481E-05  3.4710652E-03
  7.8507600E+01  7.2989674E-07  2.6269256E-03 -4.6089039E-03  1.0545982E-04  3.3640040E-03
  7.8507600E+01  4.8205869E-07  2.6349478E-03 -4.4812641E-03  1.1128545E-04  3.2730588E-03
  7.8507600E+01 -7.2236147E-08  2.4232793E-03 -4.3632647E-03  8.9025535E-05  3.1794950E-03
  7.8507600E+01 -7.5928395E-07  1.9359908E-03 -4.2495261E-03  5.9915665E-05  3.0632979E-03
  7.8507600E+01 -1.0362131E-06  1.4898699E-03 -4.1262797E-03  3.1049794E-05  2.9141462E-03
  7.8507600E+01 -7.2788407E-07  1.7972622E-03 -3.9860551E-03 -8.4771496E-05  2.7436549E-03
  7.8507600E+01 -2.9243896E-07  1.4964881E-03 -3.8812288E-03 -1.0678334E-04  2.5804510E-03
  7.8507600E+01 -1.3501521E-07  1.5428973E-03 -3.7932664E-03 -9.3307012E-05  2.4369981E-03
  7.8507600E+01 -2.2411670E-07  1.6839193E-03 -3.7099307E-03 -8.3135145E-05  2.3145227E-03
  7.8507600E+01 -3.2053932E-07  1.5308269E-03 -3.6225083E-03 -9.7481669E-05  2.2091587E-03
  7.8507600E+01 -3.9662034E-07  1.4599904E-03 -3.5293281E-03 -1.4304049E-04  2.1159101E-03
  7.8507600E+01 -3.2635687E-07  1.7523949E-03 -3.4348023E-03 -1.9513367E-04  2.0289574E-03
  7.8507600E+01  1.1481987E-07  1.8015722E-03 -3.3425688E-03 -2.0177202E-04  1.9412301E-03
  7.8507600E+01 -9.7998850E-08  1.2290549E-03 -3.2476036E-03 -1.4570627E-04  1.8524033E-03
  7.8507600E+01  5.4909092E-07  1.7792867E-03 -3.1590161E-03 -1.0174764E-04  1.7700432E-03
  7.8507600E+01  2.7730747E-07  1.8629173E-03 -3.0740890E-03 -9.4796383E-05  1.7000138E-03
  7.8507600E+01  2.6201185E-07  1.9786617E-03 -3.0004802E-03 -9.0664420E-05  1.6399584E-03
  7.8507600E+01  3.2081218E-07  2.4052203E-03 -2.9367111E-03 -5.7944623E-05  1.5799438E-03
  7.8507600E+01  2.2172020E-07  2.5363288E-03 -2.8790865E-03 -7.7330736E-06  1.5115733E-03
  7.8507600E+01  2.9585302E-08  2.0343551E-03 -2.8249640E-03  3.1733628E-05  1.4353026E-03
  7.8507600E+01 -2.2396883E-07  1.7834757E-03 -2.7706181E-03  5.3865484E-05  1.3606809E-03
  7.8507600E+01 -4.5128217E-07  2.6897447E-03 -2.7095451E-03  7.4576100E-05  1.2969863E-03
  7.8507600E+01 -1.5781958E-07  2.6205044E-03 -2.6428693E-03  6.4068152E-05  1.2357641E-03
  7.8507600E+01  1.9129089E-07  2.3312828E-03 -2.5785041E-03  6.6434603E-05  1.1717658E-03
  7.8507600E+01  5.2492617E-07  2.1168602E-03 -2.5216712E-03  8.6591078E-05  1.1040823E-03
  7.8507600E+01  5.9882910E-07  1.9841900E-03 -2.4716156E-03  1.2032200E-04  1.0335070E-03
  7.8507600E+01  5.9444914E-07  1.8295594E-03 -2.4212295E-03  1.5603718E-04  9.5932737E-04
  7.8507600E+01  5.1926201E-07  1.8562722E-03 -2.3682265E-03  1.7697671E-04  8.8166461E-04
  7.8507600E+01  1.8270633E-07  2.0739693E-03 -2.3148145E-03  1.8157310E-04  8.0105205E-04
  7.8507600E+01 -4.0785530E-07  1.9970076E-03 -2.2625398E-03  1.8899688E-04  7.1897034E-04
  7.8507600E+01 -3.8598872E-07  1.6438998E-03 -2.2057708E-03  1.9963459E-04  6.3812908E-04
  7.8507600E+01 -6.7445201E-07  1.3271270E-03 -2.1470444E-03  1.5384475E-04  5.6349459E-04
  7.8507600E+01 -4.3442673E-07  1.5729379E-03 -2.0972415E-03  1.1805853E-04  5.0060008E-04
  7.8507600E+01 -3.5541522E-07  1.6247479E-03 -2.0596619E-03  1.0099809E-04  4.4852287E-04
  7.8507600E+01 -2.5641490E-07  1.5256737E-03 -2.0279836E-03  8.7714712E-05  4.0522524E-04
  7.8507600E+01 -9.0251652E-07  2.2882790E-12 -1.6824760E-02  1.6813619E-02  1.4462107E-13
  7.8507600E+01 -9.1587872E-07  4.9179841E-05 -5.9993746E-03  5.6833902E-04  6.0815926E-05
  7.8507600E+01 -4.8628477E-07  3.5966361E-04 -3.6957107E-03 -1.3148363E-03  3.6956395E-04
  7.8507600E+01 -2.9707429E-07  7.8113496E-04 -3.4542460E-03 -9.0171294E-04  9.2487763E-04
  7.8507600E+01  2.1319958E-06  1.1230079E-03 -4.6501772E-03  4.5671791E-04  1.3462581E-03
  7.8507600E+01  3.3152188E-06  1.8333573E-03 -8.1797725E-03  3.6531097E-03  1.5494293E-03
  7.8507600E+01  5.3138866E-06  4.5756601E-03 -1.6000714E-02  9.7242521E-03  3.9175661E-03
  7.8507600E+01 -5.5556949E-06  9.5862202E-03 -2.9195618E-02  1.6101300E-02  1.7523335E-02
  7.8507600E+01 -3.1254032E-06  3.2779702E-03 -4.4344798E-02  1.2905602E-02  6.0091146E-02
  7.8507600E+01  1.1420059E-05 -3.2990279E-02 -5.9029932E-02  1.6315115E-03  1.3173953E-01
  7.8507600E+01  1.7850756E-05 -6.0967634E-02 -6.7067814E-02 -1.5171492E-02  1.7657571E-01
  7.8507600E+01  2.9721353E-06 -3.8923029E-02 -6.1786540E-02 -2.4859126E-02  1.4989836E-01
  7.8507600E+01 -7.9899046E-07 -4.2882437E-04 -5.1717297E-02 -1.2799295E-02  9.0959200E-02
  7.8507600E+01  1.0322901E-06  1.7582648E-02 -4.2435643E-02  2.6378157E-05  4.5992355E-02
  7.8507600E+01  5.9795304E-06  1.8305474E-02 -3.5433697E-02  3.1854341E-03  2.1975513E-02
  7.8507600E+01  4.3755400E-06  1.0709203E-02 -3.1431490E-02  3.3759603E-03  1.0872728E-02
  7.8507600E+01  6.7763208E-07  1.4808531E-03 -2.9157348E-02  2.7549030E-03  6.2202154E-03
  7.8507600E+01 -7.6622907E-06 -5.5673023E-03 -2.8175611E-02  2.5436005E-03  4.8246268E-03
  7.8507600E+01 -1.5087102E-05 -1.0128831E-02 -2.7522383E-02  2.3911009E-03  4.8272018E-03
  7.8507600E+01 -1.4873628E-05 -1.1314291E-02 -2.6458046E-02  1.0082835E-03  5.1541452E-03
  7.8507600E+01 -3.9829182E-06 -1.2173343E-02 -2.5526729E-02  6.2629646E-04  5.4648396E-03
  7.8507600E+01  8.6506336E-06 -1.3538064E-02 -2.4624411E-02  7.6659325E-04  5.8190642E-03
  7.8507600E+01  1.1097788E-05 -1.4558415E-02 -2.3747149E-02  5.4522939E-04  6.3127011E-03
  7.8507600E+01  7.3427834E-06 -1.4785628E-02 -2.3015393E-02  4.2968799E-06  6.9777849E-03
  7.8507600E+01  2.3289942E-06 -1.3851285E-02 -2.2378417E-02 -4.2574375E-04  7.8580019E-03
  7.8507600E+01  7.4602667E-07 -1.3122454E-02 -2.1717248E-02 -4.9256855E-04  8.7138910E-03
  7.8507600E+01  6.3391843E-07 -1.1853651E-02 -2.0917116E-02 -6.3262332E-04  9.1024586E-03
  7.8507600E+01 -1.4633840E-06 -1.0168664E-02 -2.0196457E-02 -1.9903017E-04  9.1588451E-03
  7.8507600E+01 -3.6590413E-06 -8.6436222E-03 -1.9515362E-02  7.3492923E-06  9.1910564E-03
  7.8507600E+01 -2.6534930E-06 -7.1062065E-03 -1.8866417E-02 -1.2795487E-04  9.4589821E-03
  7.8507600E+01  3.6424422E-06 -5.9208855E-03 -1.8337700E-02 -6.9367953E-05  9.9640551E-03
  7.8507600E+01  1.0962675E-05 -5.1425116E-03 -1.7878033E-02  1.5568987E-04  1.0406946E-02
  7.8507600E+01  1.6049682E-05 -3.7454975E-03 -1.7291240E-02 -1.3976793E-04  1.0451684E-02
  7.8507600E+01  1.6634588E-05 -1.7471345E-03 -1.6602561E-02 -7.1518669E-04  1.0137765E-02
  7.8507600E+01  1.4033922E-05 -1.2279515E-03 -1.6048209E-02 -6.6148833E-04  9.8268428E-03
  7.8507600E+01  6.9782537E-06 -5.8508312E-04 -1.5545162E-02 -2.9358956E-04  9.5740023E-03
  7.8507600E+01 -1.2962846E-06  8.2893634E-04 -1.5015692E-02  6.8814569E-05  9.2848228E-03
  7.8507600E+01 -8.8022605E-06  1.9614274E-03 -1.4526323E-02  3.9965093E-04  8.9161650E-03
  7.8507600E+01 -1.1771595E-05  2.3694126E-03 -1.4068142E-02  7.1597598E-04  8.5239433E-03
  7.8507600E+01 -9.0504402E-06  2.3641184E-03 -1.3551170E-02  7.6124534E-04  8.1391230E-03
  7.8507600E+01 -5.5779522E-06  2.6402603E-03 -1.2957756E-02  4.9858702E-04  7.6654899E-03
  7.8507600E+01 -2.6910306E-06  3.8011886E-03 -1.2386755E-02  1.8293522E-04  7.2222851E-03
  7.8507600E+01  3.1851752E-06  3.7822377E-03 -1.1913960E-02  7.6297874E-05  6.9069356E-03
  7.8507600E+01  7.8470778E-06  2.7765600E-03 -1.1520909E-02  1.0808735E-04  6.7478182E-03
  7.8507600E+01  6.0136693E-06  2.3002577E-03 -1.1168333E-02  8.4242475E-05  6.7385228E-03
  7.8507600E+01  4.3297562E-06  2.4080637E-03 -1.0820078E-02  8.7866587E-06  6.8565089E-03
  7.8507600E+01  1.3439252E-06  2.9332398E-03 -1.0393877E-02  5.9113788E-05  7.0294969E-03
  7.8507600E+01  2.1039401E-06  3.6629013E-03 -9.9697353E-03 -3.1614835E-05  7.1997604E-03
  7.8507600E+01 -1.1463787E-06  4.0721871E-03 -9.5992961E-03 -1.5554451E-04  7.3331121E-03
  7.8507600E+01 -1.4782323E-06  4.0983886E-03 -9.2838972E-03 -2.0643623E-04  7.3786768E-03
  7.8507600E+01  1.0785540E-06  3.8261834E-03 -8.9980062E-03 -1.4916361E-04  7.3255974E-03
  7.8507600E+01  3.1914886E-06  3.3527467E-03 -8.7221965E-03 -5.1447067E-05  7.1864407E-03
  7.8507600E+01  3.2034842E-06  3.1146967E-03 -8.4392365E-03 -2.0825579E-05  6.9868952E-03
  7.8507600E+01  5.8374120E-07  3.5397112E-03 -8.1481095E-03 -7.1142537E-05  6.7644673E-03
  7.8507600E+01 -2.3010803E-06  3.6529798E-03 -7.9239948E-03 -4.5908541E-05  6.5816731E-03
  7.8507600E+01 -4.5896245E-06  3.4575022E-03 -7.6892036E-03 -1.8404987E-05  6.4187132E-03
  7.8507600E+01 -4.8694964E-06  3.2443242E-03 -7.4873610E-03 -1.0717450E-05  6.2740272E-03
  7.8507600E+01 -2.4570694E-06  3.4625333E-03 -7.2713667E-03 -4.7251402E-05  6.1341304E-03
  7.8507600E+01 -1.9098343E-07  3.9866093E-03 -7.0275240E-03 -1.0105146E-04  5.9703159E-03
  7.8507600E+01  4.3750584E-07  4.2876948E-03 -6.7924077E-03 -1.0486007E-04  5.7642429E-03
  7.8507600E+01  2.1067312E-07  4.0751235E-03 -6.5787840E-03 -1.6164690E-05  5.5226122E-03
  7.8507600E+01 -3.7317403E-07  3.7089157E-03 -6.3527364E-03  9.9021511E-05  5.2678001E-03
  7.8507600E+01 -2.8597201E-07  3.5377815E-03 -6.1723333E-03  2.2470213E-04  5.0104149E-03
  7.8507600E+01 -1.0289199E-07  3.2950643E-03 -5.9890906E-03  2.1718006E-04  4.7787685E-03
  7.8507600E+01  4.8307802E-07  3.2255537E-03 -5.7538731E-03  4.0138148E-05  4.5786944E-03
  7.8507600E+01  7.5736748E-07  3.4292830E-03 -5.5226945E-03 -1.3361059E-04  4.3895727E-03
  7.8507600E+01  2.8678101E-08  3.6133635E-03 -5.3356688E-03 -1.7645628E-04  4.1916804E-03
  7.8507600E+01 -9.8948616E-07  3.4641222E-03 -5.1844570E-03 -6.5758238E-05  3.9796776E-03
  7.8507600E+01 -1.7107286E-06  3.0937409E-03 -5.0341677E-03  9.6806296E-05  3.7653805E-03
  7.8507600E+01 -2.2673494E-06  2.8918809E-03 -4.8645838E-03  1.7373005E-04  3.5717122E-03
  7.8507600E+01 -1.5925719E-06  2.5010599E-03 -4.6947222E-03  2.0733098E-04  3.4109802E-03
  7.8507600E+01 -1.4433884E-06  2.2922368E-03 -4.5381717E-03  2.1347780E-04  3.2828129E-03
  7.8507600E+01 -8.5328316E-07  2.0687753E-03 -4.4073523E-03  2.3302047E-04  3.1807308E-03
  7.8507600E+01 -3.6408079E-07  1.7874134E-03 -4.2817636E-03  2.1010497E-04  3.0861447E-03
  7.8507600E+01  1.0451069E-07  1.5072632E-03 -4.1434237E-03  1.2283993E-04  2.9817709E-03
  7.8507600E+01  3.0756331E-07  1.3466896E-03 -4.0029523E-03  1.0354813E-05  2.8567649E-03
  7.8507600E+01  1.1309228E-07  1.3004708E-03 -3.8808182E-03 -6.3417853E-05  2.7089029E-03
  7.8507600E+01 -6.8364617E-08  1.1950383E-03 -3.7788822E-03 -7.4788943E-05  2.5463289E-03
  7.8507600E+01 -2.7278729E-07  1.0602483E-03 -3.6730738E-03 -1.0195233E-04  2.3855889E-03
  7.8507600E+01  3.4107763E-07  1.1258531E-03 -3.5826840E-03 -1.3093469E-04  2.2443145E-03
  7.8507600E+01  6.6230910E-07  1.1727778E-03 -3.4985800E-03 -1.2270230E-04  2.1318485E-03
  7.8507600E+01  7.7291329E-07  1.2453443E-03 -3.4079119E-03 -1.3088904E-04  2.0359603E-03
  7.8507600E+01  7.2036933E-07  1.3570271E-03 -3.3147622E-03 -1.2905861E-04  1.9458411E-03
  7.8507600E+01  5.7656074E-07  1.4430123E-03 -3.2245282E-03 -9.3689627E-05  1.8560909E-03
  7.8507600E+01  4.8683681E-07  1.4085004E-03 -3.1392975E-03 -3.8516038E-05  1.7659213E-03
  7.8507600E+01  5.0096166E-07  1.2453493E-03 -3.0577850E-03 -4.8299942E-06  1.6769767E-03
  7.8507600E+01  3.5661272E-07  1.1734061E-03 -2.9765488E-03 -9.8545135E-06  1.5932104E-03
  7.8507600E+01 -1.0923374E-07  1.4549249E-03 -2.8952332E-03 -2.4319895E-05  1.5192088E-03
  7.8507600E+01 -3.3930558E-07  1.7146832E-03 -2.8190018E-03 -4.2389042E-05  1.4570502E-03
  7.8507600E+01 -1.9422008E-07  2.1474257E-03 -2.7613280E-03 -1.5025910E-05  1.3968197E-03
  7.8507600E+01  2.5965801E-07  2.4577679E-03 -2.7052798E-03  1.9781564E-06  1.3295178E-03
  7.8507600E+01  6.3719934E-07  2.5363436E-03 -2.6362038E-03 -5.2103293E-06  1.2557246E-03
  7.8507600E+01  6.7604521E-07  2.5066014E-03 -2.5614166E-03 -1.2342002E-05  1.1809665E-03
  7.8507600E+01  3.7627281E-07  2.4886754E-03 -2.4976855E-03  4.9266616E-06  1.1100020E-03
  7.8507600E+01  3.7361048E-09  2.4178841E-03 -2.4501721E-03  4.6796355E-05  1.0425523E-03
  7.8507600E+01  1.2735476E-07  2.2574131E-03 -2.4070438E-03  1.2619674E-04  9.7384061E-04
  7.8507600E+01  1.7393966E-07  2.1747773E-03 -2.3641038E-03  1.7051195E-04  8.9931364E-04
  7.8507600E+01  2.2469288E-07  1.9644519E-03 -2.3100833E-03  1.7870567E-04  8.2006653E-04
  7.8507600E+01  1.4446933E-07  1.9233616E-03 -2.2501235E-03  1.7554396E-04  7.3972755E-04
  7.8507600E+01  2.8011465E-08  1.9645498E-03 -2.1934915E-03  1.5717559E-04  6.6244181E-04
  7.8507600E+01  2.3151032E-05  1.4485618E-08 -1.8713118E-01  1.8720553E-01  0.0000000E+00
  7.8507600E+01  2.8090879E-05  1.2308943E-02 -6.5259266E-02  6.8903604E-03 -2.5389980E-03
  7.8507600E+01  3.7009653E-05  1.7230333E-02 -5.0523355E-02 -1.7761088E-02  2.3510283E-03
  7.8507600E+01  4.1760430E-05 -4.1643416E-03 -5.9508421E-02 -1.0263604E-02  3.7871158E-02
  7.8507600E+01  1.2320741E-06 -3.4194097E-02 -6.8246933E-02 -5.8765493E-03  9.1588711E-02
  7.8507600E+01 -4.9878252E-05 -5.9717231E-02 -7.4506727E-02 -4.0469974E-03  1.4378352E-01
  7.8507600E+01 -4.2745617E-05 -6.8869537E-02 -7.6569636E-02 -6.1388605E-03  1.8007152E-01
  7.8507600E+01  7.0781533E-06 -5.7666572E-02 -7.4435773E-02 -8.1324819E-03  1.9237985E-01
  7.8507600E+01  1.8927949E-05 -2.9908069E-02 -6.7840306E-02 -8.0295620E-03  1.7873040E-01
  7.8507600E+01  1.1310890E-05  1.3912852E-03 -5.9023364E-02 -7.3664809E-03  1.4886812E-01
  7.8507600E+01  1.9609004E-05  2.5267726E-02 -5.1210443E-02 -2.8759506E-03  1.1422852E-01
  7.8507600E+01  1.2888487E-05  3.5719150E-02 -4.4528213E-02  2.0189388E-03  8.2843647E-02
  7.8507600E+01 -2.5178500E-06  3.8921810E-02 -3.7795902E-02  3.4528955E-03  5.8313961E-02
  7.8507600E+01  2.7715840E-06  3.8071386E-02 -3.2901106E-02  3.7819637E-03  4.1284705E-02
  7.8507600E+01 -1.1201465E-06  3.2650927E-02 -2.9762048E-02  4.0438500E-03  3.0422981E-02
  7.8507600E+01 -6.9937349E-06  2.2672810E-02 -2.7562018E-02  4.2637682E-03  2.3586900E-02
  7.8507600E+01 -3.7847889E-06  1.3537284E-02 -2.5562489E-02  3.2513308E-03  1.9298597E-02
  7.8507600E+01  1.0335150E-05  5.8898361E-03 -2.3925801E-02  1.9826824E-03  1.6548532E-02
  7.8507600E+01  1.9479234E-05  5.4605837E-04 -2.2728262E-02  1.0546768E-03  1.4617230E-02
  7.8507600E+01  2.3457404E-05 -3.9214072E-03 -2.1991659E-02  8.1702249E-04  1.3424466E-02
  7.8507600E+01  2.3135160E-05 -7.4949626E-03 -2.1233901E-02  6.7616564E-04  1.2880266E-02
  7.8507600E+01  2.2624298E-05 -9.5912414E-03 -2.0394845E-02  2.5835223E-04  1.2697006E-02
  7.8507600E+01  1.9377305E-05 -1.0386966E-02 -1.9642189E-02 -2.1231486E-04  1.2815425E-02
  7.8507600E+01  1.6988539E-05 -9.9696916E-03 -1.8974537E-02 -4.5080013E-04  1.3021623E-02
  7.8507600E+01  1.5177198E-05 -9.1420502E-03 -1.8425589E-02 -2.3822246E-04  1.3153048E-02
  7.8507600E+01  1.4541782E-05 -8.4034965E-03 -1.7960093E-02  2.2122692E-04  1.3242008E-02
  7.8507600E+01  8.7991394E-06 -7.4782616E-03 -1.7498942E-02  4.7231253E-04  1.3262031E-02
  7.8507600E+01  6.4650867E-07 -6.3657917E-03 -1.7004766E-02  3.8928973E-04  1.3129460E-02
  7.8507600E+01 -3.8370510E-06 -5.2129050E-03 -1.6571667E-02  1.7356602E-04  1.3091674E-02
  7.8507600E+01 -4.6408054E-06 -4.0177700E-03 -1.6225693E-02  2.8471937E-06  1.3243021E-02
  7.8507600E+01  7.4193934E-07 -2.8497152E-03 -1.5877041E-02 -2.0310100E-04  1.3470418E-02
  7.8507600E+01  4.9182486E-06 -1.6788615E-03 -1.5485735E-02 -3.6428511E-04  1.3574868E-02
  7.8507600E+01  5.6412072E-06 -8.5741568E-04 -1.5083231E-02 -4.0880237E-04  1.3413486E-02
  7.8507600E+01  4.5024015E-06 -5.5101710E-04 -1.4612270E-02 -5.1495256E-04  1.2918108E-02
  7.8507600E+01  2.6704482E-06 -3.6117753E-04 -1.4186809E-02 -2.9754839E-04  1.2258032E-02
  7.8507600E+01  2.1980910E-06 -5.2187540E-04 -1.3876123E-02  2.4979326E-04  1.1608687E-02
  7.8507600E+01  3.0234212E-06 -7.4841512E-04 -1.3499682E-02  5.4495324E-04  1.1012245E-02
  7.8507600E+01  5.0736792E-06 -2.7907398E-04 -1.3000509E-02  3.1110211E-04  1.0481709E-02
  7.8507600E+01  7.9220698E-06  1.0416054E-03 -1.2566801E-02  1.4676274E-04  1.0089937E-02
  7.8507600E+01  6.7465078E-06  2.5566754E-03 -1.2201156E-02  3.1804264E-04  9.8698362E-03
  7.8507600E+01  3.4483819E-06  3.8542553E-03 -1.1837916E-02  3.3515692E-04  9.7163151E-03
  7.8507600E+01  3.7806407E-06  3.9010203E-03 -1.1491925E-02  3.3428592E-04  9.5713667E-03
  7.8507600E+01  4.3665931E-06  3.0009950E-03 -1.1179796E-02  2.9065779E-04  9.4168038E-03
  7.8507600E+01  2.9824646E-06  2.3287006E-03 -1.0838275E-02  1.2434628E-04  9.2590113E-03
  7.8507600E+01  8.5540971E-07  2.1641202E-03 -1.0459785E-02 -8.0865461E-05  9.1038649E-03
  7.8507600E+01 -3.5227063E-06  1.5623715E-03 -1.0126705E-02 -1.8098651E-05  8.9364030E-03
  7.8507600E+01 -3.3950460E-06  8.1631573E-04 -9.7862364E-03  1.6591767E-04  8.7165793E-03
  7.8507600E+01 -1.8604524E-06  1.5338033E-04 -9.4505611E-03  5.5390985E-05  8.4840022E-03
  7.8507600E+01  2.1969503E-06  1.4734064E-04 -9.1320040E-03 -3.9849341E-05  8.3274657E-03
  7.8507600E+01  3.3872946E-06  4.9289832E-04 -8.8476398E-03 -6.1964211E-05  8.2280743E-03
  7.8507600E+01  2.7774907E-06  9.6531954E-04 -8.5800622E-03 -3.8295314E-06  8.1219253E-03
  7.8507600E+01  1.3662268E-06  1.3259737E-03 -8.3101582E-03  3.9743809E-05  7.9645034E-03
  7.8507600E+01  1.2405789E-06  1.5557781E-03 -8.0463425E-03  1.0410024E-05  7.7521120E-03
  7.8507600E+01  3.3503570E-06  1.8597438E-03 -7.8048604E-03 -6.5277749E-06  7.5132649E-03
  7.8507600E+01  5.5529521E-06  2.1272401E-03 -7.5728529E-03  3.6332221E-06  7.2718717E-03
  7.8507600E+01  4.7242091E-06  2.3163230E-03 -7.3173724E-03 -6.5120682E-07  7.0436844E-03
  7.8507600E+01  2.7998401E-06  2.4891694E-03 -7.0449430E-03 -3.0762465E-05  6.8285466E-03
  7.8507600E+01  1.6431888E-06  2.8192060E-03 -6.7914038E-03 -7.1894972E-05  6.6106319E-03
  7.8507600E+01  8.1327414E-07  3.3631586E-03 -6.5635338E-03 -9.8429421E-05  6.3735206E-03
  7.8507600E+01  2.8828243E-07  3.9943631E-03 -6.3568252E-03 -1.0110576E-04  6.1103781E-03
  7.8507600E+01  2.8934203E-08  4.4386190E-03 -6.1726233E-03 -6.8395574E-05  5.8322994E-03
  7.8507600E+01  2.3480191E-07  4.3153548E-03 -6.0041852E-03  1.7812419E-05  5.5645624E-03
  7.8507600E+01  1.1177550E-06  3.6025048E-03 -5.8206677E-03  6.5884443E-05  5.3141711E-03
  7.8507600E+01  1.2852096E-06  2.9490023E-03 -5.6245212E-03  1.0266241E-05  5.0762208E-03
  7.8507600E+01  1.0793666E-06  2.6596236E-03 -5.4458467E-03 -6.3739435E-05  4.8648899E-03
  7.8507600E+01  2.8716637E-07  2.7139430E-03 -5.2856159E-03 -9.5502460E-05  4.6576298E-03
  7.8507600E+01 -4.7038251E-07  2.8379641E-03 -5.1270054E-03 -5.8919144E-05  4.4313811E-03
  7.8507600E+01 -8.5907839E-07  2.7975442E-03 -4.9626597E-03  3.0582726E-05  4.1838313E-03
  7.8507600E+01 -1.1975097E-06  2.5561952E-03 -4.7985382E-03  1.3553041E-04  3.9368335E-03
  7.8507600E+01 -1.5567090E-06  2.2987432E-03 -4.6421602E-03  2.1656958E-04  3.7238605E-03
  7.8507600E+01 -1.0083840E-06  2.1961693E-03 -4.4961320E-03  2.3649367E-04  3.5606905E-03
  7.8507600E+01 -7.3168974E-07  2.1964797E-03 -4.3544740E-03  2.2063436E-04  3.4072608E-03
  7.8507600E+01  2.3656637E-07  2.1867042E-03 -4.2254445E-03  1.8406202E-04  3.2674357E-03
  7.8507600E+01  1.0523711E-06  2.1318698E-03 -4.0977409E-03  1.0053934E-04  3.1397414E-03
  7.8507600E+01  1.5748165E-06  2.0991033E-03 -3.9607700E-03 -1.6602024E-05  3.0111528E-03
  7.8507600E+01  1.5375589E-06  2.0372393E-03 -3.8312914E-03 -1.0727591E-04  2.8707877E-03
  7.8507600E+01  1.1127346E-06  1.8557387E-03 -3.7286755E-03 -1.1852479E-04  2.7192217E-03
  7.8507600E+01  1.0484262E-06  1.5629506E-03 -3.6426486E-03 -6.8200275E-05  2.5694727E-03
  7.8507600E+01  5.6079330E-07  1.2237668E-03 -3.5373968E-03 -6.7180318E-05  2.4357059E-03
  7.8507600E+01  1.1538218E-06  1.2498211E-03 -3.4357256E-03 -9.3812067E-05  2.3102598E-03
  7.8507600E+01  9.2260180E-07  1.3007724E-03 -3.3348782E-03 -1.0986100E-04  2.1860465E-03
  7.8507600E+01  8.4151074E-07  1.5477205E-03 -3.2468893E-03 -1.1397323E-04  2.0699587E-03
  7.8507600E+01  7.2280065E-07  1.7336003E-03 -3.1747901E-03 -8.2697307E-05  1.9634937E-03
  7.8507600E+01  6.3314671E-07  1.7193904E-03 -3.1100122E-03 -2.0342046E-05  1.8639968E-03
  7.8507600E+01  7.4375328E-07  1.5689712E-03 -3.0415753E-03  4.7991672E-05  1.7676838E-03
  7.8507600E+01  6.5259625E-07  1.3799990E-03 -2.9647101E-03  9.8281772E-05  1.6731220E-03
  7.8507600E+01  1.5657238E-07  1.2071648E-03 -2.8805569E-03  1.0895348E-04  1.5842061E-03
  7.8507600E+01 -1.3057486E-07  1.2767315E-03 -2.7927867E-03  4.5768858E-05  1.5083301E-03
  7.8507600E+01 -2.3213184E-07  1.3198885E-03 -2.7271682E-03  7.6565488E-06  1.4411015E-03
  7.8507600E+01  6.6748270E-08  1.5357540E-03 -2.6657227E-03 -1.7706480E-06  1.3726256E-03
  7.8507600E+01  2.1854454E-08  1.7891250E-03 -2.6023481E-03 -1.7246942E-05  1.2979597E-03
  7.8507600E+01  1.3678205E-07  1.9177294E-03 -2.5389056E-03 -3.8505713E-05  1.2192150E-03
  7.8507600E+01  4.3292744E-07  1.9448913E-03 -2.4807551E-03 -3.5571143E-05  1.1412286E-03
  7.8507600E+01  6.1822184E-07  1.9953715E-03 -2.4310255E-03  5.6040475E-06  1.0675166E-03
  7.8507600E+01  6.7405213E-07  2.1048359E-03 -2.3870857E-03  5.7000733E-05  9.9767382E-04
  7.8507600E+01  3.7983902E-07  2.1134059E-03 -2.3426899E-03  1.0174557E-04  9.2739031E-04
  7.8507600E+01  1.9485921E-07  2.0653304E-03 -2.2997402E-03  1.5715726E-04  8.5381524E-04
  7.8507600E+01  2.8349771E-08  2.0696025E-03 -2.2457398E-03  1.3819993E-04  7.7977725E-04
  7.8507600E+01  3.1940406E-08  2.0413490E-03 -2.1898899E-03  1.1872893E-04  7.0696814E-04
  7.8507600E+01  6.9417107E-08  2.0330176E-03 -2.1404825E-03  1.1212523E-04  6.3788726E-04
  7.8507600E+01 -5.1059143E-06 -1.1560410E-09 -3.1616072E-02  3.1608698E-02 -1.4491135E-14
  7.8507600E+01 -5.5276407E-06  1.2685153E-03 -1.3674992E-02  2.5940398E-03  2.2844447E-04
  7.8507600E+01 -5.7907418E-06  3.8561666E-03 -8.5982547E-03 -4.9778306E-03  1.1016872E-03
  7.8507600E+01 -6.1332688E-06  4.8280473E-03 -8.5009854E-03 -4.0305533E-03  1.9193331E-03
  7.8507600E+01 -5.2075990E-06  5.3769042E-03 -1.0389891E-02 -6.0846178E-04  2.3567062E-03
  7.8507600E+01  7.7459302E-06  6.4351280E-03 -1.3069301E-02  2.9840286E-03  2.3396296E-03
  7.8507600E+01  1.7169950E-05  9.2160079E-03 -1.6297378E-02  5.5654829E-03  1.8750197E-03
  7.8507600E+01  2.1789612E-05  1.4758143E-02 -2.0462610E-02  6.6625869E-03  1.8288076E-03
  7.8507600E+01  3.0029579E-05  2.1726041E-02 -2.5653535E-02  5.9173559E-03  4.5966268E-03
  7.8507600E+01  5.1446982E-05  2.7724532E-02 -3.0820917E-02  3.5500367E-03  1.3236839E-02
  7.8507600E+01  5.5503920E-05  2.9786784E-02 -3.5881169E-02  1.4529843E-03  2.9177185E-02
  7.8507600E+01  8.1244107E-05  2.3005860E-02 -4.0929432E-02 -9.8643341E-04  5.0674998E-02
  7.8507600E+01  6.3362290E-05  1.1426807E-02 -4.5983876E-02 -2.4788250E-03  7.5255757E-02
  7.8507600E+01  8.9516695E-06 -4.4349874E-03 -5.1309046E-02 -2.5340965E-03  1.0142896E-01
  7.8507600E+01 -2.6479715E-05 -2.5820056E-02 -5.6559210E-02 -3.4052589E-03  1.2648152E-01
  7.8507600E+01 -2.3846451E-05 -4.5956947E-02 -6.1663325E-02 -2.8680860E-03  1.4869398E-01
  7.8507600E+01 -3.3300024E-05 -6.2535230E-02 -6.4850689E-02 -2.0365547E-03  1.6361256E-01
  7.8507600E+01 -5.3265809E-05 -6.5096397E-02 -6.4032805E-02 -4.5609524E-03  1.6497871E-01
  7.8507600E+01 -5.2046335E-05 -5.8539246E-02 -6.1457428E-02 -5.8169944E-03  1.5333701E-01
  7.8507600E+01 -1.1138922E-05 -4.9692094E-02 -5.8368414E-02 -4.1739957E-03  1.3261543E-01
  7.8507600E+01  4.6669909E-05 -3.0435802E-02 -5.3164733E-02 -4.0946427E-03  1.0951076E-01
  7.8507600E+01  7.0484619E-05 -6.0997810E-03 -4.8086226E-02 -3.7390314E-03  8.8946887E-02
  7.8507600E+01  3.2758516E-05  1.6381887E-02 -4.3252164E-02 -2.8550516E-03  7.1513294E-02
  7.8507600E+01  1.4253815E-06  2.6324712E-02 -3.9621454E-02  5.2477904E-04  5.6490349E-02
  7.8507600E+01 -9.0319356E-06  2.8080912E-02 -3.5935334E-02  2.9605540E-03  4.3838707E-02
  7.8507600E+01  9.6672609E-06  2.2536448E-02 -3.1835518E-02  3.9300445E-03  3.3868747E-02
  7.8507600E+01  2.1497059E-05  1.5945956E-02 -2.7644937E-02  2.2476033E-03  2.6480484E-02
  7.8507600E+01  2.0883550E-05  1.2450004E-02 -2.4625393E-02  1.0817749E-03  2.1483970E-02
  7.8507600E+01  2.5516455E-05  1.0111150E-02 -2.2691279E-02  6.5681553E-04  1.8394031E-02
  7.8507600E+01  1.8494288E-05  6.0298046E-03 -2.1397205E-02  7.8752678E-04  1.6508125E-02
  7.8507600E+01  1.5033605E-05  1.4007081E-03 -2.0238242E-02  5.0965027E-04  1.5277911E-02
  7.8507600E+01  1.5429472E-05 -9.4600476E-04 -1.9141968E-02 -5.2781266E-05  1.4375989E-02
  7.8507600E+01  1.9733205E-05 -2.2574943E-03 -1.8288230E-02 -2.1777219E-05  1.3774990E-02
  7.8507600E+01  2.0328222E-05 -3.6188109E-03 -1.7572608E-02 -5.9138955E-05  1.3568834E-02
  7.8507600E+01  1.6309455E-05 -4.5351276E-03 -1.6949906E-02 -1.2495062E-04  1.3689249E-02
  7.8507600E+01  8.0072003E-06 -4.6311388E-03 -1.6414499E-02 -5.4016777E-05  1.3891003E-02
  7.8507600E+01  4.8299567E-06 -3.7177126E-03 -1.5949240E-02  1.4479754E-04  1.3984980E-02
  7.8507600E+01  3.2243512E-06 -2.0895321E-03 -1.5578830E-02  2.8733891E-04  1.3967511E-02
  7.8507600E+01  7.8435927E-07 -1.1162105E-03 -1.5277504E-02  2.5988221E-04  1.3969881E-02
  7.8507600E+01  3.0676869E-07 -9.1277482E-04 -1.4953197E-02 -6.2603822E-05  1.4084778E-02
  7.8507600E+01  4.0100694E-06 -1.5485676E-03 -1.4564894E-02 -3.8308797E-04  1.4296722E-02
  7.8507600E+01  8.1958220E-06 -2.0607645E-03 -1.4182696E-02 -5.0174436E-04  1.4363143E-02
  7.8507600E+01  9.1479563E-06 -2.5100345E-03 -1.3880000E-02 -3.1419253E-04  1.4213769E-02
  7.8507600E+01  7.9167405E-06 -2.9444592E-03 -1.3606973E-02  1.3175844E-05  1.3872927E-02
  7.8507600E+01  4.1200981E-06 -2.7571887E-03 -1.3279603E-02  1.8607145E-04  1.3391561E-02
  7.8507600E+01  7.4148941E-09 -1.4461153E-03 -1.2860356E-02  9.3266357E-05  1.2825621E-02
  7.8507600E+01  5.6218137E-07 -5.9473762E-05 -1.2388285E-02 -7.5709818E-05  1.2253661E-02
  7.8507600E+01 -1.1455051E-06  9.7992332E-04 -1.1973516E-02 -2.3351743E-04  1.1737590E-02
  7.8507600E+01  1.2783384E-06  2.2861754E-03 -1.1545178E-02 -4.6506801E-04  1.1298071E-02
  7.8507600E+01  1.2077093E-06  3.0609203E-03 -1.1242546E-02 -4.7027995E-04  1.1015918E-02
  7.8507600E+01  1.2894306E-07  2.8811166E-03 -1.1029347E-02 -2.9605382E-04  1.0877540E-02
  7.8507600E+01 -3.1400308E-07  2.1777426E-03 -1.0802229E-02 -1.4662904E-04  1.0794506E-02
  7.8507600E+01 -6.7765674E-07  1.4886306E-03 -1.0535646E-02 -5.0936746E-05  1.0673007E-02
  7.8507600E+01  5.9661060E-08  8.5721019E-04 -1.0274043E-02  1.5283658E-04  1.0486316E-02
  7.8507600E+01  2.3101438E-07  5.0076476E-04 -9.9783944E-03  2.9881040E-04  1.0294171E-02
  7.8507600E+01 -1.4005655E-06 -1.9740087E-05 -9.6095107E-03  3.7231682E-04  1.0017622E-02
  7.8507600E+01 -5.6433474E-06 -4.1022904E-04 -9.2074851E-03  1.9941021E-04  9.6569110E-03
  7.8507600E+01 -8.0510538E-06 -5.7413204E-04 -8.8676927E-03  9.3664614E-05  9.3011181E-03
  7.8507600E+01 -5.7698315E-06 -5.0628740E-04 -8.5985277E-03  1.8517162E-04  9.0125289E-03
  7.8507600E+01 -1.2266361E-06 -2.4483125E-04 -8.3418829E-03  3.1061259E-04  8.7872995E-03
  7.8507600E+01  2.6546437E-06  7.3063554E-05 -8.0416681E-03  2.9666833E-04  8.5744365E-03
  7.8507600E+01  4.6069285E-06  4.5774514E-04 -7.6984263E-03  1.8678092E-04  8.3277141E-03
  7.8507600E+01  3.8516361E-06  1.0031231E-03 -7.4134681E-03  1.5153448E-04  8.0796528E-03
  7.8507600E+01  6.3081363E-07  1.2526223E-03 -7.1573512E-03  1.1427457E-04  7.8475994E-03
  7.8507600E+01 -1.2370238E-06  1.6538822E-03 -6.8834510E-03  5.4720176E-05  7.5849826E-03
  7.8507600E+01 -1.7109554E-06  2.1925751E-03 -6.6339990E-03  4.5360768E-05  7.2897186E-03
  7.8507600E+01 -1.5229552E-06  2.6311922E-03 -6.4124875E-03  6.2168134E-05  6.9733116E-03
  7.8507600E+01 -3.9804460E-07  2.7842914E-03 -6.1951292E-03  3.7848926E-05  6.6421738E-03
  7.8507600E+01  6.1922781E-07  2.7987298E-03 -5.9814744E-03 -4.6224659E-05  6.3026405E-03
  7.8507600E+01  8.3526020E-08  3.0296030E-03 -5.8035404E-03 -9.6837615E-05  5.9742639E-03
  7.8507600E+01  8.6874122E-07  3.2082801E-03 -5.6512885E-03 -3.3461348E-05  5.6919559E-03
  7.8507600E+01  2.9024723E-07  2.9553409E-03 -5.4746792E-03 -8.7699293E-05  5.4581710E-03
  7.8507600E+01  7.6478223E-07  2.6916083E-03 -5.2751810E-03 -1.3119530E-04  5.2283778E-03
  7.8507600E+01  2.4320346E-07  2.4575468E-03 -5.1054300E-03 -1.2948796E-04  4.9840481E-03
  7.8507600E+01  2.7400289E-07  2.2765694E-03 -4.9597308E-03 -8.0463761E-05  4.7284214E-03
  7.8507600E+01  9.2107886E-07  2.2896474E-03 -4.8118965E-03 -1.6046767E-05  4.4706645E-03
  7.8507600E+01  1.2218513E-06  2.5073472E-03 -4.6520966E-03  4.6889807E-05  4.2180519E-03
  7.8507600E+01  1.0611696E-06  2.6176834E-03 -4.4954843E-03  1.3176022E-04  3.9741823E-03
  7.8507600E+01  3.7182794E-07  2.3075860E-03 -4.3357813E-03  2.3150976E-04  3.7408904E-03
  7.8507600E+01  8.1600367E-07  2.0534702E-03 -4.1790406E-03  1.6469994E-04  3.5293932E-03
  7.8507600E+01  7.7345430E-07  1.9068921E-03 -4.0215833E-03  6.4126746E-05  3.3409161E-03
  7.8507600E+01  7.7566974E-07  1.9114615E-03 -3.8785924E-03 -4.8683874E-05  3.1662506E-03
  7.8507600E+01  5.8254681E-07  2.0021536E-03 -3.7515413E-03 -1.3430985E-04  3.0048078E-03
  7.8507600E+01  2.1067287E-07  2.0856246E-03 -3.6413517E-03 -1.5364945E-04  2.8579085E-03
  7.8507600E+01  1.5872441E-08  2.0887024E-03 -3.5479375E-03 -1.0389203E-04  2.7242935E-03
  7.8507600E+01  1.1983814E-07  1.9774806E-03 -3.4611972E-03 -3.7151713E-05  2.5968414E-03
  7.8507600E+01  2.0784285E-07  1.7769373E-03 -3.3614320E-03 -3.6418733E-05  2.4612428E-03
  7.8507600E+01  4.1340274E-07  1.7229439E-03 -3.2525483E-03 -6.8510643E-05  2.3053184E-03
  7.8507600E+01  6.0893441E-07  1.6816167E-03 -3.1527433E-03 -8.6660593E-05  2.1455496E-03
  7.8507600E+01  7.5246405E-07  1.6171046E-03 -3.0677205E-03 -7.1695504E-05  1.9995143E-03
  7.8507600E+01  1.1761864E-06  1.6630469E-03 -3.0019435E-03  6.4868575E-06  1.8740843E-03
  7.8507600E+01  1.5100369E-06  1.7032217E-03 -2.9406984E-03  9.2816192E-05  1.7694106E-03
  7.8507600E+01  1.1714948E-06  1.6081671E-03 -2.8651692E-03  1.2818589E-04  1.6808058E-03
  7.8507600E+01  3.9113431E-07  1.4601383E-03 -2.7744423E-03  9.9921772E-05  1.6019747E-03
  7.8507600E+01  1.4601144E-07  1.4947366E-03 -2.6900141E-03  5.2704419E-05  1.5245109E-03
  7.8507600E+01 -6.1659956E-07  1.4934420E-03 -2.6252759E-03  4.6503745E-05  1.4381993E-03
  7.8507600E+01  4.0173480E-07  1.5149311E-03 -2.5646288E-03  1.5621116E-05  1.3440768E-03
  7.8507600E+01  1.7867384E-07  1.4921902E-03 -2.4929773E-03 -4.0727888E-07  1.2455583E-03
  7.8507600E+01  2.0348261E-07  1.5324989E-03 -2.4342471E-03 -8.9328671E-06  1.1520567E-03
  7.8507600E+01  2.3653255E-07  1.6547383E-03 -2.3845602E-03  2.9713100E-06  1.0656944E-03
  7.8507600E+01 -1.2163035E-05  2.3010148E-08 -2.8361014E-01  2.8358054E-01  0.0000000E+00
  7.8507600E+01 -1.7886714E-05  1.3660412E-02 -6.7885999E-02 -2.4472991E-02 -1.0230462E-02
  7.8507600E+01 -2.8848408E-05  9.8758537E-03 -4.5397708E-02 -2.5025268E-02 -1.2047275E-02
  7.8507600E+01 -3.3133841E-05  4.8312430E-03 -4.9518821E-02 -5.2070983E-03  8.2389337E-03
  7.8507600E+01 -5.7206338E-06 -9.6704972E-04 -5.4111006E-02 -4.1300778E-05  3.3734853E-02
  7.8507600E+01  1.8526561E-05 -8.7522074E-03 -5.7311968E-02 -1.1035687E-03  5.7694850E-02
  7.8507600E+01  3.3700513E-05 -1.9828224E-02 -6.0212939E-02 -2.7736176E-03  8.0968688E-02
  7.8507600E+01  4.5626751E-05 -3.8207900E-02 -6.4143406E-02 -1.7779605E-03  1.0340503E-01
  7.8507600E+01  2.2516204E-05 -4.8583497E-02 -6.5694543E-02 -5.4179442E-03  1.2333889E-01
  7.8507600E+01  1.0485802E-05 -5.9296143E-02 -6.7081750E-02 -6.3711261E-03  1.4320306E-01
  7.8507600E+01  8.6599487E-06 -6.7997182E-02 -6.7717216E-02 -4.6471131E-03  1.6092020E-01
  7.8507600E+01  5.9596069E-06 -6.4326723E-02 -6.6637783E-02 -4.6353910E-03  1.7131276E-01
  7.8507600E+01 -2.6282399E-05 -5.8772960E-02 -6.5197382E-02 -3.6695476E-03  1.7526345E-01
  7.8507600E+01 -6.1205314E-05 -5.2022450E-02 -6.3284379E-02 -3.8134648E-03  1.7498764E-01
  7.8507600E+01 -7.3212176E-05 -3.4345828E-02 -6.0940066E-02 -6.3203557E-03  1.7152829E-01
  7.8507600E+01 -8.2653572E-05 -1.6551167E-02 -5.8133921E-02 -9.6903665E-03  1.6452566E-01
  7.8507600E+01 -6.4592640E-05 -8.5910453E-04 -5.5117798E-02 -6.5841456E-03  1.5209183E-01
  7.8507600E+01 -2.7157894E-05  1.1545613E-02 -5.2052532E-02 -5.3303554E-04  1.3375493E-01
  7.8507600E+01 -3.5298067E-05  1.4111241E-02 -4.8515400E-02  2.2809435E-03  1.1329700E-01
  7.8507600E+01 -2.8703593E-05  2.1029931E-02 -4.4174156E-02  3.4572631E-04  9.4798263E-02
  7.8507600E+01 -2.2371768E-05  2.6470940E-02 -3.9749588E-02  6.7913546E-04  7.9175916E-02
  7.8507600E+01 -1.5141690E-05  2.2356899E-02 -3.5753120E-02  1.7385206E-03  6.5005004E-02
  7.8507600E+01  8.1516733E-06  2.0439643E-02 -3.2624468E-02  2.1939910E-03  5.3106429E-02
  7.8507600E+01  5.5373394E-06  1.8740196E-02 -2.9784636E-02  2.1702815E-03  4.3576448E-02
  7.8507600E+01  4.2824486E-06  1.9522968E-02 -2.7137216E-02  1.1299079E-03  3.6182547E-02
  7.8507600E+01  2.2022500E-06  1.9800673E-02 -2.5254014E-02  1.1226228E-03  3.0775073E-02
  7.8507600E+01  7.4286467E-06  1.2869896E-02 -2.3856403E-02  2.6347019E-03  2.6601004E-02
  7.8507600E+01  1.2197583E-05  7.4112814E-03 -2.1820085E-02  2.2874843E-03  2.3005500E-02
  7.8507600E+01  1.3506172E-05  5.4300996E-03 -2.0021841E-02  1.2905204E-03  2.0067473E-02
  7.8507600E+01  1.4598208E-05  3.3887465E-03 -1.8780692E-02  8.1544103E-04  1.7764702E-02
  7.8507600E+01  1.9505556E-05  8.7204237E-04 -1.7777791E-02  3.5311722E-04  1.6089967E-02
  7.8507600E+01  1.7616475E-05  6.9697720E-06 -1.6865581E-02 -3.3942114E-04  1.5116445E-02
  7.8507600E+01  1.6531517E-05 -2.7373821E-04 -1.6144446E-02 -5.1399527E-04  1.4737545E-02
  7.8507600E+01  1.2888233E-05 -1.0757446E-03 -1.5599858E-02 -3.5120069E-04  1.4706466E-02
  7.8507600E+01  1.0856464E-05 -2.0107235E-03 -1.5117080E-02 -1.2394767E-05  1.4781759E-02
  7.8507600E+01  5.3021431E-06 -2.6237117E-03 -1.4721155E-02  1.5705757E-04  1.4856501E-02
  7.8507600E+01  2.3606298E-06 -2.5718603E-03 -1.4377975E-02  2.8367451E-06  1.4934931E-02
  7.8507600E+01  1.0415025E-06 -2.1365985E-03 -1.4098207E-02 -3.0307902E-04  1.5027382E-02
  7.8507600E+01 -5.9560477E-07 -2.4747543E-03 -1.3909769E-02 -3.1924216E-04  1.5094158E-02
  7.8507600E+01  2.9489845E-08 -3.3389459E-03 -1.3727281E-02  3.2318543E-05  1.5069790E-02
  7.8507600E+01  3.1717047E-06 -3.3794315E-03 -1.3471906E-02  2.8008876E-04  1.4967684E-02
  7.8507600E+01  5.0259868E-06 -3.3666913E-03 -1.3116212E-02  4.3626154E-04  1.4710893E-02
  7.8507600E+01  3.8066735E-06 -3.1636053E-03 -1.2673307E-02  3.9825432E-04  1.4299245E-02
  7.8507600E+01  2.4708708E-06 -2.5874247E-03 -1.2258097E-02  2.6210801E-04  1.3820536E-02
  7.8507600E+01  2.0224309E-06 -1.7645512E-03 -1.1938314E-02  1.2759487E-04  1.3380322E-02
  7.8507600E+01  2.0628920E-06 -8.4353721E-04 -1.1597662E-02 -6.5486522E-05  1.3020074E-02
  7.8507600E+01  1.1587232E-06  4.6669804E-05 -1.1191268E-02 -3.2405090E-04  1.2647007E-02
  7.8507600E+01  3.0368318E-07  7.3801770E-04 -1.0918330E-02 -3.7099880E-04  1.2268375E-02
  7.8507600E+01  7.0561450E-07  1.4838682E-03 -1.0708293E-02 -3.2613062E-04  1.1912910E-02
  7.8507600E+01  2.7323802E-06  1.8954567E-03 -1.0543937E-02 -1.0669694E-04  1.1627021E-02
  7.8507600E+01  4.1755153E-06  1.7876803E-03 -1.0371928E-02  1.4999453E-04  1.1417620E-02
  7.8507600E+01  5.3544613E-06  1.5260476E-03 -1.0150552E-02  2.7685710E-04  1.1259493E-02
  7.8507600E+01  5.8742183E-06  1.4475310E-03 -9.8758075E-03  2.1864799E-04  1.1110265E-02
  7.8507600E+01  5.3615458E-06  1.5329128E-03 -9.5611974E-03  6.0536958E-05  1.0934865E-02
  7.8507600E+01  4.5251363E-06  1.5646954E-03 -9.2482809E-03  1.8602393E-05  1.0686992E-02
  7.8507600E+01  2.1832058E-06  1.2597208E-03 -8.9345812E-03  1.3590468E-04  1.0346805E-02
  7.8507600E+01  4.6438241E-07  5.0023682E-04 -8.6297988E-03  1.7523946E-04  1.0006506E-02
  7.8507600E+01 -1.8402844E-06 -1.2837664E-04 -8.3530449E-03  2.0367012E-04  9.6867232E-03
  7.8507600E+01 -3.3189871E-06 -2.2324152E-04 -8.0971776E-03  2.6471963E-04  9.3722657E-03
  7.8507600E+01 -3.0206397E-06  2.5430977E-05 -7.8448207E-03  3.0294454E-04  9.0486027E-03
  7.8507600E+01 -1.8499015E-06  2.2056681E-04 -7.5648708E-03  2.4301296E-04  8.7218844E-03
  7.8507600E+01 -2.4215553E-07  3.4894655E-04 -7.2410659E-03  8.7398988E-05  8.4210596E-03
  7.8507600E+01  1.2993924E-06  7.3903434E-04 -6.9644128E-03  4.5921990E-05  8.1526094E-03
  7.8507600E+01  3.3043526E-06  1.1095075E-03 -6.7085812E-03  1.8179343E-05  7.8747229E-03
  7.8507600E+01  4.1244131E-06  1.8631677E-03 -6.4624336E-03 -2.9954979E-05  7.5969886E-03
  7.8507600E+01  3.6968847E-06  2.4190917E-03 -6.2508411E-03 -3.3798132E-05  7.3157732E-03
  7.8507600E+01  2.8739996E-06  2.4332863E-03 -6.0725969E-03  2.2220564E-05  7.0233965E-03
  7.8507600E+01  1.7420594E-06  2.1302140E-03 -5.9115936E-03  1.0765275E-04  6.7203673E-03
  7.8507600E+01  8.7923035E-07  1.8973057E-03 -5.7516045E-03  1.4686901E-04  6.4143841E-03
  7.8507600E+01  6.8751683E-07  1.8075859E-03 -5.5814359E-03  7.8125293E-05  6.1173599E-03
  7.8507600E+01 -1.1929593E-06  1.7726000E-03 -5.3924028E-03 -1.3276634E-05  5.8334281E-03
  7.8507600E+01 -1.4040017E-06  2.0743497E-03 -5.2055643E-03 -7.9682950E-05  5.5571325E-03
  7.8507600E+01 -1.6402043E-06  2.3503130E-03 -5.0385502E-03 -4.4392770E-05  5.2858402E-03
  7.8507600E+01 -8.0825455E-07  2.4004936E-03 -4.8976568E-03  4.0304260E-05  5.0249027E-03
  7.8507600E+01 -2.8169322E-07  2.3284371E-03 -4.7582867E-03  9.9588978E-05  4.7764708E-03
  7.8507600E+01 -2.6326785E-07  2.3454574E-03 -4.6116309E-03  1.0372186E-04  4.5361024E-03
  7.8507600E+01 -6.3416644E-08  2.5053639E-03 -4.4681016E-03  9.3388004E-05  4.2930784E-03
  7.8507600E+01  3.3265878E-07  2.6288561E-03 -4.3347466E-03  1.3168757E-04  4.0400616E-03
  7.8507600E+01  7.4133998E-08  2.6689822E-03 -4.1753305E-03  1.5597362E-04  3.7823096E-03
  7.8507600E+01  7.9182901E-08  2.5667370E-03 -4.0154822E-03  8.0462186E-05  3.5473860E-03
  7.8507600E+01  8.8691139E-08  2.2993465E-03 -3.8612016E-03  1.4722381E-05  3.3415974E-03
  7.8507600E+01  1.3140136E-07  2.0508498E-03 -3.7250675E-03 -7.1770584E-05  3.1620679E-03
  7.8507600E+01  4.9320069E-08  2.0475543E-03 -3.6089030E-03 -1.2161935E-04  3.0037228E-03
  7.8507600E+01 -2.5368008E-07  2.1281103E-03 -3.5114487E-03 -9.7648448E-05  2.8599459E-03
  7.8507600E+01 -6.2492768E-07  2.0083495E-03 -3.4259095E-03 -2.6713931E-05  2.7229149E-03
  7.8507600E+01 -7.1014585E-07  1.7212817E-03 -3.3368017E-03  1.5926855E-05  2.5865520E-03
  7.8507600E+01 -3.0396228E-07  1.6277862E-03 -3.2295437E-03 -3.0042731E-05  2.4456587E-03
  7.8507600E+01  4.1299044E-08  1.6041983E-03 -3.1327129E-03 -5.1900011E-05  2.2965330E-03
  7.8507600E+01  2.9337126E-07  1.6545412E-03 -3.0524516E-03 -3.7578295E-05  2.1441426E-03
  7.8507600E+01  6.6392670E-07  1.6572689E-03 -2.9779741E-03 -1.6328329E-05  1.9987877E-03
  7.8507600E+01  1.0604397E-06  1.6759644E-03 -2.9085073E-03  2.7216998E-05  1.8715447E-03
  7.8507600E+01  1.3593169E-06  1.7187714E-03 -2.8392440E-03  6.0568075E-05  1.7662952E-03
  7.8507600E+01  1.4349644E-06  1.6931220E-03 -2.7671595E-03  6.5256628E-05  1.6783893E-03
  7.8507600E+01  1.1760790E-06  1.5599678E-03 -2.6927876E-03  4.5806720E-05  1.5979996E-03
  7.8507600E+01  6.5388651E-07  1.4431104E-03 -2.6181278E-03  1.6646391E-05  1.5137727E-03
  7.8507600E+01  5.9985303E-07  1.4502685E-03 -2.5442440E-03 -3.6029481E-06  1.4182576E-03
  7.8507600E+01  2.6465176E-07  1.5143942E-03 -2.4862200E-03 -5.0027715E-06  1.3158828E-03
  7.8507600E+01 -4.4922255E-09  1.4173570E-03 -2.4302926E-03  2.5577416E-05  1.2154650E-03
  7.8507600E+01 -2.3521324E-07  1.4585614E-03 -2.3803766E-03  5.5355854E-05  1.1203848E-03
  7.8507600E+01 -2.2775166E-07  1.4896094E-03 -2.3336342E-03  6.7150677E-05  1.0298661E-03
  7.8507600E+01  8.7120886E-08 -1.3358095E-08 -9.2086990E-02  9.2090913E-02  0.0000000E+00
  7.8507600E+01 -6.9356663E-06  9.1939850E-03 -3.2995437E-02 -1.2876242E-02  9.3384597E-04
  7.8507600E+01 -3.8841898E-05  6.3494889E-03 -2.7271900E-02 -1.2910200E-02  1.3390224E-03
  7.8507600E+01 -2.2251254E-05  9.3487448E-03 -3.0433097E-02  4.8786960E-04  1.2195014E-03
  7.8507600E+01  1.4457106E-05  1.6548482E-02 -3.0836372E-02  1.5238114E-03  3.1616406E-03
  7.8507600E+01 -2.0524521E-05  2.3444116E-02 -3.1220883E-02 -9.9200978E-04  6.6663646E-03
  7.8507600E+01 -6.1084882E-05  2.7622233E-02 -3.2637402E-02 -1.5725202E-03  1.1303544E-02
  7.8507600E+01 -3.8095779E-05  2.9530219E-02 -3.5561248E-02 -6.4993305E-05  1.7378519E-02
  7.8507600E+01 -9.1606735E-07  2.9209244E-02 -3.9266295E-02 -1.3341188E-04  2.4774044E-02
  7.8507600E+01  5.8740982E-05  2.8727298E-02 -4.2819658E-02 -1.0204619E-03  3.2116582E-02
  7.8507600E+01  1.0727218E-04  2.7883466E-02 -4.6706492E-02 -2.0312465E-04  3.9242418E-02
  7.8507600E+01  6.6379854E-05  2.2426882E-02 -5.0912462E-02  2.0823945E-03  4.6986929E-02
  7.8507600E+01 -1.4700170E-05  1.3993568E-02 -5.3634500E-02  2.0033985E-03  5.5293749E-02
  7.8507600E+01 -6.6343886E-05  8.3963093E-03 -5.5085581E-02 -3.4150736E-04  6.3926218E-02
  7.8507600E+01 -1.7116105E-05 -3.2189250E-03 -5.5233991E-02 -4.1584018E-03  7.3757704E-02
  7.8507600E+01  1.9268659E-05 -1.9615664E-02 -5.6129614E-02 -4.6010804E-03  8.4890597E-02
  7.8507600E+01 -1.5394377E-05 -3.1045190E-02 -5.7498475E-02 -3.0104250E-03  9.5879190E-02
  7.8507600E+01 -2.9934999E-05 -3.8133635E-02 -5.8671431E-02 -2.5492569E-03  1.0616501E-01
  7.8507600E+01  3.3733228E-06 -4.4063896E-02 -5.9069930E-02 -1.9843533E-03  1.1310746E-01
  7.8507600E+01  5.9885755E-06 -4.9717067E-02 -5.8459565E-02 -1.3126166E-03  1.1499403E-01
  7.8507600E+01  1.1744114E-06 -5.2438760E-02 -5.7187469E-02 -1.7947169E-03  1.1481101E-01
  7.8507600E+01 -6.5593080E-06 -4.9770987E-02 -5.5416648E-02 -1.4511389E-03  1.1592389E-01
  7.8507600E+01 -3.7162477E-05 -4.4857761E-02 -5.2633896E-02 -1.7464587E-03  1.1484329E-01
  7.8507600E+01 -5.3505153E-05 -3.8611914E-02 -4.9518752E-02 -3.2612155E-03  1.0975286E-01
  7.8507600E+01 -6.0056632E-05 -3.2283855E-02 -4.7092588E-02 -3.8303494E-03  1.0283717E-01
  7.8507600E+01 -1.1715018E-05 -2.1452523E-02 -4.4780796E-02 -2.8134187E-03  9.5704968E-02
  7.8507600E+01  2.9389892E-05 -3.1023128E-03 -4.2026545E-02 -2.4576337E-03  8.7418090E-02
  7.8507600E+01  2.6810679E-05  1.1779352E-02 -3.8870945E-02 -9.7569287E-04  7.8287756E-02
  7.8507600E+01 -1.2386793E-05  2.1561715E-02 -3.5870917E-02 -4.2736310E-05  6.8441150E-02
  7.8507600E+01 -4.7000826E-05  2.8689381E-02 -3.3281872E-02  5.1135916E-04  5.9331754E-02
  7.8507600E+01 -6.0809634E-05  2.6685651E-02 -3.0842126E-02  1.2096867E-03  5.1216517E-02
  7.8507600E+01 -5.0358383E-05  2.0049778E-02 -2.8132264E-02  1.3886507E-03  4.3261092E-02
  7.8507600E+01 -1.6624746E-05  1.8110930E-02 -2.5353650E-02  1.4597907E-03  3.5893183E-02
  7.8507600E+01 -1.0667702E-06  1.4529487E-02 -2.3274315E-02  2.3457880E-03  3.0382104E-02
  7.8507600E+01 -7.8332947E-06  9.2393635E-03 -2.1492169E-02  2.2304586E-03  2.6363493E-02
  7.8507600E+01 -1.1892265E-05  5.8377408E-03 -2.0015637E-02  1.6841666E-03  2.3386169E-02
  7.8507600E+01 -4.5661873E-06  4.5694621E-03 -1.8665226E-02  9.3219226E-04  2.0966100E-02
  7.8507600E+01 -1.3333836E-06  4.3225610E-03 -1.7393916E-02  2.1125948E-04  1.8848467E-02
  7.8507600E+01  5.9832574E-07  4.2687114E-03 -1.6416696E-02  1.7457731E-04  1.7094540E-02
  7.8507600E+01  8.6460450E-06  3.9876081E-03 -1.5700683E-02  8.5933068E-05  1.6042520E-02
  7.8507600E+01  1.2530496E-05  2.8548159E-03 -1.5266113E-02  5.1182386E-04  1.5822912E-02
  7.8507600E+01  1.0332038E-05  5.8258350E-04 -1.4674658E-02  3.9897696E-04  1.5832074E-02
  7.8507600E+01  3.5408383E-06 -4.2876069E-04 -1.4124161E-02  5.8640871E-05  1.5865416E-02
  7.8507600E+01 -2.3766710E-06 -4.8341996E-04 -1.3767979E-02 -8.8271825E-06  1.5926482E-02
  7.8507600E+01 -6.9352091E-06 -8.5985227E-04 -1.3529583E-02  8.3304540E-05  1.5965045E-02
  7.8507600E+01 -9.6271281E-06 -1.0121280E-03 -1.3241595E-02 -3.6016472E-05  1.5875594E-02
  7.8507600E+01 -4.4086168E-06 -2.2904339E-04 -1.2857506E-02 -1.5945892E-04  1.5650328E-02
  7.8507600E+01 -4.2947513E-07 -7.0766716E-05 -1.2562295E-02  4.8119440E-05  1.5350281E-02
  7.8507600E+01  3.1853189E-06 -4.3204250E-04 -1.2230406E-02  3.4303241E-04  1.4856737E-02
  7.8507600E+01  3.0897962E-06 -8.1775659E-04 -1.1837230E-02  3.3043557E-04  1.4235270E-02
  7.8507600E+01  3.7040960E-06 -6.4897574E-04 -1.1403215E-02  1.1749138E-05  1.3680822E-02
  7.8507600E+01  5.1917654E-06  9.3759666E-05 -1.1009855E-02 -3.1971272E-04  1.3324016E-02
  7.8507600E+01  5.9413818E-06  6.9758893E-04 -1.0718143E-02 -4.1328879E-04  1.3134445E-02
  7.8507600E+01  5.4461808E-06  8.3591937E-04 -1.0473470E-02 -3.1319261E-04  1.2926488E-02
  7.8507600E+01  2.9982257E-06  1.4541613E-03 -1.0209853E-02 -3.3648017E-04  1.2540549E-02
  7.8507600E+01  9.0980085E-07  1.7485485E-03 -9.9923063E-03 -7.9087880E-05  1.2162371E-02
  7.8507600E+01  1.2563981E-06  1.6606471E-03 -9.8507492E-03  3.0028850E-04  1.1874306E-02
  7.8507600E+01  3.2727257E-06  1.4215834E-03 -9.7015167E-03  4.7951816E-04  1.1651614E-02
  7.8507600E+01  4.6649872E-06  1.1907951E-03 -9.4762836E-03  3.7966704E-04  1.1439312E-02
  7.8507600E+01  4.4296763E-06  8.6243750E-04 -9.1939662E-03  1.2507925E-04  1.1202688E-02
  7.8507600E+01  2.9393652E-06  4.7871202E-04 -8.9095720E-03 -7.5317361E-05  1.0937526E-02
  7.8507600E+01  1.3182674E-06  5.4736946E-04 -8.6276852E-03 -5.4631346E-05  1.0648107E-02
  7.8507600E+01 -1.6101089E-06  1.0651686E-03 -8.3525704E-03  1.9248139E-04  1.0335085E-02
  7.8507600E+01 -4.0133632E-06  8.0262298E-04 -8.0290021E-03  2.7711971E-04  9.9424219E-03
  7.8507600E+01 -4.3559058E-06  8.4634750E-04 -7.6934325E-03  2.6547532E-04  9.5185738E-03
  7.8507600E+01 -2.6126445E-06  6.8055091E-04 -7.3980909E-03  2.2442585E-04  9.1071909E-03
  7.8507600E+01  1.3159493E-07  1.9843291E-04 -7.1315804E-03  1.3785823E-04  8.7139599E-03
  7.8507600E+01  1.6463120E-06 -3.4683931E-05 -6.8701277E-03 -6.1284685E-06  8.3321287E-03
  7.8507600E+01  7.4026727E-07  3.2079780E-04 -6.6139249E-03 -1.4744541E-04  7.9585915E-03
  7.8507600E+01 -3.4786852E-07  8.1459127E-04 -6.3813846E-03 -1.8417136E-04  7.6040098E-03
  7.8507600E+01  1.7635459E-06  1.0104486E-03 -6.1720208E-03 -1.5097164E-04  7.2893956E-03
  7.8507600E+01  2.2948620E-06  1.0992354E-03 -5.9702090E-03 -1.4581958E-04  6.9986804E-03
  7.8507600E+01  2.4574314E-06  1.7679464E-03 -5.7543560E-03 -1.6074675E-04  6.7406048E-03
  7.8507600E+01  1.4380035E-06  1.9864783E-03 -5.5920607E-03 -8.0260639E-05  6.4972840E-03
  7.8507600E+01  8.9707196E-07  1.4885258E-03 -5.4694009E-03  6.3741288E-05  6.2480609E-03
  7.8507600E+01  1.7506076E-06  8.7173926E-04 -5.3266997E-03  1.2273198E-04  5.9779164E-03
  7.8507600E+01  2.5105955E-06  7.9232239E-04 -5.1341831E-03  1.7839747E-05  5.6846001E-03
  7.8507600E+01  1.2271583E-06  1.2661530E-03 -4.9329722E-03 -1.1213732E-04  5.3785926E-03
  7.8507600E+01  2.9926920E-06  2.1326515E-03 -4.7748621E-03  1.2580885E-06  5.0856721E-03
  7.8507600E+01  9.2825660E-07  2.4072966E-03 -4.6396208E-03  1.1382062E-04  4.8199026E-03
  7.8507600E+01  1.9827367E-06  2.4879197E-03 -4.4864624E-03  1.7555991E-04  4.5607002E-03
  7.8507600E+01  7.8368280E-07  2.3947983E-03 -4.3363801E-03  1.4187687E-04  4.3045183E-03
  7.8507600E+01 -7.9147832E-07  2.3144319E-03 -4.1896558E-03  8.5955553E-05  4.0512082E-03
  7.8507600E+01 -1.2906809E-06  2.3273443E-03 -4.0409931E-03  4.2674696E-05  3.8042497E-03
  7.8507600E+01 -1.3335407E-06  2.3345919E-03 -3.8953953E-03 -2.0296634E-06  3.5682105E-03
  7.8507600E+01 -1.2701232E-06  2.2333050E-03 -3.7691297E-03 -4.1789895E-05  3.3462676E-03
  7.8507600E+01 -6.7839649E-07  2.1471220E-03 -3.6687788E-03 -1.1002120E-05  3.1407938E-03
  7.8507600E+01 -7.3560103E-07  2.3660500E-03 -3.5607456E-03  2.4335918E-05  2.9502505E-03
  7.8507600E+01 -5.8299391E-07  2.4585992E-03 -3.4341264E-03 -3.0467050E-05  2.7799969E-03
  7.8507600E+01 -4.6051622E-07  2.3088978E-03 -3.3192071E-03  6.0942808E-06  2.6349726E-03
  7.8507600E+01  1.0287374E-07  1.8702091E-03 -3.2135204E-03  5.2534902E-05  2.4962333E-03
  7.8507600E+01  2.6936647E-07  1.4682057E-03 -3.1086969E-03  6.0274047E-05  2.3518724E-03
  7.8507600E+01 -5.8799342E-09  1.4643968E-03 -3.0108732E-03  4.2620874E-05  2.2017038E-03
  7.8507600E+01 -1.4115502E-07  1.7556872E-03 -2.9286460E-03  2.5103800E-05  2.0528402E-03
  7.8507600E+01  1.1200481E-07  1.8160184E-03 -2.8580956E-03  9.7381688E-06  1.9149987E-03
  7.8507600E+01  4.0379624E-07  1.9548418E-03 -2.7882520E-03  4.6124134E-05  1.7960865E-03
  7.8507600E+01  1.0334060E-06  1.5859062E-03 -2.7317253E-03  5.6840294E-05  1.6895890E-03
  7.8507600E+01  9.5410452E-07  1.5570384E-03 -2.6599521E-03  9.6697028E-05  1.5907060E-03
  7.8507600E+01  7.2114445E-07  1.5414291E-03 -2.5821475E-03  1.0261993E-04  1.4878640E-03
  7.8507600E+01  3.5628154E-07  1.4425264E-03 -2.5087282E-03  8.2150655E-05  1.3800541E-03
  7.8507600E+01  5.6343664E-05  1.8579445E-07 -5.9760171E-01  5.9750714E-01  0.0000000E+00
  7.8507600E+01  5.0619027E-05  1.7725812E-02 -1.0434079E-01 -1.0486665E-01 -2.1810328E-02
  7.8507600E+01  2.5666346E-05 -2.7957650E-02 -5.7683650E-02 -4.6852957E-02 -3.8561116E-02
  7.8507600E+01  3.6586017E-05 -1.4935224E-02 -5.5955433E-02 -1.0095129E-02 -2.1221573E-02
  7.8507600E+01  2.8345807E-05 -6.5765658E-03 -5.5842474E-02 -2.9689347E-03  2.1223316E-03
  7.8507600E+01  3.1774595E-06 -6.3117204E-03 -5.5950998E-02 -2.0353913E-03  2.1448205E-02
  7.8507600E+01  1.9172900E-05 -9.8494901E-03 -5.5966279E-02 -2.1294718E-03  3.7722989E-02
  7.8507600E+01  3.7655874E-05 -1.2871902E-02 -5.5803355E-02 -1.7455388E-03  5.0470942E-02
  7.8507600E+01  3.8330933E-05 -1.7916517E-02 -5.5219949E-02 -2.1929333E-03  6.0196237E-02
  7.8507600E+01  6.8226640E-05 -2.3711674E-02 -5.4712843E-02 -3.4120471E-03  6.9094612E-02
  7.8507600E+01  1.2171000E-04 -3.0152430E-02 -5.4335949E-02 -1.9535312E-03  7.6614898E-02
  7.8507600E+01  1.2758554E-04 -3.5213286E-02 -5.3634710E-02 -1.4278277E-03  8.0975316E-02
  7.8507600E+01  9.2775051E-05 -3.8474949E-02 -5.2710264E-02 -2.6445598E-03  8.3242780E-02
  7.8507600E+01  4.9929412E-05 -3.3743174E-02 -5.1302985E-02 -4.1653631E-03  8.4604103E-02
  7.8507600E+01 -1.0035413E-05 -2.6727541E-02 -5.0319199E-02 -3.6505107E-03  8.6776497E-02
  7.8507600E+01 -7.7777550E-05 -2.0408966E-02 -4.9055345E-02 -2.4530719E-03  8.9098211E-02
  7.8507600E+01 -1.1075683E-04 -1.5861178E-02 -4.7315327E-02  1.3023216E-04  8.8564858E-02
  7.8507600E+01 -1.0712387E-04 -8.6657307E-03 -4.4394481E-02  8.9873008E-05  8.4620839E-02
  7.8507600E+01 -5.6157075E-05  1.3064543E-04 -4.1506701E-02 -4.0367011E-04  8.0131844E-02
  7.8507600E+01  4.5151380E-06  7.5087969E-03 -3.9162625E-02 -4.0365497E-05  7.6992097E-02
  7.8507600E+01  2.1666752E-05  1.1324226E-02 -3.7159556E-02  1.6967562E-04  7.4315238E-02
  7.8507600E+01  1.5666525E-06  1.0461632E-02 -3.5481804E-02  8.9032855E-04  7.1103310E-02
  7.8507600E+01 -1.4132367E-05  8.6833115E-03 -3.3811590E-02  1.5305197E-03  6.6393591E-02
  7.8507600E+01 -4.1358983E-05  9.7228902E-03 -3.1865248E-02  1.6419917E-03  6.0181366E-02
  7.8507600E+01 -4.1021174E-05  1.1961586E-02 -2.9826418E-02  1.9646036E-03  5.3499275E-02
  7.8507600E+01 -3.0831230E-05  1.3591159E-02 -2.7809619E-02  2.0042174E-03  4.7432559E-02
  7.8507600E+01 -1.1128887E-05  1.7214695E-02 -2.6088808E-02  1.2501544E-03  4.2076051E-02
  7.8507600E+01  1.2253762E-05  1.9294800E-02 -2.4031191E-02  8.6782242E-04  3.7212959E-02
  7.8507600E+01  1.0670863E-05  1.9307272E-02 -2.2287581E-02  1.2612545E-03  3.2949476E-02
  7.8507600E+01 -5.6268680E-07  1.7938573E-02 -2.0968922E-02  1.5418306E-03  2.9276811E-02
  7.8507600E+01 -1.9610624E-05  1.6807347E-02 -1.9894317E-02  1.5374715E-03  2.6106756E-02
  7.8507600E+01 -2.3065782E-05  1.5258349E-02 -1.8757834E-02  1.1497185E-03  2.3323435E-02
  7.8507600E+01 -1.6083651E-05  1.1962050E-02 -1.7813695E-02  1.7452893E-03  2.0919840E-02
  7.8507600E+01 -4.2225847E-06  7.2356685E-03 -1.6577304E-02  1.3727856E-03  1.8968236E-02
  7.8507600E+01  6.2141524E-07  6.4009473E-03 -1.5573137E-02  5.5465512E-04  1.7779343E-02
  7.8507600E+01 -8.2578507E-08  7.1714661E-03 -1.4941029E-02  3.6844555E-04  1.7179415E-02
  7.8507600E+01 -4.3200106E-06  6.8838624E-03 -1.4499575E-02  6.1694519E-04  1.6781897E-02
  7.8507600E+01 -5.0528328E-06  4.8578566E-03 -1.4159498E-02  8.0208357E-04  1.6381806E-02
  7.8507600E+01 -4.3514912E-06  2.1987880E-03 -1.3831362E-02  7.0374017E-04  1.6038319E-02
  7.8507600E+01 -5.5690076E-06 -1.1549167E-04 -1.3519690E-02  6.2626273E-04  1.5736438E-02
  7.8507600E+01 -6.9204705E-06 -1.4281085E-03 -1.2997794E-02  2.4890719E-04  1.5351996E-02
  7.8507600E+01 -8.2807822E-06 -8.5065568E-04 -1.2438052E-02 -1.6076537E-04  1.4937499E-02
  7.8507600E+01 -7.4701273E-06  5.0121460E-04 -1.2077853E-02 -9.7735486E-05  1.4546684E-02
  7.8507600E+01 -2.7657315E-06  1.5200492E-03 -1.1833313E-02  1.8869033E-04  1.4178697E-02
  7.8507600E+01  2.8967576E-06  2.2404952E-03 -1.1530388E-02  1.9452517E-04  1.3814894E-02
  7.8507600E+01  5.1052732E-06  3.1836696E-03 -1.1206485E-02 -4.7969163E-05  1.3491213E-02
  7.8507600E+01  6.8332280E-06  3.3592112E-03 -1.0968129E-02 -4.5344204E-05  1.3299186E-02
  7.8507600E+01  5.6269663E-06  2.8639454E-03 -1.0669655E-02 -2.2396610E-05  1.3072983E-02
  7.8507600E+01  5.6926999E-06  2.5140381E-03 -1.0277199E-02 -5.7206801E-05  1.2758577E-02
  7.8507600E+01  3.3732699E-06  2.7043557E-03 -9.9481423E-03 -3.8592072E-05  1.2426443E-02
  7.8507600E+01  9.1345492E-07  3.0991143E-03 -9.7350544E-03  9.5934942E-05  1.2139525E-02
  7.8507600E+01  4.9951611E-07  3.3604169E-03 -9.5878030E-03  2.3228664E-04  1.1909581E-02
  7.8507600E+01  8.8084217E-07  3.2812825E-03 -9.4304022E-03  2.5200681E-04  1.1699354E-02
  7.8507600E+01  1.4029659E-06  2.7472656E-03 -9.2328471E-03  2.0211993E-04  1.1467580E-02
  7.8507600E+01  2.3919452E-06  2.3739071E-03 -9.0433801E-03  2.1055852E-04  1.1245228E-02
  7.8507600E+01  2.7134461E-06  2.0375743E-03 -8.8256758E-03  2.8436726E-04  1.1047421E-02
  7.8507600E+01  1.8918324E-06  1.4262720E-03 -8.5469296E-03  2.3348051E-04  1.0821306E-02
  7.8507600E+01  3.4166201E-07  1.1058576E-03 -8.2183624E-03  1.1887889E-04  1.0514128E-02
  7.8507600E+01 -1.8564441E-07  1.1342392E-03 -7.8794921E-03  4.3847888E-05  1.0099993E-02
  7.8507600E+01 -4.7658059E-08  1.2050171E-03 -7.5732256E-03  2.3973104E-05  9.6027934E-03
  7.8507600E+01 -3.3735449E-07  1.2054698E-03 -7.2992988E-03 -1.8006671E-05  9.0852561E-03
  7.8507600E+01 -2.5253296E-07  1.2985047E-03 -7.0297232E-03 -1.7861014E-04  8.6205716E-03
  7.8507600E+01  9.4590717E-07  1.4786661E-03 -6.8317586E-03 -2.8256329E-04  8.2433236E-03
  7.8507600E+01  2.5280953E-06  1.1378199E-03 -6.6466876E-03 -1.8313713E-04  7.9103507E-03
  7.8507600E+01  2.9236836E-06  7.3631490E-04 -6.4532322E-03 -8.2265076E-05  7.5896310E-03
  7.8507600E+01  2.0222663E-06  4.8927362E-04 -6.2570309E-03 -2.1258146E-05  7.2732170E-03
  7.8507600E+01  9.0831471E-07  3.4048424E-04 -6.0548155E-03 -1.0463609E-05  6.9545146E-03
  7.8507600E+01 -2.5556971E-08  2.9023952E-04 -5.8522385E-03 -3.2444750E-05  6.6343149E-03
  7.8507600E+01 -1.3901132E-06  3.6576109E-04 -5.6653924E-03 -4.9346222E-05  6.3268120E-03
  7.8507600E+01 -2.9646475E-06  5.2409949E-04 -5.5050590E-03 -2.9376602E-05  6.0632166E-03
  7.8507600E+01 -2.6436786E-06  7.7357411E-04 -5.3425566E-03 -3.6684354E-05  5.8578346E-03
  7.8507600E+01 -2.1275681E-06  1.2195102E-03 -5.1716944E-03 -6.8884017E-05  5.6701782E-03
  7.8507600E+01 -1.0083105E-06  1.6135852E-03 -4.9909940E-03 -7.7998250E-05  5.4591338E-03
  7.8507600E+01 -5.9016915E-07  1.7792385E-03 -4.8203181E-03 -7.4216647E-05  5.2091349E-03
  7.8507600E+01 -3.8532490E-07  1.8496987E-03 -4.6721980E-03 -3.3978674E-05  4.9445250E-03
  7.8507600E+01 -5.6750482E-07  2.0704422E-03 -4.5454555E-03  2.9919264E-05  4.6948274E-03
  7.8507600E+01 -9.0629726E-07  2.4627647E-03 -4.4261479E-03  6.6436941E-05  4.4709252E-03
  7.8507600E+01 -2.0505122E-07  2.7400160E-03 -4.2977534E-03  3.9415144E-05  4.2609055E-03
  7.8507600E+01 -2.5071773E-07  2.8681255E-03 -4.1532133E-03  2.4910359E-05  4.0374845E-03
  7.8507600E+01  5.1728467E-07  2.9203759E-03 -4.0164958E-03  2.3462521E-05  3.7972691E-03
  7.8507600E+01  1.2635057E-07  2.9386571E-03 -3.8788864E-03 -1.7769216E-07  3.5620575E-03
  7.8507600E+01  1.6245806E-07  2.9151474E-03 -3.7592754E-03  1.1785016E-05  3.3485755E-03
  7.8507600E+01  2.7561186E-07  2.9072660E-03 -3.6511814E-03  2.1075583E-05  3.1537415E-03
  7.8507600E+01  1.8182376E-07  2.9540656E-03 -3.5444219E-03  4.9573913E-06  2.9714367E-03
  7.8507600E+01  1.6907434E-07  2.9758570E-03 -3.4343319E-03 -2.3351339E-05  2.7986984E-03
  7.8507600E+01  3.5663979E-07  2.8024781E-03 -3.3231917E-03 -3.6972287E-05  2.6379466E-03
  7.8507600E+01  4.1636750E-07  2.3925170E-03 -3.2172757E-03 -1.3963252E-05  2.4917884E-03
  7.8507600E+01  6.5165053E-07  2.0405588E-03 -3.1289283E-03  3.8751226E-05  2.3554324E-03
  7.8507600E+01  7.9135566E-07  1.8521088E-03 -3.0438692E-03  7.7389093E-05  2.2277177E-03
  7.8507600E+01  7.8286745E-07  1.6863896E-03 -2.9659512E-03  8.0575746E-05  2.1010659E-03
  7.8507600E+01  6.6579919E-07  1.4747410E-03 -2.8867395E-03  3.3639876E-05  1.9754906E-03
  7.8507600E+01  6.8275181E-07  1.3424372E-03 -2.8059437E-03 -1.4718917E-05  1.8566025E-03
  7.8507600E+01  8.5471266E-07  1.3544002E-03 -2.7347299E-03 -1.2693634E-05  1.7465347E-03
  7.8507600E+01  9.0015336E-07  1.4264517E-03 -2.6774966E-03  4.5987450E-05  1.6426115E-03
  7.8507600E+01  6.1521361E-07  1.4141690E-03 -2.6184202E-03  1.1110365E-04  1.5384514E-03
  7.8507600E+01  8.4562097E-07  1.4012693E-03 -2.5426254E-03  1.2978815E-04  1.4280812E-03
  7.8507600E+01 -8.4456664E-08  1.3181572E-03 -2.4792649E-03  1.2228812E-04  1.3175953E-03
  7.8507600E+01 -2.8544398E-07  1.3604346E-03 -2.4160723E-03  1.2712909E-04  1.2092293E-03
  7.8507600E+01 -7.4104545E-07  1.3804002E-03 -2.3621342E-03  1.2894782E-04  1.1069567E-03
  7.8507600E+01 -1.0415967E-06  1.3662158E-03 -2.3151645E-03  1.2170790E-04  1.0120032E-03
  7.8507600E+01 -1.8716963E-05 -2.6709405E-09 -2.0413193E-01  2.0410800E-01  2.7030453E-13
  7.8507600E+01 -2.0246731E-05  4.1135228E-03 -6.6426447E-02 -2.2461741E-02 -1.2312565E-03
  7.8507600E+01 -2.4257458E-05  8.0404359E-03 -5.1990935E-02 -2.3138438E-02 -1.2679323E-03
  7.8507600E+01 -4.2967794E-05  2.1773320E-02 -4.7992599E-02 -1.1844466E-02  2.1117823E-02
  7.8507600E+01 -6.7878795E-05  3.3643338E-02 -4.4567794E-02 -1.1139022E-02  4.5683756E-02
  7.8507600E+01 -8.8660176E-05  3.6929722E-02 -4.3941110E-02 -6.9165330E-03  5.7868730E-02
  7.8507600E+01 -8.0680864E-05  3.2243555E-02 -4.4548839E-02 -1.8718633E-03  6.0168725E-02
  7.8507600E+01 -3.6722097E-05  2.8110974E-02 -4.5205762E-02 -6.2862699E-04  5.8708356E-02
  7.8507600E+01  1.3893182E-06  2.2651502E-02 -4.6175061E-02 -1.1645766E-03  5.7532651E-02
  7.8507600E+01  7.4315344E-06  1.5042965E-02 -4.7311874E-02 -1.4542443E-03  5.7745167E-02
  7.8507600E+01  1.6889242E-05  2.7959576E-03 -4.8563114E-02 -4.0474028E-04  5.8928299E-02
  7.8507600E+01  3.4943755E-05 -9.0845383E-03 -4.9306987E-02  1.3097181E-04  6.1226065E-02
  7.8507600E+01  8.4215948E-05 -1.5691352E-02 -4.9358785E-02 -2.0878954E-04  6.3768698E-02
  7.8507600E+01  1.0215599E-04 -2.3838606E-02 -4.9134717E-02  4.4988600E-04  6.5334427E-02
  7.8507600E+01  7.6602138E-05 -3.2503930E-02 -4.8405716E-02  2.4020092E-04  6.5419352E-02
  7.8507600E+01  4.2548258E-05 -3.4783290E-02 -4.7435253E-02 -1.9357119E-03  6.5040327E-02
  7.8507600E+01  5.3684340E-05 -3.0776423E-02 -4.6759036E-02 -3.2168351E-03  6.6098581E-02
  7.8507600E+01  3.9289320E-05 -2.3844977E-02 -4.6283796E-02 -3.2980044E-03  6.8064312E-02
  7.8507600E+01  2.7628311E-05 -1.9977314E-02 -4.6056032E-02 -1.8096433E-03  6.9781084E-02
  7.8507600E+01  5.1409932E-06 -1.6858474E-02 -4.5494680E-02 -4.2919833E-04  7.0390331E-02
  7.8507600E+01  8.2865892E-06 -1.1114415E-02 -4.3884691E-02 -6.9039274E-04  6.8445648E-02
  7.8507600E+01  3.8487794E-05 -1.0322785E-02 -4.1525329E-02 -3.2947688E-04  6.4728900E-02
  7.8507600E+01  4.7582941E-05 -7.6581996E-03 -3.8901684E-02 -1.7272963E-03  6.2776006E-02
  7.8507600E+01  3.0638994E-05 -3.7181777E-03 -3.7202278E-02 -8.4494233E-04  6.1504659E-02
  7.8507600E+01  1.2486197E-05  5.0640916E-04 -3.5479601E-02  1.5871485E-04  5.8738217E-02
  7.8507600E+01  1.7642041E-05  5.6373138E-03 -3.3563643E-02  2.2722634E-04  5.5025343E-02
  7.8507600E+01  3.1292446E-05  1.0277649E-02 -3.1802143E-02  5.9494835E-04  5.1740751E-02
  7.8507600E+01  2.6800721E-05  1.4145210E-02 -3.0127230E-02  8.6305809E-04  4.8763431E-02
  7.8507600E+01  1.2803270E-05  1.7561831E-02 -2.8333886E-02  5.7027781E-04  4.5241945E-02
  7.8507600E+01 -2.7536451E-06  2.1758919E-02 -2.6399166E-02  2.5024510E-04  4.1396311E-02
  7.8507600E+01 -1.0200005E-05  2.6413719E-02 -2.4834332E-02  5.2551183E-04  3.7773385E-02
  7.8507600E+01 -1.7993636E-05  2.9116565E-02 -2.3629086E-02  8.3952349E-04  3.4560763E-02
  7.8507600E+01 -1.0364072E-05  2.8979267E-02 -2.2376458E-02  1.2315187E-03  3.1549742E-02
  7.8507600E+01  2.8437499E-06  2.5535307E-02 -2.0987160E-02  2.2202309E-03  2.8136467E-02
  7.8507600E+01  1.1109358E-05  2.1231622E-02 -1.9522311E-02  2.2710314E-03  2.4434334E-02
  7.8507600E+01  8.7460326E-06  1.7355080E-02 -1.8252889E-02  1.9400097E-03  2.1193118E-02
  7.8507600E+01  1.0180795E-05  1.3407891E-02 -1.7141286E-02  1.5173677E-03  1.8658075E-02
  7.8507600E+01  1.1263674E-05  1.0063634E-02 -1.6030484E-02  8.9483913E-04  1.6680392E-02
  7.8507600E+01  1.9566696E-06  9.1659480E-03 -1.4997837E-02 -8.9149843E-06  1.5210111E-02
  7.8507600E+01  1.8311771E-06  9.0460850E-03 -1.4376903E-02 -3.2513298E-04  1.4619527E-02
  7.8507600E+01  5.2929010E-06  8.4292491E-03 -1.3976116E-02 -3.4744972E-05  1.4575516E-02
  7.8507600E+01  7.1153025E-06  7.0343310E-03 -1.3561123E-02  2.6633656E-04  1.4516865E-02
  7.8507600E+01  6.5793669E-06  5.7294000E-03 -1.3084100E-02  2.5520898E-04  1.4325259E-02
  7.8507600E+01  4.9886668E-06  4.4947821E-03 -1.2673353E-02  1.6644026E-04  1.4026456E-02
  7.8507600E+01  6.9297826E-08  2.9342999E-03 -1.2367787E-02  2.3802771E-04  1.3599293E-02
  7.8507600E+01 -3.4133532E-06  1.3801474E-03 -1.1948321E-02  1.6167232E-04  1.2964001E-02
  7.8507600E+01 -2.4170431E-06  1.5113024E-03 -1.1402820E-02 -3.1637260E-04  1.2180202E-02
  7.8507600E+01 -6.8954202E-07  1.8009529E-03 -1.1093977E-02 -2.3532935E-04  1.1594443E-02
  7.8507600E+01 -4.0862284E-07  1.5621295E-03 -1.0805600E-02 -2.9514520E-04  1.1283800E-02
  7.8507600E+01 -5.7978596E-07  1.7516727E-03 -1.0529318E-02 -3.5703999E-04  1.1168037E-02
  7.8507600E+01 -7.4604272E-07  2.7486571E-03 -1.0292205E-02 -3.1325647E-04  1.1141738E-02
  7.8507600E+01 -8.6293435E-07  3.8316050E-03 -1.0101281E-02 -1.1308981E-04  1.1136026E-02
  7.8507600E+01  5.9766012E-07  4.2649141E-03 -9.9298685E-03  1.2543563E-04  1.1115970E-02
  7.8507600E+01  3.3084198E-06  4.2635703E-03 -9.7133141E-03  2.0648509E-04  1.1049425E-02
  7.8507600E+01  4.2183799E-06  4.3367414E-03 -9.4262788E-03  1.0613335E-04  1.0867140E-02
  7.8507600E+01  3.7084810E-06  4.4775603E-03 -9.1475857E-03  6.0956113E-05  1.0616068E-02
  7.8507600E+01  4.5315986E-06  4.0647017E-03 -8.9139466E-03  1.3884457E-04  1.0405709E-02
  7.8507600E+01  5.8212168E-06  3.2802488E-03 -8.6777192E-03  1.8707852E-04  1.0216910E-02
  7.8507600E+01  6.3528111E-06  2.6118998E-03 -8.3994314E-03  1.4556590E-04  9.9902713E-03
  7.8507600E+01  6.3710664E-06  2.2410339E-03 -8.0952104E-03  7.4068284E-05  9.6798884E-03
  7.8507600E+01  4.9872962E-06  1.8465289E-03 -7.8045090E-03  7.7292937E-05  9.2832948E-03
  7.8507600E+01  3.1874309E-06  1.0991773E-03 -7.5143984E-03  1.2239544E-04  8.8404701E-03
  7.8507600E+01  2.6552423E-06  5.7881498E-04 -7.2091504E-03 -8.5168203E-06  8.3897515E-03
  7.8507600E+01  2.7453048E-06 -6.6331855E-05 -6.9521389E-03  3.3028900E-05  7.9152054E-03
  7.8507600E+01  1.5161141E-06 -5.3928522E-04 -6.7094127E-03  3.0484382E-05  7.4699776E-03
  7.8507600E+01  1.6314461E-07 -5.0654907E-04 -6.4801488E-03 -3.8074518E-05  7.0915714E-03
  7.8507600E+01  1.2103482E-07 -9.1128871E-05 -6.2677492E-03 -1.1193037E-04  6.7890414E-03
  7.8507600E+01  1.8910176E-07  3.0532798E-04 -6.0829268E-03 -1.3827652E-04  6.5411201E-03
  7.8507600E+01  4.8372056E-07  4.1768698E-04 -5.9347114E-03 -8.2394231E-05  6.3132206E-03
  7.8507600E+01  1.9385037E-06  3.8907050E-04 -5.8062103E-03  3.9923283E-05  6.0797093E-03
  7.8507600E+01  5.7079555E-07  5.1245404E-04 -5.6464954E-03  7.4465940E-05  5.8433508E-03
  7.8507600E+01  8.2773493E-07  6.5517548E-04 -5.4588147E-03  1.0432207E-04  5.6175576E-03
  7.8507600E+01 -6.1391742E-07  6.4557668E-04 -5.2353794E-03  5.8672500E-05  5.3692296E-03
  7.8507600E+01 -1.5321760E-07  6.4742017E-04 -5.0178868E-03 -2.2559352E-05  5.1028170E-03
  7.8507600E+01  2.1317096E-07  7.9956328E-04 -4.8253243E-03 -8.9668620E-05  4.8430270E-03
  7.8507600E+01  2.3729083E-07  1.0800503E-03 -4.6629086E-03 -1.2373461E-04  4.6077147E-03
  7.8507600E+01  2.5211407E-07  1.4076888E-03 -4.5295780E-03 -1.1321226E-04  4.3997922E-03
  7.8507600E+01 -7.1356653E-07  1.7298660E-03 -4.4178249E-03 -4.5641521E-05  4.2083366E-03
  7.8507600E+01  2.3945462E-07  1.8593357E-03 -4.3031940E-03  1.0341869E-05  4.0115658E-03
  7.8507600E+01 -8.5488781E-07  1.9142960E-03 -4.1916504E-03  1.8157003E-05  3.8252956E-03
  7.8507600E+01  6.5146327E-07  2.0043150E-03 -4.0554375E-03 -5.6316507E-05  3.6563648E-03
  7.8507600E+01  2.3881167E-07  2.2839050E-03 -3.9233598E-03 -1.1984263E-04  3.4913881E-03
  7.8507600E+01 -8.3717727E-07  2.5938732E-03 -3.8120063E-03 -1.1421862E-04  3.3166144E-03
  7.8507600E+01 -1.1996373E-06  2.7706387E-03 -3.7062044E-03 -6.8129661E-05  3.1261730E-03
  7.8507600E+01 -1.0900946E-06  2.8187937E-03 -3.5862801E-03 -4.8159560E-05  2.9259610E-03
  7.8507600E+01 -9.5837598E-07  2.8789495E-03 -3.4576328E-03 -8.5662100E-05  2.7308476E-03
  7.8507600E+01 -5.0880175E-07  2.9984929E-03 -3.3452807E-03 -1.3155171E-04  2.5547791E-03
  7.8507600E+01 -2.4656186E-07  2.8958980E-03 -3.2469093E-03 -1.2791490E-04  2.4020967E-03
  7.8507600E+01  1.0664606E-07  2.9419487E-03 -3.1547293E-03 -8.2562389E-05  2.2657074E-03
  7.8507600E+01  3.9002349E-07  2.8520479E-03 -3.0654123E-03 -3.4088117E-05  2.1439856E-03
  7.8507600E+01  7.2139618E-07  2.5699852E-03 -2.9861835E-03 -2.0438986E-06  2.0317914E-03
  7.8507600E+01  8.6232551E-07  2.2239805E-03 -2.9147307E-03  1.8189848E-05  1.9236589E-03
  7.8507600E+01  7.1536405E-07  1.9109179E-03 -2.8467280E-03  2.8372791E-05  1.8147962E-03
  7.8507600E+01  4.0832624E-07  1.6231835E-03 -2.7814810E-03  3.8212735E-05  1.7036184E-03
  7.8507600E+01  1.6276851E-07  1.3111478E-03 -2.7189837E-03  7.1333543E-05  1.5905765E-03
  7.8507600E+01  1.4211402E-07  1.1020022E-03 -2.6484687E-03  1.2215717E-04  1.4783441E-03
  7.8507600E+01  7.7477085E-08  1.0129532E-03 -2.5697371E-03  1.3098121E-04  1.3687365E-03
  7.8507600E+01 -9.9023539E-08  1.1405175E-03 -2.4865175E-03  1.2068082E-04  1.2561831E-03
  7.8507600E+01 -1.4820323E-07  1.2103970E-03 -2.4166345E-03  1.1445400E-04  1.1477833E-03
  7.8507600E+01 -2.3692816E-07  1.3297509E-03 -2.3595751E-03  1.1357296E-04  1.0459752E-03
  7.8507600E+01  3.5746673E-05  8.5452174E-07 -8.4111530E-01  8.4134514E-01  0.0000000E+00
  7.8507600E+01  2.7384481E-05 -1.2487265E-03 -1.6512694E-01 -1.8591301E-01  6.2820037E-02
  7.8507600E+01  2.4751347E-05 -7.6799631E-02 -7.5787167E-02 -8.1641574E-02 -3.7352704E-02
  7.8507600E+01  2.5367173E-05 -3.8523377E-02 -6.1338690E-02 -1.7785835E-02 -6.3033509E-02
  7.8507600E+01 -3.3430747E-05 -8.5887225E-03 -5.6309559E-02 -1.4758391E-03 -5.4719544E-02
  7.8507600E+01 -6.8203160E-05 -1.1786383E-02 -5.3068009E-02  2.8050239E-03 -4.2348236E-02
  7.8507600E+01 -3.5233283E-05 -2.9243561E-02 -5.0621629E-02  3.7418374E-03 -2.9924653E-02
  7.8507600E+01 -3.5947675E-06 -4.5012338E-02 -4.8569878E-02  2.5935381E-03 -1.8692471E-02
  7.8507600E+01  2.0666925E-06 -5.4578912E-02 -4.7010669E-02  2.1188392E-03 -8.7549841E-03
  7.8507600E+01 -1.1481668E-05 -5.7969065E-02 -4.5643017E-02  2.9636940E-03 -6.2213455E-04
  7.8507600E+01 -2.5376679E-05 -5.6546793E-02 -4.3615528E-02  2.1106120E-03  5.6607018E-03
  7.8507600E+01 -2.6342119E-05 -5.1435536E-02 -4.1307357E-02 -4.6171688E-05  1.0524060E-02
  7.8507600E+01  1.0355629E-05 -4.4010813E-02 -3.9333845E-02 -6.2390571E-04  1.3741236E-02
  7.8507600E+01  5.2910226E-05 -3.6460703E-02 -3.8121970E-02  1.8432074E-04  1.6362532E-02
  7.8507600E+01  6.3757924E-05 -2.7882110E-02 -3.6756473E-02 -2.0777870E-04  1.9183624E-02
  7.8507600E+01  3.4317969E-05 -2.0264513E-02 -3.5558029E-02 -3.3752773E-04  2.2011899E-02
  7.8507600E+01  4.0732931E-06 -1.1320391E-02 -3.4094950E-02 -7.3683287E-04  2.4136434E-02
  7.8507600E+01 -1.1507139E-05 -3.2812311E-03 -3.2552804E-02 -2.9117999E-04  2.5440358E-02
  7.8507600E+01 -1.2897263E-05  1.9135610E-03 -3.0882649E-02 -1.0407971E-06  2.6091069E-02
  7.8507600E+01 -1.4219423E-05  5.3355092E-03 -2.8935921E-02 -3.0921903E-04  2.6013077E-02
  7.8507600E+01 -8.1279621E-06  6.8595521E-03 -2.7144588E-02  3.3745157E-05  2.5143916E-02
  7.8507600E+01  9.3774610E-06  9.9613898E-03 -2.5527868E-02 -6.8563787E-04  2.4343513E-02
  7.8507600E+01  2.0711055E-05  1.3156773E-02 -2.4408137E-02 -4.2147378E-04  2.4318340E-02
  7.8507600E+01  1.6133871E-05  1.3440438E-02 -2.3476092E-02  9.3983110E-04  2.3861188E-02
  7.8507600E+01  9.1432855E-06  1.2714964E-02 -2.2140374E-02  1.3214561E-03  2.2327303E-02
  7.8507600E+01  7.6397351E-06  1.4346541E-02 -2.0655683E-02  6.7736082E-04  2.0468555E-02
  7.8507600E+01  4.2002847E-06  1.5142066E-02 -1.9532371E-02  5.3823296E-04  1.8835886E-02
  7.8507600E+01  9.5412175E-06  1.6769910E-02 -1.8456811E-02  3.5559036E-04  1.7260954E-02
  7.8507600E+01  1.5013680E-05  1.9466907E-02 -1.7525649E-02  2.8059972E-04  1.5885887E-02
  7.8507600E+01  1.2174019E-05  2.1362494E-02 -1.6728618E-02  5.0348934E-04  1.4776245E-02
  7.8507600E+01  3.6835232E-06  2.0468142E-02 -1.6010004E-02  9.2315912E-04  1.3795897E-02
  7.8507600E+01  3.2480134E-06  1.7253599E-02 -1.5212945E-02  1.1033677E-03  1.2769507E-02
  7.8507600E+01  9.4176193E-06  1.4072480E-02 -1.4315901E-02  8.5899028E-04  1.1809165E-02
  7.8507600E+01  1.1347164E-05  1.1899116E-02 -1.3559487E-02  4.7376648E-04  1.1138763E-02
  7.8507600E+01  9.5374434E-06  1.0296588E-02 -1.3047711E-02  1.6713437E-04  1.0777545E-02
  7.8507600E+01  7.9426364E-06  8.6927328E-03 -1.2657904E-02  9.9427673E-05  1.0547714E-02
  7.8507600E+01  4.0751900E-06  7.0898409E-03 -1.2282006E-02  1.2045635E-04  1.0284770E-02
  7.8507600E+01  5.1825068E-07  5.7371535E-03 -1.1909279E-02  8.2466667E-05  9.9519579E-03
  7.8507600E+01  2.6983067E-06  4.4430068E-03 -1.1528091E-02  4.1702010E-05  9.6075931E-03
  7.8507600E+01  5.0716856E-06  2.7935738E-03 -1.1162295E-02  9.7008938E-05  9.2796536E-03
  7.8507600E+01  4.1505255E-06  1.3555922E-03 -1.0819381E-02  9.8577721E-05  8.9481293E-03
  7.8507600E+01  3.6536196E-06  9.1581314E-04 -1.0538832E-02  5.0979202E-05  8.7864950E-03
  7.8507600E+01  3.5338651E-06  9.3635839E-04 -1.0315249E-02  8.0523263E-05  8.8395153E-03
  7.8507600E+01  1.5433197E-06  9.5229898E-04 -1.0103492E-02  1.4680463E-04  9.0021194E-03
  7.8507600E+01 -4.2639476E-07  1.1822802E-03 -9.8593218E-03  6.5347102E-05  9.1295230E-03
  7.8507600E+01 -1.0968175E-06  2.0379662E-03 -9.5575250E-03 -2.7201903E-04  9.1622363E-03
  7.8507600E+01 -9.1997453E-07  2.8243143E-03 -9.2518277E-03 -5.0224414E-04  9.1742893E-03
  7.8507600E+01 -1.5261238E-06  3.6594700E-03 -9.0117098E-03 -6.3107704E-04  9.1577099E-03
  7.8507600E+01 -1.3409820E-06  4.1025031E-03 -8.8688012E-03 -3.5034267E-04  9.0846862E-03
  7.8507600E+01 -5.5988991E-07  4.1134898E-03 -8.7332782E-03 -4.2106241E-05  8.9261347E-03
  7.8507600E+01  1.0715835E-07  4.1997826E-03 -8.5065811E-03  2.6436148E-06  8.6861430E-03
  7.8507600E+01  3.1321656E-07  4.3613140E-03 -8.2070114E-03 -1.4902959E-04  8.3885979E-03
  7.8507600E+01  1.0192972E-06  4.2285910E-03 -7.9135771E-03 -2.3665348E-04  8.0681531E-03
  7.8507600E+01  1.4325775E-06  3.6722025E-03 -7.6503259E-03 -9.6796568E-05  7.7627691E-03
  7.8507600E+01  9.6465472E-07  2.8711003E-03 -7.3918418E-03  4.4623896E-05  7.4779005E-03
  7.8507600E+01  3.9669390E-07  2.1544729E-03 -7.1439394E-03  1.4400424E-04  7.1871324E-03
  7.8507600E+01  1.3912687E-07  1.2974440E-03 -6.9285987E-03  2.3060297E-04  6.8498707E-03
  7.8507600E+01 -2.1991097E-07  4.9087951E-04 -6.7053176E-03  2.3896640E-04  6.4656723E-03
  7.8507600E+01 -1.1296484E-06 -4.6149675E-05 -6.4576379E-03  1.6851806E-04  6.0741805E-03
  7.8507600E+01 -1.5682796E-06 -2.6025269E-04 -6.2187286E-03  7.3757617E-05  5.7310619E-03
  7.8507600E+01 -1.4250073E-06 -1.3243375E-04 -6.0236351E-03  4.0110435E-05  5.4839112E-03
  7.8507600E+01 -9.6610556E-07  2.9534399E-04 -5.8609432E-03  9.6163139E-05  5.3374779E-03
  7.8507600E+01  1.3874700E-07  6.1828508E-04 -5.7153952E-03  1.5779623E-04  5.2238549E-03
  7.8507600E+01  9.4714811E-07  7.4111763E-04 -5.5693795E-03  2.0108302E-04  5.1054980E-03
  7.8507600E+01  1.2164279E-06  8.0597630E-04 -5.4061416E-03  1.7170525E-04  4.9632165E-03
  7.8507600E+01  7.9731296E-07  8.7470437E-04 -5.2356481E-03  1.1832055E-04  4.7936118E-03
  7.8507600E+01  3.6044042E-07  9.2955476E-04 -5.0607988E-03  8.1699301E-05  4.6002092E-03
  7.8507600E+01 -1.3632337E-08  9.6304923E-04 -4.8808122E-03  6.8430653E-05  4.3882145E-03
  7.8507600E+01 -2.1895003E-07  1.0042516E-03 -4.7005030E-03  5.6061780E-05  4.1629156E-03
  7.8507600E+01  2.5482784E-09  1.0876916E-03 -4.5348727E-03  1.4934931E-05  3.9325591E-03
  7.8507600E+01 -1.5251112E-07  1.2681840E-03 -4.4077225E-03 -2.9520622E-05  3.7183305E-03
  7.8507600E+01 -4.4769842E-07  1.4545333E-03 -4.3088791E-03  3.2592437E-05  3.5495802E-03
  7.8507600E+01 -8.3298300E-07  1.4608725E-03 -4.1960747E-03  6.5263685E-05  3.3966230E-03
  7.8507600E+01 -7.4804873E-07  1.5579824E-03 -4.0737849E-03  5.4426516E-05  3.2499288E-03
  7.8507600E+01 -6.4274231E-07  1.7402126E-03 -3.9558784E-03  2.3341436E-05  3.1146184E-03
  7.8507600E+01 -5.3980424E-07  1.8299645E-03 -3.8551813E-03 -2.8642711E-06  2.9944777E-03
  7.8507600E+01 -3.2004751E-07  1.7977486E-03 -3.7715597E-03 -1.7742287E-05  2.8844434E-03
  7.8507600E+01 -1.0141249E-07  1.8914550E-03 -3.6873608E-03 -3.7719619E-05  2.7709632E-03
  7.8507600E+01  9.1667407E-07  2.1684830E-03 -3.5790534E-03 -8.8512532E-05  2.6396353E-03
  7.8507600E+01  9.5994650E-07  2.2427602E-03 -3.4798117E-03 -1.0453628E-04  2.5117442E-03
  7.8507600E+01  1.2730827E-06  2.2466124E-03 -3.3697305E-03 -1.2391112E-04  2.3815545E-03
  7.8507600E+01  9.9521634E-07  2.2592653E-03 -3.2614772E-03 -1.1824030E-04  2.2484173E-03
  7.8507600E+01  5.4654013E-07  2.3219064E-03 -3.1676161E-03 -8.7912159E-05  2.1172693E-03
  7.8507600E+01  4.7917093E-07  2.3708441E-03 -3.0883383E-03 -5.7870658E-05  1.9951082E-03
  7.8507600E+01  7.6095909E-07  2.3646893E-03 -3.0175502E-03 -4.7246758E-05  1.8883440E-03
  7.8507600E+01  9.6601958E-07  2.3876184E-03 -2.9517224E-03 -4.7709208E-05  1.7993719E-03
  7.8507600E+01  1.1188015E-06  2.5241300E-03 -2.8913292E-03 -3.2625497E-05  1.7236168E-03
  7.8507600E+01  1.1357132E-06  2.5522576E-03 -2.8348905E-03  1.8060985E-05  1.6505105E-03
  7.8507600E+01  1.0422924E-06  2.2739279E-03 -2.7807459E-03  1.1250150E-04  1.5668819E-03
  7.8507600E+01  8.8366704E-07  2.0320200E-03 -2.7156287E-03  1.5792827E-04  1.4715449E-03
  7.8507600E+01  4.1097075E-07  1.8515020E-03 -2.6432474E-03  1.7241856E-04  1.3697959E-03
  7.8507600E+01  1.1856426E-07  1.6344222E-03 -2.5681069E-03  1.7668874E-04  1.2662000E-03
  7.8507600E+01  8.9279356E-08  1.4159298E-03 -2.4933751E-03  1.6876917E-04  1.1641458E-03
  7.8507600E+01  1.8387881E-07  1.2624809E-03 -2.4216406E-03  1.4485308E-04  1.0653999E-03
  7.8507600E+01  3.5748038E-07  1.1538838E-03 -2.3561282E-03  1.2063586E-04  9.7042778E-04
  7.8507600E+01 -1.1427142E-07  1.1908368E-03 -2.2999404E-03  1.0746062E-04  8.8024736E-04
  7.8507600E+01 -1.0891638E-08  1.2925038E-03 -2.2563384E-03  1.0185846E-04  7.9686192E-04
  7.8507600E+01 -3.6498925E-07  1.4504505E-03 -2.2156820E-03  1.1433673E-04  7.1859917E-04
  7.8507600E+01 -4.9041232E-07  1.5450051E-03 -2.1773789E-03  1.1262998E-04  6.4617116E-04
  7.8507600E+01 -4.7956809E-07  1.6224433E-03 -2.1364524E-03  9.9957037E-05  5.8082357E-04
  7.8507600E+01  3.3125641E-06 -1.3856391E-08 -1.1052518E-01  1.1046261E-01 -2.9737075E-12
  7.8507600E+01  5.2691726E-06  2.8598523E-03 -3.0384532E-02 -2.1199476E-02  1.0146403E-03
  7.8507600E+01 -2.7743319E-06  6.2245503E-03 -4.1793964E-02  4.6369243E-03  2.7452716E-03
  7.8507600E+01 -7.4617565E-06  2.2187839E-02 -5.2959863E-02  1.6418906E-02  2.9612908E-02
  7.8507600E+01 -2.3008644E-05  1.4120028E-02 -5.9110842E-02  7.1427487E-03  8.7550691E-02
  7.8507600E+01 -2.8726145E-05 -2.3407129E-02 -6.2762787E-02 -7.9623154E-03  1.4882387E-01
  7.8507600E+01 -1.1915295E-05 -5.0256912E-02 -6.1526197E-02 -1.5849628E-02  1.6843161E-01
  7.8507600E+01 -3.1776483E-06 -4.0241112E-02 -5.4986991E-02 -1.5263859E-02  1.3974789E-01
  7.8507600E+01 -6.1198726E-06 -1.3891763E-02 -4.7423624E-02 -9.5006417E-03  9.4779623E-02
  7.8507600E+01 -1.1948158E-05  7.1129502E-03 -4.2489051E-02 -2.8695305E-03  5.8933888E-02
  7.8507600E+01 -2.4633001E-06  1.3075377E-02 -3.9810120E-02  1.2748844E-03  3.7495725E-02
  7.8507600E+01  6.5881226E-06  7.0497115E-03 -3.8448883E-02  3.0657122E-03  2.6673316E-02
  7.8507600E+01  4.0755722E-06 -2.4976609E-03 -3.7241775E-02  2.7401452E-03  2.2372358E-02
  7.8507600E+01  1.5356918E-06 -1.0817646E-02 -3.5943403E-02  1.0277553E-03  2.1747289E-02
  7.8507600E+01  1.6773750E-06 -1.8496064E-02 -3.4724169E-02 -5.8921370E-04  2.2680687E-02
  7.8507600E+01 -6.3094758E-07 -2.5152385E-02 -3.3784517E-02 -8.6065757E-04  2.3583713E-02
  7.8507600E+01  2.3178540E-06 -3.0275027E-02 -3.3197698E-02 -5.4758266E-05  2.4008367E-02
  7.8507600E+01  2.1006790E-06 -3.3813411E-02 -3.2654797E-02  8.5573587E-05  2.3841562E-02
  7.8507600E+01  4.8958113E-07 -3.5899497E-02 -3.1948057E-02 -3.6898818E-04  2.3192938E-02
  7.8507600E+01  7.7854302E-06 -3.5137148E-02 -3.1161433E-02 -9.0411897E-04  2.2473158E-02
  7.8507600E+01  1.7374560E-05 -2.9772041E-02 -3.0116032E-02 -1.8466120E-03  2.1932649E-02
  7.8507600E+01  1.1315831E-05 -2.2369976E-02 -2.9186165E-02 -1.7927254E-03  2.1460332E-02
  7.8507600E+01  7.0778215E-06 -1.6582160E-02 -2.8290683E-02 -9.9576211E-04  2.1169733E-02
  7.8507600E+01  1.5994507E-05 -1.2425743E-02 -2.6981423E-02 -6.8534434E-04  2.0978514E-02
  7.8507600E+01  2.9889547E-05 -8.9680006E-03 -2.5251972E-02 -9.7687875E-04  2.0657444E-02
  7.8507600E+01  3.6385865E-05 -5.7090512E-03 -2.3823790E-02 -6.8099192E-04  2.0196094E-02
  7.8507600E+01  3.2534611E-05 -2.1516056E-03 -2.2864607E-02  1.0847879E-06  1.9694706E-02
  7.8507600E+01  2.4846553E-05 -8.9741363E-05 -2.1824982E-02  2.8074413E-04  1.8784992E-02
  7.8507600E+01  2.1593162E-05  1.7954713E-03 -2.0813267E-02  7.1685651E-05  1.7416355E-02
  7.8507600E+01  1.9556381E-05  4.6466621E-03 -1.9890266E-02 -4.0078321E-05  1.5848310E-02
  7.8507600E+01  1.3149093E-05  7.0634799E-03 -1.9099620E-02  2.2931964E-04  1.4440362E-02
  7.8507600E+01  8.1418320E-06  8.4194411E-03 -1.8360206E-02  8.5303359E-04  1.3361823E-02
  7.8507600E+01  6.5070452E-06  8.7362223E-03 -1.7477416E-02  1.2879278E-03  1.2420235E-02
  7.8507600E+01  1.2115475E-05  6.9946425E-03 -1.6668615E-02  1.4163445E-03  1.1560731E-02
  7.8507600E+01  1.3475608E-05  6.1540924E-03 -1.5856080E-02  9.1909833E-04  1.0630121E-02
  7.8507600E+01  4.3489129E-06  7.1394817E-03 -1.5034068E-02  2.2183734E-04  9.7238920E-03
  7.8507600E+01 -4.2617833E-06  8.1581186E-03 -1.4316360E-02 -9.6914015E-05  9.0167259E-03
  7.8507600E+01 -4.3932949E-06  7.9890888E-03 -1.3748450E-02  4.3347789E-05  8.5250699E-03
  7.8507600E+01 -5.2820925E-06  7.7406489E-03 -1.3161771E-02  1.7931661E-04  8.0834269E-03
  7.8507600E+01 -4.6570530E-06  7.2746542E-03 -1.2722661E-02  4.5746281E-04  7.7114582E-03
  7.8507600E+01 -4.8964672E-07  6.6744574E-03 -1.2334084E-02  6.5548751E-04  7.6323311E-03
  7.8507600E+01  1.1522280E-06  5.5476354E-03 -1.1890259E-02  5.8922558E-04  7.6072906E-03
  7.8507600E+01  1.0982657E-07  4.6738953E-03 -1.1443805E-02  3.1738065E-04  7.4758990E-03
  7.8507600E+01 -2.1626610E-06  4.3259156E-03 -1.1070515E-02  9.0086664E-05  7.2787213E-03
  7.8507600E+01 -4.1551025E-06  4.0715379E-03 -1.0769390E-02  1.3143751E-04  7.1676272E-03
  7.8507600E+01 -2.0907384E-06  3.6240695E-03 -1.0433609E-02  3.2849046E-04  7.2381025E-03
  7.8507600E+01 -2.0810593E-06  2.7663786E-03 -1.0017578E-02  3.5970692E-04  7.3690071E-03
  7.8507600E+01  1.5866723E-07  1.6993275E-03 -9.6259928E-03  2.6991861E-04  7.4123517E-03
  7.8507600E+01 -4.0923215E-07  8.7598391E-04 -9.2439182E-03 -2.7547396E-05  7.4193885E-03
  7.8507600E+01  2.8072275E-07  8.0232065E-04 -8.9028541E-03 -2.8887415E-04  7.4181692E-03
  7.8507600E+01  3.8005115E-07  1.1890937E-03 -8.6300992E-03 -3.5968565E-04  7.4042307E-03
  7.8507600E+01  2.6842186E-07  1.4678970E-03 -8.4329269E-03 -2.3441255E-04  7.3503657E-03
  7.8507600E+01  3.5449422E-07  1.5722064E-03 -8.2670712E-03 -8.4523650E-05  7.2198634E-03
  7.8507600E+01  6.7419075E-07  1.9899159E-03 -8.0616392E-03 -1.5059051E-04  6.9959946E-03
  7.8507600E+01  1.1779901E-06  2.7752928E-03 -7.8823772E-03 -2.5557888E-04  6.7423582E-03
  7.8507600E+01  1.8776092E-06  3.0645452E-03 -7.6968726E-03 -1.5070351E-04  6.5657923E-03
  7.8507600E+01  2.1008243E-06  2.8364953E-03 -7.4447023E-03 -6.4894922E-05  6.4000575E-03
  7.8507600E+01  1.4692442E-06  2.3681472E-03 -7.1843986E-03  1.8042835E-05  6.2013679E-03
  7.8507600E+01  9.7558331E-07  1.8901427E-03 -6.9561148E-03  1.4580112E-04  5.9636713E-03
  7.8507600E+01  7.4378380E-07  1.5555581E-03 -6.7578010E-03  3.0579139E-04  5.6956975E-03
  7.8507600E+01  7.5829592E-07  1.3837324E-03 -6.5612139E-03  4.1182213E-04  5.4066875E-03
  7.8507600E+01  6.0321368E-07  1.3942584E-03 -6.3337661E-03  3.9052317E-04  5.1086209E-03
  7.8507600E+01  3.9754343E-08  1.5386925E-03 -6.0976601E-03  3.7363768E-04  4.8436465E-03
  7.8507600E+01 -4.3105295E-07  1.9343087E-03 -5.8726189E-03  3.1622277E-04  4.6533482E-03
  7.8507600E+01  4.1485986E-08  2.1499312E-03 -5.6629369E-03  2.2698852E-04  4.5255450E-03
  7.8507600E+01  1.1189455E-06  2.2248431E-03 -5.4817751E-03  1.9024922E-04  4.4199821E-03
  7.8507600E+01  1.8670117E-06  2.2649150E-03 -5.3164567E-03  2.0876939E-04  4.3027477E-03
  7.8507600E+01  2.1884045E-06  2.1724808E-03 -5.1503916E-03  2.2789428E-04  4.1601497E-03
  7.8507600E+01  2.1749640E-06  1.8862616E-03 -4.9797813E-03  2.0430423E-04  3.9993989E-03
  7.8507600E+01  1.5371101E-06  1.5998708E-03 -4.8120349E-03  1.5076022E-04  3.8383666E-03
  7.8507600E+01  6.5707768E-07  1.5772760E-03 -4.6422655E-03  9.3059410E-05  3.6813517E-03
  7.8507600E+01 -3.6831285E-07  1.4286009E-03 -4.4964314E-03  1.0269828E-04  3.5174724E-03
  7.8507600E+01 -6.6243120E-07  1.4435120E-03 -4.3529881E-03  1.1100815E-04  3.3325098E-03
  7.8507600E+01 -9.3133857E-07  1.6454380E-03 -4.2245913E-03  8.8687566E-05  3.1398268E-03
  7.8507600E+01 -1.1254079E-06  1.8061814E-03 -4.1132400E-03  5.0670164E-05  2.9613809E-03
  7.8507600E+01 -7.5440759E-07  1.8991745E-03 -4.0077891E-03  8.9840030E-06  2.8094933E-03
  7.8507600E+01 -4.3490047E-08  1.9641572E-03 -3.9006883E-03 -3.0269017E-05  2.6815914E-03
  7.8507600E+01  2.4214402E-08  1.9395413E-03 -3.8003275E-03 -5.1340772E-05  2.5670044E-03
  7.8507600E+01  7.7011103E-07  2.0224710E-03 -3.7111925E-03 -2.1771883E-05  2.4603165E-03
  7.8507600E+01 -2.1304704E-07  2.0212083E-03 -3.6153814E-03 -4.0032393E-05  2.3630671E-03
  7.8507600E+01  3.5742429E-08  2.0631984E-03 -3.4959253E-03 -1.1857844E-04  2.2601380E-03
  7.8507600E+01 -1.9914046E-07  2.1696242E-03 -3.3841638E-03 -1.5232727E-04  2.1505004E-03
  7.8507600E+01 -4.5175412E-07  2.2566317E-03 -3.2888245E-03 -1.2955582E-04  2.0438329E-03
  7.8507600E+01 -5.9954513E-07  2.2173116E-03 -3.2055697E-03 -9.1531659E-05  1.9478545E-03
  7.8507600E+01 -9.4933203E-07  2.0567967E-03 -3.1272805E-03 -7.6485166E-05  1.8620225E-03
  7.8507600E+01 -1.1351612E-06  1.9662583E-03 -3.0498872E-03 -7.9269955E-05  1.7777758E-03
  7.8507600E+01 -5.1352214E-07  2.1014775E-03 -2.9746104E-03 -6.1237094E-05  1.6860569E-03
  7.8507600E+01  7.0230928E-08  2.2021552E-03 -2.9117976E-03 -3.3983942E-05  1.5920997E-03
  7.8507600E+01  6.6063953E-07  2.1719208E-03 -2.8549205E-03  1.3427930E-05  1.5152791E-03
  7.8507600E+01  6.9071843E-07  2.1474101E-03 -2.7928009E-03  4.9657440E-05  1.4490234E-03
  7.8507600E+01  7.0310570E-07  2.2746986E-03 -2.7314562E-03  8.0616658E-05  1.3843333E-03
  7.8507600E+01  6.4442681E-07  2.4323775E-03 -2.6707132E-03  1.1527244E-04  1.3138993E-03
  7.8507600E+01  6.7392517E-07  2.4535135E-03 -2.6075187E-03  1.4473242E-04  1.2343566E-03
  7.8507600E+01  9.2383658E-07  2.2594348E-03 -2.5415174E-03  1.6184441E-04  1.1466195E-03
  7.8507600E+01  1.0614888E-06  1.9223370E-03 -2.4762082E-03  1.7942946E-04  1.0543281E-03
  7.8507600E+01  5.0365152E-07  1.6784099E-03 -2.4097742E-03  2.0493691E-04  9.6160897E-04
  7.8507600E+01  3.8793957E-07  1.2623742E-03 -2.3396228E-03  1.8944840E-04  8.6614992E-04
  7.8507600E+01  6.8890671E-08  1.1682661E-03 -2.2735931E-03  1.6383315E-04  7.7373253E-04
  7.8507600E+01 -2.5772239E-08  1.2295053E-03 -2.2195503E-03  1.4803913E-04  6.8780244E-04
  7.8507600E+01 -1.6162226E-07  1.3380758E-03 -2.1711267E-03  1.2963914E-04  6.1043238E-04
