          atime          uplus          yplus           Wshr          trash          trash
  7.8507600E+01  4.3107396E-06  4.3107397E-06  2.2892203E-02  1.3125000E-01  1.3125000E-01
  7.8507600E+01  3.4263830E+00  3.8330814E+00  2.2892203E-02  1.3655000E-01  1.3655000E-01
  7.8507600E+01  4.9023724E+00  7.6733908E+00  2.2892203E-02  1.4186000E-01  1.4186000E-01
  7.8507600E+01  5.2591416E+00  1.1506468E+01  2.2892203E-02  1.4716000E-01  1.4716000E-01
  7.8507600E+01  5.3643390E+00  1.5339545E+01  2.2892203E-02  1.5246000E-01  1.5246000E-01
  7.8507600E+01  5.4137400E+00  1.9179854E+01  2.2892203E-02  1.5777000E-01  1.5777000E-01
  7.8507600E+01  5.4480409E+00  2.3012932E+01  2.2892203E-02  1.6307000E-01  1.6307000E-01
  7.8507600E+01  5.4787662E+00  2.6846009E+01  2.2892203E-02  1.6837000E-01  1.6837000E-01
  7.8507600E+01  5.5119735E+00  3.0679086E+01  2.2892203E-02  1.7367000E-01  1.7367000E-01
  7.8507600E+01  5.5482134E+00  3.4519395E+01  2.2892203E-02  1.7898000E-01  1.7898000E-01
  7.8507600E+01  5.5859632E+00  3.8352472E+01  2.2892203E-02  1.8428000E-01  1.8428000E-01
  7.8507600E+01  5.6241627E+00  4.2185549E+01  2.2892203E-02  1.8958000E-01  1.8958000E-01
  7.8507600E+01  5.6619384E+00  4.6025859E+01  2.2892203E-02  1.9489000E-01  1.9489000E-01
  7.8507600E+01  5.6992918E+00  4.9858936E+01  2.2892203E-02  2.0019000E-01  2.0019000E-01
  7.8507600E+01  5.7379301E+00  5.3692013E+01  2.2892203E-02  2.0549000E-01  2.0549000E-01
  7.8507600E+01  5.7800080E+00  5.7532322E+01  2.2892203E-02  2.1080000E-01  2.1080000E-01
  7.8507600E+01  5.8265168E+00  6.1365400E+01  2.2892203E-02  2.1610000E-01  2.1610000E-01
  7.8507600E+01  5.8766080E+00  6.5198477E+01  2.2892203E-02  2.2140000E-01  2.2140000E-01
  7.8507600E+01  5.9283775E+00  6.9031554E+01  2.2892203E-02  2.2670000E-01  2.2670000E-01
  7.8507600E+01  5.9803089E+00  7.2871863E+01  2.2892203E-02  2.3201000E-01  2.3201000E-01
  7.8507600E+01  6.0318830E+00  7.6704940E+01  2.2892203E-02  2.3731000E-01  2.3731000E-01
  7.8507600E+01  6.0840685E+00  8.0538017E+01  2.2892203E-02  2.4261000E-01  2.4261000E-01
  7.8507600E+01  6.1372317E+00  8.4378327E+01  2.2892203E-02  2.4792000E-01  2.4792000E-01
  7.8507600E+01  6.1902529E+00  8.8211404E+01  2.2892203E-02  2.5322000E-01  2.5322000E-01
  7.8507600E+01  6.2419165E+00  9.2044481E+01  2.2892203E-02  2.5852000E-01  2.5852000E-01
  7.8507600E+01  6.2919833E+00  9.5884790E+01  2.2892203E-02  2.6383000E-01  2.6383000E-01
  7.8507600E+01  6.3413045E+00  9.9717867E+01  2.2892203E-02  2.6913000E-01  2.6913000E-01
  7.8507600E+01  6.3903446E+00  1.0355094E+02  2.2892203E-02  2.7443000E-01  2.7443000E-01
  7.8507600E+01  6.4384770E+00  1.0738402E+02  2.2892203E-02  2.7973000E-01  2.7973000E-01
  7.8507600E+01  6.4850215E+00  1.1122433E+02  2.2892203E-02  2.8504000E-01  2.8504000E-01
  7.8507600E+01  6.5291383E+00  1.1505741E+02  2.2892203E-02  2.9034000E-01  2.9034000E-01
  7.8507600E+01  6.5706512E+00  1.1889049E+02  2.2892203E-02  2.9564000E-01  2.9564000E-01
  7.8507600E+01  6.6100778E+00  1.2273079E+02  2.2892203E-02  3.0095000E-01  3.0095000E-01
  7.8507600E+01  6.6480220E+00  1.2656387E+02  2.2892203E-02  3.0625000E-01  3.0625000E-01
  7.8507600E+01  6.6851256E+00  1.3039695E+02  2.2892203E-02  3.1155000E-01  3.1155000E-01
  7.8507600E+01  6.7219225E+00  1.3423726E+02  2.2892203E-02  3.1686000E-01  3.1686000E-01
  7.8507600E+01  6.7586434E+00  1.3807034E+02  2.2892203E-02  3.2216000E-01  3.2216000E-01
  7.8507600E+01  6.7956988E+00  1.4190341E+02  2.2892203E-02  3.2746000E-01  3.2746000E-01
  7.8507600E+01  6.8335926E+00  1.4574372E+02  2.2892203E-02  3.3277000E-01  3.3277000E-01
  7.8507600E+01  6.8724396E+00  1.4957680E+02  2.2892203E-02  3.3807000E-01  3.3807000E-01
  7.8507600E+01  6.9121691E+00  1.5340988E+02  2.2892203E-02  3.4337000E-01  3.4337000E-01
  7.8507600E+01  6.9525053E+00  1.5724295E+02  2.2892203E-02  3.4867000E-01  3.4867000E-01
  7.8507600E+01  6.9934117E+00  1.6108326E+02  2.2892203E-02  3.5398000E-01  3.5398000E-01
  7.8507600E+01  7.0345996E+00  1.6491634E+02  2.2892203E-02  3.5928000E-01  3.5928000E-01
  7.8507600E+01  7.0758381E+00  1.6874942E+02  2.2892203E-02  3.6458000E-01  3.6458000E-01
  7.8507600E+01  7.1167361E+00  1.7258973E+02  2.2892203E-02  3.6989000E-01  3.6989000E-01
  7.8507600E+01  7.1567984E+00  1.7642280E+02  2.2892203E-02  3.7519000E-01  3.7519000E-01
  7.8507600E+01  7.1961311E+00  1.8025588E+02  2.2892203E-02  3.8049000E-01  3.8049000E-01
  7.8507600E+01  7.2349331E+00  1.8409619E+02  2.2892203E-02  3.8580000E-01  3.8580000E-01
  7.8507600E+01  7.2731010E+00  1.8792927E+02  2.2892203E-02  3.9110000E-01  3.9110000E-01
  7.8507600E+01  7.3108000E+00  1.9176234E+02  2.2892203E-02  3.9640000E-01  3.9640000E-01
  7.8507600E+01  7.3481629E+00  1.9559542E+02  2.2892203E-02  4.0170000E-01  4.0170000E-01
  7.8507600E+01  7.3853282E+00  1.9943573E+02  2.2892203E-02  4.0701000E-01  4.0701000E-01
  7.8507600E+01  7.4220265E+00  2.0326881E+02  2.2892203E-02  4.1231000E-01  4.1231000E-01
  7.8507600E+01  7.4579675E+00  2.0710189E+02  2.2892203E-02  4.1761000E-01  4.1761000E-01
  7.8507600E+01  7.4928991E+00  2.1094219E+02  2.2892203E-02  4.2292000E-01  4.2292000E-01
  7.8507600E+01  7.5265568E+00  2.1477527E+02  2.2892203E-02  4.2822000E-01  4.2822000E-01
  7.8507600E+01  7.5590872E+00  2.1860835E+02  2.2892203E-02  4.3352000E-01  4.3352000E-01
  7.8507600E+01  7.5907314E+00  2.2244866E+02  2.2892203E-02  4.3883000E-01  4.3883000E-01
  7.8507600E+01  7.6215439E+00  2.2628173E+02  2.2892203E-02  4.4413000E-01  4.4413000E-01
  7.8507600E+01  7.6516856E+00  2.3011481E+02  2.2892203E-02  4.4943000E-01  4.4943000E-01
  7.8507600E+01  7.6811660E+00  2.3394789E+02  2.2892203E-02  4.5473000E-01  4.5473000E-01
  7.8507600E+01  7.7100178E+00  2.3778820E+02  2.2892203E-02  4.6004000E-01  4.6004000E-01
  7.8507600E+01  7.7380728E+00  2.4162128E+02  2.2892203E-02  4.6534000E-01  4.6534000E-01
  7.8507600E+01  7.7653904E+00  2.4545435E+02  2.2892203E-02  4.7064000E-01  4.7064000E-01
  7.8507600E+01  7.7921294E+00  2.4929466E+02  2.2892203E-02  4.7595000E-01  4.7595000E-01
  7.8507600E+01  7.8183185E+00  2.5312774E+02  2.2892203E-02  4.8125000E-01  4.8125000E-01
  7.8507600E+01  7.8440767E+00  2.5696082E+02  2.2892203E-02  4.8655000E-01  4.8655000E-01
  7.8507600E+01  7.8693913E+00  2.6080113E+02  2.2892203E-02  4.9186000E-01  4.9186000E-01
  7.8507600E+01  7.8939755E+00  2.6463420E+02  2.2892203E-02  4.9716000E-01  4.9716000E-01
  7.8507600E+01  7.9176441E+00  2.6846728E+02  2.2892203E-02  5.0246000E-01  5.0246000E-01
  7.8507600E+01  7.9403746E+00  2.7230759E+02  2.2892203E-02  5.0777000E-01  5.0777000E-01
  7.8507600E+01  7.9621569E+00  2.7614067E+02  2.2892203E-02  5.1307000E-01  5.1307000E-01
  7.8507600E+01  7.9831728E+00  2.7997374E+02  2.2892203E-02  5.1837000E-01  5.1837000E-01
  7.8507600E+01  8.0035718E+00  2.8380682E+02  2.2892203E-02  5.2367000E-01  5.2367000E-01
  7.8507600E+01  8.0235193E+00  2.8764713E+02  2.2892203E-02  5.2898000E-01  5.2898000E-01
  7.8507600E+01  8.0430171E+00  2.9148021E+02  2.2892203E-02  5.3428000E-01  5.3428000E-01
  7.8507600E+01  8.0621162E+00  2.9531328E+02  2.2892203E-02  5.3958000E-01  5.3958000E-01
  7.8507600E+01  8.0808325E+00  2.9915359E+02  2.2892203E-02  5.4489000E-01  5.4489000E-01
  7.8507600E+01  8.0991170E+00  3.0298667E+02  2.2892203E-02  5.5019000E-01  5.5019000E-01
  7.8507600E+01  8.1170960E+00  3.0681975E+02  2.2892203E-02  5.5549000E-01  5.5549000E-01
  7.8507600E+01  8.1349927E+00  3.1066006E+02  2.2892203E-02  5.6080000E-01  5.6080000E-01
  7.8507600E+01  8.1528301E+00  3.1449314E+02  2.2892203E-02  5.6610000E-01  5.6610000E-01
  7.8507600E+01  8.1705865E+00  3.1832621E+02  2.2892203E-02  5.7140000E-01  5.7140000E-01
  7.8507600E+01  8.1881276E+00  3.2215929E+02  2.2892203E-02  5.7670000E-01  5.7670000E-01
  7.8507600E+01  8.2053784E+00  3.2599960E+02  2.2892203E-02  5.8201000E-01  5.8201000E-01
  7.8507600E+01  8.2222564E+00  3.2983267E+02  2.2892203E-02  5.8731000E-01  5.8731000E-01
  7.8507600E+01  8.2388255E+00  3.3366575E+02  2.2892203E-02  5.9261000E-01  5.9261000E-01
  7.8507600E+01  8.2550691E+00  3.3750606E+02  2.2892203E-02  5.9792000E-01  5.9792000E-01
  7.8507600E+01  8.2708314E+00  3.4133914E+02  2.2892203E-02  6.0322000E-01  6.0322000E-01
  7.8507600E+01  8.2860626E+00  3.4517222E+02  2.2892203E-02  6.0852000E-01  6.0852000E-01
  7.8507600E+01  8.3007441E+00  3.4901253E+02  2.2892203E-02  6.1383000E-01  6.1383000E-01
  7.8507600E+01  8.3147947E+00  3.5284560E+02  2.2892203E-02  6.1913000E-01  6.1913000E-01
  7.8507600E+01  8.3282138E+00  3.5667868E+02  2.2892203E-02  6.2443000E-01  6.2443000E-01
  7.8507600E+01  8.3409531E+00  3.6051176E+02  2.2892203E-02  6.2973000E-01  6.2973000E-01
  7.8507600E+01  8.3529684E+00  3.6435207E+02  2.2892203E-02  6.3504000E-01  6.3504000E-01
  7.8507600E+01  8.3641685E+00  3.6818514E+02  2.2892203E-02  6.4034000E-01  6.4034000E-01
  7.8507600E+01  8.3746076E+00  3.7201822E+02  2.2892203E-02  6.4564000E-01  6.4564000E-01
  7.8507600E+01  8.3844314E+00  3.7585853E+02  2.2892203E-02  6.5095000E-01  6.5095000E-01
  7.8507600E+01  8.3937731E+00  3.7969161E+02  2.2892203E-02  6.5625000E-01  6.5625000E-01
  7.8507600E+01  4.7101599E-05  4.7802271E-05  1.0060072E-03  8.4798000E-02  8.4798000E-02
  7.8507600E+01  8.1341035E-01  8.4466817E-01  1.0060072E-03  9.0369000E-02  9.0369000E-02
  7.8507600E+01  1.5056403E+00  1.6892887E+00  1.0060072E-03  9.5940000E-02  9.5940000E-02
  7.8507600E+01  1.9187370E+00  2.5337575E+00  1.0060072E-03  1.0151000E-01  1.0151000E-01
  7.8507600E+01  1.8963403E+00  3.3782265E+00  1.0060072E-03  1.0708000E-01  1.0708000E-01
  7.8507600E+01  1.3161038E+00  4.2226954E+00  1.0060072E-03  1.1265000E-01  1.1265000E-01
  7.8507600E+01  6.0312794E-01  5.0671643E+00  1.0060072E-03  1.1822000E-01  1.1822000E-01
  7.8507600E+01  2.6105050E+00  5.9131489E+00  1.0060072E-03  1.2380000E-01  1.2380000E-01
  7.8507600E+01  6.0681023E+00  6.7576177E+00  1.0060072E-03  1.2937000E-01  1.2937000E-01
  7.8507600E+01  1.0566306E+01  7.6020868E+00  1.0060072E-03  1.3494000E-01  1.3494000E-01
  7.8507600E+01  1.5432532E+01  8.4465556E+00  1.0060072E-03  1.4051000E-01  1.4051000E-01
  7.8507600E+01  1.9656748E+01  9.2910246E+00  1.0060072E-03  1.4608000E-01  1.4608000E-01
  7.8507600E+01  2.2593930E+01  1.0135493E+01  1.0060072E-03  1.5165000E-01  1.5165000E-01
  7.8507600E+01  2.4345752E+01  1.0979962E+01  1.0060072E-03  1.5722000E-01  1.5722000E-01
  7.8507600E+01  2.5335066E+01  1.1824431E+01  1.0060072E-03  1.6279000E-01  1.6279000E-01
  7.8507600E+01  2.5908831E+01  1.2668900E+01  1.0060072E-03  1.6836000E-01  1.6836000E-01
  7.8507600E+01  2.6275044E+01  1.3514885E+01  1.0060072E-03  1.7394000E-01  1.7394000E-01
  7.8507600E+01  2.6546501E+01  1.4359354E+01  1.0060072E-03  1.7951000E-01  1.7951000E-01
  7.8507600E+01  2.6780692E+01  1.5203823E+01  1.0060072E-03  1.8508000E-01  1.8508000E-01
  7.8507600E+01  2.6998602E+01  1.6048292E+01  1.0060072E-03  1.9065000E-01  1.9065000E-01
  7.8507600E+01  2.7206342E+01  1.6892760E+01  1.0060072E-03  1.9622000E-01  1.9622000E-01
  7.8507600E+01  2.7407962E+01  1.7737230E+01  1.0060072E-03  2.0179000E-01  2.0179000E-01
  7.8507600E+01  2.7609801E+01  1.8581698E+01  1.0060072E-03  2.0736000E-01  2.0736000E-01
  7.8507600E+01  2.7816704E+01  1.9426167E+01  1.0060072E-03  2.1293000E-01  2.1293000E-01
  7.8507600E+01  2.8032384E+01  2.0272152E+01  1.0060072E-03  2.1851000E-01  2.1851000E-01
  7.8507600E+01  2.8256826E+01  2.1116621E+01  1.0060072E-03  2.2408000E-01  2.2408000E-01
  7.8507600E+01  2.8485228E+01  2.1961090E+01  1.0060072E-03  2.2965000E-01  2.2965000E-01
  7.8507600E+01  2.8711354E+01  2.2805559E+01  1.0060072E-03  2.3522000E-01  2.3522000E-01
  7.8507600E+01  2.8934089E+01  2.3650029E+01  1.0060072E-03  2.4079000E-01  2.4079000E-01
  7.8507600E+01  2.9156208E+01  2.4494496E+01  1.0060072E-03  2.4636000E-01  2.4636000E-01
  7.8507600E+01  2.9381832E+01  2.5338966E+01  1.0060072E-03  2.5193000E-01  2.5193000E-01
  7.8507600E+01  2.9612941E+01  2.6183435E+01  1.0060072E-03  2.5750000E-01  2.5750000E-01
  7.8507600E+01  2.9846685E+01  2.7027904E+01  1.0060072E-03  2.6307000E-01  2.6307000E-01
  7.8507600E+01  3.0078091E+01  2.7873889E+01  1.0060072E-03  2.6865000E-01  2.6865000E-01
  7.8507600E+01  3.0304495E+01  2.8718357E+01  1.0060072E-03  2.7422000E-01  2.7422000E-01
  7.8507600E+01  3.0526635E+01  2.9562826E+01  1.0060072E-03  2.7979000E-01  2.7979000E-01
  7.8507600E+01  3.0743585E+01  3.0407296E+01  1.0060072E-03  2.8536000E-01  2.8536000E-01
  7.8507600E+01  3.0953644E+01  3.1251765E+01  1.0060072E-03  2.9093000E-01  2.9093000E-01
  7.8507600E+01  3.1156139E+01  3.2096232E+01  1.0060072E-03  2.9650000E-01  2.9650000E-01
  7.8507600E+01  3.1352014E+01  3.2940702E+01  1.0060072E-03  3.0207000E-01  3.0207000E-01
  7.8507600E+01  3.1541488E+01  3.3785169E+01  1.0060072E-03  3.0764000E-01  3.0764000E-01
  7.8507600E+01  3.1724502E+01  3.4629639E+01  1.0060072E-03  3.1321000E-01  3.1321000E-01
  7.8507600E+01  3.1903501E+01  3.5475626E+01  1.0060072E-03  3.1879000E-01  3.1879000E-01
  7.8507600E+01  3.2080557E+01  3.6320094E+01  1.0060072E-03  3.2436000E-01  3.2436000E-01
  7.8507600E+01  3.2258457E+01  3.7164561E+01  1.0060072E-03  3.2993000E-01  3.2993000E-01
  7.8507600E+01  3.2439197E+01  3.8009031E+01  1.0060072E-03  3.3550000E-01  3.3550000E-01
  7.8507600E+01  3.2623998E+01  3.8853501E+01  1.0060072E-03  3.4107000E-01  3.4107000E-01
  7.8507600E+01  3.2812899E+01  3.9697968E+01  1.0060072E-03  3.4664000E-01  3.4664000E-01
  7.8507600E+01  3.3006175E+01  4.0542437E+01  1.0060072E-03  3.5221000E-01  3.5221000E-01
  7.8507600E+01  3.3203014E+01  4.1386908E+01  1.0060072E-03  3.5778000E-01  3.5778000E-01
  7.8507600E+01  3.3402203E+01  4.2232892E+01  1.0060072E-03  3.6336000E-01  3.6336000E-01
  7.8507600E+01  3.3601114E+01  4.3077360E+01  1.0060072E-03  3.6893000E-01  3.6893000E-01
  7.8507600E+01  3.3798063E+01  4.3921828E+01  1.0060072E-03  3.7450000E-01  3.7450000E-01
  7.8507600E+01  3.3991253E+01  4.4766298E+01  1.0060072E-03  3.8007000E-01  3.8007000E-01
  7.8507600E+01  3.4180069E+01  4.5610767E+01  1.0060072E-03  3.8564000E-01  3.8564000E-01
  7.8507600E+01  3.4365341E+01  4.6455236E+01  1.0060072E-03  3.9121000E-01  3.9121000E-01
  7.8507600E+01  3.4547657E+01  4.7299705E+01  1.0060072E-03  3.9678000E-01  3.9678000E-01
  7.8507600E+01  3.4727784E+01  4.8144174E+01  1.0060072E-03  4.0235000E-01  4.0235000E-01
  7.8507600E+01  3.4905998E+01  4.8988643E+01  1.0060072E-03  4.0792000E-01  4.0792000E-01
  7.8507600E+01  3.5082181E+01  4.9834627E+01  1.0060072E-03  4.1350000E-01  4.1350000E-01
  7.8507600E+01  3.5254799E+01  5.0679095E+01  1.0060072E-03  4.1907000E-01  4.1907000E-01
  7.8507600E+01  3.5423205E+01  5.1523566E+01  1.0060072E-03  4.2464000E-01  4.2464000E-01
  7.8507600E+01  3.5586644E+01  5.2368033E+01  1.0060072E-03  4.3021000E-01  4.3021000E-01
  7.8507600E+01  3.5744563E+01  5.3212501E+01  1.0060072E-03  4.3578000E-01  4.3578000E-01
  7.8507600E+01  3.5897397E+01  5.4056972E+01  1.0060072E-03  4.4135000E-01  4.4135000E-01
  7.8507600E+01  3.6045781E+01  5.4901442E+01  1.0060072E-03  4.4692000E-01  4.4692000E-01
  7.8507600E+01  3.6190040E+01  5.5745911E+01  1.0060072E-03  4.5249000E-01  4.5249000E-01
  7.8507600E+01  3.6330145E+01  5.6590379E+01  1.0060072E-03  4.5806000E-01  4.5806000E-01
  7.8507600E+01  3.6466175E+01  5.7436362E+01  1.0060072E-03  4.6364000E-01  4.6364000E-01
  7.8507600E+01  3.6597683E+01  5.8280831E+01  1.0060072E-03  4.6921000E-01  4.6921000E-01
  7.8507600E+01  3.6725393E+01  5.9125301E+01  1.0060072E-03  4.7478000E-01  4.7478000E-01
  7.8507600E+01  3.6849814E+01  5.9969771E+01  1.0060072E-03  4.8035000E-01  4.8035000E-01
  7.8507600E+01  3.6971508E+01  6.0814239E+01  1.0060072E-03  4.8592000E-01  4.8592000E-01
  7.8507600E+01  3.7090823E+01  6.1658707E+01  1.0060072E-03  4.9149000E-01  4.9149000E-01
  7.8507600E+01  3.7207704E+01  6.2503177E+01  1.0060072E-03  4.9706000E-01  4.9706000E-01
  7.8507600E+01  3.7321759E+01  6.3347647E+01  1.0060072E-03  5.0263000E-01  5.0263000E-01
  7.8507600E+01  3.7432621E+01  6.4193633E+01  1.0060072E-03  5.0821000E-01  5.0821000E-01
  7.8507600E+01  3.7539397E+01  6.5038101E+01  1.0060072E-03  5.1378000E-01  5.1378000E-01
  7.8507600E+01  3.7642101E+01  6.5882570E+01  1.0060072E-03  5.1935000E-01  5.1935000E-01
  7.8507600E+01  3.7741089E+01  6.6727038E+01  1.0060072E-03  5.2492000E-01  5.2492000E-01
  7.8507600E+01  3.7837232E+01  6.7571505E+01  1.0060072E-03  5.3049000E-01  5.3049000E-01
  7.8507600E+01  3.7931384E+01  6.8415974E+01  1.0060072E-03  5.3606000E-01  5.3606000E-01
  7.8507600E+01  3.8023869E+01  6.9260444E+01  1.0060072E-03  5.4163000E-01  5.4163000E-01
  7.8507600E+01  3.8114673E+01  7.0104913E+01  1.0060072E-03  5.4720000E-01  5.4720000E-01
  7.8507600E+01  3.8203666E+01  7.0949381E+01  1.0060072E-03  5.5277000E-01  5.5277000E-01
  7.8507600E+01  3.8290938E+01  7.1795367E+01  1.0060072E-03  5.5835000E-01  5.5835000E-01
  7.8507600E+01  3.8376275E+01  7.2639838E+01  1.0060072E-03  5.6392000E-01  5.6392000E-01
  7.8507600E+01  3.8460097E+01  7.3484303E+01  1.0060072E-03  5.6949000E-01  5.6949000E-01
  7.8507600E+01  3.8542892E+01  7.4328775E+01  1.0060072E-03  5.7506000E-01  5.7506000E-01
  7.8507600E+01  3.8625076E+01  7.5173244E+01  1.0060072E-03  5.8063000E-01  5.8063000E-01
  7.8507600E+01  3.8706359E+01  7.6017711E+01  1.0060072E-03  5.8620000E-01  5.8620000E-01
  7.8507600E+01  3.8786120E+01  7.6862180E+01  1.0060072E-03  5.9177000E-01  5.9177000E-01
  7.8507600E+01  3.8863794E+01  7.7706649E+01  1.0060072E-03  5.9734000E-01  5.9734000E-01
  7.8507600E+01  3.8939060E+01  7.8551118E+01  1.0060072E-03  6.0291000E-01  6.0291000E-01
  7.8507600E+01  3.9011966E+01  7.9397103E+01  1.0060072E-03  6.0849000E-01  6.0849000E-01
  7.8507600E+01  3.9082262E+01  8.0241572E+01  1.0060072E-03  6.1406000E-01  6.1406000E-01
  7.8507600E+01  3.9149883E+01  8.1086041E+01  1.0060072E-03  6.1963000E-01  6.1963000E-01
  7.8507600E+01  3.9214586E+01  8.1930510E+01  1.0060072E-03  6.2520000E-01  6.2520000E-01
  7.8507600E+01  3.9276098E+01  8.2774979E+01  1.0060072E-03  6.3077000E-01  6.3077000E-01
  7.8507600E+01  3.9334200E+01  8.3619448E+01  1.0060072E-03  6.3634000E-01  6.3634000E-01
  7.8507600E+01  0.0000000E+00  0.0000000E+00  1.9772407E-03  9.8860186E-02  9.8860186E-02
  7.8507600E+01  3.1762052E-01  1.1668455E+00  1.9772420E-03  1.0435000E-01  1.0435000E-01
  7.8507600E+01  6.1923903E-01  2.3337340E+00  1.9772420E-03  1.0984000E-01  1.0984000E-01
  7.8507600E+01  2.2276436E+00  3.5006215E+00  1.9772420E-03  1.1533000E-01  1.1533000E-01
  7.8507600E+01  4.1644306E+00  4.6675099E+00  1.9772420E-03  1.2082000E-01  1.2082000E-01
  7.8507600E+01  6.2679203E+00  5.8343978E+00  1.9772420E-03  1.2631000E-01  1.2631000E-01
  7.8507600E+01  8.4343792E+00  7.0012858E+00  1.9772420E-03  1.3180000E-01  1.3180000E-01
  7.8507600E+01  1.0550913E+01  8.1681738E+00  1.9772420E-03  1.3729000E-01  1.3729000E-01
  7.8507600E+01  1.2474233E+01  9.3350638E+00  1.9772420E-03  1.4278000E-01  1.4278000E-01
  7.8507600E+01  1.4078479E+01  1.0501951E+01  1.9772420E-03  1.4827000E-01  1.4827000E-01
  7.8507600E+01  1.5324240E+01  1.1668839E+01  1.9772420E-03  1.5376000E-01  1.5376000E-01
  7.8507600E+01  1.6253143E+01  1.2835727E+01  1.9772420E-03  1.5925000E-01  1.5925000E-01
  7.8507600E+01  1.6937021E+01  1.4002617E+01  1.9772420E-03  1.6474000E-01  1.6474000E-01
  7.8507600E+01  1.7440769E+01  1.5169503E+01  1.9772420E-03  1.7023000E-01  1.7023000E-01
  7.8507600E+01  1.7820578E+01  1.6336392E+01  1.9772420E-03  1.7572000E-01  1.7572000E-01
  7.8507600E+01  1.8121173E+01  1.7503280E+01  1.9772420E-03  1.8121000E-01  1.8121000E-01
  7.8507600E+01  1.8371035E+01  1.8670169E+01  1.9772420E-03  1.8670000E-01  1.8670000E-01
  7.8507600E+01  1.8588437E+01  1.9837057E+01  1.9772420E-03  1.9219000E-01  1.9219000E-01
  7.8507600E+01  1.8782849E+01  2.1003943E+01  1.9772420E-03  1.9768000E-01  1.9768000E-01
  7.8507600E+01  1.8960773E+01  2.2170833E+01  1.9772420E-03  2.0317000E-01  2.0317000E-01
  7.8507600E+01  1.9129345E+01  2.3337720E+01  1.9772420E-03  2.0866000E-01  2.0866000E-01
  7.8507600E+01  1.9292624E+01  2.4504609E+01  1.9772420E-03  2.1415000E-01  2.1415000E-01
  7.8507600E+01  1.9453375E+01  2.5671498E+01  1.9772420E-03  2.1964000E-01  2.1964000E-01
  7.8507600E+01  1.9613332E+01  2.6838385E+01  1.9772420E-03  2.2513000E-01  2.2513000E-01
  7.8507600E+01  1.9772276E+01  2.8005273E+01  1.9772420E-03  2.3062000E-01  2.3062000E-01
  7.8507600E+01  1.9930092E+01  2.9172161E+01  1.9772420E-03  2.3611000E-01  2.3611000E-01
  7.8507600E+01  2.0087525E+01  3.0339050E+01  1.9772420E-03  2.4160000E-01  2.4160000E-01
  7.8507600E+01  2.0243579E+01  3.1505939E+01  1.9772420E-03  2.4709000E-01  2.4709000E-01
  7.8507600E+01  2.0398285E+01  3.2672827E+01  1.9772420E-03  2.5258000E-01  2.5258000E-01
  7.8507600E+01  2.0554078E+01  3.3839715E+01  1.9772420E-03  2.5807000E-01  2.5807000E-01
  7.8507600E+01  2.0712898E+01  3.5006603E+01  1.9772420E-03  2.6356000E-01  2.6356000E-01
  7.8507600E+01  2.0874516E+01  3.6173490E+01  1.9772420E-03  2.6905000E-01  2.6905000E-01
  7.8507600E+01  2.1036750E+01  3.7340379E+01  1.9772420E-03  2.7454000E-01  2.7454000E-01
  7.8507600E+01  2.1196577E+01  3.8507268E+01  1.9772420E-03  2.8003000E-01  2.8003000E-01
  7.8507600E+01  2.1350949E+01  3.9674156E+01  1.9772420E-03  2.8552000E-01  2.8552000E-01
  7.8507600E+01  2.1498978E+01  4.0841045E+01  1.9772420E-03  2.9101000E-01  2.9101000E-01
  7.8507600E+01  2.1641050E+01  4.2007932E+01  1.9772420E-03  2.9650000E-01  2.9650000E-01
  7.8507600E+01  2.1778112E+01  4.3174819E+01  1.9772420E-03  3.0199000E-01  3.0199000E-01
  7.8507600E+01  2.1911624E+01  4.4341709E+01  1.9772420E-03  3.0748000E-01  3.0748000E-01
  7.8507600E+01  2.2043669E+01  4.5508597E+01  1.9772420E-03  3.1297000E-01  3.1297000E-01
  7.8507600E+01  2.2175845E+01  4.6675482E+01  1.9772420E-03  3.1846000E-01  3.1846000E-01
  7.8507600E+01  2.2309098E+01  4.7842373E+01  1.9772420E-03  3.2395000E-01  3.2395000E-01
  7.8507600E+01  2.2443686E+01  4.9009261E+01  1.9772420E-03  3.2944000E-01  3.2944000E-01
  7.8507600E+01  2.2579444E+01  5.0176148E+01  1.9772420E-03  3.3493000E-01  3.3493000E-01
  7.8507600E+01  2.2716134E+01  5.1343038E+01  1.9772420E-03  3.4042000E-01  3.4042000E-01
  7.8507600E+01  2.2853518E+01  5.2509926E+01  1.9772420E-03  3.4591000E-01  3.4591000E-01
  7.8507600E+01  2.2990812E+01  5.3676812E+01  1.9772420E-03  3.5140000E-01  3.5140000E-01
  7.8507600E+01  2.3126875E+01  5.4843702E+01  1.9772420E-03  3.5689000E-01  3.5689000E-01
  7.8507600E+01  2.3261835E+01  5.6010591E+01  1.9772420E-03  3.6238000E-01  3.6238000E-01
  7.8507600E+01  2.3396591E+01  5.7177477E+01  1.9772420E-03  3.6787000E-01  3.6787000E-01
  7.8507600E+01  2.3531468E+01  5.8344365E+01  1.9772420E-03  3.7336000E-01  3.7336000E-01
  7.8507600E+01  2.3665833E+01  5.9511255E+01  1.9772420E-03  3.7885000E-01  3.7885000E-01
  7.8507600E+01  2.3798500E+01  6.0678142E+01  1.9772420E-03  3.8434000E-01  3.8434000E-01
  7.8507600E+01  2.3928531E+01  6.1845027E+01  1.9772420E-03  3.8983000E-01  3.8983000E-01
  7.8507600E+01  2.4055869E+01  6.3011919E+01  1.9772420E-03  3.9532000E-01  3.9532000E-01
  7.8507600E+01  2.4180760E+01  6.4178805E+01  1.9772420E-03  4.0081000E-01  4.0081000E-01
  7.8507600E+01  2.4303529E+01  6.5345694E+01  1.9772420E-03  4.0630000E-01  4.0630000E-01
  7.8507600E+01  2.4424359E+01  6.6512584E+01  1.9772420E-03  4.1179000E-01  4.1179000E-01
  7.8507600E+01  2.4543093E+01  6.7679472E+01  1.9772420E-03  4.1728000E-01  4.1728000E-01
  7.8507600E+01  2.4659284E+01  6.8846358E+01  1.9772420E-03  4.2277000E-01  4.2277000E-01
  7.8507600E+01  2.4772435E+01  7.0013245E+01  1.9772420E-03  4.2826000E-01  4.2826000E-01
  7.8507600E+01  2.4882306E+01  7.1180136E+01  1.9772420E-03  4.3375000E-01  4.3375000E-01
  7.8507600E+01  2.4989071E+01  7.2347023E+01  1.9772420E-03  4.3924000E-01  4.3924000E-01
  7.8507600E+01  2.5092788E+01  7.3513913E+01  1.9772420E-03  4.4473000E-01  4.4473000E-01
  7.8507600E+01  2.5193912E+01  7.4680800E+01  1.9772420E-03  4.5022000E-01  4.5022000E-01
  7.8507600E+01  2.5292912E+01  7.5847687E+01  1.9772420E-03  4.5571000E-01  4.5571000E-01
  7.8507600E+01  2.5389812E+01  7.7014576E+01  1.9772420E-03  4.6120000E-01  4.6120000E-01
  7.8507600E+01  2.5484225E+01  7.8181463E+01  1.9772420E-03  4.6669000E-01  4.6669000E-01
  7.8507600E+01  2.5575667E+01  7.9348351E+01  1.9772420E-03  4.7218000E-01  4.7218000E-01
  7.8507600E+01  2.5663966E+01  8.0515240E+01  1.9772420E-03  4.7767000E-01  4.7767000E-01
  7.8507600E+01  2.5749565E+01  8.1682128E+01  1.9772420E-03  4.8316000E-01  4.8316000E-01
  7.8507600E+01  2.5832811E+01  8.2849018E+01  1.9772420E-03  4.8865000E-01  4.8865000E-01
  7.8507600E+01  2.5913702E+01  8.4015906E+01  1.9772420E-03  4.9414000E-01  4.9414000E-01
  7.8507600E+01  2.5992473E+01  8.5182793E+01  1.9772420E-03  4.9963000E-01  4.9963000E-01
  7.8507600E+01  2.6069271E+01  8.6349681E+01  1.9772420E-03  5.0512000E-01  5.0512000E-01
  7.8507600E+01  2.6144056E+01  8.7516570E+01  1.9772420E-03  5.1061000E-01  5.1061000E-01
  7.8507600E+01  2.6216711E+01  8.8683458E+01  1.9772420E-03  5.1610000E-01  5.1610000E-01
  7.8507600E+01  2.6287256E+01  8.9850346E+01  1.9772420E-03  5.2159000E-01  5.2159000E-01
  7.8507600E+01  2.6356043E+01  9.1017234E+01  1.9772420E-03  5.2708000E-01  5.2708000E-01
  7.8507600E+01  2.6423433E+01  9.2184123E+01  1.9772420E-03  5.3257000E-01  5.3257000E-01
  7.8507600E+01  2.6489264E+01  9.3351011E+01  1.9772420E-03  5.3806000E-01  5.3806000E-01
  7.8507600E+01  2.6553385E+01  9.4517899E+01  1.9772420E-03  5.4355000E-01  5.4355000E-01
  7.8507600E+01  2.6615881E+01  9.5684787E+01  1.9772420E-03  5.4904000E-01  5.4904000E-01
  7.8507600E+01  2.6676894E+01  9.6851676E+01  1.9772420E-03  5.5453000E-01  5.5453000E-01
  7.8507600E+01  2.6736489E+01  9.8018563E+01  1.9772420E-03  5.6002000E-01  5.6002000E-01
  7.8507600E+01  2.6794633E+01  9.9185452E+01  1.9772420E-03  5.6551000E-01  5.6551000E-01
  7.8507600E+01  2.6851293E+01  1.0035234E+02  1.9772420E-03  5.7100000E-01  5.7100000E-01
  7.8507600E+01  2.6906694E+01  1.0151923E+02  1.9772420E-03  5.7649000E-01  5.7649000E-01
  7.8507600E+01  2.6961193E+01  1.0268612E+02  1.9772420E-03  5.8198000E-01  5.8198000E-01
  7.8507600E+01  2.7014926E+01  1.0385300E+02  1.9772420E-03  5.8747000E-01  5.8747000E-01
  7.8507600E+01  2.7067646E+01  1.0501989E+02  1.9772420E-03  5.9296000E-01  5.9296000E-01
  7.8507600E+01  2.7119051E+01  1.0618678E+02  1.9772420E-03  5.9845000E-01  5.9845000E-01
  7.8507600E+01  2.7168989E+01  1.0735367E+02  1.9772420E-03  6.0394000E-01  6.0394000E-01
  7.8507600E+01  2.7217462E+01  1.0852056E+02  1.9772420E-03  6.0943000E-01  6.0943000E-01
  7.8507600E+01  2.7264513E+01  1.0968744E+02  1.9772420E-03  6.1492000E-01  6.1492000E-01
  7.8507600E+01  2.7310028E+01  1.1085433E+02  1.9772420E-03  6.2041000E-01  6.2041000E-01
  7.8507600E+01  2.7353679E+01  1.1202122E+02  1.9772420E-03  6.2590000E-01  6.2590000E-01
  7.8507600E+01  2.7395301E+01  1.1318811E+02  1.9772420E-03  6.3139000E-01  6.3139000E-01
  7.8507600E+01  2.7434850E+01  1.1435500E+02  1.9772420E-03  6.3688000E-01  6.3688000E-01
  7.8507600E+01  2.7472350E+01  1.1552188E+02  1.9772420E-03  6.4237000E-01  6.4237000E-01
  7.8507600E+01  2.7825472E-05  2.8896381E-05  8.8552903E-04  3.2390000E-02  3.2390000E-02
  7.8507600E+01  8.4084899E-01  8.3541879E-01  8.8552903E-04  3.8263000E-02  3.8263000E-02
  7.8507600E+01  1.6672685E+00  1.6709511E+00  8.8552903E-04  4.4137000E-02  4.4137000E-02
  7.8507600E+01  2.3362155E+00  2.5064835E+00  8.8552903E-04  5.0011000E-02  5.0011000E-02
  7.8507600E+01  2.7423531E+00  3.3418736E+00  8.8552903E-04  5.5884000E-02  5.5884000E-02
  7.8507600E+01  2.8406986E+00  4.1774057E+00  8.8552903E-04  6.1758000E-02  6.1758000E-02
  7.8507600E+01  2.6206424E+00  5.0129384E+00  8.8552903E-04  6.7632000E-02  6.7632000E-02
  7.8507600E+01  2.0483110E+00  5.8483287E+00  8.8552903E-04  7.3505000E-02  7.3505000E-02
  7.8507600E+01  1.2013957E+00  6.6838604E+00  8.8552903E-04  7.9379000E-02  7.9379000E-02
  7.8507600E+01  2.4061805E-01  7.5193932E+00  8.8552903E-04  8.5253000E-02  8.5253000E-02
  7.8507600E+01  1.5126068E+00  8.3547833E+00  8.8552903E-04  9.1126000E-02  9.1126000E-02
  7.8507600E+01  3.2522294E+00  9.1903153E+00  8.8552903E-04  9.7000000E-02  9.7000000E-02
  7.8507600E+01  5.1716004E+00  1.0025279E+01  8.8552903E-04  1.0287000E-01  1.0287000E-01
  7.8507600E+01  7.2252625E+00  1.0861664E+01  8.8552903E-04  1.0875000E-01  1.0875000E-01
  7.8507600E+01  9.3657028E+00  1.1696628E+01  8.8552903E-04  1.1462000E-01  1.1462000E-01
  7.8507600E+01  1.1553902E+01  1.2531591E+01  8.8552903E-04  1.2049000E-01  1.2049000E-01
  7.8507600E+01  1.3751682E+01  1.3367977E+01  8.8552903E-04  1.2637000E-01  1.2637000E-01
  7.8507600E+01  1.5886167E+01  1.4202941E+01  8.8552903E-04  1.3224000E-01  1.3224000E-01
  7.8507600E+01  1.7882008E+01  1.5039327E+01  8.8552903E-04  1.3812000E-01  1.3812000E-01
  7.8507600E+01  1.9662944E+01  1.5874290E+01  8.8552903E-04  1.4399000E-01  1.4399000E-01
  7.8507600E+01  2.1197927E+01  1.6709252E+01  8.8552903E-04  1.4986000E-01  1.4986000E-01
  7.8507600E+01  2.2499593E+01  1.7545639E+01  8.8552903E-04  1.5574000E-01  1.5574000E-01
  7.8507600E+01  2.3591871E+01  1.8380602E+01  8.8552903E-04  1.6161000E-01  1.6161000E-01
  7.8507600E+01  2.4512513E+01  1.9215566E+01  8.8552903E-04  1.6748000E-01  1.6748000E-01
  7.8507600E+01  2.5289464E+01  2.0051951E+01  8.8552903E-04  1.7336000E-01  1.7336000E-01
  7.8507600E+01  2.5938157E+01  2.0886915E+01  8.8552903E-04  1.7923000E-01  1.7923000E-01
  7.8507600E+01  2.6478834E+01  2.1721878E+01  8.8552903E-04  1.8510000E-01  1.8510000E-01
  7.8507600E+01  2.6936588E+01  2.2558263E+01  8.8552903E-04  1.9098000E-01  1.9098000E-01
  7.8507600E+01  2.7332810E+01  2.3393227E+01  8.8552903E-04  1.9685000E-01  1.9685000E-01
  7.8507600E+01  2.7688142E+01  2.4229613E+01  8.8552903E-04  2.0273000E-01  2.0273000E-01
  7.8507600E+01  2.8014464E+01  2.5064576E+01  8.8552903E-04  2.0860000E-01  2.0860000E-01
  7.8507600E+01  2.8318044E+01  2.5899539E+01  8.8552903E-04  2.1447000E-01  2.1447000E-01
  7.8507600E+01  2.8600882E+01  2.6735926E+01  8.8552903E-04  2.2035000E-01  2.2035000E-01
  7.8507600E+01  2.8866632E+01  2.7570888E+01  8.8552903E-04  2.2622000E-01  2.2622000E-01
  7.8507600E+01  2.9123733E+01  2.8405851E+01  8.8552903E-04  2.3209000E-01  2.3209000E-01
  7.8507600E+01  2.9377874E+01  2.9242238E+01  8.8552903E-04  2.3797000E-01  2.3797000E-01
  7.8507600E+01  2.9629634E+01  3.0077201E+01  8.8552903E-04  2.4384000E-01  2.4384000E-01
  7.8507600E+01  2.9879264E+01  3.0912163E+01  8.8552903E-04  2.4971000E-01  2.4971000E-01
  7.8507600E+01  3.0127813E+01  3.1748551E+01  8.8552903E-04  2.5559000E-01  2.5559000E-01
  7.8507600E+01  3.0376568E+01  3.2583513E+01  8.8552903E-04  2.6146000E-01  2.6146000E-01
  7.8507600E+01  3.0629888E+01  3.3419898E+01  8.8552903E-04  2.6734000E-01  2.6734000E-01
  7.8507600E+01  3.0887151E+01  3.4254861E+01  8.8552903E-04  2.7321000E-01  2.7321000E-01
  7.8507600E+01  3.1146346E+01  3.5089826E+01  8.8552903E-04  2.7908000E-01  2.7908000E-01
  7.8507600E+01  3.1405896E+01  3.5926213E+01  8.8552903E-04  2.8496000E-01  2.8496000E-01
  7.8507600E+01  3.1663117E+01  3.6761176E+01  8.8552903E-04  2.9083000E-01  2.9083000E-01
  7.8507600E+01  3.1915686E+01  3.7596140E+01  8.8552903E-04  2.9670000E-01  2.9670000E-01
  7.8507600E+01  3.2160583E+01  3.8432524E+01  8.8552903E-04  3.0258000E-01  3.0258000E-01
  7.8507600E+01  3.2395867E+01  3.9267489E+01  8.8552903E-04  3.0845000E-01  3.0845000E-01
  7.8507600E+01  3.2623153E+01  4.0103874E+01  8.8552903E-04  3.1433000E-01  3.1433000E-01
  7.8507600E+01  3.2846085E+01  4.0938837E+01  8.8552903E-04  3.2020000E-01  3.2020000E-01
  7.8507600E+01  3.3070328E+01  4.1773801E+01  8.8552903E-04  3.2607000E-01  3.2607000E-01
  7.8507600E+01  3.3299426E+01  4.2610187E+01  8.8552903E-04  3.3195000E-01  3.3195000E-01
  7.8507600E+01  3.3532571E+01  4.3445149E+01  8.8552903E-04  3.3782000E-01  3.3782000E-01
  7.8507600E+01  3.3767896E+01  4.4280112E+01  8.8552903E-04  3.4369000E-01  3.4369000E-01
  7.8507600E+01  3.4003874E+01  4.5116500E+01  8.8552903E-04  3.4957000E-01  3.4957000E-01
  7.8507600E+01  3.4238528E+01  4.5951461E+01  8.8552903E-04  3.5544000E-01  3.5544000E-01
  7.8507600E+01  3.4469521E+01  4.6786425E+01  8.8552903E-04  3.6131000E-01  3.6131000E-01
  7.8507600E+01  3.4696308E+01  4.7622810E+01  8.8552903E-04  3.6719000E-01  3.6719000E-01
  7.8507600E+01  3.4918817E+01  4.8457773E+01  8.8552903E-04  3.7306000E-01  3.7306000E-01
  7.8507600E+01  3.5138764E+01  4.9294161E+01  8.8552903E-04  3.7894000E-01  3.7894000E-01
  7.8507600E+01  3.5355441E+01  5.0129125E+01  8.8552903E-04  3.8481000E-01  3.8481000E-01
  7.8507600E+01  3.5568103E+01  5.0964086E+01  8.8552903E-04  3.9068000E-01  3.9068000E-01
  7.8507600E+01  3.5776213E+01  5.1800472E+01  8.8552903E-04  3.9656000E-01  3.9656000E-01
  7.8507600E+01  3.5980373E+01  5.2635436E+01  8.8552903E-04  4.0243000E-01  4.0243000E-01
  7.8507600E+01  3.6181603E+01  5.3470401E+01  8.8552903E-04  4.0830000E-01  4.0830000E-01
  7.8507600E+01  3.6379574E+01  5.4306786E+01  8.8552903E-04  4.1418000E-01  4.1418000E-01
  7.8507600E+01  3.6572660E+01  5.5141749E+01  8.8552903E-04  4.2005000E-01  4.2005000E-01
  7.8507600E+01  3.6760432E+01  5.5976712E+01  8.8552903E-04  4.2592000E-01  4.2592000E-01
  7.8507600E+01  3.6942743E+01  5.6813098E+01  8.8552903E-04  4.3180000E-01  4.3180000E-01
  7.8507600E+01  3.7118965E+01  5.7648061E+01  8.8552903E-04  4.3767000E-01  4.3767000E-01
  7.8507600E+01  3.7290486E+01  5.8484447E+01  8.8552903E-04  4.4355000E-01  4.4355000E-01
  7.8507600E+01  3.7458218E+01  5.9319411E+01  8.8552903E-04  4.4942000E-01  4.4942000E-01
  7.8507600E+01  3.7623074E+01  6.0154375E+01  8.8552903E-04  4.5529000E-01  4.5529000E-01
  7.8507600E+01  3.7784981E+01  6.0990760E+01  8.8552903E-04  4.6117000E-01  4.6117000E-01
  7.8507600E+01  3.7942900E+01  6.1825723E+01  8.8552903E-04  4.6704000E-01  4.6704000E-01
  7.8507600E+01  3.8096692E+01  6.2660686E+01  8.8552903E-04  4.7291000E-01  4.7291000E-01
  7.8507600E+01  3.8246232E+01  6.3497072E+01  8.8552903E-04  4.7879000E-01  4.7879000E-01
  7.8507600E+01  3.8390578E+01  6.4332035E+01  8.8552903E-04  4.8466000E-01  4.8466000E-01
  7.8507600E+01  3.8529524E+01  6.5166999E+01  8.8552903E-04  4.9053000E-01  4.9053000E-01
  7.8507600E+01  3.8663337E+01  6.6003386E+01  8.8552903E-04  4.9641000E-01  4.9641000E-01
  7.8507600E+01  3.8792233E+01  6.6838347E+01  8.8552903E-04  5.0228000E-01  5.0228000E-01
  7.8507600E+01  3.8917080E+01  6.7674732E+01  8.8552903E-04  5.0816000E-01  5.0816000E-01
  7.8507600E+01  3.9037791E+01  6.8509697E+01  8.8552903E-04  5.1403000E-01  5.1403000E-01
  7.8507600E+01  3.9155211E+01  6.9344660E+01  8.8552903E-04  5.1990000E-01  5.1990000E-01
  7.8507600E+01  3.9270360E+01  7.0181044E+01  8.8552903E-04  5.2578000E-01  5.2578000E-01
  7.8507600E+01  3.9383489E+01  7.1016009E+01  8.8552903E-04  5.3165000E-01  5.3165000E-01
  7.8507600E+01  3.9494764E+01  7.1850976E+01  8.8552903E-04  5.3752000E-01  5.3752000E-01
  7.8507600E+01  3.9603346E+01  7.2687358E+01  8.8552903E-04  5.4340000E-01  5.4340000E-01
  7.8507600E+01  3.9707659E+01  7.3522321E+01  8.8552903E-04  5.4927000E-01  5.4927000E-01
  7.8507600E+01  3.9807670E+01  7.4357284E+01  8.8552903E-04  5.5514000E-01  5.5514000E-01
  7.8507600E+01  3.9904046E+01  7.5193670E+01  8.8552903E-04  5.6102000E-01  5.6102000E-01
  7.8507600E+01  3.9997262E+01  7.6028635E+01  8.8552903E-04  5.6689000E-01  5.6689000E-01
  7.8507600E+01  4.0088476E+01  7.6865021E+01  8.8552903E-04  5.7277000E-01  5.7277000E-01
  7.8507600E+01  4.0178026E+01  7.7699983E+01  8.8552903E-04  5.7864000E-01  5.7864000E-01
  7.8507600E+01  4.0266329E+01  7.8534946E+01  8.8552903E-04  5.8451000E-01  5.8451000E-01
  7.8507600E+01  4.0353202E+01  7.9371333E+01  8.8552903E-04  5.9039000E-01  5.9039000E-01
  7.8507600E+01  4.0437580E+01  8.0206299E+01  8.8552903E-04  5.9626000E-01  5.9626000E-01
  7.8507600E+01  4.0519061E+01  8.1041260E+01  8.8552903E-04  6.0213000E-01  6.0213000E-01
  7.8507600E+01  4.0597765E+01  8.1877644E+01  8.8552903E-04  6.0801000E-01  6.0801000E-01
  7.8507600E+01  4.0673797E+01  8.2712607E+01  8.8552903E-04  6.1388000E-01  6.1388000E-01
  7.8507600E+01  0.0000000E+00  0.0000000E+00  3.5628223E-03  4.6452308E-02  4.6452308E-02
  7.8507600E+01  9.0738649E-01  1.6527420E+00  3.5628255E-03  5.2245000E-02  5.2245000E-02
  7.8507600E+01  8.6869436E-01  3.3052882E+00  3.5628255E-03  5.8037000E-02  5.8037000E-02
  7.8507600E+01  4.4839389E-01  4.9581197E+00  3.5628255E-03  6.3830000E-02  6.3830000E-02
  7.8507600E+01  1.8582415E-01  6.6106659E+00  3.5628255E-03  6.9622000E-02  6.9622000E-02
  7.8507600E+01  8.0550092E-01  8.2634977E+00  3.5628255E-03  7.5415000E-02  7.5415000E-02
  7.8507600E+01  1.4920459E+00  9.9160442E+00  3.5628255E-03  8.1207000E-02  8.1207000E-02
  7.8507600E+01  2.2177075E+00  1.1568876E+01  3.5628255E-03  8.7000000E-02  8.7000000E-02
  7.8507600E+01  2.9776059E+00  1.3221422E+01  3.5628255E-03  9.2792000E-02  9.2792000E-02
  7.8507600E+01  3.7709209E+00  1.4874254E+01  3.5628255E-03  9.8585000E-02  9.8585000E-02
  7.8507600E+01  4.5969450E+00  1.6527656E+01  3.5628255E-03  1.0438000E-01  1.0438000E-01
  7.8507600E+01  5.4302222E+00  1.8179632E+01  3.5628255E-03  1.1017000E-01  1.1017000E-01
  7.8507600E+01  6.2446468E+00  1.9831608E+01  3.5628255E-03  1.1596000E-01  1.1596000E-01
  7.8507600E+01  7.0345324E+00  2.1483584E+01  3.5628255E-03  1.2175000E-01  1.2175000E-01
  7.8507600E+01  7.8020033E+00  2.3138413E+01  3.5628255E-03  1.2755000E-01  1.2755000E-01
  7.8507600E+01  8.5455256E+00  2.4790388E+01  3.5628255E-03  1.3334000E-01  1.3334000E-01
  7.8507600E+01  9.2638516E+00  2.6442364E+01  3.5628255E-03  1.3913000E-01  1.3913000E-01
  7.8507600E+01  9.9425568E+00  2.8094340E+01  3.5628255E-03  1.4492000E-01  1.4492000E-01
  7.8507600E+01  1.0562897E+01  2.9749169E+01  3.5628255E-03  1.5072000E-01  1.5072000E-01
  7.8507600E+01  1.1110212E+01  3.1401144E+01  3.5628255E-03  1.5651000E-01  1.5651000E-01
  7.8507600E+01  1.1589769E+01  3.3053120E+01  3.5628255E-03  1.6230000E-01  1.6230000E-01
  7.8507600E+01  1.2011490E+01  3.4705095E+01  3.5628255E-03  1.6809000E-01  1.6809000E-01
  7.8507600E+01  1.2382653E+01  3.6359925E+01  3.5628255E-03  1.7389000E-01  1.7389000E-01
  7.8507600E+01  1.2708835E+01  3.8011901E+01  3.5628255E-03  1.7968000E-01  1.7968000E-01
  7.8507600E+01  1.2997186E+01  3.9663877E+01  3.5628255E-03  1.8547000E-01  1.8547000E-01
  7.8507600E+01  1.3255148E+01  4.1315851E+01  3.5628255E-03  1.9126000E-01  1.9126000E-01
  7.8507600E+01  1.3490721E+01  4.2970681E+01  3.5628255E-03  1.9706000E-01  1.9706000E-01
  7.8507600E+01  1.3704801E+01  4.4622656E+01  3.5628255E-03  2.0285000E-01  2.0285000E-01
  7.8507600E+01  1.3896603E+01  4.6274633E+01  3.5628255E-03  2.0864000E-01  2.0864000E-01
  7.8507600E+01  1.4067036E+01  4.7926609E+01  3.5628255E-03  2.1443000E-01  2.1443000E-01
  7.8507600E+01  1.4219619E+01  4.9581436E+01  3.5628255E-03  2.2023000E-01  2.2023000E-01
  7.8507600E+01  1.4358842E+01  5.1233412E+01  3.5628255E-03  2.2602000E-01  2.2602000E-01
  7.8507600E+01  1.4490138E+01  5.2885389E+01  3.5628255E-03  2.3181000E-01  2.3181000E-01
  7.8507600E+01  1.4616989E+01  5.4537364E+01  3.5628255E-03  2.3760000E-01  2.3760000E-01
  7.8507600E+01  1.4742141E+01  5.6192194E+01  3.5628255E-03  2.4340000E-01  2.4340000E-01
  7.8507600E+01  1.4866941E+01  5.7844169E+01  3.5628255E-03  2.4919000E-01  2.4919000E-01
  7.8507600E+01  1.4993161E+01  5.9496143E+01  3.5628255E-03  2.5498000E-01  2.5498000E-01
  7.8507600E+01  1.5122042E+01  6.1148119E+01  3.5628255E-03  2.6077000E-01  2.6077000E-01
  7.8507600E+01  1.5254297E+01  6.2802948E+01  3.5628255E-03  2.6657000E-01  2.6657000E-01
  7.8507600E+01  1.5388955E+01  6.4454924E+01  3.5628255E-03  2.7236000E-01  2.7236000E-01
  7.8507600E+01  1.5525574E+01  6.6106899E+01  3.5628255E-03  2.7815000E-01  2.7815000E-01
  7.8507600E+01  1.5663252E+01  6.7758874E+01  3.5628255E-03  2.8394000E-01  2.8394000E-01
  7.8507600E+01  1.5800236E+01  6.9413706E+01  3.5628255E-03  2.8974000E-01  2.8974000E-01
  7.8507600E+01  1.5934173E+01  7.1065684E+01  3.5628255E-03  2.9553000E-01  2.9553000E-01
  7.8507600E+01  1.6064646E+01  7.2717660E+01  3.5628255E-03  3.0132000E-01  3.0132000E-01
  7.8507600E+01  1.6192437E+01  7.4369636E+01  3.5628255E-03  3.0711000E-01  3.0711000E-01
  7.8507600E+01  1.6318778E+01  7.6024461E+01  3.5628255E-03  3.1291000E-01  3.1291000E-01
  7.8507600E+01  1.6443526E+01  7.7676436E+01  3.5628255E-03  3.1870000E-01  3.1870000E-01
  7.8507600E+01  1.6567181E+01  7.9328411E+01  3.5628255E-03  3.2449000E-01  3.2449000E-01
  7.8507600E+01  1.6690293E+01  8.0980388E+01  3.5628255E-03  3.3028000E-01  3.3028000E-01
  7.8507600E+01  1.6813657E+01  8.2635220E+01  3.5628255E-03  3.3608000E-01  3.3608000E-01
  7.8507600E+01  1.6937180E+01  8.4287196E+01  3.5628255E-03  3.4187000E-01  3.4187000E-01
  7.8507600E+01  1.7061095E+01  8.5939168E+01  3.5628255E-03  3.4766000E-01  3.4766000E-01
  7.8507600E+01  1.7185202E+01  8.7591144E+01  3.5628255E-03  3.5345000E-01  3.5345000E-01
  7.8507600E+01  1.7309325E+01  8.9245977E+01  3.5628255E-03  3.5925000E-01  3.5925000E-01
  7.8507600E+01  1.7431751E+01  9.0897948E+01  3.5628255E-03  3.6504000E-01  3.6504000E-01
  7.8507600E+01  1.7552106E+01  9.2549927E+01  3.5628255E-03  3.7083000E-01  3.7083000E-01
  7.8507600E+01  1.7670434E+01  9.4201904E+01  3.5628255E-03  3.7662000E-01  3.7662000E-01
  7.8507600E+01  1.7786777E+01  9.5856729E+01  3.5628255E-03  3.8242000E-01  3.8242000E-01
  7.8507600E+01  1.7900255E+01  9.7508706E+01  3.5628255E-03  3.8821000E-01  3.8821000E-01
  7.8507600E+01  1.8010617E+01  9.9160685E+01  3.5628255E-03  3.9400000E-01  3.9400000E-01
  7.8507600E+01  1.8117921E+01  1.0081266E+02  3.5628255E-03  3.9979000E-01  3.9979000E-01
  7.8507600E+01  1.8223046E+01  1.0246749E+02  3.5628255E-03  4.0559000E-01  4.0559000E-01
  7.8507600E+01  1.8325886E+01  1.0411946E+02  3.5628255E-03  4.1138000E-01  4.1138000E-01
  7.8507600E+01  1.8426644E+01  1.0577144E+02  3.5628255E-03  4.1717000E-01  4.1717000E-01
  7.8507600E+01  1.8525439E+01  1.0742342E+02  3.5628255E-03  4.2296000E-01  4.2296000E-01
  7.8507600E+01  1.8622509E+01  1.0907825E+02  3.5628255E-03  4.2876000E-01  4.2876000E-01
  7.8507600E+01  1.8717511E+01  1.1073022E+02  3.5628255E-03  4.3455000E-01  4.3455000E-01
  7.8507600E+01  1.8810577E+01  1.1238219E+02  3.5628255E-03  4.4034000E-01  4.4034000E-01
  7.8507600E+01  1.8901714E+01  1.1403417E+02  3.5628255E-03  4.4613000E-01  4.4613000E-01
  7.8507600E+01  1.8991100E+01  1.1568900E+02  3.5628255E-03  4.5193000E-01  4.5193000E-01
  7.8507600E+01  1.9078297E+01  1.1734098E+02  3.5628255E-03  4.5772000E-01  4.5772000E-01
  7.8507600E+01  1.9163284E+01  1.1899295E+02  3.5628255E-03  4.6351000E-01  4.6351000E-01
  7.8507600E+01  1.9245992E+01  1.2064492E+02  3.5628255E-03  4.6930000E-01  4.6930000E-01
  7.8507600E+01  1.9326653E+01  1.2229975E+02  3.5628255E-03  4.7510000E-01  4.7510000E-01
  7.8507600E+01  1.9405110E+01  1.2395173E+02  3.5628255E-03  4.8089000E-01  4.8089000E-01
  7.8507600E+01  1.9481498E+01  1.2560371E+02  3.5628255E-03  4.8668000E-01  4.8668000E-01
  7.8507600E+01  1.9555596E+01  1.2725568E+02  3.5628255E-03  4.9247000E-01  4.9247000E-01
  7.8507600E+01  1.9627148E+01  1.2891051E+02  3.5628255E-03  4.9827000E-01  4.9827000E-01
  7.8507600E+01  1.9695776E+01  1.3056249E+02  3.5628255E-03  5.0406000E-01  5.0406000E-01
  7.8507600E+01  1.9761911E+01  1.3221446E+02  3.5628255E-03  5.0985000E-01  5.0985000E-01
  7.8507600E+01  1.9825912E+01  1.3386644E+02  3.5628255E-03  5.1564000E-01  5.1564000E-01
  7.8507600E+01  1.9888212E+01  1.3552127E+02  3.5628255E-03  5.2144000E-01  5.2144000E-01
  7.8507600E+01  1.9948870E+01  1.3717325E+02  3.5628255E-03  5.2723000E-01  5.2723000E-01
  7.8507600E+01  2.0008198E+01  1.3882522E+02  3.5628255E-03  5.3302000E-01  5.3302000E-01
  7.8507600E+01  2.0066298E+01  1.4047719E+02  3.5628255E-03  5.3881000E-01  5.3881000E-01
  7.8507600E+01  2.0123225E+01  1.4213203E+02  3.5628255E-03  5.4461000E-01  5.4461000E-01
  7.8507600E+01  2.0178530E+01  1.4378400E+02  3.5628255E-03  5.5040000E-01  5.5040000E-01
  7.8507600E+01  2.0232015E+01  1.4543597E+02  3.5628255E-03  5.5619000E-01  5.5619000E-01
  7.8507600E+01  2.0283460E+01  1.4708795E+02  3.5628255E-03  5.6198000E-01  5.6198000E-01
  7.8507600E+01  2.0333058E+01  1.4874278E+02  3.5628255E-03  5.6778000E-01  5.6778000E-01
  7.8507600E+01  2.0381055E+01  1.5039475E+02  3.5628255E-03  5.7357000E-01  5.7357000E-01
  7.8507600E+01  2.0428046E+01  1.5204673E+02  3.5628255E-03  5.7936000E-01  5.7936000E-01
  7.8507600E+01  2.0474386E+01  1.5369871E+02  3.5628255E-03  5.8515000E-01  5.8515000E-01
  7.8507600E+01  2.0520163E+01  1.5535353E+02  3.5628255E-03  5.9095000E-01  5.9095000E-01
  7.8507600E+01  2.0564829E+01  1.5700551E+02  3.5628255E-03  5.9674000E-01  5.9674000E-01
  7.8507600E+01  2.0607961E+01  1.5865749E+02  3.5628255E-03  6.0253000E-01  6.0253000E-01
  7.8507600E+01  2.0649422E+01  1.6030946E+02  3.5628255E-03  6.0832000E-01  6.0832000E-01
  7.8507600E+01  2.0689362E+01  1.6196429E+02  3.5628255E-03  6.1412000E-01  6.1412000E-01
  7.8507600E+01  2.0727748E+01  1.6361627E+02  3.5628255E-03  6.1991000E-01  6.1991000E-01
  7.8507600E+01  0.0000000E+00  0.0000000E+00  2.7858348E-03  0.0000000E+00  0.0000000E+00
  7.8507600E+01  1.2919635E+00  1.5290483E+00  2.7858348E-03  6.0606000E-03  6.0606000E-03
  7.8507600E+01  1.9220014E+00  3.0580461E+00  2.7858348E-03  1.2121000E-02  1.2121000E-02
  7.8507600E+01  1.9456772E+00  4.5871953E+00  2.7858348E-03  1.8182000E-02  1.8182000E-02
  7.8507600E+01  1.6085646E+00  6.1160921E+00  2.7858348E-03  2.4242000E-02  2.4242000E-02
  7.8507600E+01  1.1021451E+00  7.6452413E+00  2.7858348E-03  3.0303000E-02  3.0303000E-02
  7.8507600E+01  5.7991397E-01  9.1743905E+00  2.7858348E-03  3.6364000E-02  3.6364000E-02
  7.8507600E+01  4.4149305E-01  1.0703287E+01  2.7858348E-03  4.2424000E-02  4.2424000E-02
  7.8507600E+01  9.2205592E-01  1.2232437E+01  2.7858348E-03  4.8485000E-02  4.8485000E-02
  7.8507600E+01  1.5223520E+00  1.3761333E+01  2.7858348E-03  5.4545000E-02  5.4545000E-02
  7.8507600E+01  2.1319174E+00  1.5290483E+01  2.7858348E-03  6.0606000E-02  6.0606000E-02
  7.8507600E+01  2.7387276E+00  1.6819632E+01  2.7858348E-03  6.6667000E-02  6.6667000E-02
  7.8507600E+01  3.3459095E+00  1.8348529E+01  2.7858348E-03  7.2727000E-02  7.2727000E-02
  7.8507600E+01  3.9484639E+00  1.9877678E+01  2.7858348E-03  7.8788000E-02  7.8788000E-02
  7.8507600E+01  4.5494773E+00  2.1406575E+01  2.7858348E-03  8.4848000E-02  8.4848000E-02
  7.8507600E+01  5.1660047E+00  2.2935724E+01  2.7858348E-03  9.0909000E-02  9.0909000E-02
  7.8507600E+01  5.8065467E+00  2.4464873E+01  2.7858348E-03  9.6970000E-02  9.6970000E-02
  7.8507600E+01  6.4694455E+00  2.5993770E+01  2.7858348E-03  1.0303000E-01  1.0303000E-01
  7.8507600E+01  7.1463616E+00  2.7522667E+01  2.7858348E-03  1.0909000E-01  1.0909000E-01
  7.8507600E+01  7.8201329E+00  2.9051564E+01  2.7858348E-03  1.1515000E-01  1.1515000E-01
  7.8507600E+01  8.4778073E+00  3.0580461E+01  2.7858348E-03  1.2121000E-01  1.2121000E-01
  7.8507600E+01  9.1221643E+00  3.2109358E+01  2.7858348E-03  1.2727000E-01  1.2727000E-01
  7.8507600E+01  9.7561192E+00  3.3638255E+01  2.7858348E-03  1.3333000E-01  1.3333000E-01
  7.8507600E+01  1.0369473E+01  3.5167151E+01  2.7858348E-03  1.3939000E-01  1.3939000E-01
  7.8507600E+01  1.0956178E+01  3.6696048E+01  2.7858348E-03  1.4545000E-01  1.4545000E-01
  7.8507600E+01  1.1520678E+01  3.8227468E+01  2.7858348E-03  1.5152000E-01  1.5152000E-01
  7.8507600E+01  1.2062307E+01  3.9756365E+01  2.7858348E-03  1.5758000E-01  1.5758000E-01
  7.8507600E+01  1.2578611E+01  4.1285262E+01  2.7858348E-03  1.6364000E-01  1.6364000E-01
  7.8507600E+01  1.3064164E+01  4.2814159E+01  2.7858348E-03  1.6970000E-01  1.6970000E-01
  7.8507600E+01  1.3516856E+01  4.4343056E+01  2.7858348E-03  1.7576000E-01  1.7576000E-01
  7.8507600E+01  1.3937632E+01  4.5871953E+01  2.7858348E-03  1.8182000E-01  1.8182000E-01
  7.8507600E+01  1.4323728E+01  4.7400849E+01  2.7858348E-03  1.8788000E-01  1.8788000E-01
  7.8507600E+01  1.4668119E+01  4.8929746E+01  2.7858348E-03  1.9394000E-01  1.9394000E-01
  7.8507600E+01  1.4973046E+01  5.0458643E+01  2.7858348E-03  2.0000000E-01  2.0000000E-01
  7.8507600E+01  1.5244288E+01  5.1987540E+01  2.7858348E-03  2.0606000E-01  2.0606000E-01
  7.8507600E+01  1.5488562E+01  5.3516437E+01  2.7858348E-03  2.1212000E-01  2.1212000E-01
  7.8507600E+01  1.5710866E+01  5.5045334E+01  2.7858348E-03  2.1818000E-01  2.1818000E-01
  7.8507600E+01  1.5913023E+01  5.6574231E+01  2.7858348E-03  2.2424000E-01  2.2424000E-01
  7.8507600E+01  1.6095782E+01  5.8103128E+01  2.7858348E-03  2.3030000E-01  2.3030000E-01
  7.8507600E+01  1.6264011E+01  5.9632025E+01  2.7858348E-03  2.3636000E-01  2.3636000E-01
  7.8507600E+01  1.6426682E+01  6.1160921E+01  2.7858348E-03  2.4242000E-01  2.4242000E-01
  7.8507600E+01  1.6590804E+01  6.2689818E+01  2.7858348E-03  2.4848000E-01  2.4848000E-01
  7.8507600E+01  1.6758021E+01  6.4221238E+01  2.7858348E-03  2.5455000E-01  2.5455000E-01
  7.8507600E+01  1.6927497E+01  6.5750135E+01  2.7858348E-03  2.6061000E-01  2.6061000E-01
  7.8507600E+01  1.7099168E+01  6.7279032E+01  2.7858348E-03  2.6667000E-01  2.6667000E-01
  7.8507600E+01  1.7272578E+01  6.8807929E+01  2.7858348E-03  2.7273000E-01  2.7273000E-01
  7.8507600E+01  1.7446742E+01  7.0336826E+01  2.7858348E-03  2.7879000E-01  2.7879000E-01
  7.8507600E+01  1.7620979E+01  7.1865723E+01  2.7858348E-03  2.8485000E-01  2.8485000E-01
  7.8507600E+01  1.7793730E+01  7.3394620E+01  2.7858348E-03  2.9091000E-01  2.9091000E-01
  7.8507600E+01  1.7962428E+01  7.4923516E+01  2.7858348E-03  2.9697000E-01  2.9697000E-01
  7.8507600E+01  1.8126138E+01  7.6452413E+01  2.7858348E-03  3.0303000E-01  3.0303000E-01
  7.8507600E+01  1.8286358E+01  7.7981310E+01  2.7858348E-03  3.0909000E-01  3.0909000E-01
  7.8507600E+01  1.8445787E+01  7.9510207E+01  2.7858348E-03  3.1515000E-01  3.1515000E-01
  7.8507600E+01  1.8605990E+01  8.1039104E+01  2.7858348E-03  3.2121000E-01  3.2121000E-01
  7.8507600E+01  1.8765500E+01  8.2568001E+01  2.7858348E-03  3.2727000E-01  3.2727000E-01
  7.8507600E+01  1.8922930E+01  8.4096898E+01  2.7858348E-03  3.3333000E-01  3.3333000E-01
  7.8507600E+01  1.9079021E+01  8.5625795E+01  2.7858348E-03  3.3939000E-01  3.3939000E-01
  7.8507600E+01  1.9234876E+01  8.7154692E+01  2.7858348E-03  3.4545000E-01  3.4545000E-01
  7.8507600E+01  1.9391228E+01  8.8686111E+01  2.7858348E-03  3.5152000E-01  3.5152000E-01
  7.8507600E+01  1.9547313E+01  9.0215008E+01  2.7858348E-03  3.5758000E-01  3.5758000E-01
  7.8507600E+01  1.9702733E+01  9.1743905E+01  2.7858348E-03  3.6364000E-01  3.6364000E-01
  7.8507600E+01  1.9856826E+01  9.3272802E+01  2.7858348E-03  3.6970000E-01  3.6970000E-01
  7.8507600E+01  2.0009015E+01  9.4801699E+01  2.7858348E-03  3.7576000E-01  3.7576000E-01
  7.8507600E+01  2.0158412E+01  9.6330596E+01  2.7858348E-03  3.8182000E-01  3.8182000E-01
  7.8507600E+01  2.0303405E+01  9.7859493E+01  2.7858348E-03  3.8788000E-01  3.8788000E-01
  7.8507600E+01  2.0443433E+01  9.9388390E+01  2.7858348E-03  3.9394000E-01  3.9394000E-01
  7.8507600E+01  2.0578676E+01  1.0091729E+02  2.7858348E-03  4.0000000E-01  4.0000000E-01
  7.8507600E+01  2.0709568E+01  1.0244618E+02  2.7858348E-03  4.0606000E-01  4.0606000E-01
  7.8507600E+01  2.0836540E+01  1.0397508E+02  2.7858348E-03  4.1212000E-01  4.1212000E-01
  7.8507600E+01  2.0960023E+01  1.0550398E+02  2.7858348E-03  4.1818000E-01  4.1818000E-01
  7.8507600E+01  2.1080648E+01  1.0703287E+02  2.7858348E-03  4.2424000E-01  4.2424000E-01
  7.8507600E+01  2.1198856E+01  1.0856177E+02  2.7858348E-03  4.3030000E-01  4.3030000E-01
  7.8507600E+01  2.1315109E+01  1.1009067E+02  2.7858348E-03  4.3636000E-01  4.3636000E-01
  7.8507600E+01  2.1430030E+01  1.1161956E+02  2.7858348E-03  4.4242000E-01  4.4242000E-01
  7.8507600E+01  2.1543905E+01  1.1314846E+02  2.7858348E-03  4.4848000E-01  4.4848000E-01
  7.8507600E+01  2.1656615E+01  1.1467988E+02  2.7858348E-03  4.5455000E-01  4.5455000E-01
  7.8507600E+01  2.1766985E+01  1.1620878E+02  2.7858348E-03  4.6061000E-01  4.6061000E-01
  7.8507600E+01  2.1874264E+01  1.1773768E+02  2.7858348E-03  4.6667000E-01  4.6667000E-01
  7.8507600E+01  2.1977909E+01  1.1926657E+02  2.7858348E-03  4.7273000E-01  4.7273000E-01
  7.8507600E+01  2.2078161E+01  1.2079547E+02  2.7858348E-03  4.7879000E-01  4.7879000E-01
  7.8507600E+01  2.2175323E+01  1.2232437E+02  2.7858348E-03  4.8485000E-01  4.8485000E-01
  7.8507600E+01  2.2269515E+01  1.2385326E+02  2.7858348E-03  4.9091000E-01  4.9091000E-01
  7.8507600E+01  2.2360800E+01  1.2538216E+02  2.7858348E-03  4.9697000E-01  4.9697000E-01
  7.8507600E+01  2.2449123E+01  1.2691106E+02  2.7858348E-03  5.0303000E-01  5.0303000E-01
  7.8507600E+01  2.2534386E+01  1.2843995E+02  2.7858348E-03  5.0909000E-01  5.0909000E-01
  7.8507600E+01  2.2616591E+01  1.2996885E+02  2.7858348E-03  5.1515000E-01  5.1515000E-01
  7.8507600E+01  2.2695904E+01  1.3149775E+02  2.7858348E-03  5.2121000E-01  5.2121000E-01
  7.8507600E+01  2.2772599E+01  1.3302664E+02  2.7858348E-03  5.2727000E-01  5.2727000E-01
  7.8507600E+01  2.2846783E+01  1.3455554E+02  2.7858348E-03  5.3333000E-01  5.3333000E-01
  7.8507600E+01  2.2919158E+01  1.3608444E+02  2.7858348E-03  5.3939000E-01  5.3939000E-01
  7.8507600E+01  2.2990173E+01  1.3761333E+02  2.7858348E-03  5.4545000E-01  5.4545000E-01
  7.8507600E+01  2.3059802E+01  1.3914475E+02  2.7858348E-03  5.5152000E-01  5.5152000E-01
  7.8507600E+01  2.3127371E+01  1.4067365E+02  2.7858348E-03  5.5758000E-01  5.5758000E-01
  7.8507600E+01  2.3192621E+01  1.4220255E+02  2.7858348E-03  5.6364000E-01  5.6364000E-01
  7.8507600E+01  2.3255554E+01  1.4373145E+02  2.7858348E-03  5.6970000E-01  5.6970000E-01
  7.8507600E+01  2.3316591E+01  1.4526034E+02  2.7858348E-03  5.7576000E-01  5.7576000E-01
  7.8507600E+01  2.3376227E+01  1.4678924E+02  2.7858348E-03  5.8182000E-01  5.8182000E-01
  7.8507600E+01  2.3434717E+01  1.4831814E+02  2.7858348E-03  5.8788000E-01  5.8788000E-01
  7.8507600E+01  2.3491876E+01  1.4984703E+02  2.7858348E-03  5.9394000E-01  5.9394000E-01
  7.8507600E+01  2.3547276E+01  1.5137593E+02  2.7858348E-03  6.0000000E-01  6.0000000E-01
  7.8507600E+01  0.0000000E+00  0.0000000E+00  4.8219246E-03  4.6452308E-02  4.6452308E-02
  7.8507600E+01  1.4774659E+00  1.9227303E+00  4.8219278E-03  5.2245000E-02  5.2245000E-02
  7.8507600E+01  2.2363720E+00  3.8452327E+00  4.8219278E-03  5.8037000E-02  5.8037000E-02
  7.8507600E+01  2.7066408E+00  5.7680666E+00  4.8219278E-03  6.3830000E-02  6.3830000E-02
  7.8507600E+01  3.0974171E+00  7.6905694E+00  4.8219278E-03  6.9622000E-02  6.9622000E-02
  7.8507600E+01  3.4579855E+00  9.6134040E+00  4.8219278E-03  7.5415000E-02  7.5415000E-02
  7.8507600E+01  3.8087472E+00  1.1535907E+01  4.8219278E-03  8.1207000E-02  8.1207000E-02
  7.8507600E+01  4.1610414E+00  1.3458741E+01  4.8219278E-03  8.7000000E-02  8.7000000E-02
  7.8507600E+01  4.5166624E+00  1.5381244E+01  4.8219278E-03  9.2792000E-02  9.2792000E-02
  7.8507600E+01  4.8811968E+00  1.7304079E+01  4.8219278E-03  9.8585000E-02  9.8585000E-02
  7.8507600E+01  5.2559106E+00  1.9227577E+01  4.8219278E-03  1.0438000E-01  1.0438000E-01
  7.8507600E+01  5.6322572E+00  2.1149416E+01  4.8219278E-03  1.1017000E-01  1.1017000E-01
  7.8507600E+01  6.0042284E+00  2.3071255E+01  4.8219278E-03  1.1596000E-01  1.1596000E-01
  7.8507600E+01  6.3697388E+00  2.4993093E+01  4.8219278E-03  1.2175000E-01  1.2175000E-01
  7.8507600E+01  6.7325392E+00  2.6918252E+01  4.8219278E-03  1.2755000E-01  1.2755000E-01
  7.8507600E+01  7.0993826E+00  2.8840090E+01  4.8219278E-03  1.3334000E-01  1.3334000E-01
  7.8507600E+01  7.4719314E+00  3.0761929E+01  4.8219278E-03  1.3913000E-01  1.3913000E-01
  7.8507600E+01  7.8412155E+00  3.2683768E+01  4.8219278E-03  1.4492000E-01  1.4492000E-01
  7.8507600E+01  8.2004774E+00  3.4608926E+01  4.8219278E-03  1.5072000E-01  1.5072000E-01
  7.8507600E+01  8.5493735E+00  3.6530765E+01  4.8219278E-03  1.5651000E-01  1.5651000E-01
  7.8507600E+01  8.8914358E+00  3.8452604E+01  4.8219278E-03  1.6230000E-01  1.6230000E-01
  7.8507600E+01  9.2274803E+00  4.0374443E+01  4.8219278E-03  1.6809000E-01  1.6809000E-01
  7.8507600E+01  9.5561575E+00  4.2299601E+01  4.8219278E-03  1.7389000E-01  1.7389000E-01
  7.8507600E+01  9.8704820E+00  4.4221439E+01  4.8219278E-03  1.7968000E-01  1.7968000E-01
  7.8507600E+01  1.0165837E+01  4.6143278E+01  4.8219278E-03  1.8547000E-01  1.8547000E-01
  7.8507600E+01  1.0440861E+01  4.8065117E+01  4.8219278E-03  1.9126000E-01  1.9126000E-01
  7.8507600E+01  1.0696794E+01  4.9990275E+01  4.8219278E-03  1.9706000E-01  1.9706000E-01
  7.8507600E+01  1.0932607E+01  5.1912114E+01  4.8219278E-03  2.0285000E-01  2.0285000E-01
  7.8507600E+01  1.1148564E+01  5.3833953E+01  4.8219278E-03  2.0864000E-01  2.0864000E-01
  7.8507600E+01  1.1346431E+01  5.5755792E+01  4.8219278E-03  2.1443000E-01  2.1443000E-01
  7.8507600E+01  1.1528806E+01  5.7680948E+01  4.8219278E-03  2.2023000E-01  2.2023000E-01
  7.8507600E+01  1.1696361E+01  5.9602787E+01  4.8219278E-03  2.2602000E-01  2.2602000E-01
  7.8507600E+01  1.1850251E+01  6.1524627E+01  4.8219278E-03  2.3181000E-01  2.3181000E-01
  7.8507600E+01  1.1992486E+01  6.3446466E+01  4.8219278E-03  2.3760000E-01  2.3760000E-01
  7.8507600E+01  1.2127352E+01  6.5371625E+01  4.8219278E-03  2.4340000E-01  2.4340000E-01
  7.8507600E+01  1.2259103E+01  6.7293462E+01  4.8219278E-03  2.4919000E-01  2.4919000E-01
  7.8507600E+01  1.2390234E+01  6.9215299E+01  4.8219278E-03  2.5498000E-01  2.5498000E-01
  7.8507600E+01  1.2520751E+01  7.1137138E+01  4.8219278E-03  2.6077000E-01  2.6077000E-01
  7.8507600E+01  1.2650504E+01  7.3062296E+01  4.8219278E-03  2.6657000E-01  2.6657000E-01
  7.8507600E+01  1.2779301E+01  7.4984135E+01  4.8219278E-03  2.7236000E-01  2.7236000E-01
  7.8507600E+01  1.2906887E+01  7.6905974E+01  4.8219278E-03  2.7815000E-01  2.7815000E-01
  7.8507600E+01  1.3032840E+01  7.8827812E+01  4.8219278E-03  2.8394000E-01  2.8394000E-01
  7.8507600E+01  1.3157412E+01  8.0752973E+01  4.8219278E-03  2.8974000E-01  2.8974000E-01
  7.8507600E+01  1.3280110E+01  8.2674815E+01  4.8219278E-03  2.9553000E-01  2.9553000E-01
  7.8507600E+01  1.3400890E+01  8.4596654E+01  4.8219278E-03  3.0132000E-01  3.0132000E-01
  7.8507600E+01  1.3519727E+01  8.6518492E+01  4.8219278E-03  3.0711000E-01  3.0711000E-01
  7.8507600E+01  1.3637782E+01  8.8443647E+01  4.8219278E-03  3.1291000E-01  3.1291000E-01
  7.8507600E+01  1.3755687E+01  9.0365484E+01  4.8219278E-03  3.1870000E-01  3.1870000E-01
  7.8507600E+01  1.3873180E+01  9.2287322E+01  4.8219278E-03  3.2449000E-01  3.2449000E-01
  7.8507600E+01  1.3989733E+01  9.4209162E+01  4.8219278E-03  3.3028000E-01  3.3028000E-01
  7.8507600E+01  1.4105625E+01  9.6134324E+01  4.8219278E-03  3.3608000E-01  3.3608000E-01
  7.8507600E+01  1.4220892E+01  9.8056163E+01  4.8219278E-03  3.4187000E-01  3.4187000E-01
  7.8507600E+01  1.4336025E+01  9.9977997E+01  4.8219278E-03  3.4766000E-01  3.4766000E-01
  7.8507600E+01  1.4450838E+01  1.0189984E+02  4.8219278E-03  3.5345000E-01  3.5345000E-01
  7.8507600E+01  1.4565210E+01  1.0382500E+02  4.8219278E-03  3.5925000E-01  3.5925000E-01
  7.8507600E+01  1.4678988E+01  1.0574683E+02  4.8219278E-03  3.6504000E-01  3.6504000E-01
  7.8507600E+01  1.4792396E+01  1.0766868E+02  4.8219278E-03  3.7083000E-01  3.7083000E-01
  7.8507600E+01  1.4904835E+01  1.0959052E+02  4.8219278E-03  3.7662000E-01  3.7662000E-01
  7.8507600E+01  1.5015393E+01  1.1151567E+02  4.8219278E-03  3.8242000E-01  3.8242000E-01
  7.8507600E+01  1.5122502E+01  1.1343751E+02  4.8219278E-03  3.8821000E-01  3.8821000E-01
  7.8507600E+01  1.5225568E+01  1.1535935E+02  4.8219278E-03  3.9400000E-01  3.9400000E-01
  7.8507600E+01  1.5324602E+01  1.1728119E+02  4.8219278E-03  3.9979000E-01  3.9979000E-01
  7.8507600E+01  1.5420591E+01  1.1920634E+02  4.8219278E-03  4.0559000E-01  4.0559000E-01
  7.8507600E+01  1.5514086E+01  1.2112819E+02  4.8219278E-03  4.1138000E-01  4.1138000E-01
  7.8507600E+01  1.5605587E+01  1.2305003E+02  4.8219278E-03  4.1717000E-01  4.1717000E-01
  7.8507600E+01  1.5695248E+01  1.2497186E+02  4.8219278E-03  4.2296000E-01  4.2296000E-01
  7.8507600E+01  1.5783214E+01  1.2689702E+02  4.8219278E-03  4.2876000E-01  4.2876000E-01
  7.8507600E+01  1.5869049E+01  1.2881886E+02  4.8219278E-03  4.3455000E-01  4.3455000E-01
  7.8507600E+01  1.5952828E+01  1.3074070E+02  4.8219278E-03  4.4034000E-01  4.4034000E-01
  7.8507600E+01  1.6034765E+01  1.3266253E+02  4.8219278E-03  4.4613000E-01  4.4613000E-01
  7.8507600E+01  1.6115708E+01  1.3458770E+02  4.8219278E-03  4.5193000E-01  4.5193000E-01
  7.8507600E+01  1.6195721E+01  1.3650954E+02  4.8219278E-03  4.5772000E-01  4.5772000E-01
  7.8507600E+01  1.6274721E+01  1.3843137E+02  4.8219278E-03  4.6351000E-01  4.6351000E-01
  7.8507600E+01  1.6351943E+01  1.4035321E+02  4.8219278E-03  4.6930000E-01  4.6930000E-01
  7.8507600E+01  1.6426910E+01  1.4227837E+02  4.8219278E-03  4.7510000E-01  4.7510000E-01
  7.8507600E+01  1.6499231E+01  1.4420021E+02  4.8219278E-03  4.8089000E-01  4.8089000E-01
  7.8507600E+01  1.6569330E+01  1.4612205E+02  4.8219278E-03  4.8668000E-01  4.8668000E-01
  7.8507600E+01  1.6637620E+01  1.4804388E+02  4.8219278E-03  4.9247000E-01  4.9247000E-01
  7.8507600E+01  1.6704309E+01  1.4996904E+02  4.8219278E-03  4.9827000E-01  4.9827000E-01
  7.8507600E+01  1.6768864E+01  1.5189088E+02  4.8219278E-03  5.0406000E-01  5.0406000E-01
  7.8507600E+01  1.6831126E+01  1.5381272E+02  4.8219278E-03  5.0985000E-01  5.0985000E-01
  7.8507600E+01  1.6891156E+01  1.5573456E+02  4.8219278E-03  5.1564000E-01  5.1564000E-01
  7.8507600E+01  1.6949248E+01  1.5765972E+02  4.8219278E-03  5.2144000E-01  5.2144000E-01
  7.8507600E+01  1.7005390E+01  1.5958156E+02  4.8219278E-03  5.2723000E-01  5.2723000E-01
  7.8507600E+01  1.7059849E+01  1.6150340E+02  4.8219278E-03  5.3302000E-01  5.3302000E-01
  7.8507600E+01  1.7112799E+01  1.6342523E+02  4.8219278E-03  5.3881000E-01  5.3881000E-01
  7.8507600E+01  1.7164559E+01  1.6535040E+02  4.8219278E-03  5.4461000E-01  5.4461000E-01
  7.8507600E+01  1.7215184E+01  1.6727223E+02  4.8219278E-03  5.5040000E-01  5.5040000E-01
  7.8507600E+01  1.7264777E+01  1.6919407E+02  4.8219278E-03  5.5619000E-01  5.5619000E-01
  7.8507600E+01  1.7313278E+01  1.7111591E+02  4.8219278E-03  5.6198000E-01  5.6198000E-01
  7.8507600E+01  1.7360610E+01  1.7304107E+02  4.8219278E-03  5.6778000E-01  5.6778000E-01
  7.8507600E+01  1.7406578E+01  1.7496290E+02  4.8219278E-03  5.7357000E-01  5.7357000E-01
  7.8507600E+01  1.7451379E+01  1.7688474E+02  4.8219278E-03  5.7936000E-01  5.7936000E-01
  7.8507600E+01  1.7495162E+01  1.7880658E+02  4.8219278E-03  5.8515000E-01  5.8515000E-01
  7.8507600E+01  1.7538027E+01  1.8073174E+02  4.8219278E-03  5.9095000E-01  5.9095000E-01
  7.8507600E+01  1.7579582E+01  1.8265358E+02  4.8219278E-03  5.9674000E-01  5.9674000E-01
  7.8507600E+01  1.7619598E+01  1.8457542E+02  4.8219278E-03  6.0253000E-01  6.0253000E-01
  7.8507600E+01  1.7657951E+01  1.8649726E+02  4.8219278E-03  6.0832000E-01  6.0832000E-01
  7.8507600E+01  1.7694661E+01  1.8842241E+02  4.8219278E-03  6.1412000E-01  6.1412000E-01
  7.8507600E+01  1.7729643E+01  1.9034425E+02  4.8219278E-03  6.1991000E-01  6.1991000E-01
  7.8507600E+01  4.8816430E-05  5.0696012E-05  2.7256895E-03  3.2390000E-02  3.2390000E-02
  7.8507600E+01  8.2607417E-01  1.4656860E+00  2.7256895E-03  3.8263000E-02  3.8263000E-02
  7.8507600E+01  4.7685342E-01  2.9315715E+00  2.7256895E-03  4.4137000E-02  4.4137000E-02
  7.8507600E+01  7.9510930E-01  4.3974569E+00  2.7256895E-03  5.0011000E-02  5.0011000E-02
  7.8507600E+01  1.9725076E+00  5.8630928E+00  2.7256895E-03  5.5884000E-02  5.5884000E-02
  7.8507600E+01  3.0687456E+00  7.3289779E+00  2.7256895E-03  6.1758000E-02  6.1758000E-02
  7.8507600E+01  3.9972884E+00  8.7948640E+00  2.7256895E-03  6.7632000E-02  6.7632000E-02
  7.8507600E+01  4.7717060E+00  1.0260500E+01  2.7256895E-03  7.3505000E-02  7.3505000E-02
  7.8507600E+01  5.4290046E+00  1.1726384E+01  2.7256895E-03  7.9379000E-02  7.9379000E-02
  7.8507600E+01  6.0052228E+00  1.3192271E+01  2.7256895E-03  8.5253000E-02  8.5253000E-02
  7.8507600E+01  6.5249448E+00  1.4657907E+01  2.7256895E-03  9.1126000E-02  9.1126000E-02
  7.8507600E+01  7.0050287E+00  1.6123791E+01  2.7256895E-03  9.7000000E-02  9.7000000E-02
  7.8507600E+01  7.4572781E+00  1.7588679E+01  2.7256895E-03  1.0287000E-01  1.0287000E-01
  7.8507600E+01  7.8877348E+00  1.9056061E+01  2.7256895E-03  1.0875000E-01  1.0875000E-01
  7.8507600E+01  8.2958721E+00  2.0520949E+01  2.7256895E-03  1.1462000E-01  1.1462000E-01
  7.8507600E+01  8.6861243E+00  2.1985835E+01  2.7256895E-03  1.2049000E-01  1.2049000E-01
  7.8507600E+01  9.0708458E+00  2.3453218E+01  2.7256895E-03  1.2637000E-01  1.2637000E-01
  7.8507600E+01  9.4624395E+00  2.4918106E+01  2.7256895E-03  1.3224000E-01  1.3224000E-01
  7.8507600E+01  9.8660785E+00  2.6385489E+01  2.7256895E-03  1.3812000E-01  1.3812000E-01
  7.8507600E+01  1.0278134E+01  2.7850376E+01  2.7256895E-03  1.4399000E-01  1.4399000E-01
  7.8507600E+01  1.0691372E+01  2.9315261E+01  2.7256895E-03  1.4986000E-01  1.4986000E-01
  7.8507600E+01  1.1095128E+01  3.0782646E+01  2.7256895E-03  1.5574000E-01  1.5574000E-01
  7.8507600E+01  1.1489947E+01  3.2247533E+01  2.7256895E-03  1.6161000E-01  1.6161000E-01
  7.8507600E+01  1.1885300E+01  3.3712420E+01  2.7256895E-03  1.6748000E-01  1.6748000E-01
  7.8507600E+01  1.2278999E+01  3.5179803E+01  2.7256895E-03  1.7336000E-01  1.7336000E-01
  7.8507600E+01  1.2661570E+01  3.6644690E+01  2.7256895E-03  1.7923000E-01  1.7923000E-01
  7.8507600E+01  1.3032709E+01  3.8109578E+01  2.7256895E-03  1.8510000E-01  1.8510000E-01
  7.8507600E+01  1.3394370E+01  3.9576959E+01  2.7256895E-03  1.9098000E-01  1.9098000E-01
  7.8507600E+01  1.3743629E+01  4.1041846E+01  2.7256895E-03  1.9685000E-01  1.9685000E-01
  7.8507600E+01  1.4077004E+01  4.2509230E+01  2.7256895E-03  2.0273000E-01  2.0273000E-01
  7.8507600E+01  1.4391474E+01  4.3974118E+01  2.7256895E-03  2.0860000E-01  2.0860000E-01
  7.8507600E+01  1.4689303E+01  4.5439004E+01  2.7256895E-03  2.1447000E-01  2.1447000E-01
  7.8507600E+01  1.4972882E+01  4.6906387E+01  2.7256895E-03  2.2035000E-01  2.2035000E-01
  7.8507600E+01  1.5239969E+01  4.8371273E+01  2.7256895E-03  2.2622000E-01  2.2622000E-01
  7.8507600E+01  1.5484891E+01  4.9836159E+01  2.7256895E-03  2.3209000E-01  2.3209000E-01
  7.8507600E+01  1.5706882E+01  5.1303543E+01  2.7256895E-03  2.3797000E-01  2.3797000E-01
  7.8507600E+01  1.5908487E+01  5.2768429E+01  2.7256895E-03  2.4384000E-01  2.4384000E-01
  7.8507600E+01  1.6094253E+01  5.4233316E+01  2.7256895E-03  2.4971000E-01  2.4971000E-01
  7.8507600E+01  1.6267817E+01  5.5700703E+01  2.7256895E-03  2.5559000E-01  2.5559000E-01
  7.8507600E+01  1.6433618E+01  5.7165587E+01  2.7256895E-03  2.6146000E-01  2.6146000E-01
  7.8507600E+01  1.6598871E+01  5.8632969E+01  2.7256895E-03  2.6734000E-01  2.6734000E-01
  7.8507600E+01  1.6764761E+01  6.0097856E+01  2.7256895E-03  2.7321000E-01  2.7321000E-01
  7.8507600E+01  1.6930625E+01  6.1562746E+01  2.7256895E-03  2.7908000E-01  2.7908000E-01
  7.8507600E+01  1.7095821E+01  6.3030130E+01  2.7256895E-03  2.8496000E-01  2.8496000E-01
  7.8507600E+01  1.7258966E+01  6.4495018E+01  2.7256895E-03  2.9083000E-01  2.9083000E-01
  7.8507600E+01  1.7418756E+01  6.5959905E+01  2.7256895E-03  2.9670000E-01  2.9670000E-01
  7.8507600E+01  1.7573053E+01  6.7427286E+01  2.7256895E-03  3.0258000E-01  3.0258000E-01
  7.8507600E+01  1.7721277E+01  6.8892176E+01  2.7256895E-03  3.0845000E-01  3.0845000E-01
  7.8507600E+01  1.7866604E+01  7.0359555E+01  2.7256895E-03  3.1433000E-01  3.1433000E-01
  7.8507600E+01  1.8011217E+01  7.1824441E+01  2.7256895E-03  3.2020000E-01  3.2020000E-01
  7.8507600E+01  1.8156940E+01  7.3289331E+01  2.7256895E-03  3.2607000E-01  3.2607000E-01
  7.8507600E+01  1.8304619E+01  7.4756714E+01  2.7256895E-03  3.3195000E-01  3.3195000E-01
  7.8507600E+01  1.8453759E+01  7.6221598E+01  2.7256895E-03  3.3782000E-01  3.3782000E-01
  7.8507600E+01  1.8604297E+01  7.7686485E+01  2.7256895E-03  3.4369000E-01  3.4369000E-01
  7.8507600E+01  1.8755428E+01  7.9153872E+01  2.7256895E-03  3.4957000E-01  3.4957000E-01
  7.8507600E+01  1.8904833E+01  8.0618755E+01  2.7256895E-03  3.5544000E-01  3.5544000E-01
  7.8507600E+01  1.9052580E+01  8.2083642E+01  2.7256895E-03  3.6131000E-01  3.6131000E-01
  7.8507600E+01  1.9199604E+01  8.3551025E+01  2.7256895E-03  3.6719000E-01  3.6719000E-01
  7.8507600E+01  1.9345572E+01  8.5015912E+01  2.7256895E-03  3.7306000E-01  3.7306000E-01
  7.8507600E+01  1.9490214E+01  8.6483297E+01  2.7256895E-03  3.7894000E-01  3.7894000E-01
  7.8507600E+01  1.9631730E+01  8.7948186E+01  2.7256895E-03  3.8481000E-01  3.8481000E-01
  7.8507600E+01  1.9769347E+01  8.9413069E+01  2.7256895E-03  3.9068000E-01  3.9068000E-01
  7.8507600E+01  1.9903208E+01  9.0880452E+01  2.7256895E-03  3.9656000E-01  3.9656000E-01
  7.8507600E+01  2.0032587E+01  9.2345339E+01  2.7256895E-03  4.0243000E-01  4.0243000E-01
  7.8507600E+01  2.0157411E+01  9.3810229E+01  2.7256895E-03  4.0830000E-01  4.0830000E-01
  7.8507600E+01  2.0278197E+01  9.5277613E+01  2.7256895E-03  4.1418000E-01  4.1418000E-01
  7.8507600E+01  2.0395322E+01  9.6742497E+01  2.7256895E-03  4.2005000E-01  4.2005000E-01
  7.8507600E+01  2.0509881E+01  9.8207383E+01  2.7256895E-03  4.2592000E-01  4.2592000E-01
  7.8507600E+01  2.0622697E+01  9.9674766E+01  2.7256895E-03  4.3180000E-01  4.3180000E-01
  7.8507600E+01  2.0733600E+01  1.0113965E+02  2.7256895E-03  4.3767000E-01  4.3767000E-01
  7.8507600E+01  2.0842935E+01  1.0260704E+02  2.7256895E-03  4.4355000E-01  4.4355000E-01
  7.8507600E+01  2.0950462E+01  1.0407193E+02  2.7256895E-03  4.4942000E-01  4.4942000E-01
  7.8507600E+01  2.1056057E+01  1.0553682E+02  2.7256895E-03  4.5529000E-01  4.5529000E-01
  7.8507600E+01  2.1159071E+01  1.0700420E+02  2.7256895E-03  4.6117000E-01  4.6117000E-01
  7.8507600E+01  2.1258538E+01  1.0846908E+02  2.7256895E-03  4.6704000E-01  4.6704000E-01
  7.8507600E+01  2.1354533E+01  1.0993397E+02  2.7256895E-03  4.7291000E-01  4.7291000E-01
  7.8507600E+01  2.1447541E+01  1.1140135E+02  2.7256895E-03  4.7879000E-01  4.7879000E-01
  7.8507600E+01  2.1537704E+01  1.1286624E+02  2.7256895E-03  4.8466000E-01  4.8466000E-01
  7.8507600E+01  2.1625356E+01  1.1433113E+02  2.7256895E-03  4.9053000E-01  4.9053000E-01
  7.8507600E+01  2.1710617E+01  1.1579851E+02  2.7256895E-03  4.9641000E-01  4.9641000E-01
  7.8507600E+01  2.1793633E+01  1.1726339E+02  2.7256895E-03  5.0228000E-01  5.0228000E-01
  7.8507600E+01  2.1875061E+01  1.1873078E+02  2.7256895E-03  5.0816000E-01  5.0816000E-01
  7.8507600E+01  2.1954564E+01  1.2019567E+02  2.7256895E-03  5.1403000E-01  5.1403000E-01
  7.8507600E+01  2.2031865E+01  1.2166055E+02  2.7256895E-03  5.1990000E-01  5.1990000E-01
  7.8507600E+01  2.2106591E+01  1.2312793E+02  2.7256895E-03  5.2578000E-01  5.2578000E-01
  7.8507600E+01  2.2178242E+01  1.2459282E+02  2.7256895E-03  5.3165000E-01  5.3165000E-01
  7.8507600E+01  2.2247179E+01  1.2605772E+02  2.7256895E-03  5.3752000E-01  5.3752000E-01
  7.8507600E+01  2.2314159E+01  1.2752509E+02  2.7256895E-03  5.4340000E-01  5.4340000E-01
  7.8507600E+01  2.2379461E+01  1.2898998E+02  2.7256895E-03  5.4927000E-01  5.4927000E-01
  7.8507600E+01  2.2443478E+01  1.3045487E+02  2.7256895E-03  5.5514000E-01  5.5514000E-01
  7.8507600E+01  2.2506501E+01  1.3192225E+02  2.7256895E-03  5.6102000E-01  5.6102000E-01
  7.8507600E+01  2.2568393E+01  1.3338714E+02  2.7256895E-03  5.6689000E-01  5.6689000E-01
  7.8507600E+01  2.2629323E+01  1.3485452E+02  2.7256895E-03  5.7277000E-01  5.7277000E-01
  7.8507600E+01  2.2688940E+01  1.3631941E+02  2.7256895E-03  5.7864000E-01  5.7864000E-01
  7.8507600E+01  2.2747144E+01  1.3778429E+02  2.7256895E-03  5.8451000E-01  5.8451000E-01
  7.8507600E+01  2.2803804E+01  1.3925168E+02  2.7256895E-03  5.9039000E-01  5.9039000E-01
  7.8507600E+01  2.2858602E+01  1.4071657E+02  2.7256895E-03  5.9626000E-01  5.9626000E-01
  7.8507600E+01  2.2911279E+01  1.4218145E+02  2.7256895E-03  6.0213000E-01  6.0213000E-01
  7.8507600E+01  2.2961639E+01  1.4364883E+02  2.7256895E-03  6.0801000E-01  6.0801000E-01
  7.8507600E+01  2.3009473E+01  1.4511372E+02  2.7256895E-03  6.1388000E-01  6.1388000E-01
  7.8507600E+01  0.0000000E+00  0.0000000E+00  2.5835488E-02  9.8860186E-02  9.8860186E-02
  7.8507600E+01  2.7869103E+00  4.2178636E+00  2.5835465E-02  1.0435000E-01  1.0435000E-01
  7.8507600E+01  3.6435710E+00  8.4358843E+00  2.5835465E-02  1.0984000E-01  1.0984000E-01
  7.8507600E+01  3.8324403E+00  1.2653900E+01  2.5835465E-02  1.1533000E-01  1.1533000E-01
  7.8507600E+01  3.8825805E+00  1.6871919E+01  2.5835465E-02  1.2082000E-01  1.2082000E-01
  7.8507600E+01  3.9035935E+00  2.1089937E+01  2.5835465E-02  1.2631000E-01  1.2631000E-01
  7.8507600E+01  3.9218898E+00  2.5307955E+01  2.5835465E-02  1.3180000E-01  1.3180000E-01
  7.8507600E+01  3.9474853E+00  2.9525973E+01  2.5835465E-02  1.3729000E-01  1.3729000E-01
  7.8507600E+01  3.9843771E+00  3.3743998E+01  2.5835465E-02  1.4278000E-01  1.4278000E-01
  7.8507600E+01  4.0326519E+00  3.7962009E+01  2.5835465E-02  1.4827000E-01  1.4827000E-01
  7.8507600E+01  4.0896003E+00  4.2180029E+01  2.5835465E-02  1.5376000E-01  1.5376000E-01
  7.8507600E+01  4.1526465E+00  4.6398046E+01  2.5835465E-02  1.5925000E-01  1.5925000E-01
  7.8507600E+01  4.2189540E+00  5.0616071E+01  2.5835465E-02  1.6474000E-01  1.6474000E-01
  7.8507600E+01  4.2866092E+00  5.4834083E+01  2.5835465E-02  1.7023000E-01  1.7023000E-01
  7.8507600E+01  4.3561937E+00  5.9052102E+01  2.5835465E-02  1.7572000E-01  1.7572000E-01
  7.8507600E+01  4.4289192E+00  6.3270119E+01  2.5835465E-02  1.8121000E-01  1.8121000E-01
  7.8507600E+01  4.5046023E+00  6.7488141E+01  2.5835465E-02  1.8670000E-01  1.8670000E-01
  7.8507600E+01  4.5820167E+00  7.1706162E+01  2.5835465E-02  1.9219000E-01  1.9219000E-01
  7.8507600E+01  4.6600438E+00  7.5924173E+01  2.5835465E-02  1.9768000E-01  1.9768000E-01
  7.8507600E+01  4.7376937E+00  8.0142197E+01  2.5835465E-02  2.0317000E-01  2.0317000E-01
  7.8507600E+01  4.8138535E+00  8.4360212E+01  2.5835465E-02  2.0866000E-01  2.0866000E-01
  7.8507600E+01  4.8882233E+00  8.8578231E+01  2.5835465E-02  2.1415000E-01  2.1415000E-01
  7.8507600E+01  4.9625537E+00  9.2796254E+01  2.5835465E-02  2.1964000E-01  2.1964000E-01
  7.8507600E+01  5.0375672E+00  9.7014267E+01  2.5835465E-02  2.2513000E-01  2.2513000E-01
  7.8507600E+01  5.1112733E+00  1.0123228E+02  2.5835465E-02  2.3062000E-01  2.3062000E-01
  7.8507600E+01  5.1815240E+00  1.0545030E+02  2.5835465E-02  2.3611000E-01  2.3611000E-01
  7.8507600E+01  5.2481497E+00  1.0966832E+02  2.5835465E-02  2.4160000E-01  2.4160000E-01
  7.8507600E+01  5.3111088E+00  1.1388635E+02  2.5835465E-02  2.4709000E-01  2.4709000E-01
  7.8507600E+01  5.3705553E+00  1.1810436E+02  2.5835465E-02  2.5258000E-01  2.5258000E-01
  7.8507600E+01  5.4270443E+00  1.2232238E+02  2.5835465E-02  2.5807000E-01  2.5807000E-01
  7.8507600E+01  5.4810383E+00  1.2654040E+02  2.5835465E-02  2.6356000E-01  2.6356000E-01
  7.8507600E+01  5.5325631E+00  1.3075841E+02  2.5835465E-02  2.6905000E-01  2.6905000E-01
  7.8507600E+01  5.5815000E+00  1.3497644E+02  2.5835465E-02  2.7454000E-01  2.7454000E-01
  7.8507600E+01  5.6282972E+00  1.3919446E+02  2.5835465E-02  2.8003000E-01  2.8003000E-01
  7.8507600E+01  5.6737050E+00  1.4341247E+02  2.5835465E-02  2.8552000E-01  2.8552000E-01
  7.8507600E+01  5.7182948E+00  1.4763049E+02  2.5835465E-02  2.9101000E-01  2.9101000E-01
  7.8507600E+01  5.7621910E+00  1.5184851E+02  2.5835465E-02  2.9650000E-01  2.9650000E-01
  7.8507600E+01  5.8052483E+00  1.5606653E+02  2.5835465E-02  3.0199000E-01  3.0199000E-01
  7.8507600E+01  5.8474084E+00  1.6028455E+02  2.5835465E-02  3.0748000E-01  3.0748000E-01
  7.8507600E+01  5.8888391E+00  1.6450256E+02  2.5835465E-02  3.1297000E-01  3.1297000E-01
  7.8507600E+01  5.9295532E+00  1.6872057E+02  2.5835465E-02  3.1846000E-01  3.1846000E-01
  7.8507600E+01  5.9697529E+00  1.7293860E+02  2.5835465E-02  3.2395000E-01  3.2395000E-01
  7.8507600E+01  6.0100651E+00  1.7715662E+02  2.5835465E-02  3.2944000E-01  3.2944000E-01
  7.8507600E+01  6.0509992E+00  1.8137464E+02  2.5835465E-02  3.3493000E-01  3.3493000E-01
  7.8507600E+01  6.0926453E+00  1.8559266E+02  2.5835465E-02  3.4042000E-01  3.4042000E-01
  7.8507600E+01  6.1347359E+00  1.8981068E+02  2.5835465E-02  3.4591000E-01  3.4591000E-01
  7.8507600E+01  6.1770537E+00  1.9402869E+02  2.5835465E-02  3.5140000E-01  3.5140000E-01
  7.8507600E+01  6.2195909E+00  1.9824671E+02  2.5835465E-02  3.5689000E-01  3.5689000E-01
  7.8507600E+01  6.2622978E+00  2.0246473E+02  2.5835465E-02  3.6238000E-01  3.6238000E-01
  7.8507600E+01  6.3050026E+00  2.0668275E+02  2.5835465E-02  3.6787000E-01  3.6787000E-01
  7.8507600E+01  6.3474330E+00  2.1090076E+02  2.5835465E-02  3.7336000E-01  3.7336000E-01
  7.8507600E+01  6.3892851E+00  2.1511879E+02  2.5835465E-02  3.7885000E-01  3.7885000E-01
  7.8507600E+01  6.4303161E+00  2.1933680E+02  2.5835465E-02  3.8434000E-01  3.8434000E-01
  7.8507600E+01  6.4704342E+00  2.2355481E+02  2.5835465E-02  3.8983000E-01  3.8983000E-01
  7.8507600E+01  6.5097191E+00  2.2777284E+02  2.5835465E-02  3.9532000E-01  3.9532000E-01
  7.8507600E+01  6.5482287E+00  2.3199085E+02  2.5835465E-02  4.0081000E-01  4.0081000E-01
  7.8507600E+01  6.5858843E+00  2.3620887E+02  2.5835465E-02  4.0630000E-01  4.0630000E-01
  7.8507600E+01  6.6224444E+00  2.4042690E+02  2.5835465E-02  4.1179000E-01  4.1179000E-01
  7.8507600E+01  6.6576876E+00  2.4464492E+02  2.5835465E-02  4.1728000E-01  4.1728000E-01
  7.8507600E+01  6.6915882E+00  2.4886292E+02  2.5835465E-02  4.2277000E-01  4.2277000E-01
  7.8507600E+01  6.7244031E+00  2.5308094E+02  2.5835465E-02  4.2826000E-01  4.2826000E-01
  7.8507600E+01  6.7565891E+00  2.5729897E+02  2.5835465E-02  4.3375000E-01  4.3375000E-01
  7.8507600E+01  6.7884884E+00  2.6151699E+02  2.5835465E-02  4.3924000E-01  4.3924000E-01
  7.8507600E+01  6.8201710E+00  2.6573500E+02  2.5835465E-02  4.4473000E-01  4.4473000E-01
  7.8507600E+01  6.8515831E+00  2.6995302E+02  2.5835465E-02  4.5022000E-01  4.5022000E-01
  7.8507600E+01  6.8825885E+00  2.7417104E+02  2.5835465E-02  4.5571000E-01  4.5571000E-01
  7.8507600E+01  6.9129990E+00  2.7838906E+02  2.5835465E-02  4.6120000E-01  4.6120000E-01
  7.8507600E+01  6.9426013E+00  2.8260707E+02  2.5835465E-02  4.6669000E-01  4.6669000E-01
  7.8507600E+01  6.9711914E+00  2.8682508E+02  2.5835465E-02  4.7218000E-01  4.7218000E-01
  7.8507600E+01  6.9986259E+00  2.9104311E+02  2.5835465E-02  4.7767000E-01  4.7767000E-01
  7.8507600E+01  7.0249000E+00  2.9526113E+02  2.5835465E-02  4.8316000E-01  4.8316000E-01
  7.8507600E+01  7.0502426E+00  2.9947915E+02  2.5835465E-02  4.8865000E-01  4.8865000E-01
  7.8507600E+01  7.0748572E+00  3.0369717E+02  2.5835465E-02  4.9414000E-01  4.9414000E-01
  7.8507600E+01  7.0987896E+00  3.0791519E+02  2.5835465E-02  4.9963000E-01  4.9963000E-01
  7.8507600E+01  7.1220824E+00  3.1213321E+02  2.5835465E-02  5.0512000E-01  5.0512000E-01
  7.8507600E+01  7.1448296E+00  3.1635122E+02  2.5835465E-02  5.1061000E-01  5.1061000E-01
  7.8507600E+01  7.1671347E+00  3.2056924E+02  2.5835465E-02  5.1610000E-01  5.1610000E-01
  7.8507600E+01  7.1890287E+00  3.2478726E+02  2.5835465E-02  5.2159000E-01  5.2159000E-01
  7.8507600E+01  7.2104080E+00  3.2900528E+02  2.5835465E-02  5.2708000E-01  5.2708000E-01
  7.8507600E+01  7.2312032E+00  3.3322330E+02  2.5835465E-02  5.3257000E-01  5.3257000E-01
  7.8507600E+01  7.2514587E+00  3.3744132E+02  2.5835465E-02  5.3806000E-01  5.3806000E-01
  7.8507600E+01  7.2711767E+00  3.4165933E+02  2.5835465E-02  5.4355000E-01  5.4355000E-01
  7.8507600E+01  7.2903476E+00  3.4587735E+02  2.5835465E-02  5.4904000E-01  5.4904000E-01
  7.8507600E+01  7.3089994E+00  3.5009537E+02  2.5835465E-02  5.5453000E-01  5.5453000E-01
  7.8507600E+01  7.3272164E+00  3.5431339E+02  2.5835465E-02  5.6002000E-01  5.6002000E-01
  7.8507600E+01  7.3451252E+00  3.5853141E+02  2.5835465E-02  5.6551000E-01  5.6551000E-01
  7.8507600E+01  7.3628530E+00  3.6274943E+02  2.5835465E-02  5.7100000E-01  5.7100000E-01
  7.8507600E+01  7.3804658E+00  3.6696744E+02  2.5835465E-02  5.7649000E-01  5.7649000E-01
  7.8507600E+01  7.3979234E+00  3.7118546E+02  2.5835465E-02  5.8198000E-01  5.8198000E-01
  7.8507600E+01  7.4150842E+00  3.7540348E+02  2.5835465E-02  5.8747000E-01  5.8747000E-01
  7.8507600E+01  7.4318145E+00  3.7962150E+02  2.5835465E-02  5.9296000E-01  5.9296000E-01
  7.8507600E+01  7.4480096E+00  3.8383952E+02  2.5835465E-02  5.9845000E-01  5.9845000E-01
  7.8507600E+01  7.4635846E+00  3.8805754E+02  2.5835465E-02  6.0394000E-01  6.0394000E-01
  7.8507600E+01  7.4784648E+00  3.9227556E+02  2.5835465E-02  6.0943000E-01  6.0943000E-01
  7.8507600E+01  7.4925857E+00  3.9649356E+02  2.5835465E-02  6.1492000E-01  6.1492000E-01
  7.8507600E+01  7.5059140E+00  4.0071158E+02  2.5835465E-02  6.2041000E-01  6.2041000E-01
  7.8507600E+01  7.5184939E+00  4.0492961E+02  2.5835465E-02  6.2590000E-01  6.2590000E-01
  7.8507600E+01  7.5304018E+00  4.0914763E+02  2.5835465E-02  6.3139000E-01  6.3139000E-01
  7.8507600E+01  7.5417082E+00  4.1336564E+02  2.5835465E-02  6.3688000E-01  6.3688000E-01
  7.8507600E+01  7.5524889E+00  4.1758366E+02  2.5835465E-02  6.4237000E-01  6.4237000E-01
  7.8507600E+01  7.8719545E-05  7.9891985E-05  2.8100272E-03  8.4798000E-02  8.4798000E-02
  7.8507600E+01  8.2251838E-01  1.4116947E+00  2.8100272E-03  9.0369000E-02  9.0369000E-02
  7.8507600E+01  2.4461756E-01  2.8233098E+00  2.8100272E-03  9.5940000E-02  9.5940000E-02
  7.8507600E+01  1.3794109E+00  4.2346714E+00  2.8100272E-03  1.0151000E-01  1.0151000E-01
  7.8507600E+01  3.5445400E+00  5.6460329E+00  2.8100272E-03  1.0708000E-01  1.0708000E-01
  7.8507600E+01  5.8552406E+00  7.0573945E+00  2.8100272E-03  1.1265000E-01  1.1265000E-01
  7.8507600E+01  7.9629732E+00  8.4687561E+00  2.8100272E-03  1.1822000E-01  1.1822000E-01
  7.8507600E+01  9.6373311E+00  9.8826506E+00  2.8100272E-03  1.2380000E-01  1.2380000E-01
  7.8507600E+01  1.0824878E+01  1.1294013E+01  2.8100272E-03  1.2937000E-01  1.2937000E-01
  7.8507600E+01  1.1622047E+01  1.2705374E+01  2.8100272E-03  1.3494000E-01  1.3494000E-01
  7.8507600E+01  1.2161092E+01  1.4116736E+01  2.8100272E-03  1.4051000E-01  1.4051000E-01
  7.8507600E+01  1.2549485E+01  1.5528098E+01  2.8100272E-03  1.4608000E-01  1.4608000E-01
  7.8507600E+01  1.2857672E+01  1.6939459E+01  2.8100272E-03  1.5165000E-01  1.5165000E-01
  7.8507600E+01  1.3128956E+01  1.8350821E+01  2.8100272E-03  1.5722000E-01  1.5722000E-01
  7.8507600E+01  1.3386664E+01  1.9762183E+01  2.8100272E-03  1.6279000E-01  1.6279000E-01
  7.8507600E+01  1.3638741E+01  2.1173544E+01  2.8100272E-03  1.6836000E-01  1.6836000E-01
  7.8507600E+01  1.3885611E+01  2.2587440E+01  2.8100272E-03  1.7394000E-01  1.7394000E-01
  7.8507600E+01  1.4126237E+01  2.3998801E+01  2.8100272E-03  1.7951000E-01  1.7951000E-01
  7.8507600E+01  1.4359803E+01  2.5410163E+01  2.8100272E-03  1.8508000E-01  1.8508000E-01
  7.8507600E+01  1.4586420E+01  2.6821524E+01  2.8100272E-03  1.9065000E-01  1.9065000E-01
  7.8507600E+01  1.4808737E+01  2.8232886E+01  2.8100272E-03  1.9622000E-01  1.9622000E-01
  7.8507600E+01  1.5029016E+01  2.9644247E+01  2.8100272E-03  2.0179000E-01  2.0179000E-01
  7.8507600E+01  1.5248340E+01  3.1055609E+01  2.8100272E-03  2.0736000E-01  2.0736000E-01
  7.8507600E+01  1.5467715E+01  3.2466971E+01  2.8100272E-03  2.1293000E-01  2.1293000E-01
  7.8507600E+01  1.5687266E+01  3.3880866E+01  2.8100272E-03  2.1851000E-01  2.1851000E-01
  7.8507600E+01  1.5905223E+01  3.5292227E+01  2.8100272E-03  2.2408000E-01  2.2408000E-01
  7.8507600E+01  1.6122056E+01  3.6703589E+01  2.8100272E-03  2.2965000E-01  2.2965000E-01
  7.8507600E+01  1.6336737E+01  3.8114951E+01  2.8100272E-03  2.3522000E-01  2.3522000E-01
  7.8507600E+01  1.6546116E+01  3.9526314E+01  2.8100272E-03  2.4079000E-01  2.4079000E-01
  7.8507600E+01  1.6746986E+01  4.0937674E+01  2.8100272E-03  2.4636000E-01  2.4636000E-01
  7.8507600E+01  1.6937906E+01  4.2349036E+01  2.8100272E-03  2.5193000E-01  2.5193000E-01
  7.8507600E+01  1.7119749E+01  4.3760399E+01  2.8100272E-03  2.5750000E-01  2.5750000E-01
  7.8507600E+01  1.7293987E+01  4.5171760E+01  2.8100272E-03  2.6307000E-01  2.6307000E-01
  7.8507600E+01  1.7461394E+01  4.6585656E+01  2.8100272E-03  2.6865000E-01  2.6865000E-01
  7.8507600E+01  1.7621032E+01  4.7997014E+01  2.8100272E-03  2.7422000E-01  2.7422000E-01
  7.8507600E+01  1.7772707E+01  4.9408376E+01  2.8100272E-03  2.7979000E-01  2.7979000E-01
  7.8507600E+01  1.7917221E+01  5.0819741E+01  2.8100272E-03  2.8536000E-01  2.8536000E-01
  7.8507600E+01  1.8056033E+01  5.2231102E+01  2.8100272E-03  2.9093000E-01  2.9093000E-01
  7.8507600E+01  1.8189839E+01  5.3642460E+01  2.8100272E-03  2.9650000E-01  2.9650000E-01
  7.8507600E+01  1.8318461E+01  5.5053825E+01  2.8100272E-03  3.0207000E-01  3.0207000E-01
  7.8507600E+01  1.8444087E+01  5.6465183E+01  2.8100272E-03  3.0764000E-01  3.0764000E-01
  7.8507600E+01  1.8568956E+01  5.7876547E+01  2.8100272E-03  3.1321000E-01  3.1321000E-01
  7.8507600E+01  1.8693202E+01  5.9290445E+01  2.8100272E-03  3.1879000E-01  3.1879000E-01
  7.8507600E+01  1.8815689E+01  6.0701805E+01  2.8100272E-03  3.2436000E-01  3.2436000E-01
  7.8507600E+01  1.8936861E+01  6.2113163E+01  2.8100272E-03  3.2993000E-01  3.2993000E-01
  7.8507600E+01  1.9058187E+01  6.3524527E+01  2.8100272E-03  3.3550000E-01  3.3550000E-01
  7.8507600E+01  1.9181022E+01  6.4935891E+01  2.8100272E-03  3.4107000E-01  3.4107000E-01
  7.8507600E+01  1.9304835E+01  6.6347249E+01  2.8100272E-03  3.4664000E-01  3.4664000E-01
  7.8507600E+01  1.9429011E+01  6.7758610E+01  2.8100272E-03  3.5221000E-01  3.5221000E-01
  7.8507600E+01  1.9553686E+01  6.9169975E+01  2.8100272E-03  3.5778000E-01  3.5778000E-01
  7.8507600E+01  1.9679295E+01  7.0583871E+01  2.8100272E-03  3.6336000E-01  3.6336000E-01
  7.8507600E+01  1.9805186E+01  7.1995230E+01  2.8100272E-03  3.6893000E-01  3.6893000E-01
  7.8507600E+01  1.9930773E+01  7.3406590E+01  2.8100272E-03  3.7450000E-01  3.7450000E-01
  7.8507600E+01  2.0054762E+01  7.4817955E+01  2.8100272E-03  3.8007000E-01  3.8007000E-01
  7.8507600E+01  2.0175984E+01  7.6229316E+01  2.8100272E-03  3.8564000E-01  3.8564000E-01
  7.8507600E+01  2.0294803E+01  7.7640678E+01  2.8100272E-03  3.9121000E-01  3.9121000E-01
  7.8507600E+01  2.0411995E+01  7.9052039E+01  2.8100272E-03  3.9678000E-01  3.9678000E-01
  7.8507600E+01  2.0527465E+01  8.0463402E+01  2.8100272E-03  4.0235000E-01  4.0235000E-01
  7.8507600E+01  2.0640733E+01  8.1874763E+01  2.8100272E-03  4.0792000E-01  4.0792000E-01
  7.8507600E+01  2.0751462E+01  8.3288656E+01  2.8100272E-03  4.1350000E-01  4.1350000E-01
  7.8507600E+01  2.0858782E+01  8.4700016E+01  2.8100272E-03  4.1907000E-01  4.1907000E-01
  7.8507600E+01  2.0962527E+01  8.6111382E+01  2.8100272E-03  4.2464000E-01  4.2464000E-01
  7.8507600E+01  2.1062653E+01  8.7522739E+01  2.8100272E-03  4.3021000E-01  4.3021000E-01
  7.8507600E+01  2.1159887E+01  8.8934100E+01  2.8100272E-03  4.3578000E-01  4.3578000E-01
  7.8507600E+01  2.1255327E+01  9.0345464E+01  2.8100272E-03  4.4135000E-01  4.4135000E-01
  7.8507600E+01  2.1349544E+01  9.1756828E+01  2.8100272E-03  4.4692000E-01  4.4692000E-01
  7.8507600E+01  2.1442503E+01  9.3168190E+01  2.8100272E-03  4.5249000E-01  4.5249000E-01
  7.8507600E+01  2.1533820E+01  9.4579550E+01  2.8100272E-03  4.5806000E-01  4.5806000E-01
  7.8507600E+01  2.1623253E+01  9.5993443E+01  2.8100272E-03  4.6364000E-01  4.6364000E-01
  7.8507600E+01  2.1710302E+01  9.7404803E+01  2.8100272E-03  4.6921000E-01  4.6921000E-01
  7.8507600E+01  2.1795136E+01  9.8816169E+01  2.8100272E-03  4.7478000E-01  4.7478000E-01
  7.8507600E+01  2.1877614E+01  1.0022753E+02  2.8100272E-03  4.8035000E-01  4.8035000E-01
  7.8507600E+01  2.1957367E+01  1.0163889E+02  2.8100272E-03  4.8592000E-01  4.8592000E-01
  7.8507600E+01  2.2034003E+01  1.0305025E+02  2.8100272E-03  4.9149000E-01  4.9149000E-01
  7.8507600E+01  2.2107488E+01  1.0446161E+02  2.8100272E-03  4.9706000E-01  4.9706000E-01
  7.8507600E+01  2.2178113E+01  1.0587298E+02  2.8100272E-03  5.0263000E-01  5.0263000E-01
  7.8507600E+01  2.2246438E+01  1.0728687E+02  2.8100272E-03  5.0821000E-01  5.0821000E-01
  7.8507600E+01  2.2312619E+01  1.0869823E+02  2.8100272E-03  5.1378000E-01  5.1378000E-01
  7.8507600E+01  2.2377100E+01  1.1010960E+02  2.8100272E-03  5.1935000E-01  5.1935000E-01
  7.8507600E+01  2.2440230E+01  1.1152096E+02  2.8100272E-03  5.2492000E-01  5.2492000E-01
  7.8507600E+01  2.2502068E+01  1.1293232E+02  2.8100272E-03  5.3049000E-01  5.3049000E-01
  7.8507600E+01  2.2562375E+01  1.1434368E+02  2.8100272E-03  5.3606000E-01  5.3606000E-01
  7.8507600E+01  2.2621100E+01  1.1575504E+02  2.8100272E-03  5.4163000E-01  5.4163000E-01
  7.8507600E+01  2.2678483E+01  1.1716640E+02  2.8100272E-03  5.4720000E-01  5.4720000E-01
  7.8507600E+01  2.2734903E+01  1.1857776E+02  2.8100272E-03  5.5277000E-01  5.5277000E-01
  7.8507600E+01  2.2790730E+01  1.1999166E+02  2.8100272E-03  5.5835000E-01  5.5835000E-01
  7.8507600E+01  2.2845712E+01  1.2140302E+02  2.8100272E-03  5.6392000E-01  5.6392000E-01
  7.8507600E+01  2.2899632E+01  1.2281438E+02  2.8100272E-03  5.6949000E-01  5.6949000E-01
  7.8507600E+01  2.2952626E+01  1.2422575E+02  2.8100272E-03  5.7506000E-01  5.7506000E-01
  7.8507600E+01  2.3005016E+01  1.2563711E+02  2.8100272E-03  5.8063000E-01  5.8063000E-01
  7.8507600E+01  2.3056883E+01  1.2704847E+02  2.8100272E-03  5.8620000E-01  5.8620000E-01
  7.8507600E+01  2.3108023E+01  1.2845983E+02  2.8100272E-03  5.9177000E-01  5.9177000E-01
  7.8507600E+01  2.3158049E+01  1.2987119E+02  2.8100272E-03  5.9734000E-01  5.9734000E-01
  7.8507600E+01  2.3206530E+01  1.3128255E+02  2.8100272E-03  6.0291000E-01  6.0291000E-01
  7.8507600E+01  2.3253205E+01  1.3269645E+02  2.8100272E-03  6.0849000E-01  6.0849000E-01
  7.8507600E+01  2.3297690E+01  1.3410781E+02  2.8100272E-03  6.1406000E-01  6.1406000E-01
  7.8507600E+01  2.3339853E+01  1.3551917E+02  2.8100272E-03  6.1963000E-01  6.1963000E-01
  7.8507600E+01  2.3379464E+01  1.3693053E+02  2.8100272E-03  6.2520000E-01  6.2520000E-01
  7.8507600E+01  2.3416506E+01  1.3834189E+02  2.8100272E-03  6.3077000E-01  6.3077000E-01
  7.8507600E+01  2.3451109E+01  1.3975326E+02  2.8100272E-03  6.3634000E-01  6.3634000E-01
