          atime          uvari          vvari          wvari          pvari          tvari
  7.8507600E+01 -1.6271053E-13 -1.0468093E-15 -6.3193944E-14  1.7041307E-03  0.0000000E+00
  7.8507600E+01  2.4146118E-02  3.4264082E-04  1.0868092E-02  1.4353312E-03  0.0000000E+00
  7.8507600E+01  3.2701179E-02  1.7037153E-03  2.6881483E-02  1.0392068E-03  0.0000000E+00
  7.8507600E+01  3.0148725E-02  3.8452852E-03  3.0264278E-02  8.4768470E-04  0.0000000E+00
  7.8507600E+01  2.9228323E-02  6.0459308E-03  2.9100194E-02  7.8534035E-04  0.0000000E+00
  7.8507600E+01  2.8898900E-02  7.9543233E-03  2.7584567E-02  7.7419244E-04  0.0000000E+00
  7.8507600E+01  2.8697924E-02  9.4983481E-03  2.6278690E-02  7.8270521E-04  0.0000000E+00
  7.8507600E+01  2.8557450E-02  1.0775508E-02  2.5160240E-02  7.9736397E-04  0.0000000E+00
  7.8507600E+01  2.8553336E-02  1.1864260E-02  2.4206099E-02  8.1052431E-04  0.0000000E+00
  7.8507600E+01  2.8656143E-02  1.2780809E-02  2.3434648E-02  8.2090026E-04  0.0000000E+00
  7.8507600E+01  2.8830182E-02  1.3529596E-02  2.2890915E-02  8.2917616E-04  0.0000000E+00
  7.8507600E+01  2.9132155E-02  1.4120976E-02  2.2554977E-02  8.3722187E-04  0.0000000E+00
  7.8507600E+01  2.9540254E-02  1.4559929E-02  2.2310323E-02  8.4637816E-04  0.0000000E+00
  7.8507600E+01  2.9977971E-02  1.4856053E-02  2.2076102E-02  8.5632915E-04  0.0000000E+00
  7.8507600E+01  3.0370717E-02  1.5031076E-02  2.1829705E-02  8.6614779E-04  0.0000000E+00
  7.8507600E+01  3.0660463E-02  1.5113358E-02  2.1585313E-02  8.7501431E-04  0.0000000E+00
  7.8507600E+01  3.0874318E-02  1.5116454E-02  2.1370909E-02  8.8193401E-04  0.0000000E+00
  7.8507600E+01  3.1025827E-02  1.5036489E-02  2.1178585E-02  8.8521426E-04  0.0000000E+00
  7.8507600E+01  3.1110446E-02  1.4883260E-02  2.0981451E-02  8.8290001E-04  0.0000000E+00
  7.8507600E+01  3.1139375E-02  1.4682593E-02  2.0770087E-02  8.7400510E-04  0.0000000E+00
  7.8507600E+01  3.1069267E-02  1.4467183E-02  2.0529044E-02  8.5898326E-04  0.0000000E+00
  7.8507600E+01  3.0858538E-02  1.4265107E-02  2.0228726E-02  8.3871373E-04  0.0000000E+00
  7.8507600E+01  3.0522133E-02  1.4078778E-02  1.9872975E-02  8.1380979E-04  0.0000000E+00
  7.8507600E+01  3.0144541E-02  1.3891861E-02  1.9503296E-02  7.8588203E-04  0.0000000E+00
  7.8507600E+01  2.9772336E-02  1.3683969E-02  1.9151543E-02  7.5742453E-04  0.0000000E+00
  7.8507600E+01  2.9333962E-02  1.3452918E-02  1.8806070E-02  7.2998255E-04  0.0000000E+00
  7.8507600E+01  2.8785933E-02  1.3218991E-02  1.8436954E-02  7.0409462E-04  0.0000000E+00
  7.8507600E+01  2.8207409E-02  1.2992682E-02  1.8048667E-02  6.8003475E-04  0.0000000E+00
  7.8507600E+01  2.7648406E-02  1.2772043E-02  1.7667384E-02  6.5767771E-04  0.0000000E+00
  7.8507600E+01  2.7143989E-02  1.2550018E-02  1.7312139E-02  6.3630241E-04  0.0000000E+00
  7.8507600E+01  2.6725650E-02  1.2321526E-02  1.6958821E-02  6.1506185E-04  0.0000000E+00
  7.8507600E+01  2.6379201E-02  1.2088115E-02  1.6572410E-02  5.9404751E-04  0.0000000E+00
  7.8507600E+01  2.6048933E-02  1.1857331E-02  1.6171046E-02  5.7457521E-04  0.0000000E+00
  7.8507600E+01  2.5684208E-02  1.1643005E-02  1.5809577E-02  5.5799324E-04  0.0000000E+00
  7.8507600E+01  2.5245981E-02  1.1455037E-02  1.5517386E-02  5.4437809E-04  0.0000000E+00
  7.8507600E+01  2.4739844E-02  1.1290336E-02  1.5289891E-02  5.3266046E-04  0.0000000E+00
  7.8507600E+01  2.4209408E-02  1.1141664E-02  1.5103204E-02  5.2152169E-04  0.0000000E+00
  7.8507600E+01  2.3673959E-02  1.1003492E-02  1.4932545E-02  5.1015462E-04  0.0000000E+00
  7.8507600E+01  2.3110551E-02  1.0876027E-02  1.4772109E-02  4.9870354E-04  0.0000000E+00
  7.8507600E+01  2.2526818E-02  1.0757966E-02  1.4639276E-02  4.8768918E-04  0.0000000E+00
  7.8507600E+01  2.1959473E-02  1.0642667E-02  1.4547705E-02  4.7735990E-04  0.0000000E+00
  7.8507600E+01  2.1436204E-02  1.0527434E-02  1.4474723E-02  4.6786236E-04  0.0000000E+00
  7.8507600E+01  2.0971310E-02  1.0415639E-02  1.4381046E-02  4.5919893E-04  0.0000000E+00
  7.8507600E+01  2.0560207E-02  1.0305899E-02  1.4232460E-02  4.5107577E-04  0.0000000E+00
  7.8507600E+01  2.0185086E-02  1.0193353E-02  1.4017190E-02  4.4299191E-04  0.0000000E+00
  7.8507600E+01  1.9833074E-02  1.0077975E-02  1.3752195E-02  4.3462137E-04  0.0000000E+00
  7.8507600E+01  1.9495915E-02  9.9650277E-03  1.3467725E-02  4.2596525E-04  0.0000000E+00
  7.8507600E+01  1.9153565E-02  9.8538627E-03  1.3175725E-02  4.1701769E-04  0.0000000E+00
  7.8507600E+01  1.8791517E-02  9.7412174E-03  1.2890518E-02  4.0772126E-04  0.0000000E+00
  7.8507600E+01  1.8411041E-02  9.6249328E-03  1.2619121E-02  3.9794261E-04  0.0000000E+00
  7.8507600E+01  1.8012555E-02  9.5034677E-03  1.2357586E-02  3.8750300E-04  0.0000000E+00
  7.8507600E+01  1.7600352E-02  9.3759287E-03  1.2099592E-02  3.7631558E-04  0.0000000E+00
  7.8507600E+01  1.7187844E-02  9.2411486E-03  1.1840323E-02  3.6443945E-04  0.0000000E+00
  7.8507600E+01  1.6801295E-02  9.0988058E-03  1.1583295E-02  3.5215158E-04  0.0000000E+00
  7.8507600E+01  1.6459391E-02  8.9488961E-03  1.1340638E-02  3.3968476E-04  0.0000000E+00
  7.8507600E+01  1.6163226E-02  8.7953037E-03  1.1119584E-02  3.2730556E-04  0.0000000E+00
  7.8507600E+01  1.5901588E-02  8.6472731E-03  1.0916338E-02  3.1534309E-04  0.0000000E+00
  7.8507600E+01  1.5667167E-02  8.5109278E-03  1.0724215E-02  3.0394460E-04  0.0000000E+00
  7.8507600E+01  1.5455548E-02  8.3868910E-03  1.0535225E-02  2.9323696E-04  0.0000000E+00
  7.8507600E+01  1.5260418E-02  8.2723603E-03  1.0342038E-02  2.8340806E-04  0.0000000E+00
  7.8507600E+01  1.5069753E-02  8.1631480E-03  1.0138574E-02  2.7452092E-04  0.0000000E+00
  7.8507600E+01  1.4873674E-02  8.0572226E-03  9.9253053E-03  2.6650227E-04  0.0000000E+00
  7.8507600E+01  1.4677060E-02  7.9535717E-03  9.7107277E-03  2.5906265E-04  0.0000000E+00
  7.8507600E+01  1.4485333E-02  7.8525067E-03  9.5058865E-03  2.5185220E-04  0.0000000E+00
  7.8507600E+01  1.4292171E-02  7.7553728E-03  9.3155915E-03  2.4463153E-04  0.0000000E+00
  7.8507600E+01  1.4094526E-02  7.6628224E-03  9.1413997E-03  2.3723675E-04  0.0000000E+00
  7.8507600E+01  1.3897787E-02  7.5734009E-03  8.9825077E-03  2.2971896E-04  0.0000000E+00
  7.8507600E+01  1.3710258E-02  7.4835026E-03  8.8353142E-03  2.2223144E-04  0.0000000E+00
  7.8507600E+01  1.3538423E-02  7.3900864E-03  8.6961888E-03  2.1495510E-04  0.0000000E+00
  7.8507600E+01  1.3382997E-02  7.2929954E-03  8.5627680E-03  2.0803595E-04  0.0000000E+00
  7.8507600E+01  1.3235888E-02  7.1936216E-03  8.4304804E-03  2.0149903E-04  0.0000000E+00
  7.8507600E+01  1.3078051E-02  7.0942017E-03  8.2922307E-03  1.9537081E-04  0.0000000E+00
  7.8507600E+01  1.2900006E-02  6.9974137E-03  8.1498010E-03  1.8966259E-04  0.0000000E+00
  7.8507600E+01  1.2701907E-02  6.9038996E-03  8.0093048E-03  1.8432975E-04  0.0000000E+00
  7.8507600E+01  1.2489205E-02  6.8124426E-03  7.8727706E-03  1.7932053E-04  0.0000000E+00
  7.8507600E+01  1.2266336E-02  6.7202792E-03  7.7366308E-03  1.7455324E-04  0.0000000E+00
  7.8507600E+01  1.2035285E-02  6.6248858E-03  7.5967177E-03  1.6997778E-04  0.0000000E+00
  7.8507600E+01  1.1793287E-02  6.5242359E-03  7.4514339E-03  1.6555262E-04  0.0000000E+00
  7.8507600E+01  1.1538212E-02  6.4185748E-03  7.3038320E-03  1.6128094E-04  0.0000000E+00
  7.8507600E+01  1.1271968E-02  6.3110705E-03  7.1576903E-03  1.5727301E-04  0.0000000E+00
  7.8507600E+01  1.0991489E-02  6.2052953E-03  7.0145321E-03  1.5358966E-04  0.0000000E+00
  7.8507600E+01  1.0690215E-02  6.1041605E-03  6.8721145E-03  1.5031154E-04  0.0000000E+00
  7.8507600E+01  1.0371812E-02  6.0087643E-03  6.7264891E-03  1.4749085E-04  0.0000000E+00
  7.8507600E+01  1.0043382E-02  5.9177626E-03  6.5755159E-03  1.4511224E-04  0.0000000E+00
  7.8507600E+01  9.7127429E-03  5.8288647E-03  6.4221635E-03  1.4306075E-04  0.0000000E+00
  7.8507600E+01  9.3836951E-03  5.7391845E-03  6.2733036E-03  1.4106190E-04  0.0000000E+00
  7.8507600E+01  9.0594606E-03  5.6465144E-03  6.1371301E-03  1.3873576E-04  0.0000000E+00
  7.8507600E+01  8.7445329E-03  5.5487216E-03  6.0152210E-03  1.3574890E-04  0.0000000E+00
  7.8507600E+01  8.4409516E-03  5.4446465E-03  5.9031407E-03  1.3196592E-04  0.0000000E+00
  7.8507600E+01  8.1530285E-03  5.3346601E-03  5.7933181E-03  1.2750052E-04  0.0000000E+00
  7.8507600E+01  7.8861953E-03  5.2189924E-03  5.6801962E-03  1.2262715E-04  0.0000000E+00
  7.8507600E+01  7.6442813E-03  5.0989130E-03  5.5605492E-03  1.1765715E-04  0.0000000E+00
  7.8507600E+01  7.4281387E-03  4.9776043E-03  5.4335266E-03  1.1287457E-04  0.0000000E+00
  7.8507600E+01  7.2334607E-03  4.8581210E-03  5.2994919E-03  1.0844425E-04  0.0000000E+00
  7.8507600E+01  7.0548722E-03  4.7432640E-03  5.1615610E-03  1.0445642E-04  0.0000000E+00
  7.8507600E+01  6.8877713E-03  4.6342509E-03  5.0257846E-03  1.0094054E-04  0.0000000E+00
  7.8507600E+01  6.7290757E-03  4.5312542E-03  4.9007023E-03  9.7873216E-05  0.0000000E+00
  7.8507600E+01  6.5717902E-03  4.4335877E-03  4.7902193E-03  9.5166795E-05  0.0000000E+00
  7.8507600E+01  6.4117143E-03  4.3405511E-03  4.6935890E-03  9.2681036E-05  0.0000000E+00
  7.8507600E+01  6.2504653E-03  4.2522301E-03  4.6069890E-03  9.0285990E-05  0.0000000E+00
  7.8507600E+01  3.2073283E-12  9.5712415E-14  5.7293591E-12  5.6781728E-04  0.0000000E+00
  7.8507600E+01  4.2915356E-04  2.3976740E-05  8.6042760E-04  5.6332586E-04  0.0000000E+00
  7.8507600E+01  9.8766811E-04  1.2493848E-04  2.0560732E-03  5.7058176E-04  0.0000000E+00
  7.8507600E+01  1.4423351E-03  3.2158465E-04  2.9505071E-03  5.9330622E-04  0.0000000E+00
  7.8507600E+01  1.8737363E-03  5.8826244E-04  3.5484334E-03  6.3325557E-04  0.0000000E+00
  7.8507600E+01  2.5707941E-03  9.2664860E-04  3.9337169E-03  6.9257476E-04  0.0000000E+00
  7.8507600E+01  4.3462320E-03  1.3858266E-03  4.1387996E-03  7.7175458E-04  0.0000000E+00
  7.8507600E+01  8.8304554E-03  1.9888946E-03  4.2133467E-03  8.6387227E-04  0.0000000E+00
  7.8507600E+01  1.7316907E-02  2.6410224E-03  4.5710448E-03  9.5074308E-04  0.0000000E+00
  7.8507600E+01  2.8251720E-02  3.1919139E-03  6.2059666E-03  1.0097470E-03  0.0000000E+00
  7.8507600E+01  3.7633175E-02  3.6511967E-03  9.9098313E-03  1.0236159E-03  0.0000000E+00
  7.8507600E+01  4.1620175E-02  4.2254648E-03  1.4719868E-02  9.9158345E-04  0.0000000E+00
  7.8507600E+01  3.9511315E-02  5.1170278E-03  1.8678761E-02  9.3254668E-04  0.0000000E+00
  7.8507600E+01  3.4890483E-02  6.3348301E-03  2.0914871E-02  8.7180724E-04  0.0000000E+00
  7.8507600E+01  3.1084623E-02  7.6866700E-03  2.1625208E-02  8.2423995E-04  0.0000000E+00
  7.8507600E+01  2.8812916E-02  8.9718431E-03  2.1418096E-02  7.9288760E-04  0.0000000E+00
  7.8507600E+01  2.7682719E-02  1.0084203E-02  2.0918432E-02  7.7470402E-04  0.0000000E+00
  7.8507600E+01  2.7187757E-02  1.0989361E-02  2.0475186E-02  7.6395545E-04  0.0000000E+00
  7.8507600E+01  2.7086539E-02  1.1712072E-02  2.0156197E-02  7.5554612E-04  0.0000000E+00
  7.8507600E+01  2.7281800E-02  1.2294145E-02  1.9921577E-02  7.4759249E-04  0.0000000E+00
  7.8507600E+01  2.7567511E-02  1.2764528E-02  1.9746433E-02  7.4067931E-04  0.0000000E+00
  7.8507600E+01  2.7864494E-02  1.3147245E-02  1.9641654E-02  7.3558380E-04  0.0000000E+00
  7.8507600E+01  2.8200854E-02  1.3457008E-02  1.9585065E-02  7.3226729E-04  0.0000000E+00
  7.8507600E+01  2.8575536E-02  1.3694475E-02  1.9549213E-02  7.3055727E-04  0.0000000E+00
  7.8507600E+01  2.8930387E-02  1.3854830E-02  1.9502248E-02  7.3012034E-04  0.0000000E+00
  7.8507600E+01  2.9216878E-02  1.3940903E-02  1.9391385E-02  7.3041245E-04  0.0000000E+00
  7.8507600E+01  2.9391140E-02  1.3968474E-02  1.9214261E-02  7.3026900E-04  0.0000000E+00
  7.8507600E+01  2.9403099E-02  1.3948342E-02  1.9007370E-02  7.2890524E-04  0.0000000E+00
  7.8507600E+01  2.9309337E-02  1.3891170E-02  1.8790039E-02  7.2691183E-04  0.0000000E+00
  7.8507600E+01  2.9159881E-02  1.3812077E-02  1.8566068E-02  7.2376050E-04  0.0000000E+00
  7.8507600E+01  2.8950514E-02  1.3720590E-02  1.8351693E-02  7.1707440E-04  0.0000000E+00
  7.8507600E+01  2.8679942E-02  1.3616062E-02  1.8189444E-02  7.0456767E-04  0.0000000E+00
  7.8507600E+01  2.8377394E-02  1.3487718E-02  1.8114979E-02  6.8595874E-04  0.0000000E+00
  7.8507600E+01  2.8057324E-02  1.3317942E-02  1.8066693E-02  6.6311587E-04  0.0000000E+00
  7.8507600E+01  2.7727293E-02  1.3093848E-02  1.7920870E-02  6.3916953E-04  0.0000000E+00
  7.8507600E+01  2.7383413E-02  1.2835483E-02  1.7634277E-02  6.1638770E-04  0.0000000E+00
  7.8507600E+01  2.6996558E-02  1.2573981E-02  1.7240915E-02  5.9620660E-04  0.0000000E+00
  7.8507600E+01  2.6545663E-02  1.2329015E-02  1.6818207E-02  5.7891579E-04  0.0000000E+00
  7.8507600E+01  2.6050971E-02  1.2105695E-02  1.6441037E-02  5.6377793E-04  0.0000000E+00
  7.8507600E+01  2.5555876E-02  1.1910202E-02  1.6126477E-02  5.5002067E-04  0.0000000E+00
  7.8507600E+01  2.5089246E-02  1.1741402E-02  1.5843133E-02  5.3765902E-04  0.0000000E+00
  7.8507600E+01  2.4627987E-02  1.1588500E-02  1.5582491E-02  5.2699794E-04  0.0000000E+00
  7.8507600E+01  2.4172794E-02  1.1435134E-02  1.5330264E-02  5.1782650E-04  0.0000000E+00
  7.8507600E+01  2.3736562E-02  1.1274256E-02  1.5081043E-02  5.0943298E-04  0.0000000E+00
  7.8507600E+01  2.3313744E-02  1.1110204E-02  1.4839750E-02  5.0117953E-04  0.0000000E+00
  7.8507600E+01  2.2877959E-02  1.0955273E-02  1.4617359E-02  4.9311911E-04  0.0000000E+00
  7.8507600E+01  2.2409860E-02  1.0820548E-02  1.4423450E-02  4.8538064E-04  0.0000000E+00
  7.8507600E+01  2.1912889E-02  1.0709592E-02  1.4263794E-02  4.7779634E-04  0.0000000E+00
  7.8507600E+01  2.1394989E-02  1.0616506E-02  1.4122930E-02  4.6976726E-04  0.0000000E+00
  7.8507600E+01  2.0877704E-02  1.0530552E-02  1.3969958E-02  4.6061878E-04  0.0000000E+00
  7.8507600E+01  2.0382965E-02  1.0441571E-02  1.3783205E-02  4.5001213E-04  0.0000000E+00
  7.8507600E+01  1.9928187E-02  1.0343344E-02  1.3559668E-02  4.3829966E-04  0.0000000E+00
  7.8507600E+01  1.9520629E-02  1.0231905E-02  1.3305591E-02  4.2623355E-04  0.0000000E+00
  7.8507600E+01  1.9159177E-02  1.0105370E-02  1.3029183E-02  4.1446056E-04  0.0000000E+00
  7.8507600E+01  1.8823329E-02  9.9652754E-03  1.2743193E-02  4.0295628E-04  0.0000000E+00
  7.8507600E+01  1.8485212E-02  9.8164633E-03  1.2465628E-02  3.9176445E-04  0.0000000E+00
  7.8507600E+01  1.8117165E-02  9.6632687E-03  1.2211400E-02  3.8096952E-04  0.0000000E+00
  7.8507600E+01  1.7720035E-02  9.5079101E-03  1.1977506E-02  3.7034445E-04  0.0000000E+00
  7.8507600E+01  1.7315709E-02  9.3487806E-03  1.1742868E-02  3.5959855E-04  0.0000000E+00
  7.8507600E+01  1.6928657E-02  9.1821028E-03  1.1490194E-02  3.4857036E-04  0.0000000E+00
  7.8507600E+01  1.6573631E-02  9.0071462E-03  1.1229494E-02  3.3731782E-04  0.0000000E+00
  7.8507600E+01  1.6247351E-02  8.8277551E-03  1.0991554E-02  3.2588228E-04  0.0000000E+00
  7.8507600E+01  1.5945079E-02  8.6530017E-03  1.0788885E-02  3.1429345E-04  0.0000000E+00
  7.8507600E+01  1.5666827E-02  8.4908598E-03  1.0624013E-02  3.0265324E-04  0.0000000E+00
  7.8507600E+01  1.5412766E-02  8.3419683E-03  1.0489022E-02  2.9119933E-04  0.0000000E+00
  7.8507600E+01  1.5174940E-02  8.2023384E-03  1.0350469E-02  2.8034904E-04  0.0000000E+00
  7.8507600E+01  1.4943764E-02  8.0683126E-03  1.0181815E-02  2.7047239E-04  0.0000000E+00
  7.8507600E+01  1.4714696E-02  7.9384135E-03  9.9783364E-03  2.6170072E-04  0.0000000E+00
  7.8507600E+01  1.4490134E-02  7.8129973E-03  9.7533351E-03  2.5381204E-04  0.0000000E+00
  7.8507600E+01  1.4277221E-02  7.6941061E-03  9.5264088E-03  2.4637287E-04  0.0000000E+00
  7.8507600E+01  1.4074897E-02  7.5833961E-03  9.3066303E-03  2.3898157E-04  0.0000000E+00
  7.8507600E+01  1.3880777E-02  7.4814355E-03  9.0976392E-03  2.3139498E-04  0.0000000E+00
  7.8507600E+01  1.3691516E-02  7.3870551E-03  8.9026682E-03  2.2363143E-04  0.0000000E+00
  7.8507600E+01  1.3514374E-02  7.2968006E-03  8.7247015E-03  2.1587397E-04  0.0000000E+00
  7.8507600E+01  1.3354055E-02  7.2060987E-03  8.5616133E-03  2.0833786E-04  0.0000000E+00
  7.8507600E+01  1.3204328E-02  7.1118624E-03  8.4074402E-03  2.0118122E-04  0.0000000E+00
  7.8507600E+01  1.3049513E-02  7.0138192E-03  8.2566580E-03  1.9448098E-04  0.0000000E+00
  7.8507600E+01  1.2874038E-02  6.9149641E-03  8.1083201E-03  1.8829629E-04  0.0000000E+00
  7.8507600E+01  1.2672464E-02  6.8178007E-03  7.9612415E-03  1.8259240E-04  0.0000000E+00
  7.8507600E+01  1.2451027E-02  6.7223310E-03  7.8088812E-03  1.7733047E-04  0.0000000E+00
  7.8507600E+01  1.2211156E-02  6.6283782E-03  7.6503245E-03  1.7243710E-04  0.0000000E+00
  7.8507600E+01  1.1953635E-02  6.5351916E-03  7.4925572E-03  1.6785012E-04  0.0000000E+00
  7.8507600E+01  1.1679093E-02  6.4405769E-03  7.3382082E-03  1.6348700E-04  0.0000000E+00
  7.8507600E+01  1.1390645E-02  6.3423490E-03  7.1874848E-03  1.5925620E-04  0.0000000E+00
  7.8507600E+01  1.1092655E-02  6.2398258E-03  7.0404968E-03  1.5511261E-04  0.0000000E+00
  7.8507600E+01  1.0787682E-02  6.1344235E-03  6.8980318E-03  1.5110261E-04  0.0000000E+00
  7.8507600E+01  1.0477485E-02  6.0298522E-03  6.7611527E-03  1.4739917E-04  0.0000000E+00
  7.8507600E+01  1.0162056E-02  5.9286280E-03  6.6254936E-03  1.4419390E-04  0.0000000E+00
  7.8507600E+01  9.8431484E-03  5.8317364E-03  6.4852684E-03  1.4163733E-04  0.0000000E+00
  7.8507600E+01  9.5215518E-03  5.7378455E-03  6.3367535E-03  1.3969596E-04  0.0000000E+00
  7.8507600E+01  9.2009160E-03  5.6444929E-03  6.1887622E-03  1.3791904E-04  0.0000000E+00
  7.8507600E+01  8.8846671E-03  5.5481024E-03  6.0503060E-03  1.3573511E-04  0.0000000E+00
  7.8507600E+01  8.5749046E-03  5.4451942E-03  5.9236097E-03  1.3274016E-04  0.0000000E+00
  7.8507600E+01  8.2735920E-03  5.3341651E-03  5.8042177E-03  1.2884611E-04  0.0000000E+00
  7.8507600E+01  7.9837671E-03  5.2161402E-03  5.6846238E-03  1.2426895E-04  0.0000000E+00
  7.8507600E+01  7.7120713E-03  5.0949063E-03  5.5593716E-03  1.1939512E-04  0.0000000E+00
  7.8507600E+01  7.4654137E-03  4.9737257E-03  5.4273294E-03  1.1451003E-04  0.0000000E+00
  7.8507600E+01  7.2438236E-03  4.8554544E-03  5.2918403E-03  1.0986046E-04  0.0000000E+00
  7.8507600E+01  7.0435018E-03  4.7413363E-03  5.1545269E-03  1.0558278E-04  0.0000000E+00
  7.8507600E+01  6.8585558E-03  4.6316384E-03  5.0181709E-03  1.0171836E-04  0.0000000E+00
  7.8507600E+01  0.0000000E+00  0.0000000E+00  0.0000000E+00  1.1030471E-03  0.0000000E+00
  7.8507600E+01  7.9931751E-03  5.4211215E-04  5.1400769E-03  1.0965533E-03  0.0000000E+00
  7.8507600E+01  1.9688065E-02  1.9064545E-03  1.0374259E-02  1.1595883E-03  0.0000000E+00
  7.8507600E+01  2.9608562E-02  3.8257640E-03  1.2136530E-02  1.2943480E-03  0.0000000E+00
  7.8507600E+01  3.7642456E-02  5.6074563E-03  1.2796019E-02  1.4541880E-03  0.0000000E+00
  7.8507600E+01  4.4231231E-02  6.7986080E-03  1.3646918E-02  1.5829796E-03  0.0000000E+00
  7.8507600E+01  4.9498324E-02  7.3252118E-03  1.5003321E-02  1.6454478E-03  0.0000000E+00
  7.8507600E+01  5.2900446E-02  7.3780487E-03  1.6615042E-02  1.6337394E-03  0.0000000E+00
  7.8507600E+01  5.3971534E-02  7.2188664E-03  1.8044643E-02  1.5566045E-03  0.0000000E+00
  7.8507600E+01  5.2541013E-02  7.0990400E-03  1.9119202E-02  1.4355581E-03  0.0000000E+00
  7.8507600E+01  4.8820436E-02  7.1948497E-03  1.9706440E-02  1.2986597E-03  0.0000000E+00
  7.8507600E+01  4.4084226E-02  7.5381714E-03  1.9799536E-02  1.1662657E-03  0.0000000E+00
  7.8507600E+01  3.9692330E-02  8.0598722E-03  1.9516003E-02  1.0510011E-03  0.0000000E+00
  7.8507600E+01  3.6002452E-02  8.7134648E-03  1.9043739E-02  9.5826897E-04  0.0000000E+00
  7.8507600E+01  3.2984985E-02  9.4557144E-03  1.8609567E-02  8.8631462E-04  0.0000000E+00
  7.8507600E+01  3.0714049E-02  1.0219674E-02  1.8298271E-02  8.3175123E-04  0.0000000E+00
  7.8507600E+01  2.9204629E-02  1.0941212E-02  1.8133614E-02  7.9015236E-04  0.0000000E+00
  7.8507600E+01  2.8269903E-02  1.1582717E-02  1.8097840E-02  7.5683844E-04  0.0000000E+00
  7.8507600E+01  2.7748245E-02  1.2118600E-02  1.8117314E-02  7.2947176E-04  0.0000000E+00
  7.8507600E+01  2.7537983E-02  1.2550762E-02  1.8111770E-02  7.0852049E-04  0.0000000E+00
  7.8507600E+01  2.7589139E-02  1.2899160E-02  1.8063050E-02  6.9425566E-04  0.0000000E+00
  7.8507600E+01  2.7827737E-02  1.3168667E-02  1.7994954E-02  6.8536848E-04  0.0000000E+00
  7.8507600E+01  2.8121410E-02  1.3368582E-02  1.7921864E-02  6.8013458E-04  0.0000000E+00
  7.8507600E+01  2.8355165E-02  1.3508797E-02  1.7837711E-02  6.7640716E-04  0.0000000E+00
  7.8507600E+01  2.8466416E-02  1.3590487E-02  1.7739027E-02  6.7211199E-04  0.0000000E+00
  7.8507600E+01  2.8459405E-02  1.3616992E-02  1.7629649E-02  6.6655840E-04  0.0000000E+00
  7.8507600E+01  2.8395440E-02  1.3598821E-02  1.7502608E-02  6.6050463E-04  0.0000000E+00
  7.8507600E+01  2.8330619E-02  1.3548053E-02  1.7353554E-02  6.5543386E-04  0.0000000E+00
  7.8507600E+01  2.8241927E-02  1.3475651E-02  1.7214224E-02  6.5166620E-04  0.0000000E+00
  7.8507600E+01  2.8077386E-02  1.3390688E-02  1.7122640E-02  6.4765869E-04  0.0000000E+00
  7.8507600E+01  2.7824521E-02  1.3296667E-02  1.7088946E-02  6.4130660E-04  0.0000000E+00
  7.8507600E+01  2.7506973E-02  1.3185747E-02  1.7082606E-02  6.3091737E-04  0.0000000E+00
  7.8507600E+01  2.7172602E-02  1.3041432E-02  1.7046236E-02  6.1610649E-04  0.0000000E+00
  7.8507600E+01  2.6860860E-02  1.2851695E-02  1.6928322E-02  5.9837472E-04  0.0000000E+00
  7.8507600E+01  2.6556259E-02  1.2625034E-02  1.6710331E-02  5.8053246E-04  0.0000000E+00
  7.8507600E+01  2.6234356E-02  1.2388635E-02  1.6418311E-02  5.6475893E-04  0.0000000E+00
  7.8507600E+01  2.5901666E-02  1.2163281E-02  1.6114760E-02  5.5195175E-04  0.0000000E+00
  7.8507600E+01  2.5562498E-02  1.1955319E-02  1.5846789E-02  5.4179781E-04  0.0000000E+00
  7.8507600E+01  2.5190894E-02  1.1763863E-02  1.5608137E-02  5.3321251E-04  0.0000000E+00
  7.8507600E+01  2.4781652E-02  1.1590620E-02  1.5372236E-02  5.2501662E-04  0.0000000E+00
  7.8507600E+01  2.4341030E-02  1.1433107E-02  1.5147768E-02  5.1695208E-04  0.0000000E+00
  7.8507600E+01  2.3878490E-02  1.1285244E-02  1.4916700E-02  5.0957893E-04  0.0000000E+00
  7.8507600E+01  2.3398105E-02  1.1146660E-02  1.4678589E-02  5.0297420E-04  0.0000000E+00
  7.8507600E+01  2.2908875E-02  1.1016161E-02  1.4451277E-02  4.9680297E-04  0.0000000E+00
  7.8507600E+01  2.2420500E-02  1.0891304E-02  1.4239751E-02  4.9066561E-04  0.0000000E+00
  7.8507600E+01  2.1937284E-02  1.0772116E-02  1.4026226E-02  4.8431818E-04  0.0000000E+00
  7.8507600E+01  2.1469977E-02  1.0661952E-02  1.3820761E-02  4.7767471E-04  0.0000000E+00
  7.8507600E+01  2.1013123E-02  1.0562513E-02  1.3657038E-02  4.7042475E-04  0.0000000E+00
  7.8507600E+01  2.0549257E-02  1.0470351E-02  1.3520193E-02  4.6233036E-04  0.0000000E+00
  7.8507600E+01  2.0075707E-02  1.0376633E-02  1.3372443E-02  4.5314987E-04  0.0000000E+00
  7.8507600E+01  1.9617781E-02  1.0273358E-02  1.3187902E-02  4.4295014E-04  0.0000000E+00
  7.8507600E+01  1.9208813E-02  1.0157396E-02  1.2960116E-02  4.3191732E-04  0.0000000E+00
  7.8507600E+01  1.8860260E-02  1.0029831E-02  1.2698576E-02  4.2011752E-04  0.0000000E+00
  7.8507600E+01  1.8547713E-02  9.8933337E-03  1.2422426E-02  4.0750160E-04  0.0000000E+00
  7.8507600E+01  1.8235905E-02  9.7504145E-03  1.2156956E-02  3.9443417E-04  0.0000000E+00
  7.8507600E+01  1.7905586E-02  9.6056728E-03  1.1913628E-02  3.8160706E-04  0.0000000E+00
  7.8507600E+01  1.7565869E-02  9.4586654E-03  1.1681297E-02  3.6962423E-04  0.0000000E+00
  7.8507600E+01  1.7237395E-02  9.3050130E-03  1.1443226E-02  3.5839709E-04  0.0000000E+00
  7.8507600E+01  1.6929858E-02  9.1418541E-03  1.1196940E-02  3.4758624E-04  0.0000000E+00
  7.8507600E+01  1.6637873E-02  8.9700021E-03  1.0955208E-02  3.3690937E-04  0.0000000E+00
  7.8507600E+01  1.6349014E-02  8.7936350E-03  1.0735677E-02  3.2621632E-04  0.0000000E+00
  7.8507600E+01  1.6058126E-02  8.6183069E-03  1.0548879E-02  3.1547985E-04  0.0000000E+00
  7.8507600E+01  1.5779604E-02  8.4479848E-03  1.0394687E-02  3.0477238E-04  0.0000000E+00
  7.8507600E+01  1.5521866E-02  8.2851464E-03  1.0266688E-02  2.9418721E-04  0.0000000E+00
  7.8507600E+01  1.5278645E-02  8.1305535E-03  1.0148918E-02  2.8388029E-04  0.0000000E+00
  7.8507600E+01  1.5030706E-02  7.9860036E-03  1.0025321E-02  2.7410971E-04  0.0000000E+00
  7.8507600E+01  1.4768246E-02  7.8521716E-03  9.8811220E-03  2.6510698E-04  0.0000000E+00
  7.8507600E+01  1.4498083E-02  7.7277135E-03  9.7074694E-03  2.5691825E-04  0.0000000E+00
  7.8507600E+01  1.4237404E-02  7.6100279E-03  9.5062967E-03  2.4933539E-04  0.0000000E+00
  7.8507600E+01  1.4001936E-02  7.4967428E-03  9.2906151E-03  2.4197694E-04  0.0000000E+00
  7.8507600E+01  1.3795727E-02  7.3868965E-03  9.0758780E-03  2.3454201E-04  0.0000000E+00
  7.8507600E+01  1.3613039E-02  7.2802580E-03  8.8717776E-03  2.2691755E-04  0.0000000E+00
  7.8507600E+01  1.3443502E-02  7.1772947E-03  8.6859621E-03  2.1925176E-04  0.0000000E+00
  7.8507600E+01  1.3281940E-02  7.0792519E-03  8.5202117E-03  2.1172878E-04  0.0000000E+00
  7.8507600E+01  1.3122013E-02  6.9862238E-03  8.3663773E-03  2.0450455E-04  0.0000000E+00
  7.8507600E+01  1.2953820E-02  6.8967949E-03  8.2118417E-03  1.9766630E-04  0.0000000E+00
  7.8507600E+01  1.2768821E-02  6.8089711E-03  8.0487899E-03  1.9123852E-04  0.0000000E+00
  7.8507600E+01  1.2565113E-02  6.7212695E-03  7.8804824E-03  1.8520809E-04  0.0000000E+00
  7.8507600E+01  1.2346044E-02  6.6328362E-03  7.7177278E-03  1.7954145E-04  0.0000000E+00
  7.8507600E+01  1.2111775E-02  6.5429506E-03  7.5633539E-03  1.7428052E-04  0.0000000E+00
  7.8507600E+01  1.1858210E-02  6.4521562E-03  7.4124078E-03  1.6943780E-04  0.0000000E+00
  7.8507600E+01  1.1583099E-02  6.3606869E-03  7.2629731E-03  1.6502754E-04  0.0000000E+00
  7.8507600E+01  1.1287998E-02  6.2673379E-03  7.1131550E-03  1.6096228E-04  0.0000000E+00
  7.8507600E+01  1.0980165E-02  6.1709611E-03  6.9621280E-03  1.5709325E-04  0.0000000E+00
  7.8507600E+01  1.0668789E-02  6.0715800E-03  6.8118595E-03  1.5330142E-04  0.0000000E+00
  7.8507600E+01  1.0359866E-02  5.9707554E-03  6.6676300E-03  1.4958820E-04  0.0000000E+00
  7.8507600E+01  1.0054419E-02  5.8709225E-03  6.5356286E-03  1.4612652E-04  0.0000000E+00
  7.8507600E+01  9.7525116E-03  5.7734905E-03  6.4160288E-03  1.4318439E-04  0.0000000E+00
  7.8507600E+01  9.4529456E-03  5.6779671E-03  6.2973842E-03  1.4082383E-04  0.0000000E+00
  7.8507600E+01  9.1566417E-03  5.5826383E-03  6.1738457E-03  1.3876112E-04  0.0000000E+00
  7.8507600E+01  8.8649194E-03  5.4858435E-03  6.0465353E-03  1.3653759E-04  0.0000000E+00
  7.8507600E+01  8.5783083E-03  5.3861015E-03  5.9181573E-03  1.3379348E-04  0.0000000E+00
  7.8507600E+01  8.2969684E-03  5.2823652E-03  5.7904370E-03  1.3036630E-04  0.0000000E+00
  7.8507600E+01  8.0228221E-03  5.1744656E-03  5.6632717E-03  1.2630492E-04  0.0000000E+00
  7.8507600E+01  7.7605653E-03  5.0633533E-03  5.5352129E-03  1.2181760E-04  0.0000000E+00
  7.8507600E+01  7.5147265E-03  4.9507419E-03  5.4048944E-03  1.1717199E-04  0.0000000E+00
  7.8507600E+01  7.2872679E-03  4.8386471E-03  5.2738366E-03  1.1261696E-04  0.0000000E+00
  7.8507600E+01  7.0786571E-03  4.7290545E-03  5.1455508E-03  1.0832056E-04  0.0000000E+00
  7.8507600E+01  6.8843931E-03  4.6230829E-03  5.0205540E-03  1.0436399E-04  0.0000000E+00
  7.8507600E+01  6.7001096E-03  4.5213671E-03  4.8994347E-03  1.0074407E-04  0.0000000E+00
  7.8507600E+01  3.2340900E-12  2.5609810E-13  2.7955541E-12  7.7493346E-04  0.0000000E+00
  7.8507600E+01  1.4738986E-03  1.6319492E-04  1.3033387E-03  7.7135170E-04  0.0000000E+00
  7.8507600E+01  3.5130123E-03  6.4945601E-04  3.1847551E-03  8.0240062E-04  0.0000000E+00
  7.8507600E+01  4.6485581E-03  1.4063208E-03  4.5047518E-03  8.8386294E-04  0.0000000E+00
  7.8507600E+01  5.1272979E-03  2.2676506E-03  5.2680185E-03  1.0118436E-03  0.0000000E+00
  7.8507600E+01  5.6334455E-03  3.1381931E-03  5.7859518E-03  1.1689551E-03  0.0000000E+00
  7.8507600E+01  6.6739556E-03  4.0731992E-03  6.3649364E-03  1.3365401E-03  0.0000000E+00
  7.8507600E+01  8.5507389E-03  5.1947222E-03  7.2000265E-03  1.5042349E-03  0.0000000E+00
  7.8507600E+01  1.1558791E-02  6.5677504E-03  8.3258353E-03  1.6683822E-03  0.0000000E+00
  7.8507600E+01  1.5909140E-02  8.1208895E-03  9.6317943E-03  1.8257983E-03  0.0000000E+00
  7.8507600E+01  2.1229330E-02  9.6704157E-03  1.1140761E-02  1.9741759E-03  0.0000000E+00
  7.8507600E+01  2.7094473E-02  1.1055749E-02  1.2720895E-02  2.1116555E-03  0.0000000E+00
  7.8507600E+01  3.3074976E-02  1.2217631E-02  1.3991243E-02  2.2336491E-03  0.0000000E+00
  7.8507600E+01  3.8689308E-02  1.3135704E-02  1.4977377E-02  2.3318338E-03  0.0000000E+00
  7.8507600E+01  4.3722814E-02  1.3783933E-02  1.5892985E-02  2.3876876E-03  0.0000000E+00
  7.8507600E+01  4.8021957E-02  1.4143809E-02  1.6779094E-02  2.3837370E-03  0.0000000E+00
  7.8507600E+01  5.1464778E-02  1.4179925E-02  1.7766041E-02  2.3198330E-03  0.0000000E+00
  7.8507600E+01  5.3954282E-02  1.3875501E-02  1.8933977E-02  2.2080633E-03  0.0000000E+00
  7.8507600E+01  5.5272822E-02  1.3295564E-02  1.9917851E-02  2.0630924E-03  0.0000000E+00
  7.8507600E+01  5.5196441E-02  1.2586668E-02  2.0584608E-02  1.8991751E-03  0.0000000E+00
  7.8507600E+01  5.3576439E-02  1.1966144E-02  2.1092890E-02  1.7289150E-03  0.0000000E+00
  7.8507600E+01  5.0580503E-02  1.1552519E-02  2.1174636E-02  1.5637487E-03  0.0000000E+00
  7.8507600E+01  4.6739860E-02  1.1305516E-02  2.0828227E-02  1.4112342E-03  0.0000000E+00
  7.8507600E+01  4.2564356E-02  1.1171634E-02  2.0197022E-02  1.2785024E-03  0.0000000E+00
  7.8507600E+01  3.8662315E-02  1.1179865E-02  1.9529065E-02  1.1676183E-03  0.0000000E+00
  7.8507600E+01  3.5386471E-02  1.1359730E-02  1.9010815E-02  1.0758915E-03  0.0000000E+00
  7.8507600E+01  3.2940774E-02  1.1656027E-02  1.8629238E-02  9.9761773E-04  0.0000000E+00
  7.8507600E+01  3.1171780E-02  1.1981070E-02  1.8304418E-02  9.2988133E-04  0.0000000E+00
  7.8507600E+01  2.9884142E-02  1.2298582E-02  1.8002902E-02  8.7183857E-04  0.0000000E+00
  7.8507600E+01  2.9026798E-02  1.2603293E-02  1.7691304E-02  8.2372520E-04  0.0000000E+00
  7.8507600E+01  2.8598417E-02  1.2878765E-02  1.7397927E-02  7.8667490E-04  0.0000000E+00
  7.8507600E+01  2.8480041E-02  1.3104911E-02  1.7160808E-02  7.5887824E-04  0.0000000E+00
  7.8507600E+01  2.8467405E-02  1.3277772E-02  1.6992121E-02  7.3629465E-04  0.0000000E+00
  7.8507600E+01  2.8442829E-02  1.3404582E-02  1.6886811E-02  7.1565183E-04  0.0000000E+00
  7.8507600E+01  2.8371370E-02  1.3480033E-02  1.6822184E-02  6.9559763E-04  0.0000000E+00
  7.8507600E+01  2.8271388E-02  1.3498418E-02  1.6772090E-02  6.7771205E-04  0.0000000E+00
  7.8507600E+01  2.8170848E-02  1.3465843E-02  1.6712549E-02  6.6398914E-04  0.0000000E+00
  7.8507600E+01  2.8083883E-02  1.3396170E-02  1.6626202E-02  6.5451187E-04  0.0000000E+00
  7.8507600E+01  2.8003100E-02  1.3301654E-02  1.6511282E-02  6.4729721E-04  0.0000000E+00
  7.8507600E+01  2.7893132E-02  1.3189211E-02  1.6392647E-02  6.3977449E-04  0.0000000E+00
  7.8507600E+01  2.7711182E-02  1.3054170E-02  1.6288716E-02  6.3019230E-04  0.0000000E+00
  7.8507600E+01  2.7447000E-02  1.2892800E-02  1.6185728E-02  6.1863028E-04  0.0000000E+00
  7.8507600E+01  2.7099008E-02  1.2708492E-02  1.6071967E-02  6.0597384E-04  0.0000000E+00
  7.8507600E+01  2.6679133E-02  1.2513485E-02  1.5952035E-02  5.9288835E-04  0.0000000E+00
  7.8507600E+01  2.6231340E-02  1.2320130E-02  1.5826776E-02  5.7986071E-04  0.0000000E+00
  7.8507600E+01  2.5816274E-02  1.2130223E-02  1.5676626E-02  5.6741119E-04  0.0000000E+00
  7.8507600E+01  2.5450495E-02  1.1941206E-02  1.5493510E-02  5.5587629E-04  0.0000000E+00
  7.8507600E+01  2.5107452E-02  1.1753904E-02  1.5294468E-02  5.4512697E-04  0.0000000E+00
  7.8507600E+01  2.4763070E-02  1.1567960E-02  1.5081385E-02  5.3500603E-04  0.0000000E+00
  7.8507600E+01  2.4391467E-02  1.1383427E-02  1.4828393E-02  5.2569612E-04  0.0000000E+00
  7.8507600E+01  2.3962631E-02  1.1207306E-02  1.4538820E-02  5.1704592E-04  0.0000000E+00
  7.8507600E+01  2.3459526E-02  1.1047432E-02  1.4250116E-02  5.0855913E-04  0.0000000E+00
  7.8507600E+01  2.2891784E-02  1.0906356E-02  1.3994467E-02  4.9997970E-04  0.0000000E+00
  7.8507600E+01  2.2288224E-02  1.0779781E-02  1.3769782E-02  4.9155674E-04  0.0000000E+00
  7.8507600E+01  2.1679371E-02  1.0667608E-02  1.3577612E-02  4.8347988E-04  0.0000000E+00
  7.8507600E+01  2.1087375E-02  1.0567816E-02  1.3416498E-02  4.7568217E-04  0.0000000E+00
  7.8507600E+01  2.0542153E-02  1.0471777E-02  1.3269704E-02  4.6791146E-04  0.0000000E+00
  7.8507600E+01  2.0036597E-02  1.0369105E-02  1.3110780E-02  4.5982472E-04  0.0000000E+00
  7.8507600E+01  1.9568097E-02  1.0252814E-02  1.2927866E-02  4.5065221E-04  0.0000000E+00
  7.8507600E+01  1.9146631E-02  1.0119211E-02  1.2723280E-02  4.3955774E-04  0.0000000E+00
  7.8507600E+01  1.8787807E-02  9.9691136E-03  1.2504228E-02  4.2655698E-04  0.0000000E+00
  7.8507600E+01  1.8484133E-02  9.8066419E-03  1.2271018E-02  4.1270451E-04  0.0000000E+00
  7.8507600E+01  1.8195758E-02  9.6408442E-03  1.2022705E-02  3.9932622E-04  0.0000000E+00
  7.8507600E+01  1.7896873E-02  9.4797073E-03  1.1764711E-02  3.8668159E-04  0.0000000E+00
  7.8507600E+01  1.7581406E-02  9.3219587E-03  1.1503668E-02  3.7447187E-04  0.0000000E+00
  7.8507600E+01  1.7253732E-02  9.1643310E-03  1.1241435E-02  3.6245539E-04  0.0000000E+00
  7.8507600E+01  1.6932865E-02  9.0052184E-03  1.0982898E-02  3.5057496E-04  0.0000000E+00
  7.8507600E+01  1.6635721E-02  8.8430930E-03  1.0734825E-02  3.3883848E-04  0.0000000E+00
  7.8507600E+01  1.6362759E-02  8.6769302E-03  1.0505350E-02  3.2731794E-04  0.0000000E+00
  7.8507600E+01  1.6096605E-02  8.5072033E-03  1.0301822E-02  3.1617762E-04  0.0000000E+00
  7.8507600E+01  1.5824400E-02  8.3351740E-03  1.0126529E-02  3.0555017E-04  0.0000000E+00
  7.8507600E+01  1.5550348E-02  8.1650549E-03  9.9820934E-03  2.9536455E-04  0.0000000E+00
  7.8507600E+01  1.5269890E-02  8.0005866E-03  9.8532684E-03  2.8546973E-04  0.0000000E+00
  7.8507600E+01  1.4979117E-02  7.8455158E-03  9.7241147E-03  2.7581728E-04  0.0000000E+00
  7.8507600E+01  1.4681430E-02  7.7026632E-03  9.5830722E-03  2.6648554E-04  0.0000000E+00
  7.8507600E+01  1.4383984E-02  7.5715577E-03  9.4223421E-03  2.5745333E-04  0.0000000E+00
  7.8507600E+01  1.4095572E-02  7.4497479E-03  9.2391408E-03  2.4866228E-04  0.0000000E+00
  7.8507600E+01  1.3825477E-02  7.3345900E-03  9.0381429E-03  2.4011484E-04  0.0000000E+00
  7.8507600E+01  1.3582916E-02  7.2236810E-03  8.8321683E-03  2.3179054E-04  0.0000000E+00
  7.8507600E+01  1.3374683E-02  7.1159932E-03  8.6372196E-03  2.2370298E-04  0.0000000E+00
  7.8507600E+01  1.3192137E-02  7.0118293E-03  8.4536742E-03  2.1594671E-04  0.0000000E+00
  7.8507600E+01  1.3022201E-02  6.9100183E-03  8.2735168E-03  2.0855076E-04  0.0000000E+00
  7.8507600E+01  1.2846834E-02  6.8097120E-03  8.0934642E-03  2.0149359E-04  0.0000000E+00
  7.8507600E+01  1.2646878E-02  6.7099119E-03  7.9145443E-03  1.9470758E-04  0.0000000E+00
  7.8507600E+01  1.2411078E-02  6.6104764E-03  7.7412898E-03  1.8817009E-04  0.0000000E+00
  7.8507600E+01  1.2143040E-02  6.5125136E-03  7.5787769E-03  1.8194568E-04  0.0000000E+00
  7.8507600E+01  1.1856371E-02  6.4162713E-03  7.4260255E-03  1.7610486E-04  0.0000000E+00
  7.8507600E+01  1.1560207E-02  6.3199918E-03  7.2730659E-03  1.7073759E-04  0.0000000E+00
  7.8507600E+01  1.1253796E-02  6.2230380E-03  7.1144237E-03  1.6591801E-04  0.0000000E+00
  7.8507600E+01  1.0932323E-02  6.1241342E-03  6.9501880E-03  1.6159868E-04  0.0000000E+00
  7.8507600E+01  1.0601039E-02  6.0215935E-03  6.7812215E-03  1.5759692E-04  0.0000000E+00
  7.8507600E+01  1.0269381E-02  5.9158077E-03  6.6164897E-03  1.5380871E-04  0.0000000E+00
  7.8507600E+01  9.9406981E-03  5.8079261E-03  6.4669417E-03  1.5022413E-04  0.0000000E+00
  7.8507600E+01  9.6162948E-03  5.6996329E-03  6.3385004E-03  1.4690677E-04  0.0000000E+00
  7.8507600E+01  9.2948854E-03  5.5905439E-03  6.2240668E-03  1.4382103E-04  0.0000000E+00
  7.8507600E+01  8.9793772E-03  5.4796253E-03  6.1091644E-03  1.4074279E-04  0.0000000E+00
  7.8507600E+01  8.6790479E-03  5.3680907E-03  5.9850689E-03  1.3748225E-04  0.0000000E+00
  7.8507600E+01  8.3936892E-03  5.2571868E-03  5.8486790E-03  1.3392259E-04  0.0000000E+00
  7.8507600E+01  8.1181387E-03  5.1471699E-03  5.7040687E-03  1.3004968E-04  0.0000000E+00
  7.8507600E+01  7.8518332E-03  5.0376882E-03  5.5574394E-03  1.2584364E-04  0.0000000E+00
  7.8507600E+01  0.0000000E+00  0.0000000E+00  0.0000000E+00  1.4550202E-03  0.0000000E+00
  7.8507600E+01  1.0069603E-02  6.3862062E-04  9.3456363E-03  1.4266863E-03  0.0000000E+00
  7.8507600E+01  1.9080916E-02  2.9559842E-03  1.6946470E-02  1.4694800E-03  0.0000000E+00
  7.8507600E+01  2.4714935E-02  6.2900996E-03  1.8921769E-02  1.5903469E-03  0.0000000E+00
  7.8507600E+01  2.9387075E-02  9.6834020E-03  1.9613761E-02  1.7600495E-03  0.0000000E+00
  7.8507600E+01  3.3839486E-02  1.2622584E-02  2.0701530E-02  1.9488975E-03  0.0000000E+00
  7.8507600E+01  3.8247171E-02  1.4959558E-02  2.2120972E-02  2.1395061E-03  0.0000000E+00
  7.8507600E+01  4.2616806E-02  1.6710392E-02  2.3481657E-02  2.3168788E-03  0.0000000E+00
  7.8507600E+01  4.7031069E-02  1.7969867E-02  2.4708268E-02  2.4671693E-03  0.0000000E+00
  7.8507600E+01  5.1064992E-02  1.8768685E-02  2.5593359E-02  2.5769568E-03  0.0000000E+00
  7.8507600E+01  5.4575583E-02  1.9180678E-02  2.5855786E-02  2.6273886E-03  0.0000000E+00
  7.8507600E+01  5.7579031E-02  1.9305838E-02  2.5641337E-02  2.6171111E-03  0.0000000E+00
  7.8507600E+01  5.9831519E-02  1.9128665E-02  2.5469182E-02  2.5622980E-03  0.0000000E+00
  7.8507600E+01  6.1504522E-02  1.8701926E-02  2.5478098E-02  2.4751947E-03  0.0000000E+00
  7.8507600E+01  6.2623451E-02  1.8096486E-02  2.5493201E-02  2.3627261E-03  0.0000000E+00
  7.8507600E+01  6.2586090E-02  1.7329706E-02  2.5298403E-02  2.2353980E-03  0.0000000E+00
  7.8507600E+01  6.0830589E-02  1.6429252E-02  2.4711603E-02  2.1042287E-03  0.0000000E+00
  7.8507600E+01  5.7751360E-02  1.5464297E-02  2.3887292E-02  1.9688235E-03  0.0000000E+00
  7.8507600E+01  5.4293426E-02  1.4541319E-02  2.3056316E-02  1.8314954E-03  0.0000000E+00
  7.8507600E+01  5.0906963E-02  1.3803269E-02  2.2309728E-02  1.7011706E-03  0.0000000E+00
  7.8507600E+01  4.7293173E-02  1.3305885E-02  2.1605306E-02  1.5798158E-03  0.0000000E+00
  7.8507600E+01  4.3724885E-02  1.2976844E-02  2.0883375E-02  1.4667120E-03  0.0000000E+00
  7.8507600E+01  4.0601951E-02  1.2732572E-02  2.0185960E-02  1.3606805E-03  0.0000000E+00
  7.8507600E+01  3.8002345E-02  1.2555902E-02  1.9586196E-02  1.2617333E-03  0.0000000E+00
  7.8507600E+01  3.5777961E-02  1.2467486E-02  1.9087754E-02  1.1731004E-03  0.0000000E+00
  7.8507600E+01  3.3748929E-02  1.2475162E-02  1.8596707E-02  1.0972012E-03  0.0000000E+00
  7.8507600E+01  3.1955665E-02  1.2552977E-02  1.8132193E-02  1.0317477E-03  0.0000000E+00
  7.8507600E+01  3.0619951E-02  1.2662188E-02  1.7797969E-02  9.7199663E-04  0.0000000E+00
  7.8507600E+01  2.9757753E-02  1.2777462E-02  1.7516624E-02  9.1644807E-04  0.0000000E+00
  7.8507600E+01  2.9240352E-02  1.2880790E-02  1.7232696E-02  8.6591700E-04  0.0000000E+00
  7.8507600E+01  2.8958055E-02  1.2952224E-02  1.6984939E-02  8.2110801E-04  0.0000000E+00
  7.8507600E+01  2.8800373E-02  1.2981528E-02  1.6818350E-02  7.8243103E-04  0.0000000E+00
  7.8507600E+01  2.8668249E-02  1.2982426E-02  1.6700240E-02  7.5009350E-04  0.0000000E+00
  7.8507600E+01  2.8540463E-02  1.2971915E-02  1.6567478E-02  7.2372458E-04  0.0000000E+00
  7.8507600E+01  2.8409918E-02  1.2951151E-02  1.6405259E-02  7.0235308E-04  0.0000000E+00
  7.8507600E+01  2.8281381E-02  1.2912149E-02  1.6234519E-02  6.8518013E-04  0.0000000E+00
  7.8507600E+01  2.8157233E-02  1.2844834E-02  1.6084389E-02  6.7111376E-04  0.0000000E+00
  7.8507600E+01  2.8020607E-02  1.2746829E-02  1.5953724E-02  6.5893566E-04  0.0000000E+00
  7.8507600E+01  2.7834912E-02  1.2627282E-02  1.5807081E-02  6.4774610E-04  0.0000000E+00
  7.8507600E+01  2.7567458E-02  1.2496799E-02  1.5649323E-02  6.3716715E-04  0.0000000E+00
  7.8507600E+01  2.7225695E-02  1.2357034E-02  1.5505197E-02  6.2640021E-04  0.0000000E+00
  7.8507600E+01  2.6845400E-02  1.2202204E-02  1.5381037E-02  6.1457067E-04  0.0000000E+00
  7.8507600E+01  2.6464332E-02  1.2032192E-02  1.5283512E-02  6.0180560E-04  0.0000000E+00
  7.8507600E+01  2.6095486E-02  1.1856223E-02  1.5203266E-02  5.8932356E-04  0.0000000E+00
  7.8507600E+01  2.5729697E-02  1.1684218E-02  1.5124619E-02  5.7820235E-04  0.0000000E+00
  7.8507600E+01  2.5355485E-02  1.1520579E-02  1.5038737E-02  5.6858622E-04  0.0000000E+00
  7.8507600E+01  2.4956517E-02  1.1365285E-02  1.4922144E-02  5.6007709E-04  0.0000000E+00
  7.8507600E+01  2.4524504E-02  1.1220402E-02  1.4734502E-02  5.5238425E-04  0.0000000E+00
  7.8507600E+01  2.4056138E-02  1.1088308E-02  1.4468326E-02  5.4516332E-04  0.0000000E+00
  7.8507600E+01  2.3537367E-02  1.0967680E-02  1.4167176E-02  5.3759736E-04  0.0000000E+00
  7.8507600E+01  2.2978780E-02  1.0852141E-02  1.3881613E-02  5.2873440E-04  0.0000000E+00
  7.8507600E+01  2.2415280E-02  1.0736626E-02  1.3641834E-02  5.1818392E-04  0.0000000E+00
  7.8507600E+01  2.1867970E-02  1.0621400E-02  1.3452146E-02  5.0626780E-04  0.0000000E+00
  7.8507600E+01  2.1326846E-02  1.0512286E-02  1.3302915E-02  4.9404635E-04  0.0000000E+00
  7.8507600E+01  2.0774399E-02  1.0409786E-02  1.3175660E-02  4.8281223E-04  0.0000000E+00
  7.8507600E+01  2.0234131E-02  1.0307113E-02  1.3041021E-02  4.7292392E-04  0.0000000E+00
  7.8507600E+01  1.9746475E-02  1.0197230E-02  1.2881360E-02  4.6362433E-04  0.0000000E+00
  7.8507600E+01  1.9322328E-02  1.0077166E-02  1.2692796E-02  4.5391370E-04  0.0000000E+00
  7.8507600E+01  1.8955179E-02  9.9466843E-03  1.2480447E-02  4.4297954E-04  0.0000000E+00
  7.8507600E+01  1.8638562E-02  9.8074520E-03  1.2253657E-02  4.3047250E-04  0.0000000E+00
  7.8507600E+01  1.8367370E-02  9.6602722E-03  1.2017900E-02  4.1651453E-04  0.0000000E+00
  7.8507600E+01  1.8131019E-02  9.5053468E-03  1.1773455E-02  4.0182407E-04  0.0000000E+00
  7.8507600E+01  1.7892389E-02  9.3427179E-03  1.1519646E-02  3.8751175E-04  0.0000000E+00
  7.8507600E+01  1.7628981E-02  9.1751521E-03  1.1269975E-02  3.7449000E-04  0.0000000E+00
  7.8507600E+01  1.7338013E-02  9.0073619E-03  1.1028573E-02  3.6282635E-04  0.0000000E+00
  7.8507600E+01  1.7022882E-02  8.8427455E-03  1.0795829E-02  3.5212966E-04  0.0000000E+00
  7.8507600E+01  1.6694700E-02  8.6815347E-03  1.0572846E-02  3.4186828E-04  0.0000000E+00
  7.8507600E+01  1.6371860E-02  8.5230558E-03  1.0364108E-02  3.3171316E-04  0.0000000E+00
  7.8507600E+01  1.6069699E-02  8.3659588E-03  1.0173264E-02  3.2159656E-04  0.0000000E+00
  7.8507600E+01  1.5794792E-02  8.2108441E-03  1.0000160E-02  3.1169737E-04  0.0000000E+00
  7.8507600E+01  1.5537567E-02  8.0597238E-03  9.8348063E-03  3.0204159E-04  0.0000000E+00
  7.8507600E+01  1.5281973E-02  7.9146828E-03  9.6710039E-03  2.9268189E-04  0.0000000E+00
  7.8507600E+01  1.5007988E-02  7.7756197E-03  9.5114680E-03  2.8354366E-04  0.0000000E+00
  7.8507600E+01  1.4719414E-02  7.6425206E-03  9.3621255E-03  2.7429384E-04  0.0000000E+00
  7.8507600E+01  1.4430154E-02  7.5157743E-03  9.2198366E-03  2.6469743E-04  0.0000000E+00
  7.8507600E+01  1.4151735E-02  7.3965009E-03  9.0742410E-03  2.5494333E-04  0.0000000E+00
  7.8507600E+01  1.3886817E-02  7.2841490E-03  8.9142191E-03  2.4541002E-04  0.0000000E+00
  7.8507600E+01  1.3635384E-02  7.1768237E-03  8.7371672E-03  2.3644447E-04  0.0000000E+00
  7.8507600E+01  1.3402295E-02  7.0719287E-03  8.5505205E-03  2.2813376E-04  0.0000000E+00
  7.8507600E+01  1.3190226E-02  6.9688539E-03  8.3640507E-03  2.2046957E-04  0.0000000E+00
  7.8507600E+01  1.2986087E-02  6.8671439E-03  8.1823938E-03  2.1337251E-04  0.0000000E+00
  7.8507600E+01  1.2779710E-02  6.7663169E-03  8.0083877E-03  2.0671914E-04  0.0000000E+00
  7.8507600E+01  1.2558879E-02  6.6648446E-03  7.8408110E-03  2.0034341E-04  0.0000000E+00
  7.8507600E+01  1.2317425E-02  6.5621310E-03  7.6784149E-03  1.9413978E-04  0.0000000E+00
  7.8507600E+01  1.2054322E-02  6.4583416E-03  7.5211531E-03  1.8804304E-04  0.0000000E+00
  7.8507600E+01  1.1773070E-02  6.3551192E-03  7.3718593E-03  1.8209271E-04  0.0000000E+00
  7.8507600E+01  1.1476932E-02  6.2539629E-03  7.2313649E-03  1.7639857E-04  0.0000000E+00
  7.8507600E+01  1.1167056E-02  6.1546167E-03  7.0900290E-03  1.7112359E-04  0.0000000E+00
  7.8507600E+01  1.0849377E-02  6.0557908E-03  6.9392216E-03  1.6634772E-04  0.0000000E+00
  7.8507600E+01  1.0526598E-02  5.9576122E-03  6.7810917E-03  1.6201632E-04  0.0000000E+00
  7.8507600E+01  1.0197494E-02  5.8597953E-03  6.6230754E-03  1.5807207E-04  0.0000000E+00
  7.8507600E+01  9.8650664E-03  5.7610667E-03  6.4743798E-03  1.5444199E-04  0.0000000E+00
  7.8507600E+01  9.5338503E-03  5.6588001E-03  6.3399448E-03  1.5095680E-04  0.0000000E+00
  7.8507600E+01  9.2113561E-03  5.5509565E-03  6.2184534E-03  1.4739830E-04  0.0000000E+00
  7.8507600E+01  8.9044867E-03  5.4370173E-03  6.1015635E-03  1.4357541E-04  0.0000000E+00
  7.8507600E+01  8.6172675E-03  5.3195391E-03  5.9787599E-03  1.3952214E-04  0.0000000E+00
  7.8507600E+01  8.3464282E-03  5.2017423E-03  5.8433389E-03  1.3544933E-04  0.0000000E+00
  7.8507600E+01  8.0867681E-03  5.0860368E-03  5.6975170E-03  1.3150361E-04  0.0000000E+00
  7.8507600E+01  7.8356103E-03  4.9735195E-03  5.5491629E-03  1.2765411E-04  0.0000000E+00
  7.8507600E+01  7.5947971E-03  4.8648823E-03  5.4053644E-03  1.2376661E-04  0.0000000E+00
  7.8507600E+01  0.0000000E+00  0.0000000E+00  0.0000000E+00  1.0148371E-03  0.0000000E+00
  7.8507600E+01  4.1982707E-03  9.7752020E-05  4.8082674E-03  1.0180197E-03  0.0000000E+00
  7.8507600E+01  6.5736386E-03  8.4529582E-04  1.1017509E-02  1.1099675E-03  0.0000000E+00
  7.8507600E+01  6.9432910E-03  2.3341970E-03  1.4544299E-02  1.2985731E-03  0.0000000E+00
  7.8507600E+01  8.7790521E-03  4.1228401E-03  1.6336067E-02  1.5098034E-03  0.0000000E+00
  7.8507600E+01  1.2219331E-02  5.8865887E-03  1.7294554E-02  1.6942321E-03  0.0000000E+00
  7.8507600E+01  1.6224690E-02  7.5831506E-03  1.7926907E-02  1.8457251E-03  0.0000000E+00
  7.8507600E+01  2.0129991E-02  9.2994484E-03  1.8558156E-02  1.9747455E-03  0.0000000E+00
  7.8507600E+01  2.3884354E-02  1.1096359E-02  1.9378605E-02  2.0816270E-03  0.0000000E+00
  7.8507600E+01  2.7417911E-02  1.2934886E-02  2.0345123E-02  2.1600313E-03  0.0000000E+00
  7.8507600E+01  3.0669055E-02  1.4690891E-02  2.1242511E-02  2.2154948E-03  0.0000000E+00
  7.8507600E+01  3.3875851E-02  1.6296879E-02  2.2045360E-02  2.2638497E-03  0.0000000E+00
  7.8507600E+01  3.7498218E-02  1.7779700E-02  2.2838059E-02  2.3142381E-03  0.0000000E+00
  7.8507600E+01  4.1526317E-02  1.9134307E-02  2.3679744E-02  2.3610771E-03  0.0000000E+00
  7.8507600E+01  4.5440107E-02  2.0275951E-02  2.4678969E-02  2.4041765E-03  0.0000000E+00
  7.8507600E+01  4.8625488E-02  2.1098603E-02  2.5695120E-02  2.4517000E-03  0.0000000E+00
  7.8507600E+01  5.1217569E-02  2.1594663E-02  2.6440137E-02  2.5007545E-03  0.0000000E+00
  7.8507600E+01  5.3597961E-02  2.1831676E-02  2.6787536E-02  2.5407984E-03  0.0000000E+00
  7.8507600E+01  5.5776899E-02  2.1835862E-02  2.6795576E-02  2.5622349E-03  0.0000000E+00
  7.8507600E+01  5.7557384E-02  2.1592341E-02  2.6729245E-02  2.5558695E-03  0.0000000E+00
  7.8507600E+01  5.8878338E-02  2.1118713E-02  2.6644324E-02  2.5148445E-03  0.0000000E+00
  7.8507600E+01  5.9611853E-02  2.0446519E-02  2.6415708E-02  2.4391147E-03  0.0000000E+00
  7.8507600E+01  5.9753390E-02  1.9612751E-02  2.6093091E-02  2.3410008E-03  0.0000000E+00
  7.8507600E+01  5.9266482E-02  1.8694211E-02  2.5720423E-02  2.2386149E-03  0.0000000E+00
  7.8507600E+01  5.7993722E-02  1.7766704E-02  2.5261545E-02  2.1347347E-03  0.0000000E+00
  7.8507600E+01  5.5940708E-02  1.6877031E-02  2.4751532E-02  2.0266843E-03  0.0000000E+00
  7.8507600E+01  5.3249382E-02  1.6085369E-02  2.4125369E-02  1.9170574E-03  0.0000000E+00
  7.8507600E+01  5.0067045E-02  1.5414338E-02  2.3279077E-02  1.8093825E-03  0.0000000E+00
  7.8507600E+01  4.6710295E-02  1.4818293E-02  2.2351912E-02  1.6990716E-03  0.0000000E+00
  7.8507600E+01  4.3389123E-02  1.4286741E-02  2.1509063E-02  1.5840114E-03  0.0000000E+00
  7.8507600E+01  4.0264201E-02  1.3867716E-02  2.0803429E-02  1.4692822E-03  0.0000000E+00
  7.8507600E+01  3.7534865E-02  1.3573870E-02  2.0163542E-02  1.3635585E-03  0.0000000E+00
  7.8507600E+01  3.5268431E-02  1.3358142E-02  1.9478631E-02  1.2713965E-03  0.0000000E+00
  7.8507600E+01  3.3371614E-02  1.3189426E-02  1.8773611E-02  1.1883742E-03  0.0000000E+00
  7.8507600E+01  3.1950259E-02  1.3051525E-02  1.8118619E-02  1.1096723E-03  0.0000000E+00
  7.8507600E+01  3.0946160E-02  1.2929890E-02  1.7643063E-02  1.0335799E-03  0.0000000E+00
  7.8507600E+01  3.0255086E-02  1.2808934E-02  1.7376542E-02  9.6244493E-04  0.0000000E+00
  7.8507600E+01  2.9753019E-02  1.2685777E-02  1.7238191E-02  9.0015989E-04  0.0000000E+00
  7.8507600E+01  2.9303999E-02  1.2573086E-02  1.7119589E-02  8.4863792E-04  0.0000000E+00
  7.8507600E+01  2.8932875E-02  1.2473955E-02  1.6940268E-02  8.0655678E-04  0.0000000E+00
  7.8507600E+01  2.8632671E-02  1.2390950E-02  1.6708399E-02  7.7214327E-04  0.0000000E+00
  7.8507600E+01  2.8415819E-02  1.2322973E-02  1.6494189E-02  7.4359117E-04  0.0000000E+00
  7.8507600E+01  2.8244303E-02  1.2261582E-02  1.6299288E-02  7.1968292E-04  0.0000000E+00
  7.8507600E+01  2.8055519E-02  1.2201231E-02  1.6103905E-02  6.9979364E-04  0.0000000E+00
  7.8507600E+01  2.7816245E-02  1.2136673E-02  1.5898107E-02  6.8291214E-04  0.0000000E+00
  7.8507600E+01  2.7540628E-02  1.2057834E-02  1.5686426E-02  6.6749967E-04  0.0000000E+00
  7.8507600E+01  2.7231076E-02  1.1953307E-02  1.5476318E-02  6.5218168E-04  0.0000000E+00
  7.8507600E+01  2.6865132E-02  1.1824397E-02  1.5278033E-02  6.3673577E-04  0.0000000E+00
  7.8507600E+01  2.6454544E-02  1.1683542E-02  1.5111797E-02  6.2216418E-04  0.0000000E+00
  7.8507600E+01  2.6057522E-02  1.1536209E-02  1.4998287E-02  6.0892302E-04  0.0000000E+00
  7.8507600E+01  2.5682417E-02  1.1391509E-02  1.4925455E-02  5.9705307E-04  0.0000000E+00
  7.8507600E+01  2.5276213E-02  1.1261697E-02  1.4853461E-02  5.8639565E-04  0.0000000E+00
  7.8507600E+01  2.4786681E-02  1.1151719E-02  1.4738070E-02  5.7671208E-04  0.0000000E+00
  7.8507600E+01  2.4221094E-02  1.1053656E-02  1.4555550E-02  5.6764493E-04  0.0000000E+00
  7.8507600E+01  2.3626401E-02  1.0958953E-02  1.4310678E-02  5.5868916E-04  0.0000000E+00
  7.8507600E+01  2.3007002E-02  1.0865261E-02  1.4017859E-02  5.4964346E-04  0.0000000E+00
  7.8507600E+01  2.2384858E-02  1.0767910E-02  1.3711801E-02  5.4021663E-04  0.0000000E+00
  7.8507600E+01  2.1795146E-02  1.0662868E-02  1.3446501E-02  5.2992200E-04  0.0000000E+00
  7.8507600E+01  2.1249714E-02  1.0547499E-02  1.3255933E-02  5.1819874E-04  0.0000000E+00
  7.8507600E+01  2.0742112E-02  1.0421137E-02  1.3134017E-02  5.0489372E-04  0.0000000E+00
  7.8507600E+01  2.0259885E-02  1.0283789E-02  1.3035996E-02  4.9044973E-04  0.0000000E+00
  7.8507600E+01  1.9799692E-02  1.0137958E-02  1.2909291E-02  4.7589575E-04  0.0000000E+00
  7.8507600E+01  1.9361213E-02  9.9897336E-03  1.2741067E-02  4.6204447E-04  0.0000000E+00
  7.8507600E+01  1.8969169E-02  9.8438190E-03  1.2537042E-02  4.4879370E-04  0.0000000E+00
  7.8507600E+01  1.8636427E-02  9.7030372E-03  1.2298323E-02  4.3554757E-04  0.0000000E+00
  7.8507600E+01  1.8349841E-02  9.5687245E-03  1.2033132E-02  4.2199950E-04  0.0000000E+00
  7.8507600E+01  1.8089874E-02  9.4391010E-03  1.1756610E-02  4.0807106E-04  0.0000000E+00
  7.8507600E+01  1.7838776E-02  9.3090613E-03  1.1483003E-02  3.9380521E-04  0.0000000E+00
  7.8507600E+01  1.7580793E-02  9.1718820E-03  1.1218333E-02  3.7936985E-04  0.0000000E+00
  7.8507600E+01  1.7303945E-02  9.0219722E-03  1.0960634E-02  3.6516362E-04  0.0000000E+00
  7.8507600E+01  1.7010935E-02  8.8576299E-03  1.0713664E-02  3.5194068E-04  0.0000000E+00
  7.8507600E+01  1.6707571E-02  8.6810202E-03  1.0484177E-02  3.4006483E-04  0.0000000E+00
  7.8507600E+01  1.6398077E-02  8.4968150E-03  1.0267268E-02  3.2929483E-04  0.0000000E+00
  7.8507600E+01  1.6074503E-02  8.3119030E-03  1.0060685E-02  3.1929628E-04  0.0000000E+00
  7.8507600E+01  1.5750208E-02  8.1339724E-03  9.8660616E-03  3.0998024E-04  0.0000000E+00
  7.8507600E+01  1.5451995E-02  7.9689435E-03  9.6856164E-03  3.0132773E-04  0.0000000E+00
  7.8507600E+01  1.5189925E-02  7.8201769E-03  9.5199413E-03  2.9315008E-04  0.0000000E+00
  7.8507600E+01  1.4934421E-02  7.6863288E-03  9.3645444E-03  2.8487444E-04  0.0000000E+00
  7.8507600E+01  1.4647400E-02  7.5642050E-03  9.2131736E-03  2.7593746E-04  0.0000000E+00
  7.8507600E+01  1.4343925E-02  7.4500546E-03  9.0610803E-03  2.6608419E-04  0.0000000E+00
  7.8507600E+01  1.4057712E-02  7.3375920E-03  8.8986278E-03  2.5552185E-04  0.0000000E+00
  7.8507600E+01  1.3805770E-02  7.2234812E-03  8.7184223E-03  2.4479072E-04  0.0000000E+00
  7.8507600E+01  1.3578376E-02  7.1083017E-03  8.5278722E-03  2.3472043E-04  0.0000000E+00
  7.8507600E+01  1.3357888E-02  6.9940482E-03  8.3388745E-03  2.2576574E-04  0.0000000E+00
  7.8507600E+01  1.3128664E-02  6.8821846E-03  8.1584283E-03  2.1791367E-04  0.0000000E+00
  7.8507600E+01  1.2881190E-02  6.7726984E-03  7.9845095E-03  2.1091178E-04  0.0000000E+00
  7.8507600E+01  1.2613646E-02  6.6644788E-03  7.8109298E-03  2.0449863E-04  0.0000000E+00
  7.8507600E+01  1.2332508E-02  6.5564333E-03  7.6427424E-03  1.9840947E-04  0.0000000E+00
  7.8507600E+01  1.2042654E-02  6.4473613E-03  7.4834414E-03  1.9246676E-04  0.0000000E+00
  7.8507600E+01  1.1735113E-02  6.3362987E-03  7.3308727E-03  1.8661671E-04  0.0000000E+00
  7.8507600E+01  1.1407738E-02  6.2251445E-03  7.1894512E-03  1.8079029E-04  0.0000000E+00
  7.8507600E+01  1.1069865E-02  6.1154781E-03  7.0546013E-03  1.7500917E-04  0.0000000E+00
  7.8507600E+01  1.0734970E-02  6.0077464E-03  6.9156325E-03  1.6947563E-04  0.0000000E+00
  7.8507600E+01  1.0405842E-02  5.9011525E-03  6.7659359E-03  1.6440201E-04  0.0000000E+00
  7.8507600E+01  1.0072286E-02  5.7955654E-03  6.6119530E-03  1.5987521E-04  0.0000000E+00
  7.8507600E+01  9.7216906E-03  5.6904375E-03  6.4647586E-03  1.5571520E-04  0.0000000E+00
  7.8507600E+01  9.3635878E-03  5.5827466E-03  6.3242472E-03  1.5154343E-04  0.0000000E+00
  7.8507600E+01  9.0148126E-03  5.4692231E-03  6.1871503E-03  1.4701487E-04  0.0000000E+00
  7.8507600E+01  8.6933473E-03  5.3478789E-03  6.0490954E-03  1.4217657E-04  0.0000000E+00
  7.8507600E+01  8.4035089E-03  5.2204208E-03  5.9050391E-03  1.3734744E-04  0.0000000E+00
  7.8507600E+01  0.0000000E+00  0.0000000E+00  0.0000000E+00  1.7871055E-03  0.0000000E+00
  7.8507600E+01  1.9657040E-02  7.1505730E-04  1.8651398E-02  1.7310182E-03  0.0000000E+00
  7.8507600E+01  2.9845898E-02  2.9458200E-03  3.1734041E-02  1.7754988E-03  0.0000000E+00
  7.8507600E+01  3.3003727E-02  6.4077828E-03  3.4109498E-02  1.8793127E-03  0.0000000E+00
  7.8507600E+01  3.5321453E-02  9.9990136E-03  3.3366786E-02  2.0022595E-03  0.0000000E+00
  7.8507600E+01  3.7711973E-02  1.3108305E-02  3.2002277E-02  2.1037155E-03  0.0000000E+00
  7.8507600E+01  4.0244926E-02  1.5515192E-02  3.0782233E-02  2.1672885E-03  0.0000000E+00
  7.8507600E+01  4.2826423E-02  1.7213380E-02  2.9998175E-02  2.2020471E-03  0.0000000E+00
  7.8507600E+01  4.5432522E-02  1.8293784E-02  2.9664824E-02  2.2214422E-03  0.0000000E+00
  7.8507600E+01  4.7941895E-02  1.8926606E-02  2.9513069E-02  2.2288604E-03  0.0000000E+00
  7.8507600E+01  5.0146576E-02  1.9262324E-02  2.9377379E-02  2.2268685E-03  0.0000000E+00
  7.8507600E+01  5.2193479E-02  1.9370952E-02  2.9233910E-02  2.2198567E-03  0.0000000E+00
  7.8507600E+01  5.4138556E-02  1.9235976E-02  2.9078039E-02  2.2076802E-03  0.0000000E+00
  7.8507600E+01  5.5723445E-02  1.8844396E-02  2.8911687E-02  2.1897167E-03  0.0000000E+00
  7.8507600E+01  5.6560235E-02  1.8287084E-02  2.8721126E-02  2.1657016E-03  0.0000000E+00
  7.8507600E+01  5.6594166E-02  1.7716149E-02  2.8376246E-02  2.1359120E-03  0.0000000E+00
  7.8507600E+01  5.5927399E-02  1.7199363E-02  2.7947016E-02  2.0978768E-03  0.0000000E+00
  7.8507600E+01  5.4996901E-02  1.6717814E-02  2.7450220E-02  2.0486228E-03  0.0000000E+00
  7.8507600E+01  5.3773475E-02  1.6268380E-02  2.6836105E-02  1.9903116E-03  0.0000000E+00
  7.8507600E+01  5.2096216E-02  1.5890251E-02  2.6099499E-02  1.9283249E-03  0.0000000E+00
  7.8507600E+01  5.0101358E-02  1.5591521E-02  2.5231525E-02  1.8646041E-03  0.0000000E+00
  7.8507600E+01  4.7907324E-02  1.5345547E-02  2.4324633E-02  1.7968974E-03  0.0000000E+00
  7.8507600E+01  4.5684268E-02  1.5112901E-02  2.3442434E-02  1.7244650E-03  0.0000000E+00
  7.8507600E+01  4.3524189E-02  1.4872223E-02  2.2629532E-02  1.6485766E-03  0.0000000E+00
  7.8507600E+01  4.1360703E-02  1.4622992E-02  2.1961738E-02  1.5707267E-03  0.0000000E+00
  7.8507600E+01  3.9280305E-02  1.4368606E-02  2.1422291E-02  1.4877994E-03  0.0000000E+00
  7.8507600E+01  3.7390437E-02  1.4108452E-02  2.0911382E-02  1.3978415E-03  0.0000000E+00
  7.8507600E+01  3.5635208E-02  1.3855798E-02  2.0390827E-02  1.3053471E-03  0.0000000E+00
  7.8507600E+01  3.4033332E-02  1.3617432E-02  1.9824254E-02  1.2168551E-03  0.0000000E+00
  7.8507600E+01  3.2655285E-02  1.3390259E-02  1.9236887E-02  1.1360501E-03  0.0000000E+00
  7.8507600E+01  3.1515533E-02  1.3173218E-02  1.8710455E-02  1.0615190E-03  0.0000000E+00
  7.8507600E+01  3.0596932E-02  1.2978133E-02  1.8278392E-02  9.9205373E-04  0.0000000E+00
  7.8507600E+01  2.9867606E-02  1.2798735E-02  1.7884883E-02  9.2893722E-04  0.0000000E+00
  7.8507600E+01  2.9359231E-02  1.2615564E-02  1.7579318E-02  8.7497449E-04  0.0000000E+00
  7.8507600E+01  2.8986813E-02  1.2435437E-02  1.7351389E-02  8.3027776E-04  0.0000000E+00
  7.8507600E+01  2.8629094E-02  1.2272008E-02  1.7122509E-02  7.9371746E-04  0.0000000E+00
  7.8507600E+01  2.8246206E-02  1.2132488E-02  1.6869673E-02  7.6370850E-04  0.0000000E+00
  7.8507600E+01  2.7865725E-02  1.2019032E-02  1.6619375E-02  7.3878641E-04  0.0000000E+00
  7.8507600E+01  2.7526387E-02  1.1926981E-02  1.6387360E-02  7.1727116E-04  0.0000000E+00
  7.8507600E+01  2.7261389E-02  1.1840379E-02  1.6161613E-02  6.9783210E-04  0.0000000E+00
  7.8507600E+01  2.7079807E-02  1.1745591E-02  1.5931475E-02  6.7942332E-04  0.0000000E+00
  7.8507600E+01  2.6928124E-02  1.1637523E-02  1.5685025E-02  6.6193606E-04  0.0000000E+00
  7.8507600E+01  2.6719497E-02  1.1516341E-02  1.5430205E-02  6.4597777E-04  0.0000000E+00
  7.8507600E+01  2.6429945E-02  1.1386594E-02  1.5209384E-02  6.3179984E-04  0.0000000E+00
  7.8507600E+01  2.6079177E-02  1.1252755E-02  1.5053128E-02  6.1909635E-04  0.0000000E+00
  7.8507600E+01  2.5668714E-02  1.1120005E-02  1.4943145E-02  6.0760551E-04  0.0000000E+00
  7.8507600E+01  2.5160349E-02  1.1001877E-02  1.4842297E-02  5.9716221E-04  0.0000000E+00
  7.8507600E+01  2.4566125E-02  1.0911043E-02  1.4725605E-02  5.8707152E-04  0.0000000E+00
  7.8507600E+01  2.3928983E-02  1.0841760E-02  1.4577999E-02  5.7646051E-04  0.0000000E+00
  7.8507600E+01  2.3275136E-02  1.0785069E-02  1.4380222E-02  5.6520795E-04  0.0000000E+00
  7.8507600E+01  2.2627128E-02  1.0734005E-02  1.4128004E-02  5.5363780E-04  0.0000000E+00
  7.8507600E+01  2.2011057E-02  1.0682272E-02  1.3846104E-02  5.4202220E-04  0.0000000E+00
  7.8507600E+01  2.1439962E-02  1.0621508E-02  1.3574327E-02  5.3022649E-04  0.0000000E+00
  7.8507600E+01  2.0911782E-02  1.0543135E-02  1.3342894E-02  5.1796774E-04  0.0000000E+00
  7.8507600E+01  2.0417222E-02  1.0443916E-02  1.3147936E-02  5.0515826E-04  0.0000000E+00
  7.8507600E+01  1.9953966E-02  1.0323541E-02  1.2981128E-02  4.9176502E-04  0.0000000E+00
  7.8507600E+01  1.9539246E-02  1.0183912E-02  1.2825833E-02  4.7767908E-04  0.0000000E+00
  7.8507600E+01  1.9188214E-02  1.0030494E-02  1.2657015E-02  4.6303177E-04  0.0000000E+00
  7.8507600E+01  1.8891411E-02  9.8714686E-03  1.2460263E-02  4.4804685E-04  0.0000000E+00
  7.8507600E+01  1.8627322E-02  9.7156716E-03  1.2239159E-02  4.3309686E-04  0.0000000E+00
  7.8507600E+01  1.8378932E-02  9.5678187E-03  1.2005725E-02  4.1857402E-04  0.0000000E+00
  7.8507600E+01  1.8139833E-02  9.4282938E-03  1.1766348E-02  4.0492052E-04  0.0000000E+00
  7.8507600E+01  1.7884950E-02  9.2947191E-03  1.1511909E-02  3.9226323E-04  0.0000000E+00
  7.8507600E+01  1.7586022E-02  9.1644518E-03  1.1254855E-02  3.8030994E-04  0.0000000E+00
  7.8507600E+01  1.7250731E-02  9.0328192E-03  1.1016457E-02  3.6849525E-04  0.0000000E+00
  7.8507600E+01  1.6907615E-02  8.8952252E-03  1.0799163E-02  3.5657046E-04  0.0000000E+00
  7.8507600E+01  1.6579860E-02  8.7486406E-03  1.0593585E-02  3.4463438E-04  0.0000000E+00
  7.8507600E+01  1.6278216E-02  8.5935878E-03  1.0389758E-02  3.3301299E-04  0.0000000E+00
  7.8507600E+01  1.5999955E-02  8.4324432E-03  1.0181290E-02  3.2189079E-04  0.0000000E+00
  7.8507600E+01  1.5740285E-02  8.2693644E-03  9.9699628E-03  3.1132270E-04  0.0000000E+00
  7.8507600E+01  1.5501454E-02  8.1083321E-03  9.7655089E-03  3.0144308E-04  0.0000000E+00
  7.8507600E+01  1.5273855E-02  7.9548149E-03  9.5801452E-03  2.9243996E-04  0.0000000E+00
  7.8507600E+01  1.5046041E-02  7.8125566E-03  9.4142124E-03  2.8418826E-04  0.0000000E+00
  7.8507600E+01  1.4811176E-02  7.6811154E-03  9.2609484E-03  2.7636913E-04  0.0000000E+00
  7.8507600E+01  1.4563638E-02  7.5588646E-03  9.1131523E-03  2.6855991E-04  0.0000000E+00
  7.8507600E+01  1.4305711E-02  7.4454669E-03  8.9657638E-03  2.6040490E-04  0.0000000E+00
  7.8507600E+01  1.4046862E-02  7.3397644E-03  8.8131558E-03  2.5171769E-04  0.0000000E+00
  7.8507600E+01  1.3801403E-02  7.2391634E-03  8.6494051E-03  2.4264228E-04  0.0000000E+00
  7.8507600E+01  1.3575060E-02  7.1390054E-03  8.4706246E-03  2.3351977E-04  0.0000000E+00
  7.8507600E+01  1.3361794E-02  7.0350495E-03  8.2880062E-03  2.2483728E-04  0.0000000E+00
  7.8507600E+01  1.3149972E-02  6.9251791E-03  8.1124952E-03  2.1692744E-04  0.0000000E+00
  7.8507600E+01  1.2924745E-02  6.8126575E-03  7.9448122E-03  2.0989021E-04  0.0000000E+00
  7.8507600E+01  1.2679301E-02  6.7005054E-03  7.7829002E-03  2.0356071E-04  0.0000000E+00
  7.8507600E+01  1.2414279E-02  6.5906678E-03  7.6258985E-03  1.9776208E-04  0.0000000E+00
  7.8507600E+01  1.2130132E-02  6.4832736E-03  7.4735690E-03  1.9232544E-04  0.0000000E+00
  7.8507600E+01  1.1825104E-02  6.3783903E-03  7.3269906E-03  1.8713328E-04  0.0000000E+00
  7.8507600E+01  1.1496486E-02  6.2757672E-03  7.1865136E-03  1.8207615E-04  0.0000000E+00
  7.8507600E+01  1.1154133E-02  6.1738602E-03  7.0504610E-03  1.7709065E-04  0.0000000E+00
  7.8507600E+01  1.0809080E-02  6.0707683E-03  6.9186689E-03  1.7212584E-04  0.0000000E+00
  7.8507600E+01  1.0469851E-02  5.9652813E-03  6.7895437E-03  1.6720307E-04  0.0000000E+00
  7.8507600E+01  1.0137212E-02  5.8569909E-03  6.6620777E-03  1.6245680E-04  0.0000000E+00
  7.8507600E+01  9.8075980E-03  5.7468947E-03  6.5340964E-03  1.5794294E-04  0.0000000E+00
  7.8507600E+01  9.4762951E-03  5.6353394E-03  6.4015828E-03  1.5350713E-04  0.0000000E+00
  7.8507600E+01  9.1456255E-03  5.5219073E-03  6.2632676E-03  1.4890323E-04  0.0000000E+00
  7.8507600E+01  8.8252385E-03  5.4049554E-03  6.1220617E-03  1.4395695E-04  0.0000000E+00
  7.8507600E+01  8.5274865E-03  5.2838501E-03  5.9812243E-03  1.3880572E-04  0.0000000E+00
  7.8507600E+01  8.2556254E-03  5.1594653E-03  5.8378589E-03  1.3379387E-04  0.0000000E+00
  7.8507600E+01  8.0050217E-03  5.0344383E-03  5.6918125E-03  1.2926179E-04  0.0000000E+00
  7.8507600E+01  7.7717359E-03  4.9115429E-03  5.5431848E-03  1.2531602E-04  0.0000000E+00
  7.8507600E+01  7.5506524E-03  4.7940530E-03  5.3955897E-03  1.2183659E-04  0.0000000E+00
  7.8507600E+01  1.3008289E-11  1.0261743E-12  2.4243479E-11  2.3260638E-03  0.0000000E+00
  7.8507600E+01  3.7469215E-03  4.9996772E-04  1.2176363E-02  2.3402279E-03  0.0000000E+00
  7.8507600E+01  6.3037129E-03  1.4601920E-03  2.7440151E-02  2.4187005E-03  0.0000000E+00
  7.8507600E+01  1.0694763E-02  2.8416145E-03  3.5195518E-02  2.5579618E-03  0.0000000E+00
  7.8507600E+01  1.6407547E-02  4.5169605E-03  3.8064582E-02  2.6813140E-03  0.0000000E+00
  7.8507600E+01  2.1287073E-02  6.3159918E-03  3.8426500E-02  2.7592035E-03  0.0000000E+00
  7.8507600E+01  2.4958351E-02  8.1537452E-03  3.7669484E-02  2.7966154E-03  0.0000000E+00
  7.8507600E+01  2.7823824E-02  1.0015108E-02  3.6678776E-02  2.8041390E-03  0.0000000E+00
  7.8507600E+01  3.0178642E-02  1.1860514E-02  3.5700277E-02  2.7942948E-03  0.0000000E+00
  7.8507600E+01  3.2263800E-02  1.3605371E-02  3.4633346E-02  2.7829807E-03  0.0000000E+00
  7.8507600E+01  3.4112857E-02  1.5193901E-02  3.3519764E-02  2.7782636E-03  0.0000000E+00
  7.8507600E+01  3.5760665E-02  1.6616272E-02  3.2563903E-02  2.7698849E-03  0.0000000E+00
  7.8507600E+01  3.7355609E-02  1.7814067E-02  3.1861416E-02  2.7415699E-03  0.0000000E+00
  7.8507600E+01  3.9005793E-02  1.8742471E-02  3.1323470E-02  2.6890686E-03  0.0000000E+00
  7.8507600E+01  4.0784545E-02  1.9364219E-02  3.1000881E-02  2.6178439E-03  0.0000000E+00
  7.8507600E+01  4.2676743E-02  1.9666917E-02  3.0884367E-02  2.5385526E-03  0.0000000E+00
  7.8507600E+01  4.4510327E-02  1.9698597E-02  3.0682760E-02  2.4656181E-03  0.0000000E+00
  7.8507600E+01  4.5928211E-02  1.9542214E-02  3.0289471E-02  2.4069649E-03  0.0000000E+00
  7.8507600E+01  4.6700755E-02  1.9224849E-02  2.9916592E-02  2.3587426E-03  0.0000000E+00
  7.8507600E+01  4.7096842E-02  1.8785255E-02  2.9644487E-02  2.3088697E-03  0.0000000E+00
  7.8507600E+01  4.7469378E-02  1.8276659E-02  2.9213630E-02  2.2485242E-03  0.0000000E+00
  7.8507600E+01  4.7719540E-02  1.7752638E-02  2.8526799E-02  2.1761982E-03  0.0000000E+00
  7.8507600E+01  4.7536113E-02  1.7305870E-02  2.7811498E-02  2.0919439E-03  0.0000000E+00
  7.8507600E+01  4.6778375E-02  1.6927756E-02  2.7044609E-02  1.9965744E-03  0.0000000E+00
  7.8507600E+01  4.5714788E-02  1.6573432E-02  2.6210634E-02  1.8959641E-03  0.0000000E+00
  7.8507600E+01  4.4542011E-02  1.6231504E-02  2.5377002E-02  1.7981365E-03  0.0000000E+00
  7.8507600E+01  4.3310956E-02  1.5899817E-02  2.4541218E-02  1.7052576E-03  0.0000000E+00
  7.8507600E+01  4.2043311E-02  1.5570403E-02  2.3711158E-02  1.6152372E-03  0.0000000E+00
  7.8507600E+01  4.0714515E-02  1.5242229E-02  2.2948452E-02  1.5265995E-03  0.0000000E+00
  7.8507600E+01  3.9217702E-02  1.4915780E-02  2.2291057E-02  1.4391876E-03  0.0000000E+00
  7.8507600E+01  3.7506932E-02  1.4600694E-02  2.1708984E-02  1.3553754E-03  0.0000000E+00
  7.8507600E+01  3.5721568E-02  1.4301919E-02  2.1136926E-02  1.2761856E-03  0.0000000E+00
  7.8507600E+01  3.3969568E-02  1.4013981E-02  2.0563777E-02  1.2012153E-03  0.0000000E+00
  7.8507600E+01  3.2379836E-02  1.3730286E-02  1.9984958E-02  1.1296018E-03  0.0000000E+00
  7.8507600E+01  3.1182969E-02  1.3439392E-02  1.9395011E-02  1.0602163E-03  0.0000000E+00
  7.8507600E+01  3.0324608E-02  1.3149325E-02  1.8839387E-02  9.9490746E-04  0.0000000E+00
  7.8507600E+01  2.9727176E-02  1.2876711E-02  1.8321358E-02  9.3532224E-04  0.0000000E+00
  7.8507600E+01  2.9337248E-02  1.2628141E-02  1.7835810E-02  8.8208790E-04  0.0000000E+00
  7.8507600E+01  2.9044361E-02  1.2398371E-02  1.7422922E-02  8.3653766E-04  0.0000000E+00
  7.8507600E+01  2.8695117E-02  1.2185853E-02  1.7090660E-02  7.9903709E-04  0.0000000E+00
  7.8507600E+01  2.8244524E-02  1.1995011E-02  1.6802034E-02  7.6661205E-04  0.0000000E+00
  7.8507600E+01  2.7779784E-02  1.1826858E-02  1.6521869E-02  7.3681444E-04  0.0000000E+00
  7.8507600E+01  2.7354956E-02  1.1677966E-02  1.6249298E-02  7.0940047E-04  0.0000000E+00
  7.8507600E+01  2.6959900E-02  1.1539743E-02  1.5998446E-02  6.8481388E-04  0.0000000E+00
  7.8507600E+01  2.6578321E-02  1.1407302E-02  1.5784773E-02  6.6303236E-04  0.0000000E+00
  7.8507600E+01  2.6226296E-02  1.1282757E-02  1.5611512E-02  6.4328790E-04  0.0000000E+00
  7.8507600E+01  2.5894946E-02  1.1165256E-02  1.5451383E-02  6.2528186E-04  0.0000000E+00
  7.8507600E+01  2.5528047E-02  1.1050579E-02  1.5268083E-02  6.0963030E-04  0.0000000E+00
  7.8507600E+01  2.5097461E-02  1.0944764E-02  1.5082500E-02  5.9628152E-04  0.0000000E+00
  7.8507600E+01  2.4574416E-02  1.0854043E-02  1.4912979E-02  5.8492558E-04  0.0000000E+00
  7.8507600E+01  2.3955943E-02  1.0777822E-02  1.4753723E-02  5.7461760E-04  0.0000000E+00
  7.8507600E+01  2.3276217E-02  1.0711798E-02  1.4587004E-02  5.6418461E-04  0.0000000E+00
  7.8507600E+01  2.2591700E-02  1.0650932E-02  1.4400215E-02  5.5287956E-04  0.0000000E+00
  7.8507600E+01  2.1942978E-02  1.0589873E-02  1.4194868E-02  5.4053104E-04  0.0000000E+00
  7.8507600E+01  2.1336288E-02  1.0521164E-02  1.3982167E-02  5.2716238E-04  0.0000000E+00
  7.8507600E+01  2.0768900E-02  1.0435229E-02  1.3759179E-02  5.1300407E-04  0.0000000E+00
  7.8507600E+01  2.0245553E-02  1.0330738E-02  1.3509762E-02  4.9839833E-04  0.0000000E+00
  7.8507600E+01  1.9773556E-02  1.0216496E-02  1.3245357E-02  4.8342275E-04  0.0000000E+00
  7.8507600E+01  1.9355177E-02  1.0097603E-02  1.2983347E-02  4.6807802E-04  0.0000000E+00
  7.8507600E+01  1.8984228E-02  9.9716921E-03  1.2727402E-02  4.5230360E-04  0.0000000E+00
  7.8507600E+01  1.8657376E-02  9.8360171E-03  1.2469030E-02  4.3629580E-04  0.0000000E+00
  7.8507600E+01  1.8371066E-02  9.6921978E-03  1.2197219E-02  4.2037230E-04  0.0000000E+00
  7.8507600E+01  1.8112469E-02  9.5462137E-03  1.1918569E-02  4.0488088E-04  0.0000000E+00
  7.8507600E+01  1.7852858E-02  9.4028595E-03  1.1637769E-02  3.9013438E-04  0.0000000E+00
  7.8507600E+01  1.7582452E-02  9.2630834E-03  1.1370834E-02  3.7627371E-04  0.0000000E+00
  7.8507600E+01  1.7292592E-02  9.1254048E-03  1.1125025E-02  3.6355916E-04  0.0000000E+00
  7.8507600E+01  1.6979410E-02  8.9871927E-03  1.0897566E-02  3.5205895E-04  0.0000000E+00
  7.8507600E+01  1.6645437E-02  8.8452143E-03  1.0679089E-02  3.4144893E-04  0.0000000E+00
  7.8507600E+01  1.6301907E-02  8.6987045E-03  1.0463283E-02  3.3128522E-04  0.0000000E+00
  7.8507600E+01  1.5965984E-02  8.5511677E-03  1.0254882E-02  3.2119400E-04  0.0000000E+00
  7.8507600E+01  1.5646537E-02  8.4064832E-03  1.0067208E-02  3.1069446E-04  0.0000000E+00
  7.8507600E+01  1.5354934E-02  8.2664364E-03  9.8959033E-03  2.9984296E-04  0.0000000E+00
  7.8507600E+01  1.5112782E-02  8.1270904E-03  9.7269390E-03  2.8922397E-04  0.0000000E+00
  7.8507600E+01  1.4915305E-02  7.9863566E-03  9.5543590E-03  2.7931356E-04  0.0000000E+00
  7.8507600E+01  1.4736864E-02  7.8468307E-03  9.3789700E-03  2.7023297E-04  0.0000000E+00
  7.8507600E+01  1.4550391E-02  7.7121494E-03  9.2016577E-03  2.6184960E-04  0.0000000E+00
  7.8507600E+01  1.4344247E-02  7.5846422E-03  9.0212077E-03  2.5388247E-04  0.0000000E+00
  7.8507600E+01  1.4127412E-02  7.4641397E-03  8.8367766E-03  2.4599450E-04  0.0000000E+00
  7.8507600E+01  1.3913459E-02  7.3483426E-03  8.6548249E-03  2.3793448E-04  0.0000000E+00
  7.8507600E+01  1.3702136E-02  7.2368973E-03  8.4872071E-03  2.2965852E-04  0.0000000E+00
  7.8507600E+01  1.3491176E-02  7.1303745E-03  8.3325771E-03  2.2151034E-04  0.0000000E+00
  7.8507600E+01  1.3266081E-02  7.0280487E-03  8.1814398E-03  2.1374967E-04  0.0000000E+00
  7.8507600E+01  1.3023179E-02  6.9268275E-03  8.0246840E-03  2.0665767E-04  0.0000000E+00
  7.8507600E+01  1.2769233E-02  6.8225451E-03  7.8608360E-03  2.0024318E-04  0.0000000E+00
  7.8507600E+01  1.2511922E-02  6.7126096E-03  7.6955325E-03  1.9433963E-04  0.0000000E+00
  7.8507600E+01  1.2249309E-02  6.5977810E-03  7.5362866E-03  1.8880283E-04  0.0000000E+00
  7.8507600E+01  1.1965563E-02  6.4807971E-03  7.3850687E-03  1.8356939E-04  0.0000000E+00
  7.8507600E+01  1.1650020E-02  6.3648480E-03  7.2388076E-03  1.7862194E-04  0.0000000E+00
  7.8507600E+01  1.1306098E-02  6.2524894E-03  7.0934524E-03  1.7399145E-04  0.0000000E+00
  7.8507600E+01  1.0943541E-02  6.1438798E-03  6.9466250E-03  1.6963051E-04  0.0000000E+00
  7.8507600E+01  1.0569312E-02  6.0371030E-03  6.8000572E-03  1.6544668E-04  0.0000000E+00
  7.8507600E+01  1.0192356E-02  5.9295011E-03  6.6563706E-03  1.6135256E-04  0.0000000E+00
  7.8507600E+01  9.8199681E-03  5.8174088E-03  6.5154222E-03  1.5721018E-04  0.0000000E+00
  7.8507600E+01  9.4611085E-03  5.6986731E-03  6.3765711E-03  1.5286140E-04  0.0000000E+00
  7.8507600E+01  9.1205089E-03  5.5722801E-03  6.2387389E-03  1.4809289E-04  0.0000000E+00
  7.8507600E+01  8.8024488E-03  5.4396496E-03  6.1035325E-03  1.4277031E-04  0.0000000E+00
  7.8507600E+01  8.5109188E-03  5.3042445E-03  5.9721358E-03  1.3706055E-04  0.0000000E+00
  7.8507600E+01  8.2440145E-03  5.1693033E-03  5.8383178E-03  1.3134496E-04  0.0000000E+00
  7.8507600E+01  7.9951356E-03  5.0371284E-03  5.6976674E-03  1.2606983E-04  0.0000000E+00
  7.8507600E+01  7.7626914E-03  4.9102641E-03  5.5498439E-03  1.2153828E-04  0.0000000E+00
  7.8507600E+01  0.0000000E+00  0.0000000E+00  0.0000000E+00  1.3887454E-03  0.0000000E+00
  7.8507600E+01  2.4591760E-02  1.6976253E-03  2.3802136E-02  1.2846678E-03  0.0000000E+00
  7.8507600E+01  2.9912647E-02  3.7089605E-03  4.4777374E-02  1.2008941E-03  0.0000000E+00
  7.8507600E+01  2.8628030E-02  6.9645791E-03  4.6508551E-02  1.2245092E-03  0.0000000E+00
  7.8507600E+01  2.8754211E-02  1.0203340E-02  4.1808975E-02  1.3066017E-03  0.0000000E+00
  7.8507600E+01  2.9563382E-02  1.2881242E-02  3.6715369E-02  1.3949769E-03  0.0000000E+00
  7.8507600E+01  3.0632520E-02  1.4927112E-02  3.2899074E-02  1.4667126E-03  0.0000000E+00
  7.8507600E+01  3.1884041E-02  1.6402993E-02  3.0560465E-02  1.5188611E-03  0.0000000E+00
  7.8507600E+01  3.3167391E-02  1.7406362E-02  2.9369186E-02  1.5559252E-03  0.0000000E+00
  7.8507600E+01  3.4408807E-02  1.8023654E-02  2.8914954E-02  1.5798670E-03  0.0000000E+00
  7.8507600E+01  3.5628117E-02  1.8370609E-02  2.8883619E-02  1.5894581E-03  0.0000000E+00
  7.8507600E+01  3.6719086E-02  1.8546569E-02  2.9002400E-02  1.5860128E-03  0.0000000E+00
  7.8507600E+01  3.7628920E-02  1.8567201E-02  2.8947320E-02  1.5735407E-03  0.0000000E+00
  7.8507600E+01  3.8398203E-02  1.8436675E-02  2.8600116E-02  1.5543425E-03  0.0000000E+00
  7.8507600E+01  3.9051017E-02  1.8195691E-02  2.8072972E-02  1.5296216E-03  0.0000000E+00
  7.8507600E+01  3.9477581E-02  1.7894169E-02  2.7441289E-02  1.5015645E-03  0.0000000E+00
  7.8507600E+01  3.9649735E-02  1.7558426E-02  2.6698028E-02  1.4720992E-03  0.0000000E+00
  7.8507600E+01  3.9579969E-02  1.7185475E-02  2.5809280E-02  1.4397645E-03  0.0000000E+00
  7.8507600E+01  3.9286616E-02  1.6791508E-02  2.4885249E-02  1.4021515E-03  0.0000000E+00
  7.8507600E+01  3.8811261E-02  1.6393428E-02  2.4036321E-02  1.3598388E-03  0.0000000E+00
  7.8507600E+01  3.8213031E-02  1.5974339E-02  2.3261653E-02  1.3144744E-03  0.0000000E+00
  7.8507600E+01  3.7516799E-02  1.5518701E-02  2.2570431E-02  1.2652584E-03  0.0000000E+00
  7.8507600E+01  3.6590035E-02  1.5051083E-02  2.1901600E-02  1.2119021E-03  0.0000000E+00
  7.8507600E+01  3.5475334E-02  1.4600761E-02  2.1222329E-02  1.1569591E-03  0.0000000E+00
  7.8507600E+01  3.4401058E-02  1.4181772E-02  2.0580900E-02  1.1032534E-03  0.0000000E+00
  7.8507600E+01  3.3440894E-02  1.3805993E-02  1.9980114E-02  1.0518802E-03  0.0000000E+00
  7.8507600E+01  3.2509494E-02  1.3474611E-02  1.9427567E-02  1.0028357E-03  0.0000000E+00
  7.8507600E+01  3.1583651E-02  1.3180914E-02  1.8961935E-02  9.5705654E-04  0.0000000E+00
  7.8507600E+01  3.0677123E-02  1.2927220E-02  1.8551107E-02  9.1499307E-04  0.0000000E+00
  7.8507600E+01  2.9793993E-02  1.2711374E-02  1.8168619E-02  8.7526383E-04  0.0000000E+00
  7.8507600E+01  2.8963788E-02  1.2521841E-02  1.7808616E-02  8.3558321E-04  0.0000000E+00
  7.8507600E+01  2.8267411E-02  1.2345900E-02  1.7460328E-02  7.9518625E-04  0.0000000E+00
  7.8507600E+01  2.7751359E-02  1.2176219E-02  1.7110599E-02  7.5606912E-04  0.0000000E+00
  7.8507600E+01  2.7344927E-02  1.2008434E-02  1.6783083E-02  7.2072550E-04  0.0000000E+00
  7.8507600E+01  2.6971618E-02  1.1840363E-02  1.6495330E-02  6.8962775E-04  0.0000000E+00
  7.8507600E+01  2.6599926E-02  1.1669111E-02  1.6236051E-02  6.6186859E-04  0.0000000E+00
  7.8507600E+01  2.6213514E-02  1.1493557E-02  1.5996198E-02  6.3664455E-04  0.0000000E+00
  7.8507600E+01  2.5803615E-02  1.1317312E-02  1.5771291E-02  6.1395934E-04  0.0000000E+00
  7.8507600E+01  2.5374294E-02  1.1148810E-02  1.5550801E-02  5.9430610E-04  0.0000000E+00
  7.8507600E+01  2.4935067E-02  1.0996652E-02  1.5328013E-02  5.7771600E-04  0.0000000E+00
  7.8507600E+01  2.4476439E-02  1.0867103E-02  1.5121299E-02  5.6422849E-04  0.0000000E+00
  7.8507600E+01  2.3971792E-02  1.0763367E-02  1.4950097E-02  5.5383271E-04  0.0000000E+00
  7.8507600E+01  2.3405089E-02  1.0685131E-02  1.4817231E-02  5.4577492E-04  0.0000000E+00
  7.8507600E+01  2.2822888E-02  1.0624530E-02  1.4704156E-02  5.3897419E-04  0.0000000E+00
  7.8507600E+01  2.2292007E-02  1.0570032E-02  1.4585747E-02  5.3225694E-04  0.0000000E+00
  7.8507600E+01  2.1829923E-02  1.0512457E-02  1.4448103E-02  5.2444727E-04  0.0000000E+00
  7.8507600E+01  2.1389096E-02  1.0445052E-02  1.4290137E-02  5.1475478E-04  0.0000000E+00
  7.8507600E+01  2.0929840E-02  1.0362022E-02  1.4105358E-02  5.0313112E-04  0.0000000E+00
  7.8507600E+01  2.0446628E-02  1.0261586E-02  1.3873062E-02  4.9017127E-04  0.0000000E+00
  7.8507600E+01  1.9984405E-02  1.0149488E-02  1.3592764E-02  4.7639759E-04  0.0000000E+00
  7.8507600E+01  1.9570173E-02  1.0031586E-02  1.3290950E-02  4.6204633E-04  0.0000000E+00
  7.8507600E+01  1.9188346E-02  9.9095969E-03  1.2998572E-02  4.4719238E-04  0.0000000E+00
  7.8507600E+01  1.8806408E-02  9.7818853E-03  1.2728285E-02  4.3193464E-04  0.0000000E+00
  7.8507600E+01  1.8414815E-02  9.6476756E-03  1.2468749E-02  4.1644969E-04  0.0000000E+00
  7.8507600E+01  1.8037561E-02  9.5106887E-03  1.2206521E-02  4.0094272E-04  0.0000000E+00
  7.8507600E+01  1.7685457E-02  9.3739711E-03  1.1931672E-02  3.8586591E-04  0.0000000E+00
  7.8507600E+01  1.7358956E-02  9.2366572E-03  1.1647416E-02  3.7164065E-04  0.0000000E+00
  7.8507600E+01  1.7066777E-02  9.0964380E-03  1.1373126E-02  3.5837567E-04  0.0000000E+00
  7.8507600E+01  1.6807444E-02  8.9544399E-03  1.1117806E-02  3.4613567E-04  0.0000000E+00
  7.8507600E+01  1.6563939E-02  8.8145935E-03  1.0877499E-02  3.3499824E-04  0.0000000E+00
  7.8507600E+01  1.6312953E-02  8.6806278E-03  1.0646883E-02  3.2491928E-04  0.0000000E+00
  7.8507600E+01  1.6041199E-02  8.5534407E-03  1.0428639E-02  3.1563514E-04  0.0000000E+00
  7.8507600E+01  1.5757952E-02  8.4314968E-03  1.0226780E-02  3.0672883E-04  0.0000000E+00
  7.8507600E+01  1.5478608E-02  8.3138581E-03  1.0044535E-02  2.9783015E-04  0.0000000E+00
  7.8507600E+01  1.5217196E-02  8.2008004E-03  9.8807412E-03  2.8875467E-04  0.0000000E+00
  7.8507600E+01  1.4980092E-02  8.0911493E-03  9.7253564E-03  2.7963636E-04  0.0000000E+00
  7.8507600E+01  1.4764201E-02  7.9829948E-03  9.5718442E-03  2.7067413E-04  0.0000000E+00
  7.8507600E+01  1.4561828E-02  7.8746317E-03  9.4192689E-03  2.6199178E-04  0.0000000E+00
  7.8507600E+01  1.4367666E-02  7.7651152E-03  9.2676938E-03  2.5364337E-04  0.0000000E+00
  7.8507600E+01  1.4182749E-02  7.6542768E-03  9.1130962E-03  2.4565992E-04  0.0000000E+00
  7.8507600E+01  1.4010020E-02  7.5420039E-03  8.9479695E-03  2.3805203E-04  0.0000000E+00
  7.8507600E+01  1.3842682E-02  7.4298319E-03  8.7726334E-03  2.3073625E-04  0.0000000E+00
  7.8507600E+01  1.3675873E-02  7.3199168E-03  8.5988617E-03  2.2357327E-04  0.0000000E+00
  7.8507600E+01  1.3505546E-02  7.2134806E-03  8.4328308E-03  2.1648145E-04  0.0000000E+00
  7.8507600E+01  1.3325735E-02  7.1113821E-03  8.2756591E-03  2.0951322E-04  0.0000000E+00
  7.8507600E+01  1.3130635E-02  7.0136787E-03  8.1262552E-03  2.0284582E-04  0.0000000E+00
  7.8507600E+01  1.2917785E-02  6.9193116E-03  7.9831796E-03  1.9666597E-04  0.0000000E+00
  7.8507600E+01  1.2689315E-02  6.8260357E-03  7.8453641E-03  1.9105127E-04  0.0000000E+00
  7.8507600E+01  1.2448220E-02  6.7307132E-03  7.7115313E-03  1.8595120E-04  0.0000000E+00
  7.8507600E+01  1.2192305E-02  6.6311654E-03  7.5795947E-03  1.8122284E-04  0.0000000E+00
  7.8507600E+01  1.1922676E-02  6.5273763E-03  7.4465096E-03  1.7674223E-04  0.0000000E+00
  7.8507600E+01  1.1640297E-02  6.4206744E-03  7.3085859E-03  1.7243892E-04  0.0000000E+00
  7.8507600E+01  1.1342884E-02  6.3134606E-03  7.1638552E-03  1.6833777E-04  0.0000000E+00
  7.8507600E+01  1.1029266E-02  6.2082458E-03  7.0130363E-03  1.6451760E-04  0.0000000E+00
  7.8507600E+01  1.0699503E-02  6.1065262E-03  6.8593687E-03  1.6103396E-04  0.0000000E+00
  7.8507600E+01  1.0353688E-02  6.0079506E-03  6.7072311E-03  1.5784857E-04  0.0000000E+00
  7.8507600E+01  9.9927330E-03  5.9102786E-03  6.5594890E-03  1.5480043E-04  0.0000000E+00
  7.8507600E+01  9.6236119E-03  5.8107574E-03  6.4146095E-03  1.5162568E-04  0.0000000E+00
  7.8507600E+01  9.2599277E-03  5.7069534E-03  6.2733972E-03  1.4801333E-04  0.0000000E+00
  7.8507600E+01  8.9184614E-03  5.5970040E-03  6.1388604E-03  1.4370984E-04  0.0000000E+00
  7.8507600E+01  8.6064059E-03  5.4793984E-03  6.0128746E-03  1.3867799E-04  0.0000000E+00
  7.8507600E+01  8.3255049E-03  5.3539236E-03  5.8943251E-03  1.3312135E-04  0.0000000E+00
  7.8507600E+01  8.0750326E-03  5.2224993E-03  5.7790244E-03  1.2740164E-04  0.0000000E+00
  7.8507600E+01  7.8520841E-03  5.0890216E-03  5.6608794E-03  1.2193437E-04  0.0000000E+00
  7.8507600E+01  7.6511819E-03  4.9582985E-03  5.5340991E-03  1.1707343E-04  0.0000000E+00
  7.8507600E+01  7.4652064E-03  4.8341593E-03  5.3962241E-03  1.1299572E-04  0.0000000E+00
  7.8507600E+01  7.2868080E-03  4.7183016E-03  5.2515313E-03  1.0966846E-04  0.0000000E+00
  7.8507600E+01  7.1086838E-03  4.6107281E-03  5.1088827E-03  1.0683627E-04  0.0000000E+00
  7.8507600E+01  6.9286694E-03  4.5106292E-03  4.9754276E-03  1.0415758E-04  0.0000000E+00
  7.8507600E+01  6.7462637E-03  4.4170994E-03  4.8548915E-03  1.0135235E-04  0.0000000E+00
  7.8507600E+01  2.5140012E-11  7.5159315E-13  3.3451778E-11  1.1721701E-03  0.0000000E+00
  7.8507600E+01  2.6146159E-03  1.1559453E-04  4.9667714E-03  1.1817208E-03  0.0000000E+00
  7.8507600E+01  3.7346581E-03  5.5087116E-04  1.0277566E-02  1.2522922E-03  0.0000000E+00
  7.8507600E+01  8.7578145E-03  1.3100145E-03  1.2061689E-02  1.3548399E-03  0.0000000E+00
  7.8507600E+01  1.8891516E-02  2.0762293E-03  1.3046715E-02  1.4436490E-03  0.0000000E+00
  7.8507600E+01  2.9624474E-02  2.7717249E-03  1.5503722E-02  1.4959002E-03  0.0000000E+00
  7.8507600E+01  3.6524370E-02  3.6332052E-03  1.9571280E-02  1.5000671E-03  0.0000000E+00
  7.8507600E+01  3.8431977E-02  4.8759269E-03  2.3874629E-02  1.4636810E-03  0.0000000E+00
  7.8507600E+01  3.6859469E-02  6.4622557E-03  2.6927526E-02  1.4105591E-03  0.0000000E+00
  7.8507600E+01  3.4078712E-02  8.2233886E-03  2.8165067E-02  1.3634394E-03  0.0000000E+00
  7.8507600E+01  3.1656405E-02  1.0013292E-02  2.7990124E-02  1.3333471E-03  0.0000000E+00
  7.8507600E+01  3.0181433E-02  1.1705605E-02  2.7169094E-02  1.3191177E-03  0.0000000E+00
  7.8507600E+01  2.9689851E-02  1.3190589E-02  2.6331253E-02  1.3139802E-03  0.0000000E+00
  7.8507600E+01  2.9872769E-02  1.4420884E-02  2.5826574E-02  1.3114453E-03  0.0000000E+00
  7.8507600E+01  3.0431834E-02  1.5382322E-02  2.5595357E-02  1.3074432E-03  0.0000000E+00
  7.8507600E+01  3.1201268E-02  1.6068817E-02  2.5406344E-02  1.3014514E-03  0.0000000E+00
  7.8507600E+01  3.2036130E-02  1.6503340E-02  2.5203330E-02  1.2960177E-03  0.0000000E+00
  7.8507600E+01  3.2856942E-02  1.6730141E-02  2.5061301E-02  1.2921045E-03  0.0000000E+00
  7.8507600E+01  3.3601383E-02  1.6803185E-02  2.4976986E-02  1.2884663E-03  0.0000000E+00
  7.8507600E+01  3.4225062E-02  1.6774688E-02  2.4838083E-02  1.2836627E-03  0.0000000E+00
  7.8507600E+01  3.4718362E-02  1.6672404E-02  2.4532411E-02  1.2756546E-03  0.0000000E+00
  7.8507600E+01  3.5028107E-02  1.6482718E-02  2.4052573E-02  1.2616560E-03  0.0000000E+00
  7.8507600E+01  3.5116028E-02  1.6219329E-02  2.3522494E-02  1.2399089E-03  0.0000000E+00
  7.8507600E+01  3.4993175E-02  1.5919667E-02  2.3084433E-02  1.2093788E-03  0.0000000E+00
  7.8507600E+01  3.4716907E-02  1.5598469E-02  2.2729969E-02  1.1712290E-03  0.0000000E+00
  7.8507600E+01  3.4299847E-02  1.5256677E-02  2.2324982E-02  1.1294356E-03  0.0000000E+00
  7.8507600E+01  3.3779544E-02  1.4898576E-02  2.1784049E-02  1.0872930E-03  0.0000000E+00
  7.8507600E+01  3.3229783E-02  1.4534108E-02  2.1145270E-02  1.0446260E-03  0.0000000E+00
  7.8507600E+01  3.2702227E-02  1.4172372E-02  2.0473632E-02  1.0017808E-03  0.0000000E+00
  7.8507600E+01  3.2148894E-02  1.3825752E-02  1.9823910E-02  9.5981718E-04  0.0000000E+00
  7.8507600E+01  3.1475536E-02  1.3507201E-02  1.9244707E-02  9.1775186E-04  0.0000000E+00
  7.8507600E+01  3.0679307E-02  1.3219668E-02  1.8750574E-02  8.7478331E-04  0.0000000E+00
  7.8507600E+01  2.9880245E-02  1.2956007E-02  1.8315251E-02  8.3244334E-04  0.0000000E+00
  7.8507600E+01  2.9157203E-02  1.2717193E-02  1.7934064E-02  7.9342743E-04  0.0000000E+00
  7.8507600E+01  2.8578320E-02  1.2502519E-02  1.7577278E-02  7.5926758E-04  0.0000000E+00
  7.8507600E+01  2.8101211E-02  1.2294443E-02  1.7234461E-02  7.2767700E-04  0.0000000E+00
  7.8507600E+01  2.7643062E-02  1.2076654E-02  1.6903287E-02  6.9604763E-04  0.0000000E+00
  7.8507600E+01  2.7158755E-02  1.1850235E-02  1.6572364E-02  6.6455020E-04  0.0000000E+00
  7.8507600E+01  2.6652785E-02  1.1633358E-02  1.6233446E-02  6.3606921E-04  0.0000000E+00
  7.8507600E+01  2.6100581E-02  1.1438512E-02  1.5918933E-02  6.1141841E-04  0.0000000E+00
  7.8507600E+01  2.5490318E-02  1.1269338E-02  1.5671499E-02  5.8945312E-04  0.0000000E+00
  7.8507600E+01  2.4870463E-02  1.1121694E-02  1.5468608E-02  5.6903211E-04  0.0000000E+00
  7.8507600E+01  2.4279849E-02  1.0981252E-02  1.5275605E-02  5.5012738E-04  0.0000000E+00
  7.8507600E+01  2.3715714E-02  1.0837743E-02  1.5084285E-02  5.3387269E-04  0.0000000E+00
  7.8507600E+01  2.3145134E-02  1.0693974E-02  1.4912860E-02  5.2108593E-04  0.0000000E+00
  7.8507600E+01  2.2550217E-02  1.0565419E-02  1.4787361E-02  5.1135292E-04  0.0000000E+00
  7.8507600E+01  2.1958131E-02  1.0460983E-02  1.4708470E-02  5.0333430E-04  0.0000000E+00
  7.8507600E+01  2.1433444E-02  1.0372559E-02  1.4632706E-02  4.9612226E-04  0.0000000E+00
  7.8507600E+01  2.1011610E-02  1.0291816E-02  1.4513237E-02  4.8892782E-04  0.0000000E+00
  7.8507600E+01  2.0655002E-02  1.0211567E-02  1.4325570E-02  4.8119905E-04  0.0000000E+00
  7.8507600E+01  2.0310684E-02  1.0127588E-02  1.4068054E-02  4.7241781E-04  0.0000000E+00
  7.8507600E+01  1.9951283E-02  1.0039393E-02  1.3761942E-02  4.6227731E-04  0.0000000E+00
  7.8507600E+01  1.9576102E-02  9.9475979E-03  1.3441391E-02  4.5062759E-04  0.0000000E+00
  7.8507600E+01  1.9195008E-02  9.8514185E-03  1.3135857E-02  4.3762929E-04  0.0000000E+00
  7.8507600E+01  1.8801200E-02  9.7468103E-03  1.2840583E-02  4.2377998E-04  0.0000000E+00
  7.8507600E+01  1.8384200E-02  9.6315286E-03  1.2545008E-02  4.0946018E-04  0.0000000E+00
  7.8507600E+01  1.7959369E-02  9.5045635E-03  1.2256014E-02  3.9473497E-04  0.0000000E+00
  7.8507600E+01  1.7539566E-02  9.3649875E-03  1.1979394E-02  3.7970332E-04  0.0000000E+00
  7.8507600E+01  1.7142807E-02  9.2138166E-03  1.1709891E-02  3.6479664E-04  0.0000000E+00
  7.8507600E+01  1.6788289E-02  9.0550772E-03  1.1439880E-02  3.5056548E-04  0.0000000E+00
  7.8507600E+01  1.6486693E-02  8.8963069E-03  1.1173701E-02  3.3745427E-04  0.0000000E+00
  7.8507600E+01  1.6226698E-02  8.7440689E-03  1.0924871E-02  3.2543511E-04  0.0000000E+00
  7.8507600E+01  1.5983763E-02  8.6010695E-03  1.0695991E-02  3.1430046E-04  0.0000000E+00
  7.8507600E+01  1.5744062E-02  8.4679434E-03  1.0481430E-02  3.0388164E-04  0.0000000E+00
  7.8507600E+01  1.5500059E-02  8.3450200E-03  1.0277212E-02  2.9413700E-04  0.0000000E+00
  7.8507600E+01  1.5256171E-02  8.2294237E-03  1.0078491E-02  2.8503308E-04  0.0000000E+00
  7.8507600E+01  1.5022029E-02  8.1181930E-03  9.8826911E-03  2.7642365E-04  0.0000000E+00
  7.8507600E+01  1.4803218E-02  8.0101678E-03  9.6911816E-03  2.6809600E-04  0.0000000E+00
  7.8507600E+01  1.4595089E-02  7.9057716E-03  9.5082670E-03  2.5984860E-04  0.0000000E+00
  7.8507600E+01  1.4386767E-02  7.8061753E-03  9.3395241E-03  2.5162359E-04  0.0000000E+00
  7.8507600E+01  1.4174335E-02  7.7095734E-03  9.1854270E-03  2.4341117E-04  0.0000000E+00
  7.8507600E+01  1.3961927E-02  7.6123321E-03  9.0420858E-03  2.3528999E-04  0.0000000E+00
  7.8507600E+01  1.3766478E-02  7.5113202E-03  8.8997088E-03  2.2741964E-04  0.0000000E+00
  7.8507600E+01  1.3593495E-02  7.4062319E-03  8.7494577E-03  2.1989217E-04  0.0000000E+00
  7.8507600E+01  1.3434663E-02  7.2987907E-03  8.5901369E-03  2.1274041E-04  0.0000000E+00
  7.8507600E+01  1.3276674E-02  7.1913477E-03  8.4274987E-03  2.0596113E-04  0.0000000E+00
  7.8507600E+01  1.3106953E-02  7.0855496E-03  8.2682082E-03  1.9951753E-04  0.0000000E+00
  7.8507600E+01  1.2918516E-02  6.9824757E-03  8.1158602E-03  1.9340340E-04  0.0000000E+00
  7.8507600E+01  1.2709649E-02  6.8816811E-03  7.9704976E-03  1.8761186E-04  0.0000000E+00
  7.8507600E+01  1.2484797E-02  6.7825779E-03  7.8330955E-03  1.8210730E-04  0.0000000E+00
  7.8507600E+01  1.2248663E-02  6.6832443E-03  7.6979864E-03  1.7695487E-04  0.0000000E+00
  7.8507600E+01  1.1996913E-02  6.5812826E-03  7.5578859E-03  1.7216845E-04  0.0000000E+00
  7.8507600E+01  1.1725779E-02  6.4761384E-03  7.4106890E-03  1.6775522E-04  0.0000000E+00
  7.8507600E+01  1.1435019E-02  6.3693539E-03  7.2581334E-03  1.6368760E-04  0.0000000E+00
  7.8507600E+01  1.1127619E-02  6.2633399E-03  7.1022596E-03  1.5993916E-04  0.0000000E+00
  7.8507600E+01  1.0807024E-02  6.1596147E-03  6.9425498E-03  1.5652057E-04  0.0000000E+00
  7.8507600E+01  1.0476540E-02  6.0587383E-03  6.7783218E-03  1.5347598E-04  0.0000000E+00
  7.8507600E+01  1.0133797E-02  5.9600625E-03  6.6138945E-03  1.5072722E-04  0.0000000E+00
  7.8507600E+01  9.7785145E-03  5.8627417E-03  6.4561905E-03  1.4812648E-04  0.0000000E+00
  7.8507600E+01  9.4175672E-03  5.7649192E-03  6.3084206E-03  1.4540453E-04  0.0000000E+00
  7.8507600E+01  9.0603882E-03  5.6639978E-03  6.1702907E-03  1.4216905E-04  0.0000000E+00
  7.8507600E+01  8.7169312E-03  5.5573067E-03  6.0405278E-03  1.3813516E-04  0.0000000E+00
  7.8507600E+01  8.3959912E-03  5.4428489E-03  5.9172828E-03  1.3327731E-04  0.0000000E+00
  7.8507600E+01  8.1036978E-03  5.3200659E-03  5.7972254E-03  1.2782985E-04  0.0000000E+00
  7.8507600E+01  7.8424581E-03  5.1901867E-03  5.6750394E-03  1.2217460E-04  0.0000000E+00
  7.8507600E+01  7.6137668E-03  5.0573906E-03  5.5465810E-03  1.1672490E-04  0.0000000E+00
  7.8507600E+01  7.4139784E-03  4.9256504E-03  5.4116441E-03  1.1177537E-04  0.0000000E+00
  7.8507600E+01  7.2341021E-03  4.7984903E-03  5.2718810E-03  1.0751147E-04  0.0000000E+00
  7.8507600E+01  7.0648260E-03  4.6780235E-03  5.1303982E-03  1.0397545E-04  0.0000000E+00
  7.8507600E+01  6.8989150E-03  4.5660053E-03  4.9933769E-03  1.0102314E-04  0.0000000E+00
