          atime         vdf_uu         vdf_vv         vdf_ww         pm1avg           tavg
  7.8507600E+01  5.1541101E-01  1.5493288E-05  1.6395137E-01 -1.6610282E-01  0.0000000E+00
  7.8507600E+01 -2.8952040E-01  8.8662279E-03  6.1457489E-02 -1.5595039E-01  0.0000000E+00
  7.8507600E+01 -4.6901822E-02  7.0941045E-03 -1.1388428E-01 -1.3835731E-01  0.0000000E+00
  7.8507600E+01  1.8084526E-02  3.7601613E-04 -3.1089077E-02 -1.2275543E-01  0.0000000E+00
  7.8507600E+01  4.7311697E-03 -1.8912278E-03 -2.3027572E-03 -1.1106183E-01  0.0000000E+00
  7.8507600E+01  1.9904255E-03 -2.3081925E-03  6.3461585E-04 -1.0210151E-01  0.0000000E+00
  7.8507600E+01  2.1476350E-03 -1.2504073E-03  8.8899795E-04 -9.4979763E-02  0.0000000E+00
  7.8507600E+01  2.3171616E-03 -1.9901707E-04  1.0567834E-03 -8.9197737E-02  0.0000000E+00
  7.8507600E+01  1.3069944E-03  1.3194770E-04  1.3766467E-03 -8.4401720E-02  0.0000000E+00
  7.8507600E+01  1.0230886E-03  2.0493251E-04  2.0007175E-03 -8.0317187E-02  0.0000000E+00
  7.8507600E+01  1.6996087E-03  5.6937303E-05  2.0902818E-03 -7.6772222E-02  0.0000000E+00
  7.8507600E+01  9.7980703E-04 -3.5423963E-04  1.0265330E-03 -7.3619448E-02  0.0000000E+00
  7.8507600E+01  1.9512711E-04 -6.4528088E-04  2.9013535E-04 -7.0759602E-02  0.0000000E+00
  7.8507600E+01 -1.8350618E-04 -6.0019702E-04  3.8162197E-05 -6.8142782E-02  0.0000000E+00
  7.8507600E+01 -5.4426807E-04 -2.8263824E-04  7.6755880E-05 -6.5718719E-02  0.0000000E+00
  7.8507600E+01 -3.6784593E-05 -1.2560329E-04  2.3614612E-04 -6.3448271E-02  0.0000000E+00
  7.8507600E+01 -9.5399159E-05 -2.2571610E-04  1.6748391E-04 -6.1309144E-02  0.0000000E+00
  7.8507600E+01 -4.0398668E-04 -1.0653743E-04  7.2931647E-05 -5.9265877E-02  0.0000000E+00
  7.8507600E+01 -1.5575449E-04  2.9941877E-04  9.8613740E-05 -5.7294737E-02  0.0000000E+00
  7.8507600E+01 -4.8152935E-04  8.9236868E-04 -5.6161409E-05 -5.5378103E-02  0.0000000E+00
  7.8507600E+01 -9.6871695E-04  1.4286259E-03 -3.0323794E-04 -5.3514610E-02  0.0000000E+00
  7.8507600E+01 -1.2271086E-03  1.3879016E-03 -3.1003336E-04 -5.1696253E-02  0.0000000E+00
  7.8507600E+01 -7.5093020E-04  9.1041792E-04 -4.5721016E-05 -4.9920196E-02  0.0000000E+00
  7.8507600E+01 -3.8743457E-04  3.1576901E-04  1.3219717E-04 -4.8195321E-02  0.0000000E+00
  7.8507600E+01 -1.1848977E-03 -2.5516391E-05  1.5362841E-05 -4.6523742E-02  0.0000000E+00
  7.8507600E+01 -1.9118074E-03  2.0186342E-05 -3.0325482E-04 -4.4911273E-02  0.0000000E+00
  7.8507600E+01 -9.3771951E-04  2.5180608E-05 -1.3017185E-04 -4.3369959E-02  0.0000000E+00
  7.8507600E+01 -3.9494111E-04 -5.0769998E-05  2.3641729E-04 -4.1894826E-02  0.0000000E+00
  7.8507600E+01  1.6102156E-04 -1.3564102E-04  5.0872836E-04 -4.0480678E-02  0.0000000E+00
  7.8507600E+01  8.1516257E-04 -1.7851791E-04  2.1397851E-04 -3.9118191E-02  0.0000000E+00
  7.8507600E+01  9.0028348E-04 -1.6057084E-04 -2.3007010E-04 -3.7807075E-02  0.0000000E+00
  7.8507600E+01  2.1016812E-04 -8.6850630E-05 -1.0415971E-04 -3.6546435E-02  0.0000000E+00
  7.8507600E+01 -4.8690752E-04  1.0057642E-04  4.3409260E-04 -3.5340116E-02  0.0000000E+00
  7.8507600E+01 -9.6643444E-04  2.8107719E-04  7.4206893E-04 -3.4194499E-02  0.0000000E+00
  7.8507600E+01 -9.1133771E-04  2.8664562E-04  6.5046872E-04 -3.3102329E-02  0.0000000E+00
  7.8507600E+01 -4.9900483E-04  1.8481064E-04  3.2590391E-04 -3.2052280E-02  0.0000000E+00
  7.8507600E+01 -3.3478041E-04  1.3063924E-04  9.2912778E-05 -3.1037261E-02  0.0000000E+00
  7.8507600E+01 -5.4508924E-04  1.5857952E-04  8.5100327E-05 -3.0047617E-02  0.0000000E+00
  7.8507600E+01 -4.6004360E-04  1.4744376E-04  2.3453529E-04 -2.9080180E-02  0.0000000E+00
  7.8507600E+01 -1.0372409E-05  8.1597376E-05  3.8887024E-04 -2.8138485E-02  0.0000000E+00
  7.8507600E+01  2.5624974E-04  6.0515222E-05  1.9365615E-04 -2.7221173E-02  0.0000000E+00
  7.8507600E+01  3.1908061E-04  1.0018987E-04 -1.3781250E-04 -2.6332245E-02  0.0000000E+00
  7.8507600E+01  2.0244644E-04  8.9031680E-05 -4.4247252E-04 -2.5472732E-02  0.0000000E+00
  7.8507600E+01  9.0135298E-05  6.2696373E-05 -5.8965284E-04 -2.4647428E-02  0.0000000E+00
  7.8507600E+01  5.1498243E-05  1.2397248E-04 -5.0994458E-04 -2.3852801E-02  0.0000000E+00
  7.8507600E+01 -1.6834967E-05  2.4381840E-04 -2.9781543E-04 -2.3080864E-02  0.0000000E+00
  7.8507600E+01 -2.0039046E-04  2.4363632E-04 -2.6903381E-04 -2.2329793E-02  0.0000000E+00
  7.8507600E+01 -2.4406093E-04  1.9246872E-04 -9.4631858E-05 -2.1594725E-02  0.0000000E+00
  7.8507600E+01 -1.6094420E-04  1.5658819E-04  8.5459993E-06 -2.0873867E-02  0.0000000E+00
  7.8507600E+01 -1.3674867E-04  1.5472562E-04  3.0947610E-05 -2.0168792E-02  0.0000000E+00
  7.8507600E+01 -1.3369555E-04  1.5230403E-04  1.3610510E-05 -1.9477333E-02  0.0000000E+00
  7.8507600E+01 -4.8435659E-05  1.2416755E-04 -1.4161714E-05 -1.8798182E-02  0.0000000E+00
  7.8507600E+01  1.2506897E-04  7.7162813E-05 -1.6749190E-05 -1.8129454E-02  0.0000000E+00
  7.8507600E+01  2.7240215E-04  5.2596657E-05  6.3790877E-05 -1.7474148E-02  0.0000000E+00
  7.8507600E+01  3.3896080E-04  1.1071629E-04  1.5306387E-04 -1.6831692E-02  0.0000000E+00
  7.8507600E+01  2.7670677E-04  2.5015953E-04  1.5120273E-04 -1.6203437E-02  0.0000000E+00
  7.8507600E+01  2.7542101E-04  3.3839525E-04  1.1955491E-04 -1.5595707E-02  0.0000000E+00
  7.8507600E+01  2.7684756E-04  3.2085697E-04  7.3289003E-05 -1.5009786E-02  0.0000000E+00
  7.8507600E+01  2.1742929E-04  2.2304938E-04  2.1602115E-05 -1.4446428E-02  0.0000000E+00
  7.8507600E+01  1.1577003E-04  1.0431764E-04 -2.2116141E-05 -1.3909059E-02  0.0000000E+00
  7.8507600E+01  2.7243298E-05  1.1530915E-05 -2.7147153E-05 -1.3396610E-02  0.0000000E+00
  7.8507600E+01  1.8848071E-05 -4.4988043E-05  3.9024049E-05 -1.2907615E-02  0.0000000E+00
  7.8507600E+01  5.2689787E-05 -6.4933418E-05  1.2338897E-04 -1.2438402E-02  0.0000000E+00
  7.8507600E+01 -2.6583760E-05 -3.1056010E-05  1.7489981E-04 -1.1986827E-02  0.0000000E+00
  7.8507600E+01 -4.5469435E-05  1.1514102E-05  1.9313430E-04 -1.1549714E-02  0.0000000E+00
  7.8507600E+01  1.1112935E-05  2.5947441E-05  1.7385926E-04 -1.1125317E-02  0.0000000E+00
  7.8507600E+01  8.3195476E-05  8.6521897E-06  1.3072323E-04 -1.0714640E-02  0.0000000E+00
  7.8507600E+01  1.1057451E-04 -1.7335178E-05  8.4811734E-05 -1.0316112E-02  0.0000000E+00
  7.8507600E+01  9.7604075E-05 -2.6636974E-05  4.8864228E-05 -9.9285125E-03  0.0000000E+00
  7.8507600E+01  6.4564002E-05 -1.5084504E-05  1.2620090E-05 -9.5532563E-03  0.0000000E+00
  7.8507600E+01 -1.1516575E-04  3.0848126E-07 -5.4685720E-05 -9.1893602E-03  0.0000000E+00
  7.8507600E+01 -1.9548265E-04  1.5997597E-05 -3.4081633E-05 -8.8362094E-03  0.0000000E+00
  7.8507600E+01 -1.9887794E-04  3.0606704E-06  9.2032458E-06 -8.4948570E-03  0.0000000E+00
  7.8507600E+01 -1.3888259E-04 -3.6567157E-05  9.1794567E-06 -8.1637934E-03  0.0000000E+00
  7.8507600E+01 -7.6712329E-05 -8.6730633E-05 -3.1520375E-05 -7.8416124E-03  0.0000000E+00
  7.8507600E+01 -8.0999196E-05 -1.2813772E-04 -7.6944068E-05 -7.5260094E-03  0.0000000E+00
  7.8507600E+01 -1.5830250E-04 -1.4430211E-04 -8.7662737E-05 -7.2165070E-03  0.0000000E+00
  7.8507600E+01 -2.2513050E-04 -1.2667228E-04 -5.1741264E-05 -6.9112545E-03  0.0000000E+00
  7.8507600E+01 -1.9120883E-04 -8.0351644E-05 -1.9852061E-05 -6.6093084E-03  0.0000000E+00
  7.8507600E+01 -1.9978225E-04 -2.0247799E-05  1.6534766E-05 -6.3127650E-03  0.0000000E+00
  7.8507600E+01 -2.2994070E-04  3.2538937E-05  7.8089922E-06 -6.0223925E-03  0.0000000E+00
  7.8507600E+01 -2.1568219E-04  6.1951631E-05 -2.7598282E-05 -5.7392218E-03  0.0000000E+00
  7.8507600E+01 -1.4796916E-04  7.5569632E-05 -4.3489716E-05 -5.4652731E-03  0.0000000E+00
  7.8507600E+01 -7.7657881E-05  7.5250574E-05 -1.3058840E-05 -5.1998731E-03  0.0000000E+00
  7.8507600E+01 -4.7326915E-05  5.6629808E-05  5.4164363E-05 -4.9416270E-03  0.0000000E+00
  7.8507600E+01 -3.0125195E-05  2.1833655E-05  1.1602251E-04 -4.6876899E-03  0.0000000E+00
  7.8507600E+01  3.5419586E-05 -1.2595693E-05  1.2632831E-04 -4.4364258E-03  0.0000000E+00
  7.8507600E+01  6.6502715E-05 -2.8687421E-05  9.0321010E-05 -4.1857279E-03  0.0000000E+00
  7.8507600E+01  1.2365712E-04 -2.3006206E-05  3.2218288E-05 -3.9342974E-03  0.0000000E+00
  7.8507600E+01  2.0237183E-04 -1.6152334E-05 -1.3037338E-05 -3.6834694E-03  0.0000000E+00
  7.8507600E+01  2.8370393E-04 -5.3461468E-06 -3.7713782E-05 -3.4345100E-03  0.0000000E+00
  7.8507600E+01  3.3977993E-04  1.7907466E-05 -4.5613043E-05 -3.1891542E-03  0.0000000E+00
  7.8507600E+01  3.3764007E-04  5.2694967E-05 -3.6381629E-05 -2.9502336E-03  0.0000000E+00
  7.8507600E+01  2.8275140E-04  8.6551493E-05 -6.1566894E-06 -2.7186796E-03  0.0000000E+00
  7.8507600E+01  2.2943842E-04  1.0328865E-04  4.5266684E-05 -2.4953575E-03  0.0000000E+00
  7.8507600E+01  1.8986663E-04  9.9206899E-05  1.1019566E-04 -2.2799840E-03  0.0000000E+00
  7.8507600E+01  7.3218604E-05  9.4482157E-05  1.3998874E-04 -2.0730333E-03  0.0000000E+00
  7.8507600E+01  1.4742409E-05  8.6933294E-05  1.3444135E-04 -1.8739063E-03  0.0000000E+00
  7.8507600E+01  2.1439527E-05  8.3644271E-05  9.6912389E-05 -1.6824198E-03  0.0000000E+00
  7.8507600E+01  3.9440318E-05  8.2682932E-05  5.3306174E-05 -1.4990745E-03  0.0000000E+00
  7.8507600E+01  1.1904252E-02  3.5677417E-04  2.1366211E-02 -8.8255085E-02  0.0000000E+00
  7.8507600E+01  2.5104901E-04  5.1816680E-04  3.6746223E-04 -8.8277398E-02  0.0000000E+00
  7.8507600E+01 -3.8049690E-04  6.9077092E-04 -2.9399467E-03 -8.8467283E-02  0.0000000E+00
  7.8507600E+01  1.8060114E-04  4.5074451E-04 -2.4347715E-03 -8.8882985E-02  0.0000000E+00
  7.8507600E+01  2.0402361E-03  4.2753867E-04 -1.5543389E-03 -8.9460249E-02  0.0000000E+00
  7.8507600E+01  7.6653513E-03  7.8204328E-04 -1.1411753E-03 -9.0088258E-02  0.0000000E+00
  7.8507600E+01  1.9557120E-02  9.5554097E-04 -1.0641568E-03 -9.0659635E-02  0.0000000E+00
  7.8507600E+01  3.0380249E-02  3.0078978E-04  1.5215609E-03 -9.1059515E-02  0.0000000E+00
  7.8507600E+01  1.8041551E-02 -8.5014157E-04  8.6197947E-03 -9.1130763E-02  0.0000000E+00
  7.8507600E+01 -1.1450414E-02 -7.0960765E-04  1.5423045E-02 -9.0728328E-02  0.0000000E+00
  7.8507600E+01 -3.9625298E-02  7.9962654E-04  8.4826875E-03 -8.9801478E-02  0.0000000E+00
  7.8507600E+01 -4.5654238E-02  2.0714656E-03 -6.1354791E-03 -8.8423028E-02  0.0000000E+00
  7.8507600E+01 -1.5695005E-02  1.7540092E-03 -1.1657594E-02 -8.6815724E-02  0.0000000E+00
  7.8507600E+01  1.0453030E-02 -1.2970079E-04 -1.0270573E-02 -8.5230950E-02  0.0000000E+00
  7.8507600E+01  1.4268364E-02 -1.5893090E-03 -6.3081866E-03 -8.3791617E-02  0.0000000E+00
  7.8507600E+01  1.0523633E-02 -1.8621186E-03 -1.9095942E-03 -8.2456296E-02  0.0000000E+00
  7.8507600E+01  6.2927337E-03 -1.3981447E-03  6.1521706E-04 -8.1134481E-02  0.0000000E+00
  7.8507600E+01  4.5150713E-03 -5.7117229E-04  1.1433020E-03 -7.9756477E-02  0.0000000E+00
  7.8507600E+01  3.7056797E-03  1.6342181E-04  9.1310034E-04 -7.8282669E-02  0.0000000E+00
  7.8507600E+01  8.3802781E-04  6.0164080E-04  5.7689848E-04 -7.6705042E-02  0.0000000E+00
  7.8507600E+01 -5.2076168E-04  1.0111393E-03  7.6221530E-04 -7.5043729E-02  0.0000000E+00
  7.8507600E+01 -3.6002623E-04  1.2515177E-03  6.4169499E-04 -7.3326458E-02  0.0000000E+00
  7.8507600E+01 -3.0784921E-04  1.0811964E-03  3.1711155E-04 -7.1577056E-02  0.0000000E+00
  7.8507600E+01 -5.4364887E-04  6.8336331E-04 -1.3112067E-04 -6.9810509E-02  0.0000000E+00
  7.8507600E+01 -7.4397978E-04  4.3561022E-04 -5.4311794E-04 -6.8027836E-02  0.0000000E+00
  7.8507600E+01 -1.1317307E-03  4.6545513E-04 -3.1886151E-04 -6.6240663E-02  0.0000000E+00
  7.8507600E+01 -1.7661045E-03  4.4468585E-04  5.6172005E-05 -6.4451281E-02  0.0000000E+00
  7.8507600E+01 -8.9742988E-04  3.1705210E-04  1.8231745E-04 -6.2663148E-02  0.0000000E+00
  7.8507600E+01 -2.2556357E-04  1.4501180E-04  9.5250354E-05 -6.0879404E-02  0.0000000E+00
  7.8507600E+01 -3.5829897E-04 -3.9999146E-05  1.4238838E-04 -5.9102730E-02  0.0000000E+00
  7.8507600E+01 -4.7567987E-04 -1.3228491E-04  4.6922887E-04 -5.7334599E-02  0.0000000E+00
  7.8507600E+01 -2.7582040E-04 -1.7449843E-04  7.6169856E-04 -5.5571175E-02  0.0000000E+00
  7.8507600E+01 -2.1096133E-04 -2.6877804E-04  2.0020351E-04 -5.3806083E-02  0.0000000E+00
  7.8507600E+01  3.7192656E-06 -4.4961949E-04 -9.8447316E-04 -5.2040444E-02  0.0000000E+00
  7.8507600E+01  1.3105288E-04 -1.9499848E-04 -1.2590311E-03 -5.0303224E-02  0.0000000E+00
  7.8507600E+01  1.9704790E-05  2.3552354E-04 -8.4240744E-04 -4.8613948E-02  0.0000000E+00
  7.8507600E+01 -8.3547909E-05  4.4914556E-04 -2.2796851E-04 -4.6987624E-02  0.0000000E+00
  7.8507600E+01  3.6990331E-05  4.3918408E-04  3.2312745E-04 -4.5428148E-02  0.0000000E+00
  7.8507600E+01  3.5702413E-04  4.8323866E-04  5.9168917E-04 -4.3930264E-02  0.0000000E+00
  7.8507600E+01  6.8723574E-04  4.5504143E-04  3.8021352E-04 -4.2490234E-02  0.0000000E+00
  7.8507600E+01  3.5747392E-04  3.1454804E-04  3.2515207E-04 -4.1105967E-02  0.0000000E+00
  7.8507600E+01  2.6852461E-04  9.0453688E-05  6.8921362E-06 -3.9776083E-02  0.0000000E+00
  7.8507600E+01  2.9632335E-04  4.1101698E-05 -1.8482930E-04 -3.8494866E-02  0.0000000E+00
  7.8507600E+01  1.0638629E-04  1.8976641E-04 -7.9978006E-05 -3.7260128E-02  0.0000000E+00
  7.8507600E+01 -3.0053806E-04  3.4543074E-04  1.2359227E-04 -3.6061767E-02  0.0000000E+00
  7.8507600E+01 -5.6805918E-04  3.7067109E-04  2.1496141E-04 -3.4894906E-02  0.0000000E+00
  7.8507600E+01 -4.1003053E-04  2.6495122E-04  2.6330688E-04 -3.3758379E-02  0.0000000E+00
  7.8507600E+01 -2.4960940E-04  6.5542509E-05  1.2083722E-04 -3.2652402E-02  0.0000000E+00
  7.8507600E+01 -7.8752944E-05 -1.1294123E-04 -1.1939484E-04 -3.1574911E-02  0.0000000E+00
  7.8507600E+01  6.3812554E-05 -1.9938609E-04 -2.7729892E-04 -3.0524584E-02  0.0000000E+00
  7.8507600E+01  1.9207204E-04 -1.8817610E-04 -3.0222317E-04 -2.9499400E-02  0.0000000E+00
  7.8507600E+01  2.7147462E-04 -1.2267176E-04 -2.5169699E-04 -2.8502645E-02  0.0000000E+00
  7.8507600E+01  2.1931827E-04 -5.9019310E-05 -2.0195012E-04 -2.7532074E-02  0.0000000E+00
  7.8507600E+01 -1.9941825E-06 -1.2424426E-05 -1.2786647E-04 -2.6586877E-02  0.0000000E+00
  7.8507600E+01 -1.7681180E-04  5.7583120E-05  2.7411598E-05 -2.5665212E-02  0.0000000E+00
  7.8507600E+01 -3.0706307E-04  9.7549503E-05  1.7270359E-04 -2.4765034E-02  0.0000000E+00
  7.8507600E+01 -2.5663270E-04  8.6584232E-05  1.4861356E-04 -2.3886276E-02  0.0000000E+00
  7.8507600E+01 -8.6111287E-05  2.9194588E-05 -3.7586105E-05 -2.3029644E-02  0.0000000E+00
  7.8507600E+01  4.3073730E-05 -5.1751556E-05 -1.9342510E-04 -2.2195896E-02  0.0000000E+00
  7.8507600E+01  4.1334272E-05 -1.1419800E-04 -1.3685642E-04 -2.1383796E-02  0.0000000E+00
  7.8507600E+01 -4.8684473E-05 -1.0444747E-04  1.2080257E-04 -2.0595304E-02  0.0000000E+00
  7.8507600E+01 -7.9523677E-05 -6.7342384E-06  2.8430094E-04 -1.9828397E-02  0.0000000E+00
  7.8507600E+01  1.1485988E-05  9.2141008E-05  3.4577726E-04 -1.9085057E-02  0.0000000E+00
  7.8507600E+01  7.3845900E-05  9.6957263E-05  2.6355696E-04 -1.8366731E-02  0.0000000E+00
  7.8507600E+01  5.0425037E-05  5.3455352E-05 -2.3604093E-05 -1.7673313E-02  0.0000000E+00
  7.8507600E+01 -4.2198598E-05  2.0424956E-05 -2.4544755E-04 -1.7005808E-02  0.0000000E+00
  7.8507600E+01 -9.4099292E-05  2.0503382E-05 -2.7931665E-04 -1.6366445E-02  0.0000000E+00
  7.8507600E+01 -3.1338892E-05  5.1902073E-05 -1.5207966E-04 -1.5756443E-02  0.0000000E+00
  7.8507600E+01  8.2495396E-05  1.0400388E-04  7.1133174E-06 -1.5173550E-02  0.0000000E+00
  7.8507600E+01  1.0733968E-04  1.6522580E-04  7.4894622E-05 -1.4616186E-02  0.0000000E+00
  7.8507600E+01  1.1212810E-04  2.0897646E-04  9.3557407E-05 -1.4078922E-02  0.0000000E+00
  7.8507600E+01  9.0097780E-05  2.2693497E-04  1.0992284E-04 -1.3557892E-02  0.0000000E+00
  7.8507600E+01  1.3079950E-04  2.0922208E-04  1.2601937E-04 -1.3050521E-02  0.0000000E+00
  7.8507600E+01  1.4761225E-04  1.6521188E-04  1.0738580E-04 -1.2555786E-02  0.0000000E+00
  7.8507600E+01  5.7046281E-05  1.2931988E-04  5.9313691E-05 -1.2073963E-02  0.0000000E+00
  7.8507600E+01 -1.2433859E-04  1.2283162E-04  2.2216602E-05 -1.1605791E-02  0.0000000E+00
  7.8507600E+01 -2.8600957E-04  1.3589824E-04  2.3275622E-05 -1.1151374E-02  0.0000000E+00
  7.8507600E+01 -3.1242186E-04  1.3307706E-04  2.9766910E-05 -1.0713104E-02  0.0000000E+00
  7.8507600E+01 -2.4076692E-04  8.6611746E-05 -4.9749478E-05 -1.0289905E-02  0.0000000E+00
  7.8507600E+01 -2.4430151E-04  4.4503687E-05 -6.2071552E-05 -9.8807449E-03  0.0000000E+00
  7.8507600E+01 -2.2877689E-04  2.5000104E-06 -1.9127712E-05 -9.4839802E-03  0.0000000E+00
  7.8507600E+01 -2.2545710E-04 -3.3077006E-05 -3.2439657E-06 -9.0976162E-03  0.0000000E+00
  7.8507600E+01 -2.0476324E-04 -4.7788078E-05 -5.5659135E-06 -8.7194627E-03  0.0000000E+00
  7.8507600E+01 -1.5941600E-04 -3.4005068E-05  6.0418121E-06 -8.3478131E-03  0.0000000E+00
  7.8507600E+01 -1.1723762E-04  2.2267349E-06  3.7978806E-05 -7.9820006E-03  0.0000000E+00
  7.8507600E+01 -1.0631954E-04  4.2095056E-05  5.4564498E-05 -7.6219624E-03  0.0000000E+00
  7.8507600E+01 -1.0826204E-04  6.5638255E-05  2.2914758E-05 -7.2705477E-03  0.0000000E+00
  7.8507600E+01 -9.6729289E-05  7.2661866E-05 -2.4572368E-05 -6.9287912E-03  0.0000000E+00
  7.8507600E+01 -9.5328449E-05  6.3739459E-05 -5.3189093E-05 -6.5976427E-03  0.0000000E+00
  7.8507600E+01 -8.5504889E-05  3.9085913E-05  1.6367156E-05 -6.2762938E-03  0.0000000E+00
  7.8507600E+01 -7.4418210E-05 -7.0633978E-06  8.5437921E-05 -5.9621673E-03  0.0000000E+00
  7.8507600E+01 -4.4997765E-05 -5.7736511E-05  9.2313618E-05 -5.6525096E-03  0.0000000E+00
  7.8507600E+01  7.0256551E-06 -8.1616432E-05  4.9906773E-05 -5.3455658E-03  0.0000000E+00
  7.8507600E+01  6.7821130E-05 -6.0862854E-05  2.8950469E-06 -5.0411442E-03  0.0000000E+00
  7.8507600E+01  1.3082350E-04 -1.1195688E-05 -2.6035105E-05 -4.7399191E-03  0.0000000E+00
  7.8507600E+01  2.5099657E-04  3.2265838E-05 -3.0868927E-05 -4.4445822E-03  0.0000000E+00
  7.8507600E+01  2.6890116E-04  6.7128389E-05  4.9943539E-06 -4.1560824E-03  0.0000000E+00
  7.8507600E+01  2.6395613E-04  7.8795388E-05  1.4659823E-05 -3.8754676E-03  0.0000000E+00
  7.8507600E+01  2.2793267E-04  8.6926285E-05  3.6228965E-05 -3.6038094E-03  0.0000000E+00
  7.8507600E+01  1.4611796E-04  9.4768372E-05  7.3464839E-05 -3.3416691E-03  0.0000000E+00
  7.8507600E+01  2.1044389E-01  1.6513618E-02  1.4745356E-01 -4.0125959E-02  0.0000000E+00
  7.8507600E+01  1.5043220E-02  6.9325380E-03 -8.1950370E-03 -4.0853677E-02  0.0000000E+00
  7.8507600E+01 -1.3604327E-02  5.0276280E-03 -2.6945476E-02 -4.1662301E-02  0.0000000E+00
  7.8507600E+01 -1.3535366E-02 -2.4784428E-04 -6.7439986E-03 -4.3031163E-02  0.0000000E+00
  7.8507600E+01 -9.0977321E-03 -3.5515691E-03  8.9620265E-04 -4.4584530E-02  0.0000000E+00
  7.8507600E+01 -7.6650731E-03 -4.3471836E-03  3.9182619E-03 -4.5878057E-02  0.0000000E+00
  7.8507600E+01 -1.1116501E-02 -3.2740689E-03  2.1128487E-03 -4.6699387E-02  0.0000000E+00
  7.8507600E+01 -1.2660495E-02 -1.7966707E-03 -1.8077977E-03 -4.7045745E-02  0.0000000E+00
  7.8507600E+01 -1.3599380E-02  4.0113153E-05 -2.4998575E-03 -4.7016309E-02  0.0000000E+00
  7.8507600E+01 -1.3205358E-02  1.7737753E-03 -3.3013789E-03 -4.6778392E-02  0.0000000E+00
  7.8507600E+01 -4.3317481E-03  2.1415932E-03 -3.5617462E-03 -4.6512402E-02  0.0000000E+00
  7.8507600E+01  5.6399879E-03  1.4745003E-03 -3.0766105E-03 -4.6322717E-02  0.0000000E+00
  7.8507600E+01  7.1839933E-03  1.4065669E-03 -1.6847693E-03 -4.6231914E-02  0.0000000E+00
  7.8507600E+01  5.8501511E-03  1.3963894E-03  3.1738699E-04 -4.6222395E-02  0.0000000E+00
  7.8507600E+01  6.1718845E-03  9.0682926E-04  1.0089863E-03 -4.6250703E-02  0.0000000E+00
  7.8507600E+01  7.0881860E-03  5.5632461E-05  1.3837179E-03 -4.6276363E-02  0.0000000E+00
  7.8507600E+01  5.6632582E-03 -6.0228114E-04  1.4416846E-03 -4.6266091E-02  0.0000000E+00
  7.8507600E+01  4.1805754E-03 -1.0369199E-03  8.2170935E-04 -4.6188701E-02  0.0000000E+00
  7.8507600E+01  3.0193857E-03 -9.7251403E-04  6.2481968E-05 -4.6027830E-02  0.0000000E+00
  7.8507600E+01  2.4885666E-03 -6.5735890E-04 -1.9716277E-04 -4.5785788E-02  0.0000000E+00
  7.8507600E+01  1.9729496E-03 -5.6009737E-04 -6.0520987E-05 -4.5472219E-02  0.0000000E+00
  7.8507600E+01  7.6374878E-04 -3.7714830E-04  1.3010396E-04 -4.5090035E-02  0.0000000E+00
  7.8507600E+01 -3.9256193E-04 -1.4407701E-04  1.1200922E-04 -4.4638415E-02  0.0000000E+00
  7.8507600E+01 -9.3765919E-04 -2.9882116E-05  6.5941045E-05 -4.4111897E-02  0.0000000E+00
  7.8507600E+01 -6.0999366E-04  2.3052749E-05  1.1049599E-04 -4.3507738E-02  0.0000000E+00
  7.8507600E+01  3.3378329E-04  4.6236052E-05  6.2434508E-05 -4.2832050E-02  0.0000000E+00
  7.8507600E+01  1.0133032E-03  3.2791266E-06 -7.1957213E-05 -4.2100687E-02  0.0000000E+00
  7.8507600E+01  7.0454648E-04 -5.1883820E-05  1.2591681E-04 -4.1331011E-02  0.0000000E+00
  7.8507600E+01  1.1355620E-05 -7.2347875E-05  4.0812430E-04 -4.0535399E-02  0.0000000E+00
  7.8507600E+01 -3.4721966E-04 -1.0235609E-04  4.5527013E-04 -3.9714099E-02  0.0000000E+00
  7.8507600E+01 -3.0087208E-04 -2.6057856E-04  1.5524865E-04 -3.8859751E-02  0.0000000E+00
  7.8507600E+01  1.6987192E-04 -5.5851015E-04 -3.3993199E-04 -3.7967119E-02  0.0000000E+00
  7.8507600E+01  7.2528071E-04 -7.7495920E-04 -7.6792626E-04 -3.7038068E-02  0.0000000E+00
  7.8507600E+01  5.8539582E-04 -6.8430069E-04 -9.3100025E-04 -3.6084280E-02  0.0000000E+00
  7.8507600E+01  3.5682690E-04 -2.7960826E-04 -6.7231542E-04 -3.5128119E-02  0.0000000E+00
  7.8507600E+01  4.8101335E-04  1.1189514E-04 -9.3321972E-05 -3.4188207E-02  0.0000000E+00
  7.8507600E+01  4.5023976E-04  3.2506409E-04  3.1460263E-04 -3.3274154E-02  0.0000000E+00
  7.8507600E+01 -1.4007165E-05  4.1473912E-04  2.2147227E-04 -3.2385592E-02  0.0000000E+00
  7.8507600E+01 -1.3217788E-04  4.7640053E-04 -5.0697185E-05 -3.1515865E-02  0.0000000E+00
  7.8507600E+01  8.8256496E-06  4.5288409E-04  1.7437554E-04 -3.0664102E-02  0.0000000E+00
  7.8507600E+01  2.8811476E-04  3.7484997E-04  7.3491195E-06 -2.9832628E-02  0.0000000E+00
  7.8507600E+01  3.4202927E-04  3.2853038E-04 -1.9878107E-06 -2.9025238E-02  0.0000000E+00
  7.8507600E+01  2.1702725E-04  2.4678620E-04  1.1750212E-04 -2.8239455E-02  0.0000000E+00
  7.8507600E+01  3.5006979E-05  1.4042387E-04  7.3261708E-05 -2.7469818E-02  0.0000000E+00
  7.8507600E+01 -1.3822995E-04  9.9714661E-05 -1.2321563E-04 -2.6711430E-02  0.0000000E+00
  7.8507600E+01 -1.5441528E-04  1.6336014E-04 -4.5142169E-05 -2.5962501E-02  0.0000000E+00
  7.8507600E+01 -2.2555791E-04  2.1143901E-04  3.4595424E-04 -2.5223495E-02  0.0000000E+00
  7.8507600E+01 -2.9073932E-04  1.9369437E-04  2.0782692E-04 -2.4493967E-02  0.0000000E+00
  7.8507600E+01 -1.0724764E-04  1.0253712E-04 -7.4988158E-05 -2.3772148E-02  0.0000000E+00
  7.8507600E+01  1.9500372E-04  2.3707023E-06 -3.2130285E-04 -2.3056695E-02  0.0000000E+00
  7.8507600E+01  4.3841107E-04 -5.5203942E-05 -3.9086619E-04 -2.2346690E-02  0.0000000E+00
  7.8507600E+01  4.5800664E-04 -6.6966424E-05 -3.1155260E-04 -2.1641322E-02  0.0000000E+00
  7.8507600E+01  2.3058091E-04 -6.1794910E-05 -1.4796595E-04 -2.0942028E-02  0.0000000E+00
  7.8507600E+01 -3.2938760E-05 -5.5311326E-05  7.5194537E-05 -2.0252189E-02  0.0000000E+00
  7.8507600E+01 -1.6582498E-04 -6.3908468E-06  1.7948228E-04 -1.9574076E-02  0.0000000E+00
  7.8507600E+01 -4.6095885E-05 -3.6986468E-05  8.1779939E-05 -1.8910065E-02  0.0000000E+00
  7.8507600E+01  1.4093568E-04 -1.3607561E-04 -6.6384996E-05 -1.8262276E-02  0.0000000E+00
  7.8507600E+01  1.8079577E-04 -2.2182151E-04 -1.0276421E-04 -1.7630416E-02  0.0000000E+00
  7.8507600E+01  3.5446523E-05 -2.4040265E-04  8.0972833E-06 -1.7013785E-02  0.0000000E+00
  7.8507600E+01 -1.8434923E-04 -1.8932603E-04  1.7146373E-04 -1.6412606E-02  0.0000000E+00
  7.8507600E+01 -2.8065881E-04 -1.0949059E-04  2.5335825E-04 -1.5827521E-02  0.0000000E+00
  7.8507600E+01 -1.5167844E-04 -3.9591509E-05  2.2689479E-04 -1.5259630E-02  0.0000000E+00
  7.8507600E+01 -8.6278334E-05  4.1177420E-05  1.7686980E-04 -1.4710456E-02  0.0000000E+00
  7.8507600E+01 -1.4026188E-04  1.0818857E-04  5.2605790E-05 -1.4179419E-02  0.0000000E+00
  7.8507600E+01 -2.3510522E-04  1.6564065E-04 -5.8014299E-05 -1.3666008E-02  0.0000000E+00
  7.8507600E+01 -2.2995120E-04  1.9500961E-04 -1.5606333E-04 -1.3170961E-02  0.0000000E+00
  7.8507600E+01 -8.7054214E-05  1.8937308E-04 -2.2015715E-04 -1.2695086E-02  0.0000000E+00
  7.8507600E+01  1.0880691E-04  1.6356538E-04 -2.1120684E-04 -1.2238056E-02  0.0000000E+00
  7.8507600E+01  2.5072793E-04  1.3997305E-04 -1.1964016E-04 -1.1798495E-02  0.0000000E+00
  7.8507600E+01  3.0535992E-04  1.2903409E-04 -1.2548620E-06 -1.1374428E-02  0.0000000E+00
  7.8507600E+01  2.8726819E-04  1.1976468E-04  6.5954472E-05 -1.0963099E-02  0.0000000E+00
  7.8507600E+01  2.0176624E-04  1.0753621E-04  1.3196628E-04 -1.0561374E-02  0.0000000E+00
  7.8507600E+01  1.2267575E-04  1.0434085E-04  1.4110743E-04 -1.0167681E-02  0.0000000E+00
  7.8507600E+01  2.5133302E-05  1.0159899E-04  7.4346391E-05 -9.7818935E-03  0.0000000E+00
  7.8507600E+01 -1.0284615E-04  9.3544410E-05 -2.3902307E-05 -9.4048606E-03  0.0000000E+00
  7.8507600E+01 -2.1384923E-04  8.0527695E-05 -8.1230281E-05 -9.0375909E-03  0.0000000E+00
  7.8507600E+01 -2.5153949E-04  6.6366283E-05 -5.1876364E-05 -8.6807808E-03  0.0000000E+00
  7.8507600E+01 -2.2331850E-04  5.3493734E-05  3.3424212E-05 -8.3345891E-03  0.0000000E+00
  7.8507600E+01 -2.2037280E-04  3.9660846E-05  4.6351319E-05 -7.9985556E-03  0.0000000E+00
  7.8507600E+01 -2.4377002E-04  5.1681764E-05  4.4641183E-06 -7.6719401E-03  0.0000000E+00
  7.8507600E+01 -2.7449146E-04  5.7239389E-05 -2.4699330E-06 -7.3539923E-03  0.0000000E+00
  7.8507600E+01 -2.5792899E-04  4.2739072E-05 -1.2756539E-05 -7.0441188E-03  0.0000000E+00
  7.8507600E+01 -1.7360995E-04  2.6101075E-05 -1.7885735E-05 -6.7410526E-03  0.0000000E+00
  7.8507600E+01 -6.7802890E-05  2.6270126E-05  8.4867133E-07 -6.4431376E-03  0.0000000E+00
  7.8507600E+01 -1.5493041E-06  4.7202231E-05  5.0330416E-05 -6.1489791E-03  0.0000000E+00
  7.8507600E+01  1.1130230E-05  7.4557450E-05  1.1087586E-04 -5.8581115E-03  0.0000000E+00
  7.8507600E+01  6.2402892E-06  8.6241281E-05  1.2542539E-04 -5.5713775E-03  0.0000000E+00
  7.8507600E+01 -6.9078304E-06  7.7563994E-05  2.0881552E-05 -5.2903883E-03  0.0000000E+00
  7.8507600E+01 -2.1355443E-05  6.3170016E-05 -2.6501475E-05 -5.0160378E-03  0.0000000E+00
  7.8507600E+01 -3.3898443E-05  4.8075377E-05 -1.7718231E-05 -4.7476455E-03  0.0000000E+00
  7.8507600E+01 -5.3276633E-05  2.0847396E-05 -2.0646462E-06 -4.4840642E-03  0.0000000E+00
  7.8507600E+01 -6.5014431E-05 -1.4450590E-05  2.4535954E-06 -4.2243749E-03  0.0000000E+00
  7.8507600E+01 -3.3472222E-05 -3.7264573E-05 -4.0549195E-07 -3.9680133E-03  0.0000000E+00
  7.8507600E+01  4.4634570E-05 -3.1138599E-05 -2.2878757E-06 -3.7149918E-03  0.0000000E+00
  7.8507600E+01  1.1501542E-04 -2.0392608E-06  1.0253098E-06 -3.4659261E-03  0.0000000E+00
  7.8507600E+01  1.4865468E-04  2.9435112E-05  2.5401348E-05 -3.2215809E-03  0.0000000E+00
  7.8507600E+01  1.9299885E-04  5.7648223E-05  6.3667444E-05 -2.9827875E-03  0.0000000E+00
  7.8507600E+01  1.4557705E-04  6.8252365E-05  6.2570436E-05 -2.7502472E-03  0.0000000E+00
  7.8507600E+01  1.0191778E-04  7.5157793E-05  6.0382299E-05 -2.5248507E-03  0.0000000E+00
  7.8507600E+01  7.3590456E-05  8.3949091E-05  6.6710921E-05 -2.3072937E-03  0.0000000E+00
  7.8507600E+01  3.1812098E-02  2.4954677E-03  2.8909830E-02 -1.9789139E-02  0.0000000E+00
  7.8507600E+01  2.2882693E-03  1.6026265E-03  1.2971838E-03 -1.9838984E-02  0.0000000E+00
  7.8507600E+01 -6.4021089E-03  1.3562204E-03 -4.9097727E-03 -2.0345442E-02  0.0000000E+00
  7.8507600E+01 -4.3540812E-03  1.9792810E-04 -3.9049535E-03 -2.1470486E-02  0.0000000E+00
  7.8507600E+01  4.3461257E-04 -3.5700187E-04 -1.2945343E-03 -2.3050482E-02  0.0000000E+00
  7.8507600E+01  4.3685163E-03  4.7751589E-04  1.1220251E-03 -2.4790262E-02  0.0000000E+00
  7.8507600E+01  6.8921962E-03  1.7055340E-03  2.5332357E-03 -2.6434163E-02  0.0000000E+00
  7.8507600E+01  8.5667423E-03  2.0802904E-03  2.6781411E-03 -2.7833531E-02  0.0000000E+00
  7.8507600E+01  9.3198684E-03  1.1159014E-03  1.3989419E-03 -2.8928617E-02  0.0000000E+00
  7.8507600E+01  5.5158496E-03 -3.3538376E-04  1.9196076E-03 -2.9700448E-02  0.0000000E+00
  7.8507600E+01  2.8884244E-03 -1.1268919E-03  1.1444362E-03 -3.0162070E-02  0.0000000E+00
  7.8507600E+01  1.1411708E-03 -1.2141136E-03 -1.8999240E-03 -3.0365681E-02  0.0000000E+00
  7.8507600E+01 -1.7381863E-03 -1.5082794E-03 -1.7111844E-03 -3.0365879E-02  0.0000000E+00
  7.8507600E+01 -3.0781787E-03 -1.8020102E-03 -1.8800405E-04 -3.0193392E-02  0.0000000E+00
  7.8507600E+01 -5.4711614E-03 -1.3191475E-03 -2.0208946E-05 -2.9855732E-02  0.0000000E+00
  7.8507600E+01 -6.5139926E-03 -5.3284623E-04  1.3106670E-03 -2.9340875E-02  0.0000000E+00
  7.8507600E+01 -5.9699873E-03 -3.4183701E-04  2.2387148E-03 -2.8633105E-02  0.0000000E+00
  7.8507600E+01 -7.1642069E-03 -6.2354858E-04 -1.3341494E-03 -2.7733295E-02  0.0000000E+00
  7.8507600E+01 -8.8597415E-03 -6.0514059E-04 -2.1691067E-03 -2.6671445E-02  0.0000000E+00
  7.8507600E+01 -1.0207483E-02  1.1171263E-03  7.4236569E-04 -2.5512959E-02  0.0000000E+00
  7.8507600E+01 -8.9772097E-03  2.2384944E-03 -1.4505700E-03 -2.4338272E-02  0.0000000E+00
  7.8507600E+01 -6.1895161E-03  1.2149591E-03 -2.5035058E-03 -2.3236676E-02  0.0000000E+00
  7.8507600E+01 -3.6542847E-03  1.2960059E-05 -2.0687786E-03 -2.2283771E-02  0.0000000E+00
  7.8507600E+01  9.1746686E-04  3.2849862E-04 -1.9640740E-04 -2.1527343E-02  0.0000000E+00
  7.8507600E+01  3.4247226E-03  1.1873707E-03  1.3090148E-03 -2.0970115E-02  0.0000000E+00
  7.8507600E+01  5.4682256E-03  1.1106909E-03  1.2811724E-03 -2.0597041E-02  0.0000000E+00
  7.8507600E+01  3.6451932E-03  3.8134759E-04  4.6866572E-04 -2.0361592E-02  0.0000000E+00
  7.8507600E+01  1.9859567E-03  6.6728035E-05  1.1086513E-04 -2.0215290E-02  0.0000000E+00
  7.8507600E+01  1.4459552E-03 -4.2695529E-05 -8.9628611E-05 -2.0120178E-02  0.0000000E+00
  7.8507600E+01  1.7296977E-03 -3.5301225E-04  1.9836810E-04 -2.0048991E-02  0.0000000E+00
  7.8507600E+01  1.2152144E-03 -7.0592532E-04  5.1001142E-04 -1.9988938E-02  0.0000000E+00
  7.8507600E+01 -3.8810411E-05 -7.1707895E-04  6.5032683E-04 -1.9922145E-02  0.0000000E+00
  7.8507600E+01 -2.9001094E-04 -4.8144400E-04  7.2790050E-04 -1.9830603E-02  0.0000000E+00
  7.8507600E+01 -2.0246287E-04 -4.6025679E-04  5.4444175E-04 -1.9699833E-02  0.0000000E+00
  7.8507600E+01  3.5123122E-05 -5.2322355E-04  2.3819918E-04 -1.9521851E-02  0.0000000E+00
  7.8507600E+01  3.4470013E-04 -4.8143889E-04  2.8705204E-05 -1.9305156E-02  0.0000000E+00
  7.8507600E+01  6.7768167E-04 -3.2770299E-04 -6.0383597E-05 -1.9063894E-02  0.0000000E+00
  7.8507600E+01  8.2184017E-04 -1.7290692E-04 -7.4255430E-05 -1.8804863E-02  0.0000000E+00
  7.8507600E+01  5.9423131E-04 -1.3784370E-04  6.3376806E-05 -1.8528659E-02  0.0000000E+00
  7.8507600E+01  5.6936210E-06 -2.8978609E-04  1.5888483E-04 -1.8234052E-02  0.0000000E+00
  7.8507600E+01 -3.8689470E-04 -4.0413715E-04  2.4855913E-05 -1.7916888E-02  0.0000000E+00
  7.8507600E+01 -5.5780743E-04 -3.8079545E-04 -6.4885850E-05 -1.7572811E-02  0.0000000E+00
  7.8507600E+01 -3.8368183E-04 -2.5573852E-04  1.1035292E-05 -1.7198664E-02  0.0000000E+00
  7.8507600E+01  1.7635767E-04 -1.6832140E-04  1.8315411E-05 -1.6796193E-02  0.0000000E+00
  7.8507600E+01  7.6906412E-04 -2.1118409E-04 -1.8573713E-04 -1.6374364E-02  0.0000000E+00
  7.8507600E+01  7.9743010E-04 -3.1657012E-04 -2.9432726E-04 -1.5942828E-02  0.0000000E+00
  7.8507600E+01  3.6664515E-04 -3.6220989E-04 -1.5585490E-04 -1.5508916E-02  0.0000000E+00
  7.8507600E+01  4.0120172E-05 -4.0979594E-04 -9.7359098E-05 -1.5079910E-02  0.0000000E+00
  7.8507600E+01 -2.3787041E-04 -4.6246032E-04 -2.2980529E-04 -1.4659181E-02  0.0000000E+00
  7.8507600E+01 -4.1165230E-04 -3.7311673E-04 -1.5579087E-04 -1.4251705E-02  0.0000000E+00
  7.8507600E+01 -5.2362044E-04 -2.1874660E-04  1.5025939E-04 -1.3856054E-02  0.0000000E+00
  7.8507600E+01 -4.9592592E-04 -1.3112028E-04  3.3378813E-04 -1.3469364E-02  0.0000000E+00
  7.8507600E+01 -2.5448267E-04 -9.3816019E-05  2.4642520E-04 -1.3091038E-02  0.0000000E+00
  7.8507600E+01  8.2632420E-06  5.1346192E-05  2.4606373E-04 -1.2719076E-02  0.0000000E+00
  7.8507600E+01  1.1954035E-04  2.0245476E-04  2.7562569E-04 -1.2350427E-02  0.0000000E+00
  7.8507600E+01  3.1095147E-04  2.3678275E-04  1.9689942E-04 -1.1982841E-02  0.0000000E+00
  7.8507600E+01  2.6102933E-04  1.4952642E-04 -1.1735330E-05 -1.1613438E-02  0.0000000E+00
  7.8507600E+01  3.2140144E-04  3.5933049E-05 -1.7000526E-04 -1.1243287E-02  0.0000000E+00
  7.8507600E+01  5.8642022E-04 -2.7543930E-05 -1.8853306E-04 -1.0873117E-02  0.0000000E+00
  7.8507600E+01  8.0815013E-04 -2.6756648E-05 -1.6016830E-04 -1.0498706E-02  0.0000000E+00
  7.8507600E+01  7.3900533E-04  2.5463932E-05 -1.7113260E-04 -1.0119520E-02  0.0000000E+00
  7.8507600E+01  4.2563198E-04  1.1456332E-04 -1.6663346E-04 -9.7375268E-03  0.0000000E+00
  7.8507600E+01  2.3026986E-04  1.7124694E-04 -9.8447852E-05 -9.3594361E-03  0.0000000E+00
  7.8507600E+01  1.7459368E-04  1.1156142E-04 -5.7605949E-05 -8.9923365E-03  0.0000000E+00
  7.8507600E+01  1.2151577E-04  2.6752371E-05 -3.8827793E-05 -8.6368557E-03  0.0000000E+00
  7.8507600E+01  1.2230379E-04 -3.1087943E-05 -4.9431453E-07 -8.2913656E-03  0.0000000E+00
  7.8507600E+01  1.1790747E-04 -5.6026398E-05  6.2455196E-05 -7.9557904E-03  0.0000000E+00
  7.8507600E+01  8.0041076E-06 -5.9383193E-05  1.2707694E-04 -7.6290346E-03  0.0000000E+00
  7.8507600E+01 -2.1028340E-04 -4.8290888E-05  1.6612497E-04 -7.3104865E-03  0.0000000E+00
  7.8507600E+01 -3.6011264E-04 -2.0589997E-05  1.8702741E-04 -7.0014788E-03  0.0000000E+00
  7.8507600E+01 -3.0921379E-04  1.3721697E-05  2.2856940E-04 -6.7022071E-03  0.0000000E+00
  7.8507600E+01 -3.5472831E-04  4.8177045E-05  1.3115268E-04 -6.4140194E-03  0.0000000E+00
  7.8507600E+01 -3.7156980E-04  8.1474662E-05  2.7704544E-05 -6.1366086E-03  0.0000000E+00
  7.8507600E+01 -3.2065618E-04  1.0308443E-04 -4.1404164E-05 -5.8702078E-03  0.0000000E+00
  7.8507600E+01 -1.8943017E-04  1.1131009E-04 -8.2807443E-05 -5.6152819E-03  0.0000000E+00
  7.8507600E+01 -3.0908902E-05  1.0741248E-04 -1.0859711E-04 -5.3691324E-03  0.0000000E+00
  7.8507600E+01  1.0389465E-04  9.5969093E-05 -1.0608413E-04 -5.1293189E-03  0.0000000E+00
  7.8507600E+01  2.2147039E-04  8.4305555E-05 -4.2255495E-05 -4.8965073E-03  0.0000000E+00
  7.8507600E+01  3.1399584E-04  7.2458158E-05  7.6565528E-05 -4.6704407E-03  0.0000000E+00
  7.8507600E+01  2.2364248E-04  5.4904387E-05  5.0853015E-05 -4.4504182E-03  0.0000000E+00
  7.8507600E+01  1.0606798E-04  2.7232763E-05 -5.0472531E-06 -4.2364782E-03  0.0000000E+00
  7.8507600E+01 -6.6969384E-05  6.1181779E-06 -3.6516542E-05 -4.0277193E-03  0.0000000E+00
  7.8507600E+01 -2.4230592E-04  4.2376021E-06 -3.0551379E-05 -3.8241349E-03  0.0000000E+00
  7.8507600E+01 -3.3090134E-04  2.1799936E-05  1.8025042E-06 -3.6248492E-03  0.0000000E+00
  7.8507600E+01 -2.9114953E-04  4.9490816E-05  3.3874658E-05 -3.4293470E-03  0.0000000E+00
  7.8507600E+01 -1.8417708E-04  7.4895394E-05  3.4978256E-05 -3.2381476E-03  0.0000000E+00
  7.8507600E+01 -1.4448981E-04  8.8357715E-05 -1.6705372E-05 -3.0506725E-03  0.0000000E+00
  7.8507600E+01 -1.8726319E-04  9.5633780E-05 -4.5391873E-05 -2.8664405E-03  0.0000000E+00
  7.8507600E+01 -2.1530599E-04  7.8307070E-05 -3.6322269E-05 -2.6863550E-03  0.0000000E+00
  7.8507600E+01 -1.6519672E-04  4.9584777E-05 -2.7779060E-05 -2.5096850E-03  0.0000000E+00
  7.8507600E+01 -6.8433981E-05  4.3715140E-05  3.7692556E-05 -2.3353402E-03  0.0000000E+00
  7.8507600E+01  3.6906607E-06  5.8040837E-05  1.2390089E-04 -2.1625602E-03  0.0000000E+00
  7.8507600E+01  2.8798470E-05  6.9321976E-05  1.5825134E-04 -1.9892432E-03  0.0000000E+00
  7.8507600E+01  3.5972483E-05  6.1911871E-05  1.0195919E-04 -1.8154332E-03  0.0000000E+00
  7.8507600E+01  6.2263553E-05  4.7745362E-05 -4.6000777E-06 -1.6417402E-03  0.0000000E+00
  7.8507600E+01  9.8589440E-05  5.7813974E-05 -6.3395924E-05 -1.4687263E-03  0.0000000E+00
  7.8507600E+01  4.5312545E-05  7.3992892E-05 -8.8063206E-05 -1.2987228E-03  0.0000000E+00
  7.8507600E+01 -2.2449292E-05  7.2254645E-05 -5.0619910E-05 -1.1317359E-03  0.0000000E+00
  7.8507600E+01 -5.1959226E-05  4.4419242E-05 -1.0325750E-05 -9.6825575E-04  0.0000000E+00
  7.8507600E+01 -2.7472648E-05  8.9516052E-06  2.4463663E-05 -8.0805832E-04  0.0000000E+00
  7.8507600E+01  3.1028859E-01  9.3025021E-03  2.4756998E-01  1.1998634E-02  0.0000000E+00
  7.8507600E+01 -3.0044949E-02  1.3631239E-02 -3.2532271E-02  1.1357214E-02  0.0000000E+00
  7.8507600E+01 -2.1304770E-02  8.0964302E-03 -3.6842196E-02  1.0100489E-02  0.0000000E+00
  7.8507600E+01 -6.0550710E-03  2.6045576E-03 -6.9636832E-03  7.7756650E-03  0.0000000E+00
  7.8507600E+01 -1.4308353E-03 -6.5886404E-04  2.0070978E-03  5.0575948E-03  0.0000000E+00
  7.8507600E+01 -3.8438642E-04 -2.3217287E-03  4.9897770E-04  2.4532430E-03  0.0000000E+00
  7.8507600E+01 -9.2561023E-04 -3.3047076E-03 -1.3169174E-03  1.8948619E-04  0.0000000E+00
  7.8507600E+01  1.7974499E-04 -3.3355048E-03 -4.0016114E-04 -1.6316991E-03  0.0000000E+00
  7.8507600E+01 -4.0101465E-03 -4.5197486E-03 -2.3059932E-03 -2.9580123E-03  0.0000000E+00
  7.8507600E+01 -4.0552549E-03 -4.5068106E-03 -4.1801868E-03 -3.8015370E-03  0.0000000E+00
  7.8507600E+01 -2.7424831E-03 -3.3085523E-03 -3.2431909E-03 -4.2047056E-03  0.0000000E+00
  7.8507600E+01 -6.5823130E-03 -3.1523387E-03  4.6386985E-04 -4.2224714E-03  0.0000000E+00
  7.8507600E+01 -6.2586390E-03 -2.1594116E-03  1.0789555E-03 -3.9420587E-03  0.0000000E+00
  7.8507600E+01 -5.6846473E-03 -1.5146391E-03 -4.2764310E-04 -3.4536538E-03  0.0000000E+00
  7.8507600E+01 -9.5923914E-03 -1.9062382E-03 -1.1420818E-03 -2.8097811E-03  0.0000000E+00
  7.8507600E+01 -1.4257306E-02 -2.5162983E-03 -2.6071289E-03 -2.0414392E-03  0.0000000E+00
  7.8507600E+01 -9.6014363E-03 -2.4124710E-03 -1.1543838E-03 -1.1733660E-03  0.0000000E+00
  7.8507600E+01 -5.0558428E-05 -1.5132242E-03  4.9771152E-04 -2.3142307E-04  0.0000000E+00
  7.8507600E+01  3.4144357E-03  2.3436147E-04  9.1308983E-04  7.2298837E-04  0.0000000E+00
  7.8507600E+01 -1.1133778E-03  1.2198646E-03  5.8496585E-04  1.5831375E-03  0.0000000E+00
  7.8507600E+01  6.0029077E-04  8.7107814E-04 -1.1309799E-04  2.2801207E-03  0.0000000E+00
  7.8507600E+01  3.0798595E-03  3.6843742E-04  2.8744407E-05  2.8229205E-03  0.0000000E+00
  7.8507600E+01  3.2896882E-03  4.4004764E-04  6.5824617E-04  3.2384694E-03  0.0000000E+00
  7.8507600E+01  2.5750631E-03  7.5284563E-04  1.0126544E-03  3.5335471E-03  0.0000000E+00
  7.8507600E+01  1.0808707E-03  8.0193297E-04  3.7701227E-04  3.7027554E-03  0.0000000E+00
  7.8507600E+01  1.3177657E-03  5.5665337E-04  3.7082644E-04  3.7507337E-03  0.0000000E+00
  7.8507600E+01  3.5367608E-03  4.1529093E-04  1.3173520E-03  3.7109579E-03  0.0000000E+00
  7.8507600E+01  3.7179623E-03  3.2720730E-04  5.2979896E-04  3.6331225E-03  0.0000000E+00
  7.8507600E+01  2.4875371E-03  6.6667657E-05  2.6836052E-05  3.5438871E-03  0.0000000E+00
  7.8507600E+01  1.6099260E-03 -3.8574485E-04  4.0670094E-04  3.4519138E-03  0.0000000E+00
  7.8507600E+01  6.1919323E-04 -7.4191693E-04  8.2895813E-04  3.3601969E-03  0.0000000E+00
  7.8507600E+01 -5.4906446E-04 -6.8549873E-04  5.5572091E-04  3.2696591E-03  0.0000000E+00
  7.8507600E+01 -5.7465749E-04 -4.3662443E-04 -1.6708621E-05  3.1735595E-03  0.0000000E+00
  7.8507600E+01 -3.0778519E-04 -2.8656402E-04 -1.0805217E-04  3.0680939E-03  0.0000000E+00
  7.8507600E+01  1.0504066E-04 -2.1713261E-04  8.7302420E-05  2.9537677E-03  0.0000000E+00
  7.8507600E+01  2.1068906E-04 -2.0427899E-04  3.0770508E-04  2.8327914E-03  0.0000000E+00
  7.8507600E+01 -1.1730923E-04 -1.4151578E-04  2.6449850E-04  2.7093444E-03  0.0000000E+00
  7.8507600E+01 -5.9866662E-04  1.8652020E-05 -2.6143440E-05  2.5886050E-03  0.0000000E+00
  7.8507600E+01 -7.5668510E-04  1.4824162E-04 -3.0040842E-05  2.4731140E-03  0.0000000E+00
  7.8507600E+01 -2.7782704E-04  1.3539585E-04  2.0706827E-04  2.3671157E-03  0.0000000E+00
  7.8507600E+01  3.0036972E-04  1.5748998E-05  2.4405880E-04  2.2792972E-03  0.0000000E+00
  7.8507600E+01  6.3759719E-04 -7.0761223E-06  2.4200202E-04  2.2189801E-03  0.0000000E+00
  7.8507600E+01  5.5019772E-04  1.0716465E-04  1.3914628E-04  2.1854273E-03  0.0000000E+00
  7.8507600E+01  2.2476307E-04  2.5904833E-04  4.0404618E-05  2.1714552E-03  0.0000000E+00
  7.8507600E+01 -7.0052546E-05  3.4590867E-04 -2.0666395E-05  2.1672724E-03  0.0000000E+00
  7.8507600E+01 -3.0879395E-04  3.5605465E-04 -1.7823375E-04  2.1641012E-03  0.0000000E+00
  7.8507600E+01 -4.8228892E-04  3.3554870E-04 -5.0136158E-04  2.1559230E-03  0.0000000E+00
  7.8507600E+01 -4.8946202E-04  2.8300741E-04 -5.3554300E-04  2.1396773E-03  0.0000000E+00
  7.8507600E+01 -5.8942276E-04  1.5595036E-04 -2.1878884E-04  2.1174136E-03  0.0000000E+00
  7.8507600E+01 -3.6041345E-04 -1.4295774E-05  1.6131534E-04  2.0948303E-03  0.0000000E+00
  7.8507600E+01  7.3198356E-05 -1.2319641E-04  3.4998712E-04  2.0798154E-03  0.0000000E+00
  7.8507600E+01  3.1533984E-04 -1.1636850E-04  3.5474286E-04  2.0777153E-03  0.0000000E+00
  7.8507600E+01  1.7624170E-04 -3.6504720E-05  2.9755901E-04  2.0882385E-03  0.0000000E+00
  7.8507600E+01 -7.5850396E-05  1.1126687E-05  1.8579762E-04  2.1058366E-03  0.0000000E+00
  7.8507600E+01  5.3029281E-05  9.0283987E-06 -2.4852893E-05  2.1235788E-03  0.0000000E+00
  7.8507600E+01  3.6616062E-04  2.0557340E-05 -1.1490861E-04  2.1374003E-03  0.0000000E+00
  7.8507600E+01  4.5540127E-04  3.2314615E-05 -1.3723696E-04  2.1477081E-03  0.0000000E+00
  7.8507600E+01  4.6581136E-04  4.4946192E-05 -1.0341730E-04  2.1576058E-03  0.0000000E+00
  7.8507600E+01  5.1821775E-04  5.1686822E-05 -4.0465307E-05  2.1705554E-03  0.0000000E+00
  7.8507600E+01  5.6122823E-04  4.8552274E-05 -3.8914185E-06  2.1887989E-03  0.0000000E+00
  7.8507600E+01  4.7084615E-04  4.3399532E-05 -2.8219771E-05  2.2126444E-03  0.0000000E+00
  7.8507600E+01  1.8143183E-04  5.2791455E-05 -5.9425308E-05  2.2393409E-03  0.0000000E+00
  7.8507600E+01 -1.8125735E-05  7.8583937E-05  3.1385778E-05  2.2633608E-03  0.0000000E+00
  7.8507600E+01 -1.4747569E-04  1.2400733E-04  5.9827045E-05  2.2818667E-03  0.0000000E+00
  7.8507600E+01 -2.6893565E-04  1.3958653E-04  6.9439161E-05  2.2952288E-03  0.0000000E+00
  7.8507600E+01 -2.6943338E-04  1.1399321E-04  8.7843912E-05  2.3040153E-03  0.0000000E+00
  7.8507600E+01 -1.3840817E-04  6.6255739E-05  1.1659356E-04  2.3092157E-03  0.0000000E+00
  7.8507600E+01  4.8757761E-05  2.4271971E-05  1.4227577E-04  2.3119995E-03  0.0000000E+00
  7.8507600E+01  1.5323589E-04  9.1376676E-06  1.3136446E-04  2.3128518E-03  0.0000000E+00
  7.8507600E+01  7.3839288E-05  2.2635241E-05  5.9776058E-05  2.3114254E-03  0.0000000E+00
  7.8507600E+01 -7.6594244E-05  3.7664439E-05  1.2376538E-05  2.3078471E-03  0.0000000E+00
  7.8507600E+01 -2.6231752E-04  5.4886886E-05  4.8064737E-05  2.3013827E-03  0.0000000E+00
  7.8507600E+01 -2.7447822E-04  8.9850590E-05  9.5842086E-05  2.2924661E-03  0.0000000E+00
  7.8507600E+01 -1.4418555E-04  1.3546497E-04  8.9329105E-05  2.2838555E-03  0.0000000E+00
  7.8507600E+01  6.2590062E-06  1.7149799E-04  2.1420957E-05  2.2786074E-03  0.0000000E+00
  7.8507600E+01  8.7745748E-05  1.8160915E-04 -6.1911169E-05  2.2777318E-03  0.0000000E+00
  7.8507600E+01  1.2290688E-04  1.6427852E-04 -1.0040939E-04  2.2800789E-03  0.0000000E+00
  7.8507600E+01  2.0069516E-04  1.3263699E-04 -6.9957008E-05  2.2836084E-03  0.0000000E+00
  7.8507600E+01  2.3948871E-04  1.0066678E-04 -2.8208260E-05  2.2868438E-03  0.0000000E+00
  7.8507600E+01  1.1369422E-04  6.1840695E-05 -1.4610538E-05  2.2883933E-03  0.0000000E+00
  7.8507600E+01  1.2202980E-05  1.7525147E-05 -2.8336636E-07  2.2876578E-03  0.0000000E+00
  7.8507600E+01 -1.1920487E-04 -1.9766501E-05 -4.5697934E-06  2.2845472E-03  0.0000000E+00
  7.8507600E+01 -2.0445760E-04 -2.7309328E-05 -1.1471766E-05  2.2803617E-03  0.0000000E+00
  7.8507600E+01 -2.0313636E-04  7.4168069E-07  7.0977781E-06  2.2771702E-03  0.0000000E+00
  7.8507600E+01 -1.5523187E-04  4.9596718E-05  5.2207291E-05  2.2770238E-03  0.0000000E+00
  7.8507600E+01 -1.3867128E-04  9.4505690E-05  7.6019298E-05  2.2813112E-03  0.0000000E+00
  7.8507600E+01 -1.8569277E-04  1.1443680E-04  1.1170507E-05  2.2901682E-03  0.0000000E+00
  7.8507600E+01 -1.4934359E-04  1.0693721E-04 -6.1393644E-05  2.3024558E-03  0.0000000E+00
  7.8507600E+01 -1.2630209E-04  9.4573681E-05 -4.3428176E-05  2.3170769E-03  0.0000000E+00
  7.8507600E+01 -1.1447071E-04  7.2868546E-05  8.9455098E-06  2.3338635E-03  0.0000000E+00
  7.8507600E+01 -6.2837993E-05  4.2462484E-05  7.4809506E-05  2.3525499E-03  0.0000000E+00
  7.8507600E+01  4.2416508E-06  7.7192164E-06  1.0917528E-04  2.3734431E-03  0.0000000E+00
  7.8507600E+01  6.4257097E-05 -2.1665064E-05  8.7921222E-05  2.3978564E-03  0.0000000E+00
  7.8507600E+01  1.0380535E-04 -3.2460196E-05  2.0268285E-05  2.4269312E-03  0.0000000E+00
  7.8507600E+01  1.0624623E-04 -1.4584470E-05 -5.8368981E-05  2.4605754E-03  0.0000000E+00
  7.8507600E+01  6.8445083E-05  2.6529180E-05 -1.0218016E-04  2.4971566E-03  0.0000000E+00
  7.8507600E+01  7.6769866E-06  5.9948739E-05 -7.7631269E-05  2.5339863E-03  0.0000000E+00
  7.8507600E+01 -2.1103300E-05  8.3031265E-05 -1.0773133E-05  2.5696790E-03  0.0000000E+00
  7.8507600E+01 -2.1517461E-05  9.1395431E-05  4.0833737E-05  2.6038213E-03  0.0000000E+00
  7.8507600E+01 -1.9550987E-05  8.8895180E-05  6.4957162E-05  2.6373545E-03  0.0000000E+00
  7.8507600E+01  9.4855103E-02  1.1319005E-07  8.9326610E-02  4.8242786E-02  0.0000000E+00
  7.8507600E+01 -2.8196323E-02  4.8130915E-03 -2.3692527E-03  4.7768085E-02  0.0000000E+00
  7.8507600E+01 -1.2332868E-02  5.3983480E-03 -1.8885880E-02  4.5265239E-02  0.0000000E+00
  7.8507600E+01  9.3654638E-03  1.5668821E-03 -9.9566067E-03  4.1609987E-02  0.0000000E+00
  7.8507600E+01  8.7144838E-03 -9.4871307E-04 -4.7181479E-03  3.8142755E-02  0.0000000E+00
  7.8507600E+01  1.0825252E-03 -1.1950959E-03 -1.8714489E-03  3.5424483E-02  0.0000000E+00
  7.8507600E+01 -3.3535436E-03 -4.3001766E-04  6.3852084E-04  3.3432362E-02  0.0000000E+00
  7.8507600E+01 -2.5585087E-03  3.3331660E-04  2.0952055E-03  3.1914839E-02  0.0000000E+00
  7.8507600E+01 -2.1033390E-03  4.2701838E-04  1.4094968E-03  3.0676373E-02  0.0000000E+00
  7.8507600E+01 -1.3362604E-03 -2.7046778E-04 -4.3419575E-04  2.9628836E-02  0.0000000E+00
  7.8507600E+01  1.7672920E-04 -4.1832303E-04 -1.6465546E-04  2.8713536E-02  0.0000000E+00
  7.8507600E+01  3.2828768E-03  3.5014392E-05  8.4689775E-04  2.7882565E-02  0.0000000E+00
  7.8507600E+01  2.9308749E-03 -2.3457825E-04  1.3105003E-03  2.7119706E-02  0.0000000E+00
  7.8507600E+01 -1.3303477E-03 -1.6561839E-03  2.3035168E-03  2.6437108E-02  0.0000000E+00
  7.8507600E+01 -6.4818226E-03 -3.0240724E-03  1.1890914E-03  2.5855126E-02  0.0000000E+00
  7.8507600E+01 -4.8836540E-03 -2.9428455E-03 -1.3756613E-03  2.5411021E-02  0.0000000E+00
  7.8507600E+01 -1.3218992E-03 -2.2181602E-03 -2.4807906E-03  2.5110641E-02  0.0000000E+00
  7.8507600E+01 -1.2543623E-03 -1.6750977E-03 -2.1690537E-03  2.4894124E-02  0.0000000E+00
  7.8507600E+01 -3.3504411E-03 -1.1648696E-03  5.4660415E-04  2.4752942E-02  0.0000000E+00
  7.8507600E+01 -2.8525707E-03 -9.0004310E-04  1.1273806E-03  2.4754529E-02  0.0000000E+00
  7.8507600E+01 -2.0168452E-03 -1.0797589E-03 -4.9282979E-04  2.4941763E-02  0.0000000E+00
  7.8507600E+01 -1.4318338E-03 -9.8876069E-04 -4.8168335E-04  2.5297118E-02  0.0000000E+00
  7.8507600E+01 -3.5586519E-03 -4.2729778E-04  4.9303236E-04  2.5769301E-02  0.0000000E+00
  7.8507600E+01 -6.4524080E-03 -3.4027595E-04  2.7025306E-04  2.6280456E-02  0.0000000E+00
  7.8507600E+01 -7.0791826E-03 -5.7379286E-04 -7.7233888E-06  2.6783975E-02  0.0000000E+00
  7.8507600E+01 -5.2276685E-03 -4.6670553E-05 -3.5249827E-04  2.7255248E-02  0.0000000E+00
  7.8507600E+01 -3.8904315E-03  3.0347595E-04 -1.3283119E-03  2.7669272E-02  0.0000000E+00
  7.8507600E+01 -1.3634060E-03 -1.8994595E-04 -3.9803377E-04  2.7986015E-02  0.0000000E+00
  7.8507600E+01 -4.1593161E-04 -4.0661117E-04  7.3707015E-04  2.8185019E-02  0.0000000E+00
  7.8507600E+01  2.1031588E-05 -3.5106383E-05  1.0367931E-03  2.8280319E-02  0.0000000E+00
  7.8507600E+01  1.5598765E-03  7.6791952E-05  7.8270495E-04  2.8270220E-02  0.0000000E+00
  7.8507600E+01  2.9611052E-03 -2.1432862E-04  3.0524837E-05  2.8122950E-02  0.0000000E+00
  7.8507600E+01  2.5368809E-03  8.0754631E-07  3.8189292E-04  2.7819589E-02  0.0000000E+00
  7.8507600E+01  3.8005735E-03  2.1948170E-04  6.7152075E-04  2.7392393E-02  0.0000000E+00
  7.8507600E+01  2.9131666E-03  1.1120867E-04  1.4365418E-03  2.6893861E-02  0.0000000E+00
  7.8507600E+01  1.7053643E-03 -4.5997550E-05  1.7089665E-03  2.6357116E-02  0.0000000E+00
  7.8507600E+01  6.6211049E-04  1.5178052E-05  1.1870960E-03  2.5801026E-02  0.0000000E+00
  7.8507600E+01 -2.4173640E-04  2.5838918E-04  4.0586618E-04  2.5231275E-02  0.0000000E+00
  7.8507600E+01  2.4725190E-05  5.1635110E-04 -1.9192166E-04  2.4647252E-02  0.0000000E+00
  7.8507600E+01 -3.0262966E-04  6.6970001E-04 -1.9520422E-04  2.4055853E-02  0.0000000E+00
  7.8507600E+01  1.3022751E-04  6.2520373E-04  2.6821647E-04  2.3455361E-02  0.0000000E+00
  7.8507600E+01  1.0720993E-04  4.8359351E-04  2.0715048E-04  2.2844054E-02  0.0000000E+00
  7.8507600E+01 -2.1048480E-04  3.1885852E-04  8.9080242E-06  2.2220328E-02  0.0000000E+00
  7.8507600E+01 -1.2253683E-04  1.3125871E-04 -2.6376244E-05  2.1588961E-02  0.0000000E+00
  7.8507600E+01  2.3129067E-04 -7.2552677E-05  7.8710895E-06  2.0959317E-02  0.0000000E+00
  7.8507600E+01  2.5667253E-04 -2.6105029E-04 -6.7655183E-05  2.0349919E-02  0.0000000E+00
  7.8507600E+01  1.0157519E-05 -2.9773149E-04 -3.1343874E-05  1.9775033E-02  0.0000000E+00
  7.8507600E+01  1.2052777E-04 -1.8321058E-04  1.5892169E-04  1.9235853E-02  0.0000000E+00
  7.8507600E+01  5.2304053E-04 -1.6699022E-04  3.3001451E-04  1.8730360E-02  0.0000000E+00
  7.8507600E+01  4.9821491E-04 -1.1810058E-04  2.8075682E-04  1.8256665E-02  0.0000000E+00
  7.8507600E+01 -4.4575076E-05  6.3333649E-06  6.1739988E-05  1.7807408E-02  0.0000000E+00
  7.8507600E+01 -5.3496897E-04  9.4458871E-05 -1.9891535E-04  1.7370824E-02  0.0000000E+00
  7.8507600E+01 -5.0523291E-04  4.9348888E-05 -3.7069357E-04  1.6936387E-02  0.0000000E+00
  7.8507600E+01 -2.2500438E-04 -3.7256549E-05 -3.6412430E-04  1.6500676E-02  0.0000000E+00
  7.8507600E+01 -3.2080380E-04 -5.5422359E-05 -2.9673419E-04  1.6066835E-02  0.0000000E+00
  7.8507600E+01  2.7117114E-05 -1.0707323E-04 -7.8219647E-05  1.5637725E-02  0.0000000E+00
  7.8507600E+01  4.7195230E-04 -1.4654935E-04  2.7517405E-04  1.5218556E-02  0.0000000E+00
  7.8507600E+01  6.2494864E-04 -1.6608432E-04  5.0017201E-04  1.4816111E-02  0.0000000E+00
  7.8507600E+01  5.2979835E-04 -1.8927230E-04  4.1880803E-04  1.4435670E-02  0.0000000E+00
  7.8507600E+01  4.1354551E-04 -2.2884522E-04  6.5458209E-05  1.4080493E-02  0.0000000E+00
  7.8507600E+01  3.9502696E-04 -2.3823030E-04 -3.0743138E-04  1.3746927E-02  0.0000000E+00
  7.8507600E+01  4.1695537E-04 -1.5118177E-04 -3.7503629E-04  1.3428553E-02  0.0000000E+00
  7.8507600E+01  6.9339608E-04 -4.0884644E-05 -2.6754867E-04  1.3119654E-02  0.0000000E+00
  7.8507600E+01  7.2367255E-04  3.2032534E-05 -2.0146567E-04  1.2816606E-02  0.0000000E+00
  7.8507600E+01  5.9386063E-04  5.7087580E-05 -1.1999757E-04  1.2517644E-02  0.0000000E+00
  7.8507600E+01  4.2539390E-04  3.7861615E-05 -1.4403812E-05  1.2222993E-02  0.0000000E+00
  7.8507600E+01  2.1082288E-04 -2.1476784E-05  8.6370368E-05  1.1933364E-02  0.0000000E+00
  7.8507600E+01 -2.5838582E-05 -1.0482065E-04  1.1840229E-04  1.1648708E-02  0.0000000E+00
  7.8507600E+01 -1.9948221E-04 -1.7399854E-04  7.8589919E-05  1.1368027E-02  0.0000000E+00
  7.8507600E+01 -2.6214409E-04 -1.8424954E-04  7.8050895E-05  1.1090381E-02  0.0000000E+00
  7.8507600E+01 -3.1074745E-04 -1.4347503E-04  1.5227920E-04  1.0816821E-02  0.0000000E+00
  7.8507600E+01 -3.3097663E-04 -9.5123270E-05  1.3446075E-04  1.0549450E-02  0.0000000E+00
  7.8507600E+01 -3.8513972E-04 -5.9985174E-05  1.2363139E-04  1.0288162E-02  0.0000000E+00
  7.8507600E+01 -2.5584416E-04 -2.2508073E-05  1.1783096E-04  1.0028547E-02  0.0000000E+00
  7.8507600E+01 -2.2693878E-05  2.5002499E-05  1.2517396E-04  9.7677973E-03  0.0000000E+00
  7.8507600E+01  4.4869385E-05  7.1963184E-05  1.2863139E-04  9.5063846E-03  0.0000000E+00
  7.8507600E+01 -1.7539197E-04  1.0512932E-04  1.0594215E-04  9.2488277E-03  0.0000000E+00
  7.8507600E+01 -4.1773378E-04  1.2644937E-04  6.7009779E-05  8.9987006E-03  0.0000000E+00
  7.8507600E+01 -2.1458028E-04  1.4647576E-04  7.0620692E-05  8.7581770E-03  0.0000000E+00
  7.8507600E+01  1.1983895E-04  1.1025756E-04 -2.4552657E-06  8.5293045E-03  0.0000000E+00
  7.8507600E+01  3.3412239E-04  8.4952588E-05 -6.7955163E-05  8.3140447E-03  0.0000000E+00
  7.8507600E+01  2.4538095E-04  8.1532582E-05 -4.3159800E-05  8.1123612E-03  0.0000000E+00
  7.8507600E+01  5.8288260E-05  9.4589676E-05  1.9033169E-05  7.9216783E-03  0.0000000E+00
  7.8507600E+01 -7.9018720E-05  1.1543963E-04  4.8928484E-05  7.7389569E-03  0.0000000E+00
  7.8507600E+01 -1.5806039E-04  1.3445642E-04  1.9544642E-05  7.5614597E-03  0.0000000E+00
  7.8507600E+01 -1.9352053E-04  1.4271638E-04 -3.2775641E-05  7.3869376E-03  0.0000000E+00
  7.8507600E+01 -1.3857035E-04  1.3438047E-04 -1.7814364E-05  7.2142086E-03  0.0000000E+00
  7.8507600E+01 -5.7715719E-05  1.0699479E-04 -6.0723157E-07  7.0440773E-03  0.0000000E+00
  7.8507600E+01 -1.3788345E-04  7.9202209E-05 -2.2528567E-06  6.8788381E-03  0.0000000E+00
  7.8507600E+01 -1.4474658E-04  9.7443330E-05  5.9491808E-05  6.7210858E-03  0.0000000E+00
  7.8507600E+01 -7.1076920E-05  1.2821905E-04  4.7927669E-05  6.5741994E-03  0.0000000E+00
  7.8507600E+01  3.6525881E-06  1.3676475E-04 -1.9869247E-05  6.4393093E-03  0.0000000E+00
  7.8507600E+01  2.3979692E-05  1.2042153E-04 -5.9159476E-05  6.3152713E-03  0.0000000E+00
  7.8507600E+01 -2.8674288E-05  9.6607216E-05 -1.7725329E-05  6.1992015E-03  0.0000000E+00
  7.8507600E+01 -1.1391455E-04  7.5548414E-05  5.7842472E-05  6.0895237E-03  0.0000000E+00
  7.8507600E+01  1.1091873E-05  4.8582155E-05  3.2574241E-05  5.9856778E-03  0.0000000E+00
  7.8507600E+01  6.1616385E-05  2.9971076E-05  2.2093126E-05  5.8890020E-03  0.0000000E+00
  7.8507600E+01  2.0474093E-04  1.1520972E-05 -2.2867843E-05  5.8003132E-03  0.0000000E+00
  7.8507600E+01  2.4484154E-04  1.7693051E-05 -5.7294727E-05  5.7195179E-03  0.0000000E+00
  7.8507600E+01  1.7983926E-04  4.7336317E-05 -6.2874268E-05  5.6444281E-03  0.0000000E+00
  7.8507600E+01  6.6503609E-01  1.9919753E-02  5.1005843E-01  8.2288531E-02  0.0000000E+00
  7.8507600E+01 -1.3862262E-01  1.2261190E-02 -8.3371859E-02  8.1867348E-02  0.0000000E+00
  7.8507600E+01 -3.7476419E-02  9.5115683E-03 -6.5741064E-02  8.0099883E-02  0.0000000E+00
  7.8507600E+01 -3.8440677E-03  1.4526665E-03 -1.7798856E-02  7.6579950E-02  0.0000000E+00
  7.8507600E+01  1.0977422E-03 -3.8114351E-03 -3.2241766E-03  7.2514166E-02  0.0000000E+00
  7.8507600E+01  1.4210829E-03 -6.4365787E-03  9.4471324E-04  6.8645200E-02  0.0000000E+00
  7.8507600E+01  2.1896563E-04 -6.9338567E-03  2.4559474E-03  6.5287738E-02  0.0000000E+00
  7.8507600E+01  2.1009778E-04 -6.3670424E-03  2.6658671E-03  6.2505239E-02  0.0000000E+00
  7.8507600E+01 -6.4949452E-04 -4.5560100E-03  8.1963792E-04  6.0235247E-02  0.0000000E+00
  7.8507600E+01 -3.8756494E-03 -2.6406846E-03 -3.0776026E-04  5.8368354E-02  0.0000000E+00
  7.8507600E+01 -1.8489063E-03 -1.7010809E-03 -3.5707515E-04  5.6806754E-02  0.0000000E+00
  7.8507600E+01 -8.6535416E-04 -1.8691708E-03 -1.2113033E-04  5.5473363E-02  0.0000000E+00
  7.8507600E+01 -3.1583229E-03 -2.0341037E-03 -9.6692922E-05  5.4334719E-02  0.0000000E+00
  7.8507600E+01 -7.1496024E-03 -1.0555947E-03 -1.2552904E-04  5.3384196E-02  0.0000000E+00
  7.8507600E+01 -7.4965530E-03  8.8949067E-04 -6.9395902E-04  5.2578141E-02  0.0000000E+00
  7.8507600E+01 -7.6416353E-03  2.1302879E-03  6.0520367E-04  5.1869826E-02  0.0000000E+00
  7.8507600E+01 -2.1726608E-03  2.0630284E-03  3.7009673E-04  5.1245266E-02  0.0000000E+00
  7.8507600E+01 -1.5530714E-03  2.0440294E-03 -3.1121200E-04  5.0695533E-02  0.0000000E+00
  7.8507600E+01 -3.0636363E-03  2.6308703E-03 -3.7457419E-04  5.0178393E-02  0.0000000E+00
  7.8507600E+01 -2.4009118E-03  2.8999905E-03 -5.7980965E-04  4.9655439E-02  0.0000000E+00
  7.8507600E+01 -2.6928862E-03  2.6840824E-03  3.4815507E-04  4.9101310E-02  0.0000000E+00
  7.8507600E+01 -1.2324428E-03  2.2691150E-03  7.4398489E-04  4.8498664E-02  0.0000000E+00
  7.8507600E+01  3.1219520E-04  1.9334738E-03  8.1537054E-04  4.7835728E-02  0.0000000E+00
  7.8507600E+01  1.5575185E-04  1.7094653E-03  1.4187663E-03  4.7110465E-02  0.0000000E+00
  7.8507600E+01  1.1939618E-03  1.4341759E-03  1.3010694E-03  4.6318098E-02  0.0000000E+00
  7.8507600E+01  2.5336777E-03  1.0565527E-03  4.1820444E-04  4.5472906E-02  0.0000000E+00
  7.8507600E+01  1.5288318E-03  8.0922012E-04  1.6225697E-04  4.4589497E-02  0.0000000E+00
  7.8507600E+01  1.6609882E-03  4.5573045E-04 -3.8107377E-04  4.3680698E-02  0.0000000E+00
  7.8507600E+01  2.7386594E-03  9.4151650E-05 -3.1030200E-04  4.2744964E-02  0.0000000E+00
  7.8507600E+01  2.8136321E-03 -1.0555911E-04  3.7558821E-04  4.1778517E-02  0.0000000E+00
  7.8507600E+01  2.3969627E-03 -4.1589981E-05  7.1957017E-04  4.0784648E-02  0.0000000E+00
  7.8507600E+01  2.1039602E-03  1.6643602E-05  1.7883316E-04  3.9772679E-02  0.0000000E+00
  7.8507600E+01  2.5957034E-03  3.2910658E-05  8.6196449E-04  3.8749915E-02  0.0000000E+00
  7.8507600E+01  1.6276139E-03  3.6739375E-04  7.5056348E-04  3.7724532E-02  0.0000000E+00
  7.8507600E+01  4.6913166E-04  6.2152495E-04  1.8653639E-05  3.6694151E-02  0.0000000E+00
  7.8507600E+01  3.1271117E-04  6.3645588E-04 -2.1227594E-04  3.5658594E-02  0.0000000E+00
  7.8507600E+01  7.2292444E-04  5.0753637E-04  3.4295754E-06  3.4615527E-02  0.0000000E+00
  7.8507600E+01  1.0642599E-03  3.7662950E-04  1.6327773E-04  3.3572601E-02  0.0000000E+00
  7.8507600E+01  1.1388497E-03  2.4748267E-04  2.1147938E-05  3.2544574E-02  0.0000000E+00
  7.8507600E+01  1.0944888E-03  2.0024012E-04 -4.2203493E-05  3.1547564E-02  0.0000000E+00
  7.8507600E+01  4.9081617E-04  1.8921682E-04 -1.8221861E-04  3.0591083E-02  0.0000000E+00
  7.8507600E+01 -3.2748289E-04  1.8313862E-04 -1.7718647E-04  2.9682323E-02  0.0000000E+00
  7.8507600E+01 -5.1021905E-04  1.8330897E-04  1.3143911E-04  2.8816543E-02  0.0000000E+00
  7.8507600E+01 -2.0394748E-04  1.8806520E-04  3.9326294E-04  2.7989489E-02  0.0000000E+00
  7.8507600E+01 -1.3506281E-04  2.2578986E-04  2.9832330E-04  2.7193163E-02  0.0000000E+00
  7.8507600E+01 -5.0984783E-04  3.4032494E-04  7.3584569E-05  2.6422398E-02  0.0000000E+00
  7.8507600E+01 -4.5628391E-04  4.4643535E-04 -8.0839856E-05  2.5672017E-02  0.0000000E+00
  7.8507600E+01 -2.0898496E-04  3.7206086E-04 -2.0786911E-04  2.4943313E-02  0.0000000E+00
  7.8507600E+01 -8.7696490E-05  2.8389598E-04 -3.1061309E-04  2.4236689E-02  0.0000000E+00
  7.8507600E+01  7.9687042E-05  1.9278236E-04 -3.4965354E-04  2.3551367E-02  0.0000000E+00
  7.8507600E+01  2.9833390E-04  7.8792050E-05 -1.8525606E-04  2.2883897E-02  0.0000000E+00
  7.8507600E+01  4.5885375E-04 -8.0875005E-05  8.6594539E-05  2.2235232E-02  0.0000000E+00
  7.8507600E+01  4.9363898E-04 -2.4408015E-04  2.5445479E-04  2.1605761E-02  0.0000000E+00
  7.8507600E+01  4.9956503E-04 -3.1747912E-04  2.2215395E-04  2.0998645E-02  0.0000000E+00
  7.8507600E+01  5.5246917E-04 -3.2195892E-04  1.9060679E-04  2.0413847E-02  0.0000000E+00
  7.8507600E+01  7.8442695E-04 -2.9535836E-04  7.9665930E-05  1.9855075E-02  0.0000000E+00
  7.8507600E+01  8.4659071E-04 -2.6558783E-04 -1.1404186E-04  1.9322792E-02  0.0000000E+00
  7.8507600E+01  6.5817487E-04 -2.1396306E-04 -2.0645402E-04  1.8815128E-02  0.0000000E+00
  7.8507600E+01  3.8201497E-04 -1.5472287E-04 -1.3959631E-04  1.8325512E-02  0.0000000E+00
  7.8507600E+01  1.8017318E-04 -1.2979224E-04 -2.4347334E-06  1.7849073E-02  0.0000000E+00
  7.8507600E+01  7.1213125E-05 -1.5558151E-04  4.8355041E-05  1.7380751E-02  0.0000000E+00
  7.8507600E+01 -1.1724785E-04 -1.9189642E-04 -4.8075996E-05  1.6919964E-02  0.0000000E+00
  7.8507600E+01 -3.8951178E-04 -2.0407117E-04  2.8456372E-05  1.6465849E-02  0.0000000E+00
  7.8507600E+01 -3.1083940E-04 -2.0196515E-04  1.4653030E-04  1.6020644E-02  0.0000000E+00
  7.8507600E+01 -1.3166044E-04 -1.8903410E-04  1.5616439E-04  1.5585213E-02  0.0000000E+00
  7.8507600E+01  6.0685954E-06 -1.5352221E-04  1.0493732E-04  1.5161673E-02  0.0000000E+00
  7.8507600E+01  3.7339407E-05 -9.8046476E-05  3.9779851E-05  1.4749936E-02  0.0000000E+00
  7.8507600E+01 -1.9513012E-05 -4.5404602E-05  2.8114608E-08  1.4350175E-02  0.0000000E+00
  7.8507600E+01 -9.2974119E-05 -1.9188897E-05  1.3470573E-05  1.3959766E-02  0.0000000E+00
  7.8507600E+01 -1.2541691E-04 -2.2180454E-05  8.8844162E-05  1.3577125E-02  0.0000000E+00
  7.8507600E+01 -2.3860530E-04 -1.8170507E-05  1.8340710E-04  1.3200301E-02  0.0000000E+00
  7.8507600E+01 -3.0785270E-04  1.7669555E-06  1.6831771E-04  1.2830853E-02  0.0000000E+00
  7.8507600E+01 -2.7880721E-04  1.0217931E-05  1.1259278E-04  1.2467593E-02  0.0000000E+00
  7.8507600E+01 -2.5794638E-04  3.9917852E-05  6.9595232E-05  1.2111535E-02  0.0000000E+00
  7.8507600E+01 -1.9800138E-04  8.9764659E-05  4.0279369E-05  1.1764738E-02  0.0000000E+00
  7.8507600E+01 -6.9575466E-05  1.2896733E-04  4.4666890E-07  1.1432120E-02  0.0000000E+00
  7.8507600E+01  6.7059637E-05  1.2761650E-04 -6.1802252E-05  1.1115652E-02  0.0000000E+00
  7.8507600E+01  1.0131242E-04  8.5463163E-05 -1.0794530E-04  1.0815319E-02  0.0000000E+00
  7.8507600E+01  3.6545761E-05  3.4046764E-05 -2.0771807E-05  1.0529737E-02  0.0000000E+00
  7.8507600E+01 -6.0936081E-06  9.4038944E-07  5.2078260E-05  1.0258046E-02  0.0000000E+00
  7.8507600E+01 -8.5527563E-05  3.9524111E-05  4.5648067E-05  9.9979702E-03  0.0000000E+00
  7.8507600E+01 -1.0516613E-04  8.9792660E-05  3.8943506E-05  9.7466088E-03  0.0000000E+00
  7.8507600E+01 -1.0901131E-04  1.2179432E-04  2.9368153E-05  9.5024743E-03  0.0000000E+00
  7.8507600E+01 -1.4546136E-04  1.3381838E-04  2.1557762E-05  9.2658812E-03  0.0000000E+00
  7.8507600E+01 -2.0655628E-04  1.3511757E-04  2.4736033E-05  9.0362745E-03  0.0000000E+00
  7.8507600E+01 -2.3221365E-04  1.2982287E-04  2.8446200E-05  8.8142734E-03  0.0000000E+00
  7.8507600E+01 -1.5524976E-04  1.1334315E-04  1.3980102E-05  8.6005590E-03  0.0000000E+00
  7.8507600E+01 -5.3229200E-05  9.9358357E-05  3.1373295E-05  8.3964904E-03  0.0000000E+00
  7.8507600E+01  3.3059925E-05  8.6318303E-05  3.5399957E-05  8.2030949E-03  0.0000000E+00
  7.8507600E+01  6.5190304E-05  6.8490475E-05  2.7470714E-05  8.0209906E-03  0.0000000E+00
  7.8507600E+01  1.5024135E-05  5.4534814E-05 -2.2791970E-06  7.8491227E-03  0.0000000E+00
  7.8507600E+01 -3.1826105E-05  4.3667209E-05 -4.1278938E-05  7.6871340E-03  0.0000000E+00
  7.8507600E+01 -2.2921723E-06  3.3081992E-05 -5.6177088E-05  7.5346707E-03  0.0000000E+00
  7.8507600E+01  1.0455128E-04  2.3312211E-05 -3.5888592E-05  7.3920170E-03  0.0000000E+00
  7.8507600E+01  2.2038824E-04  2.0566030E-05 -1.8746965E-05  7.2586633E-03  0.0000000E+00
  7.8507600E+01  2.6962415E-04  3.5609369E-05 -4.5657212E-05  7.1342722E-03  0.0000000E+00
  7.8507600E+01  2.1764514E-04  5.8759013E-05 -3.1827911E-05  7.0164815E-03  0.0000000E+00
  7.8507600E+01  1.9450756E-04  8.6287632E-05 -2.6537007E-05  6.9032642E-03  0.0000000E+00
  7.8507600E+01  1.4017965E-04  1.1469611E-04  3.0198823E-06  6.7921698E-03  0.0000000E+00
  7.8507600E+01  7.3173372E-05  1.3833916E-04  3.1903261E-05  6.6828836E-03  0.0000000E+00
  7.8507600E+01  1.3474283E-01  1.0572698E-02  2.6290047E-01  1.1318412E-01  0.0000000E+00
  7.8507600E+01 -2.9516545E-02  1.0637841E-03 -1.6470721E-02  1.1344545E-01  0.0000000E+00
  7.8507600E+01  1.4707567E-02  3.2364211E-03 -6.4220864E-02  1.1214130E-01  0.0000000E+00
  7.8507600E+01  5.9115876E-03  2.1679867E-03 -3.1768506E-02  1.1017105E-01  0.0000000E+00
  7.8507600E+01 -8.3987499E-03  5.6718157E-04 -1.4446476E-02  1.0806687E-01  0.0000000E+00
  7.8507600E+01 -8.9352028E-03 -3.7175410E-04 -4.5261091E-03  1.0571477E-01  0.0000000E+00
  7.8507600E+01 -5.6112741E-03 -1.7535047E-04  2.0428980E-03  1.0295531E-01  0.0000000E+00
  7.8507600E+01 -4.1510675E-03 -7.3193141E-05  2.9670066E-03  9.9748547E-02  0.0000000E+00
  7.8507600E+01 -2.5637393E-03 -4.2225934E-04  6.5684539E-04  9.6146733E-02  0.0000000E+00
  7.8507600E+01 -3.1443185E-03 -3.9978208E-04  6.3561198E-04  9.2240510E-02  0.0000000E+00
  7.8507600E+01 -3.3066046E-03  4.1466183E-05  2.4556579E-03  8.8141789E-02  0.0000000E+00
  7.8507600E+01 -1.6891277E-03 -4.8736759E-04  2.4384389E-03  8.4001180E-02  0.0000000E+00
  7.8507600E+01 -2.2231329E-04 -1.1221235E-03  9.2685766E-04  7.9957906E-02  0.0000000E+00
  7.8507600E+01  1.7863138E-03 -1.9714609E-03  1.0849191E-03  7.6076715E-02  0.0000000E+00
  7.8507600E+01  2.4381673E-03 -2.7447683E-03  7.8700285E-04  7.2423602E-02  0.0000000E+00
  7.8507600E+01  6.3201474E-04 -2.8100492E-03 -1.6933893E-03  6.9026892E-02  0.0000000E+00
  7.8507600E+01 -2.3469742E-03 -2.2007372E-03 -1.8859589E-03  6.5872942E-02  0.0000000E+00
  7.8507600E+01 -4.5814206E-03 -2.2237827E-03  2.0919452E-04  6.2981474E-02  0.0000000E+00
  7.8507600E+01 -2.8882620E-03 -1.8510792E-03  1.1200547E-03  6.0373183E-02  0.0000000E+00
  7.8507600E+01  5.2462839E-04 -9.8460050E-04 -3.9842455E-04  5.8059113E-02  0.0000000E+00
  7.8507600E+01  2.6094939E-04 -3.1009341E-04 -1.3316415E-03  5.5989675E-02  0.0000000E+00
  7.8507600E+01 -2.4409076E-03  8.2627726E-04  9.5567659E-04  5.4104130E-02  0.0000000E+00
  7.8507600E+01 -3.9187743E-03  5.4201575E-04 -7.7834001E-05  5.2364001E-02  0.0000000E+00
  7.8507600E+01 -1.2302246E-03  9.8729395E-05 -5.5838949E-04  5.0745708E-02  0.0000000E+00
  7.8507600E+01 -1.5324628E-04  2.8487110E-04  1.8580488E-04  4.9227283E-02  0.0000000E+00
  7.8507600E+01 -3.4149689E-04  6.6526046E-04  1.3068911E-04  4.7787519E-02  0.0000000E+00
  7.8507600E+01  8.1932273E-05  8.9059498E-04  2.1736944E-04  4.6400511E-02  0.0000000E+00
  7.8507600E+01  5.0324572E-04  8.3531496E-04  3.8755550E-04  4.5062169E-02  0.0000000E+00
  7.8507600E+01  2.0450090E-05  4.4357425E-04  6.7653127E-04  4.3769489E-02  0.0000000E+00
  7.8507600E+01 -1.2377004E-05  6.3286032E-05  4.4958117E-04  4.2505660E-02  0.0000000E+00
  7.8507600E+01  1.1785131E-03 -5.7201316E-05 -7.0288109E-05  4.1270253E-02  0.0000000E+00
  7.8507600E+01  2.0208685E-03 -7.7675431E-05 -2.6414613E-04  4.0059207E-02  0.0000000E+00
  7.8507600E+01  2.8679085E-03 -6.5307930E-05 -3.3956318E-04  3.8871789E-02  0.0000000E+00
  7.8507600E+01  4.9526408E-03 -1.2600783E-04 -3.8617127E-04  3.7714089E-02  0.0000000E+00
  7.8507600E+01  4.4455505E-03  5.7464985E-05  3.9047441E-05  3.6585695E-02  0.0000000E+00
  7.8507600E+01  3.3979580E-03  3.5874057E-04  1.2332072E-04  3.5479517E-02  0.0000000E+00
  7.8507600E+01  2.4047897E-03  5.0804590E-04  1.2189992E-04  3.4391315E-02  0.0000000E+00
  7.8507600E+01  1.0523653E-03  3.9918888E-04  3.3812412E-04  3.3315301E-02  0.0000000E+00
  7.8507600E+01 -6.0864786E-04  2.3788545E-04  3.5293244E-04  3.2250431E-02  0.0000000E+00
  7.8507600E+01 -1.1881848E-03  2.9381688E-04  2.4410197E-04  3.1195243E-02  0.0000000E+00
  7.8507600E+01 -6.3803608E-04  4.7744902E-04  9.1097124E-05  3.0149252E-02  0.0000000E+00
  7.8507600E+01 -1.9197289E-04  5.8392915E-04  1.4071687E-04  2.9131301E-02  0.0000000E+00
  7.8507600E+01 -2.3635138E-04  5.0215935E-04  2.4461000E-04  2.8148047E-02  0.0000000E+00
  7.8507600E+01 -3.2143664E-04  3.8829130E-04  2.6602586E-04  2.7201581E-02  0.0000000E+00
  7.8507600E+01 -1.2888915E-04  3.7108589E-04  2.3385868E-04  2.6296931E-02  0.0000000E+00
  7.8507600E+01 -7.4077825E-05  3.5607412E-04  4.1348351E-05  2.5431973E-02  0.0000000E+00
  7.8507600E+01 -5.3466235E-04  2.4678930E-04 -3.4487215E-04  2.4602542E-02  0.0000000E+00
  7.8507600E+01 -5.5120297E-04  2.2471104E-04 -1.4416678E-04  2.3804732E-02  0.0000000E+00
  7.8507600E+01 -7.5507546E-04  1.7115723E-04 -6.3721759E-06  2.3030550E-02  0.0000000E+00
  7.8507600E+01 -7.6244099E-04  7.2388136E-05 -2.4027132E-05  2.2283009E-02  0.0000000E+00
  7.8507600E+01 -4.8369412E-04 -3.7482233E-05 -1.0533659E-04  2.1562645E-02  0.0000000E+00
  7.8507600E+01  1.4749974E-05 -1.0354271E-04 -1.3738690E-04  2.0868405E-02  0.0000000E+00
  7.8507600E+01  4.8031635E-04 -1.2063357E-04 -1.0881152E-04  2.0202122E-02  0.0000000E+00
  7.8507600E+01  6.1483038E-04 -1.3401910E-04 -6.7841090E-05  1.9563966E-02  0.0000000E+00
  7.8507600E+01  5.2709006E-04 -1.7056237E-04 -1.4426100E-04  1.8955557E-02  0.0000000E+00
  7.8507600E+01  5.2078223E-04 -1.4718450E-04 -2.5168550E-04  1.8378745E-02  0.0000000E+00
  7.8507600E+01  4.9620922E-04 -7.4582498E-05 -1.4393759E-04  1.7829098E-02  0.0000000E+00
  7.8507600E+01  4.4889868E-04 -5.6284629E-05 -1.8457011E-05  1.7303088E-02  0.0000000E+00
  7.8507600E+01  3.9792226E-04 -9.5222998E-05 -1.1567465E-05  1.6800843E-02  0.0000000E+00
  7.8507600E+01  3.6048505E-04 -1.2520554E-04 -8.7142939E-05  1.6318889E-02  0.0000000E+00
  7.8507600E+01  3.6679091E-04 -1.0486414E-04 -1.0734089E-04  1.5856451E-02  0.0000000E+00
  7.8507600E+01  3.3803103E-04 -7.3063469E-05 -2.0176669E-05  1.5409738E-02  0.0000000E+00
  7.8507600E+01  5.9483278E-05 -6.7463523E-05 -9.0533963E-06  1.4976671E-02  0.0000000E+00
  7.8507600E+01  2.6603596E-05 -9.6250210E-05  1.3570441E-04  1.4559054E-02  0.0000000E+00
  7.8507600E+01  4.6942622E-06 -1.5739986E-04  2.1367437E-04  1.4157432E-02  0.0000000E+00
  7.8507600E+01 -4.5493226E-05 -2.3090115E-04  2.0024534E-04  1.3768431E-02  0.0000000E+00
  7.8507600E+01 -6.9685417E-05 -2.9444814E-04  1.4027281E-04  1.3389413E-02  0.0000000E+00
  7.8507600E+01 -2.8646810E-05 -3.2546592E-04  7.7559693E-05  1.3016979E-02  0.0000000E+00
  7.8507600E+01  5.9720702E-05 -3.0537905E-04  8.0869885E-05  1.2649668E-02  0.0000000E+00
  7.8507600E+01  1.2027053E-04 -2.3499176E-04  1.9456779E-04  1.2289712E-02  0.0000000E+00
  7.8507600E+01  1.4627699E-04 -1.6557103E-04  1.6822592E-04  1.1938425E-02  0.0000000E+00
  7.8507600E+01  2.8015010E-04 -1.4608358E-04  7.4577622E-05  1.1598639E-02  0.0000000E+00
  7.8507600E+01  2.3980861E-04 -1.5385981E-04  3.1396191E-05  1.1269938E-02  0.0000000E+00
  7.8507600E+01  8.5244300E-05 -1.5439548E-04  2.4032480E-05  1.0949437E-02  0.0000000E+00
  7.8507600E+01 -7.5647773E-05 -1.3443152E-04  3.0742050E-05  1.0635770E-02  0.0000000E+00
  7.8507600E+01 -1.5801486E-04 -1.0639442E-04  1.6940062E-05  1.0327213E-02  0.0000000E+00
  7.8507600E+01 -1.3739797E-04 -8.7131609E-05 -1.8949336E-06  1.0024348E-02  0.0000000E+00
  7.8507600E+01 -6.6045322E-05 -7.5562652E-05  5.0324931E-05  9.7315488E-03  0.0000000E+00
  7.8507600E+01 -7.3113287E-05 -5.3021992E-05  1.4681902E-04  9.4522796E-03  0.0000000E+00
  7.8507600E+01 -5.7700277E-05 -2.3157515E-05  1.1717180E-04  9.1880360E-03  0.0000000E+00
  7.8507600E+01 -1.7805413E-04  7.6006360E-06  5.7820485E-05  8.9391693E-03  0.0000000E+00
  7.8507600E+01 -1.9619971E-04 -7.8158289E-06 -3.5669723E-05  8.7027190E-03  0.0000000E+00
  7.8507600E+01 -1.0547788E-04 -4.6530968E-05 -7.6428388E-05  8.4777699E-03  0.0000000E+00
  7.8507600E+01 -2.5115625E-05 -7.1951846E-05 -3.9191852E-05  8.2630387E-03  0.0000000E+00
  7.8507600E+01 -5.8299770E-05 -6.4011297E-05  2.5991947E-05  8.0579358E-03  0.0000000E+00
  7.8507600E+01 -1.9965241E-04 -2.6778027E-05  5.5106238E-05  7.8629450E-03  0.0000000E+00
  7.8507600E+01 -3.1847024E-04  1.6427701E-05  3.8939116E-05  7.6768964E-03  0.0000000E+00
  7.8507600E+01 -3.0432664E-04  4.1673301E-05  6.8235427E-06  7.4981782E-03  0.0000000E+00
  7.8507600E+01 -2.0209633E-04  4.5425202E-05 -8.4536477E-06  7.3267028E-03  0.0000000E+00
  7.8507600E+01 -1.0909687E-04  3.4850239E-05  6.0703967E-06  7.1624821E-03  0.0000000E+00
  7.8507600E+01 -4.2770527E-05  1.6988968E-05  2.1693762E-05  7.0057638E-03  0.0000000E+00
  7.8507600E+01  2.1879694E-05 -6.2890558E-06  2.0789058E-05  6.8577562E-03  0.0000000E+00
  7.8507600E+01  7.9177964E-05 -2.7245554E-05  4.8131734E-06  6.7190521E-03  0.0000000E+00
  7.8507600E+01  1.1261769E-04 -3.1241398E-05 -4.9508241E-06  6.5912898E-03  0.0000000E+00
  7.8507600E+01  1.3550138E-04 -5.5844144E-06  1.2750123E-05  6.4749660E-03  0.0000000E+00
  7.8507600E+01  1.7449616E-04  4.3955158E-05  2.5863023E-05  6.3700306E-03  0.0000000E+00
  7.8507600E+01  1.9688097E-04  9.2197023E-05 -2.7115570E-05  6.2759634E-03  0.0000000E+00
  7.8507600E+01  1.7335433E-04  1.1985809E-04 -5.1850788E-05  6.1903173E-03  0.0000000E+00
  7.8507600E+01  1.4961655E-04  1.3169846E-04 -5.2407014E-05  6.1093453E-03  0.0000000E+00
  7.8507600E+01  1.1859771E-04  1.3515894E-04 -2.6610736E-05  6.0300668E-03  0.0000000E+00
  7.8507600E+01  1.0316921E+00  8.0895337E-02  5.7010280E-01 -2.2046337E-02  0.0000000E+00
  7.8507600E+01 -3.0394497E-01 -3.1680119E-03 -6.4713034E-02 -1.9455716E-02  0.0000000E+00
  7.8507600E+01 -2.1710892E-02  1.1961023E-02 -1.5353328E-01 -1.0722983E-02  0.0000000E+00
  7.8507600E+01  1.3145952E-02  4.5394435E-04 -4.9171566E-02 -4.2187377E-03  0.0000000E+00
  7.8507600E+01  4.2081427E-03 -2.7616920E-03 -4.3981290E-03 -3.0162356E-04  0.0000000E+00
  7.8507600E+01  1.0408632E-03 -3.3719203E-03  7.9411049E-03  2.0972312E-03  0.0000000E+00
  7.8507600E+01  4.2271918E-04 -2.8685461E-03  9.9295018E-03  3.6885783E-03  0.0000000E+00
  7.8507600E+01 -1.2093914E-03 -1.3734886E-03  7.7699562E-03  4.8682947E-03  0.0000000E+00
  7.8507600E+01 -1.2398509E-03  1.6835518E-04  5.3091741E-03  5.8545853E-03  0.0000000E+00
  7.8507600E+01  2.4079811E-04  1.8011202E-03  3.8854696E-03  6.7531733E-03  0.0000000E+00
  7.8507600E+01 -3.0504878E-04  2.4261905E-03  2.1000823E-03  7.5898630E-03  0.0000000E+00
  7.8507600E+01 -2.1296869E-04  1.5047200E-03 -1.3840947E-03  8.3504162E-03  0.0000000E+00
  7.8507600E+01  1.0004823E-03  6.4512236E-04 -2.8934161E-03  9.0276913E-03  0.0000000E+00
  7.8507600E+01  1.6107564E-03  6.1439142E-04 -1.8565063E-03  9.6280558E-03  0.0000000E+00
  7.8507600E+01 -6.8349098E-05  8.7037558E-04 -1.2175839E-03  1.0148578E-02  0.0000000E+00
  7.8507600E+01 -2.6659850E-04  8.0775625E-04 -1.2162132E-03  1.0584036E-02  0.0000000E+00
  7.8507600E+01 -2.3182686E-04  3.0505556E-04 -1.5468944E-03  1.0938115E-02  0.0000000E+00
  7.8507600E+01 -2.5119630E-04 -1.3483369E-05 -3.1768031E-04  1.1221859E-02  0.0000000E+00
  7.8507600E+01 -3.3723703E-05 -4.5879650E-04  4.9043861E-04  1.1443426E-02  0.0000000E+00
  7.8507600E+01  4.3007879E-04 -1.1826009E-03  1.3408407E-04  1.1605400E-02  0.0000000E+00
  7.8507600E+01  9.8690590E-04 -1.4047018E-03  4.8528617E-04  1.1713826E-02  0.0000000E+00
  7.8507600E+01 -7.1340858E-04 -7.6388185E-04  1.0601468E-04  1.1783023E-02  0.0000000E+00
  7.8507600E+01 -8.6329034E-04 -7.6154809E-05  9.6497594E-05  1.1817312E-02  0.0000000E+00
  7.8507600E+01  8.1014475E-04  3.2288771E-04  7.4662973E-04  1.1817415E-02  0.0000000E+00
  7.8507600E+01  1.3638259E-03  5.5492787E-04  7.2415850E-04  1.1783745E-02  0.0000000E+00
  7.8507600E+01  3.0451241E-04  4.9338327E-04  5.5682596E-04  1.1718488E-02  0.0000000E+00
  7.8507600E+01 -1.4030796E-04  2.3563922E-04  9.8113467E-04  1.1622216E-02  0.0000000E+00
  7.8507600E+01 -2.0067527E-04  2.3909860E-04  6.7275740E-04  1.1496904E-02  0.0000000E+00
  7.8507600E+01 -2.1675635E-04  3.6627678E-04  4.1167901E-04  1.1346111E-02  0.0000000E+00
  7.8507600E+01  3.0025776E-04  3.9280650E-04  3.1391442E-04  1.1173790E-02  0.0000000E+00
  7.8507600E+01  1.3980356E-03  3.4124386E-04  1.0703876E-04  1.0982857E-02  0.0000000E+00
  7.8507600E+01  2.0701005E-03  3.1392234E-04 -1.7728744E-04  1.0773787E-02  0.0000000E+00
  7.8507600E+01  1.4235168E-03  2.6747881E-04  2.6984953E-05  1.0545755E-02  0.0000000E+00
  7.8507600E+01  5.3120690E-04  2.3773925E-04  1.7858680E-04  1.0302164E-02  0.0000000E+00
  7.8507600E+01  1.2243890E-04  1.8681726E-04  2.5012581E-05  1.0046694E-02  0.0000000E+00
  7.8507600E+01  5.2195038E-05  1.8819189E-04 -4.1531587E-05  9.7825041E-03  0.0000000E+00
  7.8507600E+01 -7.7407180E-05  2.8052310E-04  3.7796784E-05  9.5130559E-03  0.0000000E+00
  7.8507600E+01 -2.6958574E-04  4.0972771E-04  2.4791369E-05  9.2398012E-03  0.0000000E+00
  7.8507600E+01 -3.4275271E-04  4.8745040E-04 -6.1293675E-05  8.9618064E-03  0.0000000E+00
  7.8507600E+01 -4.2572675E-04  5.0392952E-04  1.1581511E-04  8.6808275E-03  0.0000000E+00
  7.8507600E+01 -5.0924069E-04  4.4003260E-04  2.6636353E-04  8.4006848E-03  0.0000000E+00
  7.8507600E+01 -5.1644281E-04  3.4450311E-04  2.7389810E-04  8.1234339E-03  0.0000000E+00
  7.8507600E+01 -1.2110121E-04  1.9017821E-04  9.1969527E-05  7.8521520E-03  0.0000000E+00
  7.8507600E+01  4.2982988E-04 -3.2157053E-06 -1.3300491E-04  7.5901714E-03  0.0000000E+00
  7.8507600E+01  5.5726449E-04 -1.8067285E-04 -2.4589744E-04  7.3404967E-03  0.0000000E+00
  7.8507600E+01  4.4115503E-05 -3.1608511E-04 -2.7206845E-04  7.1054285E-03  0.0000000E+00
  7.8507600E+01 -3.0361138E-04 -3.8709046E-04 -3.1378644E-04  6.8839851E-03  0.0000000E+00
  7.8507600E+01 -4.6848952E-04 -3.2706508E-04 -4.6659948E-04  6.6764583E-03  0.0000000E+00
  7.8507600E+01 -1.2839711E-04 -1.4241396E-04 -4.2987428E-04  6.4838119E-03  0.0000000E+00
  7.8507600E+01  6.9426186E-05  1.5737010E-05 -1.6937568E-04  6.3076505E-03  0.0000000E+00
  7.8507600E+01 -1.2409996E-04  4.7161402E-05  8.2225788E-05  6.1484682E-03  0.0000000E+00
  7.8507600E+01 -4.2031181E-04 -1.4138441E-05  1.3639108E-04  6.0052869E-03  0.0000000E+00
  7.8507600E+01 -4.1631459E-04 -4.7096037E-05 -9.8963391E-06  5.8746542E-03  0.0000000E+00
  7.8507600E+01 -8.0037623E-05  1.9740399E-05 -1.3329591E-04  5.7523018E-03  0.0000000E+00
  7.8507600E+01  1.4796006E-04  1.0534437E-04 -1.6405664E-04  5.6366035E-03  0.0000000E+00
  7.8507600E+01  2.6493270E-04  1.1944922E-04 -9.6373440E-05  5.5261030E-03  0.0000000E+00
  7.8507600E+01  3.2874910E-04  8.1415188E-05  5.1041646E-05  5.4201907E-03  0.0000000E+00
  7.8507600E+01  2.8815050E-04  6.2218698E-05  1.2756361E-04  5.3204564E-03  0.0000000E+00
  7.8507600E+01  1.4253767E-04  7.2551428E-05  1.2194702E-04  5.2266778E-03  0.0000000E+00
  7.8507600E+01 -3.4804200E-05  7.8225949E-05  1.0409349E-04  5.1357885E-03  0.0000000E+00
  7.8507600E+01 -1.1898557E-04  5.2502834E-05  1.4670360E-04  5.0441294E-03  0.0000000E+00
  7.8507600E+01 -2.5912690E-05  8.5130681E-06  2.0972590E-04  4.9498546E-03  0.0000000E+00
  7.8507600E+01  9.8228275E-05 -2.2468024E-05  2.3983221E-04  4.8531957E-03  0.0000000E+00
  7.8507600E+01  2.2703332E-04 -3.5432855E-05  2.1056557E-04  4.7557905E-03  0.0000000E+00
  7.8507600E+01  2.8619768E-04 -5.5182378E-05  1.1239520E-04  4.6591844E-03  0.0000000E+00
  7.8507600E+01  2.5152723E-04 -7.0372194E-05  5.5486057E-05  4.5643419E-03  0.0000000E+00
  7.8507600E+01  1.7893284E-04 -7.2525711E-05  5.6991475E-05  4.4717331E-03  0.0000000E+00
  7.8507600E+01  1.3394980E-04 -6.6978377E-05  6.9889885E-05  4.3814600E-03  0.0000000E+00
  7.8507600E+01  1.3720816E-04 -6.4399239E-05  3.9314638E-05  4.2932206E-03  0.0000000E+00
  7.8507600E+01  1.3626500E-04 -6.4527938E-05 -4.1867198E-05  4.2063391E-03  0.0000000E+00
  7.8507600E+01  4.7326301E-05 -3.5160748E-05 -7.1206798E-05  4.1200701E-03  0.0000000E+00
  7.8507600E+01  3.5000345E-05  1.1825065E-05  1.8359464E-05  4.0347982E-03  0.0000000E+00
  7.8507600E+01  1.8707894E-05  4.4633542E-05  6.7185934E-05  3.9519128E-03  0.0000000E+00
  7.8507600E+01 -3.2770327E-05  6.3695026E-05  7.7928333E-05  3.8731501E-03  0.0000000E+00
  7.8507600E+01 -9.0674267E-05  6.5189312E-05  7.2167828E-05  3.7998107E-03  0.0000000E+00
  7.8507600E+01 -1.1983447E-04  4.9779545E-05  6.4326384E-05  3.7324278E-03  0.0000000E+00
  7.8507600E+01 -1.1037316E-04  1.9567823E-05  5.5320761E-05  3.6710145E-03  0.0000000E+00
  7.8507600E+01 -9.1551255E-05 -2.2810925E-05  3.8922942E-05  3.6154736E-03  0.0000000E+00
  7.8507600E+01 -1.3178070E-04 -5.9038658E-05  1.3794298E-05  3.5657547E-03  0.0000000E+00
  7.8507600E+01 -1.3342225E-04 -5.9183298E-05 -1.6467015E-05  3.5217573E-03  0.0000000E+00
  7.8507600E+01 -1.6393107E-04 -3.2728860E-05 -5.1162315E-05  3.4835558E-03  0.0000000E+00
  7.8507600E+01 -1.8062654E-04  8.2944514E-06 -6.4148503E-05  3.4507351E-03  0.0000000E+00
  7.8507600E+01 -1.6287400E-04  4.3467747E-05 -5.6418071E-05  3.4218155E-03  0.0000000E+00
  7.8507600E+01 -1.3943405E-04  5.8298272E-05 -3.4605535E-05  3.3951033E-03  0.0000000E+00
  7.8507600E+01 -1.3544468E-04  4.9485811E-05 -8.5346458E-06  3.3695705E-03  0.0000000E+00
  7.8507600E+01 -1.2648715E-04  2.4522567E-05  6.5461663E-06  3.3454455E-03  0.0000000E+00
  7.8507600E+01 -6.4992334E-05 -9.1123625E-07  6.5257531E-07  3.3242350E-03  0.0000000E+00
  7.8507600E+01  3.1359454E-05 -1.3928177E-05  1.8690692E-05  3.3081068E-03  0.0000000E+00
  7.8507600E+01  1.8499302E-04 -1.3589401E-05  5.3599376E-05  3.2990927E-03  0.0000000E+00
  7.8507600E+01  2.4840055E-04 -6.9020463E-06  7.4358035E-05  3.2990156E-03  0.0000000E+00
  7.8507600E+01  2.7664750E-04 -7.2846119E-07  6.8918087E-05  3.3079556E-03  0.0000000E+00
  7.8507600E+01  3.0556526E-04  1.3025399E-05  3.4786822E-05  3.3244334E-03  0.0000000E+00
  7.8507600E+01  3.0735027E-04  4.2615415E-05 -1.2427343E-05  3.3460305E-03  0.0000000E+00
  7.8507600E+01  2.6010045E-04  8.2890026E-05 -5.3284318E-05  3.3698433E-03  0.0000000E+00
  7.8507600E+01  2.0172256E-04  1.1381156E-04 -7.4262399E-05  3.3930216E-03  0.0000000E+00
  7.8507600E+01  1.3863986E-04  1.2193449E-04 -4.5653125E-05  3.4136467E-03  0.0000000E+00
  7.8507600E+01  5.7270501E-05  1.1426752E-04  3.2178913E-05  3.4305149E-03  0.0000000E+00
  7.8507600E+01  4.2236378E-05  9.7194756E-05  8.9242334E-05  3.4441639E-03  0.0000000E+00
  7.8507600E+01  2.4906336E-05  8.2285885E-05  1.1806774E-04  3.4555866E-03  0.0000000E+00
  7.8507600E+01  1.1545581E-05  6.8214722E-05  1.2015377E-04  3.4662186E-03  0.0000000E+00
  7.8507600E+01  9.4288424E-02  2.8241812E-03  1.2381261E-01  2.8522348E-02  0.0000000E+00
  7.8507600E+01 -3.3098814E-02  2.6799381E-03 -1.1980076E-02  2.8786432E-02  0.0000000E+00
  7.8507600E+01  3.3641138E-02  2.7352254E-03 -2.7102515E-02  2.7880034E-02  0.0000000E+00
  7.8507600E+01  3.5130315E-02 -3.4971337E-04 -1.9427887E-03  2.6938683E-02  0.0000000E+00
  7.8507600E+01  1.0578303E-03 -6.3511267E-04  1.3862780E-02  2.6402314E-02  0.0000000E+00
  7.8507600E+01 -3.1818087E-02  1.6782516E-03  1.4215204E-02  2.5843519E-02  0.0000000E+00
  7.8507600E+01 -3.8331181E-02  3.2338108E-03  3.3981145E-03  2.4728329E-02  0.0000000E+00
  7.8507600E+01 -2.5105142E-02  2.4450756E-03 -7.8676520E-03  2.2740025E-02  0.0000000E+00
  7.8507600E+01 -7.2966200E-03  7.7639760E-04 -1.2481061E-02  1.9871352E-02  0.0000000E+00
  7.8507600E+01  4.0036167E-03 -2.2574389E-04 -9.5169339E-03  1.6314294E-02  0.0000000E+00
  7.8507600E+01  7.4740829E-03 -9.8028528E-04 -3.9440289E-03  1.2356445E-02  0.0000000E+00
  7.8507600E+01  7.0143461E-03 -1.5352186E-03  6.5229688E-04  8.3071006E-03  0.0000000E+00
  7.8507600E+01  3.6181094E-03 -1.5319658E-03  3.3941468E-03  4.4259319E-03  0.0000000E+00
  7.8507600E+01  1.1073031E-03 -1.6249527E-03  2.5731601E-03  8.7280785E-04  0.0000000E+00
  7.8507600E+01  6.2119866E-04 -2.0192262E-03  2.1960016E-04 -2.2789487E-03  0.0000000E+00
  7.8507600E+01  7.7036425E-04 -2.0540339E-03 -4.3764545E-04 -5.0127448E-03  0.0000000E+00
  7.8507600E+01  1.2545951E-03 -1.6918492E-03  3.2773757E-04 -7.3524818E-03  0.0000000E+00
  7.8507600E+01  9.0330489E-04 -1.3096391E-03  5.7748136E-04 -9.3245518E-03  0.0000000E+00
  7.8507600E+01  2.8716916E-04 -1.0038119E-03 -2.1333600E-05 -1.0970230E-02  0.0000000E+00
  7.8507600E+01 -2.4881419E-05 -1.0101213E-03 -7.7323518E-04 -1.2322983E-02  0.0000000E+00
  7.8507600E+01 -1.0518958E-03 -1.5693307E-03 -1.0719974E-03 -1.3414472E-02  0.0000000E+00
  7.8507600E+01 -1.6434719E-03 -1.6537485E-03 -2.8823048E-04 -1.4270492E-02  0.0000000E+00
  7.8507600E+01 -1.4683027E-03 -1.3269236E-03  8.0370209E-04 -1.4913774E-02  0.0000000E+00
  7.8507600E+01 -1.0952036E-03 -1.0882310E-03  8.1274595E-04 -1.5368022E-02  0.0000000E+00
  7.8507600E+01 -9.7280451E-04 -8.2001695E-04 -1.6093603E-04 -1.5659359E-02  0.0000000E+00
  7.8507600E+01 -2.1638272E-04 -4.3000483E-04 -7.1559630E-04 -1.5813139E-02  0.0000000E+00
  7.8507600E+01  5.6804881E-04 -1.9238208E-04 -3.7349715E-04 -1.5857794E-02  0.0000000E+00
  7.8507600E+01  6.0537061E-04 -7.7878747E-05  3.3996395E-05 -1.5817785E-02  0.0000000E+00
  7.8507600E+01 -3.6923557E-04  1.4190115E-04  3.7070572E-04 -1.5715563E-02  0.0000000E+00
  7.8507600E+01 -1.4321736E-03  4.9004728E-04  8.6196966E-04 -1.5568696E-02  0.0000000E+00
  7.8507600E+01 -1.3957456E-03  8.0245215E-04  1.0519327E-03 -1.5387755E-02  0.0000000E+00
  7.8507600E+01  1.2611383E-04  9.7870374E-04  6.0124962E-04 -1.5176604E-02  0.0000000E+00
  7.8507600E+01  8.8296030E-04  1.1407452E-03  5.5215004E-04 -1.4934506E-02  0.0000000E+00
  7.8507600E+01  1.5566291E-03  1.1051095E-03  1.7095048E-04 -1.4662218E-02  0.0000000E+00
  7.8507600E+01  9.6041163E-04  7.3827997E-04  1.3950507E-04 -1.4364516E-02  0.0000000E+00
  7.8507600E+01  2.5293593E-05  3.2741783E-04  9.0963261E-05 -1.4048859E-02  0.0000000E+00
  7.8507600E+01 -3.4643543E-04  2.3999296E-04 -8.7385560E-05 -1.3721169E-02  0.0000000E+00
  7.8507600E+01 -2.7542592E-04  4.8372075E-04 -1.2159925E-04 -1.3386768E-02  0.0000000E+00
  7.8507600E+01 -4.4509762E-04  6.7921354E-04  1.2451731E-04 -1.3053484E-02  0.0000000E+00
  7.8507600E+01 -3.7802644E-04  7.4927425E-04  5.4367782E-04 -1.2725179E-02  0.0000000E+00
  7.8507600E+01  1.5794874E-04  7.4977947E-04  4.0324681E-04 -1.2402922E-02  0.0000000E+00
  7.8507600E+01  4.0666027E-04  6.1286518E-04  1.5892572E-04 -1.2081754E-02  0.0000000E+00
  7.8507600E+01  2.6283439E-04  3.6121824E-04  1.0708659E-05 -1.1760409E-02  0.0000000E+00
  7.8507600E+01 -7.9149466E-05  1.9590548E-04  6.3417319E-05 -1.1444228E-02  0.0000000E+00
  7.8507600E+01 -2.5796759E-04  2.5381852E-04  2.6702409E-04 -1.1137507E-02  0.0000000E+00
  7.8507600E+01 -3.1766694E-05  3.6253915E-04  3.2620846E-04 -1.0840824E-02  0.0000000E+00
  7.8507600E+01  4.7208980E-04  3.1397599E-04 -6.6651957E-05 -1.0549402E-02  0.0000000E+00
  7.8507600E+01  6.9521997E-04  3.0606028E-04 -4.6144303E-04 -1.0260385E-02  0.0000000E+00
  7.8507600E+01  3.3184177E-04  2.6447557E-04 -6.5141213E-04 -9.9731211E-03  0.0000000E+00
  7.8507600E+01 -1.2546393E-04  2.0207110E-04 -6.5435547E-04 -9.6877080E-03  0.0000000E+00
  7.8507600E+01 -3.6320940E-04  1.3125714E-04 -4.8741904E-04 -9.4021829E-03  0.0000000E+00
  7.8507600E+01 -3.3871446E-04  6.8227658E-05 -1.9833829E-04 -9.1155077E-03  0.0000000E+00
  7.8507600E+01 -2.1233669E-04  3.7904865E-06  3.9498906E-05 -8.8244590E-03  0.0000000E+00
  7.8507600E+01 -2.2184296E-04 -8.0877798E-05  1.5397459E-06 -8.5268993E-03  0.0000000E+00
  7.8507600E+01 -3.0119727E-04 -1.3214281E-04 -7.7817680E-05 -8.2235706E-03  0.0000000E+00
  7.8507600E+01 -1.5144193E-04 -1.5520369E-04  5.2386049E-06 -7.9160550E-03  0.0000000E+00
  7.8507600E+01 -8.3790192E-05 -1.2232831E-04  7.6328654E-05 -7.6060812E-03  0.0000000E+00
  7.8507600E+01  2.6698148E-05 -3.8732780E-05  4.8120302E-05 -7.2962540E-03  0.0000000E+00
  7.8507600E+01  2.2308685E-04  8.2653910E-05 -1.4138521E-05 -6.9889101E-03  0.0000000E+00
  7.8507600E+01  3.7036358E-04  2.2559564E-04  1.5623558E-05 -6.6854105E-03  0.0000000E+00
  7.8507600E+01  3.2193827E-04  3.5667434E-04  1.4503164E-04 -6.3890097E-03  0.0000000E+00
  7.8507600E+01  1.6506294E-04  4.2293418E-04  1.9304921E-04 -6.1012716E-03  0.0000000E+00
  7.8507600E+01  1.5371383E-04  4.2230859E-04  1.7125295E-04 -5.8236614E-03  0.0000000E+00
  7.8507600E+01  1.2532483E-04  3.5468552E-04  1.5243519E-04 -5.5583396E-03  0.0000000E+00
  7.8507600E+01  1.3899032E-04  2.1760433E-04  9.7382395E-05 -5.3070923E-03  0.0000000E+00
  7.8507600E+01  2.2579827E-04  9.5162314E-05  5.9537859E-05 -5.0694651E-03  0.0000000E+00
  7.8507600E+01  3.1606986E-04  3.9853446E-05  6.1615482E-05 -4.8434563E-03  0.0000000E+00
  7.8507600E+01  3.0983110E-04  4.5037366E-05  1.0092009E-04 -4.6270624E-03  0.0000000E+00
  7.8507600E+01  1.9790975E-04  6.4671469E-05  1.4602725E-04 -4.4185307E-03  0.0000000E+00
  7.8507600E+01  9.3828343E-05  5.6851712E-05  1.5084039E-04 -4.2177932E-03  0.0000000E+00
  7.8507600E+01  5.0865935E-05  2.6099475E-05  1.0915341E-04 -4.0238393E-03  0.0000000E+00
  7.8507600E+01  1.8588784E-04  3.1682214E-06  1.6340494E-05 -3.8362960E-03  0.0000000E+00
  7.8507600E+01  2.7583700E-04  5.6536622E-06 -5.9474358E-05 -3.6552700E-03  0.0000000E+00
  7.8507600E+01  2.1817697E-04  2.6241140E-05 -6.7042981E-05 -3.4807496E-03  0.0000000E+00
  7.8507600E+01  7.4160293E-05  4.9395521E-05 -2.2215486E-05 -3.3123124E-03  0.0000000E+00
  7.8507600E+01 -7.1240344E-05  6.3322124E-05  2.5886226E-05 -3.1491975E-03  0.0000000E+00
  7.8507600E+01 -1.6678528E-04  6.5046364E-05  4.1200887E-05 -2.9901208E-03  0.0000000E+00
  7.8507600E+01 -1.9484619E-04  5.9472782E-05  3.2691865E-05 -2.8344750E-03  0.0000000E+00
  7.8507600E+01 -1.4185155E-04  5.3211757E-05  4.5096030E-05 -2.6806006E-03  0.0000000E+00
  7.8507600E+01 -9.1049886E-05  3.0468314E-05 -1.9483214E-05 -2.5270148E-03  0.0000000E+00
  7.8507600E+01 -1.6046615E-04 -3.3247820E-07 -7.6358262E-05 -2.3730490E-03  0.0000000E+00
  7.8507600E+01 -2.1438702E-04 -9.8000944E-06 -8.0467427E-05 -2.2186101E-03  0.0000000E+00
  7.8507600E+01 -2.1366001E-04  3.9333513E-06 -4.9384981E-05 -2.0641798E-03  0.0000000E+00
  7.8507600E+01 -1.8298749E-04  2.5198746E-05 -2.5274575E-05 -1.9104755E-03  0.0000000E+00
  7.8507600E+01 -1.5761650E-04  3.6991607E-05 -3.2345435E-05 -1.7586019E-03  0.0000000E+00
  7.8507600E+01 -1.4623922E-04  3.4777309E-05 -4.7077994E-05 -1.6098226E-03  0.0000000E+00
  7.8507600E+01 -1.3870745E-04  2.9358315E-05 -1.3125056E-05 -1.4658870E-03  0.0000000E+00
  7.8507600E+01 -1.4005216E-04  2.5633512E-05  4.6450765E-05 -1.3260129E-03  0.0000000E+00
  7.8507600E+01 -5.2200023E-05  1.2522889E-05  6.6532994E-05 -1.1887325E-03  0.0000000E+00
  7.8507600E+01  2.8963518E-05 -1.2561423E-06  7.1607504E-05 -1.0514042E-03  0.0000000E+00
  7.8507600E+01  1.1036053E-04 -1.6175565E-05  6.7048353E-05 -9.1110354E-04  0.0000000E+00
  7.8507600E+01  2.0264604E-04 -2.8492944E-05  5.6391784E-05 -7.6587017E-04  0.0000000E+00
  7.8507600E+01  2.8442254E-04 -2.9159538E-05  3.4201842E-05 -6.1559658E-04  0.0000000E+00
  7.8507600E+01  3.3554688E-04 -9.5787241E-06 -2.2793289E-06 -4.6189457E-04  0.0000000E+00
  7.8507600E+01  3.6615310E-04  2.9729994E-05 -3.7024178E-05 -3.0718424E-04  0.0000000E+00
  7.8507600E+01  3.6754027E-04  7.0921274E-05 -2.8587723E-05 -1.5519117E-04  0.0000000E+00
  7.8507600E+01  3.0786859E-04  9.2016276E-05 -2.0988065E-05 -8.2144362E-06  0.0000000E+00
  7.8507600E+01  2.2317718E-04  1.0066394E-04  3.8251848E-06  1.3223842E-04  0.0000000E+00
  7.8507600E+01  1.3636265E-04  1.0872488E-04  5.0990734E-05  2.6566696E-04  0.0000000E+00
  7.8507600E+01  5.3818523E-05  1.0681536E-04  9.8644399E-05  3.9247827E-04  0.0000000E+00
