          atime           uavg           vavg           wavg         pm1avg           tavg
  2.0139100E+02  0.0000000E+00  0.0000000E+00  0.0000000E+00  2.0670824E-03  0.0000000E+00
  2.0139100E+02  1.6572242E-03 -1.6826443E-08 -1.5541514E-05  2.0670472E-03  0.0000000E+00
  2.0139100E+02  6.6277060E-03 -1.8201909E-07 -6.1879871E-05  2.0669440E-03  0.0000000E+00
  2.0139100E+02  1.4908194E-02 -8.2584261E-07 -1.3815756E-04  2.0667770E-03  0.0000000E+00
  2.0139100E+02  2.6491603E-02 -2.4551682E-06 -2.4293292E-04  2.0665406E-03  0.0000000E+00
  2.0139100E+02  4.1372154E-02 -5.6987973E-06 -3.7425666E-04  2.0661908E-03  0.0000000E+00
  2.0139100E+02  5.9530499E-02 -1.1242780E-05 -5.2961948E-04  2.0655932E-03  0.0000000E+00
  2.0139100E+02  8.0932477E-02 -1.9768978E-05 -7.0608637E-04  2.0644483E-03  0.0000000E+00
  2.0139100E+02  1.0551689E-01 -3.1900147E-05 -9.0037430E-04  2.0622097E-03  0.0000000E+00
  2.0139100E+02  1.3317551E-01 -4.8151642E-05 -1.1088629E-03  2.0580195E-03  0.0000000E+00
  2.0139100E+02  1.6372204E-01 -6.8885914E-05 -1.3274639E-03  2.0506942E-03  0.0000000E+00
  2.0139100E+02  1.9686341E-01 -9.4279245E-05 -1.5514139E-03  2.0387831E-03  0.0000000E+00
  2.0139100E+02  2.3219472E-01 -1.2432958E-04 -1.7751323E-03  2.0206817E-03  0.0000000E+00
  2.0139100E+02  2.6923104E-01 -1.5893184E-04 -1.9922687E-03  1.9947349E-03  0.0000000E+00
  2.0139100E+02  3.0729016E-01 -1.9780371E-04 -2.1950905E-03  1.9594330E-03  0.0000000E+00
  2.0139100E+02  3.4575976E-01 -2.4062616E-04 -2.3764462E-03  1.9133342E-03  0.0000000E+00
  2.0139100E+02  3.8391811E-01 -2.8618269E-04 -2.5295298E-03  1.8556722E-03  0.0000000E+00
  2.0139100E+02  4.2119060E-01 -3.3485966E-04 -2.6500293E-03  1.7853033E-03  0.0000000E+00
  2.0139100E+02  4.5695071E-01 -3.8354980E-04 -2.7357957E-03  1.7028636E-03  0.0000000E+00
  2.0139100E+02  4.9090231E-01 -4.3061178E-04 -2.7851604E-03  1.6085659E-03  0.0000000E+00
  2.0139100E+02  5.2277744E-01 -4.7409835E-04 -2.7975258E-03  1.5030213E-03  0.0000000E+00
  2.0139100E+02  5.5245581E-01 -5.1205104E-04 -2.7738834E-03  1.3869483E-03  0.0000000E+00
  2.0139100E+02  5.7985743E-01 -5.4253039E-04 -2.7170865E-03  1.2615491E-03  0.0000000E+00
  2.0139100E+02  6.0504733E-01 -5.6392479E-04 -2.6318934E-03  1.1280569E-03  0.0000000E+00
  2.0139100E+02  6.2812481E-01 -5.7496107E-04 -2.5249932E-03  9.8811002E-04  0.0000000E+00
  2.0139100E+02  6.4925032E-01 -5.7480018E-04 -2.4044878E-03  8.4348597E-04  0.0000000E+00
  2.0139100E+02  6.6860319E-01 -5.6294989E-04 -2.2791662E-03  6.9611931E-04  0.0000000E+00
  2.0139100E+02  6.8635184E-01 -5.3910126E-04 -2.1574959E-03  5.4808123E-04  0.0000000E+00
  2.0139100E+02  7.0266667E-01 -5.0283759E-04 -2.0462428E-03  4.0122239E-04  0.0000000E+00
  2.0139100E+02  7.1767120E-01 -4.5348037E-04 -1.9499031E-03  2.5739823E-04  0.0000000E+00
  2.0139100E+02  7.3149334E-01 -3.8999917E-04 -1.8706807E-03  1.1792286E-04  0.0000000E+00
  2.0139100E+02  7.4423817E-01 -3.1171457E-04 -1.8115258E-03 -1.6139191E-05  0.0000000E+00
  2.0139100E+02  7.5598108E-01 -2.2022339E-04 -1.7834801E-03 -1.4369802E-04  0.0000000E+00
  2.0139100E+02  7.6683675E-01 -1.0980055E-04 -1.7972682E-03 -2.6353396E-04  0.0000000E+00
  2.0139100E+02  7.7684793E-01  1.4052560E-05 -1.8654771E-03 -3.7499437E-04  0.0000000E+00
  2.0139100E+02  7.8609557E-01  1.5384014E-04 -1.9770369E-03 -4.7748410E-04  0.0000000E+00
  2.0139100E+02  7.9465246E-01  3.1012757E-04 -2.1121538E-03 -5.7094264E-04  0.0000000E+00
  2.0139100E+02  8.0260041E-01  4.8176718E-04 -2.2469193E-03 -6.5587257E-04  0.0000000E+00
  2.0139100E+02  8.0999265E-01  6.6520039E-04 -2.3571708E-03 -7.3276917E-04  0.0000000E+00
  2.0139100E+02  8.1690139E-01  8.5580146E-04 -2.4235648E-03 -8.0247625E-04  0.0000000E+00
  2.0139100E+02  8.2340831E-01  1.0484889E-03 -2.4345342E-03 -8.6593522E-04  0.0000000E+00
  2.0139100E+02  8.2956962E-01  1.2375082E-03 -2.3881983E-03 -9.2375734E-04  0.0000000E+00
  2.0139100E+02  8.3545059E-01  1.4183800E-03 -2.2930469E-03 -9.7653623E-04  0.0000000E+00
  2.0139100E+02  8.4111898E-01  1.5886513E-03 -2.1659468E-03 -1.0247785E-03  0.0000000E+00
  2.0139100E+02  8.4660547E-01  1.7472918E-03 -2.0294252E-03 -1.0686125E-03  0.0000000E+00
  2.0139100E+02  8.5195679E-01  1.8961273E-03 -1.9050076E-03 -1.1082695E-03  0.0000000E+00
  2.0139100E+02  8.5720627E-01  2.0374309E-03 -1.8074630E-03 -1.1437621E-03  0.0000000E+00
  2.0139100E+02  8.6235671E-01  2.1699322E-03 -1.7388017E-03 -1.1745659E-03  0.0000000E+00
  2.0139100E+02  8.6743550E-01  2.2836807E-03 -1.6831263E-03 -1.1994619E-03  0.0000000E+00
  2.0139100E+02  8.7249094E-01  2.3970485E-03 -1.6437357E-03 -1.2190715E-03  0.0000000E+00
  2.0139100E+02  8.7746565E-01  2.5001523E-03 -1.6072259E-03 -1.2328724E-03  0.0000000E+00
  2.0139100E+02  8.8235350E-01  2.6025684E-03 -1.5660214E-03 -1.2416259E-03  0.0000000E+00
  2.0139100E+02  8.8717476E-01  2.7114714E-03 -1.5203332E-03 -1.2463744E-03  0.0000000E+00
  2.0139100E+02  8.9192768E-01  2.8312694E-03 -1.4757819E-03 -1.2481172E-03  0.0000000E+00
  2.0139100E+02  8.9662267E-01  2.9648962E-03 -1.4405212E-03 -1.2476920E-03  0.0000000E+00
  2.0139100E+02  9.0124491E-01  3.1131240E-03 -1.4231696E-03 -1.2456581E-03  0.0000000E+00
  2.0139100E+02  9.0581065E-01  3.2764304E-03 -1.4305592E-03 -1.2422396E-03  0.0000000E+00
  2.0139100E+02  9.1033519E-01  3.4542898E-03 -1.4669451E-03 -1.2373386E-03  0.0000000E+00
  2.0139100E+02  9.1480025E-01  3.6436017E-03 -1.5328111E-03 -1.2306721E-03  0.0000000E+00
  2.0139100E+02  9.1921254E-01  3.8407914E-03 -1.6252467E-03 -1.2218487E-03  0.0000000E+00
  2.0139100E+02  9.2360106E-01  4.0419139E-03 -1.7394378E-03 -1.2104634E-03  0.0000000E+00
  2.0139100E+02  9.2794219E-01  4.2393299E-03 -1.8681383E-03 -1.1964066E-03  0.0000000E+00
  2.0139100E+02  9.3226609E-01  4.4271507E-03 -2.0064034E-03 -1.1796132E-03  0.0000000E+00
  2.0139100E+02  9.3659061E-01  4.5993965E-03 -2.1522017E-03 -1.1600705E-03  0.0000000E+00
  2.0139100E+02  9.4088071E-01  4.7510997E-03 -2.3069871E-03 -1.1376681E-03  0.0000000E+00
  2.0139100E+02  9.4518118E-01  4.8835187E-03 -2.4677845E-03 -1.1142833E-03  0.0000000E+00
  2.0139100E+02  9.4946275E-01  5.0033024E-03 -2.6220932E-03 -1.0878968E-03  0.0000000E+00
  2.0139100E+02  9.5371268E-01  5.1111779E-03 -2.7619179E-03 -1.0592280E-03  0.0000000E+00
  2.0139100E+02  9.5792369E-01  5.2031580E-03 -2.8877662E-03 -1.0290425E-03  0.0000000E+00
  2.0139100E+02  9.6209337E-01  5.2734140E-03 -3.0041256E-03 -9.9802162E-04  0.0000000E+00
  2.0139100E+02  9.6623221E-01  5.3165834E-03 -3.1162343E-03 -9.6661729E-04  0.0000000E+00
  2.0139100E+02  9.7031831E-01  5.3290441E-03 -3.2265319E-03 -9.3535843E-04  0.0000000E+00
  2.0139100E+02  9.7438459E-01  5.3104058E-03 -3.3358019E-03 -9.0418818E-04  0.0000000E+00
  2.0139100E+02  9.7842903E-01  5.2631137E-03 -3.4405740E-03 -8.7318836E-04  0.0000000E+00
  2.0139100E+02  9.8245769E-01  5.1923366E-03 -3.5349923E-03 -8.4231637E-04  0.0000000E+00
  2.0139100E+02  9.8646682E-01  5.1051644E-03 -3.6117519E-03 -8.1161964E-04  0.0000000E+00
  2.0139100E+02  9.9045912E-01  5.0089656E-03 -3.6641216E-03 -7.8117906E-04  0.0000000E+00
  2.0139100E+02  9.9444373E-01  4.9098615E-03 -3.6870675E-03 -7.5114503E-04  0.0000000E+00
  2.0139100E+02  9.9842159E-01  4.8119540E-03 -3.6775031E-03 -7.2182122E-04  0.0000000E+00
  2.0139100E+02  1.0023812E+00  4.7168561E-03 -3.6336199E-03 -6.9355483E-04  0.0000000E+00
  2.0139100E+02  1.0063511E+00  4.6229199E-03 -3.5508088E-03 -6.6607807E-04  0.0000000E+00
  2.0139100E+02  1.0103273E+00  4.5336584E-03 -3.4325775E-03 -6.3928981E-04  0.0000000E+00
  2.0139100E+02  1.0142823E+00  4.4436118E-03 -3.2885577E-03 -6.1190508E-04  0.0000000E+00
  2.0139100E+02  1.0182388E+00  4.3545167E-03 -3.1248491E-03 -5.8382417E-04  0.0000000E+00
  2.0139100E+02  1.0222167E+00  4.2688132E-03 -2.9460737E-03 -5.5447743E-04  0.0000000E+00
  2.0139100E+02  1.0262104E+00  4.1885347E-03 -2.7548664E-03 -5.2340524E-04  0.0000000E+00
  2.0139100E+02  1.0302336E+00  4.1134125E-03 -2.5491564E-03 -4.9018918E-04  0.0000000E+00
  2.0139100E+02  1.0342884E+00  4.0412552E-03 -2.3237685E-03 -4.5480433E-04  0.0000000E+00
  2.0139100E+02  1.0383644E+00  3.9681921E-03 -2.0716319E-03 -4.1764976E-04  0.0000000E+00
  2.0139100E+02  1.0424608E+00  3.8890237E-03 -1.7840658E-03 -3.7926148E-04  0.0000000E+00
  2.0139100E+02  1.0465636E+00  3.7986828E-03 -1.4540114E-03 -3.4037018E-04  0.0000000E+00
  2.0139100E+02  1.0506386E+00  3.6937563E-03 -1.0790915E-03 -3.0180660E-04  0.0000000E+00
  2.0139100E+02  1.0546782E+00  3.5725927E-03 -6.5925030E-04 -2.6392697E-04  0.0000000E+00
  2.0139100E+02  1.0586587E+00  3.4372457E-03 -2.0132429E-04 -2.2697120E-04  0.0000000E+00
  2.0139100E+02  1.0625468E+00  3.2941088E-03  2.8070541E-04 -1.9111352E-04  0.0000000E+00
  2.0139100E+02  1.0663483E+00  3.1518851E-03  7.7319554E-04 -1.5635674E-04  0.0000000E+00
  2.0139100E+02  1.0700623E+00  3.0218625E-03  1.2608039E-03 -1.2361770E-04  0.0000000E+00
  2.0139100E+02  1.0737082E+00  2.8968143E-03  1.7353563E-03 -9.1174455E-05  0.0000000E+00
  2.0139100E+02  1.0772939E+00  2.7751816E-03  2.1982635E-03 -6.0246216E-05  0.0000000E+00
  2.0139100E+02  1.0808228E+00  2.6473044E-03  2.6148961E-03 -2.9942916E-05  0.0000000E+00
  2.0139100E+02  1.0842911E+00  2.5105648E-03  2.9648428E-03  2.7205645E-07  0.0000000E+00
  2.0139100E+02  1.0877113E+00  2.3654065E-03  3.2425974E-03  3.0918163E-05  0.0000000E+00
  2.0139100E+02  1.0910647E+00  2.2149922E-03  3.4510132E-03  6.2163003E-05  0.0000000E+00
  2.0139100E+02  1.0943552E+00  2.0613702E-03  3.6030286E-03  9.4346530E-05  0.0000000E+00
  2.0139100E+02  1.0975899E+00  1.9052322E-03  3.7161019E-03  1.2785273E-04  0.0000000E+00
  2.0139100E+02  1.1007477E+00  1.7471992E-03  3.8082660E-03  1.6275151E-04  0.0000000E+00
  2.0139100E+02  1.1038288E+00  1.5856205E-03  3.8968307E-03  1.9927159E-04  0.0000000E+00
  2.0139100E+02  1.1068278E+00  1.4185177E-03  3.9946053E-03  2.3746836E-04  0.0000000E+00
  2.0139100E+02  1.1097445E+00  1.2439593E-03  4.1083488E-03  2.7728598E-04  0.0000000E+00
  2.0139100E+02  1.1125650E+00  1.0623882E-03  4.2369859E-03  3.1822260E-04  0.0000000E+00
  2.0139100E+02  1.1152922E+00  8.7607056E-04  4.3730841E-03  3.5967479E-04  0.0000000E+00
  2.0139100E+02  1.1179223E+00  6.9168745E-04  4.5039017E-03  4.0056261E-04  0.0000000E+00
  2.0139100E+02  1.1204680E+00  5.1970369E-04  4.6164356E-03  4.3965300E-04  0.0000000E+00
  2.0139100E+02  1.1228908E+00  3.6848373E-04  4.7074965E-03  4.7709875E-04  0.0000000E+00
  2.0139100E+02  1.1251985E+00  2.4021645E-04  4.7873465E-03  5.1211935E-04  0.0000000E+00
  2.0139100E+02  1.1273893E+00  1.3653338E-04  4.8319665E-03  5.4499261E-04  0.0000000E+00
  2.0139100E+02  1.1294656E+00  5.6116240E-05  4.8257019E-03  5.7593356E-04  0.0000000E+00
  2.0139100E+02  1.1314327E+00 -4.3891356E-06  4.7605961E-03  6.0511015E-04  0.0000000E+00
  2.0139100E+02  1.1332869E+00 -4.9270863E-05  4.6361193E-03  6.3248405E-04  0.0000000E+00
  2.0139100E+02  1.1350368E+00 -8.3671638E-05  4.4570359E-03  6.5816422E-04  0.0000000E+00
  2.0139100E+02  1.1366788E+00 -1.1230116E-04  4.2335748E-03  6.8206700E-04  0.0000000E+00
  2.0139100E+02  1.1382167E+00 -1.3931415E-04  3.9779894E-03  7.0423354E-04  0.0000000E+00
  2.0139100E+02  1.1396499E+00 -1.6764547E-04  3.7039891E-03  7.2466827E-04  0.0000000E+00
  2.0139100E+02  1.1409737E+00 -1.9875854E-04  3.4252986E-03  7.4335753E-04  0.0000000E+00
  2.0139100E+02  1.1421854E+00 -2.3274573E-04  3.1527564E-03  7.6036044E-04  0.0000000E+00
  2.0139100E+02  1.1432743E+00 -2.6827602E-04  2.8952675E-03  7.7565465E-04  0.0000000E+00
  2.0139100E+02  1.1442372E+00 -3.0354637E-04  2.6555392E-03  7.8932960E-04  0.0000000E+00
  2.0139100E+02  1.1450601E+00 -3.3647732E-04  2.4342552E-03  8.0129669E-04  0.0000000E+00
  2.0139100E+02  1.1457383E+00 -3.6652524E-04  2.2259379E-03  8.1151239E-04  0.0000000E+00
