          atime         pdf_uu         pdf_vv         pdf_ww         pm1avg           tavg
  2.0139100E+02  0.0000000E+00  5.2046035E-05  0.0000000E+00  2.0670824E-03  0.0000000E+00
  2.0139100E+02 -2.7999935E-21  2.0653560E-04 -2.5972143E-06  2.0670472E-03  0.0000000E+00
  2.0139100E+02  1.4194751E-20  6.4816133E-04 -9.8040432E-06  2.0669440E-03  0.0000000E+00
  2.0139100E+02  1.0808218E-19  1.3153747E-03 -2.0036966E-05  2.0667770E-03  0.0000000E+00
  2.0139100E+02  3.2501672E-19  2.1178523E-03 -3.1174308E-05  2.0665406E-03  0.0000000E+00
  2.0139100E+02  6.6881529E-19  2.9527336E-03 -4.1180244E-05  2.0661908E-03  0.0000000E+00
  2.0139100E+02  1.1112157E-18  3.7212245E-03 -4.8686527E-05  2.0655932E-03  0.0000000E+00
  2.0139100E+02  1.6454578E-18  4.3445290E-03 -5.3385960E-05  2.0644483E-03  0.0000000E+00
  2.0139100E+02  2.3409038E-18  4.7742472E-03 -5.6087110E-05  2.0622097E-03  0.0000000E+00
  2.0139100E+02  3.3294950E-18  4.9959284E-03 -5.8412683E-05  2.0580195E-03  0.0000000E+00
  2.0139100E+02  4.6766029E-18  5.0254553E-03 -6.2217552E-05  2.0506942E-03  0.0000000E+00
  2.0139100E+02  6.1827425E-18  4.8990595E-03 -6.8880445E-05  2.0387831E-03  0.0000000E+00
  2.0139100E+02  7.3108987E-18  4.6583229E-03 -7.8677114E-05  2.0206817E-03  0.0000000E+00
  2.0139100E+02  7.5283833E-18  4.3333013E-03 -9.0474288E-05  1.9947349E-03  0.0000000E+00
  2.0139100E+02  7.1661423E-18  3.9330456E-03 -1.0198308E-04  1.9594330E-03  0.0000000E+00
  2.0139100E+02  7.9815613E-18  3.4551739E-03 -1.1138888E-04  1.9133342E-03  0.0000000E+00
  2.0139100E+02  1.0209514E-17  2.9603631E-03 -1.2168004E-04  1.8556722E-03  0.0000000E+00
  2.0139100E+02  1.1129146E-17  2.3855721E-03 -1.1496235E-04  1.7853033E-03  0.0000000E+00
  2.0139100E+02  1.0547171E-17  1.7530023E-03 -9.5507147E-05  1.7028636E-03  0.0000000E+00
  2.0139100E+02  9.5902947E-18  1.1014628E-03 -6.9364346E-05  1.6085659E-03  0.0000000E+00
  2.0139100E+02  8.8046686E-18  4.7888959E-04 -4.1367207E-05  1.5030213E-03  0.0000000E+00
  2.0139100E+02  8.2183368E-18 -6.7616573E-05 -1.5050322E-05  1.3869483E-03  0.0000000E+00
  2.0139100E+02  7.5190874E-18 -4.9895275E-04  6.9343490E-06  1.2615491E-03  0.0000000E+00
  2.0139100E+02  6.3010568E-18 -7.9432943E-04  2.2306548E-05  1.1280569E-03  0.0000000E+00
  2.0139100E+02  4.3241112E-18 -9.5457163E-04  2.8336540E-05  9.8811002E-04  0.0000000E+00
  2.0139100E+02  1.6943034E-18 -1.0020108E-03  2.1229269E-05  8.4348597E-04  0.0000000E+00
  2.0139100E+02 -1.1112599E-18 -9.7200456E-04 -4.1856180E-06  6.9611931E-04  0.0000000E+00
  2.0139100E+02 -3.4302925E-18 -8.9783465E-04 -5.4079508E-05  5.4808123E-04  0.0000000E+00
  2.0139100E+02 -4.8018034E-18 -7.9234064E-04 -1.3450903E-04  4.0122239E-04  0.0000000E+00
  2.0139100E+02 -5.3906451E-18 -6.3661969E-04 -2.4921095E-04  2.5739823E-04  0.0000000E+00
  2.0139100E+02 -6.1019751E-18 -3.9362313E-04 -3.9728180E-04  1.1792286E-04  0.0000000E+00
  2.0139100E+02 -7.6815880E-18 -7.9085169E-05 -5.7084116E-04 -1.6139191E-05  0.0000000E+00
  2.0139100E+02 -7.6539407E-18  6.1554128E-05 -7.5480381E-04 -1.4369802E-04  0.0000000E+00
  2.0139100E+02 -1.0596951E-17  2.6030260E-04 -9.5562246E-04 -2.6353396E-04  0.0000000E+00
  2.0139100E+02 -9.8918724E-18  4.3551233E-04 -1.1089222E-03 -3.7499437E-04  0.0000000E+00
  2.0139100E+02 -8.7532223E-18  5.2565040E-04 -1.1975057E-03 -4.7748410E-04  0.0000000E+00
  2.0139100E+02 -8.9261288E-18  5.1912508E-04 -1.2200790E-03 -5.7094264E-04  0.0000000E+00
  2.0139100E+02 -1.0879769E-17  4.3810002E-04 -1.1876828E-03 -6.5587257E-04  0.0000000E+00
  2.0139100E+02 -1.4093648E-17  3.2224821E-04 -1.1193612E-03 -7.3276917E-04  0.0000000E+00
  2.0139100E+02 -1.7448079E-17  2.1302689E-04 -1.0370043E-03 -8.0247625E-04  0.0000000E+00
  2.0139100E+02 -1.9661224E-17  1.4159290E-04 -9.6007280E-04 -8.6593522E-04  0.0000000E+00
  2.0139100E+02 -1.9706751E-17  1.2216040E-04 -9.0160147E-04 -9.2375734E-04  0.0000000E+00
  2.0139100E+02 -1.7211283E-17  1.4990673E-04 -8.6448816E-04 -9.7653623E-04  0.0000000E+00
  2.0139100E+02 -1.2677985E-17  2.0541392E-04 -8.4044557E-04 -1.0247785E-03  0.0000000E+00
  2.0139100E+02 -7.5240777E-18  2.6230205E-04 -8.1186676E-04 -1.0686125E-03  0.0000000E+00
  2.0139100E+02 -3.6812581E-18  2.9618305E-04 -7.5720670E-04 -1.1082695E-03  0.0000000E+00
  2.0139100E+02 -2.7740825E-18  2.8652055E-04 -6.6132155E-04 -1.1437621E-03  0.0000000E+00
  2.0139100E+02 -4.5869428E-18  2.0319508E-04 -5.3225653E-04 -1.1745659E-03  0.0000000E+00
  2.0139100E+02 -4.6555531E-18 -3.6849605E-05 -4.2335553E-04 -1.1994619E-03  0.0000000E+00
  2.0139100E+02 -1.0630560E-17 -2.4761041E-04 -2.8985711E-04 -1.2190715E-03  0.0000000E+00
  2.0139100E+02 -7.8908203E-18 -3.8020217E-04 -1.5812745E-04 -1.2328724E-03  0.0000000E+00
  2.0139100E+02 -3.2928162E-18 -4.5518350E-04 -5.7697843E-05 -1.2416259E-03  0.0000000E+00
  2.0139100E+02 -4.9636745E-21 -4.7718313E-04  3.3020841E-06 -1.2463744E-03  0.0000000E+00
  2.0139100E+02  1.1656295E-18 -4.4523936E-04  2.8731231E-05 -1.2481172E-03  0.0000000E+00
  2.0139100E+02  6.9085312E-19 -3.6138498E-04  2.8185755E-05 -1.2476920E-03  0.0000000E+00
  2.0139100E+02 -5.4032429E-19 -2.3586465E-04  1.1882353E-05 -1.2456581E-03  0.0000000E+00
  2.0139100E+02 -1.8043273E-18 -8.6788567E-05 -1.2382795E-05 -1.2422396E-03  0.0000000E+00
  2.0139100E+02 -2.8004133E-18  6.2121035E-05 -4.0140352E-05 -1.2373386E-03  0.0000000E+00
  2.0139100E+02 -3.6164476E-18  1.8565639E-04 -6.9004012E-05 -1.2306721E-03  0.0000000E+00
  2.0139100E+02 -4.4926747E-18  2.6626019E-04 -9.6938018E-05 -1.2218487E-03  0.0000000E+00
  2.0139100E+02 -5.4684053E-18  2.9919064E-04 -1.2004998E-04 -1.2104634E-03  0.0000000E+00
  2.0139100E+02 -6.1065690E-18  2.9387466E-04 -1.3150761E-04 -1.1964066E-03  0.0000000E+00
  2.0139100E+02 -5.6164761E-18  2.6836211E-04 -1.2510374E-04 -1.1796132E-03  0.0000000E+00
  2.0139100E+02 -3.6484396E-18  2.2846536E-04 -1.0439276E-04 -1.1600705E-03  0.0000000E+00
  2.0139100E+02 -2.3524684E-18  1.2764015E-04 -1.0312458E-04 -1.1376681E-03  0.0000000E+00
  2.0139100E+02  9.0859722E-19  1.3056292E-04 -1.1236606E-04 -1.1142833E-03  0.0000000E+00
  2.0139100E+02  9.7287363E-20  9.6729047E-05 -9.9314753E-05 -1.0878968E-03  0.0000000E+00
  2.0139100E+02 -1.1706717E-18  2.0627115E-05 -7.5155362E-05 -1.0592280E-03  0.0000000E+00
  2.0139100E+02 -1.5156446E-18 -7.6937377E-05 -5.2397994E-05 -1.0290425E-03  0.0000000E+00
  2.0139100E+02 -9.2506349E-19 -1.6720158E-04 -4.1607305E-05 -9.9802162E-04  0.0000000E+00
  2.0139100E+02 -3.4856627E-20 -2.2623177E-04 -4.9199770E-05 -9.6661729E-04  0.0000000E+00
  2.0139100E+02  3.9989825E-19 -2.4180885E-04 -7.6109301E-05 -9.3535843E-04  0.0000000E+00
  2.0139100E+02 -1.2553777E-19 -2.1640335E-04 -1.1811471E-04 -9.0418818E-04  0.0000000E+00
  2.0139100E+02 -1.7102996E-18 -1.6402620E-04 -1.6644655E-04 -8.7318836E-04  0.0000000E+00
  2.0139100E+02 -4.0325543E-18 -1.0493145E-04 -2.0986736E-04 -8.4231637E-04  0.0000000E+00
  2.0139100E+02 -6.4745333E-18 -5.8166571E-05 -2.3718588E-04 -8.1161964E-04  0.0000000E+00
  2.0139100E+02 -8.3538255E-18 -3.4358317E-05 -2.4045506E-04 -7.8117906E-04  0.0000000E+00
  2.0139100E+02 -9.1574526E-18 -3.2614909E-05 -2.1761617E-04 -7.5114503E-04  0.0000000E+00
  2.0139100E+02 -8.7009140E-18 -4.4471843E-05 -1.7473008E-04 -7.2182122E-04  0.0000000E+00
  2.0139100E+02 -7.1406340E-18 -6.9063835E-05 -1.2729471E-04 -6.9355483E-04  0.0000000E+00
  2.0139100E+02 -4.6458164E-18 -1.4556838E-04 -9.8476265E-05 -6.6607807E-04  0.0000000E+00
  2.0139100E+02  2.0423377E-18 -1.5714430E-04 -4.8166131E-05 -6.3928981E-04  0.0000000E+00
  2.0139100E+02 -5.1125019E-19 -1.6782758E-04 -3.5809981E-05 -6.1190508E-04  0.0000000E+00
  2.0139100E+02 -4.7670067E-18 -1.7174316E-04 -4.4197696E-05 -5.8382417E-04  0.0000000E+00
  2.0139100E+02 -7.4828346E-18 -1.6236776E-04 -6.6010697E-05 -5.5447743E-04  0.0000000E+00
  2.0139100E+02 -7.9931129E-18 -1.3731445E-04 -9.7138128E-05 -5.2340524E-04  0.0000000E+00
  2.0139100E+02 -6.9374438E-18 -9.9916790E-05 -1.3315906E-04 -4.9018918E-04  0.0000000E+00
  2.0139100E+02 -5.3077928E-18 -5.8515099E-05 -1.6776906E-04 -4.5480433E-04  0.0000000E+00
  2.0139100E+02 -3.8882423E-18 -2.3911598E-05 -1.9329981E-04 -4.1764976E-04  0.0000000E+00
  2.0139100E+02 -2.9966052E-18 -5.4688690E-06 -2.0281105E-04 -3.7926148E-04  0.0000000E+00
  2.0139100E+02 -2.5139033E-18 -7.6089376E-06 -1.9246614E-04 -3.4037018E-04  0.0000000E+00
  2.0139100E+02 -2.0951689E-18 -2.6926422E-05 -1.6412744E-04 -3.0180660E-04  0.0000000E+00
  2.0139100E+02 -1.4821715E-18 -5.2200295E-05 -1.2614417E-04 -2.6392697E-04  0.0000000E+00
  2.0139100E+02 -8.1040902E-19 -6.8104995E-05 -9.2147405E-05 -2.2697120E-04  0.0000000E+00
  2.0139100E+02 -7.6731204E-19 -6.4929821E-05 -7.5773354E-05 -1.9111352E-04  0.0000000E+00
  2.0139100E+02 -2.4436878E-18 -5.6225152E-05 -7.9544827E-05 -1.5635674E-04  0.0000000E+00
  2.0139100E+02 -6.6984237E-18 -1.0615948E-04 -7.7113376E-05 -1.2361770E-04  0.0000000E+00
  2.0139100E+02 -1.1525820E-18 -6.4543132E-05 -8.1227758E-05 -9.1174455E-05  0.0000000E+00
  2.0139100E+02 -1.4067046E-18 -8.0395908E-05 -8.0754525E-05 -6.0246216E-05  0.0000000E+00
  2.0139100E+02 -1.6685673E-18 -1.1220266E-04 -7.3641863E-05 -2.9942916E-05  0.0000000E+00
  2.0139100E+02 -7.5249791E-19 -1.3786570E-04 -6.0418019E-05  2.7205645E-07  0.0000000E+00
  2.0139100E+02  5.0794308E-19 -1.5001936E-04 -4.2285912E-05  3.0918163E-05  0.0000000E+00
  2.0139100E+02  9.5260032E-19 -1.5091008E-04 -2.0335516E-05  6.2163003E-05  0.0000000E+00
  2.0139100E+02  4.1823442E-20 -1.4795582E-04  5.0532603E-06  9.4346530E-05  0.0000000E+00
  2.0139100E+02 -1.8942938E-18 -1.4945220E-04  3.3982929E-05  1.2785273E-04  0.0000000E+00
  2.0139100E+02 -3.8461046E-18 -1.6127070E-04  6.6181881E-05  1.6275151E-04  0.0000000E+00
  2.0139100E+02 -4.6811043E-18 -1.8457403E-04  1.0075840E-04  1.9927159E-04  0.0000000E+00
  2.0139100E+02 -3.7558465E-18 -2.1500063E-04  1.3538441E-04  2.3746836E-04  0.0000000E+00
  2.0139100E+02 -1.4060049E-18 -2.4359792E-04  1.6614424E-04  2.7728598E-04  0.0000000E+00
  2.0139100E+02  9.2769648E-19 -2.5960319E-04  1.8770367E-04  3.1822260E-04  0.0000000E+00
  2.0139100E+02  1.2828605E-18 -2.5618405E-04  1.9491912E-04  3.5967479E-04  0.0000000E+00
  2.0139100E+02 -1.3163663E-18 -2.3851441E-04  1.8516509E-04  4.0056261E-04  0.0000000E+00
  2.0139100E+02 -4.0872173E-18 -2.3511239E-04  1.6238258E-04  4.3965300E-04  0.0000000E+00
  2.0139100E+02 -5.4659848E-18 -2.0068003E-04  1.3089341E-04  4.7709875E-04  0.0000000E+00
  2.0139100E+02 -3.6366534E-18 -1.8447614E-04  1.0629390E-04  5.1211935E-04  0.0000000E+00
  2.0139100E+02 -2.1453955E-18 -1.7750779E-04  8.7770569E-05  5.4499261E-04  0.0000000E+00
  2.0139100E+02 -1.3218431E-18 -1.7215662E-04  7.2947540E-05  5.7593356E-04  0.0000000E+00
  2.0139100E+02 -3.3610589E-19 -1.6363497E-04  5.9335859E-05  6.0511015E-04  0.0000000E+00
  2.0139100E+02  1.5451513E-18 -1.5037380E-04  4.5271378E-05  6.3248405E-04  0.0000000E+00
  2.0139100E+02  4.3963487E-18 -1.3341904E-04  3.0131769E-05  6.5816422E-04  0.0000000E+00
  2.0139100E+02  7.5532587E-18 -1.1555337E-04  1.4512910E-05  6.8206700E-04  0.0000000E+00
  2.0139100E+02  9.9487840E-18 -9.9803946E-05 -2.4568817E-07  7.0423354E-04  0.0000000E+00
  2.0139100E+02  1.0589084E-17 -8.8275832E-05 -1.2450611E-05  7.2466827E-04  0.0000000E+00
  2.0139100E+02  9.0670057E-18 -8.1200389E-05 -2.0635270E-05  7.4335753E-04  0.0000000E+00
  2.0139100E+02  5.8844356E-18 -7.6635425E-05 -2.4137468E-05  7.6036044E-04  0.0000000E+00
  2.0139100E+02  2.4219518E-18 -7.1269189E-05 -2.3426141E-05  7.7565465E-04  0.0000000E+00
  2.0139100E+02  2.9519960E-19 -6.2404408E-05 -2.0214935E-05  7.8932960E-04  0.0000000E+00
  2.0139100E+02  4.8557068E-20 -5.1781202E-05 -1.7185295E-05  8.0129669E-04  0.0000000E+00
  2.0139100E+02 -1.1914266E-18 -5.1119634E-05 -1.7147620E-05  8.1151239E-04  0.0000000E+00
