          atime         prd_uu         prd_vv         prd_ww         pm1avg           tavg
  2.0139100E+02  0.0000000E+00  0.0000000E+00  0.0000000E+00  2.0670824E-03  0.0000000E+00
  2.0139100E+02 -2.0850636E-07  1.2337837E-09  6.7856224E-09  2.0670472E-03  0.0000000E+00
  2.0139100E+02 -5.5012136E-08  3.5004264E-09  8.6473675E-09  2.0669440E-03  0.0000000E+00
  2.0139100E+02  5.0315459E-06  3.7690385E-09 -9.3115072E-08  2.0667770E-03  0.0000000E+00
  2.0139100E+02  3.0959379E-05  5.5411885E-10 -5.8110122E-07  2.0665406E-03  0.0000000E+00
  2.0139100E+02  1.1949572E-04 -2.6052052E-09 -2.0199058E-06  2.0661908E-03  0.0000000E+00
  2.0139100E+02  3.5976399E-04  5.5451217E-09 -5.2694080E-06  2.0655932E-03  0.0000000E+00
  2.0139100E+02  9.1245182E-04  4.6340635E-08 -1.1363212E-05  2.0644483E-03  0.0000000E+00
  2.0139100E+02  2.0264287E-03  1.5559147E-07 -2.1260886E-05  2.0622097E-03  0.0000000E+00
  2.0139100E+02  4.0321972E-03  3.9260391E-07 -3.5550613E-05  2.0580195E-03  0.0000000E+00
  2.0139100E+02  7.2950426E-03  8.5305250E-07 -5.4221331E-05  2.0506942E-03  0.0000000E+00
  2.0139100E+02  1.2119011E-02  1.6774173E-06 -7.6621860E-05  2.0387831E-03  0.0000000E+00
  2.0139100E+02  1.8616270E-02  3.0386371E-06 -1.0164729E-04  2.0206817E-03  0.0000000E+00
  2.0139100E+02  2.6588423E-02  5.0939841E-06 -1.2802834E-04  1.9947349E-03  0.0000000E+00
  2.0139100E+02  3.5445403E-02  7.8993406E-06 -1.5432161E-04  1.9594330E-03  0.0000000E+00
  2.0139100E+02  4.4366799E-02  1.1420606E-05 -1.7880960E-04  1.9133342E-03  0.0000000E+00
  2.0139100E+02  5.2577349E-02  1.5910181E-05 -1.9923687E-04  1.8556722E-03  0.0000000E+00
  2.0139100E+02  5.8962682E-02  2.0408392E-05 -2.1449763E-04  1.7853033E-03  0.0000000E+00
  2.0139100E+02  6.3284295E-02  2.4817375E-05 -2.1945149E-04  1.7028636E-03  0.0000000E+00
  2.0139100E+02  6.5487161E-02  2.8009270E-05 -2.1227370E-04  1.6085659E-03  0.0000000E+00
  2.0139100E+02  6.5685468E-02  2.9116144E-05 -1.9247893E-04  1.5030213E-03  0.0000000E+00
  2.0139100E+02  6.4153306E-02  2.7559898E-05 -1.6084531E-04  1.3869483E-03  0.0000000E+00
  2.0139100E+02  6.1283287E-02  2.3022957E-05 -1.1922965E-04  1.2615491E-03  0.0000000E+00
  2.0139100E+02  5.7520171E-02  1.5371751E-05 -7.0018289E-05  1.1280569E-03  0.0000000E+00
  2.0139100E+02  5.3298564E-02  4.5778794E-06 -1.5738068E-05  9.8811002E-04  0.0000000E+00
  2.0139100E+02  4.8974042E-02 -9.3680757E-06  4.1487548E-05  8.4348597E-04  0.0000000E+00
  2.0139100E+02  4.4782029E-02 -2.6489670E-05  1.0021492E-04  6.9611931E-04  0.0000000E+00
  2.0139100E+02  4.0830676E-02 -4.6787929E-05  1.5968895E-04  5.4808123E-04  0.0000000E+00
  2.0139100E+02  3.7126688E-02 -7.0194100E-05  2.1968190E-04  4.0122239E-04  0.0000000E+00
  2.0139100E+02  3.3651916E-02 -9.6446859E-05  2.7991726E-04  2.5739823E-04  0.0000000E+00
  2.0139100E+02  3.0424398E-02 -1.2524987E-04  3.4001522E-04  1.1792286E-04  0.0000000E+00
  2.0139100E+02  2.7516059E-02 -1.5675084E-04  4.0009194E-04 -1.6139191E-05  0.0000000E+00
  2.0139100E+02  2.4880291E-02 -1.9294915E-04  4.6372201E-04 -1.4369802E-04  0.0000000E+00
  2.0139100E+02  2.2426108E-02 -2.2636008E-04  5.1566194E-04 -2.6353396E-04  0.0000000E+00
  2.0139100E+02  2.0210607E-02 -2.6119525E-04  5.6609160E-04 -3.7499437E-04  0.0000000E+00
  2.0139100E+02  1.8229254E-02 -2.9788861E-04  6.1795082E-04 -4.7748410E-04  0.0000000E+00
  2.0139100E+02  1.6474836E-02 -3.3380330E-04  6.6776352E-04 -5.7094264E-04  0.0000000E+00
  2.0139100E+02  1.4935144E-02 -3.6485630E-04  7.0881231E-04 -6.5587257E-04  0.0000000E+00
  2.0139100E+02  1.3601160E-02 -3.8686653E-04  7.3391007E-04 -7.3276917E-04  0.0000000E+00
  2.0139100E+02  1.2458023E-02 -3.9701149E-04  7.3816636E-04 -8.0247625E-04  0.0000000E+00
  2.0139100E+02  1.1487737E-02 -3.9452394E-04  7.2040968E-04 -8.6593522E-04  0.0000000E+00
  2.0139100E+02  1.0673927E-02 -3.8093058E-04  6.8374537E-04 -9.2375734E-04  0.0000000E+00
  2.0139100E+02  9.9954781E-03 -3.5968330E-04  6.3476922E-04 -9.7653623E-04  0.0000000E+00
  2.0139100E+02  9.4278463E-03 -3.3506289E-04  5.8147653E-04 -1.0247785E-03  0.0000000E+00
  2.0139100E+02  8.9475257E-03 -3.1088888E-04  5.3083963E-04 -1.0686125E-03  0.0000000E+00
  2.0139100E+02  8.5296460E-03 -2.8876756E-04  4.8549438E-04 -1.1082695E-03  0.0000000E+00
  2.0139100E+02  8.1579663E-03 -2.6733243E-04  4.4261525E-04 -1.1437621E-03  0.0000000E+00
  2.0139100E+02  7.8383446E-03 -2.4305390E-04  3.9608392E-04 -1.1745659E-03  0.0000000E+00
  2.0139100E+02  7.6160783E-03 -2.1387811E-04  3.4457749E-04 -1.1994619E-03  0.0000000E+00
  2.0139100E+02  7.3281133E-03 -1.9912372E-04  3.1627798E-04 -1.2190715E-03  0.0000000E+00
  2.0139100E+02  7.0460161E-03 -1.9138154E-04  3.0041408E-04 -1.2328724E-03  0.0000000E+00
  2.0139100E+02  6.7769769E-03 -1.9334954E-04  3.0033202E-04 -1.2416259E-03  0.0000000E+00
  2.0139100E+02  6.5232438E-03 -2.0462349E-04  3.1467807E-04 -1.2463744E-03  0.0000000E+00
  2.0139100E+02  6.2861458E-03 -2.2296716E-04  3.3941906E-04 -1.2481172E-03  0.0000000E+00
  2.0139100E+02  6.0653469E-03 -2.4537848E-04  3.6949002E-04 -1.2476920E-03  0.0000000E+00
  2.0139100E+02  5.8614181E-03 -2.6869975E-04  3.9979931E-04 -1.2456581E-03  0.0000000E+00
  2.0139100E+02  5.6736878E-03 -2.9035469E-04  4.2632866E-04 -1.2422396E-03  0.0000000E+00
  2.0139100E+02  5.5019787E-03 -3.0831858E-04  4.4611771E-04 -1.2373386E-03  0.0000000E+00
  2.0139100E+02  5.3474507E-03 -3.2089651E-04  4.5699105E-04 -1.2306721E-03  0.0000000E+00
  2.0139100E+02  5.2098254E-03 -3.2673752E-04  4.5745181E-04 -1.2218487E-03  0.0000000E+00
  2.0139100E+02  5.0873103E-03 -3.2443128E-04  4.4599583E-04 -1.2104634E-03  0.0000000E+00
  2.0139100E+02  4.9782736E-03 -3.1256908E-04  4.2124201E-04 -1.1964066E-03  0.0000000E+00
  2.0139100E+02  4.8783401E-03 -2.9031068E-04  3.8245949E-04 -1.1796132E-03  0.0000000E+00
  2.0139100E+02  4.7832610E-03 -2.5901725E-04  3.3199633E-04 -1.1600705E-03  0.0000000E+00
  2.0139100E+02  4.6920494E-03 -2.2608680E-04  2.8084548E-04 -1.1376681E-03  0.0000000E+00
  2.0139100E+02  4.6014391E-03 -2.0042164E-04  2.4065747E-04 -1.1142833E-03  0.0000000E+00
  2.0139100E+02  4.4989135E-03 -1.8174264E-04  2.1291414E-04 -1.0878968E-03  0.0000000E+00
  2.0139100E+02  4.3882552E-03 -1.6033813E-04  1.8315440E-04 -1.0592280E-03  0.0000000E+00
  2.0139100E+02  4.2730253E-03 -1.3188143E-04  1.4477495E-04 -1.0290425E-03  0.0000000E+00
  2.0139100E+02  4.1564934E-03 -9.6078395E-05  9.6980358E-05 -9.9802162E-04  0.0000000E+00
  2.0139100E+02  4.0412717E-03 -5.5255594E-05  4.2704820E-05 -9.6661729E-04  0.0000000E+00
  2.0139100E+02  3.9303764E-03 -1.3571427E-05 -1.2581656E-05 -9.3535843E-04  0.0000000E+00
  2.0139100E+02  3.8246222E-03  2.5001772E-05 -6.3641493E-05 -9.0418818E-04  0.0000000E+00
  2.0139100E+02  3.7249360E-03  5.6713406E-05 -1.0555181E-04 -8.7318836E-04  0.0000000E+00
  2.0139100E+02  3.6311033E-03  7.9197573E-05 -1.3523714E-04 -8.4231637E-04  0.0000000E+00
  2.0139100E+02  3.5423233E-03  9.1793705E-05 -1.5185026E-04 -8.1161964E-04  0.0000000E+00
  2.0139100E+02  3.4572153E-03  9.5709213E-05 -1.5692820E-04 -7.8117906E-04  0.0000000E+00
  2.0139100E+02  3.3746087E-03  9.3586866E-05 -1.5377003E-04 -7.5114503E-04  0.0000000E+00
  2.0139100E+02  3.2950860E-03  8.8720630E-05 -1.4638941E-04 -7.2182122E-04  0.0000000E+00
  2.0139100E+02  3.2228898E-03  8.3807891E-05 -1.3794462E-04 -6.9355483E-04  0.0000000E+00
  2.0139100E+02  3.1675741E-03  7.9006192E-05 -1.2834952E-04 -6.6607807E-04  0.0000000E+00
  2.0139100E+02  3.0878064E-03  7.6702510E-05 -1.2329692E-04 -6.3928981E-04  0.0000000E+00
  2.0139100E+02  3.0195341E-03  7.6151129E-05 -1.1947116E-04 -6.1190508E-04  0.0000000E+00
  2.0139100E+02  2.9622834E-03  7.4132933E-05 -1.1355968E-04 -5.8382417E-04  0.0000000E+00
  2.0139100E+02  2.9142176E-03  6.9995725E-05 -1.0515813E-04 -5.5447743E-04  0.0000000E+00
  2.0139100E+02  2.8725450E-03  6.4788603E-05 -9.5820885E-05 -5.2340524E-04  0.0000000E+00
  2.0139100E+02  2.8332746E-03  6.0378673E-05 -8.7995787E-05 -4.9018918E-04  0.0000000E+00
  2.0139100E+02  2.7919877E-03  5.8737433E-05 -8.4200612E-05 -4.5480433E-04  0.0000000E+00
  2.0139100E+02  2.7443064E-03  6.1306698E-05 -8.6240989E-05 -4.1764976E-04  0.0000000E+00
  2.0139100E+02  2.6861795E-03  6.8550040E-05 -9.4638811E-05 -3.7926148E-04  0.0000000E+00
  2.0139100E+02  2.6146609E-03  7.9707120E-05 -1.0832132E-04 -3.4037018E-04  0.0000000E+00
  2.0139100E+02  2.5287333E-03  9.2725267E-05 -1.2452285E-04 -3.0180660E-04  0.0000000E+00
  2.0139100E+02  2.4288984E-03  1.0469857E-04 -1.3934499E-04 -2.6392697E-04  0.0000000E+00
  2.0139100E+02  2.3183990E-03  1.1234157E-04 -1.4839806E-04 -2.2697120E-04  0.0000000E+00
  2.0139100E+02  2.2036769E-03  1.1304257E-04 -1.4822819E-04 -1.9111352E-04  0.0000000E+00
  2.0139100E+02  2.0931634E-03  1.0634295E-04 -1.3834646E-04 -1.5635674E-04  0.0000000E+00
  2.0139100E+02  1.9986166E-03  9.5841873E-05 -1.2391820E-04 -1.2361770E-04  0.0000000E+00
  2.0139100E+02  1.9072900E-03  8.9319985E-05 -1.1423242E-04 -9.1174455E-05  0.0000000E+00
  2.0139100E+02  1.8190032E-03  9.0509871E-05 -1.1459999E-04 -6.0246216E-05  0.0000000E+00
  2.0139100E+02  1.7319173E-03  9.4744235E-05 -1.1904532E-04 -2.9942916E-05  0.0000000E+00
  2.0139100E+02  1.6454916E-03  9.9081477E-05 -1.2368649E-04  2.7205645E-07  0.0000000E+00
  2.0139100E+02  1.5592783E-03  1.0205975E-04 -1.2650593E-04  3.0918163E-05  0.0000000E+00
  2.0139100E+02  1.4737303E-03  1.0332254E-04 -1.2694372E-04  6.2163003E-05  0.0000000E+00
  2.0139100E+02  1.3886697E-03  1.0330848E-04 -1.2551543E-04  9.4346530E-05  0.0000000E+00
  2.0139100E+02  1.3037142E-03  1.0284358E-04 -1.2329755E-04  1.2785273E-04  0.0000000E+00
  2.0139100E+02  1.2192201E-03  1.0280056E-04 -1.2149735E-04  1.6275151E-04  0.0000000E+00
  2.0139100E+02  1.1351217E-03  1.0377123E-04 -1.2098652E-04  1.9927159E-04  0.0000000E+00
  2.0139100E+02  1.0518050E-03  1.0581994E-04 -1.2197357E-04  2.3746836E-04  0.0000000E+00
  2.0139100E+02  9.6991567E-04  1.0833233E-04 -1.2378727E-04  2.7728598E-04  0.0000000E+00
  2.0139100E+02  8.9086775E-04  1.0996762E-04 -1.2482302E-04  3.1822260E-04  0.0000000E+00
  2.0139100E+02  8.1577087E-04  1.0881718E-04 -1.2275698E-04  3.5967479E-04  0.0000000E+00
  2.0139100E+02  7.4556858E-04  1.0272545E-04 -1.1503080E-04  4.0056261E-04  0.0000000E+00
  2.0139100E+02  6.7952831E-04  8.9804001E-05 -9.9623803E-05  4.3965300E-04  0.0000000E+00
  2.0139100E+02  6.1109657E-04  7.6712779E-05 -8.4197412E-05  4.7709875E-04  0.0000000E+00
  2.0139100E+02  5.4919246E-04  6.2292042E-05 -6.7320402E-05  5.1211935E-04  0.0000000E+00
  2.0139100E+02  4.9185133E-04  4.8393240E-05 -5.1268834E-05  5.4499261E-04  0.0000000E+00
  2.0139100E+02  4.3813241E-04  3.6234659E-05 -3.7411930E-05  5.7593356E-04  0.0000000E+00
  2.0139100E+02  3.8764435E-04  2.6497978E-05 -2.6430178E-05  6.0511015E-04  0.0000000E+00
  2.0139100E+02  3.4051079E-04  1.9475651E-05 -1.8553607E-05  6.3248405E-04  0.0000000E+00
  2.0139100E+02  2.9657517E-04  1.5054176E-05 -1.3584773E-05  6.5816422E-04  0.0000000E+00
  2.0139100E+02  2.5590531E-04  1.2890800E-05 -1.1114448E-05  6.8206700E-04  0.0000000E+00
  2.0139100E+02  2.1824918E-04  1.2435144E-05 -1.0543126E-05  7.0423354E-04  0.0000000E+00
  2.0139100E+02  1.8336720E-04  1.3044113E-05 -1.1194081E-05  7.2466827E-04  0.0000000E+00
  2.0139100E+02  1.5108651E-04  1.4053663E-05 -1.2371058E-05  7.4335753E-04  0.0000000E+00
  2.0139100E+02  1.2123259E-04  1.4869468E-05 -1.3437266E-05  7.6036044E-04  0.0000000E+00
  2.0139100E+02  9.3958725E-05  1.5048299E-05 -1.3890127E-05  7.7565465E-04  0.0000000E+00
  2.0139100E+02  6.9409312E-05  1.4389386E-05 -1.3465057E-05  7.8932960E-04  0.0000000E+00
  2.0139100E+02  4.8156874E-05  1.3025366E-05 -1.2252753E-05  8.0129669E-04  0.0000000E+00
  2.0139100E+02  3.0611192E-05  1.1508380E-05 -1.0849318E-05  8.1151239E-04  0.0000000E+00
