          atime         ptr_uu         ptr_vv         ptr_ww         pm1avg           tavg
  2.0139100E+02  0.0000000E+00  0.0000000E+00  0.0000000E+00  2.0670824E-03  0.0000000E+00
  2.0139100E+02  2.7887337E-05 -8.2731674E-08  1.2761471E-04  2.0670472E-03  0.0000000E+00
  2.0139100E+02  1.0445114E-04 -1.0373697E-06  4.9638281E-04  2.0669440E-03  0.0000000E+00
  2.0139100E+02  2.0943012E-04 -4.6054658E-06  1.0665972E-03  2.0667770E-03  0.0000000E+00
  2.0139100E+02  3.1233842E-04 -1.2562553E-05  1.7798546E-03  2.0665406E-03  0.0000000E+00
  2.0139100E+02  3.7698685E-04 -2.5464951E-05  2.5696458E-03  2.0661908E-03  0.0000000E+00
  2.0139100E+02  3.6674795E-04 -4.1617274E-05  3.3720416E-03  2.0655932E-03  0.0000000E+00
  2.0139100E+02  2.5006026E-04 -5.6758286E-05  4.1362481E-03  2.0644483E-03  0.0000000E+00
  2.0139100E+02  4.9656513E-06 -6.4734940E-05  4.8311262E-03  2.0622097E-03  0.0000000E+00
  2.0139100E+02 -3.7799493E-04 -5.9121875E-05  5.4464994E-03  2.0580195E-03  0.0000000E+00
  2.0139100E+02 -8.9488886E-04 -3.5370358E-05  5.9889822E-03  2.0506942E-03  0.0000000E+00
  2.0139100E+02 -1.5296543E-03  7.2801370E-06  6.4739120E-03  2.0387831E-03  0.0000000E+00
  2.0139100E+02 -2.2574516E-03  6.5142812E-05  6.9163702E-03  2.0206817E-03  0.0000000E+00
  2.0139100E+02 -3.0493529E-03  1.3154186E-04  7.3249403E-03  1.9947349E-03  0.0000000E+00
  2.0139100E+02 -3.8732649E-03  2.0021682E-04  7.6984268E-03  1.9594330E-03  0.0000000E+00
  2.0139100E+02 -4.7034447E-03  2.7075625E-04  8.0267358E-03  1.9133342E-03  0.0000000E+00
  2.0139100E+02 -5.5263278E-03  3.5204012E-04  8.2680467E-03  1.8556722E-03  0.0000000E+00
  2.0139100E+02 -6.2744475E-03  3.8420905E-04  8.4685941E-03  1.7853033E-03  0.0000000E+00
  2.0139100E+02 -6.9880186E-03  4.3591848E-04  8.5602781E-03  1.7028636E-03  0.0000000E+00
  2.0139100E+02 -7.6427518E-03  5.1797895E-04  8.5488901E-03  1.6085659E-03  0.0000000E+00
  2.0139100E+02 -8.2195738E-03  6.4346621E-04  8.4461660E-03  1.5030213E-03  0.0000000E+00
  2.0139100E+02 -8.7077895E-03  8.2501290E-04  8.2683908E-03  1.3869483E-03  0.0000000E+00
  2.0139100E+02 -9.1032497E-03  1.0708150E-03  8.0345678E-03  1.2615491E-03  0.0000000E+00
  2.0139100E+02 -9.4092463E-03  1.3821779E-03  7.7630062E-03  1.1280569E-03  0.0000000E+00
  2.0139100E+02 -9.6332636E-03  1.7509474E-03  7.4691860E-03  9.8811002E-04  0.0000000E+00
  2.0139100E+02 -9.7854407E-03  2.1603347E-03  7.1630707E-03  8.4348597E-04  0.0000000E+00
  2.0139100E+02 -9.8760903E-03  2.5879808E-03  6.8481652E-03  6.9611931E-04  0.0000000E+00
  2.0139100E+02 -9.9139928E-03  3.0116452E-03  6.5223647E-03  5.4808123E-04  0.0000000E+00
  2.0139100E+02 -9.9055809E-03  3.4168142E-03  6.1803659E-03  4.0122239E-04  0.0000000E+00
  2.0139100E+02 -9.8547677E-03  3.7995287E-03  5.8197204E-03  2.5739823E-04  0.0000000E+00
  2.0139100E+02 -9.7627723E-03  4.1605068E-03  5.4467078E-03  1.1792286E-04  0.0000000E+00
  2.0139100E+02 -9.6259456E-03  4.4731545E-03  5.0838545E-03 -1.6139191E-05  0.0000000E+00
  2.0139100E+02 -9.4279848E-03  4.6078078E-03  4.7734739E-03 -1.4369802E-04  0.0000000E+00
  2.0139100E+02 -9.2718228E-03  4.7209099E-03  4.4359089E-03 -2.6353396E-04  0.0000000E+00
  2.0139100E+02 -9.0331524E-03  4.7813321E-03  4.1295976E-03 -3.7499437E-04  0.0000000E+00
  2.0139100E+02 -8.7570410E-03  4.7624168E-03  3.8422935E-03 -4.7748410E-04  0.0000000E+00
  2.0139100E+02 -8.4714340E-03  4.6651595E-03  3.5730994E-03 -5.7094264E-04  0.0000000E+00
  2.0139100E+02 -8.1897129E-03  4.5088201E-03  3.3274307E-03 -6.5587257E-04  0.0000000E+00
  2.0139100E+02 -7.9159059E-03  4.3221737E-03  3.1136517E-03 -7.3276917E-04  0.0000000E+00
  2.0139100E+02 -7.6472514E-03  4.1338505E-03  2.9375543E-03 -8.0247625E-04  0.0000000E+00
  2.0139100E+02 -7.3784971E-03  3.9653002E-03  2.7999349E-03 -8.6593522E-04  0.0000000E+00
  2.0139100E+02 -7.1067275E-03  3.8275408E-03  2.6960563E-03 -9.2375734E-04  0.0000000E+00
  2.0139100E+02 -6.8322246E-03  3.7191932E-03  2.6153875E-03 -9.7653623E-04  0.0000000E+00
  2.0139100E+02 -6.5591987E-03  3.6291826E-03  2.5444868E-03 -1.0247785E-03  0.0000000E+00
  2.0139100E+02 -6.2962886E-03  3.5424722E-03  2.4717693E-03 -1.0686125E-03  0.0000000E+00
  2.0139100E+02 -6.0504527E-03  3.4453831E-03  2.3920190E-03 -1.1082695E-03  0.0000000E+00
  2.0139100E+02 -5.8229635E-03  3.3300091E-03  2.3112264E-03 -1.1437621E-03  0.0000000E+00
  2.0139100E+02 -5.6031608E-03  3.1917154E-03  2.2483640E-03 -1.1745659E-03  0.0000000E+00
  2.0139100E+02 -5.3588824E-03  3.0109540E-03  2.2292417E-03 -1.1994619E-03  0.0000000E+00
  2.0139100E+02 -5.2072090E-03  2.7155587E-03  2.1413325E-03 -1.2190715E-03  0.0000000E+00
  2.0139100E+02 -5.0072185E-03  2.4960621E-03  2.1115748E-03 -1.2328724E-03  0.0000000E+00
  2.0139100E+02 -4.7974675E-03  2.3288290E-03  2.0960378E-03 -1.2416259E-03  0.0000000E+00
  2.0139100E+02 -4.5982068E-03  2.2016101E-03  2.0744913E-03 -1.2463744E-03  0.0000000E+00
  2.0139100E+02 -4.4180555E-03  2.1094439E-03  2.0425138E-03 -1.2481172E-03  0.0000000E+00
  2.0139100E+02 -4.2570959E-03  2.0487874E-03  2.0042114E-03 -1.2476920E-03  0.0000000E+00
  2.0139100E+02 -4.1122332E-03  2.0147490E-03  1.9667358E-03 -1.2456581E-03  0.0000000E+00
  2.0139100E+02 -3.9786809E-03  1.9988343E-03  1.9357366E-03 -1.2422396E-03  0.0000000E+00
  2.0139100E+02 -3.8535117E-03  1.9895982E-03  1.9135055E-03 -1.2373386E-03  0.0000000E+00
  2.0139100E+02 -3.7376126E-03  1.9742700E-03  1.8987173E-03 -1.2306721E-03  0.0000000E+00
  2.0139100E+02 -3.6337912E-03  1.9418502E-03  1.8873409E-03 -1.2218487E-03  0.0000000E+00
  2.0139100E+02 -3.5453406E-03  1.8865834E-03  1.8750107E-03 -1.2104634E-03  0.0000000E+00
  2.0139100E+02 -3.4742744E-03  1.8122651E-03  1.8594838E-03 -1.1964066E-03  0.0000000E+00
  2.0139100E+02 -3.4144561E-03  1.7325659E-03  1.8412541E-03 -1.1796132E-03  0.0000000E+00
  2.0139100E+02 -3.3469093E-03  1.6700394E-03  1.8214016E-03 -1.1600705E-03  0.0000000E+00
  2.0139100E+02 -3.2336026E-03  1.6485811E-03  1.7937955E-03 -1.1376681E-03  0.0000000E+00
  2.0139100E+02 -3.1859924E-03  1.5329765E-03  1.7155755E-03 -1.1142833E-03  0.0000000E+00
  2.0139100E+02 -3.0856179E-03  1.4494796E-03  1.6636879E-03 -1.0878968E-03  0.0000000E+00
  2.0139100E+02 -2.9777096E-03  1.3604149E-03  1.6146772E-03 -1.0592280E-03  0.0000000E+00
  2.0139100E+02 -2.8809330E-03  1.2618272E-03  1.5553594E-03 -1.0290425E-03  0.0000000E+00
  2.0139100E+02 -2.7975606E-03  1.1658899E-03  1.4813100E-03 -9.9802162E-04  0.0000000E+00
  2.0139100E+02 -2.7217400E-03  1.0875200E-03  1.3946548E-03 -9.6661729E-04  0.0000000E+00
  2.0139100E+02 -2.6465621E-03  1.0365875E-03  1.3027404E-03 -9.3535843E-04  0.0000000E+00
  2.0139100E+02 -2.5664995E-03  1.0126407E-03  1.2137380E-03 -9.0418818E-04  0.0000000E+00
  2.0139100E+02 -2.4808715E-03  1.0066485E-03  1.1362116E-03 -8.7318836E-04  0.0000000E+00
  2.0139100E+02 -2.3929261E-03  1.0040279E-03  1.0760759E-03 -8.4231637E-04  0.0000000E+00
  2.0139100E+02 -2.3084305E-03  9.9071871E-04  1.0354276E-03 -8.1161964E-04  0.0000000E+00
  2.0139100E+02 -2.2324825E-03  9.5950213E-04  1.0119265E-03 -7.8117906E-04  0.0000000E+00
  2.0139100E+02 -2.1665792E-03  9.1409263E-04  1.0001160E-03 -7.5114503E-04  0.0000000E+00
  2.0139100E+02 -2.1067480E-03  8.6868123E-04  9.9460322E-04 -7.2182122E-04  0.0000000E+00
  2.0139100E+02 -2.0435201E-03  8.3901175E-04  9.9568718E-04 -6.9355483E-04  0.0000000E+00
  2.0139100E+02 -1.9649095E-03  8.2019774E-04  1.0183465E-03 -6.6607807E-04  0.0000000E+00
  2.0139100E+02 -1.9434840E-03  7.2263106E-04  1.0006242E-03 -6.3928981E-04  0.0000000E+00
  2.0139100E+02 -1.8943271E-03  6.9647552E-04  9.8313747E-04 -6.1190508E-04  0.0000000E+00
  2.0139100E+02 -1.8408107E-03  6.9028959E-04  9.5666794E-04 -5.8382417E-04  0.0000000E+00
  2.0139100E+02 -1.7930244E-03  6.8212922E-04  9.2108941E-04 -5.5447743E-04  0.0000000E+00
  2.0139100E+02 -1.7527790E-03  6.6649291E-04  8.8182798E-04 -5.2340524E-04  0.0000000E+00
  2.0139100E+02 -1.7170171E-03  6.4487750E-04  8.4614487E-04 -4.9018918E-04  0.0000000E+00
  2.0139100E+02 -1.6813162E-03  6.1984972E-04  8.2074619E-04 -4.5480433E-04  0.0000000E+00
  2.0139100E+02 -1.6421046E-03  5.9217862E-04  8.0978896E-04 -4.1764976E-04  0.0000000E+00
  2.0139100E+02 -1.5977808E-03  5.6032218E-04  8.1365514E-04 -3.7926148E-04  0.0000000E+00
  2.0139100E+02 -1.5493232E-03  5.2205097E-04  8.2879222E-04 -3.4037018E-04  0.0000000E+00
  2.0139100E+02 -1.4999393E-03  4.7701759E-04  8.4817785E-04 -3.0180660E-04  0.0000000E+00
  2.0139100E+02 -1.4531941E-03  4.2854888E-04  8.6313327E-04 -2.6392697E-04  0.0000000E+00
  2.0139100E+02 -1.4115066E-03  3.8491217E-04  8.6560666E-04 -2.2697120E-04  0.0000000E+00
  2.0139100E+02 -1.3733851E-03  3.5710058E-04  8.5180545E-04 -1.9111352E-04  0.0000000E+00
  2.0139100E+02 -1.3298216E-03  3.5150932E-04  8.2656711E-04 -1.5635674E-04  0.0000000E+00
  2.0139100E+02 -1.2614673E-03  3.5669020E-04  8.0884149E-04 -1.2361770E-04  0.0000000E+00
  2.0139100E+02 -1.2361676E-03  3.2236575E-04  7.5619200E-04 -9.1174455E-05  0.0000000E+00
  2.0139100E+02 -1.1933842E-03  3.0391260E-04  7.1997787E-04 -6.0246216E-05  0.0000000E+00
  2.0139100E+02 -1.1466705E-03  2.8480090E-04  6.9181105E-04 -2.9942916E-05  0.0000000E+00
  2.0139100E+02 -1.1003735E-03  2.6210998E-04  6.6695465E-04  2.7205645E-07  0.0000000E+00
  2.0139100E+02 -1.0538382E-03  2.3854940E-04  6.4316153E-04  3.0918163E-05  0.0000000E+00
  2.0139100E+02 -1.0052828E-03  2.1766565E-04  6.2007989E-04  6.2163003E-05  0.0000000E+00
  2.0139100E+02 -9.5311452E-04  2.0077819E-04  5.9804562E-04  9.4346530E-05  0.0000000E+00
  2.0139100E+02 -8.9709829E-04  1.8647396E-04  5.7752933E-04  1.2785273E-04  0.0000000E+00
  2.0139100E+02 -8.3906096E-04  1.7155465E-04  5.5882229E-04  1.6275151E-04  0.0000000E+00
  2.0139100E+02 -7.8151284E-04  1.5258273E-04  5.4140927E-04  1.9927159E-04  0.0000000E+00
  2.0139100E+02 -7.2720222E-04  1.2804861E-04  5.2410038E-04  2.3746836E-04  0.0000000E+00
  2.0139100E+02 -6.7794753E-04  9.9887609E-05  5.0520038E-04  2.7728598E-04  0.0000000E+00
  2.0139100E+02 -6.3418929E-04  7.4034932E-05  4.8320961E-04  3.1822260E-04  0.0000000E+00
  2.0139100E+02 -5.9430142E-04  5.8380671E-05  4.5758456E-04  3.5967479E-04  0.0000000E+00
  2.0139100E+02 -5.5576417E-04  5.8168391E-05  4.3027063E-04  4.0056261E-04  0.0000000E+00
  2.0139100E+02 -5.1697109E-04  6.7140892E-05  4.0729226E-04  4.3965300E-04  0.0000000E+00
  2.0139100E+02 -4.9568706E-04  5.3584442E-05  3.6709936E-04  4.7709875E-04  0.0000000E+00
  2.0139100E+02 -4.6816337E-04  4.9145855E-05  3.3523734E-04  5.1211935E-04  0.0000000E+00
  2.0139100E+02 -4.3814379E-04  4.2800748E-05  3.0838950E-04  5.4499261E-04  0.0000000E+00
  2.0139100E+02 -4.0762515E-04  3.1865701E-05  2.8434907E-04  5.7593356E-04  0.0000000E+00
  2.0139100E+02 -3.7750357E-04  1.7908175E-05  2.6175240E-04  6.0511015E-04  0.0000000E+00
  2.0139100E+02 -3.4826424E-04  3.9705119E-06  2.3997668E-04  6.3248405E-04  0.0000000E+00
  2.0139100E+02 -3.1997548E-04 -7.3931298E-06  2.1868893E-04  6.5816422E-04  0.0000000E+00
  2.0139100E+02 -2.9287531E-04 -1.4853062E-05  1.9798842E-04  6.8206700E-04  0.0000000E+00
  2.0139100E+02 -2.6713260E-04 -1.8614658E-05  1.7805780E-04  7.0423354E-04  0.0000000E+00
  2.0139100E+02 -2.4303476E-04 -1.9975552E-05  1.5924172E-04  7.2466827E-04  0.0000000E+00
  2.0139100E+02 -2.2090986E-04 -2.0650220E-05  1.4201071E-04  7.4335753E-04  0.0000000E+00
  2.0139100E+02 -2.0091153E-04 -2.1947881E-05  1.2687464E-04  7.6036044E-04  0.0000000E+00
  2.0139100E+02 -1.8307464E-04 -2.4036966E-05  1.1453372E-04  7.7565465E-04  0.0000000E+00
  2.0139100E+02 -1.6697234E-04 -2.5568453E-05  1.0574457E-04  7.8932960E-04  0.0000000E+00
  2.0139100E+02 -1.5197677E-04 -2.3795244E-05  1.0157145E-04  8.0129669E-04  0.0000000E+00
  2.0139100E+02 -1.3697919E-04 -1.5512575E-05  1.0326866E-04  8.1151239E-04  0.0000000E+00
