          atime         vdf_uu         vdf_vv         vdf_ww         pm1avg           tavg
  2.0139100E+02  4.5117421E-02 -3.4311869E-05  1.7537721E-02  2.0670824E-03  0.0000000E+00
  2.0139100E+02  4.5036185E-02 -2.9999574E-05  1.7171899E-02  2.0670472E-03  0.0000000E+00
  2.0139100E+02  4.4850270E-02 -1.6642131E-05  1.6111523E-02  2.0669440E-03  0.0000000E+00
  2.0139100E+02  4.4679478E-02  7.0006543E-06  1.4460686E-02  2.0667770E-03  0.0000000E+00
  2.0139100E+02  4.4575451E-02  4.2791999E-05  1.2372121E-02  2.0665406E-03  0.0000000E+00
  2.0139100E+02  4.4391104E-02  9.2608245E-05  1.0022653E-02  2.0661908E-03  0.0000000E+00
  2.0139100E+02  4.3732337E-02  1.5708653E-04  7.5942514E-03  2.0655932E-03  0.0000000E+00
  2.0139100E+02  4.2034385E-02  2.3409550E-04  5.2582471E-03  2.0644483E-03  0.0000000E+00
  2.0139100E+02  3.8734814E-02  3.1763086E-04  3.1655785E-03  2.0622097E-03  0.0000000E+00
  2.0139100E+02  3.3454711E-02  3.9818080E-04  1.4355567E-03  2.0580195E-03  0.0000000E+00
  2.0139100E+02  2.6098917E-02  4.6522846E-04  1.3775419E-04  2.0506942E-03  0.0000000E+00
  2.0139100E+02  1.6868393E-02  5.1135467E-04 -7.2916567E-04  2.0387831E-03  0.0000000E+00
  2.0139100E+02  6.3187047E-03  5.3542751E-04 -1.2401758E-03  2.0206817E-03  0.0000000E+00
  2.0139100E+02 -4.3333676E-03  5.4103171E-04 -1.4975753E-03  1.9947349E-03  0.0000000E+00
  2.0139100E+02 -1.2758507E-02  5.2884103E-04 -1.5371168E-03  1.9594330E-03  0.0000000E+00
  2.0139100E+02 -1.6667741E-02  4.9312656E-04 -1.3198054E-03  1.9133342E-03  0.0000000E+00
  2.0139100E+02 -2.1545473E-02  4.6254919E-04 -1.2644385E-03  1.8556722E-03  0.0000000E+00
  2.0139100E+02 -2.0372239E-02  3.9541449E-04 -1.1243389E-03  1.7853033E-03  0.0000000E+00
  2.0139100E+02 -1.8003480E-02  3.3697134E-04 -9.5376400E-04  1.7028636E-03  0.0000000E+00
  2.0139100E+02 -1.5090886E-02  2.8588231E-04 -7.9965051E-04  1.6085659E-03  0.0000000E+00
  2.0139100E+02 -1.2129507E-02  2.4031955E-04 -6.8775372E-04  1.5030213E-03  0.0000000E+00
  2.0139100E+02 -9.4291679E-03  1.9809159E-04 -6.2281364E-04  1.3869483E-03  0.0000000E+00
  2.0139100E+02 -7.1359868E-03  1.5719711E-04 -5.9347489E-04  1.2615491E-03  0.0000000E+00
  2.0139100E+02 -5.2633392E-03  1.1609499E-04 -5.7971080E-04  1.1280569E-03  0.0000000E+00
  2.0139100E+02 -3.7586663E-03  7.4235146E-05 -5.6192789E-04  9.8811002E-04  0.0000000E+00
  2.0139100E+02 -2.5580105E-03  3.2245340E-05 -5.2860965E-04  8.4348597E-04  0.0000000E+00
  2.0139100E+02 -1.6262739E-03 -8.0017784E-06 -4.8013077E-04  6.9611931E-04  0.0000000E+00
  2.0139100E+02 -9.5967191E-04 -4.3621205E-05 -4.2659609E-04  5.4808123E-04  0.0000000E+00
  2.0139100E+02 -5.4558463E-04 -7.1327772E-05 -3.7919573E-04  4.0122239E-04  0.0000000E+00
  2.0139100E+02 -3.0348811E-04 -8.8130435E-05 -3.3845002E-04  2.5739823E-04  0.0000000E+00
  2.0139100E+02 -6.3927727E-05 -9.2139816E-05 -2.8772469E-04  1.1792286E-04  0.0000000E+00
  2.0139100E+02  2.8196665E-04 -8.2676903E-05 -2.1017545E-04 -1.6139191E-05  0.0000000E+00
  2.0139100E+02  2.4096875E-04 -5.9053892E-05 -1.5943094E-04 -1.4369802E-04  0.0000000E+00
  2.0139100E+02  4.1928578E-04 -7.2605282E-05 -1.9357137E-04 -2.6353396E-04  0.0000000E+00
  2.0139100E+02  7.0669571E-04 -6.3295320E-05 -1.5345403E-04 -3.7499437E-04  0.0000000E+00
  2.0139100E+02  9.5228620E-04 -4.4140519E-05 -9.2652648E-05 -4.7748410E-04  0.0000000E+00
  2.0139100E+02  1.0829072E-03 -2.4275022E-05 -4.1107724E-05 -5.7094264E-04  0.0000000E+00
  2.0139100E+02  1.0846548E-03 -9.1599868E-06 -1.0582566E-05 -6.5587257E-04  0.0000000E+00
  2.0139100E+02  9.8241943E-04 -1.1314756E-06 -8.2278337E-07 -7.3276917E-04  0.0000000E+00
  2.0139100E+02  8.2004188E-04  3.1411085E-08 -5.1346002E-06 -8.0247625E-04  0.0000000E+00
  2.0139100E+02  6.4227406E-04 -3.7864489E-06 -1.5432636E-05 -8.6593522E-04  0.0000000E+00
  2.0139100E+02  4.8355140E-04 -9.8967781E-06 -2.5471660E-05 -9.2375734E-04  0.0000000E+00
  2.0139100E+02  3.6107744E-04 -1.5668738E-05 -3.2271893E-05 -9.7653623E-04  0.0000000E+00
  2.0139100E+02  2.7601944E-04 -1.9252473E-05 -3.5523103E-05 -1.0247785E-03  0.0000000E+00
  2.0139100E+02  2.2088789E-04 -2.0002332E-05 -3.5512645E-05 -1.0686125E-03  0.0000000E+00
  2.0139100E+02  1.8829708E-04 -1.8541145E-05 -3.0882991E-05 -1.1082695E-03  0.0000000E+00
  2.0139100E+02  1.7775169E-04 -1.6182686E-05 -1.8316806E-05 -1.1437621E-03  0.0000000E+00
  2.0139100E+02  1.8844964E-04 -1.3667068E-05  2.1031967E-06 -1.1745659E-03  0.0000000E+00
  2.0139100E+02  1.8424919E-04 -8.9363889E-06  1.1090031E-05 -1.1994619E-03  0.0000000E+00
  2.0139100E+02  1.8710799E-04 -5.5078597E-06 -3.3003560E-05 -1.2190715E-03  0.0000000E+00
  2.0139100E+02  2.0620714E-04  6.0083272E-06 -1.1924983E-05 -1.2328724E-03  0.0000000E+00
  2.0139100E+02  2.0293860E-04  1.6450188E-05  1.9801765E-05 -1.2416259E-03  0.0000000E+00
  2.0139100E+02  1.7316182E-04  2.1795283E-05  3.8755702E-05 -1.2463744E-03  0.0000000E+00
  2.0139100E+02  1.3007789E-04  2.1470473E-05  4.0992907E-05 -1.2481172E-03  0.0000000E+00
  2.0139100E+02  9.0605359E-05  1.6940375E-05  3.2509438E-05 -1.2476920E-03  0.0000000E+00
  2.0139100E+02  6.6314174E-05  1.0464677E-05  2.1769524E-05 -1.2456581E-03  0.0000000E+00
  2.0139100E+02  5.8527635E-05  4.0474702E-06  1.4686413E-05 -1.2422396E-03  0.0000000E+00
  2.0139100E+02  5.9094548E-05 -1.1578861E-06  1.2617142E-05 -1.2373386E-03  0.0000000E+00
  2.0139100E+02  5.4764124E-05 -5.0562610E-06  1.2819265E-05 -1.2306721E-03  0.0000000E+00
  2.0139100E+02  3.4696260E-05 -8.5315186E-06  1.0931884E-05 -1.2218487E-03  0.0000000E+00
  2.0139100E+02 -1.9251634E-06 -1.2897803E-05  4.4250150E-06 -1.2104634E-03  0.0000000E+00
  2.0139100E+02 -4.0508019E-05 -1.9009303E-05 -4.6275437E-06 -1.1964066E-03  0.0000000E+00
  2.0139100E+02 -5.4903495E-05 -2.6390542E-05 -1.0159020E-05 -1.1796132E-03  0.0000000E+00
  2.0139100E+02 -2.3540940E-05 -3.2225914E-05 -8.7461711E-06 -1.1600705E-03  0.0000000E+00
  2.0139100E+02  3.0341342E-05 -3.0710121E-05 -1.6980150E-05 -1.1376681E-03  0.0000000E+00
  2.0139100E+02 -6.9602953E-06 -3.7001439E-05 -4.8098252E-05 -1.1142833E-03  0.0000000E+00
  2.0139100E+02 -5.4031387E-07 -3.3429668E-05 -2.6578603E-05 -1.0878968E-03  0.0000000E+00
  2.0139100E+02  7.1995633E-06 -2.7564351E-05  9.4255438E-08 -1.0592280E-03  0.0000000E+00
  2.0139100E+02  3.1903901E-06 -2.2535726E-05  1.4791595E-05 -1.0290425E-03  0.0000000E+00
  2.0139100E+02 -9.5482134E-06 -1.8878410E-05  1.7374315E-05 -9.9802162E-04  0.0000000E+00
  2.0139100E+02 -2.2251341E-05 -1.5966883E-05  1.4446994E-05 -9.6661729E-04  0.0000000E+00
  2.0139100E+02 -2.7362336E-05 -1.3033710E-05  1.2480051E-05 -9.3535843E-04  0.0000000E+00
  2.0139100E+02 -2.2553242E-05 -9.6549611E-06  1.4080135E-05 -9.0418818E-04  0.0000000E+00
  2.0139100E+02 -1.1287959E-05 -5.9572667E-06  1.7362562E-05 -8.7318836E-04  0.0000000E+00
  2.0139100E+02 -1.1196188E-06 -2.4140080E-06  1.7623355E-05 -8.4231637E-04  0.0000000E+00
  2.0139100E+02 -4.6697014E-09  5.1420915E-07  1.0615879E-05 -8.1161964E-04  0.0000000E+00
  2.0139100E+02 -1.1814785E-05  2.7878320E-06 -3.9023941E-06 -7.8117906E-04  0.0000000E+00
  2.0139100E+02 -3.2785630E-05  4.9622708E-06 -2.0090480E-05 -7.5114503E-04  0.0000000E+00
  2.0139100E+02 -5.0301601E-05  7.8680081E-06 -2.7153181E-05 -7.2182122E-04  0.0000000E+00
  2.0139100E+02 -4.6562654E-05  1.1437101E-05 -1.6560607E-05 -6.9355483E-04  0.0000000E+00
  2.0139100E+02 -9.8945574E-06  1.2317353E-05  1.9498786E-06 -6.6607807E-04  0.0000000E+00
  2.0139100E+02 -4.0477673E-05  9.8713737E-06 -4.2520243E-05 -6.3928981E-04  0.0000000E+00
  2.0139100E+02 -3.4756062E-05  1.1491638E-05 -2.6012163E-05 -6.1190508E-04  0.0000000E+00
  2.0139100E+02 -2.0745552E-05  1.2893209E-05  2.0493929E-06 -5.8382417E-04  0.0000000E+00
  2.0139100E+02 -1.0125608E-05  1.2624077E-05  2.0926841E-05 -5.5447743E-04  0.0000000E+00
  2.0139100E+02 -5.1169369E-06  1.0862146E-05  2.6549749E-05 -5.2340524E-04  0.0000000E+00
  2.0139100E+02 -3.4725185E-06  8.4844635E-06  2.2856362E-05 -4.9018918E-04  0.0000000E+00
  2.0139100E+02 -2.0707877E-06  6.4098739E-06  1.5560847E-05 -4.5480433E-04  0.0000000E+00
  2.0139100E+02  1.0977057E-06  5.2050443E-06  8.7633000E-06 -4.1764976E-04  0.0000000E+00
  2.0139100E+02  6.2301511E-06  4.9179633E-06  3.7082214E-06 -3.7926148E-04  0.0000000E+00
  2.0139100E+02  1.1995397E-05  5.1353281E-06 -6.0732462E-07 -3.4037018E-04  0.0000000E+00
  2.0139100E+02  1.6438007E-05  5.1803244E-06 -5.7701860E-06 -3.0180660E-04  0.0000000E+00
  2.0139100E+02  1.8119467E-05  4.4177374E-06 -1.2054620E-05 -2.6392697E-04  0.0000000E+00
  2.0139100E+02  1.6719256E-05  2.5688729E-06 -1.7131040E-05 -2.2697120E-04  0.0000000E+00
  2.0139100E+02  1.2690747E-05 -1.8897552E-08 -1.6680674E-05 -1.9111352E-04  0.0000000E+00
  2.0139100E+02  5.0022577E-06 -2.3154155E-06 -8.2035498E-06 -1.5635674E-04  0.0000000E+00
  2.0139100E+02 -1.3672714E-05 -2.7914593E-06  5.3120201E-07 -1.2361770E-04  0.0000000E+00
  2.0139100E+02 -1.6613061E-05 -1.3661584E-05 -1.4119469E-05 -9.1174455E-05  0.0000000E+00
  2.0139100E+02 -1.1295330E-05 -1.5182461E-05 -8.3443483E-06 -6.0246216E-05  0.0000000E+00
  2.0139100E+02 -5.8572383E-06 -1.2108512E-05 -4.6200596E-07 -2.9942916E-05  0.0000000E+00
  2.0139100E+02 -2.7411104E-06 -7.8522230E-06  3.2913558E-06  2.7205645E-07  0.0000000E+00
  2.0139100E+02 -1.4574231E-06 -4.4416376E-06  3.0841341E-06  3.0918163E-05  0.0000000E+00
  2.0139100E+02 -6.1151997E-07 -2.7171847E-06  1.4287009E-06  6.2163003E-05  0.0000000E+00
  2.0139100E+02  8.5914788E-07 -2.5477941E-06  6.6262751E-07  9.4346530E-05  0.0000000E+00
  2.0139100E+02  3.0846184E-06 -3.2268523E-06  1.7466249E-06  1.2785273E-04  0.0000000E+00
  2.0139100E+02  5.1996633E-06 -3.8382801E-06  4.1009450E-06  1.6275151E-04  0.0000000E+00
  2.0139100E+02  5.7768461E-06 -3.6310401E-06  6.2040505E-06  1.9927159E-04  0.0000000E+00
  2.0139100E+02  3.5046950E-06 -2.2958148E-06  6.5703280E-06  2.3746836E-04  0.0000000E+00
  2.0139100E+02 -1.9912976E-06 -9.5744864E-08  4.7165081E-06  2.7728598E-04  0.0000000E+00
  2.0139100E+02 -9.3142083E-06  2.1973801E-06  1.7104358E-06  3.1822260E-04  0.0000000E+00
  2.0139100E+02 -1.4796366E-05  3.6977686E-06 -2.3441559E-07  3.5967479E-04  0.0000000E+00
  2.0139100E+02 -1.2366044E-05  4.1310898E-06  4.3329049E-07  4.0056261E-04  0.0000000E+00
  2.0139100E+02  5.8760641E-06  5.0295784E-06  8.0420243E-07  4.3965300E-04  0.0000000E+00
  2.0139100E+02 -4.3592739E-06  4.1473704E-06 -4.6628674E-06  4.7709875E-04  0.0000000E+00
  2.0139100E+02 -9.4910522E-07  2.9460624E-06  7.2564165E-07  5.1211935E-04  0.0000000E+00
  2.0139100E+02  5.2608835E-06  1.6920813E-06  5.9306210E-06  5.4499261E-04  0.0000000E+00
  2.0139100E+02  9.4414786E-06  5.1241031E-07  7.6426209E-06  5.7593356E-04  0.0000000E+00
  2.0139100E+02  1.0361395E-05 -5.1611991E-07  6.5333440E-06  6.0511015E-04  0.0000000E+00
  2.0139100E+02  8.6231958E-06 -1.3209303E-06  4.6481339E-06  6.3248405E-04  0.0000000E+00
  2.0139100E+02  5.4929014E-06 -1.8423781E-06  3.7675695E-06  6.5816422E-04  0.0000000E+00
  2.0139100E+02  2.2307642E-06 -2.0445480E-06  4.6318304E-06  6.8206700E-04  0.0000000E+00
  2.0139100E+02 -2.3713270E-07 -1.9515159E-06  6.8085906E-06  7.0423354E-04  0.0000000E+00
  2.0139100E+02 -1.3284850E-06 -1.6654054E-06  9.0631113E-06  7.2466827E-04  0.0000000E+00
  2.0139100E+02 -6.9411748E-07 -1.3666341E-06  1.0006312E-05  7.4335753E-04  0.0000000E+00
  2.0139100E+02  1.9233184E-06 -1.2703853E-06  8.8431979E-06  7.6036044E-04  0.0000000E+00
  2.0139100E+02  6.7073612E-06 -1.5287279E-06  5.9879269E-06  7.7565465E-04  0.0000000E+00
  2.0139100E+02  1.3611892E-05 -2.0610575E-06  3.3099861E-06  7.8932960E-04  0.0000000E+00
  2.0139100E+02  2.1684770E-05 -2.2876845E-06  3.8939691E-06  8.0129669E-04  0.0000000E+00
  2.0139100E+02  2.8085734E-05 -7.6730566E-07  1.0950199E-05  8.1151239E-04  0.0000000E+00
